name,relative_counts,ct,ct_0,barcode,ct_1,barcode_ind
yagB_insX_yagA_predicted,2.0736196319018405,499,162,TCCAAATGGGCAGTTGATAA,337,4436318
yagB_insX_yagA_predicted,2.1751824817518246,433,136,TCATGGATACGATTGTTTTC,297,4456932
yagB_insX_yagA_predicted,0.024193548387096774,125,123,GCCTACGTTTAATATCCTTG,2,4436380
yagB_insX_yagA_predicted,0.02608695652173913,116,114,CCAACCAGACAAATCCCCAA,2,4436614
yagB_insX_yagA_predicted,3.36697247706422,474,108,CCCCGTTGTTGCTGCATTTA,366,4448173
yagB_insX_yagA_predicted,0.028037383177570093,108,106,TACTTAAAGCGGATTGGTGT,2,4453809
yagB_insX_yagA_predicted,0.01904761904761905,105,104,ACGGGAGTGCCAAATCCTTT,1,4454969
yagB_insX_yagA_predicted,0.029411764705882353,103,101,GCGGAGTTGATAGGTAAGTG,2,4438713
yagB_insX_yagA_predicted,3.12,410,99,TCGTAGTCATATTGTTATTG,311,4467267
yagB_insX_yagA_predicted,0.6262626262626263,159,98,TTAGGAACAGAAAAGGGGTT,61,4436248
yagB_insX_yagA_predicted,0.020833333333333332,96,95,GTGAATGGTGTAGTCGGAAT,1,4453826
yagB_insX_yagA_predicted,2.129032258064516,289,92,CCGGGCCGTCCCTTATCGCT,197,4455151
yagB_insX_yagA_predicted,0.043478260869565216,94,91,AGGCCCCCTCAGCTGACCCT,3,4454306
yagB_insX_yagA_predicted,0.03296703296703297,92,90,ACCACCACCGGCACTGGAGG,2,4441967
yagB_insX_yagA_predicted,0.022988505747126436,87,86,CCCCCATCGACGACGCGCAT,1,4465619
yagB_insX_yagA_predicted,5.325581395348837,542,85,GCGAGCGATCTCTCCACTGG,457,4449556
yagB_insX_yagA_predicted,0.023529411764705882,85,84,TCCCCAACATTTCGCTGTGA,1,4464438
yagB_insX_yagA_predicted,0.023529411764705882,85,84,CCGTCTCTAGGATTGCCACA,1,4452192
yagB_insX_yagA_predicted,4.305882352941176,449,84,AAGGGTCAATGGGTAAACAT,365,4439646
yagB_insX_yagA_predicted,2.493827160493827,281,80,ATCATACGTGGACGAATTTA,201,4436457
yagB_insX_yagA_predicted,0.025,80,79,CTTTCAGCGCGCAGGCCCTC,1,4436346
yagB_insX_yagA_predicted,4.405063291139241,425,78,CGGGATTGACGAAGTTATTA,347,4463608
yagB_insX_yagA_predicted,0.4430379746835443,112,78,CAGTCTCAAGGCTGGGTGAC,34,4440291
yagB_insX_yagA_predicted,1.5512820512820513,197,77,GTGCGTTGCCCTCGCAACGA,120,4438420
yagB_insX_yagA_predicted,0.025974025974025976,77,76,GAAAATAGACCAAATTTTAA,1,4445280
yagB_insX_yagA_predicted,0.4675324675324675,111,76,AAGCCGCATTTAGATGACAG,35,4439173
yagB_insX_yagA_predicted,1.1095890410958904,152,72,CTAGTTTCGGTGCTACCCAC,80,4457594
yagB_insX_yagA_predicted,0.9861111111111112,141,71,GTGGGGGACAACCGAACTTT,70,4450831
yagB_insX_yagA_predicted,0.027777777777777776,72,71,GTCAATCGAGACGCGCCTGG,1,4436707
yagB_insX_yagA_predicted,1.0833333333333333,148,71,GGTCAGGTAAGTTTTAATCG,77,4438291
yagB_insX_yagA_predicted,0.028169014084507043,71,70,GCGCTATCGAATTGGTAAGG,1,4445711
yagB_insX_yagA_predicted,0.028169014084507043,71,70,AATTGGCTTTTCGAGCTTCA,1,4445763
yagB_insX_yagA_predicted,0.02857142857142857,70,69,CGATTCTAGGTCATGATCAC,1,4442385
yagB_insX_yagA_predicted,0.028985507246376812,69,68,AAGCACACAGCCACTCATGT,1,4459113
yagB_insX_yagA_predicted,0.029850746268656716,67,66,CAGCTGAGTGGGGTCCCGTA,1,4436582
yagB_insX_yagA_predicted,0.030303030303030304,66,65,TTGGACCCGCGATGAAGGCG,1,4442834
yagB_insX_yagA_predicted,0.030303030303030304,66,65,AGACGTGGAGCCAGTCTAGA,1,4436824
yagB_insX_yagA_predicted,4.061538461538461,327,64,TGACCCCAACGCATCAAAAT,263,4442965
yagB_insX_yagA_predicted,0.03125,64,63,CATGGGTACGTGGACAAAAC,1,4462277
yagB_insX_yagA_predicted,2.6984126984126986,231,62,TCACAGGTTGCTCTGGTTGT,169,4454831
yagB_insX_yagA_predicted,1.3174603174603174,144,62,GCTTATGCCGAGGATACCTG,82,4437721
yagB_insX_yagA_predicted,3.3015873015873014,269,62,ATCGCAGCACACGTAAATTA,207,4450872
yagB_insX_yagA_predicted,3.225806451612903,260,61,TCGCAGCGCTGACGGTACAG,199,4443396
yagB_insX_yagA_predicted,6.17741935483871,443,61,GTACCCTCCCACCTGATGGG,382,4441306
yagB_insX_yagA_predicted,0.03225806451612903,62,61,ACTATAATTTCAATTGTGGT,1,4465215
yagB_insX_yagA_predicted,0.03278688524590164,61,60,GCAGACATTACGTAACACCC,1,4467416
yagB_insX_yagA_predicted,0.06666666666666667,62,59,AACAAAACACGTCCAACGAA,3,4443539
yagB_insX_yagA_predicted,0.03389830508474576,59,58,CTGCAAATGAAGCCTGCAGT,1,4436886
yagB_insX_yagA_predicted,2.8983050847457625,228,58,AAGGTACCCCCGATTGCAAT,170,4437810
yagB_insX_yagA_predicted,0.05172413793103448,59,57,TGGATCCTATTCGGGCCATG,2,4472056
yagB_insX_yagA_predicted,0.034482758620689655,58,57,GTATATCGTGAGGGCCAAAA,1,4439624
yagB_insX_yagA_predicted,6.448275862068965,430,57,GGGATGCCGCGTTCTAACAG,373,4450682
yagB_insX_yagA_predicted,0.05172413793103448,59,57,CGCGCTTCCAAAGATGACGA,2,4451754
yagB_insX_yagA_predicted,7.017241379310345,463,57,CATTGCGTGTAATTGCTCTT,406,4436619
yagB_insX_yagA_predicted,0.03508771929824561,57,56,GTGAAAGGGGCCAAGGATAC,1,4437003
yagB_insX_yagA_predicted,1.736842105263158,154,56,CAGGGATACGCTAGCGGTGG,98,4436033
yagB_insX_yagA_predicted,6.2105263157894735,409,56,CAATTTCGTCGAATCATTTG,353,4436634
yagB_insX_yagA_predicted,2.789473684210526,214,56,AATTGCGTGTCTGGGACAAT,158,4436411
yagB_insX_yagA_predicted,2.3392857142857144,185,55,TGGGGCGGTGTTTAGGGATA,130,4447789
yagB_insX_yagA_predicted,0.03571428571428571,56,55,GGCTAAACTAGCTTGCCAAG,1,4451183
yagB_insX_yagA_predicted,0.03571428571428571,56,55,CGAGTGTCTCTGGATGTATT,1,4465324
yagB_insX_yagA_predicted,0.03571428571428571,56,55,CACCAATGAAACTGCGGGCG,1,4438719
yagB_insX_yagA_predicted,2.4464285714285716,191,55,AACCGAGTAGCTGATGATTT,136,4441756
yagB_insX_yagA_predicted,3.5636363636363635,249,54,TAATCAGGGGCGTATCCAGT,195,4438070
yagB_insX_yagA_predicted,0.03636363636363636,55,54,CGGTAGCCGTCCACGGTCTT,1,4453014
yagB_insX_yagA_predicted,0.037037037037037035,54,53,TTCTTATGCTTCCGCGGAAT,1,4466514
yagB_insX_yagA_predicted,3.6296296296296298,248,53,TCGGCTTGTTTCACTGGAGG,195,4458419
yagB_insX_yagA_predicted,4.12962962962963,275,53,GCGGACGCCTGGCTGGAGAA,222,4461802
yagB_insX_yagA_predicted,5.222222222222222,334,53,AGATCAGGCTACGATTCGCG,281,4451136
yagB_insX_yagA_predicted,0.037037037037037035,54,53,AATTGTATGATAAATCAGTA,1,4440654
yagB_insX_yagA_predicted,7.518518518518518,458,53,AACTACCATCATGGAAATAT,405,4437387
yagB_insX_yagA_predicted,5.2075471698113205,327,52,TACCCCGTCCGTGTGAACAG,275,4437378
yagB_insX_yagA_predicted,1.9622641509433962,155,52,CTCTGAGGCACTCGGACAGC,103,4470598
yagB_insX_yagA_predicted,0.03773584905660377,53,52,AGTCCGGGTAATTTCCTGTA,1,4441460
yagB_insX_yagA_predicted,0.0392156862745098,51,50,TTTACGTGTCGTTGACGCAA,1,4442347
yagB_insX_yagA_predicted,0.0392156862745098,51,50,GCTGCTAGTCGCTCACGCTG,1,4442005
yagB_insX_yagA_predicted,0.058823529411764705,52,50,CTGCGACTTTCCCTGGTATG,2,4463855
yagB_insX_yagA_predicted,0.0392156862745098,51,50,CCAGTTCGCCGGGGAGTGAT,1,4437304
yagB_insX_yagA_predicted,0.0784313725490196,53,50,AGATAGGCATGCTTCCGGCT,3,4460168
yagB_insX_yagA_predicted,0.04,50,49,TTGTAAGGAACCCTAGATGT,1,4436058
yagB_insX_yagA_predicted,7.08,402,49,TTCTCCCCAGGGGGGCGAGA,353,4445122
yagB_insX_yagA_predicted,0.04,50,49,CGAGGCTCTTATGGTCATGA,1,4446195
yagB_insX_yagA_predicted,0.04,50,49,AGGTGCGGGTGATGCCTGAA,1,4445024
yagB_insX_yagA_predicted,5.795918367346939,331,48,AAGTTAGCTATGAGCAATAT,283,4443704
yagB_insX_yagA_predicted,0.041666666666666664,48,47,TGGTACAGTTGAATACCTTG,1,4463350
yagB_insX_yagA_predicted,2.2916666666666665,156,47,GGAATAGTCATTAAGCTAGA,109,4437676
yagB_insX_yagA_predicted,0.041666666666666664,48,47,GATAAAGATCGCGCTGAGTT,1,4452581
yagB_insX_yagA_predicted,0.041666666666666664,48,47,CGTTTAACCCGTTGTTCCAC,1,4463713
yagB_insX_yagA_predicted,7.270833333333333,395,47,CGATTTCGCGTGGGACATTT,348,4440836
yagB_insX_yagA_predicted,4.875,280,47,ATATGCCGCATTTTTAAACT,233,4456260
yagB_insX_yagA_predicted,0.041666666666666664,48,47,AGGACCCTTGCAGAAATGAA,1,4444324
yagB_insX_yagA_predicted,0.0425531914893617,47,46,GCGACTATGTAAAGTTCCAG,1,4445172
yagB_insX_yagA_predicted,3.5106382978723403,210,46,ACACAACTGCTCATGCGCCT,164,4450922
yagB_insX_yagA_predicted,0.0425531914893617,47,46,AATGCATGTGGCTGGGCCAC,1,4455680
yagB_insX_yagA_predicted,4.739130434782608,262,45,TCGTTATTTTAAAAATTATC,217,4465275
yagB_insX_yagA_predicted,5.891304347826087,315,45,GCACTACAGCGAACAAAGGA,270,4441721
yagB_insX_yagA_predicted,0.043478260869565216,46,45,GAGATTACTTGTTAATGTAC,1,4468847
yagB_insX_yagA_predicted,0.043478260869565216,46,45,CCATGTAAGCCCACTTTGAT,1,4456242
yagB_insX_yagA_predicted,0.34782608695652173,60,45,ATTGCCGGCAGACTTAAGCT,15,4446044
yagB_insX_yagA_predicted,0.043478260869565216,46,45,AAGCCCGACACATGACATTT,1,4450589
yagB_insX_yagA_predicted,5.155555555555556,275,44,TCAACATGATTTATTAGCAT,231,4450715
yagB_insX_yagA_predicted,0.044444444444444446,45,44,GGCTAGGGTTGGGCACACCT,1,4439688
yagB_insX_yagA_predicted,1.8666666666666667,127,44,GCAAGCCCCGAAAAAATTTC,83,4445253
yagB_insX_yagA_predicted,4.622222222222222,251,44,CGAAGCAGTCAACCCGAAAA,207,4451316
yagB_insX_yagA_predicted,0.044444444444444446,45,44,ATGGTGTGCGACGGTTTACG,1,4440592
yagB_insX_yagA_predicted,0.044444444444444446,45,44,AGCGCGCTCCACTGCGCAGT,1,4449404
yagB_insX_yagA_predicted,6.363636363636363,322,43,GCTTTGTTCCCGGTCGTGAT,279,4463371
yagB_insX_yagA_predicted,0.045454545454545456,44,43,GCGGCGGTCCCCCATTCTTC,1,4469433
yagB_insX_yagA_predicted,8.659090909090908,423,43,GAACAATTAACCTACTCCAC,380,4442835
yagB_insX_yagA_predicted,0.045454545454545456,44,43,CGGTACGTCTGATCGAAGGT,1,4461019
yagB_insX_yagA_predicted,0.045454545454545456,44,43,CGAAGCTGTAAGTTAAACCT,1,4444425
yagB_insX_yagA_predicted,2.159090909090909,137,43,CAATCACTTTGCAAATACTC,94,4454426
yagB_insX_yagA_predicted,6.0227272727272725,307,43,ACTATTCGGCGCTGGCGCTA,264,4436858
yagB_insX_yagA_predicted,1.7906976744186047,118,42,TGGTCAACCCTTAGGCGTAT,76,4445500
yagB_insX_yagA_predicted,6.046511627906977,301,42,GGTCGAAGTGCAGTGCGACT,259,4439566
yagB_insX_yagA_predicted,0.4418604651162791,60,42,GCTTGTGCGTGACTTTCAGA,18,4450873
yagB_insX_yagA_predicted,0.32558139534883723,55,42,CTATTGTGGCGCTTTTCAAG,13,4438743
yagB_insX_yagA_predicted,15.465116279069768,706,42,CTACTAACTCAAACGGCAGA,664,4439403
yagB_insX_yagA_predicted,0.046511627906976744,43,42,CGGCCTGACCTATAGTGTGT,1,4458655
yagB_insX_yagA_predicted,0.046511627906976744,43,42,CCCCCAGTGTGTCTGCGCGA,1,4448213
yagB_insX_yagA_predicted,2.441860465116279,146,42,CCATAAGCGCGCGGATAGTA,104,4438067
yagB_insX_yagA_predicted,2.13953488372093,133,42,AACCCTATCATTAGAAAGCT,91,4450949
yagB_insX_yagA_predicted,4.4523809523809526,227,41,TCATTTTGTAGTCCCCCAGA,186,4458855
yagB_insX_yagA_predicted,9.071428571428571,421,41,TAGCTCTAGACTCGCGGCGC,380,4456669
yagB_insX_yagA_predicted,7.071428571428571,337,41,GCAGTCTTTGGGACTTCCGA,296,4440259
yagB_insX_yagA_predicted,8.261904761904763,387,41,GAGGCATATCGGCACGTGTG,346,4450855
yagB_insX_yagA_predicted,3.238095238095238,176,41,CGCGCGACAGTGCGAATGAG,135,4464365
yagB_insX_yagA_predicted,8.142857142857142,382,41,AGTAAAGCGTGCCGGTGACG,341,4438778
yagB_insX_yagA_predicted,0.047619047619047616,42,41,ACGTGTGATAGGTGTTATTT,1,4455327
yagB_insX_yagA_predicted,9.146341463414634,414,40,TTCGATTGCTCGCCCCAGGC,374,4447245
yagB_insX_yagA_predicted,0.07317073170731707,42,40,TCCGGAACAAGCATCGTTCC,2,4448785
yagB_insX_yagA_predicted,0.04878048780487805,41,40,TATACTAATTGTCCGCTAAG,1,4436661
yagB_insX_yagA_predicted,10.512195121951219,470,40,GACCTGTAATATCATGCTCT,430,4439216
yagB_insX_yagA_predicted,0.04878048780487805,41,40,CGTCGCGGGGGACCTTTAGT,1,4452369
yagB_insX_yagA_predicted,0.04878048780487805,41,40,ACAGTAAACATGCCGAGCAT,1,4454500
yagB_insX_yagA_predicted,3.951219512195122,201,40,AAGAACGCGACATCTTTACT,161,4459362
yagB_insX_yagA_predicted,0.04878048780487805,41,40,AACCTCCGCTTGAGATTTAT,1,4453753
yagB_insX_yagA_predicted,2.125,123,39,TTCGACGACAGCGAGTCGCG,84,4466150
yagB_insX_yagA_predicted,0.05,40,39,GCGAGGTCACCAGCCTGATA,1,4468555
yagB_insX_yagA_predicted,3.15,164,39,GCCGCCTTGACCCTACGTCG,125,4443787
yagB_insX_yagA_predicted,5.375,253,39,GATAATTGATGGCAGGGTTA,214,4465746
yagB_insX_yagA_predicted,0.075,41,39,CGGGAGATGCCAGCATGGAA,2,4442675
yagB_insX_yagA_predicted,7.475,337,39,CGAACTGGTTTGTCGTCCCA,298,4458060
yagB_insX_yagA_predicted,6.275,289,39,AGAGGATTCTGACTCAAAAT,250,4454475
yagB_insX_yagA_predicted,0.05128205128205128,39,38,TCGAATGGTGATCTATAGGA,1,4467290
yagB_insX_yagA_predicted,0.05128205128205128,39,38,TCAAAAACAATCGTGGGCGC,1,4471065
yagB_insX_yagA_predicted,8.35897435897436,363,38,TACAATCCGAACCGTTCGCA,325,4465529
yagB_insX_yagA_predicted,3.358974358974359,168,38,GTGCGTCTTTATGATGAGAT,130,4458941
yagB_insX_yagA_predicted,0.05128205128205128,39,38,GGGACAGAGAAGAGGGGATA,1,4453728
yagB_insX_yagA_predicted,0.05128205128205128,39,38,GAACGACGTAACGGTGTCAG,1,4447398
yagB_insX_yagA_predicted,7.82051282051282,342,38,CCAGTCAGAGCCCGAGATGT,304,4466191
yagB_insX_yagA_predicted,0.05128205128205128,39,38,ATCATAATAACTTAATTGTC,1,4437864
yagB_insX_yagA_predicted,5.923076923076923,268,38,ATAGTCAGACCCCCTCAGCA,230,4455703
yagB_insX_yagA_predicted,6.333333333333333,284,38,AGGTTTCCTTTTCGTTGCTG,246,4464296
yagB_insX_yagA_predicted,0.05263157894736842,38,37,TTGATTGCCGTCATGTAGCC,1,4445496
yagB_insX_yagA_predicted,7.973684210526316,339,37,TTCCGAGCGTTTAATGTGAA,302,4437442
yagB_insX_yagA_predicted,8.947368421052632,376,37,TATGGCTTTGGCTTAATAAT,339,4461221
yagB_insX_yagA_predicted,0.05263157894736842,38,37,GGAACCAAGTAGCATTAACA,1,4453022
yagB_insX_yagA_predicted,0.05263157894736842,38,37,GCCCGACAGGGCAGAACTAG,1,4440981
yagB_insX_yagA_predicted,0.07894736842105263,39,37,GAAAATAATTCCAGGTTCCT,2,4437698
yagB_insX_yagA_predicted,6.2105263157894735,272,37,CTGCAGCGCCCCTCCAACTT,235,4447918
yagB_insX_yagA_predicted,6.2105263157894735,272,37,CGGCCACATTCCCAGCCATA,235,4440003
yagB_insX_yagA_predicted,3.1578947368421053,156,37,CATTATCAGCGAGCTTTAGT,119,4456281
yagB_insX_yagA_predicted,2.3421052631578947,125,37,CAGATCCCTTGTTTCTACGT,88,4441809
yagB_insX_yagA_predicted,0.05263157894736842,38,37,ATTTGGGTAACAACCTAGCA,1,4437667
yagB_insX_yagA_predicted,6.5,283,37,ATCACGTACGTTCTTAGGTT,246,4462751
yagB_insX_yagA_predicted,0.05263157894736842,38,37,ACAGGACTTTTTGATTCGGC,1,4440348
yagB_insX_yagA_predicted,0.05405405405405406,37,36,TTGTGCGGGGTTGGGGGATG,1,4467625
yagB_insX_yagA_predicted,1.837837837837838,103,36,TTCTCAAACGACTTCTCCCA,67,4445714
yagB_insX_yagA_predicted,3.054054054054054,148,36,TCTTAGTGTCAGGTGCCTTA,112,4438491
yagB_insX_yagA_predicted,0.05405405405405406,37,36,TAACAAGACTTGGCAACCTG,1,4449689
yagB_insX_yagA_predicted,5.945945945945946,255,36,GGATCCTAGACAGCTCGGAA,219,4457927
yagB_insX_yagA_predicted,1.2432432432432432,81,36,CTTTGAGAATTCAGGAAGCA,45,4466798
yagB_insX_yagA_predicted,0.08108108108108109,38,36,CGTTAGCGAGATTGGAATAG,2,4450026
yagB_insX_yagA_predicted,0.972972972972973,71,36,CGGTCCGTAGCAAGGAACTA,35,4454670
yagB_insX_yagA_predicted,0.5135135135135135,54,36,CGCAAACCCAAGGTGAACAT,18,4468305
yagB_insX_yagA_predicted,9.945945945945946,403,36,CGAATGGTACGAGATAAGGT,367,4439794
yagB_insX_yagA_predicted,10.0,405,36,CGAAGCCTACTACGAGTAAA,369,4453831
yagB_insX_yagA_predicted,1.972972972972973,108,36,CAACGGGACCTCTCGACTCC,72,4441076
yagB_insX_yagA_predicted,0.05405405405405406,37,36,AGTGGTACTTCCCTGGTCGT,1,4465724
yagB_insX_yagA_predicted,0.05405405405405406,37,36,AGCGGATGGAAAAATAGCAT,1,4460905
yagB_insX_yagA_predicted,0.40540540540540543,50,36,ACGAACCAGCTGAAAACGAT,14,4442604
yagB_insX_yagA_predicted,0.05405405405405406,37,36,ACCGTCACTCGTTTTCTTGC,1,4439751
yagB_insX_yagA_predicted,0.05405405405405406,37,36,AATTTGAGTAGCCACCCTGT,1,4465723
yagB_insX_yagA_predicted,0.05405405405405406,37,36,AATCACGGCGCAGACACTTG,1,4437471
yagB_insX_yagA_predicted,0.05405405405405406,37,36,AAAGTGAGATATCCGTACGG,1,4449795
yagB_insX_yagA_predicted,3.5405405405405403,166,36,AAACAGATAGTTGGCGCGTA,130,4466195
yagB_insX_yagA_predicted,7.611111111111111,308,35,TTCCACTCTTCACGCACTGG,273,4450489
yagB_insX_yagA_predicted,0.05555555555555555,36,35,GTATAAGCAGGCCTATACGT,1,4442923
yagB_insX_yagA_predicted,0.05555555555555555,36,35,CCGCCTCCCGATCATAGCGA,1,4463814
yagB_insX_yagA_predicted,0.05555555555555555,36,35,CAGTGCTACCCGTTCCAGGG,1,4450680
yagB_insX_yagA_predicted,0.05555555555555555,36,35,ATACTGCACGGGCTTGCGTG,1,4443433
yagB_insX_yagA_predicted,5.5,232,35,AGGTTGGTAGAACAATAGTT,197,4466540
yagB_insX_yagA_predicted,0.05714285714285714,35,34,TTGCAACTGTGCCGGGGGTA,1,4443713
yagB_insX_yagA_predicted,4.314285714285714,184,34,TTCCGATACTTGAGATACAT,150,4449169
yagB_insX_yagA_predicted,0.05714285714285714,35,34,TGACCAGATTTTGTCTGCCT,1,4441538
yagB_insX_yagA_predicted,8.314285714285715,324,34,TCGCGTAAGTGCCGGTCTTC,290,4456907
yagB_insX_yagA_predicted,9.914285714285715,380,34,TATAGCAAGACGCGCGATAC,346,4452037
yagB_insX_yagA_predicted,0.05714285714285714,35,34,CTCGCTGGTACCTTTAAACT,1,4454221
yagB_insX_yagA_predicted,0.05714285714285714,35,34,CGTTGTCCACATTGCGAGGG,1,4471558
yagB_insX_yagA_predicted,3.657142857142857,161,34,CGAAATTTAGTACGTCCAGT,127,4441112
yagB_insX_yagA_predicted,10.257142857142858,392,34,CAGACGGCCGCACCTACGAG,358,4472371
yagB_insX_yagA_predicted,0.05714285714285714,35,34,ATTGATTATAGGGGCATCCA,1,4470180
yagB_insX_yagA_predicted,2.085714285714286,106,34,ATGATGAAGACGGCGATGGC,72,4448347
yagB_insX_yagA_predicted,5.857142857142857,238,34,AATAGGACAAAATCTGCTAA,204,4439374
yagB_insX_yagA_predicted,0.08823529411764706,35,33,TTGCCTTTAGACACCTCCGA,2,4442465
yagB_insX_yagA_predicted,7.970588235294118,303,33,TGATATAGTGTAGTACTCAC,270,4437088
yagB_insX_yagA_predicted,6.647058823529412,258,33,GTCTTTTCGCTTCTAGGCAT,225,4468634
yagB_insX_yagA_predicted,1.5588235294117647,85,33,GAGCCCTGTGGTCCACACTG,52,4450876
yagB_insX_yagA_predicted,2.088235294117647,103,33,CTGGAGTGCGCAGATAACGT,70,4465084
yagB_insX_yagA_predicted,0.08823529411764706,35,33,CGCGCGTCTGGCCAAAGTAG,2,4471125
yagB_insX_yagA_predicted,0.058823529411764705,34,33,ATGCGGATTGTGGGGTGATC,1,4465608
yagB_insX_yagA_predicted,8.588235294117647,324,33,ATATACTGTTGTCTCGTTCG,291,4440122
yagB_insX_yagA_predicted,0.058823529411764705,34,33,ACCGTGCTAACGGCGACGAT,1,4449324
yagB_insX_yagA_predicted,5.9411764705882355,234,33,AAACGTACATGATGCCTGAA,201,4440634
yagB_insX_yagA_predicted,7.666666666666667,284,32,TGTAGATGTCAAGTTTACCT,252,4447780
yagB_insX_yagA_predicted,0.06060606060606061,33,32,TGGATCTGTCCAATCGGTCT,1,4460564
yagB_insX_yagA_predicted,0.06060606060606061,33,32,TGCGCGGCGAGTAGGTCTGG,1,4440922
yagB_insX_yagA_predicted,0.06060606060606061,33,32,TGAGATACTTCTTCTACTAT,1,4461707
yagB_insX_yagA_predicted,2.606060606060606,117,32,TCATGTCACTCACGACTTGC,85,4458780
yagB_insX_yagA_predicted,12.06060606060606,429,32,GGGCAGCCAGGGCTCTGCAA,397,4450115
yagB_insX_yagA_predicted,3.484848484848485,146,32,GATCCGGTAGAATGAGCGCG,114,4461821
yagB_insX_yagA_predicted,0.06060606060606061,33,32,CTCAGTTTGATCGCGCTATA,1,4445670
yagB_insX_yagA_predicted,9.484848484848484,344,32,ACCTCCAGCACATCGCATCC,312,4467851
yagB_insX_yagA_predicted,0.06060606060606061,33,32,AAAGTCGCGGTTAGGTCATG,1,4458784
yagB_insX_yagA_predicted,2.03125,95,31,TCTTGTGTCCAAGTGAAATC,64,4456354
yagB_insX_yagA_predicted,4.625,178,31,TCTCACTGGCAATGATATGC,147,4453992
yagB_insX_yagA_predicted,0.0625,32,31,TACGCCTGACCCATCTAAGT,1,4452956
yagB_insX_yagA_predicted,0.0625,32,31,GGGATGGGTAATGCGCGTTT,1,4440662
yagB_insX_yagA_predicted,4.09375,161,31,GGCTTACTCCAGATCCCAGG,130,4436324
yagB_insX_yagA_predicted,1.71875,85,31,GGCGCAAGTTAAGGTGTGGC,54,4438726
yagB_insX_yagA_predicted,0.0625,32,31,GGAACGTCTCAGGGTCATAT,1,4444306
yagB_insX_yagA_predicted,3.34375,137,31,GCTGCTCGTATGCTTTTTAC,106,4448584
yagB_insX_yagA_predicted,0.125,34,31,GCGCCCCAATAAGCTGATTT,3,4472282
yagB_insX_yagA_predicted,0.0625,32,31,GCATCTATCGCTAGATAGAG,1,4444019
yagB_insX_yagA_predicted,9.25,326,31,CTGTCAGTTTTTTGTGTTAT,295,4441254
yagB_insX_yagA_predicted,0.09375,33,31,CCAATGATTAGATAGCGACA,2,4466423
yagB_insX_yagA_predicted,6.09375,225,31,CACGCTACTAAGTAGTGAAG,194,4466379
yagB_insX_yagA_predicted,2.8125,120,31,ATCGACGCCTGCACTCATAT,89,4445887
yagB_insX_yagA_predicted,8.40625,299,31,ATCAACATTGGGGGAACTCG,268,4435965
yagB_insX_yagA_predicted,8.28125,295,31,AGGGGATATTGCCGACCTCT,264,4450762
yagB_insX_yagA_predicted,11.28125,391,31,ACACAGGCGAGCAAACTCCG,360,4460233
yagB_insX_yagA_predicted,0.06451612903225806,31,30,TTGCGTTCAACCAACTTCCC,1,4446513
yagB_insX_yagA_predicted,0.06451612903225806,31,30,TTCACCTAATCGTCGGAGCA,1,4444220
yagB_insX_yagA_predicted,13.67741935483871,453,30,TGGGTACGCTACAGATGCGA,423,4449780
yagB_insX_yagA_predicted,0.06451612903225806,31,30,TGGACTGCAATCAAAGGAGT,1,4445071
yagB_insX_yagA_predicted,4.032258064516129,154,30,TCGATTCACAGCGATTGGTT,124,4443894
yagB_insX_yagA_predicted,9.419354838709678,321,30,TACGAATGCTTATCAGAAAG,291,4445254
yagB_insX_yagA_predicted,0.06451612903225806,31,30,GCAGGTGTTAAGGCCGCAGG,1,4453517
yagB_insX_yagA_predicted,19.258064516129032,626,30,GAGTACTTGTCAAACGCCAA,596,4453698
yagB_insX_yagA_predicted,7.612903225806452,265,30,GAACCTGGTTCACATCCCAA,235,4464864
yagB_insX_yagA_predicted,1.5483870967741935,77,30,CGTCCAATATCGGCTTGCTG,47,4465969
yagB_insX_yagA_predicted,5.387096774193548,196,30,CGAAGTAATACATGGTGTTA,166,4450152
yagB_insX_yagA_predicted,14.193548387096774,469,30,CCGAGCAGTTGGTTGTTTAC,439,4439625
yagB_insX_yagA_predicted,5.935483870967742,213,30,CCCTACCGGCTACGGTTTCG,183,4457490
yagB_insX_yagA_predicted,12.225806451612904,408,30,CCAACTGGTGGATTTACGCC,378,4461239
yagB_insX_yagA_predicted,0.0967741935483871,32,30,CACGGTTCCATGTCATTACC,2,4451522
yagB_insX_yagA_predicted,0.06451612903225806,31,30,ACTGCCGGTGGCAAGACGAG,1,4437345
yagB_insX_yagA_predicted,4.548387096774194,170,30,AAAATAAACGGCGTCAGCCT,140,4439318
yagB_insX_yagA_predicted,0.06666666666666667,30,29,TTATTGCGAGGCAGCTGGTG,1,4439207
yagB_insX_yagA_predicted,4.933333333333334,176,29,TAAAGGTAACACCTCCTCGA,147,4453045
yagB_insX_yagA_predicted,0.13333333333333333,32,29,GCTCCGAGATGACCTCACAG,3,4440695
yagB_insX_yagA_predicted,0.06666666666666667,30,29,CTTTCGCCTCCTTACTATGT,1,4452040
yagB_insX_yagA_predicted,0.06666666666666667,30,29,CTGACTTGCAGTTTCTGAAT,1,4450511
yagB_insX_yagA_predicted,6.533333333333333,224,29,CTCCAATCCTTGGCTACAAT,195,4461322
yagB_insX_yagA_predicted,0.06666666666666667,30,29,CCACTGGGGTTCGCAACCCC,1,4438364
yagB_insX_yagA_predicted,7.066666666666666,240,29,CCAAATGGCTGAGCATAGTT,211,4459398
yagB_insX_yagA_predicted,5.666666666666667,198,29,CAGTGACTGACTGACAGAAC,169,4463214
yagB_insX_yagA_predicted,0.06666666666666667,30,29,ACCGGCGTCTATGGACGCTA,1,4458428
yagB_insX_yagA_predicted,0.06666666666666667,30,29,ACCCGTAGGCAAAAGTAATT,1,4448300
yagB_insX_yagA_predicted,9.793103448275861,311,28,TTTCCGTAGCTCCTCAAGCA,283,4456773
yagB_insX_yagA_predicted,9.724137931034482,309,28,TTGAACGTCTTACATGTGCA,281,4447752
yagB_insX_yagA_predicted,0.06896551724137931,29,28,TTCGCAGGGACTCTAAGATC,1,4448653
yagB_insX_yagA_predicted,8.206896551724139,265,28,TTATCTCTGTATGACGTTCT,237,4436281
yagB_insX_yagA_predicted,0.06896551724137931,29,28,TGTTACAAAGATGCTATGGC,1,4458540
yagB_insX_yagA_predicted,0.06896551724137931,29,28,TCTTTCAGGGTCTACGTGTA,1,4442108
yagB_insX_yagA_predicted,4.068965517241379,145,28,TCGACATATCGTGCAGACGC,117,4465233
yagB_insX_yagA_predicted,0.06896551724137931,29,28,TCATTTTTGTGGACGGTCTA,1,4459575
yagB_insX_yagA_predicted,0.06896551724137931,29,28,GGGCAATAGCATCTGTCAGT,1,4466537
yagB_insX_yagA_predicted,1.4482758620689655,69,28,GGCTCCTCGGGACTCCAAGA,41,4463918
yagB_insX_yagA_predicted,6.206896551724138,207,28,GGCCGTGCTCATCCCGATGA,179,4452233
yagB_insX_yagA_predicted,0.06896551724137931,29,28,GGATTACTCGCCACCACACT,1,4460780
yagB_insX_yagA_predicted,0.06896551724137931,29,28,GGACTTTAGATCAATCCTTT,1,4443960
yagB_insX_yagA_predicted,0.06896551724137931,29,28,GCGGCTCGGTCGATTGGAAA,1,4459572
yagB_insX_yagA_predicted,7.551724137931035,246,28,GCGAGCGGTCTGCTTGTAGA,218,4470373
yagB_insX_yagA_predicted,6.827586206896552,225,28,GCCGGGAGTAAGAGGGTGAT,197,4461201
yagB_insX_yagA_predicted,0.06896551724137931,29,28,CGCGCTGACGGATCAAGCTA,1,4450462
yagB_insX_yagA_predicted,14.310344827586206,442,28,ATACACCGGCTTGCCAACGA,414,4460172
yagB_insX_yagA_predicted,13.344827586206897,414,28,AGCCCTGGTTTAGTGGTCAA,386,4458746
yagB_insX_yagA_predicted,12.0,375,28,ACTTCGCCTACTAAATGGCA,347,4467983
yagB_insX_yagA_predicted,0.06896551724137931,29,28,AAGTGTGTTCATTTAAGGGG,1,4466900
yagB_insX_yagA_predicted,0.07142857142857142,28,27,TTTCATGAGCTGCAAATGTT,1,4455048
yagB_insX_yagA_predicted,0.07142857142857142,28,27,TTAAGTTCATAAGCTGTCCC,1,4447855
yagB_insX_yagA_predicted,0.07142857142857142,28,27,TGGGTATTCGTTCATTAAAT,1,4451587
yagB_insX_yagA_predicted,0.07142857142857142,28,27,TCTGATTTAAGCGACTTATA,1,4467011
yagB_insX_yagA_predicted,0.07142857142857142,28,27,TCTGAGCGGGTGTAAAGGGT,1,4446401
yagB_insX_yagA_predicted,0.07142857142857142,28,27,TCGTGCGAGCCTCTCCTGCA,1,4446494
yagB_insX_yagA_predicted,10.392857142857142,317,27,TCCCTCAATGAGGCCTCAAT,290,4466422
yagB_insX_yagA_predicted,8.142857142857142,254,27,TACCAGTATTCGTCGCAACG,227,4452171
yagB_insX_yagA_predicted,0.07142857142857142,28,27,GTCACGTAGGACTCTCCTCG,1,4448405
yagB_insX_yagA_predicted,10.964285714285714,333,27,GCTTACAGGCAATCCCTCCA,306,4469687
yagB_insX_yagA_predicted,1.0357142857142858,55,27,GCGTTGCGGTTTAAGCAAGA,28,4457767
yagB_insX_yagA_predicted,0.07142857142857142,28,27,GCGCCTTTCATAAGTTGCGA,1,4463808
yagB_insX_yagA_predicted,0.17857142857142858,31,27,GCCTTGACTGTTGACGAGAC,4,4438859
yagB_insX_yagA_predicted,0.07142857142857142,28,27,GAGAATCGTGACTTTATCCT,1,4449432
yagB_insX_yagA_predicted,0.07142857142857142,28,27,GAACCCGGAAATGCGGCATG,1,4466020
yagB_insX_yagA_predicted,18.5,544,27,CTAGAGCACGCGTTGATGCT,517,4439540
yagB_insX_yagA_predicted,0.07142857142857142,28,27,CCCGTCCTGCCACCGTCATA,1,4464891
yagB_insX_yagA_predicted,7.214285714285714,228,27,CACCGCTCTTTCATGTGTCT,201,4463535
yagB_insX_yagA_predicted,6.75,215,27,ATGAACTCGAATGTCGCATT,188,4464985
yagB_insX_yagA_predicted,3.1785714285714284,115,27,ATCATGTTCGACACCACGTA,88,4458421
yagB_insX_yagA_predicted,7.464285714285714,235,27,AGCTGGGAGGCCGGCCAATA,208,4467795
yagB_insX_yagA_predicted,0.10714285714285714,29,27,ACTGTCCTACGGTGGTTCAT,2,4452061
yagB_insX_yagA_predicted,0.07142857142857142,28,27,ACAATGTTATGTGTACCAGA,1,4439175
yagB_insX_yagA_predicted,0.14285714285714285,30,27,AATAGCATACGGGAATTCGC,3,4447401
yagB_insX_yagA_predicted,3.2222222222222223,112,26,TGGACATGCGTTGACCCAGA,86,4459975
yagB_insX_yagA_predicted,2.5555555555555554,94,26,TAGAGGATGCGGGGCAAAGT,68,4441156
yagB_insX_yagA_predicted,2.7777777777777777,100,26,TAAAGTACCGCCGGTGGATA,74,4466134
yagB_insX_yagA_predicted,0.07407407407407407,27,26,GCGGTCTAAAACATACGCTC,1,4447534
yagB_insX_yagA_predicted,12.296296296296296,357,26,CTATTCATCTCGGCTATTGA,331,4440650
yagB_insX_yagA_predicted,7.296296296296297,222,26,CGCAGGCGCTGAAACGCATA,196,4463876
yagB_insX_yagA_predicted,0.07407407407407407,27,26,CCCCCAGAAAGGTAACGTTT,1,4444194
yagB_insX_yagA_predicted,0.07407407407407407,27,26,CATCAGCGTCTAGTTGGTTA,1,4466463
yagB_insX_yagA_predicted,0.07407407407407407,27,26,ATCTGGATTTTCTTAACCTC,1,4445346
yagB_insX_yagA_predicted,0.07407407407407407,27,26,AGGATTCTAATTTCTTTTCA,1,4444526
yagB_insX_yagA_predicted,11.925925925925926,347,26,AATGTACAGTTACGTGACAT,321,4457564
yagB_insX_yagA_predicted,19.88888888888889,562,26,AAACGGCACGTGAGTGAGAA,536,4452158
yagB_insX_yagA_predicted,0.07692307692307693,26,25,TGGGTTCTCACTTAACTGGT,1,4437908
yagB_insX_yagA_predicted,0.15384615384615385,28,25,TGCTATCTGAGACGTGTCCT,3,4444219
yagB_insX_yagA_predicted,0.07692307692307693,26,25,TAAGCTCCAACGACTATTCA,1,4455801
yagB_insX_yagA_predicted,0.07692307692307693,26,25,GGCGAATCTAAAAGCTCCGA,1,4457785
yagB_insX_yagA_predicted,0.07692307692307693,26,25,GCGGGCCATATGGACGATAG,1,4451703
yagB_insX_yagA_predicted,13.461538461538462,374,25,GCAGTATGCATCATATCTGA,349,4444218
yagB_insX_yagA_predicted,3.3846153846153846,112,25,GATGGGTGTAATGCATTCCG,87,4454106
yagB_insX_yagA_predicted,1.5,63,25,CGATGGTCCGAATAGTTGGA,38,4442189
yagB_insX_yagA_predicted,0.07692307692307693,26,25,CCGTAATGAACGTAACCGAT,1,4445210
yagB_insX_yagA_predicted,0.46153846153846156,36,25,ATACTTCTATATAACAATAC,11,4438154
yagB_insX_yagA_predicted,2.8076923076923075,97,25,ATAAGGCCCGTGTCGCAATG,72,4442680
yagB_insX_yagA_predicted,0.07692307692307693,26,25,AGCACAAAGCTCGCCAATGT,1,4437271
yagB_insX_yagA_predicted,1.1153846153846154,53,25,AATTAGGATAAGCGATCGAC,28,4447612
yagB_insX_yagA_predicted,0.08,25,24,TTCATGAAGCCAGTCCCTAT,1,4461156
yagB_insX_yagA_predicted,9.4,258,24,TCTCGAGGCCTTGGTACATG,234,4441240
yagB_insX_yagA_predicted,0.08,25,24,TCTAGGCCAGTATTGACGGA,1,4445174
yagB_insX_yagA_predicted,4.88,145,24,TCTACCAGCGAGGATACTGT,121,4466493
yagB_insX_yagA_predicted,0.08,25,24,TCGTTTAAAGGCGTGGTTAC,1,4468366
yagB_insX_yagA_predicted,7.36,207,24,TCATCATCTCAATCGTATTA,183,4441950
yagB_insX_yagA_predicted,10.4,283,24,GGTACAGAGACAAGGGCTCG,259,4469321
yagB_insX_yagA_predicted,0.08,25,24,GGGGGCAAGCCCTTCCGCGC,1,4456784
yagB_insX_yagA_predicted,0.08,25,24,GGCGAACGGGCACAACGAGT,1,4445519
yagB_insX_yagA_predicted,14.04,374,24,GATATTTATTATTGAAGCTC,350,4464509
yagB_insX_yagA_predicted,0.08,25,24,GAGGAGTCAGGGTCATTGAT,1,4439174
yagB_insX_yagA_predicted,0.08,25,24,GAAACTGTCTCCAGTAGAAC,1,4445696
yagB_insX_yagA_predicted,0.08,25,24,CCCTTACATCTTAACCGCGT,1,4457993
yagB_insX_yagA_predicted,0.08,25,24,ATCGGCGCAGCGTCCCATTT,1,4436807
yagB_insX_yagA_predicted,12.92,346,24,AGAGGAATCTGGCCTCTTGT,322,4465874
yagB_insX_yagA_predicted,0.08,25,24,AGAGCATGCGCAATGCCTTC,1,4456636
yagB_insX_yagA_predicted,10.2,278,24,ACTGGCTTACGAATACCCGG,254,4438214
yagB_insX_yagA_predicted,5.2,153,24,AATCGAAAGGCGATTGTCAC,129,4445969
yagB_insX_yagA_predicted,16.541666666666668,419,23,TTTGACCGAGCGTAGGGCGT,396,4456807
yagB_insX_yagA_predicted,0.125,25,23,TTTCGTTAGGTCGCTCACCC,2,4452758
yagB_insX_yagA_predicted,0.08333333333333333,24,23,TTGGCCCGGGGAAGGCATAA,1,4451722
yagB_insX_yagA_predicted,0.08333333333333333,24,23,TTCCATGCCATTTCCTACTG,1,4446001
yagB_insX_yagA_predicted,0.08333333333333333,24,23,TCGCTAATGTTTGCGGCGTA,1,4443317
yagB_insX_yagA_predicted,0.2916666666666667,29,23,TCCAGTTTAGTGCGCCGATT,6,4445939
yagB_insX_yagA_predicted,1.9583333333333333,69,23,TCCACAAGATGTAATCATTG,46,4444710
yagB_insX_yagA_predicted,10.458333333333334,273,23,TATTGACTGGATGCAGCGCG,250,4448076
yagB_insX_yagA_predicted,0.08333333333333333,24,23,TATATTTTTGGTTTCACAGA,1,4446032
yagB_insX_yagA_predicted,0.08333333333333333,24,23,GTGCATGTAGGTCGTTGCTA,1,4458558
yagB_insX_yagA_predicted,0.08333333333333333,24,23,GTGATACATGCTATGCACCC,1,4440429
yagB_insX_yagA_predicted,1.25,52,23,GTACCTTGGATGGGTAAGGC,29,4444069
yagB_insX_yagA_predicted,0.08333333333333333,24,23,GGCCACGGCCCTATTCATCG,1,4437743
yagB_insX_yagA_predicted,7.583333333333333,204,23,GGATTACGGAGGCCATAGTC,181,4450677
yagB_insX_yagA_predicted,1.3333333333333333,54,23,GAGGCGCCTGGGTTATGTAA,31,4453834
yagB_insX_yagA_predicted,4.25,124,23,CTGCCGATATAAAAGGGTGA,101,4460844
yagB_insX_yagA_predicted,2.5833333333333335,84,23,CTGCACGCAAGCTTTCGGAC,61,4447063
yagB_insX_yagA_predicted,14.916666666666666,380,23,CTGACGGGTACCAATCTCAA,357,4458025
yagB_insX_yagA_predicted,28.166666666666668,698,23,CTATAAGGGCGTGGAAGGGT,675,4465385
yagB_insX_yagA_predicted,0.08333333333333333,24,23,CCGGATCTTTCAGGTGACGC,1,4454079
yagB_insX_yagA_predicted,0.08333333333333333,24,23,CATCTGAATTCTGGATCCGG,1,4463863
yagB_insX_yagA_predicted,0.08333333333333333,24,23,ATCGACGTTTTCCAGTTGGT,1,4461334
yagB_insX_yagA_predicted,6.291666666666667,173,23,ACGGAGTTTTGAATGCTTAG,150,4445856
yagB_insX_yagA_predicted,0.08333333333333333,24,23,ACGAAGGAACCGCATTAGGC,1,4442854
yagB_insX_yagA_predicted,15.208333333333334,387,23,AACGACGCCGCTATCACCCA,364,4458795
yagB_insX_yagA_predicted,0.08695652173913043,23,22,TGTCCATTATGGTCGGGGAG,1,4454393
yagB_insX_yagA_predicted,0.08695652173913043,23,22,TGAGCAACCGATTGTTGCCT,1,4458631
yagB_insX_yagA_predicted,1.391304347826087,53,22,GTTTAGCACTTAAGTACATC,31,4445651
yagB_insX_yagA_predicted,11.434782608695652,284,22,GTTACGCGTGGCGCAAGACC,262,4457792
yagB_insX_yagA_predicted,6.565217391304348,172,22,GTACCTCCCAAAGAAGTTTT,150,4451683
yagB_insX_yagA_predicted,0.08695652173913043,23,22,GGGTATGGCATGGGGGATTC,1,4462771
yagB_insX_yagA_predicted,7.565217391304348,195,22,GATTTTGTTCTTTCAACGCA,173,4448020
yagB_insX_yagA_predicted,4.086956521739131,115,22,GACTGGAGTCTCGCACTGAA,93,4459496
yagB_insX_yagA_predicted,0.08695652173913043,23,22,CGTGCGGGAGTCAGAAGATT,1,4437307
yagB_insX_yagA_predicted,0.08695652173913043,23,22,CCGTCAAGGTGACCTGCGGA,1,4454303
yagB_insX_yagA_predicted,0.08695652173913043,23,22,CCCGCCTGGTGTGACCTCTG,1,4454063
yagB_insX_yagA_predicted,0.08695652173913043,23,22,CAGCTATCTTGTAGACTCGA,1,4453473
yagB_insX_yagA_predicted,8.434782608695652,215,22,ATGAGATAAACGTGCTTAAT,193,4448445
yagB_insX_yagA_predicted,13.478260869565217,331,22,ATCCTGGGATTACGAGTAGT,309,4460998
yagB_insX_yagA_predicted,0.08695652173913043,23,22,ATATGATACCAAGAATATTA,1,4446862
yagB_insX_yagA_predicted,0.08695652173913043,23,22,AGGCTCATAGAGGGAGCAAA,1,4446582
yagB_insX_yagA_predicted,13.130434782608695,323,22,AGCCGCAAGGACCAACGCGA,301,4439663
yagB_insX_yagA_predicted,0.08695652173913043,23,22,AGATAGTCTACGGGGTATTA,1,4448509
yagB_insX_yagA_predicted,0.08695652173913043,23,22,ACCGATTGCGCGTCTCAGCG,1,4445784
yagB_insX_yagA_predicted,0.09090909090909091,22,21,TTGTTCGCTACGTCTCCGCA,1,4443738
yagB_insX_yagA_predicted,17.227272727272727,399,21,TCGTCAGTCCTATGGTGGCC,378,4448632
yagB_insX_yagA_predicted,32.36363636363637,732,21,TCATCTTCCTTAAAGGCGGA,711,4454427
yagB_insX_yagA_predicted,8.772727272727273,213,21,TAACTTCTATACTCGGGTAT,192,4468184
yagB_insX_yagA_predicted,0.09090909090909091,22,21,GTTGACAGCGCTAAATTTGG,1,4448175
yagB_insX_yagA_predicted,0.09090909090909091,22,21,GTTATGTCTCCAACTCTTGC,1,4438458
yagB_insX_yagA_predicted,8.136363636363637,199,21,GCTGCGCTCCTGTGCAGGAT,178,4459764
yagB_insX_yagA_predicted,9.409090909090908,227,21,GCGAGGGATTAATCAGGCTA,206,4470897
yagB_insX_yagA_predicted,4.0,108,21,GCCACTAGCAGAAACACCCT,87,4469333
yagB_insX_yagA_predicted,0.09090909090909091,22,21,GACCAGCCTAGCCGGCTCAG,1,4463723
yagB_insX_yagA_predicted,0.09090909090909091,22,21,CCCGTGTACCTTCACTCTTC,1,4436778
yagB_insX_yagA_predicted,9.863636363636363,237,21,CAGACACCACTTCCATGCAA,216,4438552
yagB_insX_yagA_predicted,0.09090909090909091,22,21,ATTGAGGCAAAGGAGATCGA,1,4453974
yagB_insX_yagA_predicted,0.09090909090909091,22,21,ATGTCCGAAAAAGAATTTTG,1,4452193
yagB_insX_yagA_predicted,0.09090909090909091,22,21,ATGTATTATCCGATGGGGGT,1,4438614
yagB_insX_yagA_predicted,8.318181818181818,203,21,ATCAAGATGGCCTCGCTGCA,182,4442006
yagB_insX_yagA_predicted,0.09090909090909091,22,21,AGGGTTGAGACTCAGGTGAA,1,4449184
yagB_insX_yagA_predicted,0.09090909090909091,22,21,AGGGCTGAACTTCATAGCGG,1,4446055
yagB_insX_yagA_predicted,0.09090909090909091,22,21,AGGATACCCTAATATTAGCA,1,4460731
yagB_insX_yagA_predicted,8.772727272727273,213,21,AGACGTGTGACAGTCGTTAT,192,4451460
yagB_insX_yagA_predicted,0.09090909090909091,22,21,ACGCTCAGCGCCTGCGACGT,1,4439104
yagB_insX_yagA_predicted,0.09090909090909091,22,21,AAGAGCCCTTGTGCCAGGAT,1,4458592
yagB_insX_yagA_predicted,18.952380952380953,417,20,TTCAAGGTTTAGAAAAGGAC,397,4463485
yagB_insX_yagA_predicted,0.09523809523809523,21,20,TTAGGGGCCGGGTAGAGGGC,1,4448832
yagB_insX_yagA_predicted,12.571428571428571,283,20,TGAACAGAGATCGTCAAACT,263,4452851
yagB_insX_yagA_predicted,28.095238095238095,609,20,TCGCGTTTCGACTCGCTAGG,589,4444091
yagB_insX_yagA_predicted,0.09523809523809523,21,20,TAGACCGGCGGAGTCTATTA,1,4461164
yagB_insX_yagA_predicted,9.571428571428571,220,20,GTCATAATTGATAAACTGAT,200,4436282
yagB_insX_yagA_predicted,0.09523809523809523,21,20,GCCATGACATAGATATGGAG,1,4442223
yagB_insX_yagA_predicted,0.09523809523809523,21,20,GAATATTGGTCATGGAGCCG,1,4468230
yagB_insX_yagA_predicted,0.14285714285714285,22,20,CTGTCCAGAGTACTACCAGA,2,4459767
yagB_insX_yagA_predicted,17.904761904761905,395,20,CTGCAACACCAATCAAACAG,375,4436034
yagB_insX_yagA_predicted,14.619047619047619,326,20,CTCGAGATACTGTGGGTTAA,306,4460087
yagB_insX_yagA_predicted,13.857142857142858,310,20,CGCTTACGACGTTCTCCTAA,290,4454187
yagB_insX_yagA_predicted,0.09523809523809523,21,20,CCTCTTTCTTTAGAACTTAA,1,4466109
yagB_insX_yagA_predicted,0.09523809523809523,21,20,ATTTTCCTGTGGCCAAAAGT,1,4436477
yagB_insX_yagA_predicted,2.9047619047619047,80,20,ACCACCAGTTAGCTGGGATA,60,4464773
yagB_insX_yagA_predicted,7.857142857142857,184,20,AATGGATACTTCCCCAAACT,164,4463213
yagB_insX_yagA_predicted,0.09523809523809523,21,20,AATCGCACCAAGAGTTAATT,1,4436213
yagB_insX_yagA_predicted,12.666666666666666,285,20,AACTCGTCTCGCGCGGCGAA,265,4456277
yagB_insX_yagA_predicted,0.09523809523809523,21,20,AACTCGGCCAGTTGTTCAGG,1,4441682
yagB_insX_yagA_predicted,0.09523809523809523,21,20,AACATGTCACCGGACTGCTG,1,4439361
yagB_insX_yagA_predicted,0.1,20,19,TTAGGGGCACTTGCGGTTTA,1,4469968
yagB_insX_yagA_predicted,0.1,20,19,TTAGCAATGCGAGGAGTTTA,1,4461426
yagB_insX_yagA_predicted,5.2,122,19,TCGGCGATTGGGGCATGTGG,103,4448407
yagB_insX_yagA_predicted,11.45,247,19,TCACTTCCTTGTAGAGTGGA,228,4455507
yagB_insX_yagA_predicted,0.1,20,19,TAACGGGTGTACCTCCCGGC,1,4448375
yagB_insX_yagA_predicted,18.65,391,19,GCTTGATATGGCTCAGCCGA,372,4449056
yagB_insX_yagA_predicted,15.2,322,19,GCACTCTTGGTGTATCGAGG,303,4449951
yagB_insX_yagA_predicted,6.35,145,19,GATTTTGAAGAAGTTGCCAA,126,4469496
yagB_insX_yagA_predicted,9.95,217,19,GATAACGGATGTCCACGTCC,198,4469430
yagB_insX_yagA_predicted,0.1,20,19,CTTAATAGATCCTAGGCGCT,1,4467561
yagB_insX_yagA_predicted,0.1,20,19,CGGTTGTCCAGCGTGTGCGA,1,4452130
yagB_insX_yagA_predicted,20.0,418,19,CGGGCCGTATCCAAGCTGGC,399,4471500
yagB_insX_yagA_predicted,0.1,20,19,CGAGAGGGGTCGGGCTTGTC,1,4464340
yagB_insX_yagA_predicted,1.2,42,19,CGACATGATAACTCCATAAT,23,4462974
yagB_insX_yagA_predicted,3.35,85,19,CCGGGCTTTCCAATAAGATT,66,4467472
yagB_insX_yagA_predicted,0.1,20,19,CCAGGCTCACAAGGCCCGGA,1,4446512
yagB_insX_yagA_predicted,5.1,120,19,CAGAGCGTCCCTTCTTGAAA,101,4443480
yagB_insX_yagA_predicted,0.1,20,19,ATGGGATAGACGATGCCTTA,1,4449078
yagB_insX_yagA_predicted,13.3,284,19,ATCAAATGATTGTGCGAGCA,265,4456819
yagB_insX_yagA_predicted,0.1,20,19,ACATCTGCTGGCTTCTAAAA,1,4459125
yagB_insX_yagA_predicted,0.1,20,19,AAGCGGATGTACTTAGGTGA,1,4464461
yagB_insX_yagA_predicted,11.789473684210526,241,18,TTTCAAGCCCTAGATTGTTC,223,4446080
yagB_insX_yagA_predicted,13.526315789473685,274,18,TTGTGTCCTACGGCTGGTTT,256,4438869
yagB_insX_yagA_predicted,0.10526315789473684,19,18,TTGGACCTACGACTACGCAG,1,4438133
yagB_insX_yagA_predicted,0.10526315789473684,19,18,TGTACTCAGTTACTTAGTAC,1,4437610
yagB_insX_yagA_predicted,0.15789473684210525,20,18,TGCTGAAATTTTCCTGTTTA,2,4445835
yagB_insX_yagA_predicted,16.526315789473685,331,18,TCACAACGAGGAGATGGGAA,313,4450555
yagB_insX_yagA_predicted,12.0,245,18,TAGACGCACCGCGCCGTATG,227,4471363
yagB_insX_yagA_predicted,0.10526315789473684,19,18,TACCGAGTTTTGGAACCGGG,1,4470662
yagB_insX_yagA_predicted,0.10526315789473684,19,18,GTCCAGTGACGAGGTGATGT,1,4444105
yagB_insX_yagA_predicted,0.15789473684210525,20,18,GTCATCGTGGGTGGTACCTT,2,4465079
yagB_insX_yagA_predicted,0.10526315789473684,19,18,GTCAATATCCACGGGCGGGA,1,4440354
yagB_insX_yagA_predicted,0.10526315789473684,19,18,GGCATGCTGGACAGCCGTTA,1,4471914
yagB_insX_yagA_predicted,6.842105263157895,147,18,GGCAGCGCTTGTGCTCGAAA,129,4462370
yagB_insX_yagA_predicted,0.10526315789473684,19,18,GCGGCGACTACACACCGTGT,1,4448971
yagB_insX_yagA_predicted,3.210526315789474,78,18,GCCATAATATGCTAGCCATT,60,4448586
yagB_insX_yagA_predicted,0.10526315789473684,19,18,GCCACTAAAAGGGACCGTTG,1,4452263
yagB_insX_yagA_predicted,4.947368421052632,111,18,GCAATTGGGCGTACGGGCCC,93,4455705
yagB_insX_yagA_predicted,0.10526315789473684,19,18,GAGGGGATAACTAAACGGGA,1,4458859
yagB_insX_yagA_predicted,18.105263157894736,361,18,GACAACGCATCGGCCGAAAG,343,4438621
yagB_insX_yagA_predicted,30.63157894736842,599,18,GAATGCCGCCGGTGTGATAT,581,4455958
yagB_insX_yagA_predicted,3.263157894736842,79,18,GAAGGAAGGTCTGGGAGAAC,61,4459573
yagB_insX_yagA_predicted,13.894736842105264,281,18,GAACACGTGCACCTTCTTCC,263,4462979
yagB_insX_yagA_predicted,0.15789473684210525,20,18,CTGACCATATCTCCCATCTT,2,4464190
yagB_insX_yagA_predicted,19.57894736842105,389,18,CTCTTGGGCTTCGCTCCTAG,371,4453479
yagB_insX_yagA_predicted,0.10526315789473684,19,18,CTCGGGAAATGTACTCGGTC,1,4443569
yagB_insX_yagA_predicted,18.57894736842105,370,18,CGTTACCTTTAGACGCTATT,352,4463092
yagB_insX_yagA_predicted,9.578947368421053,199,18,CGATTATTCAGGTCATCGGA,181,4445403
yagB_insX_yagA_predicted,10.789473684210526,222,18,CGAAACAAAAGAGCCTTGAA,204,4462576
yagB_insX_yagA_predicted,12.368421052631579,252,18,CCGCGCGTGGTGCAGTGCGC,234,4450678
yagB_insX_yagA_predicted,2.3684210526315788,62,18,CACAGTCTGGAAACTCTACT,44,4452260
yagB_insX_yagA_predicted,0.10526315789473684,19,18,CAATTTTAATCGCTCAGCAA,1,4449277
yagB_insX_yagA_predicted,7.526315789473684,160,18,ATGCACGATCATTTAGTTAG,142,4444955
yagB_insX_yagA_predicted,0.15789473684210525,20,18,AGCCGGCCCACCCGAAGTGC,2,4455709
yagB_insX_yagA_predicted,16.36842105263158,328,18,ACTGGGGGGTTCGCAATGGC,310,4467480
yagB_insX_yagA_predicted,0.10526315789473684,19,18,ACTCGAAGATCTAAACACGT,1,4438755
yagB_insX_yagA_predicted,23.736842105263158,468,18,ACCTTTGTAACGCTCACATA,450,4439257
yagB_insX_yagA_predicted,11.526315789473685,236,18,ACATCTTGTGCGTTCCTTGC,218,4445942
yagB_insX_yagA_predicted,13.842105263157896,280,18,AAGAGGCATGCACATAAATG,262,4462682
yagB_insX_yagA_predicted,12.947368421052632,263,18,AACGCCGTATAATCCTCCAG,245,4459972
yagB_insX_yagA_predicted,0.1111111111111111,18,17,TTTGTTGAATGAATGGGACG,1,4453168
yagB_insX_yagA_predicted,0.1111111111111111,18,17,TTCGCGCGAGGTAATCGTGT,1,4449302
yagB_insX_yagA_predicted,10.555555555555555,206,17,TTCCTATTCTCGAGCGGTCG,189,4441310
yagB_insX_yagA_predicted,0.1111111111111111,18,17,TGGGCGGGGGTTATCAGGGG,1,4458319
yagB_insX_yagA_predicted,0.1111111111111111,18,17,TCTATCAAACAACGACAGTA,1,4467657
yagB_insX_yagA_predicted,0.1111111111111111,18,17,TAACCTAGGAAACATCGATC,1,4450363
yagB_insX_yagA_predicted,0.1111111111111111,18,17,GGGGGCGTAATGGACGGGAC,1,4468405
yagB_insX_yagA_predicted,0.1111111111111111,18,17,GGAGGTGCTTTTAGCCTAGA,1,4466689
yagB_insX_yagA_predicted,22.77777777777778,426,17,CGCCCAGGACCGATTCTCTG,409,4460459
yagB_insX_yagA_predicted,0.1111111111111111,18,17,CCTGCGTAGAATGTCCCATT,1,4452711
yagB_insX_yagA_predicted,0.1111111111111111,18,17,CCTGCGATATCCTTGGATAA,1,4453394
yagB_insX_yagA_predicted,0.1111111111111111,18,17,CCTGCGAGGCTCGGGGTTCG,1,4449280
yagB_insX_yagA_predicted,0.1111111111111111,18,17,CCCTCAGTTTATAACCTTTG,1,4442701
yagB_insX_yagA_predicted,10.444444444444445,204,17,CAGGTATAGTTTGTGCAGAA,187,4453828
yagB_insX_yagA_predicted,0.1111111111111111,18,17,AGAAAGGCAGAGCACACGGA,1,4437409
yagB_insX_yagA_predicted,0.1111111111111111,18,17,ACCACGGTAACTCGTGGCTA,1,4453062
yagB_insX_yagA_predicted,0.1111111111111111,18,17,AAGCCGGCCGCACTTCTTGT,1,4469421
yagB_insX_yagA_predicted,0.11764705882352941,17,16,TTAACTCTTCCAATGCCCCT,1,4460273
yagB_insX_yagA_predicted,0.11764705882352941,17,16,TCACACATCTTGGGTCAGTG,1,4457525
yagB_insX_yagA_predicted,0.11764705882352941,17,16,TCACAATTTCGGCTGTGTTA,1,4436308
yagB_insX_yagA_predicted,21.58823529411765,382,16,TATTTCAACCGTTAATATGG,366,4437024
yagB_insX_yagA_predicted,9.235294117647058,172,16,GTTGTCAGTGTTCGTGAATT,156,4463897
yagB_insX_yagA_predicted,8.764705882352942,164,16,GTGTACAGATCCGTATGCGA,148,4448906
yagB_insX_yagA_predicted,21.647058823529413,383,16,GTCGAGTCAGGGCGATTGCA,367,4451679
yagB_insX_yagA_predicted,23.41176470588235,413,16,GGTAAATTGGAAGCTTAGCC,397,4453691
yagB_insX_yagA_predicted,0.11764705882352941,17,16,GCTTGACAACCCGCTTCAAG,1,4453967
yagB_insX_yagA_predicted,0.11764705882352941,17,16,GCTTAAAGGTGGCCCTCCTA,1,4466828
yagB_insX_yagA_predicted,0.11764705882352941,17,16,GCTGTACCAAGGCCGGCTGG,1,4469402
yagB_insX_yagA_predicted,21.11764705882353,374,16,GCCGGTTCAGCTTGTTGTGT,358,4454410
yagB_insX_yagA_predicted,0.11764705882352941,17,16,CTTCGTCGCGAGGGTTTGGT,1,4449279
yagB_insX_yagA_predicted,0.11764705882352941,17,16,CTGATCTATTCGGCTCAAGG,1,4436183
yagB_insX_yagA_predicted,0.11764705882352941,17,16,CGAGCAAGGCGGCTTCGCGA,1,4466233
yagB_insX_yagA_predicted,0.17647058823529413,18,16,CCTTCACTCCCACGAGGGCA,2,4442699
yagB_insX_yagA_predicted,0.11764705882352941,17,16,CCGGTGTGTAGAGGGGTTTT,1,4465617
yagB_insX_yagA_predicted,35.470588235294116,618,16,CCGAGGGACTCCAGAGAGAC,602,4464770
yagB_insX_yagA_predicted,7.235294117647059,138,16,CCCAACTGTGTCGATGCGAA,122,4469327
yagB_insX_yagA_predicted,13.882352941176471,251,16,CAGCGTTCCCCAGTTAACCA,235,4466622
yagB_insX_yagA_predicted,0.11764705882352941,17,16,ATTCGATTCGTTGGTGTTAC,1,4445189
yagB_insX_yagA_predicted,0.11764705882352941,17,16,AGTCTCTGCCCGCTGTAGAG,1,4452525
yagB_insX_yagA_predicted,0.11764705882352941,17,16,ACTCTGGATCCTGGCAAACA,1,4457816
yagB_insX_yagA_predicted,0.11764705882352941,17,16,ACGACGCCACGTTTGTGAAA,1,4438740
yagB_insX_yagA_predicted,16.823529411764707,301,16,AAGGCAATCCCGGCTAACCT,285,4463202
yagB_insX_yagA_predicted,0.11764705882352941,17,16,AACCCGAATGTTTTTTCGTG,1,4461814
yagB_insX_yagA_predicted,11.5625,199,15,TTCTCGATGGTGGCCGTCTG,184,4443042
yagB_insX_yagA_predicted,3.4375,69,15,TTCGTGGCTAGAATCGGATT,54,4449563
yagB_insX_yagA_predicted,0.125,16,15,TCTACGGTAAGAATAGTGGG,1,4441216
yagB_insX_yagA_predicted,25.25,418,15,TCCGTAAATTGAATCATGTT,403,4470985
yagB_insX_yagA_predicted,0.25,18,15,TCATTCTAGAATCAGATCAT,3,4463470
yagB_insX_yagA_predicted,19.4375,325,15,TACCGGCTTCCAAGTCTAGA,310,4470692
yagB_insX_yagA_predicted,0.125,16,15,TACCATTGAAAATGCAGTAT,1,4458161
yagB_insX_yagA_predicted,0.125,16,15,TAAGGGGCAGTCCTCTTCTA,1,4460644
yagB_insX_yagA_predicted,12.0,206,15,GGCATCCCAGCCGACCCGAA,191,4457707
yagB_insX_yagA_predicted,0.125,16,15,GCTACCCCAATAGTTGACTC,1,4470740
yagB_insX_yagA_predicted,9.25,162,15,GATAGGTCCTCAGCGCGAAA,147,4443931
yagB_insX_yagA_predicted,1.3125,35,15,CTCGTTTCTACCTGGGATTA,20,4446232
yagB_insX_yagA_predicted,0.125,16,15,CGGGATTGTCCAGTGTAATC,1,4450347
yagB_insX_yagA_predicted,0.125,16,15,CGCACGGTTACAATGGTGAT,1,4467582
yagB_insX_yagA_predicted,8.8125,155,15,CGATATATCTACCCCATTAG,140,4464022
yagB_insX_yagA_predicted,2.3125,51,15,CGACCGACCATTAAGAGTTT,36,4460071
yagB_insX_yagA_predicted,0.125,16,15,CATAGAGTCAGGTGATTAAT,1,4450060
yagB_insX_yagA_predicted,6.125,112,15,CAAGTAAATTCAGTGTGCAA,97,4446203
yagB_insX_yagA_predicted,4.6875,89,15,ATTGAAGGTGAGTTAGACTC,74,4463833
yagB_insX_yagA_predicted,0.125,16,15,ATCGCGATTTGCTGGTTGAT,1,4439866
yagB_insX_yagA_predicted,19.5,326,15,AGTTTGTTGTTGGGGAAACC,311,4471716
yagB_insX_yagA_predicted,21.8125,363,15,AGGCCGATGAGTATACGTAC,348,4469403
yagB_insX_yagA_predicted,0.125,16,15,AGCACTAACAGGATTTGAGT,1,4445015
yagB_insX_yagA_predicted,4.625,88,15,AGACTTCCATAGAGTTTTGA,73,4440745
yagB_insX_yagA_predicted,4.9375,93,15,AGACGGGGTGATAACGGCCC,78,4468966
yagB_insX_yagA_predicted,0.125,16,15,ACTCCTCCGCTATATCAGCC,1,4444449
yagB_insX_yagA_predicted,21.0625,351,15,ACCAATTTAGTACACAAACA,336,4469971
yagB_insX_yagA_predicted,27.9375,461,15,AACGCCACTTGCGACCTCGA,446,4438174
yagB_insX_yagA_predicted,6.4,109,14,TTTACGTAAAATGGTGTGAT,95,4454091
yagB_insX_yagA_predicted,0.13333333333333333,15,14,TGGTCAATCTAGTAGTTCTT,1,4451781
yagB_insX_yagA_predicted,11.933333333333334,192,14,TGGGAAATCCTAGCAAGAAA,178,4448106
yagB_insX_yagA_predicted,13.066666666666666,209,14,TGCTCACTATGTGCCCAAAA,195,4451010
yagB_insX_yagA_predicted,0.13333333333333333,15,14,TGCGATTACTAATCGCTAGC,1,4466920
yagB_insX_yagA_predicted,20.4,319,14,TCACACGCGGTGTGGGACGA,305,4452086
yagB_insX_yagA_predicted,20.533333333333335,321,14,TATCTCAGGTGAACGCTGAC,307,4450854
yagB_insX_yagA_predicted,5.4,94,14,TAAACGCTAACCGATGTAAG,80,4445202
yagB_insX_yagA_predicted,12.466666666666667,200,14,GTTCAATTAATAAGCTCACC,186,4457829
yagB_insX_yagA_predicted,20.866666666666667,326,14,GTGCGGCCAGGGTGAAAGAT,312,4448320
yagB_insX_yagA_predicted,0.13333333333333333,15,14,GGTTAGTCCGGGCTGGTCGC,1,4467503
yagB_insX_yagA_predicted,8.866666666666667,146,14,GGAGGAGGGGTGTTTATATG,132,4458502
yagB_insX_yagA_predicted,11.666666666666666,188,14,GGAATAACCGCGAAGTTGCA,174,4453900
yagB_insX_yagA_predicted,0.13333333333333333,15,14,GCTTGATGCGAGAGATATCT,1,4444427
yagB_insX_yagA_predicted,11.266666666666667,182,14,GCTCCCCACGCACAAGATCC,168,4450802
yagB_insX_yagA_predicted,6.933333333333334,117,14,GCGCGCAGCAGGGCTCGGTG,103,4460247
yagB_insX_yagA_predicted,0.13333333333333333,15,14,GCCAGGAGAGTATACCGCTG,1,4456179
yagB_insX_yagA_predicted,0.13333333333333333,15,14,GCCACGGTTTTCAACTATGT,1,4444907
yagB_insX_yagA_predicted,0.13333333333333333,15,14,GATACTTCGTTACCGACGGG,1,4439292
yagB_insX_yagA_predicted,5.4,94,14,GAGATGGGGTCCCCCCAATG,80,4444100
yagB_insX_yagA_predicted,3.8,70,14,CTTCCCCAATATTGGCGCTA,56,4455614
yagB_insX_yagA_predicted,0.13333333333333333,15,14,CTTCCACAGCGTGTATAGCG,1,4465174
yagB_insX_yagA_predicted,0.13333333333333333,15,14,CTGATCAGGGTATCCTAGGA,1,4459321
yagB_insX_yagA_predicted,0.13333333333333333,15,14,CTCGTAAGCCTACTTACCGG,1,4458569
yagB_insX_yagA_predicted,0.13333333333333333,15,14,CTCCTACGAGAAAGACTGAC,1,4448403
yagB_insX_yagA_predicted,0.13333333333333333,15,14,CCTGCTCCCATTTTTCCGTT,1,4453406
yagB_insX_yagA_predicted,0.13333333333333333,15,14,CCCACTCCATGTTGGTCGTA,1,4444227
yagB_insX_yagA_predicted,0.13333333333333333,15,14,CATGAGAGGCGTAGTGAATC,1,4439494
yagB_insX_yagA_predicted,0.13333333333333333,15,14,CAAGTATCTAGGGATATAGG,1,4463489
yagB_insX_yagA_predicted,18.0,283,14,ATTTTTGTACGTTCGGTGCC,269,4460961
yagB_insX_yagA_predicted,6.066666666666666,104,14,ATTCTACGTTTTTTAAGGAT,90,4471318
yagB_insX_yagA_predicted,21.0,328,14,ATTCCCGTAGGCGTCGTACG,314,4440778
yagB_insX_yagA_predicted,0.13333333333333333,15,14,ATCACAAGGGGAGTCATCGG,1,4453922
yagB_insX_yagA_predicted,0.13333333333333333,15,14,ATAAGGTCGCAGGAGCGTGG,1,4441420
yagB_insX_yagA_predicted,10.866666666666667,176,14,AGTTACACCTTTCTCTAGCT,162,4453111
yagB_insX_yagA_predicted,18.4,289,14,AGGCGATCTTATTGCCGAGT,275,4440018
yagB_insX_yagA_predicted,0.13333333333333333,15,14,AGCTCATTCTAGTGCTGCAT,1,4469428
yagB_insX_yagA_predicted,0.26666666666666666,17,14,AGCCCTGCGGACAATAACAT,3,4443904
yagB_insX_yagA_predicted,14.0,223,14,AGCAGTGACGATAGGGCGCT,209,4452548
yagB_insX_yagA_predicted,0.13333333333333333,15,14,AGAAGTCTTCCGTCAGTTCA,1,4454822
yagB_insX_yagA_predicted,0.13333333333333333,15,14,ACGGCCAAGCGGGGCATGAA,1,4449479
yagB_insX_yagA_predicted,12.2,196,14,ACAACGCGGACATCGAACAT,182,4458512
yagB_insX_yagA_predicted,0.13333333333333333,15,14,AATAACGGCTGCGGTGATTG,1,4457928
yagB_insX_yagA_predicted,5.4,94,14,AACGCCTACAAGACGTCTGA,80,4459269
yagB_insX_yagA_predicted,0.13333333333333333,15,14,AACAAGACGAATGGTGGGCA,1,4460234
yagB_insX_yagA_predicted,0.14285714285714285,14,13,TTGAACAATCACCGTTAGAC,1,4463639
yagB_insX_yagA_predicted,22.214285714285715,323,13,TCGCCACACGTGCACGTGGG,310,4469448
yagB_insX_yagA_predicted,0.14285714285714285,14,13,TAGAGAAACATGGCTACATG,1,4438765
yagB_insX_yagA_predicted,15.357142857142858,227,13,GGTCACCTAGGTATTCGCCT,214,4470989
yagB_insX_yagA_predicted,2.0714285714285716,41,13,GGCGGGTGTAGGCTTCGGGT,28,4451005
yagB_insX_yagA_predicted,5.142857142857143,84,13,GCCGCTCTTTGCGTTCGGGT,71,4448369
yagB_insX_yagA_predicted,0.14285714285714285,14,13,GAGCCGTCTCCTTGCTTCAT,1,4459704
yagB_insX_yagA_predicted,0.14285714285714285,14,13,GAACAGAAACTTCGCGTCAT,1,4456502
yagB_insX_yagA_predicted,20.214285714285715,295,13,CGAGAGATCACGCCCCCGCC,282,4455250
yagB_insX_yagA_predicted,0.14285714285714285,14,13,CCTGCGTACGCGTATCCCAA,1,4467072
yagB_insX_yagA_predicted,0.14285714285714285,14,13,CCGCACGGATCGAGATCTTG,1,4452583
yagB_insX_yagA_predicted,23.142857142857142,336,13,CACTTGGAGAAGGAGCCATA,323,4446627
yagB_insX_yagA_predicted,16.785714285714285,247,13,CAACGGTGTCGCGAAGGTAG,234,4453646
yagB_insX_yagA_predicted,0.14285714285714285,14,13,CAAATTTATTCGGTAAGTGG,1,4469088
yagB_insX_yagA_predicted,18.714285714285715,274,13,ATTATCAAGATATGTGAGCA,261,4469751
yagB_insX_yagA_predicted,23.071428571428573,335,13,AGGCGTCGCTTAAACCTTTA,322,4457439
yagB_insX_yagA_predicted,25.0,362,13,AGCACTCCTAGATCTTTATC,349,4448669
yagB_insX_yagA_predicted,26.5,383,13,ACTTCAGTTGGCGCGAATGC,370,4452107
yagB_insX_yagA_predicted,0.14285714285714285,14,13,ACTGAGGGCGTTTACTCCGT,1,4438383
yagB_insX_yagA_predicted,17.5,257,13,ACTCGTTAGAATCCTACTAT,244,4439288
yagB_insX_yagA_predicted,0.21428571428571427,15,13,ACTCACTTTATGTAGTCATG,2,4465918
yagB_insX_yagA_predicted,0.14285714285714285,14,13,AACTTGCCACCACCTCCCAG,1,4455509
yagB_insX_yagA_predicted,7.461538461538462,108,12,TTACACGCGATCGGACTACA,96,4462616
yagB_insX_yagA_predicted,0.15384615384615385,13,12,TGAGCGCTACGGACAGTACT,1,4450862
yagB_insX_yagA_predicted,13.076923076923077,181,12,TCGATTGAACGAGGGGGTGA,169,4453407
yagB_insX_yagA_predicted,25.615384615384617,344,12,TCCGTACATTGATTCCTGAT,332,4445810
yagB_insX_yagA_predicted,2.1538461538461537,39,12,TCAGGGTAGTCTCGACAGAA,27,4461051
yagB_insX_yagA_predicted,27.076923076923077,363,12,GTTCGGTACTCTTTTGATCA,351,4456044
yagB_insX_yagA_predicted,0.15384615384615385,13,12,GTGACTTTCGTGAAGTTCCT,1,4454285
yagB_insX_yagA_predicted,0.15384615384615385,13,12,GTACGGGCCGATCAAAAAAA,1,4447840
yagB_insX_yagA_predicted,0.15384615384615385,13,12,GGGACCAAGGGACGATCTGG,1,4462509
yagB_insX_yagA_predicted,22.0,297,12,GGCTTATTCATCGCCACGGT,285,4452055
yagB_insX_yagA_predicted,12.384615384615385,172,12,GCTCTATGAGCCTTCCCCTA,160,4450877
yagB_insX_yagA_predicted,0.15384615384615385,13,12,GCGCCTTACGGAGGTGGTCT,1,4444898
yagB_insX_yagA_predicted,0.15384615384615385,13,12,GCAACATTCTTAGAATAAGC,1,4449473
yagB_insX_yagA_predicted,0.23076923076923078,14,12,GAGTTAGGTCCCTTGTCTAT,2,4439810
yagB_insX_yagA_predicted,3.5384615384615383,57,12,GAGCTACGACCTGCTAAGTA,45,4470794
yagB_insX_yagA_predicted,0.15384615384615385,13,12,CTTAATGTTTCAGTTACACG,1,4442654
yagB_insX_yagA_predicted,0.15384615384615385,13,12,CTGGTGTCGCAAGTAGGCGA,1,4444319
yagB_insX_yagA_predicted,28.23076923076923,378,12,CTCTTCTATGCACACTCGGG,366,4437563
yagB_insX_yagA_predicted,0.15384615384615385,13,12,CTCTTCCCGTTACTACTCGC,1,4461109
yagB_insX_yagA_predicted,0.15384615384615385,13,12,CTCCTCATGATGGTAGTAGT,1,4461325
yagB_insX_yagA_predicted,0.15384615384615385,13,12,CGTGTTTAAAGGAGTGGAGC,1,4467352
yagB_insX_yagA_predicted,0.15384615384615385,13,12,CGTGAATTCAGATCGCCGTG,1,4447977
yagB_insX_yagA_predicted,13.923076923076923,192,12,CGCTCTCCGCCCCATTATCA,180,4438853
yagB_insX_yagA_predicted,24.53846153846154,330,12,CGCGGACAAGCGCCTGTCAA,318,4459420
yagB_insX_yagA_predicted,32.53846153846154,434,12,CGCGCAGATGAACACGGTGA,422,4466829
yagB_insX_yagA_predicted,23.153846153846153,312,12,CGCCCGCCCGTCGGATCTCC,300,4454776
yagB_insX_yagA_predicted,33.61538461538461,448,12,CCTAGAAAGGAGGGGTCGCG,436,4460752
yagB_insX_yagA_predicted,30.615384615384617,409,12,CCGCTTTTGGCATGTGTCCT,397,4437841
yagB_insX_yagA_predicted,0.15384615384615385,13,12,CCGATCATTAAGGGTAGCCA,1,4461542
yagB_insX_yagA_predicted,0.15384615384615385,13,12,CCATGTCGGTAGATCGTTGC,1,4453553
yagB_insX_yagA_predicted,12.846153846153847,178,12,CAGGGCTGTTGAAGCGAATA,166,4463070
yagB_insX_yagA_predicted,0.15384615384615385,13,12,CAATATCGCAACCGGAAAAA,1,4443282
yagB_insX_yagA_predicted,8.692307692307692,124,12,CAACGAGAACGAGTTGGATT,112,4458263
yagB_insX_yagA_predicted,0.15384615384615385,13,12,ATTGAATTGGTCAAGACGTA,1,4466468
yagB_insX_yagA_predicted,0.23076923076923078,14,12,ATGGGCTTCAAACCATTCTG,2,4463248
yagB_insX_yagA_predicted,15.0,206,12,ATGCACTACCGATGCGGATT,194,4443815
yagB_insX_yagA_predicted,7.0,102,12,ATCGCCGTGGCCTATCGTGA,90,4449867
yagB_insX_yagA_predicted,0.23076923076923078,14,12,AGGGAGACGGTGGCAGGGCA,2,4454742
yagB_insX_yagA_predicted,26.53846153846154,356,12,AGCAGCATACTAACCTTGCT,344,4436801
yagB_insX_yagA_predicted,10.076923076923077,142,12,AGATCTATGTTACTACACTA,130,4458745
yagB_insX_yagA_predicted,4.0,63,12,ACTTCAGGGTCAAGGGCGCT,51,4461843
yagB_insX_yagA_predicted,43.23076923076923,573,12,ACGGAGTAGGGCCATCGCAG,561,4461838
yagB_insX_yagA_predicted,0.15384615384615385,13,12,ACCGCACGGCCGGCTGAAGC,1,4444053
yagB_insX_yagA_predicted,0.15384615384615385,13,12,ACATCAGTAATTAATGCCCA,1,4459171
yagB_insX_yagA_predicted,10.153846153846153,143,12,ACAGCGCGGACGAGCTAAAC,131,4457445
yagB_insX_yagA_predicted,8.166666666666666,108,11,TTCGCCTGTACTTCACAGGA,97,4460664
yagB_insX_yagA_predicted,0.16666666666666666,12,11,TCGTTACCATGAGGGTCGTC,1,4446923
yagB_insX_yagA_predicted,19.25,241,11,TCACTATTTTCAGCGGTGAT,230,4469514
yagB_insX_yagA_predicted,0.16666666666666666,12,11,TATTGAAGTATAGAGTTACA,1,4441816
yagB_insX_yagA_predicted,17.583333333333332,221,11,TAAATATATTCTCTAGCTCT,210,4441769
yagB_insX_yagA_predicted,0.16666666666666666,12,11,GTGTACAGATATTTCGTAAC,1,4444304
yagB_insX_yagA_predicted,0.5,16,11,GTGAATGCTCATACCGAAGC,5,4463417
yagB_insX_yagA_predicted,26.25,325,11,GTATCTCCCGGTAGGACGTG,314,4459541
yagB_insX_yagA_predicted,3.5833333333333335,53,11,GGTTGTTATTATCCTTTCTG,42,4468901
yagB_insX_yagA_predicted,0.16666666666666666,12,11,GGTCATAACTATGATTTCGT,1,4456285
yagB_insX_yagA_predicted,0.16666666666666666,12,11,GCCTTGCGGATCGAAACCTG,1,4443512
yagB_insX_yagA_predicted,0.16666666666666666,12,11,GATTACCTCCCATAATTTGC,1,4453119
yagB_insX_yagA_predicted,0.16666666666666666,12,11,GAATTTAGGATTGGCAACGA,1,4440106
yagB_insX_yagA_predicted,19.333333333333332,242,11,CTTCAGTGGCTAGGGTGTCA,231,4472319
yagB_insX_yagA_predicted,0.16666666666666666,12,11,CTCAAATAAAAGACGTAGCA,1,4443519
yagB_insX_yagA_predicted,0.16666666666666666,12,11,CTACCATCGGACTGATACCC,1,4435938
yagB_insX_yagA_predicted,38.0,466,11,CAGTACCAGTTGGTGCGTCT,455,4460291
yagB_insX_yagA_predicted,0.16666666666666666,12,11,CAGGGAATCTTCGGCAGGCC,1,4449983
yagB_insX_yagA_predicted,13.666666666666666,174,11,CACGGTAGTAGCTCGGCATT,163,4459766
yagB_insX_yagA_predicted,0.16666666666666666,12,11,CAAACCGTGAATGATTTGCA,1,4436746
yagB_insX_yagA_predicted,0.16666666666666666,12,11,ATTTCCCGGTATAGTAGTTC,1,4450746
yagB_insX_yagA_predicted,14.75,187,11,ATGCTGCATAGATTGAGTAT,176,4454428
yagB_insX_yagA_predicted,1.8333333333333333,32,11,ATGCCCGGGCTAATTTTCCT,21,4467786
yagB_insX_yagA_predicted,14.833333333333334,188,11,ATAAGCGTATCTTCATTACA,177,4439872
yagB_insX_yagA_predicted,0.16666666666666666,12,11,ATAAAAATCACGTTACAACA,1,4466584
yagB_insX_yagA_predicted,33.25,409,11,AGGTCGTGACCGGACAGGGA,398,4460537
yagB_insX_yagA_predicted,8.583333333333334,113,11,AGCCTTTAATCACCGACTAT,102,4449491
yagB_insX_yagA_predicted,0.16666666666666666,12,11,AATAGTCAGCTTGGGAACTG,1,4469497
yagB_insX_yagA_predicted,0.16666666666666666,12,11,AAGTGGGGCCACCGTGAGCC,1,4437541
yagB_insX_yagA_predicted,0.16666666666666666,12,11,AAGGGGTTCAGACTTGGTGA,1,4462001
yagB_insX_yagA_predicted,16.083333333333332,203,11,AAGCGTCGGCCCCTTGTTAT,192,4448823
yagB_insX_yagA_predicted,18.545454545454547,213,10,TTTATTTTTGTATATGGTTT,203,4458827
yagB_insX_yagA_predicted,0.2727272727272727,12,10,TTGGGACGGAACGATAGTCG,2,4445748
yagB_insX_yagA_predicted,25.818181818181817,293,10,TGTATTCAAATAGCAATGTA,283,4461286
yagB_insX_yagA_predicted,14.636363636363637,170,10,TGTAGCGTCATCAGTTTTAT,160,4449198
yagB_insX_yagA_predicted,0.18181818181818182,11,10,TGAATTATACGAGGGACAGT,1,4447399
yagB_insX_yagA_predicted,12.727272727272727,149,10,TCTTTCGGGGTGACACCCGT,139,4437738
yagB_insX_yagA_predicted,0.18181818181818182,11,10,TCTTGATGCATGGCCGGCGT,1,4456449
yagB_insX_yagA_predicted,0.18181818181818182,11,10,TAGAAGCAAGAGTATTATAA,1,4452814
yagB_insX_yagA_predicted,9.545454545454545,114,10,TAATGTCATGCGGCTAATAG,104,4443195
yagB_insX_yagA_predicted,0.18181818181818182,11,10,TAAGCTTATGTTAGGCGCAA,1,4449483
yagB_insX_yagA_predicted,28.636363636363637,324,10,GTTTATGTACGTCAAAGTAT,314,4469819
yagB_insX_yagA_predicted,0.18181818181818182,11,10,GTGCCAAAGGGGGCCGGGGA,1,4439588
yagB_insX_yagA_predicted,0.18181818181818182,11,10,GTGAGCCCACGTCGGGTGGC,1,4448973
yagB_insX_yagA_predicted,0.18181818181818182,11,10,GTCGGGAATATCAACCGCCG,1,4437415
yagB_insX_yagA_predicted,17.09090909090909,197,10,GTCGGAGCCCAATAAACCTC,187,4450993
yagB_insX_yagA_predicted,2.727272727272727,39,10,GTCCTCCGATCACTCTAGAA,29,4468365
yagB_insX_yagA_predicted,0.18181818181818182,11,10,GTAAATGGTCGTCGCGGGGT,1,4464769
yagB_insX_yagA_predicted,0.18181818181818182,11,10,GCTACCTCACCGGAATGGCG,1,4452881
yagB_insX_yagA_predicted,3.4545454545454546,47,10,GATGGGCTTTATCCGTGGTT,37,4443242
yagB_insX_yagA_predicted,0.18181818181818182,11,10,GAGAGGGTTTTAAGCGGTTC,1,4451402
yagB_insX_yagA_predicted,10.454545454545455,124,10,GACTTTGCGGCCCGTCAGCC,114,4444906
yagB_insX_yagA_predicted,0.18181818181818182,11,10,CTGTGATTAGTAGTAACGGT,1,4459544
yagB_insX_yagA_predicted,11.181818181818182,132,10,CTATAAAGGGCGGTCGTAGA,122,4459681
yagB_insX_yagA_predicted,0.18181818181818182,11,10,CTAGGGATCCGTTAATCGCA,1,4449633
yagB_insX_yagA_predicted,0.18181818181818182,11,10,CTAAATCGTGTAACCGTTAG,1,4468690
yagB_insX_yagA_predicted,0.2727272727272727,12,10,CGTCGCGGATGAGAGTCCGG,2,4458510
yagB_insX_yagA_predicted,24.727272727272727,281,10,CGACGACAGTTTACCGGATT,271,4452752
yagB_insX_yagA_predicted,1.8181818181818181,29,10,CCTGCAACCGGCGCAGTAAT,19,4457694
yagB_insX_yagA_predicted,9.818181818181818,117,10,CCTAGCACCTCCCCAATAGT,107,4471654
yagB_insX_yagA_predicted,5.545454545454546,70,10,CCGCGGGGGGACAGTGCGGA,60,4444207
yagB_insX_yagA_predicted,20.363636363636363,233,10,CCGCCAAGTTAGGCAGACGA,223,4457741
yagB_insX_yagA_predicted,14.0,163,10,CCCTGCGTTGCACAGTTCAG,153,4447882
yagB_insX_yagA_predicted,0.18181818181818182,11,10,CCCTACTAATTGAATAGATA,1,4448544
yagB_insX_yagA_predicted,16.454545454545453,190,10,CAGTGCCGCGATGGTTGTCT,180,4458840
yagB_insX_yagA_predicted,1.2727272727272727,23,10,ATCTTCACTTCCGTAAGTGA,13,4458779
yagB_insX_yagA_predicted,0.18181818181818182,11,10,AGGGATTCGTAGAGGAGCGG,1,4445049
yagB_insX_yagA_predicted,0.2727272727272727,12,10,AGCGGATTAGCGTTGTATGG,2,4459558
yagB_insX_yagA_predicted,0.18181818181818182,11,10,AGCGCGGTGTGTCTAGTATC,1,4445889
yagB_insX_yagA_predicted,0.18181818181818182,11,10,AGATCTCATGACGTTATAGA,1,4463377
yagB_insX_yagA_predicted,0.18181818181818182,11,10,AGAAATGGCAGTTTCGCGTC,1,4453867
yagB_insX_yagA_predicted,30.636363636363637,346,10,ACAGGGTCTTCCCTCTTAGC,336,4464609
yagB_insX_yagA_predicted,16.09090909090909,186,10,AAGCGCAATCCATAGCATGT,176,4464208
yagB_insX_yagA_predicted,27.545454545454547,312,10,AAAGATGGAAACTTTCCGTA,302,4443916
yagB_insX_yagA_predicted,31.1,319,9,TTGAAGTACTAATTCGCCCA,310,4438689
yagB_insX_yagA_predicted,0.2,10,9,TTCCGTCAAAGCCATAAGCT,1,4445620
yagB_insX_yagA_predicted,18.2,190,9,TTATCATGTTAGCATGATCT,181,4468001
yagB_insX_yagA_predicted,21.4,222,9,TTAATAGGACCCAATATTCT,213,4438365
yagB_insX_yagA_predicted,15.9,167,9,TTAAGTCAGTGGGCCGGCCA,158,4446385
yagB_insX_yagA_predicted,0.2,10,9,TGGGGGGCTGGGTACACCCA,1,4436744
yagB_insX_yagA_predicted,5.2,60,9,TGCATGCTAACGTATTGATT,51,4449534
yagB_insX_yagA_predicted,0.2,10,9,TGATCAGAAGGCATCTATCA,1,4448098
yagB_insX_yagA_predicted,0.2,10,9,TGAAAAGCGGACCGAGCTGT,1,4440693
yagB_insX_yagA_predicted,16.5,173,9,TCTTGGCTAGCGCCAGGGTT,164,4452471
yagB_insX_yagA_predicted,10.2,110,9,TCGGGGCCTGACCAGTGATT,101,4453322
yagB_insX_yagA_predicted,24.8,256,9,TATTCTCGGTGCAATCACAA,247,4444668
yagB_insX_yagA_predicted,3.5,43,9,TATACAAATCTTTTTGTCAT,34,4446743
yagB_insX_yagA_predicted,0.2,10,9,TATAATTCCAACTAAAAGTA,1,4464101
yagB_insX_yagA_predicted,0.2,10,9,TATAACATGAACTTTGTCCT,1,4457985
yagB_insX_yagA_predicted,14.7,155,9,TACCACAGTCAAGGACCAGC,146,4439901
yagB_insX_yagA_predicted,0.2,10,9,TACATTGGCACCGGGCACAA,1,4450052
yagB_insX_yagA_predicted,13.2,140,9,TACATAGATAGTGAACCGAC,131,4440956
yagB_insX_yagA_predicted,7.8,86,9,GTCGAAAGTTGCTAAGAGAT,77,4444946
yagB_insX_yagA_predicted,30.3,311,9,GGTGGGTCAACTGCCATAGC,302,4449340
yagB_insX_yagA_predicted,22.2,230,9,GGGCTAGGAGATACCGAATG,221,4469079
yagB_insX_yagA_predicted,0.2,10,9,GGGACACGATTACGAGACGA,1,4459770
yagB_insX_yagA_predicted,41.4,422,9,GGACCATGGAAGCGTGGTAT,413,4451229
yagB_insX_yagA_predicted,0.2,10,9,GACAAACGCGACTACTCCTC,1,4448630
yagB_insX_yagA_predicted,10.7,115,9,GAATCTCGCTTCTGGAATGG,106,4447129
yagB_insX_yagA_predicted,13.1,139,9,CTAGCATACCTTATAGAGTC,130,4448435
yagB_insX_yagA_predicted,0.2,10,9,CGTATTTGCTAGGGCAACGT,1,4469162
yagB_insX_yagA_predicted,13.1,139,9,CGACGGTACTCCATTTGTTT,130,4446288
yagB_insX_yagA_predicted,0.2,10,9,CCTACATGCGTTGAACAACA,1,4441569
yagB_insX_yagA_predicted,0.2,10,9,CAGTATCTGCAACGCATCAA,1,4454350
yagB_insX_yagA_predicted,26.3,271,9,CAGCTTCTGCCAGCACGGGT,262,4461113
yagB_insX_yagA_predicted,0.2,10,9,CACGCGGGGTGCGTCCTCGA,1,4467476
yagB_insX_yagA_predicted,0.2,10,9,ATGGTGGCCCGCCATTCACG,1,4453435
yagB_insX_yagA_predicted,30.5,313,9,ATGAACTTGTAATTCACTTA,304,4437745
yagB_insX_yagA_predicted,0.2,10,9,AGTTACTATTCAACGTGGTA,1,4454271
yagB_insX_yagA_predicted,15.1,159,9,AGTGGTATCGCAGCGCTACT,150,4469009
yagB_insX_yagA_predicted,30.5,313,9,AGTAATCGTTTTGTCGCAGC,304,4453579
yagB_insX_yagA_predicted,16.1,169,9,AGGGGTACGAAGTATGTTAT,160,4465541
yagB_insX_yagA_predicted,0.2,10,9,AGGAGAGTCAGTTACGCGAC,1,4439472
yagB_insX_yagA_predicted,14.7,155,9,ACGCTGTGTAATTGTACTAC,146,4459180
yagB_insX_yagA_predicted,0.2,10,9,AAGTTAGGCGATTTACGGTG,1,4458343
yagB_insX_yagA_predicted,28.1,289,9,AACATGGAAATAGTTGTCCG,280,4459300
yagB_insX_yagA_predicted,30.7,315,9,AAAGGACCAAGGACTTATCT,306,4448379
yagB_insX_yagA_predicted,4.111111111111111,44,8,TTTCCTCATTTCGCCCTCCC,36,4444579
yagB_insX_yagA_predicted,0.2222222222222222,9,8,TGCGATAAAGCGATTTCAAA,1,4462006
yagB_insX_yagA_predicted,0.2222222222222222,9,8,TCTCGGTTTGATTATAACCT,1,4461637
yagB_insX_yagA_predicted,0.2222222222222222,9,8,TACCTTTGTAACGTAGATAG,1,4439177
yagB_insX_yagA_predicted,39.111111111111114,359,8,GTTGAATGACTGCCTCCGTT,351,4471140
yagB_insX_yagA_predicted,8.88888888888889,87,8,GTGTGAAGTCTTAAGTTTAT,79,4463178
yagB_insX_yagA_predicted,23.333333333333332,217,8,GTGTAAATAAACCCTTCAAC,209,4436518
yagB_insX_yagA_predicted,19.22222222222222,180,8,GTCCTTTCCTACGGAAGGAA,172,4465123
yagB_insX_yagA_predicted,0.2222222222222222,9,8,GTATGTTCAAACGGGCTTAG,1,4451608
yagB_insX_yagA_predicted,8.333333333333334,82,8,GGGCTCAAGTGATGAGTAAT,74,4470615
yagB_insX_yagA_predicted,0.2222222222222222,9,8,GGGATGCTGGATAGACGTCG,1,4441293
yagB_insX_yagA_predicted,17.22222222222222,162,8,GCGACAGACAAACGGCAAGT,154,4462377
yagB_insX_yagA_predicted,0.2222222222222222,9,8,GCAGCGATTGCTCCATTGAC,1,4439581
yagB_insX_yagA_predicted,0.2222222222222222,9,8,GAGTTACGCCAAATCTTCTA,1,4442287
yagB_insX_yagA_predicted,23.333333333333332,217,8,GAAAGACGTCGTGACCGAAG,209,4452821
yagB_insX_yagA_predicted,0.2222222222222222,9,8,CTCCTTAGAAGGTCACGGAA,1,4462861
yagB_insX_yagA_predicted,22.555555555555557,210,8,CTAGTGTCCATAAATTTGCC,202,4438172
yagB_insX_yagA_predicted,43.666666666666664,400,8,CGCCGGCTCCTTGTGAGCGT,392,4448294
yagB_insX_yagA_predicted,20.666666666666668,193,8,CGACTTGGACGTAGACGACT,185,4455448
yagB_insX_yagA_predicted,17.0,160,8,CCTCTTGATCTGAAGTTCGG,152,4465775
yagB_insX_yagA_predicted,5.666666666666667,58,8,CAAGCCATCATCAGCAATGA,50,4468141
yagB_insX_yagA_predicted,3.6666666666666665,40,8,ATTGATTTGGAGGTGACTTC,32,4445675
yagB_insX_yagA_predicted,0.2222222222222222,9,8,ATTCCTAGCAGAATTCGTCA,1,4469092
yagB_insX_yagA_predicted,26.0,241,8,ATTCCGCCAAGTGATAACTC,233,4438366
yagB_insX_yagA_predicted,40.888888888888886,375,8,ATTCACAAAGAGCCAGGGAT,367,4458561
yagB_insX_yagA_predicted,0.2222222222222222,9,8,ATGGGCGATCAAAATAAAAT,1,4444278
yagB_insX_yagA_predicted,0.2222222222222222,9,8,ATCGTGTGTGTTGTAACAAG,1,4458847
yagB_insX_yagA_predicted,13.777777777777779,131,8,ATCGTGTCCGCACCTTCGCT,123,4436987
yagB_insX_yagA_predicted,42.333333333333336,388,8,ATCGTCTTGACGCCTCAGTA,380,4446106
yagB_insX_yagA_predicted,41.0,376,8,AGTACAGACTCGTCTCCCAC,368,4453512
yagB_insX_yagA_predicted,11.222222222222221,108,8,AGGGCAATCGATGGATTGGC,100,4464715
yagB_insX_yagA_predicted,0.2222222222222222,9,8,AGATTCTCTTGGCACAGAAA,1,4451477
yagB_insX_yagA_predicted,0.2222222222222222,9,8,AGATGTCCGAGTCCGTGGAA,1,4446297
yagB_insX_yagA_predicted,0.2222222222222222,9,8,AGAGTATTCGTCCGGTATGC,1,4449256
yagB_insX_yagA_predicted,25.444444444444443,236,8,ACCACGCTCTGTCACAGCAT,228,4465496
yagB_insX_yagA_predicted,23.666666666666668,220,8,ACACAGGCTTACTGACATGA,212,4459404
yagB_insX_yagA_predicted,0.2222222222222222,9,8,AATGATATATTGCCTCAGGT,1,4462577
yagB_insX_yagA_predicted,0.2222222222222222,9,8,AATCTTGTCCACGACAAGTT,1,4463126
yagB_insX_yagA_predicted,17.555555555555557,165,8,AATCGCGGTCAGGTAGCACA,157,4463098
yagB_insX_yagA_predicted,0.2222222222222222,9,8,AATCGCGGCGACCGCTTGGA,1,4462414
yagB_insX_yagA_predicted,34.333333333333336,316,8,AAGTATTCGGTTTCCATCGT,308,4456974
yagB_insX_yagA_predicted,38.77777777777778,356,8,AAAGAGCCATAAGGGCAGTG,348,4468220
yagB_insX_yagA_predicted,31.375,257,7,TTTAAGCTATATCAACTTTG,250,4452621
yagB_insX_yagA_predicted,0.25,8,7,TTGGCAGCCGCTACTCGGCG,1,4470045
yagB_insX_yagA_predicted,14.0,118,7,TTCGCACGGGCACCGGATTA,111,4459543
yagB_insX_yagA_predicted,0.25,8,7,TTCACGGCCGACGCGGGGGG,1,4471093
yagB_insX_yagA_predicted,4.0,38,7,TGGTTACCGTTCTCTTTCCC,31,4443263
yagB_insX_yagA_predicted,0.25,8,7,TGCACATCGGTTGTTTTATG,1,4462191
yagB_insX_yagA_predicted,0.25,8,7,TGATATCGGTTGTGTTACCA,1,4472353
yagB_insX_yagA_predicted,0.25,8,7,TGAGTCAGGTTGGAAGGCCT,1,4454867
yagB_insX_yagA_predicted,0.25,8,7,TCTGTAGTGACCTCAATGTT,1,4471378
yagB_insX_yagA_predicted,50.375,409,7,TCGAAATACCACGTTAGCAA,402,4449245
yagB_insX_yagA_predicted,31.0,254,7,TCCAGATGAAGCTGGGTCAC,247,4461206
yagB_insX_yagA_predicted,0.25,8,7,TATCTGCGTCTGGTTAGCGG,1,4447204
yagB_insX_yagA_predicted,22.25,184,7,TATAGGTGAAAGCCCAAGGA,177,4453872
yagB_insX_yagA_predicted,99.75,804,7,TAAAGAACCTGACTCGGGAA,797,4459699
yagB_insX_yagA_predicted,0.25,8,7,GTCGGATCCGGTTCGAACCT,1,4465353
yagB_insX_yagA_predicted,0.375,9,7,GTCATCGTTCCTAAGTGGCC,2,4443051
yagB_insX_yagA_predicted,0.25,8,7,GTATACGAAATGCTAAGCGA,1,4446619
yagB_insX_yagA_predicted,45.5,370,7,GGGTCCAACGACATTGAGCC,363,4469015
yagB_insX_yagA_predicted,0.25,8,7,GCTCCATTCGAACTGTCTAG,1,4456058
yagB_insX_yagA_predicted,0.25,8,7,GCGTCCTCAGCCGGATTCCT,1,4441219
yagB_insX_yagA_predicted,23.375,193,7,GCAAGTTCTGGCTTGGTTTC,186,4471008
yagB_insX_yagA_predicted,0.25,8,7,CTTCAACCGAAAGATTTCTA,1,4452419
yagB_insX_yagA_predicted,15.25,128,7,CTTACGGCATACTATTGGCT,121,4469998
yagB_insX_yagA_predicted,45.5,370,7,CTCTACTTTTAAACTGCCAG,363,4439106
yagB_insX_yagA_predicted,0.25,8,7,CTACTAACCGTACGTAACGA,1,4456570
yagB_insX_yagA_predicted,21.125,175,7,CTACGAAGTAATAGCGTCTG,168,4446709
yagB_insX_yagA_predicted,44.375,361,7,CTAAGAGCAGCCATGTTAGG,354,4459807
yagB_insX_yagA_predicted,23.0,190,7,CGTTTGCCGGTAGTGCCATC,183,4471893
yagB_insX_yagA_predicted,13.75,116,7,CGTGCCACTCAAACAGGCAT,109,4460380
yagB_insX_yagA_predicted,44.0,358,7,CGCTCTATCGGAGTTTAGTA,351,4448052
yagB_insX_yagA_predicted,0.25,8,7,CGAACATAGCATCCTATTTG,1,4456144
yagB_insX_yagA_predicted,0.25,8,7,CAGTTTAAGGATAACGCATT,1,4464347
yagB_insX_yagA_predicted,42.375,345,7,CAGTCAACAGTCCTCTGGGA,338,4454383
yagB_insX_yagA_predicted,12.125,103,7,CACAGTCTAAGTCGTTTGGG,96,4436323
yagB_insX_yagA_predicted,24.375,201,7,ATTACGGAAGCATAAACATT,194,4446850
yagB_insX_yagA_predicted,0.375,9,7,ATGCCAGAACATTTGTGTTA,2,4466031
yagB_insX_yagA_predicted,0.25,8,7,ATGAAGAAGCGGGCTGCGTA,1,4462621
yagB_insX_yagA_predicted,18.875,157,7,ATCTGTATAGGGTCTCCAAC,150,4449947
yagB_insX_yagA_predicted,0.25,8,7,AGTCGTGGCGTACTATTCAA,1,4459664
yagB_insX_yagA_predicted,21.875,181,7,AGGGTGATAGGCCTGTGTCT,174,4443939
yagB_insX_yagA_predicted,14.375,121,7,AGGCTGCAGCCAATTAGAGA,114,4453363
yagB_insX_yagA_predicted,0.375,9,7,AGGCCGTACAAGCAAAGAGA,2,4441432
yagB_insX_yagA_predicted,0.25,8,7,AGAGCGCATAAGCGAATACT,1,4459357
yagB_insX_yagA_predicted,0.25,8,7,ACGGAAGATGTGCCATGCAT,1,4444456
yagB_insX_yagA_predicted,10.375,89,7,ACCGAGGGATGTTCCTTTCC,82,4437029
yagB_insX_yagA_predicted,0.25,8,7,AAGGTCATGTCGTGCAGAAA,1,4446829
yagB_insX_yagA_predicted,0.25,8,7,AACTAAATACTGCAGCGGTA,1,4437276
yagB_insX_yagA_predicted,0.2857142857142857,7,6,TGGATGCGTGGGTATAATTT,1,4456901
yagB_insX_yagA_predicted,0.2857142857142857,7,6,TCTAAGCCATCCGGGATCTT,1,4465493
yagB_insX_yagA_predicted,0.7142857142857143,10,6,TCGGATGTAATGACAGTAAG,4,4467282
yagB_insX_yagA_predicted,36.142857142857146,258,6,TCAGATATCTGAGCTCAATG,252,4465083
yagB_insX_yagA_predicted,43.142857142857146,307,6,TCACTTGTCATTCCCCCAAA,301,4469970
yagB_insX_yagA_predicted,46.142857142857146,328,6,TCAAGTGAATCTTTCTTAAA,322,4458776
yagB_insX_yagA_predicted,50.285714285714285,357,6,TATACGCATCTATTAGGGCA,351,4459191
yagB_insX_yagA_predicted,21.0,152,6,TAGCTAGTACAATAACTCGA,146,4447252
yagB_insX_yagA_predicted,0.2857142857142857,7,6,TAAAGGTAACTCACTCTGCT,1,4467018
yagB_insX_yagA_predicted,0.2857142857142857,7,6,GTTGCGGATATTAAGAATTG,1,4459669
yagB_insX_yagA_predicted,17.857142857142858,130,6,GTGTCATTAACCTATAACGT,124,4456429
yagB_insX_yagA_predicted,10.714285714285714,80,6,GGTACGTTAGCCGTCTGAAT,74,4460881
yagB_insX_yagA_predicted,0.2857142857142857,7,6,GGGCGGTGCACCGCTGGGGT,1,4440538
yagB_insX_yagA_predicted,0.2857142857142857,7,6,GGCTAACTATTGTCCTTTTG,1,4460488
yagB_insX_yagA_predicted,54.142857142857146,384,6,GCTTTCCAGATGTTATGCGA,378,4457073
yagB_insX_yagA_predicted,0.2857142857142857,7,6,GCACGGTCAGCGGCTTAGTC,1,4462737
yagB_insX_yagA_predicted,0.2857142857142857,7,6,GATTGACATAAGATGTACGG,1,4452041
yagB_insX_yagA_predicted,0.2857142857142857,7,6,GAGGGTATGGTCCGCAATGG,1,4455417
yagB_insX_yagA_predicted,0.2857142857142857,7,6,GACTCAGCCTGATCACGGGT,1,4454165
yagB_insX_yagA_predicted,36.142857142857146,258,6,GACGTTATGGAAAGTGTCCC,252,4438547
yagB_insX_yagA_predicted,49.857142857142854,354,6,GACCCGGGATGTACAATCAT,348,4443614
yagB_insX_yagA_predicted,57.42857142857143,407,6,CTTCGGAATGTCCCACATCT,401,4451768
yagB_insX_yagA_predicted,25.857142857142858,186,6,CTGGCCTGCTGTGCACATCT,180,4462542
yagB_insX_yagA_predicted,0.2857142857142857,7,6,CGCTCAAGCTTCATCATAAT,1,4441380
yagB_insX_yagA_predicted,31.428571428571427,225,6,CGCACGTAGGGAGAGCACGG,219,4455102
yagB_insX_yagA_predicted,0.2857142857142857,7,6,CCGTGATCTTAATACATCAC,1,4442278
yagB_insX_yagA_predicted,45.285714285714285,322,6,CCCATCTCAACCAACCTCAA,316,4439738
yagB_insX_yagA_predicted,20.142857142857142,146,6,CATTTCCTGCAAGTCAAGTA,140,4465875
yagB_insX_yagA_predicted,15.142857142857142,111,6,ATTTTTCATAATGGTAGTGC,105,4467977
yagB_insX_yagA_predicted,0.2857142857142857,7,6,ATGATTTGAGGATGGGCTTG,1,4449021
yagB_insX_yagA_predicted,41.714285714285715,297,6,ATCTTTTGGCTGGCTTAACG,291,4439712
yagB_insX_yagA_predicted,66.71428571428571,472,6,ATAGAGATCTCAGCATCAGT,466,4445415
yagB_insX_yagA_predicted,57.857142857142854,410,6,AGGGCTCCGCGCGCCTATAT,404,4465753
yagB_insX_yagA_predicted,0.2857142857142857,7,6,AGATAGACGAGACGGGGTGC,1,4446971
yagB_insX_yagA_predicted,58.42857142857143,414,6,ACTGGATCGAAGCCATACGA,408,4470987
yagB_insX_yagA_predicted,20.714285714285715,150,6,ACGCAAAGACTCAGTGTCAT,144,4449337
yagB_insX_yagA_predicted,23.714285714285715,171,6,AATGGTCGTATTTCGCATTC,165,4455640
yagB_insX_yagA_predicted,0.2857142857142857,7,6,AACTGTCTCTTAGCGGTCGG,1,4455366
yagB_insX_yagA_predicted,37.42857142857143,267,6,AACATTGAACGTATCTTAAG,261,4440185
yagB_insX_yagA_predicted,0.2857142857142857,7,6,AAAAGCTTTGATAGCGGCAA,1,4446797
yagB_insX_yagA_predicted,12.833333333333334,81,5,TTCTGACAAAGACTTTTTTA,76,4443047
yagB_insX_yagA_predicted,0.3333333333333333,6,5,TTCTCTCCCTAATTGACGAT,1,4451517
yagB_insX_yagA_predicted,2.8333333333333335,21,5,TTCTAGGGGGCCGCCACGAC,16,4436490
yagB_insX_yagA_predicted,34.5,211,5,TTCGTTTGTGCTCCAATGTA,206,4459046
yagB_insX_yagA_predicted,0.3333333333333333,6,5,TTCGGAGCATTCTAGGCTTC,1,4466293
yagB_insX_yagA_predicted,51.0,310,5,TTATTTAGTTGGATATGGTT,305,4449731
yagB_insX_yagA_predicted,0.3333333333333333,6,5,TGTCTATAGTGACCGTTCGG,1,4465465
yagB_insX_yagA_predicted,0.3333333333333333,6,5,TGGGCCCCGAGAGATTAGAT,1,4436593
yagB_insX_yagA_predicted,0.3333333333333333,6,5,TGGCATACCAAGTACACGCT,1,4463111
yagB_insX_yagA_predicted,0.6666666666666666,8,5,TGGAGGATTATGACCCTTAT,3,4440697
yagB_insX_yagA_predicted,0.5,7,5,TGGAAGCCGGATGTTTGTAC,2,4459643
yagB_insX_yagA_predicted,0.3333333333333333,6,5,TCTACTGGACAGAAACCCAA,1,4463715
yagB_insX_yagA_predicted,46.666666666666664,284,5,TCCAGGGTGTTCCATGCGCC,279,4462421
yagB_insX_yagA_predicted,23.833333333333332,147,5,GTTACGAGTATCACAGTATG,142,4457523
yagB_insX_yagA_predicted,0.3333333333333333,6,5,GGTGGGGCCGGTGACTCGTG,1,4452889
yagB_insX_yagA_predicted,0.3333333333333333,6,5,GGCCTGTTACTTCTATTCGA,1,4437867
yagB_insX_yagA_predicted,39.666666666666664,242,5,GCTTCCATTCCACTAATGGG,237,4459542
yagB_insX_yagA_predicted,0.5,7,5,GCTGTGCTCTGGGGGCACGT,2,4452194
yagB_insX_yagA_predicted,0.3333333333333333,6,5,GCGTCAAGGTATCCCTTAAA,1,4437419
yagB_insX_yagA_predicted,57.666666666666664,350,5,GCCACAATCTTTCGGGAACT,345,4463057
yagB_insX_yagA_predicted,44.833333333333336,273,5,GCAGGGTGTCCGTTCCACTG,268,4462072
yagB_insX_yagA_predicted,32.5,199,5,GATTCGCCTCCCCCAAGAGA,194,4450625
yagB_insX_yagA_predicted,30.666666666666668,188,5,GACCCCTCCTGTCGTGATTG,183,4470949
yagB_insX_yagA_predicted,0.3333333333333333,6,5,GAAGATTGAAGGCACCCCGC,1,4470594
yagB_insX_yagA_predicted,17.0,106,5,CTTGTGGTGTGTAACTCCCT,101,4453558
yagB_insX_yagA_predicted,0.3333333333333333,6,5,CTATTTATTAGAGAAGACGT,1,4467612
yagB_insX_yagA_predicted,0.3333333333333333,6,5,CGTTCTACAACTAATATCCT,1,4443267
yagB_insX_yagA_predicted,46.833333333333336,285,5,CCGTGTACAAATACAACGTC,280,4470735
yagB_insX_yagA_predicted,0.3333333333333333,6,5,CCGAGTGACACCGGAGGCGG,1,4461053
yagB_insX_yagA_predicted,34.0,208,5,CCCGCGATGAGTGAACTCTG,203,4463105
yagB_insX_yagA_predicted,0.3333333333333333,6,5,CCATCGTTTGGAAGGGCAGC,1,4458751
yagB_insX_yagA_predicted,1.5,13,5,CATTGACGAGGCGTGCAGCA,8,4458197
yagB_insX_yagA_predicted,0.3333333333333333,6,5,CATTAAGTTAAGGTCCACGC,1,4458474
yagB_insX_yagA_predicted,0.3333333333333333,6,5,CAGAACGGGAGATACTCGGA,1,4445203
yagB_insX_yagA_predicted,0.5,7,5,CACCTTGCTTCTCAGGTGAA,2,4470000
yagB_insX_yagA_predicted,0.3333333333333333,6,5,CACCGCCTACATCACAGCAA,1,4457310
yagB_insX_yagA_predicted,0.3333333333333333,6,5,ATTAAGTCAGGTGGTTGACT,1,4450810
yagB_insX_yagA_predicted,58.0,352,5,AGCGGTCCATCACCGGGCTA,347,4456426
yagB_insX_yagA_predicted,8.0,52,5,ACTTTGCTCCTCCCCGAGCC,47,4443573
yagB_insX_yagA_predicted,0.3333333333333333,6,5,ACCCTCCGTACTCATGCGGT,1,4445106
yagB_insX_yagA_predicted,0.3333333333333333,6,5,AATACACCCTTGATCGCGGC,1,4453528
yagB_insX_yagA_predicted,32.666666666666664,200,5,AACACCGTTACGATGTGTCC,195,4459328
yagB_insX_yagA_predicted,39.6,201,4,TTGTTTTCTCGGTAAGGGCC,197,4455931
yagB_insX_yagA_predicted,61.8,312,4,TTGTAGTTACCTACGCAGGT,308,4460963
yagB_insX_yagA_predicted,16.6,86,4,TGTAGGGTCATCAGTTTTAT,82,4449230
yagB_insX_yagA_predicted,22.2,114,4,TGGTTACTTCTGAGTGGATA,110,4456935
yagB_insX_yagA_predicted,0.4,5,4,TGAGAATCAAGCGATGTAAC,1,4463699
yagB_insX_yagA_predicted,54.4,275,4,TCTCAGGCGCTGCCGTCGCA,271,4463815
yagB_insX_yagA_predicted,1.2,9,4,TCCGGACTGGATCGCCCCCT,5,4437763
yagB_insX_yagA_predicted,0.4,5,4,TATTCTGAGGCGGTCCACTG,1,4471007
yagB_insX_yagA_predicted,0.4,5,4,TAGCAGTTCGTAGAAGTACG,1,4471750
yagB_insX_yagA_predicted,42.8,217,4,TACGGCATTACACGTTCCAA,213,4442421
yagB_insX_yagA_predicted,0.4,5,4,TACGGAGATCCCAGGATAGT,1,4457478
yagB_insX_yagA_predicted,59.6,301,4,TACCCGGGAGATCCGATAGA,297,4459627
yagB_insX_yagA_predicted,0.4,5,4,TACACCACGTGAATCATCTT,1,4465058
yagB_insX_yagA_predicted,18.8,97,4,TAAGAATAACCCCAGTCAGA,93,4449519
yagB_insX_yagA_predicted,0.4,5,4,GGGTCCACCTTCTTGCTGGA,1,4448349
yagB_insX_yagA_predicted,0.4,5,4,GGATTCGACTTACACATCCG,1,4450144
yagB_insX_yagA_predicted,27.4,140,4,GGAGCTAACTAAAGTGGAAA,136,4444675
yagB_insX_yagA_predicted,25.0,128,4,CTGGACCGAACGTGTCATTT,124,4466780
yagB_insX_yagA_predicted,0.4,5,4,CTCCACTTTAGGGCGTCCTG,1,4447247
yagB_insX_yagA_predicted,33.8,172,4,CGTCCTCCGAGCTGGCCCAT,168,4460871
yagB_insX_yagA_predicted,0.4,5,4,CGGTGACATCGGTGGTGTCA,1,4463679
yagB_insX_yagA_predicted,48.6,246,4,CGGGTGACGGTTTCAAGCAA,242,4465569
yagB_insX_yagA_predicted,0.4,5,4,CGCGCGTGGATCCTAAAGAC,1,4468426
yagB_insX_yagA_predicted,0.4,5,4,CGAACGTTTTCTTAAGATGG,1,4438418
yagB_insX_yagA_predicted,0.4,5,4,CCTAAGGTAAAACTAAAGCT,1,4461324
yagB_insX_yagA_predicted,0.4,5,4,CCGTTGCCGAGAGGGAACGG,1,4471570
yagB_insX_yagA_predicted,0.4,5,4,CCGTGTCCTCGTGCAGACGG,1,4460682
yagB_insX_yagA_predicted,17.4,90,4,ATTTCAACCCGTCGGTATCG,86,4440144
yagB_insX_yagA_predicted,0.4,5,4,ATTAGCGCGTTTGAAGTGAG,1,4458344
yagB_insX_yagA_predicted,88.2,444,4,ATCACGGTCGGGTAATGTAG,440,4452156
yagB_insX_yagA_predicted,0.4,5,4,AGGCGAGACCTTTGCTGGCA,1,4471742
yagB_insX_yagA_predicted,25.4,130,4,AGGACGTAAAACGTGTAGGC,126,4442007
yagB_insX_yagA_predicted,75.4,380,4,ACTAGGAATGGGGATGTGTT,376,4466363
yagB_insX_yagA_predicted,0.4,5,4,ACTAGAGCCCTGCCGACCCA,1,4472334
yagB_insX_yagA_predicted,0.4,5,4,ACGTTTCCTTGCGACAGTCC,1,4452611
yagB_insX_yagA_predicted,0.4,5,4,AATTTCGGCATGGCCCTAAC,1,4445961
yagB_insX_yagA_predicted,76.8,387,4,AAGCGTTTGCTATTTAAAGA,383,4444620
yagB_insX_yagA_predicted,0.4,5,4,AAAAAGCTCGTGCCATTATG,1,4465661
yagB_insX_yagA_predicted,49.0,198,3,TTTTCCGTAAGCCAGGTTGG,195,4456925
yagB_insX_yagA_predicted,40.75,165,3,TTATCAACTCCCACTTTGCC,162,4439083
yagB_insX_yagA_predicted,11.75,49,3,TGTTCGGCTACAGGGCGGAG,46,4436350
yagB_insX_yagA_predicted,0.5,4,3,TGTTAGCATGGAACGGCCGG,1,4468562
yagB_insX_yagA_predicted,0.5,4,3,TGTGCACGTCGTATAGGCGA,1,4466068
yagB_insX_yagA_predicted,0.5,4,3,TGTAATTAGTAGAGGGCTTT,1,4458927
yagB_insX_yagA_predicted,0.5,4,3,TGGGTCAAGGTAGTAAGTCC,1,4436036
yagB_insX_yagA_predicted,54.75,221,3,TGCAGACGTGGGTTTCGTGA,218,4450681
yagB_insX_yagA_predicted,30.0,122,3,TGATCCATGAGGGTTGCTTG,119,4452184
yagB_insX_yagA_predicted,0.5,4,3,TCTCGGGCACACATGAGCAT,1,4461564
yagB_insX_yagA_predicted,0.5,4,3,TCCGCCTTGGGAACTGCCAC,1,4465757
yagB_insX_yagA_predicted,0.5,4,3,TACCATCTGTTAGGGTTAGA,1,4442110
yagB_insX_yagA_predicted,49.75,201,3,TAACTTAAATTGTGGGGTGT,198,4446259
yagB_insX_yagA_predicted,51.5,208,3,GTACCAAGACCATGTTCGCG,205,4453686
yagB_insX_yagA_predicted,0.5,4,3,GGAGACGGAGTGCGTAGCTT,1,4460723
yagB_insX_yagA_predicted,0.5,4,3,GCTGCCGCGTCCTATCAGGG,1,4439774
yagB_insX_yagA_predicted,43.25,175,3,GCGTGTATTGTGCAGACCAG,172,4446222
yagB_insX_yagA_predicted,0.5,4,3,GCATGAACTGAAGCTGTATT,1,4455992
yagB_insX_yagA_predicted,26.5,108,3,GCACGGTTTACGAACGTTAA,105,4459254
yagB_insX_yagA_predicted,81.25,327,3,GACAAGTTGGCTCCAGGGCA,324,4469833
yagB_insX_yagA_predicted,85.25,343,3,CTATTCCCTTGGTACAAGCT,340,4450960
yagB_insX_yagA_predicted,49.75,201,3,CGACCGATCTTCTGTTTCTT,198,4439130
yagB_insX_yagA_predicted,0.5,4,3,CCTCGGCGAAGCCTAACGGT,1,4465274
yagB_insX_yagA_predicted,44.25,179,3,CCTACTACCCGGACTCTATG,176,4468373
yagB_insX_yagA_predicted,0.5,4,3,CCTAAGGGACAATCGGATCC,1,4454986
yagB_insX_yagA_predicted,34.25,139,3,CCAAGCCCGGATACCGTTAT,136,4460083
yagB_insX_yagA_predicted,48.5,196,3,CAATGTGTAGGGAATCAAGG,193,4457599
yagB_insX_yagA_predicted,0.5,4,3,CAATGCTCTATAACTGACTT,1,4437633
yagB_insX_yagA_predicted,0.5,4,3,ATACCCACAAAGTCGTTGGA,1,4462552
yagB_insX_yagA_predicted,0.5,4,3,ACGAGTCTGGTGTCTTAAAT,1,4457888
yagB_insX_yagA_predicted,0.75,5,3,ACCAGTGTCGTACCTATATA,2,4458131
yagB_insX_yagA_predicted,11.0,46,3,ACATCCAATCCAAGAAATAC,43,4451586
yagB_insX_yagA_predicted,35.0,142,3,AAGTTATTTATCCGCCTCCT,139,4436217
yagB_insX_yagA_predicted,0.6666666666666666,3,2,TTTCGTGTATAAGCAGGCTA,1,4469750
yagB_insX_yagA_predicted,87.33333333333333,263,2,TTGTGATGAGCTTACGATGT,261,4454409
yagB_insX_yagA_predicted,0.6666666666666666,3,2,TTGCTTCGCTACTAGCCACC,1,4452960
yagB_insX_yagA_predicted,0.6666666666666666,3,2,TTCATACCCCCGGCAACCCA,1,4463095
yagB_insX_yagA_predicted,73.66666666666667,222,2,TGTAAGCAATACACCATTCT,220,4437450
yagB_insX_yagA_predicted,89.33333333333333,269,2,TGGTCCCAGGATCGCACAAT,267,4457374
yagB_insX_yagA_predicted,0.6666666666666666,3,2,TGGCAGCGCGTATTTGCGAG,1,4463300
yagB_insX_yagA_predicted,64.0,193,2,TGACCTTCCCAGAGCGGGCC,191,4466850
yagB_insX_yagA_predicted,0.6666666666666666,3,2,TCTGAGACAAGGTGCGCACT,1,4450122
yagB_insX_yagA_predicted,0.6666666666666666,3,2,TATTTGTTTTGTTGAAATAC,1,4439047
yagB_insX_yagA_predicted,0.6666666666666666,3,2,TATGTGCAAACAGCTTGTGC,1,4466142
yagB_insX_yagA_predicted,50.0,151,2,TAAACGGCCCCATCTTAGTC,149,4465882
yagB_insX_yagA_predicted,0.6666666666666666,3,2,GTGGGGGACTGTACGCAATC,1,4449693
yagB_insX_yagA_predicted,62.666666666666664,189,2,GTCACAAGATACATGATTAA,187,4437033
yagB_insX_yagA_predicted,0.6666666666666666,3,2,GGTAAAAGTTTTATTAAGCT,1,4457270
yagB_insX_yagA_predicted,0.6666666666666666,3,2,GGGCAGTACTTGTGACGTAC,1,4471362
yagB_insX_yagA_predicted,73.0,220,2,GGCCATGGGCATATCGCGCG,218,4467301
yagB_insX_yagA_predicted,17.666666666666668,54,2,GCTGTCCTACGATTCCAACC,52,4460566
yagB_insX_yagA_predicted,35.666666666666664,108,2,GCTAGTCTAACTTCCGGACA,106,4447489
yagB_insX_yagA_predicted,0.6666666666666666,3,2,GCGGTCGAGAGACGTTTCGA,1,4438005
yagB_insX_yagA_predicted,0.6666666666666666,3,2,GCCTGGTCATAAATGAGTCC,1,4458987
yagB_insX_yagA_predicted,103.33333333333333,311,2,GAGGCTGCAACCTGGTGGCC,309,4438236
yagB_insX_yagA_predicted,0.6666666666666666,3,2,GACACCACCATGATGTCTCT,1,4468757
yagB_insX_yagA_predicted,10.333333333333334,32,2,CTCTCTCAGGAGAATTTAAG,30,4448319
yagB_insX_yagA_predicted,118.33333333333333,356,2,CTCCTTCAAGTCTGGTGCTA,354,4441561
yagB_insX_yagA_predicted,54.0,163,2,CTAGGCACTTACGAAAGATT,161,4452087
yagB_insX_yagA_predicted,79.0,238,2,CGGGCAGCAAGTTCTAATTG,236,4446335
yagB_insX_yagA_predicted,0.6666666666666666,3,2,CGGATTCGGTCATATCGTAT,1,4463256
yagB_insX_yagA_predicted,35.333333333333336,107,2,CCCATCTCCGGCCACGGCCC,105,4442445
yagB_insX_yagA_predicted,90.33333333333333,272,2,CCACGGTAGGTCCATGTATT,270,4437672
yagB_insX_yagA_predicted,0.6666666666666666,3,2,CAGTCCACTTGCCCTTTAAC,1,4440026
yagB_insX_yagA_predicted,61.333333333333336,185,2,ATGCGCCAGAACGTATCCTC,183,4442407
yagB_insX_yagA_predicted,0.6666666666666666,3,2,ATCCTTAAATATGTTTCATG,1,4452199
yagB_insX_yagA_predicted,95.0,286,2,AGTCTCGGCATTAACAATAT,284,4460776
yagB_insX_yagA_predicted,0.6666666666666666,3,2,AGCATGGTCACTTATTAAAG,1,4461020
yagB_insX_yagA_predicted,73.66666666666667,222,2,AGAAGAGACGGCGCATTGGA,220,4465237
yagB_insX_yagA_predicted,0.6666666666666666,3,2,ACTATTGAAGGTACTGCCCG,1,4469235
yagB_insX_yagA_predicted,2.3333333333333335,8,2,ACCTCTTGGACACCGAATAG,6,4447650
yagB_insX_yagA_predicted,206.66666666666666,621,2,ACAACTACCCATCAGCTACT,619,4462432
yagB_insX_yagA_predicted,17.0,52,2,AAGGTTAGCGGCGTCCCCTC,50,4468933
yagB_insX_yagA_predicted,0.6666666666666666,3,2,AAGAATGTGCATGAAGCATC,1,4439518
yagB_insX_yagA_predicted,0.6666666666666666,3,2,AAATTAAGTGTTGACACCGA,1,4441378
yagB_insX_yagA_predicted,82.5,165,1,TTTGATTTGGGTTCATTTCG,164,4469290
yagB_insX_yagA_predicted,192.0,384,1,TTGTCAGTCTCCACCTGGAT,383,4438628
yagB_insX_yagA_predicted,1.0,2,1,TGTAACCAAAGGGGAATACG,1,4457817
yagB_insX_yagA_predicted,66.5,133,1,TGGGCGTACGATGCTGCAAT,132,4456472
yagB_insX_yagA_predicted,2.5,5,1,TGACGCGCCGTCCCAGCATT,4,4448975
yagB_insX_yagA_predicted,1.0,2,1,TCGACCTCTCTCGATTGGGT,1,4444551
yagB_insX_yagA_predicted,128.0,256,1,TAGGCTTGTTCATGATAAAT,255,4440807
yagB_insX_yagA_predicted,1.0,2,1,TAGCTAGCGCCTGCAGCTTA,1,4437422
yagB_insX_yagA_predicted,141.0,282,1,TAACTGACGAAATCCATCAC,281,4469334
yagB_insX_yagA_predicted,117.5,235,1,GTCCGTTGCGAAACCCACAG,234,4453440
yagB_insX_yagA_predicted,116.0,232,1,GCGCCCAAATACTCGAGACC,231,4449430
yagB_insX_yagA_predicted,1.0,2,1,GCCCGTATAGCGAGGCGTTT,1,4461864
yagB_insX_yagA_predicted,48.5,97,1,GAGACTTGGACAGGTCCGGC,96,4460492
yagB_insX_yagA_predicted,150.5,301,1,GACTCGGGCCGGCGACAGCC,300,4464273
yagB_insX_yagA_predicted,1.0,2,1,CTCGTTACTTGTTTATACGG,1,4437245
yagB_insX_yagA_predicted,1.0,2,1,CTAACATTATGCAGCGTCTT,1,4453398
yagB_insX_yagA_predicted,185.0,370,1,CGTTCAAGTAGAGAGATCCC,369,4450779
yagB_insX_yagA_predicted,15.5,31,1,CGTGGGGCTAAAAACGAATA,30,4466235
yagB_insX_yagA_predicted,1.0,2,1,CCTGCATTCCGATAGAGGCC,1,4442123
yagB_insX_yagA_predicted,1.0,2,1,CCGCTAAATGATATACCTTA,1,4455357
yagB_insX_yagA_predicted,116.5,233,1,CCGATTCGATAGAACCTAGT,232,4454317
yagB_insX_yagA_predicted,1.0,2,1,CAGCTGGTGATGACATCCCA,1,4441587
yagB_insX_yagA_predicted,1.0,2,1,CACTACTGTCTCAGTTAAAC,1,4448485
yagB_insX_yagA_predicted,32.0,64,1,AGCACGACCGGTCGTAGGGC,63,4450996
yagB_insX_yagA_predicted,73.0,146,1,AGATGGGCGAACAGATTAAC,145,4439662
yagB_insX_yagA_predicted,1.0,2,1,ACGGACGAACATGCGAGTGT,1,4457442
yagB_insX_yagA_predicted,96.5,193,1,ACGAACAAATTTCATAACAC,192,4459768
yagB_insX_yagA_predicted,1.0,2,1,AATCCCAGCAGATCAGTCGG,1,4453360
yagB_insX_yagA_predicted,1.0,2,1,AAGGTGGGAGTTATTTTGTC,1,4462271
yagB_insX_yagA_predicted,1.0,2,1,AAAAAGCCCCATGTTGAACG,1,4468397
yagB_insX_yagA_predicted,0.006993006993006993,142,142,GCCGTTACTGTCGTATATCA,0,4445488
yagB_insX_yagA_predicted,0.009259259259259259,107,107,TCCCACCAACTGACTGGGCT,0,4445919
yagB_insX_yagA_predicted,0.010869565217391304,91,91,TCCCTGTTTCGGGTATCGGA,0,4442437
yagB_insX_yagA_predicted,0.010869565217391304,91,91,GTCCAAAAGAGCCCTCGGGG,0,4457052
yagB_insX_yagA_predicted,0.011764705882352941,84,84,GTCTCTTGTCGAGCTCGGAA,0,4441196
yagB_insX_yagA_predicted,0.011764705882352941,84,84,CTCACTAGATCATGAGCTCA,0,4436207
yagB_insX_yagA_predicted,0.012048192771084338,82,82,ATGGCTCTACAGTTCTCATG,0,4450726
yagB_insX_yagA_predicted,0.012345679012345678,80,80,GCCATGGGTTAAAAGGACTG,0,4468754
yagB_insX_yagA_predicted,0.012345679012345678,80,80,CGCGGTGAACTACAAATATG,0,4435959
yagB_insX_yagA_predicted,0.012658227848101266,78,78,CCAGTTTCTTTTCTGGACCT,0,4453293
yagB_insX_yagA_predicted,0.01282051282051282,77,77,ACTGTATTTAACTATAGGGT,0,4453982
yagB_insX_yagA_predicted,0.012987012987012988,76,76,CTATAGGGACTGTCCGCGGA,0,4442215
yagB_insX_yagA_predicted,0.013333333333333334,74,74,GTGGTGCGTCTTAAAGGGAA,0,4456156
yagB_insX_yagA_predicted,0.0136986301369863,72,72,CCTTCCCTCCTCTCCAGCAA,0,4438276
yagB_insX_yagA_predicted,0.0136986301369863,72,72,AGCAAGCTTTGTCCAGCCGT,0,4439753
yagB_insX_yagA_predicted,0.013888888888888888,71,71,GAAGACGAGTAGCGCCCAAT,0,4436083
yagB_insX_yagA_predicted,0.014285714285714285,69,69,GCTTGAGTCTCGTTACACGG,0,4447824
yagB_insX_yagA_predicted,0.014285714285714285,69,69,CTCGATTTTGCAAGTGTGGA,0,4442650
yagB_insX_yagA_predicted,0.014285714285714285,69,69,AGCCGTAGAATCTGTATGAG,0,4440875
yagB_insX_yagA_predicted,0.014492753623188406,68,68,TCTTAAATATCGCGTGGGTG,0,4437568
yagB_insX_yagA_predicted,0.014492753623188406,68,68,CGCCACGGTCCTGATGTCCA,0,4453873
yagB_insX_yagA_predicted,0.014492753623188406,68,68,CACGACCGCCGTCCGAGGCA,0,4464724
yagB_insX_yagA_predicted,0.014705882352941176,67,67,GTGTAGCTATCTGGCGTGTT,0,4451893
yagB_insX_yagA_predicted,0.014705882352941176,67,67,CTTCGGACAGGCCGATATAT,0,4441605
yagB_insX_yagA_predicted,0.014705882352941176,67,67,CTTAGAAACTGAGCGGGACG,0,4444273
yagB_insX_yagA_predicted,0.014705882352941176,67,67,ATCTACGACCGCTGCTCACA,0,4440402
yagB_insX_yagA_predicted,0.014705882352941176,67,67,ACGTAGGGTGCGCCAGGTTA,0,4450182
yagB_insX_yagA_predicted,0.014925373134328358,66,66,TTCACGATTCCGTCTAGAAA,0,4436175
yagB_insX_yagA_predicted,0.014925373134328358,66,66,TAAAACAGAATTCGGTAATC,0,4457958
yagB_insX_yagA_predicted,0.014925373134328358,66,66,GCAAGACCGATCGCACGCGA,0,4441476
yagB_insX_yagA_predicted,0.014925373134328358,66,66,CGATACCGGTGGGCGGCTTA,0,4436920
yagB_insX_yagA_predicted,0.014925373134328358,66,66,AGGTATTGGCAGACGGTCAT,0,4439492
yagB_insX_yagA_predicted,0.015151515151515152,65,65,GTGCTGCGATGCCAAATCCG,0,4452603
yagB_insX_yagA_predicted,0.015384615384615385,64,64,TTTGATCCATGGGATTAACG,0,4467626
yagB_insX_yagA_predicted,0.015384615384615385,64,64,CTTTTCTCTAAAGGCGTAAG,0,4438422
yagB_insX_yagA_predicted,0.015384615384615385,64,64,CACAGTTTCGTTGAGGACGT,0,4456992
yagB_insX_yagA_predicted,0.015625,63,63,TGGTTGATCAGCTCAGATTA,0,4436743
yagB_insX_yagA_predicted,0.015625,63,63,GGCTAAATCCGCCCACTCAT,0,4449621
yagB_insX_yagA_predicted,0.015625,63,63,GGCGGCAACAGACGTACTTC,0,4438293
yagB_insX_yagA_predicted,0.015873015873015872,62,62,CTGAGTTCATGATGTGAAGT,0,4440241
yagB_insX_yagA_predicted,0.015873015873015872,62,62,CCTGAGCTAGATACTGCTCC,0,4448254
yagB_insX_yagA_predicted,0.015873015873015872,62,62,CCTACAAGCCGAGTCGGGTG,0,4447013
yagB_insX_yagA_predicted,0.015873015873015872,62,62,CCGAGGACACGGACCCTGAA,0,4467092
yagB_insX_yagA_predicted,0.015873015873015872,62,62,ATACAAATAGCTCCGACCGT,0,4439214
yagB_insX_yagA_predicted,0.015873015873015872,62,62,ACGTCGCATCTAATCTTGGA,0,4438152
yagB_insX_yagA_predicted,0.016129032258064516,61,61,GGACGTTGAGTTTAAGTAAT,0,4471694
yagB_insX_yagA_predicted,0.016129032258064516,61,61,CTTAGCAACCCACACCTGCA,0,4450512
yagB_insX_yagA_predicted,0.01639344262295082,60,60,GTTCATATGAGATGCTTAAA,0,4436708
yagB_insX_yagA_predicted,0.01639344262295082,60,60,GGGGACACGAGTTGTATTCA,0,4470915
yagB_insX_yagA_predicted,0.01639344262295082,60,60,CTCCCAAGGGCCGGGGTTAA,0,4437386
yagB_insX_yagA_predicted,0.016666666666666666,59,59,TGAGTTGCGATGCCGTATAA,0,4459976
yagB_insX_yagA_predicted,0.016666666666666666,59,59,TCATTATTGTGCAACCGAAT,0,4444843
yagB_insX_yagA_predicted,0.016666666666666666,59,59,CTCAGTATTGACCTCGCAAT,0,4447787
yagB_insX_yagA_predicted,0.016666666666666666,59,59,ACGGCAATTTTCAAAGGAAG,0,4438284
yagB_insX_yagA_predicted,0.01694915254237288,58,58,CTCGCGGTACCATTACGGTA,0,4445332
yagB_insX_yagA_predicted,0.01694915254237288,58,58,ATTCTGCACGGCACGGGTAG,0,4443644
yagB_insX_yagA_predicted,0.01694915254237288,58,58,AGCTTAGTCACGTTTGGTGT,0,4455983
yagB_insX_yagA_predicted,0.01694915254237288,58,58,ACACTACTCCTCTAGTCCGT,0,4445378
yagB_insX_yagA_predicted,0.017241379310344827,57,57,TGCAAGAGCTTCCACGCCAT,0,4448718
yagB_insX_yagA_predicted,0.017241379310344827,57,57,TCAACCGGCTTTATATCTAC,0,4436426
yagB_insX_yagA_predicted,0.017241379310344827,57,57,GCGGACGGAGACCTTTGAAT,0,4452288
yagB_insX_yagA_predicted,0.017241379310344827,57,57,GAAAGTTAATAAGATTCCTG,0,4439531
yagB_insX_yagA_predicted,0.017241379310344827,57,57,CATTTGCGTTGATTAGGATA,0,4443593
yagB_insX_yagA_predicted,0.017241379310344827,57,57,CAAGCGTGATGGCGCATGTG,0,4455628
yagB_insX_yagA_predicted,0.017241379310344827,57,57,AGCCGCGGGGGTCCCCATTG,0,4454977
yagB_insX_yagA_predicted,0.017241379310344827,57,57,AATCCAAACGACGTATCGCA,0,4441451
yagB_insX_yagA_predicted,0.017543859649122806,56,56,TTACGACTGCACTCTGGGAC,0,4453830
yagB_insX_yagA_predicted,0.017543859649122806,56,56,TAATGACTTCCGGCGGCTTA,0,4454927
yagB_insX_yagA_predicted,0.017543859649122806,56,56,GACACCTTCAGCCTGGGGGT,0,4461720
yagB_insX_yagA_predicted,0.017543859649122806,56,56,GAAATAAGGAAGGCGACAGA,0,4436421
yagB_insX_yagA_predicted,0.017857142857142856,55,55,TCGGGGGCCGTAACCTTCTG,0,4445103
yagB_insX_yagA_predicted,0.017857142857142856,55,55,GGCGTGGACTGGGTCTGCAT,0,4440224
yagB_insX_yagA_predicted,0.017857142857142856,55,55,GCTCCTTTTCAAGTTAAGCA,0,4439647
yagB_insX_yagA_predicted,0.017857142857142856,55,55,CATCGTGAATTTTGACTCCA,0,4461369
yagB_insX_yagA_predicted,0.017857142857142856,55,55,ATTGACCTCTTTGGGCCGGT,0,4450392
yagB_insX_yagA_predicted,0.017857142857142856,55,55,AGGAGCGGACCTCCCTCTGG,0,4461443
yagB_insX_yagA_predicted,0.017857142857142856,55,55,ACTGTAAGGCATATCTGGAA,0,4457378
yagB_insX_yagA_predicted,0.01818181818181818,54,54,TCATGCACAATTTCGTACGA,0,4445967
yagB_insX_yagA_predicted,0.01818181818181818,54,54,GTGTGGCGTTGTTGCTCCGT,0,4445437
yagB_insX_yagA_predicted,0.01818181818181818,54,54,GGTGAAGGAGTGCGAATTAT,0,4441514
yagB_insX_yagA_predicted,0.01818181818181818,54,54,GCTGATTTTATCTCAGTGGT,0,4467999
yagB_insX_yagA_predicted,0.01818181818181818,54,54,GCATCGAATGGTCTTCGGCC,0,4440733
yagB_insX_yagA_predicted,0.01818181818181818,54,54,CAAGGTGGGAACGATCTTAT,0,4437301
yagB_insX_yagA_predicted,0.01818181818181818,54,54,ATGATATGAGCCTCAGGATA,0,4463628
yagB_insX_yagA_predicted,0.01818181818181818,54,54,AGATACGAGGCCGGGGTAAT,0,4440100
yagB_insX_yagA_predicted,0.018518518518518517,53,53,TGATTTATGGCACTGTCGAA,0,4450619
yagB_insX_yagA_predicted,0.018518518518518517,53,53,TCGCCCTCCGGTTCAGATAT,0,4471117
yagB_insX_yagA_predicted,0.018518518518518517,53,53,TCAACTCGTAGTGTGTTTGA,0,4444421
yagB_insX_yagA_predicted,0.018518518518518517,53,53,TAGCATTGGTGCCATGACGT,0,4447432
yagB_insX_yagA_predicted,0.018518518518518517,53,53,TAGACACGATGTAGCGTAGG,0,4438543
yagB_insX_yagA_predicted,0.018518518518518517,53,53,GGAGGTACCAGTGACCAGTC,0,4470183
yagB_insX_yagA_predicted,0.018518518518518517,53,53,GCTACCTCAATGTCTACGCT,0,4456538
yagB_insX_yagA_predicted,0.018518518518518517,53,53,CGGTTCGACCAATATCTCGG,0,4439657
yagB_insX_yagA_predicted,0.018518518518518517,53,53,CGGTACACGTGTTTGTGAGA,0,4450807
yagB_insX_yagA_predicted,0.018518518518518517,53,53,CGGGTAACGGCTAATGGGTC,0,4467884
yagB_insX_yagA_predicted,0.018518518518518517,53,53,CGGGACGAGAATCGACGCGG,0,4462671
yagB_insX_yagA_predicted,0.018518518518518517,53,53,ATCATTGGCCCATTGCTTTA,0,4437549
yagB_insX_yagA_predicted,0.018518518518518517,53,53,ATATCGCTCGACCGCACGTA,0,4448051
yagB_insX_yagA_predicted,0.018518518518518517,53,53,ACATAGACTAACAAGTGACG,0,4453609
yagB_insX_yagA_predicted,0.018867924528301886,52,52,TTGGATCATGTGCGCCCCTC,0,4454154
yagB_insX_yagA_predicted,0.018867924528301886,52,52,TCTTTCGTTTTGACGTTAAC,0,4437831
yagB_insX_yagA_predicted,0.018867924528301886,52,52,CCTGGGCTCGGAGGTTTCGG,0,4462388
yagB_insX_yagA_predicted,0.018867924528301886,52,52,CCGCATTGCCATGAGGGATA,0,4437180
yagB_insX_yagA_predicted,0.018867924528301886,52,52,CAGCCTATGTTGGTATAGGT,0,4447289
yagB_insX_yagA_predicted,0.018867924528301886,52,52,ATGGTTTTATGATATTTCTA,0,4446329
yagB_insX_yagA_predicted,0.018867924528301886,52,52,AGGTCCGCAATAGTTATTGT,0,4449017
yagB_insX_yagA_predicted,0.018867924528301886,52,52,ACACCAGCCCATAGCAAAAA,0,4452351
yagB_insX_yagA_predicted,0.018867924528301886,52,52,AATCCACAGATTGGAAGTAA,0,4443398
yagB_insX_yagA_predicted,0.019230769230769232,51,51,TCGCTGCGCGCAATCCGGAT,0,4451723
yagB_insX_yagA_predicted,0.019230769230769232,51,51,TATTAACGTTCGATCGGCAG,0,4446776
yagB_insX_yagA_predicted,0.019230769230769232,51,51,TAGAAGGGCTGCTCAGCATA,0,4454377
yagB_insX_yagA_predicted,0.019230769230769232,51,51,GTGGTGACGCGGTTTACGCA,0,4442625
yagB_insX_yagA_predicted,0.019230769230769232,51,51,GGAAAGCCGCTACGGCATAG,0,4438328
yagB_insX_yagA_predicted,0.019230769230769232,51,51,CGTTCGGCAACATCGCACAT,0,4439406
yagB_insX_yagA_predicted,0.019230769230769232,51,51,CAGTTAAATCCATCCGTCAA,0,4450943
yagB_insX_yagA_predicted,0.019230769230769232,51,51,ACCAATCGAGTGCTCCTTTC,0,4439285
yagB_insX_yagA_predicted,0.0196078431372549,50,50,CTGTTCAGACATCGACTCTA,0,4437109
yagB_insX_yagA_predicted,0.0196078431372549,50,50,CGTTTCCTATCTATGCGGTC,0,4438066
yagB_insX_yagA_predicted,0.0196078431372549,50,50,CGAACAGGCTTAGTACGCCG,0,4443397
yagB_insX_yagA_predicted,0.0196078431372549,50,50,CCTCCAGGAGCTTCTGGTTA,0,4438768
yagB_insX_yagA_predicted,0.0196078431372549,50,50,CCCTCTGAGCCACATAGCTG,0,4452136
yagB_insX_yagA_predicted,0.0196078431372549,50,50,CCATAAACAAGTGGGGTTCG,0,4463496
yagB_insX_yagA_predicted,0.0196078431372549,50,50,CCACCGGTCACTGCCTTCAT,0,4437696
yagB_insX_yagA_predicted,0.0196078431372549,50,50,ATCCCCTGCGTCCTACGAAT,0,4454699
yagB_insX_yagA_predicted,0.0196078431372549,50,50,AATCGTCGAGCCTTGCTCTT,0,4445572
yagB_insX_yagA_predicted,0.02,49,49,TGTGCCTCCACACTACTTAA,0,4451664
yagB_insX_yagA_predicted,0.02,49,49,TACCCCATTTCATGGCATGT,0,4443262
yagB_insX_yagA_predicted,0.02,49,49,GTTGTGCCATCCCAGTCTTG,0,4449112
yagB_insX_yagA_predicted,0.02,49,49,GTTACAAGTTGCGTTACATA,0,4467757
yagB_insX_yagA_predicted,0.02,49,49,GGGATGGCACTGCTAATTTA,0,4446262
yagB_insX_yagA_predicted,0.02,49,49,GGAAATAGTCCCCTGGCTCA,0,4451400
yagB_insX_yagA_predicted,0.02,49,49,GAATTCAAAAGCCCGTTCCT,0,4459379
yagB_insX_yagA_predicted,0.02,49,49,ATTCACGCCAAGTACGGAAG,0,4441155
yagB_insX_yagA_predicted,0.02,49,49,ATCTGCGTTCTCCGGGTCCT,0,4440838
yagB_insX_yagA_predicted,0.02,49,49,AGGGAAAATACAATAGGGCA,0,4462311
yagB_insX_yagA_predicted,0.02,49,49,AGCACGCCTCCGGCAATTGT,0,4444071
yagB_insX_yagA_predicted,0.02040816326530612,48,48,TTTAGAGGCCGCACGAGCGT,0,4453205
yagB_insX_yagA_predicted,0.02040816326530612,48,48,TTGCTCAGTGGTAGTCACGA,0,4438976
yagB_insX_yagA_predicted,0.02040816326530612,48,48,TGCCGCAACGAACGGAACTC,0,4459859
yagB_insX_yagA_predicted,0.02040816326530612,48,48,TCGGTAAGGAGCCTATTGAG,0,4465677
yagB_insX_yagA_predicted,0.02040816326530612,48,48,TCCGTGATCTTCGTTCAGGG,0,4437241
yagB_insX_yagA_predicted,0.02040816326530612,48,48,TACGTGATGCCACTCTCGCG,0,4448680
yagB_insX_yagA_predicted,0.02040816326530612,48,48,TAATTGGCACAGGGGTGGTA,0,4439527
yagB_insX_yagA_predicted,0.02040816326530612,48,48,TAACTTCATTAACCCGCATC,0,4451919
yagB_insX_yagA_predicted,0.02040816326530612,48,48,GACTGGGACTGGAAATGGAT,0,4453471
yagB_insX_yagA_predicted,0.02040816326530612,48,48,CGGTGGTTTCTAATGTCCAT,0,4457416
yagB_insX_yagA_predicted,0.02040816326530612,48,48,CCGCAGACAGATCAGATGAT,0,4438294
yagB_insX_yagA_predicted,0.02040816326530612,48,48,ATCAAGAGCCCCCGATTAAC,0,4437978
yagB_insX_yagA_predicted,0.02040816326530612,48,48,AGGGGACACCACTGTAGGAG,0,4466717
yagB_insX_yagA_predicted,0.02040816326530612,48,48,ACCCTCCGCTATTTCGGCAA,0,4451443
yagB_insX_yagA_predicted,0.02040816326530612,48,48,AATGTTGGTTTTCAATAACC,0,4462344
yagB_insX_yagA_predicted,0.02040816326530612,48,48,AATCCACTGATGCTCTAGGA,0,4454035
yagB_insX_yagA_predicted,0.020833333333333332,47,47,GTCTAGACACAGCGAGCAAA,0,4455525
yagB_insX_yagA_predicted,0.020833333333333332,47,47,GGTTGCAACCACAGCGCCTC,0,4454741
yagB_insX_yagA_predicted,0.020833333333333332,47,47,GGTCAAGCGGCACACTCACG,0,4437510
yagB_insX_yagA_predicted,0.020833333333333332,47,47,GCGTCCCACAGACATGGCGG,0,4441740
yagB_insX_yagA_predicted,0.020833333333333332,47,47,CTAATCACCCCGTTGGGCTA,0,4446711
yagB_insX_yagA_predicted,0.020833333333333332,47,47,AGCGAGTCGTAGGTACCCAT,0,4453145
yagB_insX_yagA_predicted,0.020833333333333332,47,47,AAGAAACCAACATTCAACAG,0,4464549
yagB_insX_yagA_predicted,0.02127659574468085,46,46,TTGAAATCAGACAGAGAGAG,0,4449403
yagB_insX_yagA_predicted,0.02127659574468085,46,46,TGAACCAGGCTATACCGAAT,0,4440180
yagB_insX_yagA_predicted,0.02127659574468085,46,46,CTGCATCGAGGAGTTCCGGC,0,4450549
yagB_insX_yagA_predicted,0.02127659574468085,46,46,CTAACATGAGACTCCGTAGA,0,4448424
yagB_insX_yagA_predicted,0.02127659574468085,46,46,CCATCAGGAATCTGGCGCCC,0,4452731
yagB_insX_yagA_predicted,0.02127659574468085,46,46,CCACTCGAGCGCCGTTTCAG,0,4465254
yagB_insX_yagA_predicted,0.02127659574468085,46,46,CAGGTAGCCGACACGGAAAT,0,4450345
yagB_insX_yagA_predicted,0.02127659574468085,46,46,ATTGGGTAGCTGTTCAGGCT,0,4440667
yagB_insX_yagA_predicted,0.02127659574468085,46,46,ACTCTCATGCTTTGGCAAGA,0,4438716
yagB_insX_yagA_predicted,0.02127659574468085,46,46,AAAGGAATTCGTGCAGTAAT,0,4448197
yagB_insX_yagA_predicted,0.021739130434782608,45,45,GTGATAAACATTACCCTAGG,0,4459977
yagB_insX_yagA_predicted,0.021739130434782608,45,45,GTAGGCCAACGTGGAGTCCT,0,4452267
yagB_insX_yagA_predicted,0.021739130434782608,45,45,GGTGGTCGGTACTTTTCCTA,0,4471381
yagB_insX_yagA_predicted,0.021739130434782608,45,45,GGACTCCGGGAAGCGCGGTA,0,4453349
yagB_insX_yagA_predicted,0.021739130434782608,45,45,GCCACCCCGTGGGGCCAAAG,0,4465499
yagB_insX_yagA_predicted,0.021739130434782608,45,45,CTTGTGGTCGCATTATCTTA,0,4460479
yagB_insX_yagA_predicted,0.021739130434782608,45,45,CGTGGTTTTAGTAGACTAGC,0,4464300
yagB_insX_yagA_predicted,0.021739130434782608,45,45,CGCAGCTTATAGGCATTTTC,0,4436681
yagB_insX_yagA_predicted,0.021739130434782608,45,45,CGCAACAGTCGCACGCAAAG,0,4440899
yagB_insX_yagA_predicted,0.021739130434782608,45,45,CGAGGTTAGCCACGCCGTTC,0,4447498
yagB_insX_yagA_predicted,0.021739130434782608,45,45,CCTTGACTGGCAGAGCCTAG,0,4449350
yagB_insX_yagA_predicted,0.021739130434782608,45,45,ATGGTCGCGGTGTCGAGGAC,0,4437269
yagB_insX_yagA_predicted,0.021739130434782608,45,45,ATGAAGACCGTAGTGTTCAT,0,4453061
yagB_insX_yagA_predicted,0.021739130434782608,45,45,ACATCAACGGTTTTGGAGCG,0,4443041
yagB_insX_yagA_predicted,0.021739130434782608,45,45,AATGAGTTCGGTACTGATCA,0,4444538
yagB_insX_yagA_predicted,0.022222222222222223,44,44,TGTGAACGTGGTACTGTCAA,0,4444448
yagB_insX_yagA_predicted,0.022222222222222223,44,44,TGTAAGAAGTAGCACTCGTT,0,4437545
yagB_insX_yagA_predicted,0.022222222222222223,44,44,TCCTAAACCGACCTTCCTTA,0,4459733
yagB_insX_yagA_predicted,0.022222222222222223,44,44,TCATTGCCTTCTACGCGAGG,0,4455283
yagB_insX_yagA_predicted,0.022222222222222223,44,44,TAGAGCTGCTCGTATTGCGA,0,4470623
yagB_insX_yagA_predicted,0.022222222222222223,44,44,TACGGTCCCAAGCATATAGA,0,4438153
yagB_insX_yagA_predicted,0.022222222222222223,44,44,GTCGCCGCCCTTACTCTTCT,0,4440636
yagB_insX_yagA_predicted,0.022222222222222223,44,44,GTAACGCGTCAGTTAATAAT,0,4471509
yagB_insX_yagA_predicted,0.022222222222222223,44,44,GAGGATGCGTGAGTAATTAC,0,4439253
yagB_insX_yagA_predicted,0.022222222222222223,44,44,GAATGCCGCTGCCTCAGTAA,0,4454696
yagB_insX_yagA_predicted,0.022222222222222223,44,44,CTTTTTCCACGTAATCCTGT,0,4439973
yagB_insX_yagA_predicted,0.022222222222222223,44,44,CTGAGGGTTGGTTTGTGCGA,0,4438863
yagB_insX_yagA_predicted,0.022222222222222223,44,44,CTAGTCACCAGTTGCGGCGT,0,4456519
yagB_insX_yagA_predicted,0.022222222222222223,44,44,CGGTGAAGAATTATTAGCAT,0,4439404
yagB_insX_yagA_predicted,0.022222222222222223,44,44,CCCCGACCAGTGAAACGATT,0,4462109
yagB_insX_yagA_predicted,0.022222222222222223,44,44,CCAGTTTCAACAACCTCGGC,0,4446822
yagB_insX_yagA_predicted,0.022222222222222223,44,44,CCACGTCTACTTATGCGCTT,0,4453607
yagB_insX_yagA_predicted,0.022222222222222223,44,44,CCAAACGGAGGCGTCTGCCT,0,4442920
yagB_insX_yagA_predicted,0.022222222222222223,44,44,CAATCCAACAGCCTCCCCCA,0,4438899
yagB_insX_yagA_predicted,0.022222222222222223,44,44,AGATTAACCCTCATTCGTAT,0,4444521
yagB_insX_yagA_predicted,0.022222222222222223,44,44,AATCACAATCCCATGAGCAT,0,4455146
yagB_insX_yagA_predicted,0.022222222222222223,44,44,AAAAGTCTGGCTCTCAGCTC,0,4439116
yagB_insX_yagA_predicted,0.022727272727272728,43,43,TTTAACTGTGCCATATCCAG,0,4468852
yagB_insX_yagA_predicted,0.022727272727272728,43,43,TGGTGTACTAAGTCTTTGTT,0,4453395
yagB_insX_yagA_predicted,0.022727272727272728,43,43,TGGGAAGTGAAAGCGCTCGG,0,4441942
yagB_insX_yagA_predicted,0.022727272727272728,43,43,TGCCCCCAGCCGCGCGGGAT,0,4461785
yagB_insX_yagA_predicted,0.022727272727272728,43,43,TAATCCTCTTCTCTCGACCC,0,4443454
yagB_insX_yagA_predicted,0.022727272727272728,43,43,GTGGCGCGTCAAACCTCGGT,0,4440141
yagB_insX_yagA_predicted,0.022727272727272728,43,43,GGCTTTCGCTGCTACGACCG,0,4466164
yagB_insX_yagA_predicted,0.022727272727272728,43,43,GCAAATTAAATTGTGATCCA,0,4464297
yagB_insX_yagA_predicted,0.022727272727272728,43,43,GATGGGTGGTGTGTGACGAT,0,4445712
yagB_insX_yagA_predicted,0.022727272727272728,43,43,GAAGACGTGTGTTATAGCTG,0,4459431
yagB_insX_yagA_predicted,0.022727272727272728,43,43,CCTCGTGCACGCCATCGGGT,0,4439910
yagB_insX_yagA_predicted,0.022727272727272728,43,43,CCAGTCAGCGTTCACGGTCA,0,4443496
yagB_insX_yagA_predicted,0.022727272727272728,43,43,CAGCCACGAGTACTTGTTAT,0,4467392
yagB_insX_yagA_predicted,0.022727272727272728,43,43,ACTCTGGGTGGCCGGACCCT,0,4442392
yagB_insX_yagA_predicted,0.022727272727272728,43,43,ACTCCGTGTCTAAAGATGAG,0,4447429
yagB_insX_yagA_predicted,0.023255813953488372,42,42,TTCTTGTGCCCCTGTGTTTC,0,4441810
yagB_insX_yagA_predicted,0.023255813953488372,42,42,TGCATGAGCTGGGTGGAGCG,0,4464434
yagB_insX_yagA_predicted,0.023255813953488372,42,42,TGATATTCAGTGATTCGCAT,0,4464279
yagB_insX_yagA_predicted,0.023255813953488372,42,42,GTTAGAGGTCTTTTGTCTGC,0,4469010
yagB_insX_yagA_predicted,0.023255813953488372,42,42,GGCTTTCTGGGGATTCACGG,0,4447661
yagB_insX_yagA_predicted,0.023255813953488372,42,42,GGATCTTAATGGCTGGATGG,0,4455653
yagB_insX_yagA_predicted,0.023255813953488372,42,42,GCCCTACAGTAGTTCGGGAT,0,4466436
yagB_insX_yagA_predicted,0.023255813953488372,42,42,GATGGCAAGGCACGTTATAC,0,4459961
yagB_insX_yagA_predicted,0.023255813953488372,42,42,GATAAGTCGGTCAAGGCCTC,0,4457035
yagB_insX_yagA_predicted,0.023255813953488372,42,42,GAGGGGGTCCCGCTTGTACT,0,4446462
yagB_insX_yagA_predicted,0.023255813953488372,42,42,GAAATACGAACAACGTACGC,0,4442550
yagB_insX_yagA_predicted,0.023255813953488372,42,42,CTTTGATGAAACTGACCAAC,0,4469723
yagB_insX_yagA_predicted,0.023255813953488372,42,42,CACCTGGCCCTAAGATATTA,0,4439976
yagB_insX_yagA_predicted,0.023255813953488372,42,42,CACAGGACTTGCGACTGGAG,0,4438407
yagB_insX_yagA_predicted,0.023255813953488372,42,42,AGACGGGGTAACACGGTGTA,0,4438970
yagB_insX_yagA_predicted,0.023255813953488372,42,42,AGAACTTAGGCCTACTTGTA,0,4443976
yagB_insX_yagA_predicted,0.023255813953488372,42,42,AACAAAAGTGCACCAAAGGT,0,4448030
yagB_insX_yagA_predicted,0.023809523809523808,41,41,TTTTCCGCTCGTGGATAAGT,0,4454480
yagB_insX_yagA_predicted,0.023809523809523808,41,41,TTGTTACCACATTTCCACAA,0,4437157
yagB_insX_yagA_predicted,0.023809523809523808,41,41,TGTAAGCCGAGAGGTAGCCA,0,4440276
yagB_insX_yagA_predicted,0.023809523809523808,41,41,TGACGCTATCTAGGCAGCAA,0,4447555
yagB_insX_yagA_predicted,0.023809523809523808,41,41,TCTGCGGCGCGGGACCCGGA,0,4443928
yagB_insX_yagA_predicted,0.023809523809523808,41,41,GGAAACGTGTACCTATACAA,0,4445861
yagB_insX_yagA_predicted,0.023809523809523808,41,41,GCGTTACGCACACGAATGTG,0,4467269
yagB_insX_yagA_predicted,0.023809523809523808,41,41,GCGGGGGCATGGTTACGGGT,0,4457264
yagB_insX_yagA_predicted,0.023809523809523808,41,41,GCCCTCCGATTGTCAAAACG,0,4455732
yagB_insX_yagA_predicted,0.023809523809523808,41,41,CTTTAGTCCTTTGTCAGGAA,0,4441318
yagB_insX_yagA_predicted,0.023809523809523808,41,41,CTCGTCTGTCGTAAATTAAC,0,4450423
yagB_insX_yagA_predicted,0.023809523809523808,41,41,CGGGTATAGCTATGGTCATT,0,4463763
yagB_insX_yagA_predicted,0.023809523809523808,41,41,CGGACGTCCCAACTGTACCT,0,4450586
yagB_insX_yagA_predicted,0.023809523809523808,41,41,CGACGTGCCCGTTAGTCAAT,0,4463952
yagB_insX_yagA_predicted,0.023809523809523808,41,41,CCTGTTCGGAGTGCGGACTT,0,4470690
yagB_insX_yagA_predicted,0.023809523809523808,41,41,CCGACAATGTAGCCATTGCT,0,4437949
yagB_insX_yagA_predicted,0.023809523809523808,41,41,CCCTACGGGTCCGTAAACTC,0,4436016
yagB_insX_yagA_predicted,0.023809523809523808,41,41,CATTGCGGTCGAATAGGATT,0,4463072
yagB_insX_yagA_predicted,0.023809523809523808,41,41,ATGCAGCCTCTATGTTACTA,0,4464805
yagB_insX_yagA_predicted,0.023809523809523808,41,41,ATATCGGATGCGGGGATAAA,0,4468025
yagB_insX_yagA_predicted,0.023809523809523808,41,41,AGCGCGAGGGTTAAGAGGGG,0,4445170
yagB_insX_yagA_predicted,0.023809523809523808,41,41,ACATGCGACTGTGAATGCAA,0,4438011
yagB_insX_yagA_predicted,0.023809523809523808,41,41,AATCTCTGGTCAGGCCCGCG,0,4458486
yagB_insX_yagA_predicted,0.023809523809523808,41,41,AAGAATCTCCTCCACACAAA,0,4436588
yagB_insX_yagA_predicted,0.024390243902439025,40,40,TTGTATTGCGTCGGATGAAG,0,4439479
yagB_insX_yagA_predicted,0.024390243902439025,40,40,TGCGGCTGGGGTTACGGCGT,0,4446983
yagB_insX_yagA_predicted,0.024390243902439025,40,40,TCTTGTCCACACCGGTGCCG,0,4439713
yagB_insX_yagA_predicted,0.024390243902439025,40,40,GTTATAGCGCGACGGGTTGG,0,4441559
yagB_insX_yagA_predicted,0.024390243902439025,40,40,GGTCTTCAAGTTGGCATGAG,0,4444771
yagB_insX_yagA_predicted,0.024390243902439025,40,40,GGGAAGGGTCACAGGAATAT,0,4438639
yagB_insX_yagA_predicted,0.024390243902439025,40,40,GGATTATAAGACTGACGCGT,0,4446626
yagB_insX_yagA_predicted,0.024390243902439025,40,40,CGGGAATCTCCTAGGGTCCT,0,4442579
yagB_insX_yagA_predicted,0.024390243902439025,40,40,AGCCGGTTAGCGGGTGAAGG,0,4447577
yagB_insX_yagA_predicted,0.024390243902439025,40,40,AGCACACCAGCTAACGCGGG,0,4441305
yagB_insX_yagA_predicted,0.024390243902439025,40,40,ACTGAGGGCGCCGGAATGAG,0,4443873
yagB_insX_yagA_predicted,0.024390243902439025,40,40,AATCTGACGTGGTGCGAAAT,0,4446719
yagB_insX_yagA_predicted,0.024390243902439025,40,40,AATCTCGAAAGCGAGTGTCG,0,4470311
yagB_insX_yagA_predicted,0.025,39,39,TTACCGACACGTGCGCGTGT,0,4465161
yagB_insX_yagA_predicted,0.025,39,39,TGTCATCGGGTTCGGAAAGG,0,4438664
yagB_insX_yagA_predicted,0.025,39,39,TGGGTTATAAAGCGTTTTAG,0,4453857
yagB_insX_yagA_predicted,0.025,39,39,TAGGGGGATGAGGAGGTTCT,0,4447900
yagB_insX_yagA_predicted,0.025,39,39,GGTTACTTTCATAGGCATAA,0,4444667
yagB_insX_yagA_predicted,0.025,39,39,CTGTTCACTTTCGTGTACTA,0,4452063
yagB_insX_yagA_predicted,0.025,39,39,CGGTTTAGGGTACATCCCGC,0,4452352
yagB_insX_yagA_predicted,0.025,39,39,CGCCGGAAGCACATTTACTT,0,4441215
yagB_insX_yagA_predicted,0.025,39,39,CCCTGACCCTCACCCATTTA,0,4454657
yagB_insX_yagA_predicted,0.025,39,39,CAGGCGGATGCTAACTGACT,0,4435937
yagB_insX_yagA_predicted,0.025,39,39,ATCGCACGTTATTTGAACCT,0,4454184
yagB_insX_yagA_predicted,0.025,39,39,AGCGAACTAGGTAAGTACAA,0,4449847
yagB_insX_yagA_predicted,0.025,39,39,AGAGCAGGGTGGGCAGATGA,0,4462995
yagB_insX_yagA_predicted,0.025,39,39,ACGCAGAGGGTAAACGTTAT,0,4468016
yagB_insX_yagA_predicted,0.025,39,39,AAGGTCTCACGTGAAGTTGG,0,4458135
yagB_insX_yagA_predicted,0.025,39,39,AACGGCCGTAACTCAGCTTT,0,4459642
yagB_insX_yagA_predicted,0.02564102564102564,38,38,TTTATATAGACACCGCTCGG,0,4462894
yagB_insX_yagA_predicted,0.02564102564102564,38,38,TGTGCAGCCAGCTTGGCTAT,0,4464168
yagB_insX_yagA_predicted,0.02564102564102564,38,38,TGGATGTACCTATGCCATTA,0,4449784
yagB_insX_yagA_predicted,0.02564102564102564,38,38,TGCTTACTTTGTGGCGATGC,0,4468820
yagB_insX_yagA_predicted,0.02564102564102564,38,38,TGACCTTGGGACTTGTAGAG,0,4439515
yagB_insX_yagA_predicted,0.02564102564102564,38,38,TCTAGTAAGTTTCTCGGCAG,0,4456894
yagB_insX_yagA_predicted,0.02564102564102564,38,38,TCGCTCAGGGACAAGGGTCA,0,4439102
yagB_insX_yagA_predicted,0.02564102564102564,38,38,TATGGGACCTTGTGTTGGAC,0,4438508
yagB_insX_yagA_predicted,0.02564102564102564,38,38,TACGGGGGCCTCAGAAAGTA,0,4456993
yagB_insX_yagA_predicted,0.02564102564102564,38,38,GTCAGAACAACTGTATTTGG,0,4444733
yagB_insX_yagA_predicted,0.02564102564102564,38,38,GATCATTGTGGTCTCTAGGA,0,4448720
yagB_insX_yagA_predicted,0.02564102564102564,38,38,GAAGACCCTGAGCCAATCTA,0,4447898
yagB_insX_yagA_predicted,0.02564102564102564,38,38,CACCACCAAGCCACCGTCGA,0,4438435
yagB_insX_yagA_predicted,0.02564102564102564,38,38,ATCTGGCGGGATAAATGTAG,0,4453080
yagB_insX_yagA_predicted,0.02564102564102564,38,38,ATATAAGGTACAAGCGAGTT,0,4441377
yagB_insX_yagA_predicted,0.02564102564102564,38,38,AGTTTACTAGAAAGTTGGTA,0,4440948
yagB_insX_yagA_predicted,0.02564102564102564,38,38,AGGTCCCTTGAAGCAAGTAG,0,4456664
yagB_insX_yagA_predicted,0.02564102564102564,38,38,AGGTAGTAACTCCAAGTTAG,0,4442698
yagB_insX_yagA_predicted,0.02564102564102564,38,38,ACACTACAGTGACGAGCTGC,0,4466613
yagB_insX_yagA_predicted,0.02564102564102564,38,38,ACACCAGCACGGTAGGCAGG,0,4454178
yagB_insX_yagA_predicted,0.02631578947368421,37,37,TTTGCAGTAGAAATGATGAC,0,4440070
yagB_insX_yagA_predicted,0.02631578947368421,37,37,TGTGCAAGTAATTGGAATGT,0,4458536
yagB_insX_yagA_predicted,0.02631578947368421,37,37,TGATATCATGAAACAAAGCC,0,4446466
yagB_insX_yagA_predicted,0.02631578947368421,37,37,TCTGTTGCTGGGAGTATGAC,0,4448026
yagB_insX_yagA_predicted,0.02631578947368421,37,37,TCACCCGCGCGAGGCCCGAT,0,4464942
yagB_insX_yagA_predicted,0.02631578947368421,37,37,TCACAGACCGAGCCTTAGGA,0,4465372
yagB_insX_yagA_predicted,0.02631578947368421,37,37,TATCAGACGCCGTCGAGGTC,0,4460205
yagB_insX_yagA_predicted,0.02631578947368421,37,37,TACAACAATACTCACCACAT,0,4459498
yagB_insX_yagA_predicted,0.02631578947368421,37,37,GGGCGTCTCCATCGGAACGC,0,4443248
yagB_insX_yagA_predicted,0.02631578947368421,37,37,GGCTATCAAGAGATCCACGG,0,4465769
yagB_insX_yagA_predicted,0.02631578947368421,37,37,GGCCGGTAATCGCAGCGATT,0,4459619
yagB_insX_yagA_predicted,0.02631578947368421,37,37,GGAATGTAATCGAAATACCC,0,4448089
yagB_insX_yagA_predicted,0.02631578947368421,37,37,GCCTGACCAGAATAATCTTC,0,4456422
yagB_insX_yagA_predicted,0.02631578947368421,37,37,GCAGGGGGGGTGATAAGATA,0,4455222
yagB_insX_yagA_predicted,0.02631578947368421,37,37,GATCGAGGAGCTGCGTAGTT,0,4441283
yagB_insX_yagA_predicted,0.02631578947368421,37,37,GAGGGGTTAGGAAACCGCAT,0,4448074
yagB_insX_yagA_predicted,0.02631578947368421,37,37,GACTCTCAGGAAATCTCTCT,0,4439069
yagB_insX_yagA_predicted,0.02631578947368421,37,37,GACACGGAGTCTCGGGTCTT,0,4460480
yagB_insX_yagA_predicted,0.02631578947368421,37,37,GAAATTGAGTGCGATTCAGT,0,4439255
yagB_insX_yagA_predicted,0.02631578947368421,37,37,CTTGGGTCACATTGTCTCGC,0,4458239
yagB_insX_yagA_predicted,0.02631578947368421,37,37,CTTCGTGCTTTCCCCGGGTT,0,4454011
yagB_insX_yagA_predicted,0.02631578947368421,37,37,CGGTTGAACACGCGGTTAGA,0,4471545
yagB_insX_yagA_predicted,0.02631578947368421,37,37,CGGCGAACGGAAACGGCTTA,0,4471457
yagB_insX_yagA_predicted,0.02631578947368421,37,37,CGCACCCACCGCTAGTCGTG,0,4439438
yagB_insX_yagA_predicted,0.02631578947368421,37,37,CGATTCCTCGTACAGGTGGG,0,4438895
yagB_insX_yagA_predicted,0.02631578947368421,37,37,CGACGTGGTCGGGCACAGCA,0,4444327
yagB_insX_yagA_predicted,0.02631578947368421,37,37,CCTCAAGATAGCCACATGGA,0,4448047
yagB_insX_yagA_predicted,0.02631578947368421,37,37,CCCTGGACGCACGCGTCGGG,0,4468531
yagB_insX_yagA_predicted,0.02631578947368421,37,37,CCCCTGCCAACTTAAAGTTC,0,4452546
yagB_insX_yagA_predicted,0.02631578947368421,37,37,AGTGGGAGGCGGGATATGCA,0,4444858
yagB_insX_yagA_predicted,0.02631578947368421,37,37,AGTACCCTTCGCAGAATATC,0,4445751
yagB_insX_yagA_predicted,0.02631578947368421,37,37,ACCCCGTCAGGAGGGTGGAG,0,4437385
yagB_insX_yagA_predicted,0.02702702702702703,36,36,TTTGTCCGGAGAGCTGGATT,0,4437513
yagB_insX_yagA_predicted,0.02702702702702703,36,36,TTACCGGGGCGCGCATTGTC,0,4445805
yagB_insX_yagA_predicted,0.02702702702702703,36,36,TGATAGATTTTGTCGTCGCT,0,4463649
yagB_insX_yagA_predicted,0.02702702702702703,36,36,TATGCGTAATTGAGCGTGGG,0,4439922
yagB_insX_yagA_predicted,0.02702702702702703,36,36,TATCCGCACAAAGTCAGCCA,0,4455585
yagB_insX_yagA_predicted,0.02702702702702703,36,36,TATCACTATAGTTCAATCAA,0,4467814
yagB_insX_yagA_predicted,0.02702702702702703,36,36,TAGGAATGGACGGGCATTCC,0,4447143
yagB_insX_yagA_predicted,0.02702702702702703,36,36,GTTAGTAAGGGAGATGCCGT,0,4446869
yagB_insX_yagA_predicted,0.02702702702702703,36,36,GTGCAGAAGTAAGCGAGATT,0,4471088
yagB_insX_yagA_predicted,0.02702702702702703,36,36,GTCAACATGCTTTGAGGCGT,0,4443074
yagB_insX_yagA_predicted,0.02702702702702703,36,36,GTATTTATGTGCCGCATGGT,0,4439493
yagB_insX_yagA_predicted,0.02702702702702703,36,36,GGTAGAGACGCGTCCAGAGT,0,4441307
yagB_insX_yagA_predicted,0.02702702702702703,36,36,GGCTCAGTTAGGCGGTAAAA,0,4454765
yagB_insX_yagA_predicted,0.02702702702702703,36,36,GGACAAGCGTGTCCATTAAA,0,4457554
yagB_insX_yagA_predicted,0.02702702702702703,36,36,GCTCGACTCTGATAGGCGAC,0,4455957
yagB_insX_yagA_predicted,0.02702702702702703,36,36,GAGATTCAATGGGTCGGCTT,0,4454331
yagB_insX_yagA_predicted,0.02702702702702703,36,36,CTTATGCAGCAAGTAGGCGA,0,4444641
yagB_insX_yagA_predicted,0.02702702702702703,36,36,CTGTTGGGAATCTACCCTAC,0,4457101
yagB_insX_yagA_predicted,0.02702702702702703,36,36,CGAGAATATGCCTAGTGCTG,0,4463719
yagB_insX_yagA_predicted,0.02702702702702703,36,36,CCCAGCCGCACATCCCCATA,0,4442183
yagB_insX_yagA_predicted,0.02702702702702703,36,36,CAGTGTCGTCTTTGGGGCAA,0,4449275
yagB_insX_yagA_predicted,0.02702702702702703,36,36,CAATATTCGCAATAAGGCCT,0,4444947
yagB_insX_yagA_predicted,0.02702702702702703,36,36,ATCTTACTATCTTCGTTTTT,0,4440577
yagB_insX_yagA_predicted,0.02702702702702703,36,36,ATCAGCCCTCTGCATGCGAA,0,4443601
yagB_insX_yagA_predicted,0.02702702702702703,36,36,ATATGTGTGAGTGGCTTCCG,0,4448786
yagB_insX_yagA_predicted,0.02702702702702703,36,36,AGCATAGTTGCGGTCCCACG,0,4441128
yagB_insX_yagA_predicted,0.02702702702702703,36,36,AGCACCTAAGTTTGGTCTAG,0,4469714
yagB_insX_yagA_predicted,0.02702702702702703,36,36,ACGCGAGTACAAACGATGAG,0,4442352
yagB_insX_yagA_predicted,0.02702702702702703,36,36,ACCGGGAAGGAGGATTAGTC,0,4452129
yagB_insX_yagA_predicted,0.02702702702702703,36,36,AATAGTCTCGTTATCCCTGC,0,4443889
yagB_insX_yagA_predicted,0.027777777777777776,35,35,TGTTAATCACCCCTCACTTA,0,4445568
yagB_insX_yagA_predicted,0.027777777777777776,35,35,TGGGTCGCATACGAGCACAA,0,4454126
yagB_insX_yagA_predicted,0.027777777777777776,35,35,TCTAGTCAAAGATTGCCGGT,0,4443891
yagB_insX_yagA_predicted,0.027777777777777776,35,35,TCCCAATGGTAAGTTGGTCG,0,4438282
yagB_insX_yagA_predicted,0.027777777777777776,35,35,TATTTCCCGAAGTACAACTA,0,4470354
yagB_insX_yagA_predicted,0.027777777777777776,35,35,TACTTCCCAATAGTCTTGAT,0,4447818
yagB_insX_yagA_predicted,0.027777777777777776,35,35,TAAGATGAGAAAGACAGGTT,0,4458028
yagB_insX_yagA_predicted,0.027777777777777776,35,35,GTGTTTGCGGCTGGACGATC,0,4451864
yagB_insX_yagA_predicted,0.027777777777777776,35,35,GTCGTCCATACGGGGTCCAC,0,4444773
yagB_insX_yagA_predicted,0.027777777777777776,35,35,GTCCGACGTCCGAATTACAT,0,4460409
yagB_insX_yagA_predicted,0.027777777777777776,35,35,GTCATATCGAGAGCTTGCAG,0,4449952
yagB_insX_yagA_predicted,0.027777777777777776,35,35,GGGAAGACCCCCCGCGCACT,0,4445983
yagB_insX_yagA_predicted,0.027777777777777776,35,35,GGCGCCCCGAACTCAGTGGG,0,4457277
yagB_insX_yagA_predicted,0.027777777777777776,35,35,GGACTATGCACTCTGTAAGC,0,4447225
yagB_insX_yagA_predicted,0.027777777777777776,35,35,GCTACAGTTAATCAGGCGTA,0,4456478
yagB_insX_yagA_predicted,0.027777777777777776,35,35,GCCGACCTGGCTTTCTGACT,0,4454974
yagB_insX_yagA_predicted,0.027777777777777776,35,35,GATGAACCCCTGATGACTAT,0,4463346
yagB_insX_yagA_predicted,0.027777777777777776,35,35,GATGAAACAGATAGCCTTGA,0,4457579
yagB_insX_yagA_predicted,0.027777777777777776,35,35,GACTTTCCATCAAATAGGTA,0,4450403
yagB_insX_yagA_predicted,0.027777777777777776,35,35,GACATGGCTGCCCCATTGGA,0,4440385
yagB_insX_yagA_predicted,0.027777777777777776,35,35,CTGCGTAGGCTAACCTATCT,0,4463813
yagB_insX_yagA_predicted,0.027777777777777776,35,35,CTCTTATACCCGGAATTTGT,0,4449248
yagB_insX_yagA_predicted,0.027777777777777776,35,35,CGTCTGCCAGAGGTCCGCTA,0,4450162
yagB_insX_yagA_predicted,0.027777777777777776,35,35,CCCGGTCACCCAACGCTGAG,0,4460122
yagB_insX_yagA_predicted,0.027777777777777776,35,35,CCCCTTTGAATGAGTCATAA,0,4468173
yagB_insX_yagA_predicted,0.027777777777777776,35,35,CCACGGGTGAGGTACAGGTC,0,4441048
yagB_insX_yagA_predicted,0.027777777777777776,35,35,CATCTAACAGGTTTTTGCTT,0,4443817
yagB_insX_yagA_predicted,0.027777777777777776,35,35,CATAGCGGGACAAGGCTAAC,0,4443826
yagB_insX_yagA_predicted,0.027777777777777776,35,35,ATCTATGCACTGGCCGGGAA,0,4439107
yagB_insX_yagA_predicted,0.027777777777777776,35,35,ATAAAGAATAAGAGATTCGT,0,4460953
yagB_insX_yagA_predicted,0.027777777777777776,35,35,AGTTTCACCGCATGGAAGGT,0,4466437
yagB_insX_yagA_predicted,0.027777777777777776,35,35,AATGAGGCTTGTTCACCTAA,0,4444095
yagB_insX_yagA_predicted,0.027777777777777776,35,35,AAGGCTTATAAGGTAGCAGT,0,4459783
yagB_insX_yagA_predicted,0.02857142857142857,34,34,TTTGCGTTCTAAAGTACCAA,0,4461243
yagB_insX_yagA_predicted,0.02857142857142857,34,34,TTTAATGCGGGTTACTGCGA,0,4441754
yagB_insX_yagA_predicted,0.02857142857142857,34,34,TGGACCCGAACCCATGGGTT,0,4440674
yagB_insX_yagA_predicted,0.02857142857142857,34,34,TCGTGAGTCGTTGAGCGTTA,0,4467782
yagB_insX_yagA_predicted,0.02857142857142857,34,34,TCAGGGTCCCGCTAAGCACT,0,4443365
yagB_insX_yagA_predicted,0.02857142857142857,34,34,TCAAGCGGCGACGTTTAGGT,0,4461134
yagB_insX_yagA_predicted,0.02857142857142857,34,34,TACTCGTCCCAGTACGACAT,0,4437794
yagB_insX_yagA_predicted,0.02857142857142857,34,34,GTTAACATATGATGCGGCCA,0,4447366
yagB_insX_yagA_predicted,0.02857142857142857,34,34,GTGCTCGATGCCCAGGGACA,0,4455376
yagB_insX_yagA_predicted,0.02857142857142857,34,34,GTGAGGGTAAGGCGACCTGT,0,4461052
yagB_insX_yagA_predicted,0.02857142857142857,34,34,GGTGCCACGGGAACTGGAGC,0,4442153
yagB_insX_yagA_predicted,0.02857142857142857,34,34,GGTATCAATACTGTCACACG,0,4457108
yagB_insX_yagA_predicted,0.02857142857142857,34,34,GGATCGTCGTCAACCCAGAT,0,4446126
yagB_insX_yagA_predicted,0.02857142857142857,34,34,GCCGCTCCTTTTTTTGGTTT,0,4466638
yagB_insX_yagA_predicted,0.02857142857142857,34,34,GAGTCTGAGACTCCCTGCCG,0,4455880
yagB_insX_yagA_predicted,0.02857142857142857,34,34,GAGACGATTGGACTGGTGGA,0,4462103
yagB_insX_yagA_predicted,0.02857142857142857,34,34,CGTGTGATACGGCACGTAAG,0,4447102
yagB_insX_yagA_predicted,0.02857142857142857,34,34,CGGGGGACCATCTGGTCATA,0,4447120
yagB_insX_yagA_predicted,0.02857142857142857,34,34,CGGGGACCGCGAGGGAGACA,0,4455755
yagB_insX_yagA_predicted,0.02857142857142857,34,34,CCTTTAGAAGGGTCAGCTTA,0,4451378
yagB_insX_yagA_predicted,0.02857142857142857,34,34,CCTACGAATCGGAGCCACAG,0,4448995
yagB_insX_yagA_predicted,0.02857142857142857,34,34,CACCTATAATCCCAGCATAA,0,4437914
yagB_insX_yagA_predicted,0.02857142857142857,34,34,CAAGTTTACAACAAGATGCA,0,4440278
yagB_insX_yagA_predicted,0.02857142857142857,34,34,ATGGCCGTGTGTAAGATTTG,0,4441847
yagB_insX_yagA_predicted,0.02857142857142857,34,34,ATCATACTGGTCCCAGCGAG,0,4438489
yagB_insX_yagA_predicted,0.02857142857142857,34,34,AGTCCAGTTCGGCAGCGCCA,0,4455530
yagB_insX_yagA_predicted,0.02857142857142857,34,34,AGGTTTGAAATCAAATACGA,0,4441416
yagB_insX_yagA_predicted,0.02857142857142857,34,34,AGGAGTACGAGGTGGGGACA,0,4441282
yagB_insX_yagA_predicted,0.02857142857142857,34,34,ACGCTTCACTGCTAATAAGG,0,4436887
yagB_insX_yagA_predicted,0.02857142857142857,34,34,AATAGATTGCACAGGTCCAT,0,4444573
yagB_insX_yagA_predicted,0.02857142857142857,34,34,AAGAGCTTAAACCAGCGAAT,0,4455753
yagB_insX_yagA_predicted,0.02857142857142857,34,34,AAAGAAGAACTCTATATCCA,0,4447363
yagB_insX_yagA_predicted,0.029411764705882353,33,33,TTTCGAGATAAGCAGGGCGG,0,4436945
yagB_insX_yagA_predicted,0.029411764705882353,33,33,TTCACCGGTACAATGGGCTA,0,4445538
yagB_insX_yagA_predicted,0.029411764705882353,33,33,TGTCTCACTAGGTGGGGGAA,0,4447854
yagB_insX_yagA_predicted,0.029411764705882353,33,33,TGGTAATGCAATAAACTTAG,0,4461818
yagB_insX_yagA_predicted,0.029411764705882353,33,33,TGCCCTGTCGCGACCATTTC,0,4442165
yagB_insX_yagA_predicted,0.029411764705882353,33,33,TGAGACCCCGTTAGCAATTG,0,4449981
yagB_insX_yagA_predicted,0.029411764705882353,33,33,TGAAGTAGAGCGTCCCCGTT,0,4470452
yagB_insX_yagA_predicted,0.029411764705882353,33,33,TGAAGAAATCCTTCATATGT,0,4458556
yagB_insX_yagA_predicted,0.029411764705882353,33,33,TCACTTCCGGGTATGATCAG,0,4448791
yagB_insX_yagA_predicted,0.029411764705882353,33,33,TATTGGTGTGCGCGGATGGA,0,4457517
yagB_insX_yagA_predicted,0.029411764705882353,33,33,TAAGAATGCGAATCCAGATA,0,4452032
yagB_insX_yagA_predicted,0.029411764705882353,33,33,GTGTCTAGTTAGGCTCTCGG,0,4445885
yagB_insX_yagA_predicted,0.029411764705882353,33,33,GTGCGGAAGATATACATCTC,0,4440035
yagB_insX_yagA_predicted,0.029411764705882353,33,33,GGGGGTGGAACCCAGGGTGT,0,4450306
yagB_insX_yagA_predicted,0.029411764705882353,33,33,GGCCAGCCATTTATGGAGCC,0,4437911
yagB_insX_yagA_predicted,0.029411764705882353,33,33,GCGTGGAGTCGGTGGACGAG,0,4445190
yagB_insX_yagA_predicted,0.029411764705882353,33,33,GCGGATTATTCAACGTTGCT,0,4437907
yagB_insX_yagA_predicted,0.029411764705882353,33,33,GCCGTCAGACGTCCAGGCGA,0,4459317
yagB_insX_yagA_predicted,0.029411764705882353,33,33,GAGCTGGACGCTACAGTCGT,0,4450559
yagB_insX_yagA_predicted,0.029411764705882353,33,33,GACGTATTTTGGACATCGGA,0,4441655
yagB_insX_yagA_predicted,0.029411764705882353,33,33,CTTTATAATGTTCGGACTGA,0,4468098
yagB_insX_yagA_predicted,0.029411764705882353,33,33,CTCCGGATAATTCGATCAAA,0,4451202
yagB_insX_yagA_predicted,0.029411764705882353,33,33,CGTTGCAACCTCGGCTCTCG,0,4445948
yagB_insX_yagA_predicted,0.029411764705882353,33,33,CGTTAGGGCGGACTCCCTGA,0,4461083
yagB_insX_yagA_predicted,0.029411764705882353,33,33,CGTATCACCATCAGCGGTTT,0,4472191
yagB_insX_yagA_predicted,0.029411764705882353,33,33,CGGGAGGAGCCGTTCTTCGA,0,4449073
yagB_insX_yagA_predicted,0.029411764705882353,33,33,CCCCTGAAAGAGACTGTTGT,0,4471787
yagB_insX_yagA_predicted,0.029411764705882353,33,33,CAGACTGCAGGAGGTCCTTG,0,4443791
yagB_insX_yagA_predicted,0.029411764705882353,33,33,AGTTCTTTGGGACTGCGTGC,0,4442886
yagB_insX_yagA_predicted,0.029411764705882353,33,33,AGTTACCGTGTGAATTAATA,0,4441348
yagB_insX_yagA_predicted,0.029411764705882353,33,33,AGTTAATTCAACACCCCGCT,0,4441711
yagB_insX_yagA_predicted,0.029411764705882353,33,33,AGTAAAATAAAGGACGACAT,0,4453865
yagB_insX_yagA_predicted,0.029411764705882353,33,33,AGACTCATAAGGCGAGGTGC,0,4438380
yagB_insX_yagA_predicted,0.029411764705882353,33,33,ACTTTGCCTGGGCGTGAGCG,0,4440810
yagB_insX_yagA_predicted,0.029411764705882353,33,33,ACTTGTCATGGTAGGAAGCC,0,4462931
yagB_insX_yagA_predicted,0.029411764705882353,33,33,ACTTCGATAGCGAGGGTGAG,0,4437537
yagB_insX_yagA_predicted,0.029411764705882353,33,33,ACGGTAGAAAACTCTATACT,0,4436520
yagB_insX_yagA_predicted,0.029411764705882353,33,33,AATGGCCTAATTCGACACAG,0,4463904
yagB_insX_yagA_predicted,0.029411764705882353,33,33,AACGAAGATATGTACCCCTG,0,4436458
yagB_insX_yagA_predicted,0.030303030303030304,32,32,TTGGTGAGCTGGCTCCGGAA,0,4438977
yagB_insX_yagA_predicted,0.030303030303030304,32,32,TTGACTCCGCTGCAAAATTA,0,4461773
yagB_insX_yagA_predicted,0.030303030303030304,32,32,TTCACAGGGGGACCAACAAA,0,4446073
yagB_insX_yagA_predicted,0.030303030303030304,32,32,TGGTGGGGTAGCATCTTTAG,0,4454810
yagB_insX_yagA_predicted,0.030303030303030304,32,32,TGGTGCTTCCCGGGGGATAA,0,4460097
yagB_insX_yagA_predicted,0.030303030303030304,32,32,TGGGCCGACTAGCATGATGA,0,4456938
yagB_insX_yagA_predicted,0.030303030303030304,32,32,TGCTAGCTTATTAGCCATTG,0,4468679
yagB_insX_yagA_predicted,0.030303030303030304,32,32,TGCATCGGCGACTTAGACCT,0,4450550
yagB_insX_yagA_predicted,0.030303030303030304,32,32,TGACGTATTGTCGCGAATCA,0,4452886
yagB_insX_yagA_predicted,0.030303030303030304,32,32,TCTGTCGCTCGTCATTAAGT,0,4457226
yagB_insX_yagA_predicted,0.030303030303030304,32,32,TCTAGTTCTGCGTCTCCTGA,0,4445592
yagB_insX_yagA_predicted,0.030303030303030304,32,32,TCGGCCGAGGTCAGGGGGTT,0,4447753
yagB_insX_yagA_predicted,0.030303030303030304,32,32,TCCGCTACATCATCCCGATT,0,4452608
yagB_insX_yagA_predicted,0.030303030303030304,32,32,TCATTCATGGCGCCTGCCTG,0,4450024
yagB_insX_yagA_predicted,0.030303030303030304,32,32,GTTTGGTGGGAGCTCCCTAG,0,4455420
yagB_insX_yagA_predicted,0.030303030303030304,32,32,GTTACGTACGATGCGCGCTC,0,4451277
yagB_insX_yagA_predicted,0.030303030303030304,32,32,GTGTTCAACACTTTAACGAA,0,4443171
yagB_insX_yagA_predicted,0.030303030303030304,32,32,GTCACCGGTTGGGCAAGCTT,0,4447100
yagB_insX_yagA_predicted,0.030303030303030304,32,32,GGGGAACGGAGCAACGGAGA,0,4465211
yagB_insX_yagA_predicted,0.030303030303030304,32,32,GGAATGCTAGTGTTAATATT,0,4459511
yagB_insX_yagA_predicted,0.030303030303030304,32,32,GGAACAGGCCATGTCAGTTA,0,4438744
yagB_insX_yagA_predicted,0.030303030303030304,32,32,GCGCGACGAGTCTGATCCTT,0,4442146
yagB_insX_yagA_predicted,0.030303030303030304,32,32,GCATTCCTAGACTTTTCCAG,0,4440490
yagB_insX_yagA_predicted,0.030303030303030304,32,32,GAATGGTGGGTAGCTTCCTG,0,4443056
yagB_insX_yagA_predicted,0.030303030303030304,32,32,CTCGGAAGGGAACCAGCGTG,0,4445724
yagB_insX_yagA_predicted,0.030303030303030304,32,32,CTCATTTTCTCCTGAATGCC,0,4447506
yagB_insX_yagA_predicted,0.030303030303030304,32,32,CTAGGAATCCGACTCTACGT,0,4448532
yagB_insX_yagA_predicted,0.030303030303030304,32,32,CTACGGGAGTGATACATCGA,0,4463024
yagB_insX_yagA_predicted,0.030303030303030304,32,32,CGGAGACAAGCTTCGTGGAT,0,4472256
yagB_insX_yagA_predicted,0.030303030303030304,32,32,CGCCTTTGGACCACGCTTAA,0,4437640
yagB_insX_yagA_predicted,0.030303030303030304,32,32,CGATTCGGTGGCTTGAGCCA,0,4448427
yagB_insX_yagA_predicted,0.030303030303030304,32,32,CCTCTTACAAAGGGGGCAAA,0,4452927
yagB_insX_yagA_predicted,0.030303030303030304,32,32,CCAGCAAGAGTGGGGCCATG,0,4462607
yagB_insX_yagA_predicted,0.030303030303030304,32,32,CCACTAGCGGCCTTGTGCGC,0,4465363
yagB_insX_yagA_predicted,0.030303030303030304,32,32,CATCGGCGTACATTTCTGCG,0,4448898
yagB_insX_yagA_predicted,0.030303030303030304,32,32,CAAGCTATTGGCCTCGAATA,0,4462232
yagB_insX_yagA_predicted,0.030303030303030304,32,32,ATGTCAAGAGGGCAGTGTCA,0,4456947
yagB_insX_yagA_predicted,0.030303030303030304,32,32,ATATTAATCTTCACCTGTGA,0,4440897
yagB_insX_yagA_predicted,0.030303030303030304,32,32,ATAGGGGTTGTAAGTCTATT,0,4466857
yagB_insX_yagA_predicted,0.030303030303030304,32,32,ATAACGGGATGGGCTTCCGA,0,4459322
yagB_insX_yagA_predicted,0.030303030303030304,32,32,AGAAGAATTCAAGGCCGGAA,0,4444671
yagB_insX_yagA_predicted,0.030303030303030304,32,32,ACTCAGTGCCCCCAGTGACC,0,4457990
yagB_insX_yagA_predicted,0.030303030303030304,32,32,ACAGTGCGTTTAGCTTGGAA,0,4459360
yagB_insX_yagA_predicted,0.030303030303030304,32,32,AAGTCATTACAACCTGATGT,0,4450592
yagB_insX_yagA_predicted,0.030303030303030304,32,32,AACTTGAATGTCTTACGTGT,0,4439839
yagB_insX_yagA_predicted,0.030303030303030304,32,32,AACGGAGTAATTTGATGTGG,0,4458316
yagB_insX_yagA_predicted,0.030303030303030304,32,32,AAACCACAGGACTGTAGTAT,0,4454577
yagB_insX_yagA_predicted,0.03125,31,31,TTGCTAGTGGGTTCCAATTC,0,4448425
yagB_insX_yagA_predicted,0.03125,31,31,TTCCAGCTTCTCGCGTTACA,0,4436825
yagB_insX_yagA_predicted,0.03125,31,31,TAGATAAGAGTGAGGTTAAG,0,4447692
yagB_insX_yagA_predicted,0.03125,31,31,TAATGCAACATCGTTGGAGA,0,4464614
yagB_insX_yagA_predicted,0.03125,31,31,TAAATCATGAATACATACGT,0,4465745
yagB_insX_yagA_predicted,0.03125,31,31,GTGCTACATACAAAATAACA,0,4467395
yagB_insX_yagA_predicted,0.03125,31,31,GTCGCACTCTTGTAGGTACA,0,4456188
yagB_insX_yagA_predicted,0.03125,31,31,GGGTATAATGGGTCAGGCCC,0,4449793
yagB_insX_yagA_predicted,0.03125,31,31,GGGCTGTTCCAACAAGTCGT,0,4439590
yagB_insX_yagA_predicted,0.03125,31,31,GGATTCGCGAACTGGCCCGT,0,4463176
yagB_insX_yagA_predicted,0.03125,31,31,GGACAACCGCACAATTTTCA,0,4440893
yagB_insX_yagA_predicted,0.03125,31,31,GCCTGGGCACAACTAGGTCC,0,4463339
yagB_insX_yagA_predicted,0.03125,31,31,GCCGTAAAATCTGTTATAAT,0,4446304
yagB_insX_yagA_predicted,0.03125,31,31,GAGATCCTCAGTAGAATAAT,0,4442996
yagB_insX_yagA_predicted,0.03125,31,31,CTGGGGTCAATGTCGCTAGA,0,4461801
yagB_insX_yagA_predicted,0.03125,31,31,CTGGCGAGCGGACCCAGACT,0,4437473
yagB_insX_yagA_predicted,0.03125,31,31,CGGATACCCAACCAATGCCA,0,4450350
yagB_insX_yagA_predicted,0.03125,31,31,CGGAGGTATCCCCCGCCGAG,0,4437084
yagB_insX_yagA_predicted,0.03125,31,31,CGATGTGACTTCCTTTATTA,0,4454767
yagB_insX_yagA_predicted,0.03125,31,31,CGATCGTCGTGACGCGGGAT,0,4468324
yagB_insX_yagA_predicted,0.03125,31,31,CCTCGAAGCTATGGATTAAC,0,4440776
yagB_insX_yagA_predicted,0.03125,31,31,CCACCTCAACACGCATGTAT,0,4452943
yagB_insX_yagA_predicted,0.03125,31,31,CATTGGTCCACAGGTTATTC,0,4441292
yagB_insX_yagA_predicted,0.03125,31,31,CATAGAAGCGTGCCTCACAT,0,4461650
yagB_insX_yagA_predicted,0.03125,31,31,CAGGCGTGTCAAGTCATTGT,0,4438459
yagB_insX_yagA_predicted,0.03125,31,31,CAACACACTCTATTTGACAC,0,4467353
yagB_insX_yagA_predicted,0.03125,31,31,CAAAATAGGGTACAGCCCGT,0,4441968
yagB_insX_yagA_predicted,0.03125,31,31,CAAAACGGCGTTCTTCAGCA,0,4456327
yagB_insX_yagA_predicted,0.03125,31,31,CAAAAACTGGGTTCTAGGCC,0,4439661
yagB_insX_yagA_predicted,0.03125,31,31,ATGTCGGAATCATCGGCGTC,0,4436797
yagB_insX_yagA_predicted,0.03125,31,31,ATCTGGCGCTCTAACAAACT,0,4440735
yagB_insX_yagA_predicted,0.03125,31,31,AGGCTTCGTGGGGGTGGCGA,0,4442216
yagB_insX_yagA_predicted,0.03125,31,31,AGGCTCGGCTTCCTGGTTGA,0,4453476
yagB_insX_yagA_predicted,0.03125,31,31,AGGAGGAGGAAAGGAGAGTA,0,4468466
yagB_insX_yagA_predicted,0.03125,31,31,AGATTTCACGAGCGAGATAT,0,4440444
yagB_insX_yagA_predicted,0.03125,31,31,ACGGACAGCCGTGTGCACTA,0,4463179
yagB_insX_yagA_predicted,0.03125,31,31,ACCTACAACTGTGAGGCCTA,0,4465439
yagB_insX_yagA_predicted,0.03125,31,31,ACATTAGCCACGCCGAAATC,0,4461015
yagB_insX_yagA_predicted,0.03125,31,31,AATGCGGGTCCCTGGTCAAA,0,4446447
yagB_insX_yagA_predicted,0.03125,31,31,AATAGTCTATCACACGTCTA,0,4460483
yagB_insX_yagA_predicted,0.03125,31,31,AATAAACTATGAGTAGAAGA,0,4463695
yagB_insX_yagA_predicted,0.03125,31,31,AAGTCGGTCCTGATACAATC,0,4456568
yagB_insX_yagA_predicted,0.03125,31,31,AAAGGGGTCCGCGTTCACTC,0,4457136
yagB_insX_yagA_predicted,0.03125,31,31,AAAAGTGTACTGTTTAGAGT,0,4438234
yagB_insX_yagA_predicted,0.03225806451612903,30,30,TTTCGATCATTAAACACTTA,0,4442109
yagB_insX_yagA_predicted,0.03225806451612903,30,30,TTTAAGCGAGCGTTAGAAAT,0,4446392
yagB_insX_yagA_predicted,0.03225806451612903,30,30,TTGGGTTCTTCCGTCATTTG,0,4466510
yagB_insX_yagA_predicted,0.03225806451612903,30,30,TGTCGCCTTTAGATCTGCTG,0,4459084
yagB_insX_yagA_predicted,0.03225806451612903,30,30,TGGGGTTATGGGCTCTAGTT,0,4463175
yagB_insX_yagA_predicted,0.03225806451612903,30,30,TGGGGCAACCAGAAAGTCCG,0,4445672
yagB_insX_yagA_predicted,0.03225806451612903,30,30,TGACTTTACATGCACCGCGT,0,4450947
yagB_insX_yagA_predicted,0.03225806451612903,30,30,TCCTTGGCCACGAGTGCACG,0,4441739
yagB_insX_yagA_predicted,0.03225806451612903,30,30,TCCTGCAACGTGGGCTAATA,0,4437832
yagB_insX_yagA_predicted,0.03225806451612903,30,30,TCCCGAGAGTGGGGACGTTT,0,4445782
yagB_insX_yagA_predicted,0.03225806451612903,30,30,TCAGGCTGGTGCCAGTCACG,0,4468978
yagB_insX_yagA_predicted,0.03225806451612903,30,30,TCACTCGGACCCCTGTTAAC,0,4446303
yagB_insX_yagA_predicted,0.03225806451612903,30,30,TATGACCTCCGTGAGGCCGA,0,4457255
yagB_insX_yagA_predicted,0.03225806451612903,30,30,TAGGGATGGATGCGTCTTGT,0,4444217
yagB_insX_yagA_predicted,0.03225806451612903,30,30,TAGGAGTCCAGCAGCAAAAA,0,4458354
yagB_insX_yagA_predicted,0.03225806451612903,30,30,TAAGGACGAAGCATATGGAG,0,4438209
yagB_insX_yagA_predicted,0.03225806451612903,30,30,GTGCCGTTGGAAGAATCTGC,0,4451329
yagB_insX_yagA_predicted,0.03225806451612903,30,30,GTGCAGCACGTAACGCGACA,0,4467288
yagB_insX_yagA_predicted,0.03225806451612903,30,30,GTCGCACACGATTGGTGAAC,0,4436488
yagB_insX_yagA_predicted,0.03225806451612903,30,30,GGGGTTTCGAAGCAAGTAGC,0,4460873
yagB_insX_yagA_predicted,0.03225806451612903,30,30,GGCAGCCCTTCGGTCTAGTG,0,4438410
yagB_insX_yagA_predicted,0.03225806451612903,30,30,GGACCCGTTTGACCATGCCA,0,4440751
yagB_insX_yagA_predicted,0.03225806451612903,30,30,GCGGTTGGATGGATAAGCCA,0,4451810
yagB_insX_yagA_predicted,0.03225806451612903,30,30,GCGGAGCTTAATTTTCTGTC,0,4445591
yagB_insX_yagA_predicted,0.03225806451612903,30,30,GCGCGGTTTCTTTCGTGTCA,0,4453645
yagB_insX_yagA_predicted,0.03225806451612903,30,30,GCGAACGGAATTTAAAATTT,0,4444121
yagB_insX_yagA_predicted,0.03225806451612903,30,30,GACAAACTCAGTACAGGAAG,0,4461007
yagB_insX_yagA_predicted,0.03225806451612903,30,30,CTTACAGCCGCGCTTAGTTT,0,4448152
yagB_insX_yagA_predicted,0.03225806451612903,30,30,CTAGACAACGGGAGTATCTT,0,4466691
yagB_insX_yagA_predicted,0.03225806451612903,30,30,CTAAACACAGGTTAGTGAAA,0,4445394
yagB_insX_yagA_predicted,0.03225806451612903,30,30,CGTAGGGCGGCTTCCTTAGA,0,4460425
yagB_insX_yagA_predicted,0.03225806451612903,30,30,CCTGGAGAATTTCTGCCGAA,0,4460956
yagB_insX_yagA_predicted,0.03225806451612903,30,30,CCTGCCTGATTACCTATACT,0,4453378
yagB_insX_yagA_predicted,0.03225806451612903,30,30,CCTCGCAAATTGAGGTTCGT,0,4450216
yagB_insX_yagA_predicted,0.03225806451612903,30,30,CCCGGGGACGGGTCGTAAAA,0,4443821
yagB_insX_yagA_predicted,0.03225806451612903,30,30,CCCACGGCAGGTTGTAGAAC,0,4456060
yagB_insX_yagA_predicted,0.03225806451612903,30,30,CCACTTGGACCCTTGGTTGA,0,4471526
yagB_insX_yagA_predicted,0.03225806451612903,30,30,CACCGCGGCGTGGTCGTTAC,0,4464890
yagB_insX_yagA_predicted,0.03225806451612903,30,30,CAATGTTTTGATGCTGGGCT,0,4459746
yagB_insX_yagA_predicted,0.03225806451612903,30,30,CAATACTCTGCGGTGCTTCA,0,4469917
yagB_insX_yagA_predicted,0.03225806451612903,30,30,CAACATGTGAAGACCAACTG,0,4459233
yagB_insX_yagA_predicted,0.03225806451612903,30,30,ATTAGCCGGAACAAGCTATC,0,4466165
yagB_insX_yagA_predicted,0.03225806451612903,30,30,ATGTCTTATGTCAGCGACTG,0,4440221
yagB_insX_yagA_predicted,0.03225806451612903,30,30,ATGGCCGGTCGCTTCACGTG,0,4449954
yagB_insX_yagA_predicted,0.03225806451612903,30,30,ATCTTGCATTAGCATTTGGG,0,4455210
yagB_insX_yagA_predicted,0.03225806451612903,30,30,ATCCATGTCATGTCCCCTCT,0,4458443
yagB_insX_yagA_predicted,0.03225806451612903,30,30,AGTGCATTGGTCTCACTACG,0,4453901
yagB_insX_yagA_predicted,0.03225806451612903,30,30,AGACCTAAATTGAGCTATTG,0,4459912
yagB_insX_yagA_predicted,0.03225806451612903,30,30,ACCCTTATGTGCCGGGCGAA,0,4443136
yagB_insX_yagA_predicted,0.03225806451612903,30,30,AATCCAGAAGGCTTCACTAT,0,4455655
yagB_insX_yagA_predicted,0.03225806451612903,30,30,AAGGGGGCTGTGGAGTTGCT,0,4438640
yagB_insX_yagA_predicted,0.03225806451612903,30,30,AACGTGTTTCGTTGTGTGAT,0,4468382
yagB_insX_yagA_predicted,0.03225806451612903,30,30,AAATTAGAGACGGCATCCCA,0,4451320
yagB_insX_yagA_predicted,0.03333333333333333,29,29,TTTGCTAGACTAGGCGTTAG,0,4470657
yagB_insX_yagA_predicted,0.03333333333333333,29,29,TTAAGGTATGATGAAGTGTC,0,4445828
yagB_insX_yagA_predicted,0.03333333333333333,29,29,TGTGACCACAGTTTAAAAGC,0,4437761
yagB_insX_yagA_predicted,0.03333333333333333,29,29,TGTCTGCAGGCTCAGCGTCC,0,4457840
yagB_insX_yagA_predicted,0.03333333333333333,29,29,TGCTAAAATTGCGGCGTACT,0,4467611
yagB_insX_yagA_predicted,0.03333333333333333,29,29,TGCGGATCTTAGCGAGCAGT,0,4467227
yagB_insX_yagA_predicted,0.03333333333333333,29,29,TGACCTACGAGGAGATTTAC,0,4470547
yagB_insX_yagA_predicted,0.03333333333333333,29,29,TGAACTAATTTCCTGTAGGA,0,4441943
yagB_insX_yagA_predicted,0.03333333333333333,29,29,TCTGTGTTCAAAAGATCGGG,0,4443205
yagB_insX_yagA_predicted,0.03333333333333333,29,29,TCTGATCAACGAAGACCCCG,0,4453522
yagB_insX_yagA_predicted,0.03333333333333333,29,29,TAGCTCGTGGTCGAGTGTTT,0,4439564
yagB_insX_yagA_predicted,0.03333333333333333,29,29,TAACTGAGCTCCGTTCAAAT,0,4445722
yagB_insX_yagA_predicted,0.03333333333333333,29,29,TAAAAAGCTCGTGTCACGAG,0,4464547
yagB_insX_yagA_predicted,0.03333333333333333,29,29,GTTTGTGAGAGAACCAGAGG,0,4459635
yagB_insX_yagA_predicted,0.03333333333333333,29,29,GGGTCTGGCAAATTGCTGAA,0,4471170
yagB_insX_yagA_predicted,0.03333333333333333,29,29,GGAAGGCAGAGTGCCGGGTT,0,4454549
yagB_insX_yagA_predicted,0.03333333333333333,29,29,GCGGGCGTACGGACGTATTA,0,4439990
yagB_insX_yagA_predicted,0.03333333333333333,29,29,GCGGAAACACTGTCCTAACC,0,4467393
yagB_insX_yagA_predicted,0.03333333333333333,29,29,GCCCCTCTGTCAAAATAATA,0,4450617
yagB_insX_yagA_predicted,0.03333333333333333,29,29,GCCAGAACATGGGCTGACAT,0,4454627
yagB_insX_yagA_predicted,0.03333333333333333,29,29,GCATCTATCGACCCGCGTTG,0,4438638
yagB_insX_yagA_predicted,0.03333333333333333,29,29,GCACAAGGGCGTCTCAGATT,0,4438779
yagB_insX_yagA_predicted,0.03333333333333333,29,29,GATGGTGAAGGCGACCTCCT,0,4460713
yagB_insX_yagA_predicted,0.03333333333333333,29,29,GAGGCCGCGTTTAAACGTGC,0,4463241
yagB_insX_yagA_predicted,0.03333333333333333,29,29,CTTTAGGGGCGAGCCTAAAT,0,4468784
yagB_insX_yagA_predicted,0.03333333333333333,29,29,CTTGCCATTATCGGAACTTT,0,4460591
yagB_insX_yagA_predicted,0.03333333333333333,29,29,CTGCAGTAGAAGAATGCTCC,0,4463749
yagB_insX_yagA_predicted,0.03333333333333333,29,29,CTGATGGGCGCGCCCTATTA,0,4457595
yagB_insX_yagA_predicted,0.03333333333333333,29,29,CTGACGCCATCTAGGGTCTA,0,4461463
yagB_insX_yagA_predicted,0.03333333333333333,29,29,CTCTGAGCATTGTTAAAGAT,0,4461395
yagB_insX_yagA_predicted,0.03333333333333333,29,29,CTATAAGAGACCGTCGGTTA,0,4445937
yagB_insX_yagA_predicted,0.03333333333333333,29,29,CTAGGGGCTGGGAAGGCCTT,0,4461743
yagB_insX_yagA_predicted,0.03333333333333333,29,29,CTAGATGGAGGCGGCTTAGT,0,4453766
yagB_insX_yagA_predicted,0.03333333333333333,29,29,CGCATCCCAAAGCATATTTT,0,4467781
yagB_insX_yagA_predicted,0.03333333333333333,29,29,CGAATCTAGAGTCGCCGAAA,0,4441232
yagB_insX_yagA_predicted,0.03333333333333333,29,29,CCGTTGTTAGCTCAATAGAA,0,4453741
yagB_insX_yagA_predicted,0.03333333333333333,29,29,CCGACACGCTGTTATGTCGG,0,4449173
yagB_insX_yagA_predicted,0.03333333333333333,29,29,CCCTTCGAGCGCACTTAAGA,0,4440384
yagB_insX_yagA_predicted,0.03333333333333333,29,29,CCCGAAGCGACAGTTCGCAG,0,4453636
yagB_insX_yagA_predicted,0.03333333333333333,29,29,CATGTTATTCCTCATCCTTT,0,4451237
yagB_insX_yagA_predicted,0.03333333333333333,29,29,CAACAAATCACAGGGGCCAG,0,4462290
yagB_insX_yagA_predicted,0.03333333333333333,29,29,ATTGTAGCCTATAGTTTAAT,0,4465567
yagB_insX_yagA_predicted,0.03333333333333333,29,29,ATTAGGAGATAATTTTACCT,0,4441560
yagB_insX_yagA_predicted,0.03333333333333333,29,29,ATGATCCCGATCTATCCGGA,0,4446133
yagB_insX_yagA_predicted,0.03333333333333333,29,29,ATCCCAGAACGCCTTAAGTA,0,4444489
yagB_insX_yagA_predicted,0.03333333333333333,29,29,AGTGGCCCCGGAAGCGGAAC,0,4450116
yagB_insX_yagA_predicted,0.03333333333333333,29,29,AGTGAGGCCCGCTGGTCCCA,0,4443626
yagB_insX_yagA_predicted,0.03333333333333333,29,29,ACTTGCTGAACTGTGTCCTA,0,4466240
yagB_insX_yagA_predicted,0.03333333333333333,29,29,ACAGTAGGCTCTTCCGAAAA,0,4455070
yagB_insX_yagA_predicted,0.03333333333333333,29,29,ACAGGTCCGGCACAGCATAC,0,4452466
yagB_insX_yagA_predicted,0.03333333333333333,29,29,ACACTTATTCGGCGGCTAGT,0,4438169
yagB_insX_yagA_predicted,0.03333333333333333,29,29,AAGGAAGAGCTCTAGGTCCT,0,4461998
yagB_insX_yagA_predicted,0.03333333333333333,29,29,AAGCGGAGCCAAAACATATG,0,4449560
yagB_insX_yagA_predicted,0.03333333333333333,29,29,AACGGTAAGGTATCGCTGAG,0,4448177
yagB_insX_yagA_predicted,0.03333333333333333,29,29,AAAGGTAACTTGCGATCCTC,0,4440894
yagB_insX_yagA_predicted,0.034482758620689655,28,28,TTTCCTAACAAGGTGCGGCA,0,4459458
yagB_insX_yagA_predicted,0.034482758620689655,28,28,TTCGGTTGTTTTTCTTACAG,0,4464571
yagB_insX_yagA_predicted,0.034482758620689655,28,28,TGCCCCCATGGCCGGCACTC,0,4462283
yagB_insX_yagA_predicted,0.034482758620689655,28,28,TGCCAGAGGCCTAAGGCAGT,0,4446031
yagB_insX_yagA_predicted,0.034482758620689655,28,28,TGCACGCCAGTCTTTCGTAC,0,4459831
yagB_insX_yagA_predicted,0.034482758620689655,28,28,TCGCAAAGTGTTGGTTTTAA,0,4454431
yagB_insX_yagA_predicted,0.034482758620689655,28,28,TCGAATTTCGCTCAGGGATA,0,4454465
yagB_insX_yagA_predicted,0.034482758620689655,28,28,TCATAGACAGTTACTGCCAG,0,4463020
yagB_insX_yagA_predicted,0.034482758620689655,28,28,TACTCCTGTTGTCTCCTTTA,0,4436326
yagB_insX_yagA_predicted,0.034482758620689655,28,28,TAAGCGAACGGGCGCCCAAG,0,4444480
yagB_insX_yagA_predicted,0.034482758620689655,28,28,TAACTCACATAATTGTACCT,0,4436524
yagB_insX_yagA_predicted,0.034482758620689655,28,28,GTGCGTCCCTCGAATACGTT,0,4440837
yagB_insX_yagA_predicted,0.034482758620689655,28,28,GTCTACAGTAAAATGGAGGT,0,4446481
yagB_insX_yagA_predicted,0.034482758620689655,28,28,GTACTCCACCAGTCCCACAG,0,4444158
yagB_insX_yagA_predicted,0.034482758620689655,28,28,GGTTGGTGAGAGAGTGGAGG,0,4460436
yagB_insX_yagA_predicted,0.034482758620689655,28,28,GGTCCACGGATCTTGTCGGG,0,4436615
yagB_insX_yagA_predicted,0.034482758620689655,28,28,GGTATCTGCCATCTCGTTCT,0,4453807
yagB_insX_yagA_predicted,0.034482758620689655,28,28,GGTAGCCTTTTAGTAGGTCC,0,4443867
yagB_insX_yagA_predicted,0.034482758620689655,28,28,GGGCTCTCCCTATACCGAAG,0,4460235
yagB_insX_yagA_predicted,0.034482758620689655,28,28,GGGACAAAGCGCCGGGGTAT,0,4455574
yagB_insX_yagA_predicted,0.034482758620689655,28,28,GGCTCAGGACGACAGGTCTA,0,4469716
yagB_insX_yagA_predicted,0.034482758620689655,28,28,GGCCTGGGGTGGTGGAGTTT,0,4462988
yagB_insX_yagA_predicted,0.034482758620689655,28,28,GGAGTTCGTACCATCATTGA,0,4464861
yagB_insX_yagA_predicted,0.034482758620689655,28,28,GGAACGATACCCTTAGAAAT,0,4441923
yagB_insX_yagA_predicted,0.034482758620689655,28,28,GCGGCTCTGGAGCACCTTGT,0,4454582
yagB_insX_yagA_predicted,0.034482758620689655,28,28,GCATAAACCTACGGACTTCT,0,4459144
yagB_insX_yagA_predicted,0.034482758620689655,28,28,GCAGGATTGGCTGTATGTGA,0,4461565
yagB_insX_yagA_predicted,0.034482758620689655,28,28,GATGGAGGATATGGCCGTTA,0,4470121
yagB_insX_yagA_predicted,0.034482758620689655,28,28,GAGTACCGCCGAGACACTTA,0,4439714
yagB_insX_yagA_predicted,0.034482758620689655,28,28,GAGGATCACGGAAGGAATAT,0,4442350
yagB_insX_yagA_predicted,0.034482758620689655,28,28,GAACGCAATTCCGTGCCGTG,0,4453107
yagB_insX_yagA_predicted,0.034482758620689655,28,28,GAAAGAGGTACCAGAGCCGC,0,4439859
yagB_insX_yagA_predicted,0.034482758620689655,28,28,CTGGTTGCCGGACACAGGCA,0,4444948
yagB_insX_yagA_predicted,0.034482758620689655,28,28,CTCAACGTCAGGGTGAAAAC,0,4438044
yagB_insX_yagA_predicted,0.034482758620689655,28,28,CTAACACATTATAGGTACGT,0,4440065
yagB_insX_yagA_predicted,0.034482758620689655,28,28,CCGTCGTCCACTCCCCGCTG,0,4452350
yagB_insX_yagA_predicted,0.034482758620689655,28,28,CCGCAGACCCACCAGGTTTA,0,4437950
yagB_insX_yagA_predicted,0.034482758620689655,28,28,CCCGGCGCGTGGTCGAATCG,0,4469437
yagB_insX_yagA_predicted,0.034482758620689655,28,28,CCACTAACGCCACATTCGAG,0,4459114
yagB_insX_yagA_predicted,0.034482758620689655,28,28,CATAGCGTACGAGAGGGCTA,0,4441883
yagB_insX_yagA_predicted,0.034482758620689655,28,28,CAGCGAACCGTTCGTCTCTG,0,4442313
yagB_insX_yagA_predicted,0.034482758620689655,28,28,CAGCAGAAGGGGACATTTTT,0,4460343
yagB_insX_yagA_predicted,0.034482758620689655,28,28,CACACTCGGCATTCGGGCCA,0,4437612
yagB_insX_yagA_predicted,0.034482758620689655,28,28,CAAGGTTGAGCCGTTATATA,0,4461346
yagB_insX_yagA_predicted,0.034482758620689655,28,28,CAAGATCACAGGAAATGCTA,0,4440206
yagB_insX_yagA_predicted,0.034482758620689655,28,28,CAACTGATCCTATTGTCCAA,0,4468264
yagB_insX_yagA_predicted,0.034482758620689655,28,28,ATGGTCTAGCGAAGTGGGAG,0,4442349
yagB_insX_yagA_predicted,0.034482758620689655,28,28,ATGCCAATCGGGAGTTATTC,0,4438867
yagB_insX_yagA_predicted,0.034482758620689655,28,28,ATCCGGGCCTTAGATACTTG,0,4449020
yagB_insX_yagA_predicted,0.034482758620689655,28,28,ATCAGAATACCCTGGGTAGA,0,4450120
yagB_insX_yagA_predicted,0.034482758620689655,28,28,AGTTTGCAAGGTTGGCTCTT,0,4442292
yagB_insX_yagA_predicted,0.034482758620689655,28,28,AGTCACCCGCAGACCCTATG,0,4438109
yagB_insX_yagA_predicted,0.034482758620689655,28,28,AGGACGGAGGGGACAAATCA,0,4454926
yagB_insX_yagA_predicted,0.034482758620689655,28,28,AGATAAAAGTACCGTCTCGA,0,4443318
yagB_insX_yagA_predicted,0.034482758620689655,28,28,ACTCGCCTGTCAGGCCCTCG,0,4456187
yagB_insX_yagA_predicted,0.034482758620689655,28,28,ACGGTGTGGTAGACCGGCAG,0,4468883
yagB_insX_yagA_predicted,0.034482758620689655,28,28,ACGGAAGTATGCACAAGCGT,0,4444385
yagB_insX_yagA_predicted,0.034482758620689655,28,28,ACCCGAACCGCTGAGTTGTC,0,4465337
yagB_insX_yagA_predicted,0.034482758620689655,28,28,AATCTATGAATTGATATCAG,0,4438098
yagB_insX_yagA_predicted,0.034482758620689655,28,28,AAGTTCATCCTCCTGAGGTC,0,4436390
yagB_insX_yagA_predicted,0.034482758620689655,28,28,AAGGTGTAATACTGTCACAG,0,4461082
yagB_insX_yagA_predicted,0.034482758620689655,28,28,AAGATGCTGGGGTGACCCAT,0,4447946
yagB_insX_yagA_predicted,0.034482758620689655,28,28,AAAGTTAGAGCATGCAAATA,0,4456123
yagB_insX_yagA_predicted,0.03571428571428571,27,27,TTGTCTCGTGCGCATGAAGA,0,4458754
yagB_insX_yagA_predicted,0.03571428571428571,27,27,TGGTTGAAGTCCCCAGCTAT,0,4458778
yagB_insX_yagA_predicted,0.03571428571428571,27,27,TGGTGTATACGTGTAGGTAT,0,4438129
yagB_insX_yagA_predicted,0.03571428571428571,27,27,TGGGTCGATCCCTGAAATCC,0,4456090
yagB_insX_yagA_predicted,0.03571428571428571,27,27,TGGCAATCAACAAGTCCTTA,0,4451855
yagB_insX_yagA_predicted,0.03571428571428571,27,27,TGCCCGAATGGGGTAACAGG,0,4437994
yagB_insX_yagA_predicted,0.03571428571428571,27,27,TCTGTGTGTAACGTTTCCAC,0,4439894
yagB_insX_yagA_predicted,0.03571428571428571,27,27,TCTCTCTTGTTCTTCGCGTT,0,4442899
yagB_insX_yagA_predicted,0.03571428571428571,27,27,TCTCCGATGCCTCGCTCGAT,0,4445749
yagB_insX_yagA_predicted,0.03571428571428571,27,27,TCATGACCTAAAGAGTAACG,0,4446003
yagB_insX_yagA_predicted,0.03571428571428571,27,27,TCACTGCCGGAGCGGTACGC,0,4446584
yagB_insX_yagA_predicted,0.03571428571428571,27,27,TATCGGGGATCCCGCAGAGC,0,4447511
yagB_insX_yagA_predicted,0.03571428571428571,27,27,TAGAGTGGGTTTGGGCAGTG,0,4453572
yagB_insX_yagA_predicted,0.03571428571428571,27,27,TACCCCGCCGAAGGTCCTGC,0,4439574
yagB_insX_yagA_predicted,0.03571428571428571,27,27,TAATCCCAGGCATCTGTGTT,0,4463987
yagB_insX_yagA_predicted,0.03571428571428571,27,27,GTGTTGACTTGGAGGGGTGG,0,4463174
yagB_insX_yagA_predicted,0.03571428571428571,27,27,GTGTCAGTCGCCATTAGCGC,0,4464266
yagB_insX_yagA_predicted,0.03571428571428571,27,27,GTAGGAAAAACGACGGATCA,0,4447626
yagB_insX_yagA_predicted,0.03571428571428571,27,27,GTAAGGATATCTACCCGCTA,0,4450374
yagB_insX_yagA_predicted,0.03571428571428571,27,27,GGTAGTCACTGTCGGCGTCC,0,4468038
yagB_insX_yagA_predicted,0.03571428571428571,27,27,GGGGATATCTTCGCGGGTAT,0,4453343
yagB_insX_yagA_predicted,0.03571428571428571,27,27,GGGCGAAATGAAATTCCGAT,0,4449558
yagB_insX_yagA_predicted,0.03571428571428571,27,27,GGCCCGATTGAGTACATAAT,0,4438812
yagB_insX_yagA_predicted,0.03571428571428571,27,27,GGCATCATCTCCTGAGGTGA,0,4452234
yagB_insX_yagA_predicted,0.03571428571428571,27,27,GGCAGTATTAACTGCCAGAT,0,4450443
yagB_insX_yagA_predicted,0.03571428571428571,27,27,GGATCCGATCTTACGACGCG,0,4439926
yagB_insX_yagA_predicted,0.03571428571428571,27,27,GCTGAGGAAGCTAAACTATG,0,4466400
yagB_insX_yagA_predicted,0.03571428571428571,27,27,GCCCGGTAAAGTAAGGTACT,0,4457894
yagB_insX_yagA_predicted,0.03571428571428571,27,27,GCCCAGATCGACCTATCGTT,0,4454954
yagB_insX_yagA_predicted,0.03571428571428571,27,27,GCACAGTCAGGGACGAGACG,0,4465240
yagB_insX_yagA_predicted,0.03571428571428571,27,27,GATTGGGTCTCGAATAATCA,0,4452218
yagB_insX_yagA_predicted,0.03571428571428571,27,27,GATTAACTCACCTCTCAGCA,0,4448752
yagB_insX_yagA_predicted,0.03571428571428571,27,27,GATCACCCGCAGCTAATTCA,0,4454628
yagB_insX_yagA_predicted,0.03571428571428571,27,27,GATACCAGTAGAGGTGCCGT,0,4466852
yagB_insX_yagA_predicted,0.03571428571428571,27,27,GACACATAGTTGTCGCGAAG,0,4446014
yagB_insX_yagA_predicted,0.03571428571428571,27,27,GAATGCCCGCGTGCAGCTTT,0,4470663
yagB_insX_yagA_predicted,0.03571428571428571,27,27,GAATGAGTCCAACGTTTGCC,0,4447400
yagB_insX_yagA_predicted,0.03571428571428571,27,27,GAAGATAAGTTAGGATATCT,0,4458234
yagB_insX_yagA_predicted,0.03571428571428571,27,27,GAACCGCGGCGGTCGCACAG,0,4462237
yagB_insX_yagA_predicted,0.03571428571428571,27,27,CTGCCTTTCATTCGCTACTA,0,4470195
yagB_insX_yagA_predicted,0.03571428571428571,27,27,CTAGTTGGAAACCCCTGACG,0,4468069
yagB_insX_yagA_predicted,0.03571428571428571,27,27,CTACTAAGACTGTATCGAAG,0,4464039
yagB_insX_yagA_predicted,0.03571428571428571,27,27,CGTTGCGAAGCGATACTAAG,0,4458024
yagB_insX_yagA_predicted,0.03571428571428571,27,27,CGTATAATCGATTGATCACC,0,4436137
yagB_insX_yagA_predicted,0.03571428571428571,27,27,CGGTCAGTCCCACTACTGAC,0,4436180
yagB_insX_yagA_predicted,0.03571428571428571,27,27,CGCGGATAAATTCCAGGTCA,0,4447431
yagB_insX_yagA_predicted,0.03571428571428571,27,27,CGCGACTTGACGGGCGATCC,0,4453226
yagB_insX_yagA_predicted,0.03571428571428571,27,27,CGATGCCTGGCCGGTTATCA,0,4439895
yagB_insX_yagA_predicted,0.03571428571428571,27,27,CCTTTGATATGGCGTACCAG,0,4448605
yagB_insX_yagA_predicted,0.03571428571428571,27,27,CCTGAATCGGGGAACTCATA,0,4455884
yagB_insX_yagA_predicted,0.03571428571428571,27,27,CCGGAAAAGCGCTTGCCTAG,0,4440222
yagB_insX_yagA_predicted,0.03571428571428571,27,27,CCGCATGAAAGGGTAGTCAG,0,4453979
yagB_insX_yagA_predicted,0.03571428571428571,27,27,CCACCAGAACTAACGCCTAT,0,4468346
yagB_insX_yagA_predicted,0.03571428571428571,27,27,CCAATGTCAGGATAAAGGAA,0,4444476
yagB_insX_yagA_predicted,0.03571428571428571,27,27,CATACCCTTAACGGGTTACG,0,4440061
yagB_insX_yagA_predicted,0.03571428571428571,27,27,CAGTTGGTTGCACCCCGCAA,0,4461740
yagB_insX_yagA_predicted,0.03571428571428571,27,27,CAGTGCGACATTATTGTTTA,0,4452235
yagB_insX_yagA_predicted,0.03571428571428571,27,27,CAGTGCCTTGAGCAATGTCC,0,4464309
yagB_insX_yagA_predicted,0.03571428571428571,27,27,CAGTCACATTTTTGGTCGAT,0,4459936
yagB_insX_yagA_predicted,0.03571428571428571,27,27,CAGGCCACAGTAGCGAGGAA,0,4454809
yagB_insX_yagA_predicted,0.03571428571428571,27,27,CAGCAACAAATTTGCCTCCA,0,4445201
yagB_insX_yagA_predicted,0.03571428571428571,27,27,CACAGTTAAGCACTTAAGGT,0,4455195
yagB_insX_yagA_predicted,0.03571428571428571,27,27,ATTACTTATTCGTTCGTCGT,0,4467251
yagB_insX_yagA_predicted,0.03571428571428571,27,27,ATGGGACTGGCCTCCGAAGA,0,4438956
yagB_insX_yagA_predicted,0.03571428571428571,27,27,ATGGCGCTCTGATTTAGGCC,0,4452969
yagB_insX_yagA_predicted,0.03571428571428571,27,27,ATCATCGCGAGAAACCGAGA,0,4464214
yagB_insX_yagA_predicted,0.03571428571428571,27,27,ATAGAGAGTGGTCGTAGAGC,0,4448348
yagB_insX_yagA_predicted,0.03571428571428571,27,27,ATAATTACGTCCCTGGCTGA,0,4452662
yagB_insX_yagA_predicted,0.03571428571428571,27,27,AGATACTCATCCAGTGATTG,0,4445215
yagB_insX_yagA_predicted,0.03571428571428571,27,27,AGAATCACAAGGGCGCTCGA,0,4468685
yagB_insX_yagA_predicted,0.03571428571428571,27,27,ACGCTTTCACAATGGCACAT,0,4463393
yagB_insX_yagA_predicted,0.03571428571428571,27,27,ACAGCTGTCGCGTGGCATTG,0,4446486
yagB_insX_yagA_predicted,0.03571428571428571,27,27,ACAACGCTAGTAGATTCCGA,0,4467325
yagB_insX_yagA_predicted,0.03571428571428571,27,27,AATGCAGGCACAGTCCTTAG,0,4440509
yagB_insX_yagA_predicted,0.03571428571428571,27,27,AAGGCCTCTGTACCCGCTAT,0,4437791
yagB_insX_yagA_predicted,0.03571428571428571,27,27,AACGCCGGACGAGTGCTCCT,0,4438243
yagB_insX_yagA_predicted,0.037037037037037035,26,26,TGTCTACACGTATATCCAAC,0,4457813
yagB_insX_yagA_predicted,0.037037037037037035,26,26,TGGCCTGCTGGAGGCCTCAG,0,4449561
yagB_insX_yagA_predicted,0.037037037037037035,26,26,TCTGTGATTTGGTCGGTGTT,0,4441834
yagB_insX_yagA_predicted,0.037037037037037035,26,26,TCTGTACGCAGGGAGGCGAG,0,4445536
yagB_insX_yagA_predicted,0.037037037037037035,26,26,TCGTTCATGGGAAAGGGGCA,0,4462239
yagB_insX_yagA_predicted,0.037037037037037035,26,26,TCCAAGTTGCCGGTGGCATG,0,4447472
yagB_insX_yagA_predicted,0.037037037037037035,26,26,TCACAATTGGTCGCTGCCTA,0,4467127
yagB_insX_yagA_predicted,0.037037037037037035,26,26,TATTCAAACGACACTCGTAT,0,4466651
yagB_insX_yagA_predicted,0.037037037037037035,26,26,TATGGGGCTGCATGTTTTTC,0,4444952
yagB_insX_yagA_predicted,0.037037037037037035,26,26,TATGCTGGGACCCACCGTTA,0,4460039
yagB_insX_yagA_predicted,0.037037037037037035,26,26,TAATTCTCGCTAAAACACGT,0,4462696
yagB_insX_yagA_predicted,0.037037037037037035,26,26,GTTAAGCCAACTATCGCCTC,0,4451071
yagB_insX_yagA_predicted,0.037037037037037035,26,26,GTGGACCAGTTACATCGAAC,0,4450236
yagB_insX_yagA_predicted,0.037037037037037035,26,26,GTGACATGTCCTCGCACCAT,0,4436422
yagB_insX_yagA_predicted,0.037037037037037035,26,26,GTCATGAGCATCAGTAGAGT,0,4465534
yagB_insX_yagA_predicted,0.037037037037037035,26,26,GTATTCGTCCGAGCTCGTAG,0,4462765
yagB_insX_yagA_predicted,0.037037037037037035,26,26,GTACAGTTTTAATGTACGCA,0,4441025
yagB_insX_yagA_predicted,0.037037037037037035,26,26,GGTTGCGTAGCTTAGGCACT,0,4464808
yagB_insX_yagA_predicted,0.037037037037037035,26,26,GGTCTTTCTGCATATCAGTT,0,4450061
yagB_insX_yagA_predicted,0.037037037037037035,26,26,GGATGAGTAACATAGCTTCT,0,4440123
yagB_insX_yagA_predicted,0.037037037037037035,26,26,GGATCACCGGCTCCCGATTT,0,4441379
yagB_insX_yagA_predicted,0.037037037037037035,26,26,GGATATAGACTGAAGATTAA,0,4453827
yagB_insX_yagA_predicted,0.037037037037037035,26,26,GGACAACTCGACAGTCGGTT,0,4436712
yagB_insX_yagA_predicted,0.037037037037037035,26,26,GCTTCGTTGACATAATGTAG,0,4439323
yagB_insX_yagA_predicted,0.037037037037037035,26,26,GCTCATTTACTCTGAAACCC,0,4438675
yagB_insX_yagA_predicted,0.037037037037037035,26,26,GCCTTGAGGGGAGGATTCAC,0,4440732
yagB_insX_yagA_predicted,0.037037037037037035,26,26,GCAGAAGATTCGTTTACGGA,0,4471791
yagB_insX_yagA_predicted,0.037037037037037035,26,26,GCAACGTCCTCCGTAGGGCT,0,4464678
yagB_insX_yagA_predicted,0.037037037037037035,26,26,GCAACCGGAACGAGATCTTA,0,4463160
yagB_insX_yagA_predicted,0.037037037037037035,26,26,GATTTAACGTTTGATCCGAA,0,4440619
yagB_insX_yagA_predicted,0.037037037037037035,26,26,GATGTGAGCACGTACGCTAA,0,4436476
yagB_insX_yagA_predicted,0.037037037037037035,26,26,GAGGCCTGTCCATGTTTCTT,0,4451063
yagB_insX_yagA_predicted,0.037037037037037035,26,26,CTTATTTCAGTCTTGGGCGT,0,4449992
yagB_insX_yagA_predicted,0.037037037037037035,26,26,CTTAGGGGAACTTGCTTGGG,0,4445380
yagB_insX_yagA_predicted,0.037037037037037035,26,26,CTTACATCATGCGTAGAAAT,0,4441543
yagB_insX_yagA_predicted,0.037037037037037035,26,26,CTGTCCTAATGTGATTCCAA,0,4454385
yagB_insX_yagA_predicted,0.037037037037037035,26,26,CTCTGCACTGCCTTGTGAGT,0,4467445
yagB_insX_yagA_predicted,0.037037037037037035,26,26,CGTCTAGTTCGCCACCGAAA,0,4436710
yagB_insX_yagA_predicted,0.037037037037037035,26,26,CGGCTTATTATGCAAAAGAG,0,4440936
yagB_insX_yagA_predicted,0.037037037037037035,26,26,CGCTTACAACGTGCAAATGG,0,4442466
yagB_insX_yagA_predicted,0.037037037037037035,26,26,CGCTGATACGACCGTATTTT,0,4438460
yagB_insX_yagA_predicted,0.037037037037037035,26,26,CGCCCCCGATGAGTGAAGGT,0,4451922
yagB_insX_yagA_predicted,0.037037037037037035,26,26,CGATACGGAATGCTGGTGTA,0,4447699
yagB_insX_yagA_predicted,0.037037037037037035,26,26,CCTCCGTGGTGACCAGCTTT,0,4438666
yagB_insX_yagA_predicted,0.037037037037037035,26,26,CCGGGGAAGCCACGGTGCTA,0,4442309
yagB_insX_yagA_predicted,0.037037037037037035,26,26,CCGATCTTGATTAGAGGATC,0,4446327
yagB_insX_yagA_predicted,0.037037037037037035,26,26,CCGATCCTACAAATACGGTC,0,4454339
yagB_insX_yagA_predicted,0.037037037037037035,26,26,CCGAGTGATACCATTGTATT,0,4438613
yagB_insX_yagA_predicted,0.037037037037037035,26,26,CCCGTGGAATCCATGAGAGG,0,4439537
yagB_insX_yagA_predicted,0.037037037037037035,26,26,CCCGGTGCGTTATTCTTTCA,0,4472031
yagB_insX_yagA_predicted,0.037037037037037035,26,26,CCCGATGTGCCTCTAGGTTA,0,4457436
yagB_insX_yagA_predicted,0.037037037037037035,26,26,CCAGATATCTTTGGTAGGAT,0,4443477
yagB_insX_yagA_predicted,0.037037037037037035,26,26,CAGTCTCACGTAGATCCTAT,0,4450804
yagB_insX_yagA_predicted,0.037037037037037035,26,26,CACCCCTTTGACGGTCATTG,0,4436185
yagB_insX_yagA_predicted,0.037037037037037035,26,26,CAACATTCCTCTCACCAATA,0,4447846
yagB_insX_yagA_predicted,0.037037037037037035,26,26,ATGGTTGTTACCGCTTCTCT,0,4446469
yagB_insX_yagA_predicted,0.037037037037037035,26,26,ATGGGAGTGCTACCCGTGGG,0,4445124
yagB_insX_yagA_predicted,0.037037037037037035,26,26,ATCTGGGCTAGTTGTTGCTG,0,4446431
yagB_insX_yagA_predicted,0.037037037037037035,26,26,ATCGAACTCGCACCCTGCTT,0,4452431
yagB_insX_yagA_predicted,0.037037037037037035,26,26,AGGGCGCAGTTTTAAAGTTG,0,4451541
yagB_insX_yagA_predicted,0.037037037037037035,26,26,AGGCCAGTGCTGATTTTAAC,0,4452514
yagB_insX_yagA_predicted,0.037037037037037035,26,26,AGCTCACTACCGTTATGGAT,0,4466288
yagB_insX_yagA_predicted,0.037037037037037035,26,26,AGCGAGTCCAACTAAGCTCA,0,4452261
yagB_insX_yagA_predicted,0.037037037037037035,26,26,AGCATCGAACGGCTTGTGTG,0,4436688
yagB_insX_yagA_predicted,0.037037037037037035,26,26,AGAAGCACCGTTTCAGCAAC,0,4441100
yagB_insX_yagA_predicted,0.037037037037037035,26,26,ACCTGCAGAGCGCCTTATCT,0,4462273
yagB_insX_yagA_predicted,0.037037037037037035,26,26,ACAGAGCACGCCAGTTACGG,0,4451995
yagB_insX_yagA_predicted,0.037037037037037035,26,26,ACACTTCTGGAGCGCACTTG,0,4440591
yagB_insX_yagA_predicted,0.037037037037037035,26,26,ACAAATACGCTTTAATTATT,0,4464482
yagB_insX_yagA_predicted,0.037037037037037035,26,26,AATTTTGATGACGCCAGAAA,0,4466398
yagB_insX_yagA_predicted,0.037037037037037035,26,26,AAGAGCACCGGTGCGACCTT,0,4461133
yagB_insX_yagA_predicted,0.037037037037037035,26,26,AACCTTGCCCCCAACGTAGA,0,4441993
yagB_insX_yagA_predicted,0.038461538461538464,25,25,TTTGCCGCCACACAAGGCGA,0,4470781
yagB_insX_yagA_predicted,0.038461538461538464,25,25,TTTCCGTCTTAATACTCATA,0,4452607
yagB_insX_yagA_predicted,0.038461538461538464,25,25,TTTCCGCGTATGCCTACACA,0,4466793
yagB_insX_yagA_predicted,0.038461538461538464,25,25,TTGGACAAATAGTTTCCATG,0,4445758
yagB_insX_yagA_predicted,0.038461538461538464,25,25,TTCGCCCATTCAGCATGAAT,0,4443018
yagB_insX_yagA_predicted,0.038461538461538464,25,25,TTACCCGGTTACTAACGGCA,0,4440580
yagB_insX_yagA_predicted,0.038461538461538464,25,25,TGTTCCCTAACATCGCCAAC,0,4465826
yagB_insX_yagA_predicted,0.038461538461538464,25,25,TGTCTAGCAATTTAGCGAAG,0,4465034
yagB_insX_yagA_predicted,0.038461538461538464,25,25,TGCGTGGCCCCCTCTACGAC,0,4446068
yagB_insX_yagA_predicted,0.038461538461538464,25,25,TGCGCAATCGACCAAGATAC,0,4470717
yagB_insX_yagA_predicted,0.038461538461538464,25,25,TGAAGGCTACCACTGTCGGC,0,4460999
yagB_insX_yagA_predicted,0.038461538461538464,25,25,TCGGAGTCAACGCGCAGCTG,0,4444876
yagB_insX_yagA_predicted,0.038461538461538464,25,25,TCCATGGCATGCCCTCAGTT,0,4457936
yagB_insX_yagA_predicted,0.038461538461538464,25,25,TCCATGCTTACGGGAGTGGT,0,4437742
yagB_insX_yagA_predicted,0.038461538461538464,25,25,TCATGTCGCGCGCTGGGTAC,0,4438173
yagB_insX_yagA_predicted,0.038461538461538464,25,25,TCATAGAGACCCCCGCAAGA,0,4466361
yagB_insX_yagA_predicted,0.038461538461538464,25,25,TCAACGGCGCATTCTGGTTT,0,4466832
yagB_insX_yagA_predicted,0.038461538461538464,25,25,TATAGGCAAACTGCGTAGCT,0,4463522
yagB_insX_yagA_predicted,0.038461538461538464,25,25,TAGCCTCATAGTGCGCAAAT,0,4458286
yagB_insX_yagA_predicted,0.038461538461538464,25,25,TAGAAAGGTGAACGAGGTTG,0,4443320
yagB_insX_yagA_predicted,0.038461538461538464,25,25,TACTAATCGGCAAGATGTGA,0,4456922
yagB_insX_yagA_predicted,0.038461538461538464,25,25,TACCGTGTGATCCCTCTAGT,0,4443645
yagB_insX_yagA_predicted,0.038461538461538464,25,25,GTTACAAGGTTTATCAATTC,0,4442867
yagB_insX_yagA_predicted,0.038461538461538464,25,25,GTGGCGACTCCCCCGTCCGT,0,4445441
yagB_insX_yagA_predicted,0.038461538461538464,25,25,GTGCCAAAATGTGGATAGCC,0,4468702
yagB_insX_yagA_predicted,0.038461538461538464,25,25,GTAGGGAGGCCTCCAAGCGA,0,4438223
yagB_insX_yagA_predicted,0.038461538461538464,25,25,GTAGCCATGAATGACGAGTA,0,4436756
yagB_insX_yagA_predicted,0.038461538461538464,25,25,GGTGGGATCCCCGTTGCTCT,0,4466147
yagB_insX_yagA_predicted,0.038461538461538464,25,25,GGCTCTGGGTGTCGGGTCAA,0,4441477
yagB_insX_yagA_predicted,0.038461538461538464,25,25,GGCAAAACTCGTCACTTAAT,0,4466923
yagB_insX_yagA_predicted,0.038461538461538464,25,25,GGAACACCCGCTTACTCAAT,0,4468148
yagB_insX_yagA_predicted,0.038461538461538464,25,25,GGAAAGTAGAAGAGTGACAC,0,4455599
yagB_insX_yagA_predicted,0.038461538461538464,25,25,GCTTTTCATGGCTTTGCTGT,0,4447600
yagB_insX_yagA_predicted,0.038461538461538464,25,25,GCTGGGGACATTAGGGTTAG,0,4459184
yagB_insX_yagA_predicted,0.038461538461538464,25,25,GCTATGGTATAGTATTTTTG,0,4442172
yagB_insX_yagA_predicted,0.038461538461538464,25,25,GCTAGGGTCCAACAAAGAGA,0,4465530
yagB_insX_yagA_predicted,0.038461538461538464,25,25,GCCTGAGCCCTCACTAGGAC,0,4451492
yagB_insX_yagA_predicted,0.038461538461538464,25,25,GATGCGCAGACAATAAAAGC,0,4460500
yagB_insX_yagA_predicted,0.038461538461538464,25,25,GACAATTCTATCCTGGGGAT,0,4437114
yagB_insX_yagA_predicted,0.038461538461538464,25,25,GAATATTGAACACCTCATGT,0,4456919
yagB_insX_yagA_predicted,0.038461538461538464,25,25,GAAGCCCGGTAGGGTATTGA,0,4463344
yagB_insX_yagA_predicted,0.038461538461538464,25,25,CTTAGTTTGTCCGGTTGACT,0,4440447
yagB_insX_yagA_predicted,0.038461538461538464,25,25,CTGGAAATGATCTCTTTGGT,0,4436810
yagB_insX_yagA_predicted,0.038461538461538464,25,25,CTGCCGTAACGATTAGTCGG,0,4444000
yagB_insX_yagA_predicted,0.038461538461538464,25,25,CTGAGGGCTCTCTTCCACTA,0,4466222
yagB_insX_yagA_predicted,0.038461538461538464,25,25,CGGTCATGCGTAAACAATAT,0,4445812
yagB_insX_yagA_predicted,0.038461538461538464,25,25,CGGTATCACGATGAACGTCG,0,4442882
yagB_insX_yagA_predicted,0.038461538461538464,25,25,CGGGACATTTGCTATCCGTT,0,4441980
yagB_insX_yagA_predicted,0.038461538461538464,25,25,CGGCTCTTTGATCCGATACG,0,4440121
yagB_insX_yagA_predicted,0.038461538461538464,25,25,CGGACACGTATTCGAGGTAT,0,4443176
yagB_insX_yagA_predicted,0.038461538461538464,25,25,CGCTATAGATTCGCAGAAAA,0,4451700
yagB_insX_yagA_predicted,0.038461538461538464,25,25,CGCGTATCATGGCTCCTTGA,0,4440982
yagB_insX_yagA_predicted,0.038461538461538464,25,25,CGAGAGGGATGGAAAGGGGA,0,4457158
yagB_insX_yagA_predicted,0.038461538461538464,25,25,CGACGAGGCTGACTTGGGTA,0,4451006
yagB_insX_yagA_predicted,0.038461538461538464,25,25,CCTTAAAAAGCTCGAAAAAG,0,4445396
yagB_insX_yagA_predicted,0.038461538461538464,25,25,CCTACTCCTGGCAGTGGTGC,0,4465878
yagB_insX_yagA_predicted,0.038461538461538464,25,25,CCGTTCGAGCAACATATACG,0,4455339
yagB_insX_yagA_predicted,0.038461538461538464,25,25,CCGGAATTGACCGTTTGACC,0,4439067
yagB_insX_yagA_predicted,0.038461538461538464,25,25,CCGCCGGGATTGGCTGTTAA,0,4438130
yagB_insX_yagA_predicted,0.038461538461538464,25,25,CCCTTGGTTGGGCGGACTGC,0,4450424
yagB_insX_yagA_predicted,0.038461538461538464,25,25,CCCTCAGTCCAGCTTCACAC,0,4451998
yagB_insX_yagA_predicted,0.038461538461538464,25,25,CCCAGATCACAGAGGACATA,0,4463953
yagB_insX_yagA_predicted,0.038461538461538464,25,25,CCAGGACTAGATAAATGGTC,0,4466248
yagB_insX_yagA_predicted,0.038461538461538464,25,25,CCACGACTACGCCAACGAGG,0,4466598
yagB_insX_yagA_predicted,0.038461538461538464,25,25,CATTCGCTTTTCAACTCTGT,0,4457736
yagB_insX_yagA_predicted,0.038461538461538464,25,25,CATCTCAAGTCGAGGGCAGA,0,4443476
yagB_insX_yagA_predicted,0.038461538461538464,25,25,CAGCCGGGTGGGTTTTACGG,0,4454382
yagB_insX_yagA_predicted,0.038461538461538464,25,25,CAAAAGAAGGTCGTTCAGGC,0,4446642
yagB_insX_yagA_predicted,0.038461538461538464,25,25,ATTCGTAATGCCTGATGTGT,0,4447624
yagB_insX_yagA_predicted,0.038461538461538464,25,25,ATGTTATGTGCAAATTGCGT,0,4436427
yagB_insX_yagA_predicted,0.038461538461538464,25,25,ATGCGGGGCATGGCTTCCAA,0,4444539
yagB_insX_yagA_predicted,0.038461538461538464,25,25,ATCAGATATAGGAAACGGGA,0,4458582
yagB_insX_yagA_predicted,0.038461538461538464,25,25,ATAGGCTCCAAATACAGTAA,0,4449679
yagB_insX_yagA_predicted,0.038461538461538464,25,25,AGGCCGGTTAAAGCAAGCGG,0,4437479
yagB_insX_yagA_predicted,0.038461538461538464,25,25,AGGATAGTTGCATAGGAGAT,0,4448515
yagB_insX_yagA_predicted,0.038461538461538464,25,25,AGCTGCAAGGTAGCTGTATG,0,4443221
yagB_insX_yagA_predicted,0.038461538461538464,25,25,ACGGAGCCTTCTAAAGTGGT,0,4469959
yagB_insX_yagA_predicted,0.038461538461538464,25,25,ACGAGATATTTGGTAGTCCG,0,4470934
yagB_insX_yagA_predicted,0.038461538461538464,25,25,ACCTGCCAACTGCGTCTCCG,0,4462985
yagB_insX_yagA_predicted,0.038461538461538464,25,25,ACCGGTGCGACTGAGTACGA,0,4454832
yagB_insX_yagA_predicted,0.038461538461538464,25,25,ACCCACAGGCTCCGGGAAAG,0,4439630
yagB_insX_yagA_predicted,0.038461538461538464,25,25,AATAGCGATATTAAAATGCA,0,4447463
yagB_insX_yagA_predicted,0.038461538461538464,25,25,AACAAATAAGGGGAGGATGC,0,4439373
yagB_insX_yagA_predicted,0.038461538461538464,25,25,AAACCCTAGTGGTCATTTGA,0,4451459
yagB_insX_yagA_predicted,0.04,24,24,TTGTCCAGCTCTACCACTGG,0,4443358
yagB_insX_yagA_predicted,0.04,24,24,TTGGCTGTGCCGCGCTTACT,0,4438022
yagB_insX_yagA_predicted,0.04,24,24,TTCCAGGACACCAGTATTAA,0,4447858
yagB_insX_yagA_predicted,0.04,24,24,TTACTCTTTGATATAGAATG,0,4451626
yagB_insX_yagA_predicted,0.04,24,24,TTACGATATCATAAATAGGC,0,4450252
yagB_insX_yagA_predicted,0.04,24,24,TTAAGCCTTAGCAGAGGCTC,0,4462250
yagB_insX_yagA_predicted,0.04,24,24,TTAAATCTTATGCGGTGAGC,0,4441180
yagB_insX_yagA_predicted,0.04,24,24,TGTTACAGGATGATGAGGTA,0,4449094
yagB_insX_yagA_predicted,0.04,24,24,TGTCCAGCCATTCTTAGTGT,0,4444924
yagB_insX_yagA_predicted,0.04,24,24,TGTAACAGGGAAGAGGGCAT,0,4453131
yagB_insX_yagA_predicted,0.04,24,24,TGGAAGGTAATTCCCGTGGA,0,4453249
yagB_insX_yagA_predicted,0.04,24,24,TCTTATGTGCAAAATTTATT,0,4458544
yagB_insX_yagA_predicted,0.04,24,24,TCGACTCAATTCCACTGCTT,0,4456127
yagB_insX_yagA_predicted,0.04,24,24,TCCAGACTACCTACTAATGT,0,4441345
yagB_insX_yagA_predicted,0.04,24,24,TCAGATGATGACCCGAAGTG,0,4461918
yagB_insX_yagA_predicted,0.04,24,24,TATTTAGCTTGGTCGTATTA,0,4436085
yagB_insX_yagA_predicted,0.04,24,24,TAGGTGCCACACAGATGGCT,0,4455681
yagB_insX_yagA_predicted,0.04,24,24,TACTTCGCGTTCATTTGAGA,0,4466340
yagB_insX_yagA_predicted,0.04,24,24,TACGTTCACTGTGGCGGTAG,0,4456517
yagB_insX_yagA_predicted,0.04,24,24,TAACTTGCTTGCTCTAATGG,0,4440417
yagB_insX_yagA_predicted,0.04,24,24,TAAAACCCAGTTTGGGTCGC,0,4445367
yagB_insX_yagA_predicted,0.04,24,24,GTTGAGCATGTCGTCTCCTT,0,4465035
yagB_insX_yagA_predicted,0.04,24,24,GTGTTTTTGTGTTACGTTTC,0,4458940
yagB_insX_yagA_predicted,0.04,24,24,GTGGGTTGACCCGCAGGGTC,0,4449835
yagB_insX_yagA_predicted,0.04,24,24,GTACCAGGGGACAGTCTCAT,0,4458831
yagB_insX_yagA_predicted,0.04,24,24,GGGCCTGCTATAGGTTACCA,0,4447036
yagB_insX_yagA_predicted,0.04,24,24,GGGCCACGCGTTGATCTAGC,0,4447997
yagB_insX_yagA_predicted,0.04,24,24,GGCAGGGGAACAGTTAAGCG,0,4446708
yagB_insX_yagA_predicted,0.04,24,24,GGATACAAGCCACTGGTGGT,0,4453960
yagB_insX_yagA_predicted,0.04,24,24,GGACTTCAGTGAAACAATAC,0,4459855
yagB_insX_yagA_predicted,0.04,24,24,GGACGCGAAAGTGGCTTGCT,0,4453616
yagB_insX_yagA_predicted,0.04,24,24,GCTTGCCCAGCATTTGCCAA,0,4455219
yagB_insX_yagA_predicted,0.04,24,24,GCTAGTTGATTGTCGTATAT,0,4471775
yagB_insX_yagA_predicted,0.04,24,24,GCGGGTTTACGCCCGGTGGT,0,4451008
yagB_insX_yagA_predicted,0.04,24,24,GATTATCCAGATCACTCTTG,0,4440353
yagB_insX_yagA_predicted,0.04,24,24,GATACCGTCAGCGATACCAT,0,4459278
yagB_insX_yagA_predicted,0.04,24,24,GAGGATAACTCTCTGTCATA,0,4457573
yagB_insX_yagA_predicted,0.04,24,24,GAGCTAGCTAGGTTGGGGGA,0,4467567
yagB_insX_yagA_predicted,0.04,24,24,CTTCGTCGATCCGCGAAACC,0,4446258
yagB_insX_yagA_predicted,0.04,24,24,CTTAGGGACTCGGCCGTTTC,0,4459006
yagB_insX_yagA_predicted,0.04,24,24,CTCTGGCCTGACTCCAATGG,0,4438029
yagB_insX_yagA_predicted,0.04,24,24,CTAAGGGCCTGATGTCTTAT,0,4455253
yagB_insX_yagA_predicted,0.04,24,24,CGGCTTTCTGTCCTAGAGGG,0,4461583
yagB_insX_yagA_predicted,0.04,24,24,CGGATGGGCTTGCGTAAGGG,0,4460094
yagB_insX_yagA_predicted,0.04,24,24,CGCGTCCGATCGGGACTTTC,0,4438546
yagB_insX_yagA_predicted,0.04,24,24,CGCGGGGTAAAGTCCGTCGA,0,4471108
yagB_insX_yagA_predicted,0.04,24,24,CGCATGCGTAAATTTGCTTG,0,4459070
yagB_insX_yagA_predicted,0.04,24,24,CGCAAATTGAAGTCTTCTGA,0,4456908
yagB_insX_yagA_predicted,0.04,24,24,CGATAACCTCTAGCGAGCGG,0,4460843
yagB_insX_yagA_predicted,0.04,24,24,CGACATGTGGCCTGATGTGG,0,4449834
yagB_insX_yagA_predicted,0.04,24,24,CGAACGGGGTGAGTTTCAAC,0,4457137
yagB_insX_yagA_predicted,0.04,24,24,CCTTTCTAAGGGTCCTGGGT,0,4454570
yagB_insX_yagA_predicted,0.04,24,24,CCGCGGAGAGTGATTCGTAA,0,4438930
yagB_insX_yagA_predicted,0.04,24,24,CCCCAGCGCTGAGGCCCTCT,0,4453078
yagB_insX_yagA_predicted,0.04,24,24,CCACTATAAGATCCCCGATG,0,4467787
yagB_insX_yagA_predicted,0.04,24,24,CCACCCGCATTTCATGGCTT,0,4470235
yagB_insX_yagA_predicted,0.04,24,24,CCAATCCAAGACCCGCGTGG,0,4445573
yagB_insX_yagA_predicted,0.04,24,24,CATGGAAGAGGACGCGGGTC,0,4448750
yagB_insX_yagA_predicted,0.04,24,24,CATCGAAAAGTGGCTAGCTA,0,4456206
yagB_insX_yagA_predicted,0.04,24,24,CACCGTTTGGGTTCGGCACA,0,4461301
yagB_insX_yagA_predicted,0.04,24,24,CACACTTCCAGCGACAACCT,0,4456342
yagB_insX_yagA_predicted,0.04,24,24,CACAAAATGGTATCAAGAGT,0,4446112
yagB_insX_yagA_predicted,0.04,24,24,ATTTGAAATGTGTGGTAAAA,0,4452971
yagB_insX_yagA_predicted,0.04,24,24,ATTTCCTCGATTCCGCTTCA,0,4440039
yagB_insX_yagA_predicted,0.04,24,24,ATGGCATAGCGCCGACCCAT,0,4455482
yagB_insX_yagA_predicted,0.04,24,24,ATGAAAGAAAATCTGAAAAG,0,4453159
yagB_insX_yagA_predicted,0.04,24,24,ATCCAGACAGGGGTACTGGT,0,4446620
yagB_insX_yagA_predicted,0.04,24,24,ATATATCCGCCTAATTGTGT,0,4441519
yagB_insX_yagA_predicted,0.04,24,24,ATAGATGGCCCGCGCTAGAC,0,4452045
yagB_insX_yagA_predicted,0.04,24,24,ATACAGTACGCGTTAGCCGA,0,4453532
yagB_insX_yagA_predicted,0.04,24,24,ATAAGTAGGCCCGAGGCAGA,0,4465097
yagB_insX_yagA_predicted,0.04,24,24,AGTTTCATCGGGATATAATG,0,4436973
yagB_insX_yagA_predicted,0.04,24,24,AGTGATTGATGCACCCAGGA,0,4459475
yagB_insX_yagA_predicted,0.04,24,24,AGCTTGTCGTCATGGGACTA,0,4455993
yagB_insX_yagA_predicted,0.04,24,24,AGCATCCATAGCCGGATATA,0,4454993
yagB_insX_yagA_predicted,0.04,24,24,AGAGTCAAAAGGTTCTTAGA,0,4446894
yagB_insX_yagA_predicted,0.04,24,24,ACTATGTAGCTTCCTCAGGT,0,4459436
yagB_insX_yagA_predicted,0.04,24,24,ACCCCGACATGTACCGGTCC,0,4455079
yagB_insX_yagA_predicted,0.04,24,24,ACAAACAACGTTCCGGGTGC,0,4464339
yagB_insX_yagA_predicted,0.04,24,24,AATTGGCAACTATAGTAGGA,0,4449788
yagB_insX_yagA_predicted,0.04,24,24,AATGCCTCTTTTGCGGCTTC,0,4451808
yagB_insX_yagA_predicted,0.04,24,24,AATAGGGTCTAGCCACGATC,0,4461770
yagB_insX_yagA_predicted,0.04,24,24,AATAATCTGTTTCTAATGGC,0,4455338
yagB_insX_yagA_predicted,0.04,24,24,AAGGTGATGGCCTGTTATAG,0,4437472
yagB_insX_yagA_predicted,0.04,24,24,AAGCGATCCTATAGTCCCCA,0,4454929
yagB_insX_yagA_predicted,0.04,24,24,AAATTCAAACGTAGCGACAA,0,4443438
yagB_insX_yagA_predicted,0.04,24,24,AAAAGACACGATGTCCTGTA,0,4466749
yagB_insX_yagA_predicted,0.041666666666666664,23,23,TTTATCAATTCGCCCATTGC,0,4467838
yagB_insX_yagA_predicted,0.041666666666666664,23,23,TTTATAGTGAACAGCGCGCT,0,4444048
yagB_insX_yagA_predicted,0.041666666666666664,23,23,TTGTTGAAGATTACCAGCCT,0,4457753
yagB_insX_yagA_predicted,0.041666666666666664,23,23,TTGGTTTCCAGCCTTTCCGG,0,4437639
yagB_insX_yagA_predicted,0.041666666666666664,23,23,TTCCTGCTGAACTCCGGGGG,0,4456615
yagB_insX_yagA_predicted,0.041666666666666664,23,23,TGGCGCTACAGCTAAGATTA,0,4455461
yagB_insX_yagA_predicted,0.041666666666666664,23,23,TGCTTACGAACACAGAATCT,0,4458821
yagB_insX_yagA_predicted,0.041666666666666664,23,23,TGCCGGAGAACTTCGTTAAC,0,4446172
yagB_insX_yagA_predicted,0.041666666666666664,23,23,TGACAGGTATAAACCAGGAG,0,4460646
yagB_insX_yagA_predicted,0.041666666666666664,23,23,TGAAGGTCCTGATTCTCGAT,0,4451506
yagB_insX_yagA_predicted,0.041666666666666664,23,23,TCTCGCTAACCGATTATTGT,0,4464677
yagB_insX_yagA_predicted,0.041666666666666664,23,23,TCGGCACAACTAACATCGTT,0,4439921
yagB_insX_yagA_predicted,0.041666666666666664,23,23,TCCGTCACTTCAGCCCGTAC,0,4452312
yagB_insX_yagA_predicted,0.041666666666666664,23,23,TCAGGAGGGCCACACCCTTA,0,4437302
yagB_insX_yagA_predicted,0.041666666666666664,23,23,TACGATTCCCTTTTAGGCTG,0,4437145
yagB_insX_yagA_predicted,0.041666666666666664,23,23,TACGAGATCGCGCCGGCCTC,0,4457738
yagB_insX_yagA_predicted,0.041666666666666664,23,23,TAATGGGATAATGGTTAAGC,0,4463629
yagB_insX_yagA_predicted,0.041666666666666664,23,23,GTTCATAGATCACCTCAAGT,0,4460587
yagB_insX_yagA_predicted,0.041666666666666664,23,23,GTGCGAGTCTGCACAAACCC,0,4446969
yagB_insX_yagA_predicted,0.041666666666666664,23,23,GTGCCGATGGGTGGAAACCC,0,4442214
yagB_insX_yagA_predicted,0.041666666666666664,23,23,GTCTCGGTAGGGGGGAAATC,0,4472084
yagB_insX_yagA_predicted,0.041666666666666664,23,23,GTCGGAATTTGGCTGCCTGT,0,4466621
yagB_insX_yagA_predicted,0.041666666666666664,23,23,GGTTCAGTGCCGATGTTCTC,0,4456501
yagB_insX_yagA_predicted,0.041666666666666664,23,23,GGTGAGCGCATAACGAAGTT,0,4464312
yagB_insX_yagA_predicted,0.041666666666666664,23,23,GGGTCCCGCGGAGGTAGCAG,0,4464217
yagB_insX_yagA_predicted,0.041666666666666664,23,23,GGCGCTGTGTATAAAAAAAT,0,4446141
yagB_insX_yagA_predicted,0.041666666666666664,23,23,GGCATCCTAAACGGCGTCAC,0,4448596
yagB_insX_yagA_predicted,0.041666666666666664,23,23,GGAGTCGGAAGGTAAGTAAC,0,4437913
yagB_insX_yagA_predicted,0.041666666666666664,23,23,GGAGACCCATACCAGGGCGG,0,4444368
yagB_insX_yagA_predicted,0.041666666666666664,23,23,GGACTACGTGGCCCACTGTG,0,4435999
yagB_insX_yagA_predicted,0.041666666666666664,23,23,GGACAGGCCCATACCACCAG,0,4468144
yagB_insX_yagA_predicted,0.041666666666666664,23,23,GCTTGTTATCTTTGTGGTAA,0,4450394
yagB_insX_yagA_predicted,0.041666666666666664,23,23,GCTCTGAAACACGAACTACT,0,4436385
yagB_insX_yagA_predicted,0.041666666666666664,23,23,GCTCCGTACACCATCTACTC,0,4443040
yagB_insX_yagA_predicted,0.041666666666666664,23,23,GCTAAACAAAAGGCCGGAAA,0,4457909
yagB_insX_yagA_predicted,0.041666666666666664,23,23,GCACCACGGACCGCGTTCAG,0,4447880
yagB_insX_yagA_predicted,0.041666666666666664,23,23,GATTTTTTGTATCTTTAGGT,0,4443497
yagB_insX_yagA_predicted,0.041666666666666664,23,23,GATTAGGACCTCGGTAAATT,0,4457299
yagB_insX_yagA_predicted,0.041666666666666664,23,23,GATAGGAACACGGTTACCTG,0,4457391
yagB_insX_yagA_predicted,0.041666666666666664,23,23,GACCGATCTTTATTTCCCCA,0,4463120
yagB_insX_yagA_predicted,0.041666666666666664,23,23,GACACTGAGCAGACACAGGT,0,4444583
yagB_insX_yagA_predicted,0.041666666666666664,23,23,GAATGAACGGACACCCAATT,0,4446286
yagB_insX_yagA_predicted,0.041666666666666664,23,23,CTGTAGAAGTTTCTTAGCAG,0,4469324
yagB_insX_yagA_predicted,0.041666666666666664,23,23,CTGCACTCCATTAGGGAGGC,0,4455175
yagB_insX_yagA_predicted,0.041666666666666664,23,23,CTCTATTCGGATTCTCGCAG,0,4449475
yagB_insX_yagA_predicted,0.041666666666666664,23,23,CGTGTTTCGAATATGTCGAT,0,4437491
yagB_insX_yagA_predicted,0.041666666666666664,23,23,CGTGTGTAGAGGGAGAGCTA,0,4450875
yagB_insX_yagA_predicted,0.041666666666666664,23,23,CGTGTAAACAGAATGCTTCA,0,4471044
yagB_insX_yagA_predicted,0.041666666666666664,23,23,CGTCGTCCTAAGTCCCACTG,0,4452757
yagB_insX_yagA_predicted,0.041666666666666664,23,23,CGGCTGCCAAATCAGTGTAC,0,4468592
yagB_insX_yagA_predicted,0.041666666666666664,23,23,CGGCTCATCCTTCACTAGCG,0,4460810
yagB_insX_yagA_predicted,0.041666666666666664,23,23,CGCGGTCCATACCGTGCATA,0,4454041
yagB_insX_yagA_predicted,0.041666666666666664,23,23,CGAAGAAGGGTCTCAACCTT,0,4448666
yagB_insX_yagA_predicted,0.041666666666666664,23,23,CCTTATGACCCACAATGGAA,0,4468481
yagB_insX_yagA_predicted,0.041666666666666664,23,23,CCATTCGGTCGTTAGCGTGT,0,4451462
yagB_insX_yagA_predicted,0.041666666666666664,23,23,CCAGTAACATGGGCTATCGT,0,4461242
yagB_insX_yagA_predicted,0.041666666666666664,23,23,CATTTGATGTTTGGAACACA,0,4448510
yagB_insX_yagA_predicted,0.041666666666666664,23,23,CATTGAACAGTACGTACTAT,0,4439398
yagB_insX_yagA_predicted,0.041666666666666664,23,23,CATGAGCCCTGTGCGCACAC,0,4458452
yagB_insX_yagA_predicted,0.041666666666666664,23,23,CATCTGCAACGCAGGAGATT,0,4458719
yagB_insX_yagA_predicted,0.041666666666666664,23,23,CATACAGGGTAGAGCTCGAT,0,4438586
yagB_insX_yagA_predicted,0.041666666666666664,23,23,CACGCAACACGACAGACTCT,0,4449151
yagB_insX_yagA_predicted,0.041666666666666664,23,23,CACCCCGCGATGCAGCCCTG,0,4464788
yagB_insX_yagA_predicted,0.041666666666666664,23,23,ATTGAATTAGAGGATAGACT,0,4447938
yagB_insX_yagA_predicted,0.041666666666666664,23,23,ATGTAATTAGGAAGGTAAGA,0,4444605
yagB_insX_yagA_predicted,0.041666666666666664,23,23,ATGGTCCTATATTAGGTTTT,0,4461678
yagB_insX_yagA_predicted,0.041666666666666664,23,23,ATCCGCTATGTCTTGCACAG,0,4451450
yagB_insX_yagA_predicted,0.041666666666666664,23,23,ATCATGTGGCTCTCGAGGAC,0,4451977
yagB_insX_yagA_predicted,0.041666666666666664,23,23,ATCACATTCAGACTTTACGT,0,4443676
yagB_insX_yagA_predicted,0.041666666666666664,23,23,ATACAGCAGGTTGGGCTAGA,0,4442894
yagB_insX_yagA_predicted,0.041666666666666664,23,23,AGTACGCCAATTACTCGCCC,0,4436513
yagB_insX_yagA_predicted,0.041666666666666664,23,23,AGGTTCTTTGTAAATGACTT,0,4447465
yagB_insX_yagA_predicted,0.041666666666666664,23,23,AGGGGGGATTTGTATAAATC,0,4452065
yagB_insX_yagA_predicted,0.041666666666666664,23,23,AGGCAGTATTCATATTAGAC,0,4458176
yagB_insX_yagA_predicted,0.041666666666666664,23,23,AGGAGGTTGTCAGAGGACGT,0,4450961
yagB_insX_yagA_predicted,0.041666666666666664,23,23,ACGTGTCTGATTCGTCCGTT,0,4465303
yagB_insX_yagA_predicted,0.041666666666666664,23,23,ACGTATAATCCTGTGGAGAC,0,4454807
yagB_insX_yagA_predicted,0.041666666666666664,23,23,ACCTTTTGAGCGGGGACAAA,0,4442306
yagB_insX_yagA_predicted,0.041666666666666664,23,23,ACCTGTCAAAAGAACACGCG,0,4462867
yagB_insX_yagA_predicted,0.041666666666666664,23,23,ACCGCACTTCGAACATTACT,0,4448042
yagB_insX_yagA_predicted,0.041666666666666664,23,23,ACCAAGGCTTATGCTTGTAA,0,4467247
yagB_insX_yagA_predicted,0.041666666666666664,23,23,AAGTATATACGACTCGATAG,0,4452987
yagB_insX_yagA_predicted,0.041666666666666664,23,23,AAGTACGGGGAATGGCCGGA,0,4440383
yagB_insX_yagA_predicted,0.041666666666666664,23,23,AAGCTGGCCGGCCTCTGGGA,0,4466277
yagB_insX_yagA_predicted,0.041666666666666664,23,23,AAGCTCCGGGCGAGGCTTAG,0,4467343
yagB_insX_yagA_predicted,0.041666666666666664,23,23,AAGCGAATAACGCTCCAGGG,0,4438919
yagB_insX_yagA_predicted,0.041666666666666664,23,23,AAGAACCAACAAAATACCTT,0,4453458
yagB_insX_yagA_predicted,0.041666666666666664,23,23,AACGGTCGAGGGAGACACTC,0,4454716
yagB_insX_yagA_predicted,0.041666666666666664,23,23,AAAGCAGCTGGCCCGCGAAT,0,4440458
yagB_insX_yagA_predicted,0.041666666666666664,23,23,AAAAGTATGCAGGTGGGCGT,0,4441358
yagB_insX_yagA_predicted,0.043478260869565216,22,22,TTTTTGCACACTCCTTTAAT,0,4443361
yagB_insX_yagA_predicted,0.043478260869565216,22,22,TTTTGCTGCAAGCGGGGAAC,0,4466366
yagB_insX_yagA_predicted,0.043478260869565216,22,22,TTGCTAAATCTGGTATAGTA,0,4443211
yagB_insX_yagA_predicted,0.043478260869565216,22,22,TTCGAGAAGTTCGGATGGAC,0,4464035
yagB_insX_yagA_predicted,0.043478260869565216,22,22,TTAACGTGTGCACGTGCAGA,0,4467760
yagB_insX_yagA_predicted,0.043478260869565216,22,22,TGTTCATGCCCCTATAACTC,0,4442011
yagB_insX_yagA_predicted,0.043478260869565216,22,22,TGTGTATGAACAGGTCTACG,0,4453331
yagB_insX_yagA_predicted,0.043478260869565216,22,22,TGTCCGGAAGGCCCCCCTAT,0,4453411
yagB_insX_yagA_predicted,0.043478260869565216,22,22,TGTCCCAGAGTCTGCTTTGC,0,4465235
yagB_insX_yagA_predicted,0.043478260869565216,22,22,TGTATGCAATATAGCTATGT,0,4443217
yagB_insX_yagA_predicted,0.043478260869565216,22,22,TGGTTCAGACTGGCCGCACA,0,4460570
yagB_insX_yagA_predicted,0.043478260869565216,22,22,TGGGTAAACGCGAGGTATAC,0,4452417
yagB_insX_yagA_predicted,0.043478260869565216,22,22,TGGGCTAGCTAATCAGGAAT,0,4452024
yagB_insX_yagA_predicted,0.043478260869565216,22,22,TGGAACAGTATCGTGACGCT,0,4448594
yagB_insX_yagA_predicted,0.043478260869565216,22,22,TGCAATACTGAGCGAACCAC,0,4444274
yagB_insX_yagA_predicted,0.043478260869565216,22,22,TCTCAGATCGTGTACTTCTT,0,4448528
yagB_insX_yagA_predicted,0.043478260869565216,22,22,TCGCAACCATGGACCTGCAG,0,4468143
yagB_insX_yagA_predicted,0.043478260869565216,22,22,TCCAAGCGTATACACTTCAT,0,4457838
yagB_insX_yagA_predicted,0.043478260869565216,22,22,TAGGGTATCTTGTGAAAATG,0,4464640
yagB_insX_yagA_predicted,0.043478260869565216,22,22,TAGCTTCAATGGGGTGCACC,0,4451041
yagB_insX_yagA_predicted,0.043478260869565216,22,22,TACCGCGCTTATACTGGGCA,0,4458537
yagB_insX_yagA_predicted,0.043478260869565216,22,22,TAAGGTGGTTAACGCTGGCG,0,4454014
yagB_insX_yagA_predicted,0.043478260869565216,22,22,TAACTCCGTAAAATACTCTT,0,4455823
yagB_insX_yagA_predicted,0.043478260869565216,22,22,GTTTTCTGACAATCGCGTGC,0,4460541
yagB_insX_yagA_predicted,0.043478260869565216,22,22,GTTTCCCAGTTCTTGGTCGT,0,4444486
yagB_insX_yagA_predicted,0.043478260869565216,22,22,GTTGTCGTAATACGGTAAAC,0,4471309
yagB_insX_yagA_predicted,0.043478260869565216,22,22,GTTCGTTGGATCGGACGGCC,0,4464188
yagB_insX_yagA_predicted,0.043478260869565216,22,22,GTTACTAATCAGATGTAGCG,0,4455145
yagB_insX_yagA_predicted,0.043478260869565216,22,22,GTGGGCCGTCGTGGCCGGAT,0,4442921
yagB_insX_yagA_predicted,0.043478260869565216,22,22,GTGCTAAGAGAGGCGCCAGA,0,4441134
yagB_insX_yagA_predicted,0.043478260869565216,22,22,GTGACGAGATCAAGAGACTT,0,4456527
yagB_insX_yagA_predicted,0.043478260869565216,22,22,GTGACCGGGGCAGGCATAGT,0,4438002
yagB_insX_yagA_predicted,0.043478260869565216,22,22,GTCAATGCCCGTAATCGAGA,0,4463596
yagB_insX_yagA_predicted,0.043478260869565216,22,22,GGTATTATATTAGAGTTTAT,0,4445389
yagB_insX_yagA_predicted,0.043478260869565216,22,22,GGGGTAGCTCGTCAACTTTT,0,4451102
yagB_insX_yagA_predicted,0.043478260869565216,22,22,GGCATGAGAATTAGGCTTGC,0,4451992
yagB_insX_yagA_predicted,0.043478260869565216,22,22,GGCACAAGCTGACTAGGGGA,0,4452891
yagB_insX_yagA_predicted,0.043478260869565216,22,22,GGATCTAATCAAGGGCGCGG,0,4468557
yagB_insX_yagA_predicted,0.043478260869565216,22,22,GGAGGTGCCATCCATTGCGT,0,4453657
yagB_insX_yagA_predicted,0.043478260869565216,22,22,GCGGGCCGTCGATTTTTCAT,0,4446920
yagB_insX_yagA_predicted,0.043478260869565216,22,22,GCCACCTTTACAAGAAAAGG,0,4463721
yagB_insX_yagA_predicted,0.043478260869565216,22,22,GCACAAACATATGGCTGTGG,0,4467328
yagB_insX_yagA_predicted,0.043478260869565216,22,22,GCAAGGTAGACCGCTATGTC,0,4457485
yagB_insX_yagA_predicted,0.043478260869565216,22,22,GATTCCTTACTTATAAAACA,0,4455093
yagB_insX_yagA_predicted,0.043478260869565216,22,22,GATAGAGTGATTCACAGGTA,0,4465379
yagB_insX_yagA_predicted,0.043478260869565216,22,22,GATAAAGCTGTCGCAATCGT,0,4465666
yagB_insX_yagA_predicted,0.043478260869565216,22,22,GAGGGCGCCTTCCTTGAAGC,0,4456591
yagB_insX_yagA_predicted,0.043478260869565216,22,22,GAGGCGATACTGTCACATAA,0,4440254
yagB_insX_yagA_predicted,0.043478260869565216,22,22,GAGATTCTATCCCCGGGAAT,0,4464721
yagB_insX_yagA_predicted,0.043478260869565216,22,22,GACGCGTAAGGGTTGGGGCG,0,4451896
yagB_insX_yagA_predicted,0.043478260869565216,22,22,GACAATCCAGGCACTTACAC,0,4444374
yagB_insX_yagA_predicted,0.043478260869565216,22,22,GAATGCTTGGATATTCCAGG,0,4451956
yagB_insX_yagA_predicted,0.043478260869565216,22,22,GAATGCGCCTCAGCATCGTG,0,4455960
yagB_insX_yagA_predicted,0.043478260869565216,22,22,GAATCACGTCGCTGGTAGGT,0,4452665
yagB_insX_yagA_predicted,0.043478260869565216,22,22,CTTTACATATGGATTGCCTC,0,4472146
yagB_insX_yagA_predicted,0.043478260869565216,22,22,CTTGGGGAAGGTTTTGACCT,0,4446676
yagB_insX_yagA_predicted,0.043478260869565216,22,22,CTTCCCCAGGCGACCCAAAT,0,4467135
yagB_insX_yagA_predicted,0.043478260869565216,22,22,CTGGGCTCTCAGGCTCCGGT,0,4467805
yagB_insX_yagA_predicted,0.043478260869565216,22,22,CTGAGTTTGTAGCCAGTAGC,0,4463989
yagB_insX_yagA_predicted,0.043478260869565216,22,22,CTCGAGTCGGATAAAGTCTC,0,4438171
yagB_insX_yagA_predicted,0.043478260869565216,22,22,CTCCTGCATATTAACCCACG,0,4449829
yagB_insX_yagA_predicted,0.043478260869565216,22,22,CTATTAGCCCCATTCATGTA,0,4465698
yagB_insX_yagA_predicted,0.043478260869565216,22,22,CGTGCTTGTGGAAACTGATA,0,4437638
yagB_insX_yagA_predicted,0.043478260869565216,22,22,CGTAGCTACAAATACCCCAT,0,4454766
yagB_insX_yagA_predicted,0.043478260869565216,22,22,CGTAATCAGGTCCCGAGCTA,0,4450926
yagB_insX_yagA_predicted,0.043478260869565216,22,22,CGTAAACGAAAAAAAAGTTT,0,4462134
yagB_insX_yagA_predicted,0.043478260869565216,22,22,CGGTGTCTGCGACGCACACG,0,4446744
yagB_insX_yagA_predicted,0.043478260869565216,22,22,CGGCACTGTACTGCGGCTAT,0,4449809
yagB_insX_yagA_predicted,0.043478260869565216,22,22,CGCTGGGTCTCTCCTTAATT,0,4445716
yagB_insX_yagA_predicted,0.043478260869565216,22,22,CGCCATGTGGTGAAAACAAT,0,4440938
yagB_insX_yagA_predicted,0.043478260869565216,22,22,CGCATGCGGCAAACGAGCAA,0,4471435
yagB_insX_yagA_predicted,0.043478260869565216,22,22,CGCATAGATCGGCGCAGTCA,0,4446849
yagB_insX_yagA_predicted,0.043478260869565216,22,22,CGAATATGACGGCACATTTA,0,4447475
yagB_insX_yagA_predicted,0.043478260869565216,22,22,CCTTGGGATCTATTAATCCG,0,4462343
yagB_insX_yagA_predicted,0.043478260869565216,22,22,CCTTAATTAACAAATCACAC,0,4449054
yagB_insX_yagA_predicted,0.043478260869565216,22,22,CCTGGTGGACTGCGCCAGGA,0,4447177
yagB_insX_yagA_predicted,0.043478260869565216,22,22,CCTCTACATTCTTAATGAGG,0,4467099
yagB_insX_yagA_predicted,0.043478260869565216,22,22,CCTATCTTTGACTGCGTTGT,0,4445646
yagB_insX_yagA_predicted,0.043478260869565216,22,22,CCGCTGTAACCTGCCATAGA,0,4454490
yagB_insX_yagA_predicted,0.043478260869565216,22,22,CCGCCTGACTATTGCTTGTC,0,4471320
yagB_insX_yagA_predicted,0.043478260869565216,22,22,CCCGGTGGTATGGGATCCTC,0,4437795
yagB_insX_yagA_predicted,0.043478260869565216,22,22,CATTGGCTTCCGATTTTGGG,0,4443930
yagB_insX_yagA_predicted,0.043478260869565216,22,22,CAGGTTGGGACATCTCAAGA,0,4454351
yagB_insX_yagA_predicted,0.043478260869565216,22,22,CAGCCATCGAGCAAATTGGA,0,4444685
yagB_insX_yagA_predicted,0.043478260869565216,22,22,CAGACCTCCGAATGGTAACC,0,4441343
yagB_insX_yagA_predicted,0.043478260869565216,22,22,CACTTGCGCGTCTGATGGAA,0,4445464
yagB_insX_yagA_predicted,0.043478260869565216,22,22,CACTGGACCGTCCGACGACG,0,4438285
yagB_insX_yagA_predicted,0.043478260869565216,22,22,CAATTCTACACGGCTTCCGG,0,4460252
yagB_insX_yagA_predicted,0.043478260869565216,22,22,ATTGGATACAGCAGCCTATT,0,4468304
yagB_insX_yagA_predicted,0.043478260869565216,22,22,ATTGAGCACGCGTGATGACT,0,4445336
yagB_insX_yagA_predicted,0.043478260869565216,22,22,ATTCGCTTCATTGGCCGGTT,0,4461081
yagB_insX_yagA_predicted,0.043478260869565216,22,22,ATGTGGCCGCAACCCGTGTC,0,4463979
yagB_insX_yagA_predicted,0.043478260869565216,22,22,ATGTCTTTAGCAATGGTTCG,0,4463399
yagB_insX_yagA_predicted,0.043478260869565216,22,22,ATGGAACGCCGATTAGTCGT,0,4437821
yagB_insX_yagA_predicted,0.043478260869565216,22,22,ATCCAGCGCGCTCTCACTCA,0,4436322
yagB_insX_yagA_predicted,0.043478260869565216,22,22,ATCAGGCTTAATTGTATCCA,0,4438012
yagB_insX_yagA_predicted,0.043478260869565216,22,22,ATACTAAGGTTGCTATCGCT,0,4451201
yagB_insX_yagA_predicted,0.043478260869565216,22,22,AGTTGTCCACCTAGGCCGTT,0,4470419
yagB_insX_yagA_predicted,0.043478260869565216,22,22,AGTCCCTATGGAATTTGAAC,0,4455887
yagB_insX_yagA_predicted,0.043478260869565216,22,22,AGGTACTGAACTTCCGTCTA,0,4449838
yagB_insX_yagA_predicted,0.043478260869565216,22,22,AGCGGAGGCCCTCCGTCTGT,0,4451935
yagB_insX_yagA_predicted,0.043478260869565216,22,22,AGCAGCGTTTTAATCCTGTA,0,4451863
yagB_insX_yagA_predicted,0.043478260869565216,22,22,AGAGACAGCGCAGTCGCCAA,0,4453976
yagB_insX_yagA_predicted,0.043478260869565216,22,22,AGACCACGCCTGTGCGAATT,0,4437476
yagB_insX_yagA_predicted,0.043478260869565216,22,22,AGACAAGTCCCGATATAGAC,0,4457227
yagB_insX_yagA_predicted,0.043478260869565216,22,22,AGAAGGATCGCTGGCTGTCC,0,4442154
yagB_insX_yagA_predicted,0.043478260869565216,22,22,ACTGAAAGGTTTATTTGGGG,0,4444148
yagB_insX_yagA_predicted,0.043478260869565216,22,22,ACTCAAAGATCCTAGGGTCT,0,4466101
yagB_insX_yagA_predicted,0.043478260869565216,22,22,ACTAAGATCACCGACGTATG,0,4450065
yagB_insX_yagA_predicted,0.043478260869565216,22,22,AAGGGTTTCGAGTCTTATAA,0,4442559
yagB_insX_yagA_predicted,0.043478260869565216,22,22,AAGCAACCCACATCAACATT,0,4466163
yagB_insX_yagA_predicted,0.043478260869565216,22,22,AACGTCATATAGCGGAAACT,0,4445191
yagB_insX_yagA_predicted,0.043478260869565216,22,22,AAACGTAGTATGCTGATACT,0,4458728
yagB_insX_yagA_predicted,0.045454545454545456,21,21,TTTTCTTAGCAAGCCGTGAC,0,4457278
yagB_insX_yagA_predicted,0.045454545454545456,21,21,TTTATAGTGTGACTCCGAGT,0,4460622
yagB_insX_yagA_predicted,0.045454545454545456,21,21,TTTAAGAGTTAATCTACAGA,0,4470855
yagB_insX_yagA_predicted,0.045454545454545456,21,21,TTGTGGAATTCGATATCTGG,0,4468831
yagB_insX_yagA_predicted,0.045454545454545456,21,21,TTGTGCTACAGGGACAAATG,0,4447059
yagB_insX_yagA_predicted,0.045454545454545456,21,21,TTCGCGACCAAACTAGCCGA,0,4448835
yagB_insX_yagA_predicted,0.045454545454545456,21,21,TTCGCACGGTCGAGCTCTTA,0,4467609
yagB_insX_yagA_predicted,0.045454545454545456,21,21,TTCGATATTCTGGTGTCGTT,0,4447275
yagB_insX_yagA_predicted,0.045454545454545456,21,21,TTCCGGCTGGCGATTAGATT,0,4445328
yagB_insX_yagA_predicted,0.045454545454545456,21,21,TTAACATGACTCAAACACAT,0,4450517
yagB_insX_yagA_predicted,0.045454545454545456,21,21,TGTTGGGTTCCGTAGGAGCA,0,4447633
yagB_insX_yagA_predicted,0.045454545454545456,21,21,TGGTGAGCGTACGGGTCGTC,0,4442363
yagB_insX_yagA_predicted,0.045454545454545456,21,21,TGGTACACCAGGGCAGAGAC,0,4460203
yagB_insX_yagA_predicted,0.045454545454545456,21,21,TGGGCTACCAGGGAGAAGAC,0,4454806
yagB_insX_yagA_predicted,0.045454545454545456,21,21,TGGATCGGTTAAAACTAAAA,0,4471004
yagB_insX_yagA_predicted,0.045454545454545456,21,21,TGGATATTCACGACTGAGCT,0,4450427
yagB_insX_yagA_predicted,0.045454545454545456,21,21,TGCGCTGACGTCGATGCAGA,0,4457541
yagB_insX_yagA_predicted,0.045454545454545456,21,21,TGACTGGGTGCCAATTGCCT,0,4448761
yagB_insX_yagA_predicted,0.045454545454545456,21,21,TCTGACACCTCAGGTATTGT,0,4462228
yagB_insX_yagA_predicted,0.045454545454545456,21,21,TCTAGAGCAAAAAGGATACG,0,4450210
yagB_insX_yagA_predicted,0.045454545454545456,21,21,TCGTTGCGGGAATTTTCCCG,0,4457812
yagB_insX_yagA_predicted,0.045454545454545456,21,21,TCGGGTGTATCACATGTACA,0,4439290
yagB_insX_yagA_predicted,0.045454545454545456,21,21,TCGGCGGTGCAGAGAACAGT,0,4454477
yagB_insX_yagA_predicted,0.045454545454545456,21,21,TCGAAATTCTTGTATTTGAC,0,4441159
yagB_insX_yagA_predicted,0.045454545454545456,21,21,TCCGTTCGTAACGGATTAGA,0,4457851
yagB_insX_yagA_predicted,0.045454545454545456,21,21,TCCGGGTAAGTCTTACGCGT,0,4462694
yagB_insX_yagA_predicted,0.045454545454545456,21,21,TCAATTGGGCTCTAATACCT,0,4459459
yagB_insX_yagA_predicted,0.045454545454545456,21,21,TCAATATGAATCACATTGAA,0,4458766
yagB_insX_yagA_predicted,0.045454545454545456,21,21,TATCTAAGCACATATTCTCG,0,4436320
yagB_insX_yagA_predicted,0.045454545454545456,21,21,TATCCATGTGTCCTTAGACT,0,4466840
yagB_insX_yagA_predicted,0.045454545454545456,21,21,TATATGATTCGACCTGTACT,0,4443830
yagB_insX_yagA_predicted,0.045454545454545456,21,21,TATAGGCCCTTCCAATTGTA,0,4437910
yagB_insX_yagA_predicted,0.045454545454545456,21,21,TAGCCCGTTTACAATCTACA,0,4451079
yagB_insX_yagA_predicted,0.045454545454545456,21,21,TACCCTGTGGTACACCCACT,0,4463678
yagB_insX_yagA_predicted,0.045454545454545456,21,21,TACCAATCCAGGCTGGGTTT,0,4463930
yagB_insX_yagA_predicted,0.045454545454545456,21,21,TAAGTACTTCAGGTTGTTCA,0,4438279
yagB_insX_yagA_predicted,0.045454545454545456,21,21,TAAGGTATACTTTAGGCGGT,0,4453729
yagB_insX_yagA_predicted,0.045454545454545456,21,21,GTTAAGTGCAGAAATTGGGT,0,4442441
yagB_insX_yagA_predicted,0.045454545454545456,21,21,GTCGCACGGTTATTGTCCAT,0,4451811
yagB_insX_yagA_predicted,0.045454545454545456,21,21,GTCCGGCTTGGCGATGGATG,0,4462763
yagB_insX_yagA_predicted,0.045454545454545456,21,21,GTATTTATGCTAAGTAGGCA,0,4449042
yagB_insX_yagA_predicted,0.045454545454545456,21,21,GTAAGTCGGCAGAAGCCGGC,0,4457437
yagB_insX_yagA_predicted,0.045454545454545456,21,21,GGTCTGGACTCGTTATGGGA,0,4468321
yagB_insX_yagA_predicted,0.045454545454545456,21,21,GGTACATCGGAACTTGACAG,0,4443366
yagB_insX_yagA_predicted,0.045454545454545456,21,21,GGGTGGAAATTTGCAGTCAT,0,4455950
yagB_insX_yagA_predicted,0.045454545454545456,21,21,GGGTCTGCGAAATGCAATTA,0,4464157
yagB_insX_yagA_predicted,0.045454545454545456,21,21,GGGCGAGTTTATCATATAAC,0,4447974
yagB_insX_yagA_predicted,0.045454545454545456,21,21,GGCTCGTGAGAACACAGACT,0,4467320
yagB_insX_yagA_predicted,0.045454545454545456,21,21,GGATTAGGTGGACTGCGGGT,0,4452967
yagB_insX_yagA_predicted,0.045454545454545456,21,21,GCGTCCAAACCCATTTAATA,0,4450974
yagB_insX_yagA_predicted,0.045454545454545456,21,21,GCGTACCGGGCCCTCGCGTG,0,4448820
yagB_insX_yagA_predicted,0.045454545454545456,21,21,GCCCTTTTCTTCTGTTTGAA,0,4461667
yagB_insX_yagA_predicted,0.045454545454545456,21,21,GCCACGTCTACGTCGTGGCT,0,4460310
yagB_insX_yagA_predicted,0.045454545454545456,21,21,GCAAGCACTCTAGTTAGTCT,0,4447183
yagB_insX_yagA_predicted,0.045454545454545456,21,21,GATGAGTATACTTCCACATG,0,4449661
yagB_insX_yagA_predicted,0.045454545454545456,21,21,GATATTCTGCGTAGGAAAAA,0,4455807
yagB_insX_yagA_predicted,0.045454545454545456,21,21,GATATAACTTATTCGCCGGA,0,4452612
yagB_insX_yagA_predicted,0.045454545454545456,21,21,GATAGGGCGACTATAAAAAG,0,4467924
yagB_insX_yagA_predicted,0.045454545454545456,21,21,GATACGGGGGTTAATACTTG,0,4438578
yagB_insX_yagA_predicted,0.045454545454545456,21,21,GAGTAGAAACACTTAATCAT,0,4457555
yagB_insX_yagA_predicted,0.045454545454545456,21,21,GAGGTATTGTTGAGCGTCTT,0,4438826
yagB_insX_yagA_predicted,0.045454545454545456,21,21,GAGCGTGCTCTTCTCGCTAG,0,4447695
yagB_insX_yagA_predicted,0.045454545454545456,21,21,GACATCGAGTCCAATCAGAT,0,4441482
yagB_insX_yagA_predicted,0.045454545454545456,21,21,GACAGGCTTCCGGATTAAAA,0,4442246
yagB_insX_yagA_predicted,0.045454545454545456,21,21,GAAAACTGTTACATTTTCGT,0,4447502
yagB_insX_yagA_predicted,0.045454545454545456,21,21,CTTACCGCTTAAAGTGGTTT,0,4457453
yagB_insX_yagA_predicted,0.045454545454545456,21,21,CTGTCCAGAGGCCTTAAGTT,0,4471114
yagB_insX_yagA_predicted,0.045454545454545456,21,21,CTGGGGTATGACTTGACTTT,0,4448025
yagB_insX_yagA_predicted,0.045454545454545456,21,21,CTGCTTCCCAGACCATAGGA,0,4449949
yagB_insX_yagA_predicted,0.045454545454545456,21,21,CTCGCCACAATCTGAGGACT,0,4436293
yagB_insX_yagA_predicted,0.045454545454545456,21,21,CTCGAACTGGCTATTCCCGT,0,4460875
yagB_insX_yagA_predicted,0.045454545454545456,21,21,CTAGAAGCGTGGAGCTGCTT,0,4460688
yagB_insX_yagA_predicted,0.045454545454545456,21,21,CGTTCTACGTATGACTGGCG,0,4467736
yagB_insX_yagA_predicted,0.045454545454545456,21,21,CGCTTCTCGGGTTGTTTGTC,0,4460052
yagB_insX_yagA_predicted,0.045454545454545456,21,21,CGCTATGCCGAACATACCAA,0,4468874
yagB_insX_yagA_predicted,0.045454545454545456,21,21,CGCCGATTCAGGCATGGCTT,0,4450906
yagB_insX_yagA_predicted,0.045454545454545456,21,21,CGCCCTCGCGAAAACTACGA,0,4440060
yagB_insX_yagA_predicted,0.045454545454545456,21,21,CGCCCCCTGGCTCTCGGTGA,0,4463572
yagB_insX_yagA_predicted,0.045454545454545456,21,21,CGAGGGATCTTCAATTCAAG,0,4457331
yagB_insX_yagA_predicted,0.045454545454545456,21,21,CCTTTAGAGCTAAAAGCGCT,0,4457296
yagB_insX_yagA_predicted,0.045454545454545456,21,21,CCTCTCAATACAAGATACAG,0,4444197
yagB_insX_yagA_predicted,0.045454545454545456,21,21,CCTACACGAGGATTACCATA,0,4459336
yagB_insX_yagA_predicted,0.045454545454545456,21,21,CCGGCGACGCATGAGGAAGC,0,4464485
yagB_insX_yagA_predicted,0.045454545454545456,21,21,CCCGTGTAGCATGGCATCCA,0,4444375
yagB_insX_yagA_predicted,0.045454545454545456,21,21,CCCCGCAGCCGAGTTCAACG,0,4462994
yagB_insX_yagA_predicted,0.045454545454545456,21,21,CCAGAATCTTTATAGTCGAT,0,4453868
yagB_insX_yagA_predicted,0.045454545454545456,21,21,CATTCCTTCGGCGAGACTCA,0,4444364
yagB_insX_yagA_predicted,0.045454545454545456,21,21,CAGTTTTGTAAATCATCCCC,0,4463430
yagB_insX_yagA_predicted,0.045454545454545456,21,21,CAGCAGTCCCAATGCTAAAA,0,4459956
yagB_insX_yagA_predicted,0.045454545454545456,21,21,CAGAGGGAGGCAAACCAGTC,0,4464001
yagB_insX_yagA_predicted,0.045454545454545456,21,21,CACTTTAAGCTGAACGCCAA,0,4444901
yagB_insX_yagA_predicted,0.045454545454545456,21,21,CACTCCAATTAATCTGATCC,0,4437277
yagB_insX_yagA_predicted,0.045454545454545456,21,21,ATGCACCTCTGGGATATTGG,0,4442879
yagB_insX_yagA_predicted,0.045454545454545456,21,21,ATGAATATTTGTCTTTCACT,0,4450616
yagB_insX_yagA_predicted,0.045454545454545456,21,21,ATGAAGGGGTTCACCAGTTC,0,4452512
yagB_insX_yagA_predicted,0.045454545454545456,21,21,ATCTCTAGTGGATACGCCAT,0,4449043
yagB_insX_yagA_predicted,0.045454545454545456,21,21,ATCGAGTGCGGCACCACGGT,0,4436828
yagB_insX_yagA_predicted,0.045454545454545456,21,21,ATCCTTGGTTCAGAGGAGTA,0,4444481
yagB_insX_yagA_predicted,0.045454545454545456,21,21,ATCAGGTTCTATGGAGCTAG,0,4441742
yagB_insX_yagA_predicted,0.045454545454545456,21,21,ATAGGCCCGCCAAGCCAGGT,0,4455605
yagB_insX_yagA_predicted,0.045454545454545456,21,21,ATAATCATTGGCTACTTTTT,0,4454423
yagB_insX_yagA_predicted,0.045454545454545456,21,21,AGTTGTCTGGGTTTTAGCTT,0,4458325
yagB_insX_yagA_predicted,0.045454545454545456,21,21,AGTGTAGGAGTCCAGGAGAG,0,4449343
yagB_insX_yagA_predicted,0.045454545454545456,21,21,AGTCTCCCTTCTAGAGTGTT,0,4440990
yagB_insX_yagA_predicted,0.045454545454545456,21,21,AGTCATTGGTGAGCAGCCTT,0,4459655
yagB_insX_yagA_predicted,0.045454545454545456,21,21,AGCTGGTAATAGAGGGCCGC,0,4452433
yagB_insX_yagA_predicted,0.045454545454545456,21,21,AGCTATGGACGTCAATGATC,0,4459092
yagB_insX_yagA_predicted,0.045454545454545456,21,21,AGCAGTTTTTGTCTTAGGGG,0,4447658
yagB_insX_yagA_predicted,0.045454545454545456,21,21,AGCACCCGAATGATTTAGGT,0,4445347
yagB_insX_yagA_predicted,0.045454545454545456,21,21,AGATTGCCCGTGGCGCTCCG,0,4440349
yagB_insX_yagA_predicted,0.045454545454545456,21,21,AGAGGGGGGCTACATAGGTC,0,4460314
yagB_insX_yagA_predicted,0.045454545454545456,21,21,AGAAAGCGGGTCGAGCGTAT,0,4456837
yagB_insX_yagA_predicted,0.045454545454545456,21,21,ACTGGTTCCTCCGGAGTCGT,0,4442581
yagB_insX_yagA_predicted,0.045454545454545456,21,21,ACTGATCATACTTCATAGTA,0,4446132
yagB_insX_yagA_predicted,0.045454545454545456,21,21,ACTGAAACGCAAGAGCCTAG,0,4441164
yagB_insX_yagA_predicted,0.045454545454545456,21,21,ACTCGATAACAGGAATGCTG,0,4459833
yagB_insX_yagA_predicted,0.045454545454545456,21,21,ACGGGACGCGTGGGTATACT,0,4455514
yagB_insX_yagA_predicted,0.045454545454545456,21,21,ACGGGAAGGCATCCAGGCAT,0,4451852
yagB_insX_yagA_predicted,0.045454545454545456,21,21,ACGGACAGGACGAATCGCGT,0,4437725
yagB_insX_yagA_predicted,0.045454545454545456,21,21,ACGAGGTTGCACCAGCGGAT,0,4458993
yagB_insX_yagA_predicted,0.045454545454545456,21,21,ACCCCGATGAGTGGTTGCCT,0,4458011
yagB_insX_yagA_predicted,0.045454545454545456,21,21,ACAGCTAGGCGCTGATCGCA,0,4454474
yagB_insX_yagA_predicted,0.045454545454545456,21,21,ACACGTTGACGGGCGTTAAA,0,4443456
yagB_insX_yagA_predicted,0.045454545454545456,21,21,ACACGCTTTAGACTTAACAT,0,4454227
yagB_insX_yagA_predicted,0.045454545454545456,21,21,ACAAATGGACCATGCATGAC,0,4465639
yagB_insX_yagA_predicted,0.045454545454545456,21,21,AATTAAGCCGGTTTGTCCAG,0,4448480
yagB_insX_yagA_predicted,0.045454545454545456,21,21,AATGGTGATTCGCACGGTTA,0,4439865
yagB_insX_yagA_predicted,0.045454545454545456,21,21,AAGGCACGCCGAGTGGTATC,0,4442606
yagB_insX_yagA_predicted,0.045454545454545456,21,21,AACGTTATTTAGAGGTGCTT,0,4449881
yagB_insX_yagA_predicted,0.045454545454545456,21,21,AACGATCCCCTATTCATTCG,0,4441269
yagB_insX_yagA_predicted,0.045454545454545456,21,21,AACCCCGCAGCCGGTCCATG,0,4436149
yagB_insX_yagA_predicted,0.045454545454545456,21,21,AACCAGCACCTCGTGTAGAT,0,4442218
yagB_insX_yagA_predicted,0.045454545454545456,21,21,AACATTGGGTCCACCTCTAT,0,4441285
yagB_insX_yagA_predicted,0.045454545454545456,21,21,AAAGACATGTCCCAGGGTCC,0,4467229
yagB_insX_yagA_predicted,0.047619047619047616,20,20,TTTCCTCACGCAAGGACTAT,0,4449699
yagB_insX_yagA_predicted,0.047619047619047616,20,20,TTCTGATGAGGGCCTAGCAT,0,4446593
yagB_insX_yagA_predicted,0.047619047619047616,20,20,TTCGGTCGCTGATATTAGTG,0,4460339
yagB_insX_yagA_predicted,0.047619047619047616,20,20,TTCGGAGGCACCTCACGTTT,0,4460068
yagB_insX_yagA_predicted,0.047619047619047616,20,20,TTCAACGGTTGGTGCGTGTA,0,4458615
yagB_insX_yagA_predicted,0.047619047619047616,20,20,TTAGCTCTGAAAAGCTCCCT,0,4466889
yagB_insX_yagA_predicted,0.047619047619047616,20,20,TGGGTAGCTTGTTCTTATTG,0,4457755
yagB_insX_yagA_predicted,0.047619047619047616,20,20,TGGAAGGGCTCGCTCTCTGT,0,4443529
yagB_insX_yagA_predicted,0.047619047619047616,20,20,TGGAAATTGCGCCCGAATAC,0,4456688
yagB_insX_yagA_predicted,0.047619047619047616,20,20,TGAGCCCTAACCACGTGACG,0,4448833
yagB_insX_yagA_predicted,0.047619047619047616,20,20,TGAACTCTTGTACGCAGTCA,0,4466956
yagB_insX_yagA_predicted,0.047619047619047616,20,20,TCTGCTCCTCGCAGAGCTAG,0,4462518
yagB_insX_yagA_predicted,0.047619047619047616,20,20,TCTATGAGTGCGAACGTTGA,0,4469276
yagB_insX_yagA_predicted,0.047619047619047616,20,20,TCGTAAGTTTCCATCGATTG,0,4462130
yagB_insX_yagA_predicted,0.047619047619047616,20,20,TCGGCTTCACGTCGGCCACA,0,4456059
yagB_insX_yagA_predicted,0.047619047619047616,20,20,TCGGCTAGAGAATTCCGTCT,0,4450803
yagB_insX_yagA_predicted,0.047619047619047616,20,20,TCGCTATGGCATCTATTGCA,0,4452356
yagB_insX_yagA_predicted,0.047619047619047616,20,20,TCGAGCTTTCCCTCAAGTGT,0,4446801
yagB_insX_yagA_predicted,0.047619047619047616,20,20,TCGACCACATCGTGTCCCTC,0,4447816
yagB_insX_yagA_predicted,0.047619047619047616,20,20,TCCTGGATTTTACTGCTCTG,0,4451751
yagB_insX_yagA_predicted,0.047619047619047616,20,20,TCCTACTACGGATAACGCGC,0,4443478
yagB_insX_yagA_predicted,0.047619047619047616,20,20,TCCGTGGAAATAGACCCGAG,0,4455044
yagB_insX_yagA_predicted,0.047619047619047616,20,20,TCATCGGCAGCGCTTGCACA,0,4460519
yagB_insX_yagA_predicted,0.047619047619047616,20,20,TCAGCTGGGTGTTGAGATCT,0,4466538
yagB_insX_yagA_predicted,0.047619047619047616,20,20,TCACACGCCGTGGTCATACT,0,4468221
yagB_insX_yagA_predicted,0.047619047619047616,20,20,TATGCAGTCTGGGCAGGAGG,0,4451209
yagB_insX_yagA_predicted,0.047619047619047616,20,20,TATAACCTCCTTCGCATACA,0,4436584
yagB_insX_yagA_predicted,0.047619047619047616,20,20,TAGGCCGTTATACGTCCAAG,0,4454345
yagB_insX_yagA_predicted,0.047619047619047616,20,20,TAGCCAGGGACGAGAACGCA,0,4436108
yagB_insX_yagA_predicted,0.047619047619047616,20,20,TACGTGTCGCCCTTACGGAA,0,4443453
yagB_insX_yagA_predicted,0.047619047619047616,20,20,TACCCCACGCAAGTATGATG,0,4463743
yagB_insX_yagA_predicted,0.047619047619047616,20,20,TACCCACCAATGGTTCGGGC,0,4439171
yagB_insX_yagA_predicted,0.047619047619047616,20,20,TAATGCATGAGTCCCCGAAA,0,4450863
yagB_insX_yagA_predicted,0.047619047619047616,20,20,TAAGTATCAGCCCCGAAGAT,0,4454868
yagB_insX_yagA_predicted,0.047619047619047616,20,20,TAACGTAGGCCGGCTTTCGA,0,4437668
yagB_insX_yagA_predicted,0.047619047619047616,20,20,GTTTGATTGCTTGGAGGTCG,0,4463742
yagB_insX_yagA_predicted,0.047619047619047616,20,20,GTTACGGAGAATAAGGTTGG,0,4444643
yagB_insX_yagA_predicted,0.047619047619047616,20,20,GTGCAAGGATGTTTACTTTA,0,4436616
yagB_insX_yagA_predicted,0.047619047619047616,20,20,GTGATGAATCGTCACCAATA,0,4437637
yagB_insX_yagA_predicted,0.047619047619047616,20,20,GTAAGCAGGCCAGGGAGAAC,0,4464195
yagB_insX_yagA_predicted,0.047619047619047616,20,20,GGTTGGCATCAGGTAGTAAC,0,4470528
yagB_insX_yagA_predicted,0.047619047619047616,20,20,GGTTCACGAACAACGTTTCA,0,4469948
yagB_insX_yagA_predicted,0.047619047619047616,20,20,GGTTAGCAAAGACACTGAGG,0,4469206
yagB_insX_yagA_predicted,0.047619047619047616,20,20,GGTGACGCGGGCCGCTGAGG,0,4458692
yagB_insX_yagA_predicted,0.047619047619047616,20,20,GGTCGTATCGTGGCGCGAAT,0,4444777
yagB_insX_yagA_predicted,0.047619047619047616,20,20,GGGTACAGCGGATGCATCTC,0,4447924
yagB_insX_yagA_predicted,0.047619047619047616,20,20,GGGGTAGAGTAATCCATTTC,0,4439469
yagB_insX_yagA_predicted,0.047619047619047616,20,20,GGGCTTGTCATGGGCGAAAG,0,4447629
yagB_insX_yagA_predicted,0.047619047619047616,20,20,GGGCTGGAACGAACAAGAGC,0,4469419
yagB_insX_yagA_predicted,0.047619047619047616,20,20,GGGCGACGTTATCACTCTAC,0,4456067
yagB_insX_yagA_predicted,0.047619047619047616,20,20,GGCGCCTGGGGGTAGAAAGC,0,4469610
yagB_insX_yagA_predicted,0.047619047619047616,20,20,GGCCGTCCAAACTATTGTCG,0,4468848
yagB_insX_yagA_predicted,0.047619047619047616,20,20,GGCATTCAGGAGAAAACCCC,0,4456012
yagB_insX_yagA_predicted,0.047619047619047616,20,20,GGCAACTTCGGTGGCTGTAA,0,4449953
yagB_insX_yagA_predicted,0.047619047619047616,20,20,GGACGGGCCGCAGACTAGCA,0,4463425
yagB_insX_yagA_predicted,0.047619047619047616,20,20,GGACCGGCAACTGCCGAGGT,0,4454499
yagB_insX_yagA_predicted,0.047619047619047616,20,20,GGAACATCAACTGTATTATG,0,4437912
yagB_insX_yagA_predicted,0.047619047619047616,20,20,GCTTCAGGAGGTGCCACGAT,0,4438772
yagB_insX_yagA_predicted,0.047619047619047616,20,20,GCGTGAGGGAGTGGTTTTGC,0,4448787
yagB_insX_yagA_predicted,0.047619047619047616,20,20,GCGGTTATTGTCCCTTATGC,0,4436711
yagB_insX_yagA_predicted,0.047619047619047616,20,20,GCGCTTATGTGGGTCTTAAT,0,4451048
yagB_insX_yagA_predicted,0.047619047619047616,20,20,GCGCGATGTCTCGTTCAGTT,0,4455316
yagB_insX_yagA_predicted,0.047619047619047616,20,20,GCGAGGGGAGTGAGGGGCCC,0,4467418
yagB_insX_yagA_predicted,0.047619047619047616,20,20,GCGAGAAGGGATATCAACTC,0,4445941
yagB_insX_yagA_predicted,0.047619047619047616,20,20,GCCCTAACGGTAACGTAAGG,0,4442519
yagB_insX_yagA_predicted,0.047619047619047616,20,20,GCACTTATATGGCCATAGGA,0,4449982
yagB_insX_yagA_predicted,0.047619047619047616,20,20,GCACTAGGCCCCCTACCATC,0,4452978
yagB_insX_yagA_predicted,0.047619047619047616,20,20,GCACAAGCATGACTTAGCGC,0,4468437
yagB_insX_yagA_predicted,0.047619047619047616,20,20,GAGGGAGTCTAGCACACTAC,0,4439680
yagB_insX_yagA_predicted,0.047619047619047616,20,20,GAGGAGTTTACTCTTGGCAT,0,4459418
yagB_insX_yagA_predicted,0.047619047619047616,20,20,GAGCGGGGCAATCCGGGTTG,0,4446461
yagB_insX_yagA_predicted,0.047619047619047616,20,20,GACGTACCTATTCCGATTCC,0,4436525
yagB_insX_yagA_predicted,0.047619047619047616,20,20,GACCGTCGGGAGTAGTGTCG,0,4456982
yagB_insX_yagA_predicted,0.047619047619047616,20,20,GAATTTAGCAAGTCCGGGAT,0,4471361
yagB_insX_yagA_predicted,0.047619047619047616,20,20,GAAGTGATGTGCCTGAATTA,0,4441454
yagB_insX_yagA_predicted,0.047619047619047616,20,20,GAAGAGGAGAGCAGACTCGA,0,4457830
yagB_insX_yagA_predicted,0.047619047619047616,20,20,GAACTGGCCGGCGTTTCTCT,0,4455319
yagB_insX_yagA_predicted,0.047619047619047616,20,20,GAAAAAGCGACATCCGAGGT,0,4451452
yagB_insX_yagA_predicted,0.047619047619047616,20,20,CTTAACGGAAATGGCTATAA,0,4451014
yagB_insX_yagA_predicted,0.047619047619047616,20,20,CTGGGTCAGGTTGGATTGAC,0,4468955
yagB_insX_yagA_predicted,0.047619047619047616,20,20,CTCTGGGTTCGGCCAGCTCG,0,4438766
yagB_insX_yagA_predicted,0.047619047619047616,20,20,CTCTCAGAATTACCGCGGGT,0,4436620
yagB_insX_yagA_predicted,0.047619047619047616,20,20,CTCTATGTTTGGAATAAGTC,0,4454434
yagB_insX_yagA_predicted,0.047619047619047616,20,20,CTCCGGGTCTGACTACCCTG,0,4447573
yagB_insX_yagA_predicted,0.047619047619047616,20,20,CTATCGAACCTAGGGTAAGG,0,4462538
yagB_insX_yagA_predicted,0.047619047619047616,20,20,CTATCACCTCGTGGGGGTTT,0,4460218
yagB_insX_yagA_predicted,0.047619047619047616,20,20,CTAGGTTTCTACCGAAATGT,0,4458058
yagB_insX_yagA_predicted,0.047619047619047616,20,20,CTAGATGCCGGCAGATAACG,0,4440950
yagB_insX_yagA_predicted,0.047619047619047616,20,20,CTAAGTCGTTTATCGAGGCC,0,4445152
yagB_insX_yagA_predicted,0.047619047619047616,20,20,CGTAGCGCTAGGGCCTTATC,0,4439046
yagB_insX_yagA_predicted,0.047619047619047616,20,20,CGTACTCTCCTCCTGCGTGC,0,4459866
yagB_insX_yagA_predicted,0.047619047619047616,20,20,CGTAATGTACAATGGTCGTT,0,4440560
yagB_insX_yagA_predicted,0.047619047619047616,20,20,CGGAGTCCGATACCATTGAC,0,4451514
yagB_insX_yagA_predicted,0.047619047619047616,20,20,CGCTGGCAAGACGCACTCCA,0,4456122
yagB_insX_yagA_predicted,0.047619047619047616,20,20,CGCTCACTTTGTGCATGCCT,0,4468209
yagB_insX_yagA_predicted,0.047619047619047616,20,20,CGCCGCAATGAGTTATTAGG,0,4464407
yagB_insX_yagA_predicted,0.047619047619047616,20,20,CGCAGGCACTATGTAAAACG,0,4438017
yagB_insX_yagA_predicted,0.047619047619047616,20,20,CGATGAAGATATTTGGCCGT,0,4470562
yagB_insX_yagA_predicted,0.047619047619047616,20,20,CGAGCTCCCATGGTCCTCGC,0,4456802
yagB_insX_yagA_predicted,0.047619047619047616,20,20,CCTGCCGGTTCCCTCGCCCG,0,4447956
yagB_insX_yagA_predicted,0.047619047619047616,20,20,CCTGCATGCTATTTCTATTG,0,4467584
yagB_insX_yagA_predicted,0.047619047619047616,20,20,CCTCAGGGCGCCATATTTGG,0,4461986
yagB_insX_yagA_predicted,0.047619047619047616,20,20,CCTACCACTTCGAGCGCAAA,0,4459661
yagB_insX_yagA_predicted,0.047619047619047616,20,20,CCGTGCGCGTTCCGCTTAAT,0,4436387
yagB_insX_yagA_predicted,0.047619047619047616,20,20,CCCACAACTGAGAAGAACAT,0,4451604
yagB_insX_yagA_predicted,0.047619047619047616,20,20,CCATGCGCCAAACCAACGGT,0,4471055
yagB_insX_yagA_predicted,0.047619047619047616,20,20,CCACATAGACCAGCTGAGGG,0,4436680
yagB_insX_yagA_predicted,0.047619047619047616,20,20,CCAATAACGAGTATCACATG,0,4471366
yagB_insX_yagA_predicted,0.047619047619047616,20,20,CATTTTGCCGGGTCGCTACC,0,4442987
yagB_insX_yagA_predicted,0.047619047619047616,20,20,CATCCGATAATCGGCACTAG,0,4449197
yagB_insX_yagA_predicted,0.047619047619047616,20,20,CATCAAGGAGTGCGGCCAGA,0,4459271
yagB_insX_yagA_predicted,0.047619047619047616,20,20,CATACACGAGGGCTCATGCG,0,4466849
yagB_insX_yagA_predicted,0.047619047619047616,20,20,CAGTTTCAGCTATCCCCATT,0,4438112
yagB_insX_yagA_predicted,0.047619047619047616,20,20,CAGCGTTGCCGCGACGGCGC,0,4455480
yagB_insX_yagA_predicted,0.047619047619047616,20,20,CAGAGACTAGCGTGATTAGG,0,4441515
yagB_insX_yagA_predicted,0.047619047619047616,20,20,CAGAAGCATAGATGCCTAAA,0,4452899
yagB_insX_yagA_predicted,0.047619047619047616,20,20,CAGAACCGTTCGGGTATCTA,0,4445195
yagB_insX_yagA_predicted,0.047619047619047616,20,20,CACCGCAGCACTCGCATACA,0,4437188
yagB_insX_yagA_predicted,0.047619047619047616,20,20,CACCAACCGCTAGGCTGTAA,0,4446468
yagB_insX_yagA_predicted,0.047619047619047616,20,20,CAATTGCACTGGCCGTATAG,0,4462033
yagB_insX_yagA_predicted,0.047619047619047616,20,20,CAATCACCTGGTATACTGTA,0,4437572
yagB_insX_yagA_predicted,0.047619047619047616,20,20,CAAGTTCACTAGCGCTCGTC,0,4463931
yagB_insX_yagA_predicted,0.047619047619047616,20,20,CAAGCTCGCATCTGCTCTTT,0,4466032
yagB_insX_yagA_predicted,0.047619047619047616,20,20,CAAGATAAAAGAGGTCTGTC,0,4453972
yagB_insX_yagA_predicted,0.047619047619047616,20,20,ATTAGCTCGTAAGCCATGGT,0,4458777
yagB_insX_yagA_predicted,0.047619047619047616,20,20,ATGTTAACACTGTTCGATCT,0,4444169
yagB_insX_yagA_predicted,0.047619047619047616,20,20,ATGGTCTATCAGGATCGGGT,0,4447464
yagB_insX_yagA_predicted,0.047619047619047616,20,20,ATCTCCGGTAGGGGCAAGAC,0,4455094
yagB_insX_yagA_predicted,0.047619047619047616,20,20,ATCGCGAGACGCCTGAGGGT,0,4461914
yagB_insX_yagA_predicted,0.047619047619047616,20,20,ATCAATCGCAGGGTCATGGA,0,4449434
yagB_insX_yagA_predicted,0.047619047619047616,20,20,ATAGCCCCTCTAGGATTATG,0,4465032
yagB_insX_yagA_predicted,0.047619047619047616,20,20,ATACGGGGGCTGGCCGAAAG,0,4457254
yagB_insX_yagA_predicted,0.047619047619047616,20,20,ATAAGTGTCGGCGGCTAGCC,0,4438231
yagB_insX_yagA_predicted,0.047619047619047616,20,20,AGTTTACGTACCCTGCGATG,0,4470260
yagB_insX_yagA_predicted,0.047619047619047616,20,20,AGTTGCCGTCTAGATGCAGA,0,4461657
yagB_insX_yagA_predicted,0.047619047619047616,20,20,AGTGTGCTCTCGAGGTGGGG,0,4437954
yagB_insX_yagA_predicted,0.047619047619047616,20,20,AGTAAACGGGTGCAATATAG,0,4436586
yagB_insX_yagA_predicted,0.047619047619047616,20,20,AGGGTCTCTAGATAACAGAA,0,4437512
yagB_insX_yagA_predicted,0.047619047619047616,20,20,AGGGGATACGCATAGGTAAA,0,4441881
yagB_insX_yagA_predicted,0.047619047619047616,20,20,AGCCGGGCATGGTAGTGGAG,0,4444606
yagB_insX_yagA_predicted,0.047619047619047616,20,20,AGCCCCAATCTTCAGGACCT,0,4465734
yagB_insX_yagA_predicted,0.047619047619047616,20,20,AGCCAGTCATGCCGTTAGAA,0,4469252
yagB_insX_yagA_predicted,0.047619047619047616,20,20,AGCAGACATGTTCAACTGGT,0,4440882
yagB_insX_yagA_predicted,0.047619047619047616,20,20,AGCAGACATCGCGCGTGATA,0,4436802
yagB_insX_yagA_predicted,0.047619047619047616,20,20,AGAGTTTAAGGTCGTGTCAA,0,4449923
yagB_insX_yagA_predicted,0.047619047619047616,20,20,AGAGTGGGCCAATCATTTGG,0,4463205
yagB_insX_yagA_predicted,0.047619047619047616,20,20,ACTGGGGCAGGTCGCTTACT,0,4465877
yagB_insX_yagA_predicted,0.047619047619047616,20,20,ACTGACACTTTTGTACGATT,0,4452539
yagB_insX_yagA_predicted,0.047619047619047616,20,20,ACTCAGGTGTAGTGCCAAAG,0,4463373
yagB_insX_yagA_predicted,0.047619047619047616,20,20,ACGTGGAGCACTCGTTTGAG,0,4464070
yagB_insX_yagA_predicted,0.047619047619047616,20,20,ACGCGCATAAATTCGGTAGG,0,4454406
yagB_insX_yagA_predicted,0.047619047619047616,20,20,ACGCCAGTGTCCTGTCCGAT,0,4459186
yagB_insX_yagA_predicted,0.047619047619047616,20,20,ACCTAGCTCCCCTTTGTTAA,0,4461157
yagB_insX_yagA_predicted,0.047619047619047616,20,20,ACCGTAATGACAACCGGGTT,0,4439198
yagB_insX_yagA_predicted,0.047619047619047616,20,20,ACATGCTATTAACCCAGTAG,0,4448378
yagB_insX_yagA_predicted,0.047619047619047616,20,20,ACAGCTGTCGCCATAATTAA,0,4444020
yagB_insX_yagA_predicted,0.047619047619047616,20,20,ACAGCTAGAACCAATCCATC,0,4469389
yagB_insX_yagA_predicted,0.047619047619047616,20,20,AATATTATTGCAAGCATATT,0,4441862
yagB_insX_yagA_predicted,0.047619047619047616,20,20,AAGTTCGGTGCCCAGTCAAG,0,4438324
yagB_insX_yagA_predicted,0.047619047619047616,20,20,AAGTCAGACCGTGCGAATAT,0,4455052
yagB_insX_yagA_predicted,0.047619047619047616,20,20,AAGGCGCCCTACAGACGGCT,0,4439514
yagB_insX_yagA_predicted,0.047619047619047616,20,20,AACGGGGAGCCGGCCTCGAG,0,4450305
yagB_insX_yagA_predicted,0.047619047619047616,20,20,AAATCTACGTGGGGGAGTCC,0,4449965
yagB_insX_yagA_predicted,0.047619047619047616,20,20,AAAGAGTTGCAAGTTAGGAT,0,4468522
yagB_insX_yagA_predicted,0.047619047619047616,20,20,AAAATAGAAGGCCAAGATCA,0,4450396
yagB_insX_yagA_predicted,0.047619047619047616,20,20,AAAAATTCTGATGGAGGTCC,0,4444045
yagB_insX_yagA_predicted,0.05,19,19,TTGTCAGGCATCCCGGGGGG,0,4467217
yagB_insX_yagA_predicted,0.05,19,19,TTGGTCTCGCCAGCTACTCT,0,4443435
yagB_insX_yagA_predicted,0.05,19,19,TTGGTCGTGCTGTAATATTA,0,4443550
yagB_insX_yagA_predicted,0.05,19,19,TTGGCGCCTCCAGACAGCAG,0,4456576
yagB_insX_yagA_predicted,0.05,19,19,TTCCGACTGTTCTATGATTT,0,4438641
yagB_insX_yagA_predicted,0.05,19,19,TTAGGGCGGGAGAGATAAAG,0,4451463
yagB_insX_yagA_predicted,0.05,19,19,TTAGCCGCGCGTACGCGTGG,0,4442731
yagB_insX_yagA_predicted,0.05,19,19,TTACTTAGTCTCGTATGGCA,0,4464226
yagB_insX_yagA_predicted,0.05,19,19,TGTTCTTACTGACGCCAGTG,0,4468063
yagB_insX_yagA_predicted,0.05,19,19,TGTTCAAACCCAACCCATAC,0,4443709
yagB_insX_yagA_predicted,0.05,19,19,TGTCCCTCGAAAACGGTATC,0,4458447
yagB_insX_yagA_predicted,0.05,19,19,TGTCACGACTTATGGCCCCA,0,4444134
yagB_insX_yagA_predicted,0.05,19,19,TGGTTGGCATCAACAGAACA,0,4455683
yagB_insX_yagA_predicted,0.05,19,19,TGGGCAAACGAGATCTATGC,0,4467541
yagB_insX_yagA_predicted,0.05,19,19,TGGCTGTGCATGTTCGGGTC,0,4470131
yagB_insX_yagA_predicted,0.05,19,19,TGGAACACGCACACCCATCA,0,4440205
yagB_insX_yagA_predicted,0.05,19,19,TGCGGTACGGACGGACCGGA,0,4443788
yagB_insX_yagA_predicted,0.05,19,19,TGCCGCAATCCATCCTGATT,0,4446562
yagB_insX_yagA_predicted,0.05,19,19,TGCACCGTACATGATGATCG,0,4455684
yagB_insX_yagA_predicted,0.05,19,19,TGATTGTCTTAGTCTCCAGT,0,4454666
yagB_insX_yagA_predicted,0.05,19,19,TGATCTGGCCCAAGGCGTGC,0,4437952
yagB_insX_yagA_predicted,0.05,19,19,TCTTGATACATACTCCGCCT,0,4439595
yagB_insX_yagA_predicted,0.05,19,19,TCTTCTGGAGCCCGACATTC,0,4455172
yagB_insX_yagA_predicted,0.05,19,19,TCTGTTAGCCGGGTGAGGAC,0,4441316
yagB_insX_yagA_predicted,0.05,19,19,TCTGGTGGTTACACCGCACC,0,4456804
yagB_insX_yagA_predicted,0.05,19,19,TCGTTACTAGAGAGGGCGTC,0,4439893
yagB_insX_yagA_predicted,0.05,19,19,TCGGAGCTGTAATAACGTCT,0,4443998
yagB_insX_yagA_predicted,0.05,19,19,TCGACAGTTGGTCCCAAGTC,0,4465927
yagB_insX_yagA_predicted,0.05,19,19,TCCCGATCATCGGGGGCTGG,0,4471274
yagB_insX_yagA_predicted,0.05,19,19,TCAGGCCAGGAACGTGGCAA,0,4461865
yagB_insX_yagA_predicted,0.05,19,19,TCACTACTGACTCGTGGGAA,0,4452850
yagB_insX_yagA_predicted,0.05,19,19,TCACTAAAATTTATTAGAAT,0,4437959
yagB_insX_yagA_predicted,0.05,19,19,TATCATTTAGGACGATTTGG,0,4440858
yagB_insX_yagA_predicted,0.05,19,19,TAGCGGTAAATTTCGCATGC,0,4464251
yagB_insX_yagA_predicted,0.05,19,19,TAGCATCAGTTCAGCTTGGC,0,4437790
yagB_insX_yagA_predicted,0.05,19,19,TAGAATAAACGCATACATTG,0,4463372
yagB_insX_yagA_predicted,0.05,19,19,TACGCCAGCCACATTCCTCA,0,4436511
yagB_insX_yagA_predicted,0.05,19,19,TACATCGCGGCAATGCGGTG,0,4446197
yagB_insX_yagA_predicted,0.05,19,19,TAATGGCTGTCAATCTATTA,0,4451972
yagB_insX_yagA_predicted,0.05,19,19,TAATCAGTACTCTAAGCCCA,0,4462722
yagB_insX_yagA_predicted,0.05,19,19,TAACAACGATGCCCCGTTAT,0,4448091
yagB_insX_yagA_predicted,0.05,19,19,TAAAATAGACCTCGCCATTG,0,4457811
yagB_insX_yagA_predicted,0.05,19,19,GTTTAACAGCCGCAAACACT,0,4443265
yagB_insX_yagA_predicted,0.05,19,19,GTTCGGACAATTTCGATGAT,0,4438771
yagB_insX_yagA_predicted,0.05,19,19,GTTACAGGTTCCACATTCGC,0,4439903
yagB_insX_yagA_predicted,0.05,19,19,GTGGAACTCCGCCTCTACGT,0,4468015
yagB_insX_yagA_predicted,0.05,19,19,GTCCAGGCTCAGTTGACCAC,0,4445041
yagB_insX_yagA_predicted,0.05,19,19,GTCCAATGGTCGAGTGTACG,0,4436400
yagB_insX_yagA_predicted,0.05,19,19,GTCCAACTTCCCTATAATCC,0,4461135
yagB_insX_yagA_predicted,0.05,19,19,GTCACGTCCGTGTACCAGAA,0,4448486
yagB_insX_yagA_predicted,0.05,19,19,GTATCAATACATCTGAACAT,0,4468746
yagB_insX_yagA_predicted,0.05,19,19,GTATACATGGAGAATATATA,0,4440717
yagB_insX_yagA_predicted,0.05,19,19,GGTGTTGTCTTCATGGATAT,0,4441230
yagB_insX_yagA_predicted,0.05,19,19,GGTGCTCGTCTAGGAGGGGA,0,4461371
yagB_insX_yagA_predicted,0.05,19,19,GGTGCTAGACTCTAGGAATA,0,4465804
yagB_insX_yagA_predicted,0.05,19,19,GGTGAGTACGCTTAGTTGAA,0,4447662
yagB_insX_yagA_predicted,0.05,19,19,GGTGAGGGTACTGCGCTTAG,0,4436583
yagB_insX_yagA_predicted,0.05,19,19,GGTGAACACATCTATCGAGC,0,4462795
yagB_insX_yagA_predicted,0.05,19,19,GGTATACTATGATCGTCGGT,0,4437953
yagB_insX_yagA_predicted,0.05,19,19,GGGTGCCTTGACCAGAGTTT,0,4436781
yagB_insX_yagA_predicted,0.05,19,19,GGGTCCAACCCGTTCGTGTT,0,4437275
yagB_insX_yagA_predicted,0.05,19,19,GGGGTCGCCCTATACCTCAT,0,4437528
yagB_insX_yagA_predicted,0.05,19,19,GGGCTGGGATACTATCGAAC,0,4439598
yagB_insX_yagA_predicted,0.05,19,19,GGCGATTAATACGCATTTTG,0,4463342
yagB_insX_yagA_predicted,0.05,19,19,GGCGAGAGGTTATACACAAG,0,4446255
yagB_insX_yagA_predicted,0.05,19,19,GGATGCAGGCCCTCGCTTGA,0,4443765
yagB_insX_yagA_predicted,0.05,19,19,GGACCCGAACAGCAACCTTA,0,4461453
yagB_insX_yagA_predicted,0.05,19,19,GCTGGATACTCACTTCCAAC,0,4471505
yagB_insX_yagA_predicted,0.05,19,19,GCTCTTAAGCACTTCGAACC,0,4448870
yagB_insX_yagA_predicted,0.05,19,19,GCGCGGGCTGTGTCGAACGC,0,4459880
yagB_insX_yagA_predicted,0.05,19,19,GCGCCGAACGATAACGAGCG,0,4449862
yagB_insX_yagA_predicted,0.05,19,19,GCGCCACAGAAGACACTCCT,0,4437699
yagB_insX_yagA_predicted,0.05,19,19,GCCGTAGCCGACCGAGGTTG,0,4452856
yagB_insX_yagA_predicted,0.05,19,19,GCCCTGACGTACAAGTCATA,0,4444403
yagB_insX_yagA_predicted,0.05,19,19,GCCCCCAACGCTACAGAGCT,0,4468401
yagB_insX_yagA_predicted,0.05,19,19,GCCCACTCAGACATGCCAGA,0,4467650
yagB_insX_yagA_predicted,0.05,19,19,GCCATAAAGCCGATCAGTAA,0,4457032
yagB_insX_yagA_predicted,0.05,19,19,GCCACCATACGGGTTTTTGA,0,4442364
yagB_insX_yagA_predicted,0.05,19,19,GCCAAGGTAATAGTATCAGT,0,4457253
yagB_insX_yagA_predicted,0.05,19,19,GCAGCCGCGGTCTCGTGTGG,0,4454498
yagB_insX_yagA_predicted,0.05,19,19,GCAGCACCTTATCCTTGTAA,0,4468075
yagB_insX_yagA_predicted,0.05,19,19,GCAACGTCAAAACGCGTTCA,0,4440069
yagB_insX_yagA_predicted,0.05,19,19,GAGCTCAACCACTGGCGTAG,0,4442734
yagB_insX_yagA_predicted,0.05,19,19,GAAGTCTGAGTAGGTGTGTG,0,4466867
yagB_insX_yagA_predicted,0.05,19,19,CTTGCCTACCTAGGTATACC,0,4441658
yagB_insX_yagA_predicted,0.05,19,19,CTTCTTACGGCGCGCCACAT,0,4467351
yagB_insX_yagA_predicted,0.05,19,19,CTTAAACGCAGTGACACGGG,0,4465761
yagB_insX_yagA_predicted,0.05,19,19,CTGTATAACGATTAACGTGG,0,4439261
yagB_insX_yagA_predicted,0.05,19,19,CTGACCTTCCGGTAGTTACA,0,4451379
yagB_insX_yagA_predicted,0.05,19,19,CTCTACCTCCGGGATGTAAT,0,4467733
yagB_insX_yagA_predicted,0.05,19,19,CTCGGTTCAAGAGTGACCTA,0,4472441
yagB_insX_yagA_predicted,0.05,19,19,CTAGCCTTAAGAGTGGCGGT,0,4468338
yagB_insX_yagA_predicted,0.05,19,19,CTAAGGTTAACTGTGGCCCC,0,4457393
yagB_insX_yagA_predicted,0.05,19,19,CGGGTATGCTTGGTAAAAAA,0,4441200
yagB_insX_yagA_predicted,0.05,19,19,CGGATGGGGTTCCGTAAGAT,0,4461677
yagB_insX_yagA_predicted,0.05,19,19,CGCTAACAGAGACACGGTCA,0,4454223
yagB_insX_yagA_predicted,0.05,19,19,CGCAGCCTTTATCGCTTAGT,0,4467249
yagB_insX_yagA_predicted,0.05,19,19,CGACTGTCTCGCGGGACTGA,0,4455756
yagB_insX_yagA_predicted,0.05,19,19,CGACGGTGCGTTTGTGCCAC,0,4438507
yagB_insX_yagA_predicted,0.05,19,19,CGACGAACGTTCATCGGGTG,0,4450356
yagB_insX_yagA_predicted,0.05,19,19,CGACACCAACCTGGCACGGC,0,4453759
yagB_insX_yagA_predicted,0.05,19,19,CCTTGCTTGTATTGATGAGA,0,4453474
yagB_insX_yagA_predicted,0.05,19,19,CCTATATGGTCGCTCTTGGC,0,4461545
yagB_insX_yagA_predicted,0.05,19,19,CCTATACACTTAACTTGGAC,0,4466655
yagB_insX_yagA_predicted,0.05,19,19,CCGGAAGAGTCCCGTGTAAG,0,4440021
yagB_insX_yagA_predicted,0.05,19,19,CCGAGTTCAGAGCCTAGTGG,0,4451957
yagB_insX_yagA_predicted,0.05,19,19,CCCGGCTGAGACAGGATACG,0,4437573
yagB_insX_yagA_predicted,0.05,19,19,CCCCGATCTAGGGGCCGAAC,0,4453266
yagB_insX_yagA_predicted,0.05,19,19,CCCCCAGCGGGAGTCACCAA,0,4451034
yagB_insX_yagA_predicted,0.05,19,19,CCATGAAAGTCCATTGCACT,0,4443647
yagB_insX_yagA_predicted,0.05,19,19,CCAGCTGCTAAGGATGGTGG,0,4439982
yagB_insX_yagA_predicted,0.05,19,19,CCACTTGGCATATTAAAAGC,0,4448077
yagB_insX_yagA_predicted,0.05,19,19,CCACATTTACCGTCTTTAGT,0,4456995
yagB_insX_yagA_predicted,0.05,19,19,CATCGTGGTAAGGGTTTAGG,0,4443562
yagB_insX_yagA_predicted,0.05,19,19,CATATGGGCCTTGTTTCGGA,0,4455513
yagB_insX_yagA_predicted,0.05,19,19,CAGTGATGAGCGGCGGGGTA,0,4467219
yagB_insX_yagA_predicted,0.05,19,19,CACTAATCTGGCGGCTTTTA,0,4449428
yagB_insX_yagA_predicted,0.05,19,19,CAATTAACTTACGTCGGTGT,0,4445489
yagB_insX_yagA_predicted,0.05,19,19,CAAGTTAGAGTCCGGGAGTA,0,4453756
yagB_insX_yagA_predicted,0.05,19,19,ATGGTTCATCCTGGTGGCAT,0,4471446
yagB_insX_yagA_predicted,0.05,19,19,ATGCTTACTCCCAACTACCA,0,4442829
yagB_insX_yagA_predicted,0.05,19,19,ATGAGAACCTTCACAACTGG,0,4468292
yagB_insX_yagA_predicted,0.05,19,19,ATGACGCACATCCGCTGAGC,0,4460072
yagB_insX_yagA_predicted,0.05,19,19,ATGACATGACCAGGGCGAGT,0,4460917
yagB_insX_yagA_predicted,0.05,19,19,ATCATATGGTATAGCCAATC,0,4450745
yagB_insX_yagA_predicted,0.05,19,19,AGTTATTGGTCTGGTGTTAA,0,4470021
yagB_insX_yagA_predicted,0.05,19,19,AGGTGTCTATGACACTGCGA,0,4461194
yagB_insX_yagA_predicted,0.05,19,19,AGGGTCTAGGGGTCCAACTT,0,4443045
yagB_insX_yagA_predicted,0.05,19,19,AGGGGTAATCCTCGCTTGTA,0,4442052
yagB_insX_yagA_predicted,0.05,19,19,AGGCACACATCGGTCGGGTC,0,4466023
yagB_insX_yagA_predicted,0.05,19,19,AGGATGTGAGCGGTTCTCCG,0,4451181
yagB_insX_yagA_predicted,0.05,19,19,AGCGGGGATGACTGCAGTTA,0,4457618
yagB_insX_yagA_predicted,0.05,19,19,AGCGCTCATGGGCCACCCCG,0,4441884
yagB_insX_yagA_predicted,0.05,19,19,AGCGACATTTTTCTACTCCG,0,4454253
yagB_insX_yagA_predicted,0.05,19,19,AGCCCTATTCTTAGTACAGA,0,4448533
yagB_insX_yagA_predicted,0.05,19,19,AGCAGGTTGTGCCCCTTTCA,0,4436176
yagB_insX_yagA_predicted,0.05,19,19,AGCAGGTACGCCGGGCCGCG,0,4451731
yagB_insX_yagA_predicted,0.05,19,19,AGATGTGCCAAGAGCATCCC,0,4461883
yagB_insX_yagA_predicted,0.05,19,19,AGAGTGGGGGATGATAGGAT,0,4471358
yagB_insX_yagA_predicted,0.05,19,19,AGAATCGCCAGTTTTAATTA,0,4468342
yagB_insX_yagA_predicted,0.05,19,19,ACTTACTCACCGTCCAGATG,0,4466359
yagB_insX_yagA_predicted,0.05,19,19,ACTTACCTCGGTGACCCTCG,0,4442266
yagB_insX_yagA_predicted,0.05,19,19,ACTGGTGGGGCCTCCAGCGT,0,4454311
yagB_insX_yagA_predicted,0.05,19,19,ACTAAAAAGAAATAACCATG,0,4466048
yagB_insX_yagA_predicted,0.05,19,19,ACGTGGATGCGCAGACACTT,0,4464642
yagB_insX_yagA_predicted,0.05,19,19,ACGACTGCCACTGACCAAAG,0,4446404
yagB_insX_yagA_predicted,0.05,19,19,ACCTAGTCGCTAAGCACGCG,0,4466098
yagB_insX_yagA_predicted,0.05,19,19,ACCGCTCCAGACCTGATCTT,0,4438229
yagB_insX_yagA_predicted,0.05,19,19,ACCCAGTGCGGGTACGTAGA,0,4444483
yagB_insX_yagA_predicted,0.05,19,19,ACATTCCAGGCGCGCGTCAC,0,4443600
yagB_insX_yagA_predicted,0.05,19,19,ACAGCGATTACGGGTGAGGA,0,4442314
yagB_insX_yagA_predicted,0.05,19,19,ACAGACCCTAGGCAATGTTC,0,4440926
yagB_insX_yagA_predicted,0.05,19,19,AATGCAGCGGTTGGGGAGTA,0,4458408
yagB_insX_yagA_predicted,0.05,19,19,AAGTTGAGTGCACGATTCGG,0,4437005
yagB_insX_yagA_predicted,0.05,19,19,AAGGGTTCGGTGTATACCGT,0,4463636
yagB_insX_yagA_predicted,0.05,19,19,AACCTCAACAGGCGTTAGAT,0,4466324
yagB_insX_yagA_predicted,0.05,19,19,AACACAAGACAGAATCGTTA,0,4440988
yagB_insX_yagA_predicted,0.05,19,19,AACAACCGTGTTGTCACGTT,0,4466250
yagB_insX_yagA_predicted,0.05,19,19,AAATTTGCGTCCCGTGCATC,0,4451567
yagB_insX_yagA_predicted,0.05,19,19,AAATGCTCTTGCTTCAGTAA,0,4451826
yagB_insX_yagA_predicted,0.05,19,19,AAAGCCACAGTTGCGCTGAG,0,4439632
yagB_insX_yagA_predicted,0.05,19,19,AAACCCTTTGCAGTAGGAGC,0,4462076
yagB_insX_yagA_predicted,0.05,19,19,AAACATCCATCCTCGACCTC,0,4441266
yagB_insX_yagA_predicted,0.05263157894736842,18,18,TTTCTCGCTATCTGACATCA,0,4459234
yagB_insX_yagA_predicted,0.05263157894736842,18,18,TTTCCTCGGTATCGCCGGTT,0,4452469
yagB_insX_yagA_predicted,0.05263157894736842,18,18,TTGGTATGTAGCCCCTGACA,0,4460943
yagB_insX_yagA_predicted,0.05263157894736842,18,18,TTGAGCTCGGGGCATTCAGT,0,4460311
yagB_insX_yagA_predicted,0.05263157894736842,18,18,TTCGTGTTAGGACCGTTCTA,0,4453800
yagB_insX_yagA_predicted,0.05263157894736842,18,18,TTAGCGCGGAACTTATAATC,0,4468977
yagB_insX_yagA_predicted,0.05263157894736842,18,18,TTACGGGTGTTGTCGGTGAC,0,4440870
yagB_insX_yagA_predicted,0.05263157894736842,18,18,TTAAGCGCGTAGACCGTTCT,0,4452105
yagB_insX_yagA_predicted,0.05263157894736842,18,18,TTAACATAAACGCCTCATAA,0,4453580
yagB_insX_yagA_predicted,0.05263157894736842,18,18,TGTTGACACAACACGGTGTT,0,4452519
yagB_insX_yagA_predicted,0.05263157894736842,18,18,TGTTATTGGGGGTTCTGTGA,0,4439742
yagB_insX_yagA_predicted,0.05263157894736842,18,18,TGTAAGTAATAGGGCATGTA,0,4465550
yagB_insX_yagA_predicted,0.05263157894736842,18,18,TGGTGGGTCCCTAAAGAGAT,0,4450278
yagB_insX_yagA_predicted,0.05263157894736842,18,18,TCTATTATATTGTGCCAGAG,0,4456945
yagB_insX_yagA_predicted,0.05263157894736842,18,18,TCTATATTCCGGGGAATCCT,0,4453590
yagB_insX_yagA_predicted,0.05263157894736842,18,18,TCGAGTTACGGATAATGGTT,0,4436937
yagB_insX_yagA_predicted,0.05263157894736842,18,18,TCGAAGACAGAGACCATAGG,0,4442651
yagB_insX_yagA_predicted,0.05263157894736842,18,18,TCCGGGGAGCAGGGAGAAGG,0,4468424
yagB_insX_yagA_predicted,0.05263157894736842,18,18,TCCCCTCCACAGCTCAGCCT,0,4471295
yagB_insX_yagA_predicted,0.05263157894736842,18,18,TCCACACTGAGCCGGAAGGC,0,4440208
yagB_insX_yagA_predicted,0.05263157894736842,18,18,TCATGATTGGCTCAGATATC,0,4472003
yagB_insX_yagA_predicted,0.05263157894736842,18,18,TCACAGATCACGTATTGCGA,0,4455174
yagB_insX_yagA_predicted,0.05263157894736842,18,18,TATTAGGGACCCCATCAAGG,0,4450059
yagB_insX_yagA_predicted,0.05263157894736842,18,18,TATCCGCCACGCTTTGGGAC,0,4469774
yagB_insX_yagA_predicted,0.05263157894736842,18,18,TAGGAGCGGACCTGGGTGGT,0,4446707
yagB_insX_yagA_predicted,0.05263157894736842,18,18,TACTTCTACCGAGTTTCGTT,0,4436521
yagB_insX_yagA_predicted,0.05263157894736842,18,18,TAAGAAGAGCAACGAGCTCC,0,4462698
yagB_insX_yagA_predicted,0.05263157894736842,18,18,TAAATCAGATTAGGTGTCGT,0,4467323
yagB_insX_yagA_predicted,0.05263157894736842,18,18,GTTAGAATGTCTAAACAATT,0,4440400
yagB_insX_yagA_predicted,0.05263157894736842,18,18,GTGGGGATGCCTTCCACGGG,0,4453936
yagB_insX_yagA_predicted,0.05263157894736842,18,18,GTGACAATCGAGGGGGTCCT,0,4435990
yagB_insX_yagA_predicted,0.05263157894736842,18,18,GTCTAGCTGTAATGCGATGT,0,4454865
yagB_insX_yagA_predicted,0.05263157894736842,18,18,GTATGTCATGATATCCGATC,0,4462124
yagB_insX_yagA_predicted,0.05263157894736842,18,18,GTAGCTATCGCGAACTCATG,0,4452884
yagB_insX_yagA_predicted,0.05263157894736842,18,18,GTACTGTAGACAGGTTGCTG,0,4442358
yagB_insX_yagA_predicted,0.05263157894736842,18,18,GGTACCGCAAGGTTACACAT,0,4458717
yagB_insX_yagA_predicted,0.05263157894736842,18,18,GGGTTCACGTTCCCCCCGGG,0,4453214
yagB_insX_yagA_predicted,0.05263157894736842,18,18,GGGGTACTTGGAAACATTAG,0,4436555
yagB_insX_yagA_predicted,0.05263157894736842,18,18,GGGGCGGGTGATGAGGTAGA,0,4449901
yagB_insX_yagA_predicted,0.05263157894736842,18,18,GGGGAATCTATATGTATCCG,0,4460347
yagB_insX_yagA_predicted,0.05263157894736842,18,18,GGGATCGGGGTGGTGAGGAT,0,4438198
yagB_insX_yagA_predicted,0.05263157894736842,18,18,GGGAAACAATGCTCTGGGTT,0,4469471
yagB_insX_yagA_predicted,0.05263157894736842,18,18,GGGAAAACGAAAAGTCCAGG,0,4442607
yagB_insX_yagA_predicted,0.05263157894736842,18,18,GGCTTTGACGAATCGTCACT,0,4471119
yagB_insX_yagA_predicted,0.05263157894736842,18,18,GGCCCGTGTGCTTAAAGCGA,0,4442801
yagB_insX_yagA_predicted,0.05263157894736842,18,18,GGCACCTTGCTTGGCAGTAG,0,4469328
yagB_insX_yagA_predicted,0.05263157894736842,18,18,GGCAAGCATGAAGGAATGGG,0,4461348
yagB_insX_yagA_predicted,0.05263157894736842,18,18,GGCAAACAATACACTACCCA,0,4448404
yagB_insX_yagA_predicted,0.05263157894736842,18,18,GGATGGGGGAATCAGAATAA,0,4442553
yagB_insX_yagA_predicted,0.05263157894736842,18,18,GGATGACTAGGGTAAATTGC,0,4451367
yagB_insX_yagA_predicted,0.05263157894736842,18,18,GGAGATGCGCGCACGGACGC,0,4445669
yagB_insX_yagA_predicted,0.05263157894736842,18,18,GGACTATATGCATCATATAA,0,4449356
yagB_insX_yagA_predicted,0.05263157894736842,18,18,GCTGGGAGATTGAAAGGTTT,0,4458009
yagB_insX_yagA_predicted,0.05263157894736842,18,18,GCTATCTTGCCGGTACATGG,0,4466599
yagB_insX_yagA_predicted,0.05263157894736842,18,18,GCTAAGGCGATATTTAATGT,0,4456136
yagB_insX_yagA_predicted,0.05263157894736842,18,18,GCGGTTACACATTACGGAGA,0,4451325
yagB_insX_yagA_predicted,0.05263157894736842,18,18,GCGCTGGAGGGGGGCTCACG,0,4455735
yagB_insX_yagA_predicted,0.05263157894736842,18,18,GCGCGAGCTATGCAGCGCGG,0,4437754
yagB_insX_yagA_predicted,0.05263157894736842,18,18,GCGCAAGGGACTGCGGCCTT,0,4439610
yagB_insX_yagA_predicted,0.05263157894736842,18,18,GCGATAGGTTGCGACCATCC,0,4439352
yagB_insX_yagA_predicted,0.05263157894736842,18,18,GCGAGGGATGAGGGTAGTCA,0,4437152
yagB_insX_yagA_predicted,0.05263157894736842,18,18,GCCTCTCTCGAGCCATTCTT,0,4442998
yagB_insX_yagA_predicted,0.05263157894736842,18,18,GCCCTTGGAGTGTCTTATGA,0,4453852
yagB_insX_yagA_predicted,0.05263157894736842,18,18,GCCCGTGTCACATGGAATAG,0,4459830
yagB_insX_yagA_predicted,0.05263157894736842,18,18,GCCATCGTCGCATTCGTTTT,0,4466139
yagB_insX_yagA_predicted,0.05263157894736842,18,18,GCCAGTACACATCATCTTAT,0,4440627
yagB_insX_yagA_predicted,0.05263157894736842,18,18,GCATGGCCAGGGTACGAAAC,0,4469600
yagB_insX_yagA_predicted,0.05263157894736842,18,18,GCAGCCTCCACCATGGTGTG,0,4444063
yagB_insX_yagA_predicted,0.05263157894736842,18,18,GCAGCCATTCGTAAGAAGGA,0,4438289
yagB_insX_yagA_predicted,0.05263157894736842,18,18,GCAGACCACGTCCTAACTTT,0,4458377
yagB_insX_yagA_predicted,0.05263157894736842,18,18,GCACCCCTCACTCACAAGTT,0,4457926
yagB_insX_yagA_predicted,0.05263157894736842,18,18,GCACACTTATCGGTCTGAAT,0,4443341
yagB_insX_yagA_predicted,0.05263157894736842,18,18,GCAAGCAAGTCCTTGGTTGA,0,4445117
yagB_insX_yagA_predicted,0.05263157894736842,18,18,GATAGCCTCAATGACTCAAT,0,4449086
yagB_insX_yagA_predicted,0.05263157894736842,18,18,GAGACATGCTGAGGGTGCAG,0,4445469
yagB_insX_yagA_predicted,0.05263157894736842,18,18,GAGACAAACTAGTACTCCAG,0,4459632
yagB_insX_yagA_predicted,0.05263157894736842,18,18,GAGAAGGCAACCAGCCGGAT,0,4467563
yagB_insX_yagA_predicted,0.05263157894736842,18,18,GACTTCCCCCTGCTGCCAGA,0,4440135
yagB_insX_yagA_predicted,0.05263157894736842,18,18,GACGCCTGAACCGCTAAGCT,0,4455541
yagB_insX_yagA_predicted,0.05263157894736842,18,18,GAATACGGAAGCACTTGTTA,0,4449334
yagB_insX_yagA_predicted,0.05263157894736842,18,18,GAAGGGCTCGTATGCCATGT,0,4457125
yagB_insX_yagA_predicted,0.05263157894736842,18,18,CTTCCATATACCCGAATTGA,0,4437211
yagB_insX_yagA_predicted,0.05263157894736842,18,18,CTCTTCAGGTAGACTAAGCG,0,4454447
yagB_insX_yagA_predicted,0.05263157894736842,18,18,CTCGCGCTTAATTTGGATTC,0,4469205
yagB_insX_yagA_predicted,0.05263157894736842,18,18,CTCGCCTACAGTATGAGGCT,0,4459301
yagB_insX_yagA_predicted,0.05263157894736842,18,18,CTCCTGCGCTTGGCTAATAA,0,4468821
yagB_insX_yagA_predicted,0.05263157894736842,18,18,CTCAGTTTTATCGCTCGACT,0,4455126
yagB_insX_yagA_predicted,0.05263157894736842,18,18,CTCACGCCCCAGCCAGTGAT,0,4457814
yagB_insX_yagA_predicted,0.05263157894736842,18,18,CTATGTCGAAGTCAAAAGAA,0,4465658
yagB_insX_yagA_predicted,0.05263157894736842,18,18,CGTTAATGAAACAGACGAGA,0,4443441
yagB_insX_yagA_predicted,0.05263157894736842,18,18,CGTCCGGTAGACGGGCCTGA,0,4460923
yagB_insX_yagA_predicted,0.05263157894736842,18,18,CGTAAGTGAGCATGACACAT,0,4460267
yagB_insX_yagA_predicted,0.05263157894736842,18,18,CGGCGGGCTACGTCGTTGAC,0,4444060
yagB_insX_yagA_predicted,0.05263157894736842,18,18,CGGCGAATTGTAGGGTTGGC,0,4437818
yagB_insX_yagA_predicted,0.05263157894736842,18,18,CGGACAGCAAAGTCGAACGT,0,4449298
yagB_insX_yagA_predicted,0.05263157894736842,18,18,CGGAAGGGCCTGATATTGTG,0,4465018
yagB_insX_yagA_predicted,0.05263157894736842,18,18,CGCGATAATTTAATATCATC,0,4451699
yagB_insX_yagA_predicted,0.05263157894736842,18,18,CGCGAGCCCACTTAGGCAGT,0,4454424
yagB_insX_yagA_predicted,0.05263157894736842,18,18,CGATGGCTACGGCTTTTAAA,0,4460826
yagB_insX_yagA_predicted,0.05263157894736842,18,18,CGAGGGCGACTTCATAAGTA,0,4455424
yagB_insX_yagA_predicted,0.05263157894736842,18,18,CGAGAGCAGTCGCCTAACTC,0,4449233
yagB_insX_yagA_predicted,0.05263157894736842,18,18,CGACCTCCAGTGGTCCGAAG,0,4464639
yagB_insX_yagA_predicted,0.05263157894736842,18,18,CCGTTTTAGTATCGTGCACG,0,4451404
yagB_insX_yagA_predicted,0.05263157894736842,18,18,CCGGGGGCTACAATGTACCA,0,4461509
yagB_insX_yagA_predicted,0.05263157894736842,18,18,CCCGTTGAGAAGGAGGGATG,0,4454758
yagB_insX_yagA_predicted,0.05263157894736842,18,18,CCCCGGATTCAAAGTACCAG,0,4466783
yagB_insX_yagA_predicted,0.05263157894736842,18,18,CCCATCTGCGATGGATAAGT,0,4448840
yagB_insX_yagA_predicted,0.05263157894736842,18,18,CCCAACGCCGTCAGTCTAGG,0,4470972
yagB_insX_yagA_predicted,0.05263157894736842,18,18,CCATGATCTTTGGTTTGAGC,0,4448028
yagB_insX_yagA_predicted,0.05263157894736842,18,18,CCAATGCTGTCTAACGCGTT,0,4459437
yagB_insX_yagA_predicted,0.05263157894736842,18,18,CCAATGCGCTCGGTGATTGA,0,4462539
yagB_insX_yagA_predicted,0.05263157894736842,18,18,CCAAACTGAGCCCCACACGC,0,4470991
yagB_insX_yagA_predicted,0.05263157894736842,18,18,CATTCCCTCCTGGACTCCTG,0,4443021
yagB_insX_yagA_predicted,0.05263157894736842,18,18,CATTCAACGCAAAGGGATCT,0,4458420
yagB_insX_yagA_predicted,0.05263157894736842,18,18,CATGGTGGACAGGGCCGGTT,0,4457932
yagB_insX_yagA_predicted,0.05263157894736842,18,18,CATGCGCATTCTATACCCAC,0,4455112
yagB_insX_yagA_predicted,0.05263157894736842,18,18,CAGTGTAGATTCAGGTCCGC,0,4452441
yagB_insX_yagA_predicted,0.05263157894736842,18,18,CAGGCCGGAGTGTAGAACAA,0,4454176
yagB_insX_yagA_predicted,0.05263157894736842,18,18,CAGCGGGGGGCCTGCTTATT,0,4442492
yagB_insX_yagA_predicted,0.05263157894736842,18,18,CACGCTCTACTGAATGGCTG,0,4452495
yagB_insX_yagA_predicted,0.05263157894736842,18,18,CAAGTCGAACGAACCGGCGC,0,4463525
yagB_insX_yagA_predicted,0.05263157894736842,18,18,CAAGAGTGACTCAGTGCACA,0,4450615
yagB_insX_yagA_predicted,0.05263157894736842,18,18,CAACTTGGTAGTTGCGTTGT,0,4448803
yagB_insX_yagA_predicted,0.05263157894736842,18,18,CAAACTCAGATCCGTAATAA,0,4461562
yagB_insX_yagA_predicted,0.05263157894736842,18,18,ATTCAATCGTGCAGACCCAT,0,4456541
yagB_insX_yagA_predicted,0.05263157894736842,18,18,ATTATTAGCACACTGGCGAT,0,4441805
yagB_insX_yagA_predicted,0.05263157894736842,18,18,ATGTCCCGGCCTAGTTCCAT,0,4450997
yagB_insX_yagA_predicted,0.05263157894736842,18,18,ATGCTGGATACATAAAAAGT,0,4470639
yagB_insX_yagA_predicted,0.05263157894736842,18,18,ATGCGCCGTGTTTTTATGTA,0,4469534
yagB_insX_yagA_predicted,0.05263157894736842,18,18,ATGATCAGTTACTGAGCGAT,0,4455577
yagB_insX_yagA_predicted,0.05263157894736842,18,18,ATCAACGGGAAGCCCTCCCC,0,4439045
yagB_insX_yagA_predicted,0.05263157894736842,18,18,ATATAACACTGCAACAAAGG,0,4448660
yagB_insX_yagA_predicted,0.05263157894736842,18,18,ATACCAAGGCATCATATGAC,0,4437056
yagB_insX_yagA_predicted,0.05263157894736842,18,18,ATAAATCCGCCGAACTTACT,0,4436587
yagB_insX_yagA_predicted,0.05263157894736842,18,18,AGTGATTGTCCTCGGCTTTC,0,4467607
yagB_insX_yagA_predicted,0.05263157894736842,18,18,AGTCGAGATAGGTGCAGGAG,0,4470234
yagB_insX_yagA_predicted,0.05263157894736842,18,18,AGTATTTTGCTGCAAGGTAT,0,4461541
yagB_insX_yagA_predicted,0.05263157894736842,18,18,AGTAACTAACCACCCGCCGG,0,4459384
yagB_insX_yagA_predicted,0.05263157894736842,18,18,AGGTGTGTTTAGAACATAAC,0,4436023
yagB_insX_yagA_predicted,0.05263157894736842,18,18,AGGTACTATTGATTGTGTGC,0,4465644
yagB_insX_yagA_predicted,0.05263157894736842,18,18,AGCCATGGCATTACAAAGCA,0,4450661
yagB_insX_yagA_predicted,0.05263157894736842,18,18,AGACTCATCACCATGACAAA,0,4443795
yagB_insX_yagA_predicted,0.05263157894736842,18,18,ACTTTTACTGTCATGGATTC,0,4437411
yagB_insX_yagA_predicted,0.05263157894736842,18,18,ACTCGGTCCGTCGAGCTTAA,0,4449883
yagB_insX_yagA_predicted,0.05263157894736842,18,18,ACTATAACGTAGCCTACAAC,0,4463898
yagB_insX_yagA_predicted,0.05263157894736842,18,18,ACGTGTGCTGTGCCGCATAA,0,4464484
yagB_insX_yagA_predicted,0.05263157894736842,18,18,ACGTCTTTATGTGGGTTGTG,0,4451377
yagB_insX_yagA_predicted,0.05263157894736842,18,18,ACGTCTGAAGGGTGCGCTAT,0,4437155
yagB_insX_yagA_predicted,0.05263157894736842,18,18,ACGTAATCGAATGAGAGCTA,0,4445177
yagB_insX_yagA_predicted,0.05263157894736842,18,18,ACGGTACCCAGACTGCCGAG,0,4458261
yagB_insX_yagA_predicted,0.05263157894736842,18,18,ACCTCATGCTGGCGCAGTTG,0,4467396
yagB_insX_yagA_predicted,0.05263157894736842,18,18,ACCCATCAGATGGTCCCACA,0,4457415
yagB_insX_yagA_predicted,0.05263157894736842,18,18,ACAAAATCAGAGCACGCTCC,0,4457327
yagB_insX_yagA_predicted,0.05263157894736842,18,18,AATAGTGAATTTTTCTCATG,0,4439260
yagB_insX_yagA_predicted,0.05263157894736842,18,18,AAGGGCCACCTAGGGCTCAT,0,4456479
yagB_insX_yagA_predicted,0.05263157894736842,18,18,AAGCACGGATGCGTAGGGCG,0,4440270
yagB_insX_yagA_predicted,0.05263157894736842,18,18,AAGATTCTCAAAGGTTGTAA,0,4457426
yagB_insX_yagA_predicted,0.05263157894736842,18,18,AACGCGCTAGACCTACACTT,0,4451558
yagB_insX_yagA_predicted,0.05263157894736842,18,18,AAATGATGCCTCCTGTGCGT,0,4456411
yagB_insX_yagA_predicted,0.05263157894736842,18,18,AAAATTCTACGTTTGGAGCC,0,4451993
yagB_insX_yagA_predicted,0.05263157894736842,18,18,AAAATAAAGTGGACGACCAG,0,4457031
yagB_insX_yagA_predicted,0.05263157894736842,18,18,AAAAAAAGGTGTTGTGTGGG,0,4457754
yagB_insX_yagA_predicted,0.05555555555555555,17,17,TTTTTCCAACGAAAAGTTCC,0,4437591
yagB_insX_yagA_predicted,0.05555555555555555,17,17,TTTTGTAATACGCGAGGCCC,0,4469650
yagB_insX_yagA_predicted,0.05555555555555555,17,17,TTTGGTCCCTCCCTGTCTTA,0,4463837
yagB_insX_yagA_predicted,0.05555555555555555,17,17,TTTACCACTTGTGCGTCGGA,0,4466685
yagB_insX_yagA_predicted,0.05555555555555555,17,17,TTGTCCCTCGGGGGGTTCAT,0,4439846
yagB_insX_yagA_predicted,0.05555555555555555,17,17,TTGTAGGAGAGTAACGACAT,0,4438810
yagB_insX_yagA_predicted,0.05555555555555555,17,17,TTGGACATGATACTGTTGGT,0,4465733
yagB_insX_yagA_predicted,0.05555555555555555,17,17,TTCCGGGTCGGTAAAAAGTC,0,4467124
yagB_insX_yagA_predicted,0.05555555555555555,17,17,TTATCAGGTTACCGAAGTAT,0,4469283
yagB_insX_yagA_predicted,0.05555555555555555,17,17,TTAGTTAGCTGCCTTCTCCG,0,4438584
yagB_insX_yagA_predicted,0.05555555555555555,17,17,TTAATCGGAACGCCTGGTAC,0,4444744
yagB_insX_yagA_predicted,0.05555555555555555,17,17,TGTTACTGTAACAAGGTTCA,0,4436286
yagB_insX_yagA_predicted,0.05555555555555555,17,17,TGGTAGATGCAGTCGCAACC,0,4437729
yagB_insX_yagA_predicted,0.05555555555555555,17,17,TGGTACTACACCCATGTTGG,0,4448433
yagB_insX_yagA_predicted,0.05555555555555555,17,17,TGGAGAGCAAGCGGGGAGAA,0,4450689
yagB_insX_yagA_predicted,0.05555555555555555,17,17,TGGACTTAAGTGCAGCGTGT,0,4454724
yagB_insX_yagA_predicted,0.05555555555555555,17,17,TGGACTAGGGTTTTGAGCAA,0,4440544
yagB_insX_yagA_predicted,0.05555555555555555,17,17,TGCGCGGGGCTATGTACCTG,0,4440520
yagB_insX_yagA_predicted,0.05555555555555555,17,17,TGCCTAGAATCTATGATTCA,0,4437518
yagB_insX_yagA_predicted,0.05555555555555555,17,17,TGCATCCCGAGTCTTGAAGT,0,4468022
yagB_insX_yagA_predicted,0.05555555555555555,17,17,TGCATCCCGACTACGGATGA,0,4468133
yagB_insX_yagA_predicted,0.05555555555555555,17,17,TGATTGCGTCAGGCTTCTTT,0,4453181
yagB_insX_yagA_predicted,0.05555555555555555,17,17,TCTTGCCGGAAAAACCTGAG,0,4436261
yagB_insX_yagA_predicted,0.05555555555555555,17,17,TCTCTTGTTCGGGTTATCTG,0,4465282
yagB_insX_yagA_predicted,0.05555555555555555,17,17,TCTCTAGATTCTACGTTGGA,0,4460866
yagB_insX_yagA_predicted,0.05555555555555555,17,17,TCGTCCCCGTACCGGTATGG,0,4439139
yagB_insX_yagA_predicted,0.05555555555555555,17,17,TCGTCAGGTAAGTTTGTAGG,0,4441206
yagB_insX_yagA_predicted,0.05555555555555555,17,17,TCGACTTACGGCCGGGCGGC,0,4440409
yagB_insX_yagA_predicted,0.05555555555555555,17,17,TCCTGTTTGCTGTTCGCCCT,0,4438292
yagB_insX_yagA_predicted,0.05555555555555555,17,17,TCCGGGAAAGGAACGTGCAA,0,4459618
yagB_insX_yagA_predicted,0.05555555555555555,17,17,TCCCGGGCGTAGATCAAGTG,0,4467658
yagB_insX_yagA_predicted,0.05555555555555555,17,17,TCATGTCGTAGATAAACGAC,0,4465180
yagB_insX_yagA_predicted,0.05555555555555555,17,17,TCATAAAAGTAAGGGCAAAG,0,4455122
yagB_insX_yagA_predicted,0.05555555555555555,17,17,TCAGTGAAAGCATGAAGAGC,0,4471982
yagB_insX_yagA_predicted,0.05555555555555555,17,17,TCACCTATGGTTAGATGGCT,0,4459462
yagB_insX_yagA_predicted,0.05555555555555555,17,17,TATGATCCTTAAGAGCTCCC,0,4472098
yagB_insX_yagA_predicted,0.05555555555555555,17,17,TATATGCACGGTCATGAGAA,0,4451815
yagB_insX_yagA_predicted,0.05555555555555555,17,17,TACAGACGGGGTTCTTGGGT,0,4449072
yagB_insX_yagA_predicted,0.05555555555555555,17,17,TACACGTGGCTGAACGTCGT,0,4444018
yagB_insX_yagA_predicted,0.05555555555555555,17,17,TAATATGCGAGCTGGGGGTC,0,4445569
yagB_insX_yagA_predicted,0.05555555555555555,17,17,TAAGTTGGGGGTGCGCGACA,0,4468474
yagB_insX_yagA_predicted,0.05555555555555555,17,17,TAAGGCTATCACAATCACTG,0,4463455
yagB_insX_yagA_predicted,0.05555555555555555,17,17,GTTTGGATCCGCACGGGTCA,0,4466451
yagB_insX_yagA_predicted,0.05555555555555555,17,17,GTTTCAAGCGTGACGCCTTT,0,4470865
yagB_insX_yagA_predicted,0.05555555555555555,17,17,GTTGAGATTTGTAAAATCTT,0,4455092
yagB_insX_yagA_predicted,0.05555555555555555,17,17,GTTCGGTGTAAGTCACTACG,0,4458375
yagB_insX_yagA_predicted,0.05555555555555555,17,17,GTTAGTGAGGGAAGCTAATT,0,4465754
yagB_insX_yagA_predicted,0.05555555555555555,17,17,GTTACGTCATGACAGACTCC,0,4441910
yagB_insX_yagA_predicted,0.05555555555555555,17,17,GTGTGCGGTGCAATCATGCA,0,4450969
yagB_insX_yagA_predicted,0.05555555555555555,17,17,GTGGTTGACGCGAGAGCGAG,0,4472006
yagB_insX_yagA_predicted,0.05555555555555555,17,17,GTGGCCCGCTGTTTGTGTCA,0,4451532
yagB_insX_yagA_predicted,0.05555555555555555,17,17,GTGCGGACAGAGTCAGAGTG,0,4443844
yagB_insX_yagA_predicted,0.05555555555555555,17,17,GTGATGGTACAGAAGTCTCG,0,4467890
yagB_insX_yagA_predicted,0.05555555555555555,17,17,GTGAGGCTTTTCGTGCATAC,0,4460912
yagB_insX_yagA_predicted,0.05555555555555555,17,17,GTCGCGTTTTGGCACAAGCA,0,4446913
yagB_insX_yagA_predicted,0.05555555555555555,17,17,GTCCCTATAACCGACACAAC,0,4446637
yagB_insX_yagA_predicted,0.05555555555555555,17,17,GTCCCGTATACTTGACAGCG,0,4460878
yagB_insX_yagA_predicted,0.05555555555555555,17,17,GTAATCGGATGGGCGCGCGC,0,4460288
yagB_insX_yagA_predicted,0.05555555555555555,17,17,GGTTTACTGAGGCTCCCTCT,0,4436947
yagB_insX_yagA_predicted,0.05555555555555555,17,17,GGTTAAGGTCCTGGGCACTG,0,4462038
yagB_insX_yagA_predicted,0.05555555555555555,17,17,GGTCTGAGGCACGACTACAT,0,4439219
yagB_insX_yagA_predicted,0.05555555555555555,17,17,GGTCGAGGCCTGGGACGAGT,0,4441166
yagB_insX_yagA_predicted,0.05555555555555555,17,17,GGGTTCCGGCCACTCCCGAC,0,4465320
yagB_insX_yagA_predicted,0.05555555555555555,17,17,GGGTGGCACCGATCACCAGG,0,4450959
yagB_insX_yagA_predicted,0.05555555555555555,17,17,GGGGCCACCTCGTCTATTGA,0,4465958
yagB_insX_yagA_predicted,0.05555555555555555,17,17,GGGCTTTTACCATCTGTCAT,0,4451427
yagB_insX_yagA_predicted,0.05555555555555555,17,17,GGGCTAGGTGAGCGGGCGCT,0,4456643
yagB_insX_yagA_predicted,0.05555555555555555,17,17,GGGCACTTATTGAGGTGATA,0,4450991
yagB_insX_yagA_predicted,0.05555555555555555,17,17,GGGAGTACTAACAATGGAAT,0,4436972
yagB_insX_yagA_predicted,0.05555555555555555,17,17,GGCTTACTTACTGCGCTGTC,0,4444475
yagB_insX_yagA_predicted,0.05555555555555555,17,17,GGCTTAAAGGGCTAACCTAG,0,4438340
yagB_insX_yagA_predicted,0.05555555555555555,17,17,GGCTAATGGGTGTACGCTGC,0,4439218
yagB_insX_yagA_predicted,0.05555555555555555,17,17,GGCCGCCCAGCACTGCAGGC,0,4470491
yagB_insX_yagA_predicted,0.05555555555555555,17,17,GGCCCGATACGCGCAACGAG,0,4436415
yagB_insX_yagA_predicted,0.05555555555555555,17,17,GGATTTGCGAACACGCAGTT,0,4471528
yagB_insX_yagA_predicted,0.05555555555555555,17,17,GGATCAAGTGATCATTATGA,0,4447144
yagB_insX_yagA_predicted,0.05555555555555555,17,17,GGAATCGTTCGGCGTCTCAT,0,4462369
yagB_insX_yagA_predicted,0.05555555555555555,17,17,GCTTTTTGCTCACCAGATTA,0,4436709
yagB_insX_yagA_predicted,0.05555555555555555,17,17,GCTCCCTGTAGATGAAGAAA,0,4468991
yagB_insX_yagA_predicted,0.05555555555555555,17,17,GCGGTGGTGTCACCTCCCCG,0,4448491
yagB_insX_yagA_predicted,0.05555555555555555,17,17,GCGGGTCCCGGCCGGAAGAT,0,4465659
yagB_insX_yagA_predicted,0.05555555555555555,17,17,GCGGCTATGGAGTGTAATCT,0,4453478
yagB_insX_yagA_predicted,0.05555555555555555,17,17,GCGCGAGCTGCAGCGTGTTC,0,4465774
yagB_insX_yagA_predicted,0.05555555555555555,17,17,GCATAGTTCTTCAATCCATA,0,4455137
yagB_insX_yagA_predicted,0.05555555555555555,17,17,GCATAGACAAACGATAGTCT,0,4470832
yagB_insX_yagA_predicted,0.05555555555555555,17,17,GCACTGCCAGGACCGGGTGA,0,4470607
yagB_insX_yagA_predicted,0.05555555555555555,17,17,GCAAGGACAGTCCGGCCTCA,0,4452625
yagB_insX_yagA_predicted,0.05555555555555555,17,17,GATTGTCCTTGCTGTTTGCG,0,4441929
yagB_insX_yagA_predicted,0.05555555555555555,17,17,GATTGGTTTTGGGTTCAGGA,0,4458069
yagB_insX_yagA_predicted,0.05555555555555555,17,17,GAGAGTCATTCGCCTATGCA,0,4462827
yagB_insX_yagA_predicted,0.05555555555555555,17,17,GAAGTATCCAATTCAAATCG,0,4436444
yagB_insX_yagA_predicted,0.05555555555555555,17,17,GAAGATCAAATGAGATCGAG,0,4458560
yagB_insX_yagA_predicted,0.05555555555555555,17,17,GAACTAGACAGGCCTGCACT,0,4466586
yagB_insX_yagA_predicted,0.05555555555555555,17,17,GAACGTAGAGCATGCGTCAA,0,4436214
yagB_insX_yagA_predicted,0.05555555555555555,17,17,CTTTGGATAAGTAAAGGCTA,0,4454403
yagB_insX_yagA_predicted,0.05555555555555555,17,17,CTTTGCGGACCTGAGTTTCA,0,4458374
yagB_insX_yagA_predicted,0.05555555555555555,17,17,CTTCGCGTGCAGTGGGCGGT,0,4446282
yagB_insX_yagA_predicted,0.05555555555555555,17,17,CTTATAACGCTACGCGTGTA,0,4445570
yagB_insX_yagA_predicted,0.05555555555555555,17,17,CTGCTGGCTATCGGTGCCCA,0,4450201
yagB_insX_yagA_predicted,0.05555555555555555,17,17,CTGCTCCATGCGAGACGGGA,0,4466192
yagB_insX_yagA_predicted,0.05555555555555555,17,17,CTGCTAACTAAATAGGTGGC,0,4465261
yagB_insX_yagA_predicted,0.05555555555555555,17,17,CTGCAACGACTGGTGGTAGA,0,4440594
yagB_insX_yagA_predicted,0.05555555555555555,17,17,CTGATACCAAGACTGTAAAC,0,4459825
yagB_insX_yagA_predicted,0.05555555555555555,17,17,CTCTGTACTACGATATCAAG,0,4458856
yagB_insX_yagA_predicted,0.05555555555555555,17,17,CTCCCCAGTTGCCCCGCAGC,0,4454816
yagB_insX_yagA_predicted,0.05555555555555555,17,17,CTCACATTTAGAGGTTAAAT,0,4442772
yagB_insX_yagA_predicted,0.05555555555555555,17,17,CTAGGGGTCTGTTAGCTGGT,0,4437762
yagB_insX_yagA_predicted,0.05555555555555555,17,17,CTAATTGAATCCAAGGGGTA,0,4462630
yagB_insX_yagA_predicted,0.05555555555555555,17,17,CGTTCGCTCGGCTGGCGTGT,0,4436268
yagB_insX_yagA_predicted,0.05555555555555555,17,17,CGTGTTTCAACTTGATTGAG,0,4451383
yagB_insX_yagA_predicted,0.05555555555555555,17,17,CGTGAGCTGCTATGTGTGCT,0,4442308
yagB_insX_yagA_predicted,0.05555555555555555,17,17,CGTCACCTTGTACACCAATG,0,4449685
yagB_insX_yagA_predicted,0.05555555555555555,17,17,CGTAACTCCCGTGTTATCCT,0,4452682
yagB_insX_yagA_predicted,0.05555555555555555,17,17,CGGTCCACGGCTCCCCAAAT,0,4440358
yagB_insX_yagA_predicted,0.05555555555555555,17,17,CGGGAGAAAAGTGTAGGAAA,0,4463337
yagB_insX_yagA_predicted,0.05555555555555555,17,17,CGGCTTTCTATCATTGCAAG,0,4440512
yagB_insX_yagA_predicted,0.05555555555555555,17,17,CGGATCCCACTGCGGGGGGC,0,4452349
yagB_insX_yagA_predicted,0.05555555555555555,17,17,CGGAGTTGCCATTCAGCAAT,0,4440518
yagB_insX_yagA_predicted,0.05555555555555555,17,17,CGGAAAACAGCGTATGTAAC,0,4452867
yagB_insX_yagA_predicted,0.05555555555555555,17,17,CGCTGGAACGCACTCGCTAT,0,4466872
yagB_insX_yagA_predicted,0.05555555555555555,17,17,CGCGCCGTAGCTGAGCGGTA,0,4437663
yagB_insX_yagA_predicted,0.05555555555555555,17,17,CGCATTATGGACCTCAGGGG,0,4439796
yagB_insX_yagA_predicted,0.05555555555555555,17,17,CGCAGAACATCCATTGACAT,0,4446720
yagB_insX_yagA_predicted,0.05555555555555555,17,17,CGACGCATGTCGTTAACGGT,0,4436730
yagB_insX_yagA_predicted,0.05555555555555555,17,17,CGACACAAATGGTTCTGTTT,0,4462150
yagB_insX_yagA_predicted,0.05555555555555555,17,17,CGAAGTTCGCCAAGGTATAA,0,4442968
yagB_insX_yagA_predicted,0.05555555555555555,17,17,CGAAATGCGGCATATCTATA,0,4456853
yagB_insX_yagA_predicted,0.05555555555555555,17,17,CCTTAACCCCAAGTGTCAAT,0,4450515
yagB_insX_yagA_predicted,0.05555555555555555,17,17,CCTGCCAGTATTAGTGCGGA,0,4447528
yagB_insX_yagA_predicted,0.05555555555555555,17,17,CCGTAGTTAGGTACTACACA,0,4466511
yagB_insX_yagA_predicted,0.05555555555555555,17,17,CCGAGAAGTAGGCCGCCTTA,0,4453583
yagB_insX_yagA_predicted,0.05555555555555555,17,17,CCGAGAAAGGAAACGATGTG,0,4465257
yagB_insX_yagA_predicted,0.05555555555555555,17,17,CCGAATTTAACAGTGACTAG,0,4449291
yagB_insX_yagA_predicted,0.05555555555555555,17,17,CCCGCCTGCAATGGCAACCC,0,4455682
yagB_insX_yagA_predicted,0.05555555555555555,17,17,CCCCACCGGTGAGGACCCTG,0,4465888
yagB_insX_yagA_predicted,0.05555555555555555,17,17,CCCCAAGAGTCGTAGTTTCC,0,4445256
yagB_insX_yagA_predicted,0.05555555555555555,17,17,CCATCCTCGGTTTTCGGTTA,0,4466921
yagB_insX_yagA_predicted,0.05555555555555555,17,17,CCAGTGTGCACACGCACTTA,0,4447796
yagB_insX_yagA_predicted,0.05555555555555555,17,17,CCACAAAACGCAAATGCCGC,0,4446818
yagB_insX_yagA_predicted,0.05555555555555555,17,17,CCAACGGTCCAAATCAATTA,0,4456737
yagB_insX_yagA_predicted,0.05555555555555555,17,17,CATTTCATAGGAGCATGTGT,0,4458141
yagB_insX_yagA_predicted,0.05555555555555555,17,17,CATTTCAGCTCTGCGCCATT,0,4436250
yagB_insX_yagA_predicted,0.05555555555555555,17,17,CATTAACCGTCCGGGGCCAT,0,4470431
yagB_insX_yagA_predicted,0.05555555555555555,17,17,CATGGCCATTCTTGATCGAG,0,4472189
yagB_insX_yagA_predicted,0.05555555555555555,17,17,CATGACTCTGCAATTGGAGA,0,4465949
yagB_insX_yagA_predicted,0.05555555555555555,17,17,CATATAGTTGCCGATGAGTA,0,4437223
yagB_insX_yagA_predicted,0.05555555555555555,17,17,CATATAAAAACGTAGAGTGG,0,4462457
yagB_insX_yagA_predicted,0.05555555555555555,17,17,CAGGTCAACGTCATGTGCTT,0,4444617
yagB_insX_yagA_predicted,0.05555555555555555,17,17,CAGCCAAGGGCCAAAGTAAC,0,4458345
yagB_insX_yagA_predicted,0.05555555555555555,17,17,CACTCTTGGAGTCACATGTA,0,4456774
yagB_insX_yagA_predicted,0.05555555555555555,17,17,CACCCTAGGCTGACCACATG,0,4442904
yagB_insX_yagA_predicted,0.05555555555555555,17,17,CACAATTGGTTAGGTTAGGT,0,4465957
yagB_insX_yagA_predicted,0.05555555555555555,17,17,CAAGTTCGCCAGTTTTCGAC,0,4466959
yagB_insX_yagA_predicted,0.05555555555555555,17,17,CAAGGGACTGCGCGAGTGTT,0,4436517
yagB_insX_yagA_predicted,0.05555555555555555,17,17,CAAGAGGTCGTACGGAACAG,0,4453554
yagB_insX_yagA_predicted,0.05555555555555555,17,17,CAACCGTAGAAGCTTCCCAT,0,4441864
yagB_insX_yagA_predicted,0.05555555555555555,17,17,CAACAGGCATCGCCCGGAGT,0,4444029
yagB_insX_yagA_predicted,0.05555555555555555,17,17,CAAAGCATGTATTATCGATA,0,4470012
yagB_insX_yagA_predicted,0.05555555555555555,17,17,ATTCGTGGCGGGTAGAAAGT,0,4470010
yagB_insX_yagA_predicted,0.05555555555555555,17,17,ATTCAGCTAGTTTCTTACAT,0,4471023
yagB_insX_yagA_predicted,0.05555555555555555,17,17,ATGTCATTGGACTCTGGCGC,0,4468386
yagB_insX_yagA_predicted,0.05555555555555555,17,17,ATGGTGCGTTCTAGGATGAA,0,4453757
yagB_insX_yagA_predicted,0.05555555555555555,17,17,ATGGAGTCTTACCCCTACGG,0,4460412
yagB_insX_yagA_predicted,0.05555555555555555,17,17,ATGATGTCTTTTCTCAGGCA,0,4455485
yagB_insX_yagA_predicted,0.05555555555555555,17,17,ATCGTACCATTCCGCATTCA,0,4461219
yagB_insX_yagA_predicted,0.05555555555555555,17,17,ATCGATTGTTAACAAGAGCT,0,4440932
yagB_insX_yagA_predicted,0.05555555555555555,17,17,ATCGAATTTAGCGTAAAGCG,0,4457286
yagB_insX_yagA_predicted,0.05555555555555555,17,17,ATCACCGCAAGCTAATGAAA,0,4450214
yagB_insX_yagA_predicted,0.05555555555555555,17,17,ATATTACGCATTGGCGGACC,0,4466228
yagB_insX_yagA_predicted,0.05555555555555555,17,17,ATATATGCGGCTCCGAATCA,0,4470821
yagB_insX_yagA_predicted,0.05555555555555555,17,17,ATAGTGCCACGGTCGGTCGG,0,4466218
yagB_insX_yagA_predicted,0.05555555555555555,17,17,ATAGACTAGAGAAGCCTCCA,0,4457140
yagB_insX_yagA_predicted,0.05555555555555555,17,17,AGTTTATGCTTATACGAGTG,0,4442922
yagB_insX_yagA_predicted,0.05555555555555555,17,17,AGTTAATGTGGGCGAGCACT,0,4464842
yagB_insX_yagA_predicted,0.05555555555555555,17,17,AGTTAAGACAAAGCGATGTC,0,4443721
yagB_insX_yagA_predicted,0.05555555555555555,17,17,AGTGGTTGCTTCCTCGTGCT,0,4453321
yagB_insX_yagA_predicted,0.05555555555555555,17,17,AGTGGTCGCCTGCTCTAGAT,0,4440955
yagB_insX_yagA_predicted,0.05555555555555555,17,17,AGTAAGCTAATCAATTAGGG,0,4456839
yagB_insX_yagA_predicted,0.05555555555555555,17,17,AGGGGAGTTCTTTCCCTTGG,0,4468200
yagB_insX_yagA_predicted,0.05555555555555555,17,17,AGGCGGTCCTAGGTAGCGCT,0,4451093
yagB_insX_yagA_predicted,0.05555555555555555,17,17,AGCTCTGCGAAGATGAACCT,0,4459047
yagB_insX_yagA_predicted,0.05555555555555555,17,17,AGCGCTTCGCATGCGAATAG,0,4457376
yagB_insX_yagA_predicted,0.05555555555555555,17,17,AGATATAGGCTTACAGATTG,0,4438957
yagB_insX_yagA_predicted,0.05555555555555555,17,17,AGAGTATTTGATCTAAGGTC,0,4457867
yagB_insX_yagA_predicted,0.05555555555555555,17,17,AGAGCCTCGAATGGCGAAAA,0,4472284
yagB_insX_yagA_predicted,0.05555555555555555,17,17,AGACTTTGGTCGGTTGAAAC,0,4462051
yagB_insX_yagA_predicted,0.05555555555555555,17,17,AGAATGCTTTACGCGTCTCT,0,4445895
yagB_insX_yagA_predicted,0.05555555555555555,17,17,AGAATACTCGTCAGTAATAA,0,4444162
yagB_insX_yagA_predicted,0.05555555555555555,17,17,ACTTGGGGCTCACAGATATC,0,4442217
yagB_insX_yagA_predicted,0.05555555555555555,17,17,ACTCACCCTATAATCGCTTG,0,4469029
yagB_insX_yagA_predicted,0.05555555555555555,17,17,ACTATGCAGCGCATCCGAGA,0,4463538
yagB_insX_yagA_predicted,0.05555555555555555,17,17,ACGGGAATTCTAGATTATGT,0,4452816
yagB_insX_yagA_predicted,0.05555555555555555,17,17,ACGAGGAAAAACATGATGGG,0,4461500
yagB_insX_yagA_predicted,0.05555555555555555,17,17,ACGACGTGCCAGTCTTGGTG,0,4449454
yagB_insX_yagA_predicted,0.05555555555555555,17,17,ACCTGTATGAGGCTTACCGT,0,4459017
yagB_insX_yagA_predicted,0.05555555555555555,17,17,ACATATGGCACTACGTGCAT,0,4444992
yagB_insX_yagA_predicted,0.05555555555555555,17,17,AATGGTTACTGAAATGCGTG,0,4465706
yagB_insX_yagA_predicted,0.05555555555555555,17,17,AATAACGCTTGCATACTATA,0,4442315
yagB_insX_yagA_predicted,0.05555555555555555,17,17,AAGGGCGGCGTAGGAAACGG,0,4468225
yagB_insX_yagA_predicted,0.05555555555555555,17,17,AAGAAAGCAAACCGGTTTTT,0,4452325
yagB_insX_yagA_predicted,0.05555555555555555,17,17,AACTTCGCTATAGAGGGCAT,0,4443897
yagB_insX_yagA_predicted,0.05555555555555555,17,17,AACGCTCTCTTTCCATAGTG,0,4437608
yagB_insX_yagA_predicted,0.05555555555555555,17,17,AACGAATGTTTTCCGCAGCC,0,4453434
yagB_insX_yagA_predicted,0.05555555555555555,17,17,AACCTGTTAGTCTTTCTTGT,0,4457565
yagB_insX_yagA_predicted,0.05555555555555555,17,17,AACCAACAATGGCCGTGAAC,0,4440245
yagB_insX_yagA_predicted,0.05555555555555555,17,17,AAATGACTTCAAAAGAGCAG,0,4454567
yagB_insX_yagA_predicted,0.05555555555555555,17,17,AAATCCTTTCATATTTGAGC,0,4438594
yagB_insX_yagA_predicted,0.05555555555555555,17,17,AAAGAGCGTTTTCGTTTCTA,0,4454310
yagB_insX_yagA_predicted,0.05555555555555555,17,17,AAACGAGATCATTACAGGAT,0,4463662
yagB_insX_yagA_predicted,0.05555555555555555,17,17,AAAACTTAGACAACGGGGCG,0,4447145
yagB_insX_yagA_predicted,0.05555555555555555,17,17,AAAAATCGACGCAATGGTAT,0,4436287
yagB_insX_yagA_predicted,0.058823529411764705,16,16,TTTGTCGTGGCCATCCGCTA,0,4462706
yagB_insX_yagA_predicted,0.058823529411764705,16,16,TTTATGATGCGCGATCCACG,0,4456579
yagB_insX_yagA_predicted,0.058823529411764705,16,16,TTGTCTATCTCGAGGACGCG,0,4455508
yagB_insX_yagA_predicted,0.058823529411764705,16,16,TTGCGATCAGGGCCACTTCT,0,4444604
yagB_insX_yagA_predicted,0.058823529411764705,16,16,TTGCAAAAGTCTTGGTACTA,0,4461751
yagB_insX_yagA_predicted,0.058823529411764705,16,16,TTCTCTGTCGTCGGAAGAAT,0,4457134
yagB_insX_yagA_predicted,0.058823529411764705,16,16,TTCAGCTAGTAGCTGCGGTA,0,4436382
yagB_insX_yagA_predicted,0.058823529411764705,16,16,TTATGGCAGGATTTAGGGGA,0,4466282
yagB_insX_yagA_predicted,0.058823529411764705,16,16,TTATAGCGTCGGAAGTCTGT,0,4452900
yagB_insX_yagA_predicted,0.058823529411764705,16,16,TTACCGTTCATGCGCACGTG,0,4441668
yagB_insX_yagA_predicted,0.058823529411764705,16,16,TGTTACAGCAGAGGGATTCA,0,4454592
yagB_insX_yagA_predicted,0.058823529411764705,16,16,TGTGGCATATGATAGGCTGT,0,4468905
yagB_insX_yagA_predicted,0.058823529411764705,16,16,TGTACAAAATCGAGGGAGGG,0,4447035
yagB_insX_yagA_predicted,0.058823529411764705,16,16,TGGTATTGATTATCCTGATT,0,4444371
yagB_insX_yagA_predicted,0.058823529411764705,16,16,TGGATAAATGTGCATTTTCA,0,4467808
yagB_insX_yagA_predicted,0.058823529411764705,16,16,TGCTTAAGGACGGTCGCGAT,0,4466981
yagB_insX_yagA_predicted,0.058823529411764705,16,16,TGCTCGATTGCTCTAAGGAG,0,4469775
yagB_insX_yagA_predicted,0.058823529411764705,16,16,TGCCTGATGTATTCACCTGT,0,4440250
yagB_insX_yagA_predicted,0.058823529411764705,16,16,TGCAACGTCATCGTGGCCCT,0,4451403
yagB_insX_yagA_predicted,0.058823529411764705,16,16,TGACCTGCGCACTAGGAGAT,0,4467780
yagB_insX_yagA_predicted,0.058823529411764705,16,16,TCTGTTACTACTCTGGTTAT,0,4446870
yagB_insX_yagA_predicted,0.058823529411764705,16,16,TCTGTCGATGAAGATGGATT,0,4441886
yagB_insX_yagA_predicted,0.058823529411764705,16,16,TCTGGGGATAAGGTAACAGA,0,4453920
yagB_insX_yagA_predicted,0.058823529411764705,16,16,TCGTCCAGACCTATTTATGA,0,4447016
yagB_insX_yagA_predicted,0.058823529411764705,16,16,TCGTATTTAATCGCGGCTGC,0,4438322
yagB_insX_yagA_predicted,0.058823529411764705,16,16,TCCCAGGACCTTGACCGGCT,0,4438815
yagB_insX_yagA_predicted,0.058823529411764705,16,16,TCAGGTTCGCAGTCATCAGA,0,4441936
yagB_insX_yagA_predicted,0.058823529411764705,16,16,TCACTCTAGAATGTCTGTAT,0,4453671
yagB_insX_yagA_predicted,0.058823529411764705,16,16,TCACATGTTAGATAGACCGT,0,4442706
yagB_insX_yagA_predicted,0.058823529411764705,16,16,TCAAATACAACTGATATGGG,0,4442558
yagB_insX_yagA_predicted,0.058823529411764705,16,16,TCAAAGCGGAGGAGACAGAT,0,4446290
yagB_insX_yagA_predicted,0.058823529411764705,16,16,TCAAAAAAAATTCATAGTCA,0,4447679
yagB_insX_yagA_predicted,0.058823529411764705,16,16,TATCAGTATCGTGCACGGCC,0,4442059
yagB_insX_yagA_predicted,0.058823529411764705,16,16,TAGGAGGAAGTTCGCAAGTG,0,4450882
yagB_insX_yagA_predicted,0.058823529411764705,16,16,TAGGACAATGTTTAGTACAA,0,4463988
yagB_insX_yagA_predicted,0.058823529411764705,16,16,TAGATGATCTAGTGGGCACG,0,4465696
yagB_insX_yagA_predicted,0.058823529411764705,16,16,TAGAGTCTGCATGCCTATCG,0,4438661
yagB_insX_yagA_predicted,0.058823529411764705,16,16,TACCTCCTCCGGGTTCATAC,0,4441517
yagB_insX_yagA_predicted,0.058823529411764705,16,16,TACAGCGGGGTGGGGTCCAA,0,4449076
yagB_insX_yagA_predicted,0.058823529411764705,16,16,TAACGCCGCACTGATGCCTA,0,4451819
yagB_insX_yagA_predicted,0.058823529411764705,16,16,TAACAGGCGCATTAGTACAA,0,4453204
yagB_insX_yagA_predicted,0.058823529411764705,16,16,GTTCCGTGCGGCTAGAAGTT,0,4449819
yagB_insX_yagA_predicted,0.058823529411764705,16,16,GTGTGAGAATGCGCAGGTTG,0,4460616
yagB_insX_yagA_predicted,0.058823529411764705,16,16,GTGGTTCTGTAACTGGTGAT,0,4445619
yagB_insX_yagA_predicted,0.058823529411764705,16,16,GTGCGAGGGATTTAATTCAC,0,4452913
yagB_insX_yagA_predicted,0.058823529411764705,16,16,GTGCCGGCATTAGGGATCCC,0,4441618
yagB_insX_yagA_predicted,0.058823529411764705,16,16,GTGATTGAGATGTCTACTTT,0,4461249
yagB_insX_yagA_predicted,0.058823529411764705,16,16,GTGAATAGCCGACTCCGGGT,0,4466281
yagB_insX_yagA_predicted,0.058823529411764705,16,16,GTGAAGACCGGGGCGGGTCA,0,4440488
yagB_insX_yagA_predicted,0.058823529411764705,16,16,GTCGTACGACCTGTAAGTAA,0,4467398
yagB_insX_yagA_predicted,0.058823529411764705,16,16,GTCGGTGTTCGCCGTGACCC,0,4454185
yagB_insX_yagA_predicted,0.058823529411764705,16,16,GTCCGTCACAGCCTCTACGG,0,4450514
yagB_insX_yagA_predicted,0.058823529411764705,16,16,GTATTCTGTTTGACGGACTT,0,4444957
yagB_insX_yagA_predicted,0.058823529411764705,16,16,GTATAGAACCCATTGCACTA,0,4445438
yagB_insX_yagA_predicted,0.058823529411764705,16,16,GTAGTAAAGACTGGTAAACA,0,4460445
yagB_insX_yagA_predicted,0.058823529411764705,16,16,GTAAGCCCGTTTACCGTAAT,0,4459680
yagB_insX_yagA_predicted,0.058823529411764705,16,16,GTAACACCTGTGAGGTCATA,0,4444996
yagB_insX_yagA_predicted,0.058823529411764705,16,16,GGTTCTTATCAATAGGCCAT,0,4463592
yagB_insX_yagA_predicted,0.058823529411764705,16,16,GGTTCATGGCTAAAATCTTT,0,4455416
yagB_insX_yagA_predicted,0.058823529411764705,16,16,GGTGTTCCACAATTATCGAT,0,4467306
yagB_insX_yagA_predicted,0.058823529411764705,16,16,GGTCGAACCGCGCGCGGGTT,0,4441308
yagB_insX_yagA_predicted,0.058823529411764705,16,16,GGTACTTCGGAAAAAGAGTA,0,4463182
yagB_insX_yagA_predicted,0.058823529411764705,16,16,GGGTATTATACCGGTATATT,0,4441842
yagB_insX_yagA_predicted,0.058823529411764705,16,16,GGGCTCTGTAAACTTCACAA,0,4471590
yagB_insX_yagA_predicted,0.058823529411764705,16,16,GGGCATTCCGGAGTCAAATA,0,4471473
yagB_insX_yagA_predicted,0.058823529411764705,16,16,GGGAGGATTTAGCCAGCAGG,0,4466475
yagB_insX_yagA_predicted,0.058823529411764705,16,16,GGCTCTGCGTACTCATAGTT,0,4462890
yagB_insX_yagA_predicted,0.058823529411764705,16,16,GGCCGGAGGCTTTAAGAAGG,0,4441727
yagB_insX_yagA_predicted,0.058823529411764705,16,16,GGCCAAGGCCATCTCTTGGT,0,4449622
yagB_insX_yagA_predicted,0.058823529411764705,16,16,GGATCTCATACAAACCAGCA,0,4442881
yagB_insX_yagA_predicted,0.058823529411764705,16,16,GGAGCTGGAGTGATAGAAAC,0,4458160
yagB_insX_yagA_predicted,0.058823529411764705,16,16,GGAATCAGGAATCTTTTTCA,0,4444423
yagB_insX_yagA_predicted,0.058823529411764705,16,16,GGAAGGCCCTGAGAAGTGCT,0,4460625
yagB_insX_yagA_predicted,0.058823529411764705,16,16,GGAACCCTGGACACAGATCT,0,4456284
yagB_insX_yagA_predicted,0.058823529411764705,16,16,GCTTCGCCCATACAACTTCG,0,4459218
yagB_insX_yagA_predicted,0.058823529411764705,16,16,GCTGTTAGGCTTTTGCACCC,0,4446623
yagB_insX_yagA_predicted,0.058823529411764705,16,16,GCTGCTGACCACGTAGCAAG,0,4438647
yagB_insX_yagA_predicted,0.058823529411764705,16,16,GCGGGCGTGGAGTATCGGCC,0,4465925
yagB_insX_yagA_predicted,0.058823529411764705,16,16,GCGCCCGGGCTAAATATAAT,0,4459205
yagB_insX_yagA_predicted,0.058823529411764705,16,16,GCGCCACTGCACGGGCAGGA,0,4460806
yagB_insX_yagA_predicted,0.058823529411764705,16,16,GCGCATACTTGGCCCGAAGC,0,4455610
yagB_insX_yagA_predicted,0.058823529411764705,16,16,GCGATGTACAGAGGCCTGAA,0,4468806
yagB_insX_yagA_predicted,0.058823529411764705,16,16,GCGAGCGTTGAAAGATAACA,0,4446996
yagB_insX_yagA_predicted,0.058823529411764705,16,16,GCGAAAGACCGCATGTGCAT,0,4468117
yagB_insX_yagA_predicted,0.058823529411764705,16,16,GCCTCGGGAATCGGGATAGG,0,4465051
yagB_insX_yagA_predicted,0.058823529411764705,16,16,GCCCCAATCCGGAGGGTTCT,0,4439221
yagB_insX_yagA_predicted,0.058823529411764705,16,16,GCAATAACGTGGGATATCTC,0,4460270
yagB_insX_yagA_predicted,0.058823529411764705,16,16,GATTGGGGAGTATGTATGTC,0,4454656
yagB_insX_yagA_predicted,0.058823529411764705,16,16,GATTAGTGCGGCTAGACCCG,0,4447812
yagB_insX_yagA_predicted,0.058823529411764705,16,16,GATGTTGTGGTGGGGGTTCG,0,4439103
yagB_insX_yagA_predicted,0.058823529411764705,16,16,GATAGAGGGTGAACAGCGAA,0,4470714
yagB_insX_yagA_predicted,0.058823529411764705,16,16,GATACCCACCTGCTAGAGCA,0,4456965
yagB_insX_yagA_predicted,0.058823529411764705,16,16,GACGGACTGCTACCCCTGAC,0,4464884
yagB_insX_yagA_predicted,0.058823529411764705,16,16,GACCGGCGTCATTCGATACC,0,4438809
yagB_insX_yagA_predicted,0.058823529411764705,16,16,GACATATCTTGAGTCATAAA,0,4448489
yagB_insX_yagA_predicted,0.058823529411764705,16,16,GACACCGCCTGGGGCCTAGA,0,4442954
yagB_insX_yagA_predicted,0.058823529411764705,16,16,GAATGCAGAGCATTGTCAGT,0,4460679
yagB_insX_yagA_predicted,0.058823529411764705,16,16,GAACGAAAGCGCACGAGGCT,0,4435977
yagB_insX_yagA_predicted,0.058823529411764705,16,16,GAACATGCGGGAATATAGCA,0,4438862
yagB_insX_yagA_predicted,0.058823529411764705,16,16,GAAACTGCGGGTAGTCAGTA,0,4471155
yagB_insX_yagA_predicted,0.058823529411764705,16,16,GAAACCGAATGTTCCACATC,0,4450655
yagB_insX_yagA_predicted,0.058823529411764705,16,16,GAAACAATCGGTGTGCTTAT,0,4467012
yagB_insX_yagA_predicted,0.058823529411764705,16,16,CTTGTTAAATTACACCTACT,0,4459219
yagB_insX_yagA_predicted,0.058823529411764705,16,16,CTTGTCACACGCCATTGCGG,0,4459502
yagB_insX_yagA_predicted,0.058823529411764705,16,16,CTTGAACTCATGTTGTTTAT,0,4449081
yagB_insX_yagA_predicted,0.058823529411764705,16,16,CTGTATACATCCTTGCCGAT,0,4464621
yagB_insX_yagA_predicted,0.058823529411764705,16,16,CTGGGTGCATTGATCGTTTC,0,4454502
yagB_insX_yagA_predicted,0.058823529411764705,16,16,CTGGAAGGAGCGAGGGGTCC,0,4455365
yagB_insX_yagA_predicted,0.058823529411764705,16,16,CTGCTATACGTTAAGACCGT,0,4447703
yagB_insX_yagA_predicted,0.058823529411764705,16,16,CTCTGTGTAGCTACGGATGT,0,4467504
yagB_insX_yagA_predicted,0.058823529411764705,16,16,CTCTCCCCTGTCAACCGGTC,0,4437489
yagB_insX_yagA_predicted,0.058823529411764705,16,16,CTCGTGAGAAGAGAACGAAC,0,4452435
yagB_insX_yagA_predicted,0.058823529411764705,16,16,CTCGCTCTTGAGTTTTGGTT,0,4469313
yagB_insX_yagA_predicted,0.058823529411764705,16,16,CTCCTTTAAAAGTTATACGG,0,4450927
yagB_insX_yagA_predicted,0.058823529411764705,16,16,CTCCCAATTCAATAAGGGCA,0,4444523
yagB_insX_yagA_predicted,0.058823529411764705,16,16,CTCATGAGCAGCCCTTAACC,0,4444527
yagB_insX_yagA_predicted,0.058823529411764705,16,16,CTCAGGTAATTCAGTATGCC,0,4447765
yagB_insX_yagA_predicted,0.058823529411764705,16,16,CTCACGTGCTGGCAACGGTC,0,4468310
yagB_insX_yagA_predicted,0.058823529411764705,16,16,CTATGCTTACACTACATTAG,0,4465609
yagB_insX_yagA_predicted,0.058823529411764705,16,16,CTATGCGCGCTTGTGTCTGT,0,4463091
yagB_insX_yagA_predicted,0.058823529411764705,16,16,CTATCAAGAGCTTTCCCCAG,0,4471816
yagB_insX_yagA_predicted,0.058823529411764705,16,16,CTAGTACTTAGGCGCCCGCC,0,4442318
yagB_insX_yagA_predicted,0.058823529411764705,16,16,CTAGGTTGGAGATGCCCTAT,0,4450657
yagB_insX_yagA_predicted,0.058823529411764705,16,16,CTACGACCCATCCATCTGGG,0,4462944
yagB_insX_yagA_predicted,0.058823529411764705,16,16,CTACCGGGATATGCGGCTTA,0,4463976
yagB_insX_yagA_predicted,0.058823529411764705,16,16,CTAAGACGAATTTCCGCCTC,0,4444965
yagB_insX_yagA_predicted,0.058823529411764705,16,16,CTAACTCGATCGCCTTTGGA,0,4470120
yagB_insX_yagA_predicted,0.058823529411764705,16,16,CGTTGCGGCAGTTTAGGATT,0,4447146
yagB_insX_yagA_predicted,0.058823529411764705,16,16,CGTGGCTAATTGTTGGTAGT,0,4447857
yagB_insX_yagA_predicted,0.058823529411764705,16,16,CGTACTGTTCAAAAGCTTAG,0,4446724
yagB_insX_yagA_predicted,0.058823529411764705,16,16,CGTACTAATCAAGTGAGGGG,0,4451590
yagB_insX_yagA_predicted,0.058823529411764705,16,16,CGTAAGACGAGATACGGACT,0,4438252
yagB_insX_yagA_predicted,0.058823529411764705,16,16,CGTAAAGCACCAAATTATCG,0,4438599
yagB_insX_yagA_predicted,0.058823529411764705,16,16,CGGTTTTGTCACAACTTCTG,0,4438249
yagB_insX_yagA_predicted,0.058823529411764705,16,16,CGGGGTGACTTATGGTCATT,0,4463453
yagB_insX_yagA_predicted,0.058823529411764705,16,16,CGGCGAGAGGACATCGTTTG,0,4442129
yagB_insX_yagA_predicted,0.058823529411764705,16,16,CGCTTGTCTTGGCGAGCATG,0,4450767
yagB_insX_yagA_predicted,0.058823529411764705,16,16,CGCAAGAGCACCCCGATCCA,0,4439873
yagB_insX_yagA_predicted,0.058823529411764705,16,16,CGATCTCAAGCGGGTTTTCA,0,4455421
yagB_insX_yagA_predicted,0.058823529411764705,16,16,CGATAACCCCGCTCGCGCAA,0,4452317
yagB_insX_yagA_predicted,0.058823529411764705,16,16,CGACGACTCAGTTAAAGAAC,0,4462460
yagB_insX_yagA_predicted,0.058823529411764705,16,16,CGAAACTGCATCTTGCTTGT,0,4438046
yagB_insX_yagA_predicted,0.058823529411764705,16,16,CCTTTCATGGTCCTGCGCGT,0,4470261
yagB_insX_yagA_predicted,0.058823529411764705,16,16,CCTTGATCACCAAAAACGGG,0,4456369
yagB_insX_yagA_predicted,0.058823529411764705,16,16,CCTTCAAACGTATATTCGCT,0,4439637
yagB_insX_yagA_predicted,0.058823529411764705,16,16,CCGTGCGTTGAAATGAGTAA,0,4467014
yagB_insX_yagA_predicted,0.058823529411764705,16,16,CCGGGACTCGGCGAGATATG,0,4436798
yagB_insX_yagA_predicted,0.058823529411764705,16,16,CCGGATCCTCGAGGTGTGCC,0,4459161
yagB_insX_yagA_predicted,0.058823529411764705,16,16,CCGACGCGTCTGTCACTTTT,0,4439055
yagB_insX_yagA_predicted,0.058823529411764705,16,16,CCCTCTCTTGACTTTGGGAA,0,4469337
yagB_insX_yagA_predicted,0.058823529411764705,16,16,CCCGGCTCTTCCTAGAACTT,0,4436255
yagB_insX_yagA_predicted,0.058823529411764705,16,16,CCCGCAGGACCAGTGAGTAT,0,4453805
yagB_insX_yagA_predicted,0.058823529411764705,16,16,CCAGGAGACCGACTTAACTC,0,4461534
yagB_insX_yagA_predicted,0.058823529411764705,16,16,CCAGCGGGAGAATTTTGGTT,0,4454277
yagB_insX_yagA_predicted,0.058823529411764705,16,16,CCACGGGCACATTATCTCGC,0,4437731
yagB_insX_yagA_predicted,0.058823529411764705,16,16,CCACCTCTCTGTTATCACGA,0,4469766
yagB_insX_yagA_predicted,0.058823529411764705,16,16,CATTTCCGAACGCTTGCGGT,0,4461940
yagB_insX_yagA_predicted,0.058823529411764705,16,16,CATCCACGCCATCTCCTGAA,0,4461446
yagB_insX_yagA_predicted,0.058823529411764705,16,16,CATACATGAATCAATTTCAC,0,4467872
yagB_insX_yagA_predicted,0.058823529411764705,16,16,CAGGGACCAGACAGAGTATA,0,4465903
yagB_insX_yagA_predicted,0.058823529411764705,16,16,CACTAAGTCGTTCTTTTAAT,0,4464611
yagB_insX_yagA_predicted,0.058823529411764705,16,16,CACGTATCTGACATACGAAA,0,4442166
yagB_insX_yagA_predicted,0.058823529411764705,16,16,CACCGAAACAGGAACAGACA,0,4464982
yagB_insX_yagA_predicted,0.058823529411764705,16,16,CACAGTTTTTAAATGCGGTC,0,4459098
yagB_insX_yagA_predicted,0.058823529411764705,16,16,ATTGTAAATTGTTGAAAGCG,0,4444714
yagB_insX_yagA_predicted,0.058823529411764705,16,16,ATTACGCGCAGTCAAGTTGT,0,4450748
yagB_insX_yagA_predicted,0.058823529411764705,16,16,ATGTCGCTTTGGGGGGATGT,0,4448111
yagB_insX_yagA_predicted,0.058823529411764705,16,16,ATGTCGCGGGGTGGGTTCTG,0,4454034
yagB_insX_yagA_predicted,0.058823529411764705,16,16,ATGAGTGATGTTGTTTCGAA,0,4459659
yagB_insX_yagA_predicted,0.058823529411764705,16,16,ATGACTTTGAATTCGATCAG,0,4453505
yagB_insX_yagA_predicted,0.058823529411764705,16,16,ATCCGTAAGGGGATAAAAAT,0,4443572
yagB_insX_yagA_predicted,0.058823529411764705,16,16,ATCCCGGTATTTGTACGGCC,0,4442969
yagB_insX_yagA_predicted,0.058823529411764705,16,16,ATCAGTTAGGCCCCACATGG,0,4436252
yagB_insX_yagA_predicted,0.058823529411764705,16,16,ATCAGTGGTAAGTCAGTCAG,0,4440513
yagB_insX_yagA_predicted,0.058823529411764705,16,16,ATATGCGGCATGGATATGAA,0,4446283
yagB_insX_yagA_predicted,0.058823529411764705,16,16,ATATCGAGGTGCGGTCAATT,0,4455767
yagB_insX_yagA_predicted,0.058823529411764705,16,16,AGTTCCGTCGTTGCAGCTAT,0,4443339
yagB_insX_yagA_predicted,0.058823529411764705,16,16,AGTGTTACTCGGTTGTGCCT,0,4439979
yagB_insX_yagA_predicted,0.058823529411764705,16,16,AGTGTAAGTATATATCGTGG,0,4466122
yagB_insX_yagA_predicted,0.058823529411764705,16,16,AGTCCCTTTCAGACCGAGCA,0,4458656
yagB_insX_yagA_predicted,0.058823529411764705,16,16,AGGGGTGGGATAATATCTCG,0,4454433
yagB_insX_yagA_predicted,0.058823529411764705,16,16,AGGGGCGCGCACTTGCAGCA,0,4452592
yagB_insX_yagA_predicted,0.058823529411764705,16,16,AGGCTCCTACAGTGCAGATG,0,4451564
yagB_insX_yagA_predicted,0.058823529411764705,16,16,AGGCTAAAAGTTTCCAACAT,0,4462206
yagB_insX_yagA_predicted,0.058823529411764705,16,16,AGCTCACCTCCAATGACCGC,0,4454722
yagB_insX_yagA_predicted,0.058823529411764705,16,16,AGAGGCGATTGGTGGGAGTA,0,4447066
yagB_insX_yagA_predicted,0.058823529411764705,16,16,AGACTCCACGACTTCCGCGA,0,4467333
yagB_insX_yagA_predicted,0.058823529411764705,16,16,AGAACGTTCGAATGGAGCCT,0,4454466
yagB_insX_yagA_predicted,0.058823529411764705,16,16,ACTTTTGTAACAGGCCTCCC,0,4461517
yagB_insX_yagA_predicted,0.058823529411764705,16,16,ACTGGGCACTACGGCTGAAA,0,4468919
yagB_insX_yagA_predicted,0.058823529411764705,16,16,ACTCGCACATGTCAAATTTC,0,4442562
yagB_insX_yagA_predicted,0.058823529411764705,16,16,ACTAGGCCCAAGCTAAAGTT,0,4456911
yagB_insX_yagA_predicted,0.058823529411764705,16,16,ACGTCTGGTCAGATTAACTC,0,4462826
yagB_insX_yagA_predicted,0.058823529411764705,16,16,ACGGGCGTGAACCTCGTACC,0,4444902
yagB_insX_yagA_predicted,0.058823529411764705,16,16,ACGGAAGGGTTGGGTTGTAC,0,4458301
yagB_insX_yagA_predicted,0.058823529411764705,16,16,ACGCCACATAGGATAATCCA,0,4446846
yagB_insX_yagA_predicted,0.058823529411764705,16,16,ACGCACTCCCCCCTGCCCGA,0,4468442
yagB_insX_yagA_predicted,0.058823529411764705,16,16,ACCCCGAAAGCGCTGTACAA,0,4450183
yagB_insX_yagA_predicted,0.058823529411764705,16,16,ACATCCCCTTAGCGGACTAT,0,4468791
yagB_insX_yagA_predicted,0.058823529411764705,16,16,ACAAGATGTTTTGAGGAGTC,0,4463488
yagB_insX_yagA_predicted,0.058823529411764705,16,16,AATGGGTAGGGTACAAGTCA,0,4440603
yagB_insX_yagA_predicted,0.058823529411764705,16,16,AATGCTGGACAGAAATGGTT,0,4467946
yagB_insX_yagA_predicted,0.058823529411764705,16,16,AATCCTTGCACATATATCTG,0,4452691
yagB_insX_yagA_predicted,0.058823529411764705,16,16,AAGGCAGAGAAAACAACCAC,0,4442659
yagB_insX_yagA_predicted,0.058823529411764705,16,16,AAGGACTATCCGCCCCAAAG,0,4465442
yagB_insX_yagA_predicted,0.058823529411764705,16,16,AACTTCCGTTGGGGTGACCT,0,4450698
yagB_insX_yagA_predicted,0.058823529411764705,16,16,AACTCCCGGGTTTGGCCTGG,0,4471319
yagB_insX_yagA_predicted,0.058823529411764705,16,16,AACGAATCGGGGAGTCCATA,0,4457210
yagB_insX_yagA_predicted,0.058823529411764705,16,16,AACCCTTGGTCTGACGTCTT,0,4451615
yagB_insX_yagA_predicted,0.058823529411764705,16,16,AAATGATCAATGCCATATCA,0,4453441
yagB_insX_yagA_predicted,0.058823529411764705,16,16,AAATATCTGAGCTTATTAAT,0,4439144
yagB_insX_yagA_predicted,0.058823529411764705,16,16,AAAGTGCGTTCTGGAACGTA,0,4468934
yagB_insX_yagA_predicted,0.058823529411764705,16,16,AAAGCTTAGGCGACACGCAG,0,4471224
yagB_insX_yagA_predicted,0.058823529411764705,16,16,AAAGCCCCCCCACCATATAC,0,4457404
yagB_insX_yagA_predicted,0.058823529411764705,16,16,AAACAGCAGTACATGCATTT,0,4461087
yagB_insX_yagA_predicted,0.058823529411764705,16,16,AAACAGAGGGATCGTCACAG,0,4446083
yagB_insX_yagA_predicted,0.0625,15,15,TTTTACCACTATCTTGTAGC,0,4436017
yagB_insX_yagA_predicted,0.0625,15,15,TTTCATTTTTCAACTCTAGC,0,4461721
yagB_insX_yagA_predicted,0.0625,15,15,TTTATGATAATTCATGGTAC,0,4442768
yagB_insX_yagA_predicted,0.0625,15,15,TTTAGCTTGGACTGTTGATA,0,4446585
yagB_insX_yagA_predicted,0.0625,15,15,TTGGGAGGAGTAGACTCTTA,0,4440015
yagB_insX_yagA_predicted,0.0625,15,15,TTGCCTCTCTCGATGAGGTA,0,4446305
yagB_insX_yagA_predicted,0.0625,15,15,TTCTTCCAACCTAATTGGAC,0,4444196
yagB_insX_yagA_predicted,0.0625,15,15,TTCTGGTTTCGTGTGACCAT,0,4459101
yagB_insX_yagA_predicted,0.0625,15,15,TTCATTCCGGCACAAAGCGG,0,4465647
yagB_insX_yagA_predicted,0.0625,15,15,TTATTTAGAGGGGAATATGA,0,4466465
yagB_insX_yagA_predicted,0.0625,15,15,TTATTCTAGCGGGTATCAGA,0,4436086
yagB_insX_yagA_predicted,0.0625,15,15,TTATGACGCGATGTTAGGAG,0,4453157
yagB_insX_yagA_predicted,0.0625,15,15,TTATACGAGTTGCTGGGGGT,0,4440243
yagB_insX_yagA_predicted,0.0625,15,15,TTAGGTGCTAACTGAAATTT,0,4446196
yagB_insX_yagA_predicted,0.0625,15,15,TTAGACGCAAGTCATAAAAT,0,4445642
yagB_insX_yagA_predicted,0.0625,15,15,TTACGAGAGGCCCATGAAAA,0,4468828
yagB_insX_yagA_predicted,0.0625,15,15,TTAATCACACTTGTGCGGCA,0,4468102
yagB_insX_yagA_predicted,0.0625,15,15,TGTGCGCGATTTTCGATACT,0,4458136
yagB_insX_yagA_predicted,0.0625,15,15,TGTCTGTTCCCAGGAAATCC,0,4450391
yagB_insX_yagA_predicted,0.0625,15,15,TGTATGGGCAACCAACACGG,0,4458114
yagB_insX_yagA_predicted,0.0625,15,15,TGGTGGGGGTCATGTCCTCA,0,4441652
yagB_insX_yagA_predicted,0.0625,15,15,TGGGTTCTCTCATGAGTGAT,0,4463272
yagB_insX_yagA_predicted,0.0625,15,15,TGGGTATATTATAGCCTGGG,0,4454771
yagB_insX_yagA_predicted,0.0625,15,15,TGGGGCACTTGTGTTCTCAA,0,4458431
yagB_insX_yagA_predicted,0.0625,15,15,TGGGCCGCCGCTCGGAGGGA,0,4471522
yagB_insX_yagA_predicted,0.0625,15,15,TGGGATACTTGTCCCTTAAG,0,4447957
yagB_insX_yagA_predicted,0.0625,15,15,TGGGAGGAACGTGCGTGCAA,0,4447159
yagB_insX_yagA_predicted,0.0625,15,15,TGGCGGATGGGTGTCTTATA,0,4436623
yagB_insX_yagA_predicted,0.0625,15,15,TGCTGGTAATGCCCAATTAA,0,4439626
yagB_insX_yagA_predicted,0.0625,15,15,TGCGGTCAGATTGGTAGCTG,0,4455492
yagB_insX_yagA_predicted,0.0625,15,15,TGCGCGTCCAGTTCGAGGCA,0,4436039
yagB_insX_yagA_predicted,0.0625,15,15,TGCGCCTTTCACAGTGACCT,0,4452947
yagB_insX_yagA_predicted,0.0625,15,15,TGCCTTTGCTCACCGGGTAG,0,4437558
yagB_insX_yagA_predicted,0.0625,15,15,TGCCTGATATGTCTTACTCA,0,4466816
yagB_insX_yagA_predicted,0.0625,15,15,TGCATGTGTAGACCAGTCCC,0,4438715
yagB_insX_yagA_predicted,0.0625,15,15,TGCACGTGACATTTTCATTT,0,4460118
yagB_insX_yagA_predicted,0.0625,15,15,TGCACGTATAAAAGCGGGCA,0,4446296
yagB_insX_yagA_predicted,0.0625,15,15,TGCACCAGGGGTGGAAATGG,0,4444548
yagB_insX_yagA_predicted,0.0625,15,15,TGAGCACGTTTATTTAGGAA,0,4467474
yagB_insX_yagA_predicted,0.0625,15,15,TGAAATTAGCGGACCTATAT,0,4445550
yagB_insX_yagA_predicted,0.0625,15,15,TCTGAAGGCCCTATCAATTT,0,4451203
yagB_insX_yagA_predicted,0.0625,15,15,TCTATAAAAGGGACCGGCTA,0,4451039
yagB_insX_yagA_predicted,0.0625,15,15,TCGTCCTGACTTCGCCGTGC,0,4453186
yagB_insX_yagA_predicted,0.0625,15,15,TCCCCGTGATTTCATGTAGA,0,4463920
yagB_insX_yagA_predicted,0.0625,15,15,TCATAACGCTAGCGATCGTT,0,4435940
yagB_insX_yagA_predicted,0.0625,15,15,TCAACAAATGGCAACACACT,0,4470134
yagB_insX_yagA_predicted,0.0625,15,15,TATTGACGACCTCTTGTCAA,0,4454182
yagB_insX_yagA_predicted,0.0625,15,15,TATTGAATGCGTTCCGCGTA,0,4453405
yagB_insX_yagA_predicted,0.0625,15,15,TATTCCGAGGTAAAATTCCT,0,4458743
yagB_insX_yagA_predicted,0.0625,15,15,TATACGGATTCAATGCGGAG,0,4455138
yagB_insX_yagA_predicted,0.0625,15,15,TAGGTACGAGACGGTCAGTC,0,4461427
yagB_insX_yagA_predicted,0.0625,15,15,TAGCAGCTTATGTGCTCGTA,0,4440416
yagB_insX_yagA_predicted,0.0625,15,15,TAGATAATACATGGCATTCA,0,4469809
yagB_insX_yagA_predicted,0.0625,15,15,TAGAGATACCTGTCTCACTC,0,4456423
yagB_insX_yagA_predicted,0.0625,15,15,TAGACTCAGTTGTTCGCGCT,0,4454770
yagB_insX_yagA_predicted,0.0625,15,15,TACTTGGGCTTTCATTAACG,0,4451328
yagB_insX_yagA_predicted,0.0625,15,15,TACTCGGTCGCCAAATCGCT,0,4471251
yagB_insX_yagA_predicted,0.0625,15,15,TACCAAGCCGCTTAAGCGTT,0,4461969
yagB_insX_yagA_predicted,0.0625,15,15,TACATTGTATATGACGTGAC,0,4440240
yagB_insX_yagA_predicted,0.0625,15,15,TACAGGTACGGCACTCGGTT,0,4460392
yagB_insX_yagA_predicted,0.0625,15,15,TACAAACATGCAAGGCAGAT,0,4444034
yagB_insX_yagA_predicted,0.0625,15,15,TAATGTTTCTCACTTTGGGA,0,4467170
yagB_insX_yagA_predicted,0.0625,15,15,TAATCTCTCTTTAACGATGT,0,4452605
yagB_insX_yagA_predicted,0.0625,15,15,TAACCGTGGACCTACCTCTA,0,4439415
yagB_insX_yagA_predicted,0.0625,15,15,GTTGAATATAACATAGGGAC,0,4453259
yagB_insX_yagA_predicted,0.0625,15,15,GTTATGGGCGCGTGGGAAAA,0,4436491
yagB_insX_yagA_predicted,0.0625,15,15,GTGGTTCAGTACCGTGGATG,0,4468362
yagB_insX_yagA_predicted,0.0625,15,15,GTCTCGTTTTGCTATGCGCC,0,4438927
yagB_insX_yagA_predicted,0.0625,15,15,GTCCCGGCAGTACAAGTTTT,0,4453959
yagB_insX_yagA_predicted,0.0625,15,15,GTCCAGTAATACCTAAATCA,0,4451807
yagB_insX_yagA_predicted,0.0625,15,15,GTCACTGGTCTCGCCCTGGG,0,4438926
yagB_insX_yagA_predicted,0.0625,15,15,GTATGGGTCTTCTCTGTAGT,0,4467965
yagB_insX_yagA_predicted,0.0625,15,15,GTATGCAAATATTTGGCCGT,0,4438166
yagB_insX_yagA_predicted,0.0625,15,15,GTAGTTTATACTCGTGCGTG,0,4451849
yagB_insX_yagA_predicted,0.0625,15,15,GTACTGGCCGGGGTGTTCAC,0,4454939
yagB_insX_yagA_predicted,0.0625,15,15,GTACATAATTAGCAAAAGAT,0,4444098
yagB_insX_yagA_predicted,0.0625,15,15,GTAATTCCGCCTTCCTCTAA,0,4457346
yagB_insX_yagA_predicted,0.0625,15,15,GTAACCAGGACTTCCACGGG,0,4456771
yagB_insX_yagA_predicted,0.0625,15,15,GTAAAGCCCTCGTGGAATTA,0,4450072
yagB_insX_yagA_predicted,0.0625,15,15,GGTTGAGTTCAACGAGCATT,0,4465508
yagB_insX_yagA_predicted,0.0625,15,15,GGTGTTTCATGCCATTTACA,0,4443929
yagB_insX_yagA_predicted,0.0625,15,15,GGTCACCGGATGTCAAGACT,0,4437892
yagB_insX_yagA_predicted,0.0625,15,15,GGTATCTCGCGCCTTTCCAG,0,4458400
yagB_insX_yagA_predicted,0.0625,15,15,GGTACTCGTTGTCGATTAAT,0,4469032
yagB_insX_yagA_predicted,0.0625,15,15,GGTACTCAGGCTTTCGGTGG,0,4457307
yagB_insX_yagA_predicted,0.0625,15,15,GGTAAGACCTACGGAAGTTA,0,4456288
yagB_insX_yagA_predicted,0.0625,15,15,GGGTATAGCGCCTAGTTAGA,0,4471377
yagB_insX_yagA_predicted,0.0625,15,15,GGGGTATCCTGAGGATTAAT,0,4462550
yagB_insX_yagA_predicted,0.0625,15,15,GGGGCTGCCGGGGGACTTGC,0,4460885
yagB_insX_yagA_predicted,0.0625,15,15,GGGCTTGCAAGTACGGAGTA,0,4470933
yagB_insX_yagA_predicted,0.0625,15,15,GGGCCTTTCCCATATCTATT,0,4442284
yagB_insX_yagA_predicted,0.0625,15,15,GGGCCTACCTCTGTTTTACC,0,4438323
yagB_insX_yagA_predicted,0.0625,15,15,GGGATTTGCGCGCACGAGGA,0,4449609
yagB_insX_yagA_predicted,0.0625,15,15,GGGAATCTGGCTAATTATAT,0,4437389
yagB_insX_yagA_predicted,0.0625,15,15,GGGAAAGCCAGATGGATAAG,0,4436904
yagB_insX_yagA_predicted,0.0625,15,15,GGGAAACACTGAAAATCTGC,0,4449223
yagB_insX_yagA_predicted,0.0625,15,15,GGCACCATCACGGGTCTCTT,0,4461288
yagB_insX_yagA_predicted,0.0625,15,15,GGATGCGAGAGTCCAGCAAA,0,4451721
yagB_insX_yagA_predicted,0.0625,15,15,GGATAACCAGGCCATCTGGT,0,4452882
yagB_insX_yagA_predicted,0.0625,15,15,GGAGCCTCCCCGCTCTTTAG,0,4467358
yagB_insX_yagA_predicted,0.0625,15,15,GGACTTGCCAGGTGTGAGGT,0,4439795
yagB_insX_yagA_predicted,0.0625,15,15,GCTTCCTCCGACAACTATCT,0,4464220
yagB_insX_yagA_predicted,0.0625,15,15,GCTGAATGAATGACAGAAGA,0,4441777
yagB_insX_yagA_predicted,0.0625,15,15,GCTCGTCACTCATTTATACC,0,4461434
yagB_insX_yagA_predicted,0.0625,15,15,GCTCACGAAGTCAAACACTC,0,4457576
yagB_insX_yagA_predicted,0.0625,15,15,GCGGGGTTATGGTCGGCGGT,0,4443541
yagB_insX_yagA_predicted,0.0625,15,15,GCGGCCCTAGCATGAACAAA,0,4444070
yagB_insX_yagA_predicted,0.0625,15,15,GCGGATCCGTGGGCGGGTTA,0,4453148
yagB_insX_yagA_predicted,0.0625,15,15,GCGCACTCCACATTTACTTG,0,4463911
yagB_insX_yagA_predicted,0.0625,15,15,GCCTGTAAGCCGGAACCTAT,0,4450923
yagB_insX_yagA_predicted,0.0625,15,15,GCCCGAATGGTGCGAGTTTC,0,4453212
yagB_insX_yagA_predicted,0.0625,15,15,GCATGTCACAGACATGAATG,0,4460907
yagB_insX_yagA_predicted,0.0625,15,15,GCATGCCCTCAGGGGTGCAA,0,4469282
yagB_insX_yagA_predicted,0.0625,15,15,GCAACGAAGAAGTAGGGGTA,0,4447105
yagB_insX_yagA_predicted,0.0625,15,15,GATGTATTTAACTGTCGGCA,0,4439800
yagB_insX_yagA_predicted,0.0625,15,15,GATAGCTAAGGAACACACGG,0,4436742
yagB_insX_yagA_predicted,0.0625,15,15,GAGGTAACGGGCGCCGAGGG,0,4462295
yagB_insX_yagA_predicted,0.0625,15,15,GAGGGTTGATCTCTCATCGC,0,4450119
yagB_insX_yagA_predicted,0.0625,15,15,GAGGGGGTATCTACAAGGGA,0,4442526
yagB_insX_yagA_predicted,0.0625,15,15,GAGGGAAACGTATTGCGGGG,0,4444718
yagB_insX_yagA_predicted,0.0625,15,15,GAGGAATGGCCATCGGTCGG,0,4463215
yagB_insX_yagA_predicted,0.0625,15,15,GAGCGGCGCACAATTGGGTA,0,4462966
yagB_insX_yagA_predicted,0.0625,15,15,GAGCAGTTCCGGGAACCATT,0,4450180
yagB_insX_yagA_predicted,0.0625,15,15,GACGCTAAATACCTGGAGGA,0,4452680
yagB_insX_yagA_predicted,0.0625,15,15,GACCAGCGGTCATATGTATT,0,4438696
yagB_insX_yagA_predicted,0.0625,15,15,GAAACGGCCAAAAAATGAGC,0,4449243
yagB_insX_yagA_predicted,0.0625,15,15,CTTTCGTCACTAAGCATTTC,0,4443322
yagB_insX_yagA_predicted,0.0625,15,15,CTTATTGAAGCCCATCGCAT,0,4450860
yagB_insX_yagA_predicted,0.0625,15,15,CTGGGCCGACTCTTTACATT,0,4458059
yagB_insX_yagA_predicted,0.0625,15,15,CTGCTGAGGTTACCGTAGGC,0,4454542
yagB_insX_yagA_predicted,0.0625,15,15,CTGCGTGATGGGAGTCGATT,0,4439676
yagB_insX_yagA_predicted,0.0625,15,15,CTGCCTTAGGACTTAAAGCT,0,4467252
yagB_insX_yagA_predicted,0.0625,15,15,CTGCCGCCGCTATTCTAGTC,0,4452490
yagB_insX_yagA_predicted,0.0625,15,15,CTGAATTGGTCGGCTCCGCT,0,4471417
yagB_insX_yagA_predicted,0.0625,15,15,CTCTGGGGGTATCCCCGGAA,0,4453648
yagB_insX_yagA_predicted,0.0625,15,15,CTATGGTAGCGCGTCCACGG,0,4466543
yagB_insX_yagA_predicted,0.0625,15,15,CGTTAGAAGAAGTCGGTCCC,0,4461102
yagB_insX_yagA_predicted,0.0625,15,15,CGTCAGAGACGGGCTGACTA,0,4450499
yagB_insX_yagA_predicted,0.0625,15,15,CGTCAAGTACACATCCGCCA,0,4455968
yagB_insX_yagA_predicted,0.0625,15,15,CGGCCGCAATCCAGTTAGAC,0,4449562
yagB_insX_yagA_predicted,0.0625,15,15,CGGATCGTTTAAAAGGCGGC,0,4466854
yagB_insX_yagA_predicted,0.0625,15,15,CGGAGTACAAGACGGCAGCT,0,4468655
yagB_insX_yagA_predicted,0.0625,15,15,CGGAGCTGAGCACTGCTTCG,0,4443893
yagB_insX_yagA_predicted,0.0625,15,15,CGGAGCCATACCCCTTCTGC,0,4456706
yagB_insX_yagA_predicted,0.0625,15,15,CGGAACCTTAATCTGTGATG,0,4444434
yagB_insX_yagA_predicted,0.0625,15,15,CGCCGCGGGGTTACTGTCGT,0,4459403
yagB_insX_yagA_predicted,0.0625,15,15,CGCACGTCTCAGGAAATCAC,0,4462471
yagB_insX_yagA_predicted,0.0625,15,15,CGCAAAACCGAAACGAAAAA,0,4459185
yagB_insX_yagA_predicted,0.0625,15,15,CGAGAAGAACCCGGTCCGGT,0,4452888
yagB_insX_yagA_predicted,0.0625,15,15,CGACACGGTGTGTAGCGCCA,0,4461317
yagB_insX_yagA_predicted,0.0625,15,15,CCGTCTACACCTTGACGTAC,0,4451952
yagB_insX_yagA_predicted,0.0625,15,15,CCGGGCTTACGCGGTCCGGG,0,4454702
yagB_insX_yagA_predicted,0.0625,15,15,CCGGCAAGCCCCCACATATT,0,4451628
yagB_insX_yagA_predicted,0.0625,15,15,CCGGACTTTAACTCGAATTC,0,4437555
yagB_insX_yagA_predicted,0.0625,15,15,CCGCGGTACGAAACGCATGT,0,4438201
yagB_insX_yagA_predicted,0.0625,15,15,CCGATTTAGTGTGGGAAAGA,0,4460903
yagB_insX_yagA_predicted,0.0625,15,15,CCGATCGCTCACCGCTTGGC,0,4466325
yagB_insX_yagA_predicted,0.0625,15,15,CCGATATCAAAGGGGTGAGA,0,4455839
yagB_insX_yagA_predicted,0.0625,15,15,CCGACCAAGGTGGCAGTTAT,0,4447150
yagB_insX_yagA_predicted,0.0625,15,15,CCCTCGCGGGGGCACCCTTG,0,4470518
yagB_insX_yagA_predicted,0.0625,15,15,CCCTCCCGGGTAGCATGAAT,0,4450631
yagB_insX_yagA_predicted,0.0625,15,15,CCCCTGTGGAGCGTGTTTAT,0,4455392
yagB_insX_yagA_predicted,0.0625,15,15,CCACTGGCAAGCAGCAAGAA,0,4442467
yagB_insX_yagA_predicted,0.0625,15,15,CCACCCGACGGGGTTGGCCC,0,4447786
yagB_insX_yagA_predicted,0.0625,15,15,CATTCTGTTCCCAGGTAGCT,0,4462378
yagB_insX_yagA_predicted,0.0625,15,15,CATTCAGAAGTCCGAGCTTG,0,4437209
yagB_insX_yagA_predicted,0.0625,15,15,CATAGCCGAGCAAGAGTTAA,0,4438222
yagB_insX_yagA_predicted,0.0625,15,15,CAGTTCTGTGGGTCATGAAG,0,4447189
yagB_insX_yagA_predicted,0.0625,15,15,CACGGCTGGTATCATTAGTA,0,4447512
yagB_insX_yagA_predicted,0.0625,15,15,CAATAAGTAGGACGCCAAAT,0,4462865
yagB_insX_yagA_predicted,0.0625,15,15,CAAGCGAATCAGGCATTTTT,0,4456762
yagB_insX_yagA_predicted,0.0625,15,15,CAAATTGCCGTTGGTCTAAT,0,4456566
yagB_insX_yagA_predicted,0.0625,15,15,CAAAAACTTGGATTTTTCCT,0,4444031
yagB_insX_yagA_predicted,0.0625,15,15,CAAAAACCGTGAGCGGATAT,0,4468700
yagB_insX_yagA_predicted,0.0625,15,15,ATTTAAAGTTCGATTAAGGG,0,4470970
yagB_insX_yagA_predicted,0.0625,15,15,ATTAGTCGCGTCCAGGGGGG,0,4460375
yagB_insX_yagA_predicted,0.0625,15,15,ATTACTAGAGGTTTTTATAA,0,4448678
yagB_insX_yagA_predicted,0.0625,15,15,ATTAAGCATCAATAATGATG,0,4447757
yagB_insX_yagA_predicted,0.0625,15,15,ATGTGAGGAACCGCGACATA,0,4454004
yagB_insX_yagA_predicted,0.0625,15,15,ATGCGTCCACGGTTGTTGCC,0,4468657
yagB_insX_yagA_predicted,0.0625,15,15,ATGCGGCAGTACGTTTGGGC,0,4447291
yagB_insX_yagA_predicted,0.0625,15,15,ATGCGCACCATGGGACAAGT,0,4442114
yagB_insX_yagA_predicted,0.0625,15,15,ATGAAGGTCACCTCGTGCTA,0,4469573
yagB_insX_yagA_predicted,0.0625,15,15,ATGAACAGGGAGCGTCCGGT,0,4447705
yagB_insX_yagA_predicted,0.0625,15,15,ATCGCTTGGTCGGTACTGTT,0,4464868
yagB_insX_yagA_predicted,0.0625,15,15,ATCAGACCATCATTCATGTA,0,4452323
yagB_insX_yagA_predicted,0.0625,15,15,ATCACTAGTTTTGGGGAGGT,0,4438988
yagB_insX_yagA_predicted,0.0625,15,15,ATATAAGACCACGTTAATAG,0,4463273
yagB_insX_yagA_predicted,0.0625,15,15,ATAAGTTAGCAATTTATACA,0,4451130
yagB_insX_yagA_predicted,0.0625,15,15,ATAAGCTGTTTAAGTTAGCT,0,4442316
yagB_insX_yagA_predicted,0.0625,15,15,ATAACTGATGACATGGAGGA,0,4463382
yagB_insX_yagA_predicted,0.0625,15,15,AGTTCTCAGCGGCTACGGTT,0,4439076
yagB_insX_yagA_predicted,0.0625,15,15,AGTGAAGGTTATATAGGAGC,0,4456518
yagB_insX_yagA_predicted,0.0625,15,15,AGGTTTGATTGAGGTAACAT,0,4442225
yagB_insX_yagA_predicted,0.0625,15,15,AGGGATCGAAGGCCGACATA,0,4440676
yagB_insX_yagA_predicted,0.0625,15,15,AGGACTTTAGGGACGGCAAG,0,4454915
yagB_insX_yagA_predicted,0.0625,15,15,AGCTTGTGATGCAGCTGTGA,0,4442074
yagB_insX_yagA_predicted,0.0625,15,15,AGCTTGCTTACACGGCCAAG,0,4447485
yagB_insX_yagA_predicted,0.0625,15,15,AGCGGGTACAACTCCAATTC,0,4459499
yagB_insX_yagA_predicted,0.0625,15,15,AGCCCTAGAGTCGTCCTCGG,0,4441770
yagB_insX_yagA_predicted,0.0625,15,15,AGCAAGTTTGTTGGAACTGC,0,4468758
yagB_insX_yagA_predicted,0.0625,15,15,AGCAAAGTAGTGCTTTGTGT,0,4452587
yagB_insX_yagA_predicted,0.0625,15,15,AGATTGGAAGAATATCGTTG,0,4446678
yagB_insX_yagA_predicted,0.0625,15,15,AGATTGAAGGCTGTTAGTAC,0,4452308
yagB_insX_yagA_predicted,0.0625,15,15,AGATGCGGCAGAATCCCTGC,0,4444863
yagB_insX_yagA_predicted,0.0625,15,15,AGAGCTAACCGCTAGCATCT,0,4466435
yagB_insX_yagA_predicted,0.0625,15,15,AGACTGAGGCGATTACCGGG,0,4470117
yagB_insX_yagA_predicted,0.0625,15,15,AGAACCAGCAGACGGTGATT,0,4468864
yagB_insX_yagA_predicted,0.0625,15,15,ACTTGTCAACCGATTATATG,0,4453930
yagB_insX_yagA_predicted,0.0625,15,15,ACTGATTTCCTCTCAGTCAA,0,4440051
yagB_insX_yagA_predicted,0.0625,15,15,ACTCCTGGGATATTGCCCTC,0,4465833
yagB_insX_yagA_predicted,0.0625,15,15,ACGGTGTGTGAGATCTGTAG,0,4458789
yagB_insX_yagA_predicted,0.0625,15,15,ACGGTATATCGTGCCAGAGT,0,4461271
yagB_insX_yagA_predicted,0.0625,15,15,ACGGTACATACTAACCGAAT,0,4440794
yagB_insX_yagA_predicted,0.0625,15,15,ACGGCCGTCCACGATCATCA,0,4462133
yagB_insX_yagA_predicted,0.0625,15,15,ACGATTTGGTGGGTGGACGA,0,4448672
yagB_insX_yagA_predicted,0.0625,15,15,ACGACTGGAGCTACGGGAAG,0,4453396
yagB_insX_yagA_predicted,0.0625,15,15,ACGAATCGCCGTGAAGGAAG,0,4454408
yagB_insX_yagA_predicted,0.0625,15,15,ACCTCTCTTCTCCACTACAG,0,4445674
yagB_insX_yagA_predicted,0.0625,15,15,ACCTAATCGGTTGAGTATAC,0,4456733
yagB_insX_yagA_predicted,0.0625,15,15,ACCGAACACAGGTCACTCCT,0,4455667
yagB_insX_yagA_predicted,0.0625,15,15,ACATTGCAAGGTTTGCCTCT,0,4442472
yagB_insX_yagA_predicted,0.0625,15,15,ACATCTTCCAGAGTTACGGC,0,4450979
yagB_insX_yagA_predicted,0.0625,15,15,ACAGTCAGGACATATACGGT,0,4454523
yagB_insX_yagA_predicted,0.0625,15,15,ACAGACTTCCAGTGGTAGGA,0,4452664
yagB_insX_yagA_predicted,0.0625,15,15,ACACTGGCCCCCTCAGACCT,0,4461904
yagB_insX_yagA_predicted,0.0625,15,15,ACACTCGGTTCCTTAGCTCA,0,4440549
yagB_insX_yagA_predicted,0.0625,15,15,ACACGGCGGCGCCGCTTGTG,0,4463115
yagB_insX_yagA_predicted,0.0625,15,15,ACAATTATACAACGCCTACT,0,4449607
yagB_insX_yagA_predicted,0.0625,15,15,AATTGAAGTAACACAAGGTG,0,4445128
yagB_insX_yagA_predicted,0.0625,15,15,AATGGTCCGAGTTGCCGTAC,0,4438475
yagB_insX_yagA_predicted,0.0625,15,15,AATGGCTTATGGAGCACAGG,0,4438742
yagB_insX_yagA_predicted,0.0625,15,15,AATATAAGGACGCTTAACGC,0,4467583
yagB_insX_yagA_predicted,0.0625,15,15,AATAGGGCGTGTTTTGCGGT,0,4457496
yagB_insX_yagA_predicted,0.0625,15,15,AATAATGGCGGTGGACTATC,0,4460119
yagB_insX_yagA_predicted,0.0625,15,15,AAGGGCTTAAGACCCCATAA,0,4449113
yagB_insX_yagA_predicted,0.0625,15,15,AACTTAGGTATGGATCTGAA,0,4449008
yagB_insX_yagA_predicted,0.0625,15,15,AACTGCGATCGTGGATAGTC,0,4445677
yagB_insX_yagA_predicted,0.0625,15,15,AACTCTCGAGACTTCGGGGA,0,4461808
yagB_insX_yagA_predicted,0.0625,15,15,AACGTAACTGACACGCCGTG,0,4445601
yagB_insX_yagA_predicted,0.0625,15,15,AACGGGTAATTTCCCGGGTG,0,4460033
yagB_insX_yagA_predicted,0.0625,15,15,AACGCGAGCCGTGTCGTAAG,0,4436799
yagB_insX_yagA_predicted,0.0625,15,15,AAAGTTAGCTGGTCCGCGCG,0,4470460
yagB_insX_yagA_predicted,0.0625,15,15,AAAGTCGAGCTGCCATGGAT,0,4438430
yagB_insX_yagA_predicted,0.0625,15,15,AAACGCAGTGGATGTAGGGT,0,4451621
yagB_insX_yagA_predicted,0.0625,15,15,AAACATGCAGTCTCCTGGAC,0,4451066
yagB_insX_yagA_predicted,0.0625,15,15,AAAAGCGTAAAGCGGTGTAG,0,4442443
yagB_insX_yagA_predicted,0.0625,15,15,AAAAACCACCGGATCGCCGT,0,4463821
yagB_insX_yagA_predicted,0.06666666666666667,14,14,TTTTGGGTAAGAACCTTCTA,0,4446772
yagB_insX_yagA_predicted,0.06666666666666667,14,14,TTTGTAAGCAGGTATTTATT,0,4470896
yagB_insX_yagA_predicted,0.06666666666666667,14,14,TTTAGGAGTGTAACCGGAGA,0,4450583
yagB_insX_yagA_predicted,0.06666666666666667,14,14,TTTAACCGGAAGCCTAGGCG,0,4451286
yagB_insX_yagA_predicted,0.06666666666666667,14,14,TTGATGAGATGTGGTTATAC,0,4443895
yagB_insX_yagA_predicted,0.06666666666666667,14,14,TTGAGGATTCGTAGCGAAAC,0,4437344
yagB_insX_yagA_predicted,0.06666666666666667,14,14,TTGAAATTATCATACACACC,0,4449416
yagB_insX_yagA_predicted,0.06666666666666667,14,14,TTCTCATAACGAATTAGTAC,0,4447292
yagB_insX_yagA_predicted,0.06666666666666667,14,14,TTCGGAAGGGCGCTTCTGTT,0,4447847
yagB_insX_yagA_predicted,0.06666666666666667,14,14,TTATCACCCACGCCGCTCCC,0,4450282
yagB_insX_yagA_predicted,0.06666666666666667,14,14,TTAATTCGAAGACGCCTGTG,0,4467629
yagB_insX_yagA_predicted,0.06666666666666667,14,14,TTAATCGTGTTCATTGCCAC,0,4465887
yagB_insX_yagA_predicted,0.06666666666666667,14,14,TGTTGCCGCAGGGTTTCGCG,0,4451361
yagB_insX_yagA_predicted,0.06666666666666667,14,14,TGTGTGTGGGCAAAAATAAT,0,4445343
yagB_insX_yagA_predicted,0.06666666666666667,14,14,TGTGCGCTAATCGCTCGAGA,0,4459461
yagB_insX_yagA_predicted,0.06666666666666667,14,14,TGTCGGCCGCTAATGTCAAT,0,4442419
yagB_insX_yagA_predicted,0.06666666666666667,14,14,TGTCGCGCCTTCAACAGCGG,0,4461362
yagB_insX_yagA_predicted,0.06666666666666667,14,14,TGTAAATCCGCCGGTGAGAT,0,4450027
yagB_insX_yagA_predicted,0.06666666666666667,14,14,TGGGCAGCGCTTTGGCGTGG,0,4440734
yagB_insX_yagA_predicted,0.06666666666666667,14,14,TGGCCGCAAGTTCAACTATT,0,4461992
yagB_insX_yagA_predicted,0.06666666666666667,14,14,TGGAGTACACTTAATTGCTA,0,4451050
yagB_insX_yagA_predicted,0.06666666666666667,14,14,TGGAACTGCCACCTAGCAAG,0,4469689
yagB_insX_yagA_predicted,0.06666666666666667,14,14,TGCTAGTAGATCGATCCGTT,0,4458752
yagB_insX_yagA_predicted,0.06666666666666667,14,14,TGCGCTAGTGACCGGTTGCA,0,4457326
yagB_insX_yagA_predicted,0.06666666666666667,14,14,TGCGAGTTTTGAGTCATTCC,0,4447099
yagB_insX_yagA_predicted,0.06666666666666667,14,14,TGCCCAACAGTCAGTTTTAT,0,4444054
yagB_insX_yagA_predicted,0.06666666666666667,14,14,TGCATGTTAGAGAAGGCGCG,0,4452993
yagB_insX_yagA_predicted,0.06666666666666667,14,14,TGATTTCATATAGTCGAAAA,0,4449980
yagB_insX_yagA_predicted,0.06666666666666667,14,14,TGATCTTGGGCTATCCTGTG,0,4442626
yagB_insX_yagA_predicted,0.06666666666666667,14,14,TGAGATTTCTCACGTACCGG,0,4448304
yagB_insX_yagA_predicted,0.06666666666666667,14,14,TGACTAGCCAACACTGGTAT,0,4465676
yagB_insX_yagA_predicted,0.06666666666666667,14,14,TGACAGTGAGGATGTTAATG,0,4443459
yagB_insX_yagA_predicted,0.06666666666666667,14,14,TGAATCTGCGCGTAATATAT,0,4444308
yagB_insX_yagA_predicted,0.06666666666666667,14,14,TCTTGTGTCTGACTAAGGGG,0,4458078
yagB_insX_yagA_predicted,0.06666666666666667,14,14,TCTTATTGGTGATCTCCGAG,0,4471656
yagB_insX_yagA_predicted,0.06666666666666667,14,14,TCTCCTCAATACAACGTCGT,0,4457494
yagB_insX_yagA_predicted,0.06666666666666667,14,14,TCGTCCCGCAATAACATAAC,0,4457446
yagB_insX_yagA_predicted,0.06666666666666667,14,14,TCGGTCACGGTCAATAGAGC,0,4461268
yagB_insX_yagA_predicted,0.06666666666666667,14,14,TCGGGGGCTCAGTGATCGAT,0,4455782
yagB_insX_yagA_predicted,0.06666666666666667,14,14,TCGGAGTCAGTTCCATCTAT,0,4465179
yagB_insX_yagA_predicted,0.06666666666666667,14,14,TCCTTATGCGCATCCCCTGC,0,4438860
yagB_insX_yagA_predicted,0.06666666666666667,14,14,TCCTAGGCAGGTCCAGTGTG,0,4467354
yagB_insX_yagA_predicted,0.06666666666666667,14,14,TCCGGCAGAGGTGACTGTTA,0,4461772
yagB_insX_yagA_predicted,0.06666666666666667,14,14,TCATCCTAGGCTCGCGGATA,0,4466715
yagB_insX_yagA_predicted,0.06666666666666667,14,14,TCAGGTATCTCCAGCATCAG,0,4436526
yagB_insX_yagA_predicted,0.06666666666666667,14,14,TCAGCCACTTTCTTAGCGTT,0,4439648
yagB_insX_yagA_predicted,0.06666666666666667,14,14,TCACACTACAATTCCTAGTT,0,4463605
yagB_insX_yagA_predicted,0.06666666666666667,14,14,TCAACGGTCTCCGCGCCTGA,0,4444666
yagB_insX_yagA_predicted,0.06666666666666667,14,14,TCAACACTTCGTTGCTTAAT,0,4467758
yagB_insX_yagA_predicted,0.06666666666666667,14,14,TATTTACAATGGGAAAGGAC,0,4440410
yagB_insX_yagA_predicted,0.06666666666666667,14,14,TATTGTGATCTACAACACCA,0,4460486
yagB_insX_yagA_predicted,0.06666666666666667,14,14,TATGCATGCCAGATTACAAG,0,4448682
yagB_insX_yagA_predicted,0.06666666666666667,14,14,TATCGGTGGAGGCACGGACT,0,4442151
yagB_insX_yagA_predicted,0.06666666666666667,14,14,TATCGCAGGACGGTAGGCCA,0,4442781
yagB_insX_yagA_predicted,0.06666666666666667,14,14,TATCAATTGCTAGTCTTTGG,0,4448337
yagB_insX_yagA_predicted,0.06666666666666667,14,14,TAGGTAAGCCACGGTCTGGC,0,4452957
yagB_insX_yagA_predicted,0.06666666666666667,14,14,TAGCTGCGGAAGGGGTTCTA,0,4436092
yagB_insX_yagA_predicted,0.06666666666666667,14,14,TAGCATTTCTACATGATCTC,0,4459769
yagB_insX_yagA_predicted,0.06666666666666667,14,14,TACGTAATTTGTTTTGGAGA,0,4464888
yagB_insX_yagA_predicted,0.06666666666666667,14,14,TACCGGTAATGGCCGCAGAC,0,4439334
yagB_insX_yagA_predicted,0.06666666666666667,14,14,TACCAGCTCAGACCCTTCTG,0,4438510
yagB_insX_yagA_predicted,0.06666666666666667,14,14,TACCAAAAATGGTGATCGGG,0,4452388
yagB_insX_yagA_predicted,0.06666666666666667,14,14,TAAGCTGCGCGAATATGCGT,0,4451099
yagB_insX_yagA_predicted,0.06666666666666667,14,14,TAAAGTGATTCTCAGTCGCC,0,4453318
yagB_insX_yagA_predicted,0.06666666666666667,14,14,TAAAGATCGATTGCGGCCCT,0,4447628
yagB_insX_yagA_predicted,0.06666666666666667,14,14,TAAAACGCGGATCAGCCAGC,0,4440392
yagB_insX_yagA_predicted,0.06666666666666667,14,14,GTTGTTACCCGTGAGCACTT,0,4449485
yagB_insX_yagA_predicted,0.06666666666666667,14,14,GTTCCAACTTCTGACGCATT,0,4453013
yagB_insX_yagA_predicted,0.06666666666666667,14,14,GTTATTTAATACGCTAACAA,0,4438159
yagB_insX_yagA_predicted,0.06666666666666667,14,14,GTTAATGGCAGTGCTTAGAA,0,4449133
yagB_insX_yagA_predicted,0.06666666666666667,14,14,GTGTGATGTGATCATCGATA,0,4443134
yagB_insX_yagA_predicted,0.06666666666666667,14,14,GTGTACCAGTTCAGCTTAAC,0,4464521
yagB_insX_yagA_predicted,0.06666666666666667,14,14,GTGGGTGCGTTGGAAGTGCT,0,4446677
yagB_insX_yagA_predicted,0.06666666666666667,14,14,GTGCTGTTCGATGAGTGACA,0,4445608
yagB_insX_yagA_predicted,0.06666666666666667,14,14,GTGCCCTACCCCTCTGAAGC,0,4439113
yagB_insX_yagA_predicted,0.06666666666666667,14,14,GTCACCGGAGTCGTGTAACC,0,4446625
yagB_insX_yagA_predicted,0.06666666666666667,14,14,GTCAAACGGCCATGTGTTAT,0,4449857
yagB_insX_yagA_predicted,0.06666666666666667,14,14,GTATCATTGATCCAAGGTGT,0,4440248
yagB_insX_yagA_predicted,0.06666666666666667,14,14,GTACGTCGAATTGAAACGCA,0,4469873
yagB_insX_yagA_predicted,0.06666666666666667,14,14,GTACACCCTGTTGCATGGTA,0,4461568
yagB_insX_yagA_predicted,0.06666666666666667,14,14,GTAATCCGCCACTTCTTATG,0,4447952
yagB_insX_yagA_predicted,0.06666666666666667,14,14,GGTTCCGGGGTAGCCTGCAT,0,4466776
yagB_insX_yagA_predicted,0.06666666666666667,14,14,GGTGGGTCGAGCGTCATACA,0,4441760
yagB_insX_yagA_predicted,0.06666666666666667,14,14,GGTGACTCGGACACTTCCGG,0,4451091
yagB_insX_yagA_predicted,0.06666666666666667,14,14,GGTCTGGGCACATCGAAAAG,0,4458744
yagB_insX_yagA_predicted,0.06666666666666667,14,14,GGTCAGACATCCACTTGGCG,0,4451331
yagB_insX_yagA_predicted,0.06666666666666667,14,14,GGTCAAAGACGGCTCAAAAA,0,4456243
yagB_insX_yagA_predicted,0.06666666666666667,14,14,GGTATCCCACGCTTAAATGC,0,4448117
yagB_insX_yagA_predicted,0.06666666666666667,14,14,GGGGCGTAACATCCGTTAAC,0,4463177
yagB_insX_yagA_predicted,0.06666666666666667,14,14,GGGCCAACTTGGCGAGTGAA,0,4457033
yagB_insX_yagA_predicted,0.06666666666666667,14,14,GGCTTCCGTCATTCACAAAG,0,4463418
yagB_insX_yagA_predicted,0.06666666666666667,14,14,GGCTCGATTTGTAGATGCGG,0,4441479
yagB_insX_yagA_predicted,0.06666666666666667,14,14,GGCGGTGTGATTCTTCCAAC,0,4463308
yagB_insX_yagA_predicted,0.06666666666666667,14,14,GGCGATATGCCCTGCAGTTC,0,4465879
yagB_insX_yagA_predicted,0.06666666666666667,14,14,GGCATTATTCTTTACTGTAC,0,4443739
yagB_insX_yagA_predicted,0.06666666666666667,14,14,GGCATAGAGGCGTCTAACCG,0,4443084
yagB_insX_yagA_predicted,0.06666666666666667,14,14,GGCAGAGGTCACGACCTTTG,0,4450217
yagB_insX_yagA_predicted,0.06666666666666667,14,14,GGCAACGGTCCCCAAAGCCC,0,4458057
yagB_insX_yagA_predicted,0.06666666666666667,14,14,GGATTTGGTTCTGTACTAAC,0,4470703
yagB_insX_yagA_predicted,0.06666666666666667,14,14,GGAGCAACATCACTCCGTTG,0,4456897
yagB_insX_yagA_predicted,0.06666666666666667,14,14,GGACGCGTGTCTCCAGCGAT,0,4447470
yagB_insX_yagA_predicted,0.06666666666666667,14,14,GGACCGAAACTAATTATTGT,0,4448909
yagB_insX_yagA_predicted,0.06666666666666667,14,14,GGAATTTACTGTCCCCCAGT,0,4448615
yagB_insX_yagA_predicted,0.06666666666666667,14,14,GCTGCCTCGGATGGTCGCCC,0,4450495
yagB_insX_yagA_predicted,0.06666666666666667,14,14,GCTCTCTTAACTCAATCTAC,0,4471549
yagB_insX_yagA_predicted,0.06666666666666667,14,14,GCTCCAGGCTTGCTCGGCTG,0,4460904
yagB_insX_yagA_predicted,0.06666666666666667,14,14,GCTATACCGCTGTATCAAGA,0,4462870
yagB_insX_yagA_predicted,0.06666666666666667,14,14,GCTAGTGGGGGTAGGGATTA,0,4446915
yagB_insX_yagA_predicted,0.06666666666666667,14,14,GCTAGAGTGTAAAAACAGCA,0,4466974
yagB_insX_yagA_predicted,0.06666666666666667,14,14,GCGTTAGGTCACACACGGAC,0,4463423
yagB_insX_yagA_predicted,0.06666666666666667,14,14,GCGTGCATCTGTTCACAGTC,0,4443075
yagB_insX_yagA_predicted,0.06666666666666667,14,14,GCGTAACGTCATAGCATCGG,0,4467535
yagB_insX_yagA_predicted,0.06666666666666667,14,14,GCGTAAAGAATTCCGTCAGG,0,4449089
yagB_insX_yagA_predicted,0.06666666666666667,14,14,GCCGCTTAATATTGCCGTGT,0,4455874
yagB_insX_yagA_predicted,0.06666666666666667,14,14,GCCCTCTTAAAGAGAACGCA,0,4462817
yagB_insX_yagA_predicted,0.06666666666666667,14,14,GCCCGTACGTAACATAACGA,0,4461190
yagB_insX_yagA_predicted,0.06666666666666667,14,14,GCCATACCGGAGAGTACATG,0,4458491
yagB_insX_yagA_predicted,0.06666666666666667,14,14,GCATGTATGAATTGCTTAAA,0,4468965
yagB_insX_yagA_predicted,0.06666666666666667,14,14,GCACTGGTCCTTGATAACCT,0,4459571
yagB_insX_yagA_predicted,0.06666666666666667,14,14,GCACATACGTCATGTGAGCA,0,4457687
yagB_insX_yagA_predicted,0.06666666666666667,14,14,GATTTCGGCTGGTCTCTTCT,0,4449312
yagB_insX_yagA_predicted,0.06666666666666667,14,14,GATTCCCAGGACCTGTGCTT,0,4450068
yagB_insX_yagA_predicted,0.06666666666666667,14,14,GATGAGATGTGCGGCAGGCA,0,4445735
yagB_insX_yagA_predicted,0.06666666666666667,14,14,GATCTGAGCAGTACTTTCGG,0,4438210
yagB_insX_yagA_predicted,0.06666666666666667,14,14,GATCTAGGGGGTAGGTTGGC,0,4450551
yagB_insX_yagA_predicted,0.06666666666666667,14,14,GATATGCTTTGGAGGGCGCG,0,4444540
yagB_insX_yagA_predicted,0.06666666666666667,14,14,GAGTCTCTGGAGCAGCTTGA,0,4458206
yagB_insX_yagA_predicted,0.06666666666666667,14,14,GAGTCCGGCTGGTCAAAATT,0,4444648
yagB_insX_yagA_predicted,0.06666666666666667,14,14,GAGTCATATCGGATAGGCAG,0,4454230
yagB_insX_yagA_predicted,0.06666666666666667,14,14,GACGAGCGACGGTATATTTG,0,4465859
yagB_insX_yagA_predicted,0.06666666666666667,14,14,GACCCCATAGTCATTGGAGT,0,4441779
yagB_insX_yagA_predicted,0.06666666666666667,14,14,GACACTGTGGATCCCGGAAA,0,4452854
yagB_insX_yagA_predicted,0.06666666666666667,14,14,GAATGGAATAGAGACAAGAG,0,4444046
yagB_insX_yagA_predicted,0.06666666666666667,14,14,GAATGCTTGCGGCTGGACTC,0,4441168
yagB_insX_yagA_predicted,0.06666666666666667,14,14,GAATAAACATAATAAAGCGG,0,4470421
yagB_insX_yagA_predicted,0.06666666666666667,14,14,GAAGGGCAACCTCATAACTT,0,4456066
yagB_insX_yagA_predicted,0.06666666666666667,14,14,GAACCCCTAAGATCTTAAAA,0,4448401
yagB_insX_yagA_predicted,0.06666666666666667,14,14,GAACACCTCGCGCAACCCCA,0,4451067
yagB_insX_yagA_predicted,0.06666666666666667,14,14,GAAACGCATATGGGTTTCTG,0,4444611
yagB_insX_yagA_predicted,0.06666666666666667,14,14,GAAAACCTACAGATACCCGC,0,4446230
yagB_insX_yagA_predicted,0.06666666666666667,14,14,CTTTGGCGTATAGTAGCAGT,0,4451784
yagB_insX_yagA_predicted,0.06666666666666667,14,14,CTTGCGTGCATAGATTTCAT,0,4456581
yagB_insX_yagA_predicted,0.06666666666666667,14,14,CTTAGATATATGACTACCGG,0,4462105
yagB_insX_yagA_predicted,0.06666666666666667,14,14,CTTAGAAACCTTAAGGCTAC,0,4469513
yagB_insX_yagA_predicted,0.06666666666666667,14,14,CTTAAAAAACCCCAGCGGGT,0,4439013
yagB_insX_yagA_predicted,0.06666666666666667,14,14,CTGTTATGTAATTTTCAAGT,0,4460720
yagB_insX_yagA_predicted,0.06666666666666667,14,14,CTGCCTATTTCTATAGTCAA,0,4457837
yagB_insX_yagA_predicted,0.06666666666666667,14,14,CTGATGATCCTTAACCTCTT,0,4456609
yagB_insX_yagA_predicted,0.06666666666666667,14,14,CTCTTTTTGCATCATTCAGC,0,4454200
yagB_insX_yagA_predicted,0.06666666666666667,14,14,CTCTTCGCCACCACATCAAA,0,4457072
yagB_insX_yagA_predicted,0.06666666666666667,14,14,CTCTGACCCGGCAAGGGCAA,0,4466814
yagB_insX_yagA_predicted,0.06666666666666667,14,14,CTCGGAGATGTCTGTGTGGG,0,4437413
yagB_insX_yagA_predicted,0.06666666666666667,14,14,CTCGCAACCGGCTTCGGCCT,0,4448172
yagB_insX_yagA_predicted,0.06666666666666667,14,14,CTCCTGCCTTTGGGATACAA,0,4446322
yagB_insX_yagA_predicted,0.06666666666666667,14,14,CTCCGGCGTAGTATGGCGAT,0,4461455
yagB_insX_yagA_predicted,0.06666666666666667,14,14,CTCAGATTCGCGAGTTCGTT,0,4453870
yagB_insX_yagA_predicted,0.06666666666666667,14,14,CTAGGGGTCCGCGGGTACGG,0,4459981
yagB_insX_yagA_predicted,0.06666666666666667,14,14,CTAGCTAAGTGGATAAAATG,0,4444721
yagB_insX_yagA_predicted,0.06666666666666667,14,14,CTACCGCCATGTCTGTGGCG,0,4444989
yagB_insX_yagA_predicted,0.06666666666666667,14,14,CTAATGGCCGCTTAACTCAC,0,4437342
yagB_insX_yagA_predicted,0.06666666666666667,14,14,CTAAGGTCACGTCGGAGAAA,0,4450629
yagB_insX_yagA_predicted,0.06666666666666667,14,14,CGTAGGGAGGCTACATCTGT,0,4458102
yagB_insX_yagA_predicted,0.06666666666666667,14,14,CGGTACGTGCGAAGCGAGGC,0,4463404
yagB_insX_yagA_predicted,0.06666666666666667,14,14,CGGGGCTGACCGTGCATGAA,0,4446390
yagB_insX_yagA_predicted,0.06666666666666667,14,14,CGGGCATAGTATGACGTTCT,0,4454808
yagB_insX_yagA_predicted,0.06666666666666667,14,14,CGGGACGCAGAGGCTTAACC,0,4447937
yagB_insX_yagA_predicted,0.06666666666666667,14,14,CGGATGTGAACTTAGAACAG,0,4452223
yagB_insX_yagA_predicted,0.06666666666666667,14,14,CGGATGGCCCGGAAGGCTAG,0,4453271
yagB_insX_yagA_predicted,0.06666666666666667,14,14,CGGATACCTCAGTTACCTGT,0,4455654
yagB_insX_yagA_predicted,0.06666666666666667,14,14,CGCTGTCAACACATTGTGTG,0,4436974
yagB_insX_yagA_predicted,0.06666666666666667,14,14,CGCTGGTGCGGTTTCATAAA,0,4446899
yagB_insX_yagA_predicted,0.06666666666666667,14,14,CGCGGGTGGTGCACGAAGGT,0,4459189
yagB_insX_yagA_predicted,0.06666666666666667,14,14,CGCGCGCTTCCCGGCGTTCT,0,4452206
yagB_insX_yagA_predicted,0.06666666666666667,14,14,CGCCGGTAGTGCGCCACGGC,0,4466021
yagB_insX_yagA_predicted,0.06666666666666667,14,14,CGCCGGTACATCGCCCGATC,0,4440242
yagB_insX_yagA_predicted,0.06666666666666667,14,14,CGCAGTTAAGATCCTATGAA,0,4465463
yagB_insX_yagA_predicted,0.06666666666666667,14,14,CGATTTCGGATCGCGGAGGT,0,4437772
yagB_insX_yagA_predicted,0.06666666666666667,14,14,CGATTCCAGGCTGTATGGCA,0,4447294
yagB_insX_yagA_predicted,0.06666666666666667,14,14,CGAGTGGTTCACACCAGGCA,0,4453853
yagB_insX_yagA_predicted,0.06666666666666667,14,14,CGAGGGCTACATCGAGAAGT,0,4452523
yagB_insX_yagA_predicted,0.06666666666666667,14,14,CGACTGATCGTCGTGATCAC,0,4467964
yagB_insX_yagA_predicted,0.06666666666666667,14,14,CGACGACCCAGCCGGTAAGG,0,4441418
yagB_insX_yagA_predicted,0.06666666666666667,14,14,CGACACCGTTTTATCTTGCA,0,4455527
yagB_insX_yagA_predicted,0.06666666666666667,14,14,CCTTCTCCTGATAACATGAG,0,4456713
yagB_insX_yagA_predicted,0.06666666666666667,14,14,CCTGACAGATTACTCTCGAA,0,4450946
yagB_insX_yagA_predicted,0.06666666666666667,14,14,CCGGGCTACGCTTTGGGCCA,0,4450200
yagB_insX_yagA_predicted,0.06666666666666667,14,14,CCGGGAGCTGGGATAAGAAC,0,4441144
yagB_insX_yagA_predicted,0.06666666666666667,14,14,CCGACCTAGCGCTAGGCAGC,0,4450184
yagB_insX_yagA_predicted,0.06666666666666667,14,14,CCCTGTCCGTTATATTCGAG,0,4447792
yagB_insX_yagA_predicted,0.06666666666666667,14,14,CCCCTTGTATTTCGCGCTCT,0,4442784
yagB_insX_yagA_predicted,0.06666666666666667,14,14,CCCACTGGTGTTTGTTTAGA,0,4464445
yagB_insX_yagA_predicted,0.06666666666666667,14,14,CCCAATGCATCACCTCTGGG,0,4456421
yagB_insX_yagA_predicted,0.06666666666666667,14,14,CCATGAGCTTTTCACGAGTT,0,4452609
yagB_insX_yagA_predicted,0.06666666666666667,14,14,CCAGTAACAGAGTGTCGATG,0,4444267
yagB_insX_yagA_predicted,0.06666666666666667,14,14,CCAACCGGTTCCGTAAAATT,0,4451563
yagB_insX_yagA_predicted,0.06666666666666667,14,14,CCAACACTCTGGTGGCGTCG,0,4462079
yagB_insX_yagA_predicted,0.06666666666666667,14,14,CATGTCCGTAGGGCCTCACA,0,4437207
yagB_insX_yagA_predicted,0.06666666666666667,14,14,CATGAGCCTTTCCTCTCAAA,0,4442438
yagB_insX_yagA_predicted,0.06666666666666667,14,14,CATCAACCGGAACAATAGAT,0,4439960
yagB_insX_yagA_predicted,0.06666666666666667,14,14,CACTTACATAATGTCAAGGT,0,4446163
yagB_insX_yagA_predicted,0.06666666666666667,14,14,CACGGAGAGGACGTATATAC,0,4467719
yagB_insX_yagA_predicted,0.06666666666666667,14,14,CACCCGGTGCTAATATCCTT,0,4469044
yagB_insX_yagA_predicted,0.06666666666666667,14,14,CAAACGGAACTCGAGTCACG,0,4453182
yagB_insX_yagA_predicted,0.06666666666666667,14,14,ATTCCGATTAGGTGGACGTC,0,4460615
yagB_insX_yagA_predicted,0.06666666666666667,14,14,ATTCAATTGGCCAACCTGTT,0,4451184
yagB_insX_yagA_predicted,0.06666666666666667,14,14,ATTACATGCGCTCACCAAAT,0,4453327
yagB_insX_yagA_predicted,0.06666666666666667,14,14,ATGTGTCTAGAACGATGTAT,0,4463341
yagB_insX_yagA_predicted,0.06666666666666667,14,14,ATGTCTCGGAGCGCGTCCCC,0,4458029
yagB_insX_yagA_predicted,0.06666666666666667,14,14,ATGAAGATTAGAACCACCAC,0,4462930
yagB_insX_yagA_predicted,0.06666666666666667,14,14,ATCTTGTATTTTTCGACCCC,0,4469713
yagB_insX_yagA_predicted,0.06666666666666667,14,14,ATCTTGACCCCTCACACGAA,0,4444003
yagB_insX_yagA_predicted,0.06666666666666667,14,14,ATCTAGCCAAAGAAAGATTT,0,4444751
yagB_insX_yagA_predicted,0.06666666666666667,14,14,ATCGGTAGCACCGTATTTCG,0,4459504
yagB_insX_yagA_predicted,0.06666666666666667,14,14,ATCCATATGAAACGAGAGCA,0,4439496
yagB_insX_yagA_predicted,0.06666666666666667,14,14,ATATCTATGGCGCGGTTTAA,0,4454982
yagB_insX_yagA_predicted,0.06666666666666667,14,14,ATATACACGGTGCCTTTGGT,0,4458133
yagB_insX_yagA_predicted,0.06666666666666667,14,14,ATACTGACTCTGAGGCTATA,0,4447526
yagB_insX_yagA_predicted,0.06666666666666667,14,14,AGTCGCGGTCGGATCTCATT,0,4453863
yagB_insX_yagA_predicted,0.06666666666666667,14,14,AGTAGTTGAAGGCGACGAGT,0,4466640
yagB_insX_yagA_predicted,0.06666666666666667,14,14,AGTAGTCCCTATATTCACAT,0,4436648
yagB_insX_yagA_predicted,0.06666666666666667,14,14,AGGTTCGACTATTGCGTCAA,0,4471453
yagB_insX_yagA_predicted,0.06666666666666667,14,14,AGGTGTAATGTTTCGAGGTG,0,4436003
yagB_insX_yagA_predicted,0.06666666666666667,14,14,AGGTGATACTTCCCTGGTTA,0,4456759
yagB_insX_yagA_predicted,0.06666666666666667,14,14,AGGGTCCGACTGGGTCACTG,0,4467130
yagB_insX_yagA_predicted,0.06666666666666667,14,14,AGGCATCGTGGTGGCCAACA,0,4466401
yagB_insX_yagA_predicted,0.06666666666666667,14,14,AGGCAGCCCGAGAAGACAGC,0,4467507
yagB_insX_yagA_predicted,0.06666666666666667,14,14,AGGATTAGGCCCAATGCCCC,0,4437054
yagB_insX_yagA_predicted,0.06666666666666667,14,14,AGCTTCCAGCTCCGCGTATA,0,4450931
yagB_insX_yagA_predicted,0.06666666666666667,14,14,AGCGTTCCGTACTCGAAGTA,0,4442428
yagB_insX_yagA_predicted,0.06666666666666667,14,14,AGCGGACGGATGTCGCTCAT,0,4440795
yagB_insX_yagA_predicted,0.06666666666666667,14,14,AGCCGGAAACGCACAATTAA,0,4436531
yagB_insX_yagA_predicted,0.06666666666666667,14,14,AGCAATTCAATGCAAGATGC,0,4455692
yagB_insX_yagA_predicted,0.06666666666666667,14,14,AGCAAATATGCGAGTGAGCT,0,4449438
yagB_insX_yagA_predicted,0.06666666666666667,14,14,AGCAAAACACCGCGGGCGGA,0,4450156
yagB_insX_yagA_predicted,0.06666666666666667,14,14,AGATGTTTCAGACCCCGAAT,0,4447151
yagB_insX_yagA_predicted,0.06666666666666667,14,14,AGAAGGAAACACAGCCGCGT,0,4443401
yagB_insX_yagA_predicted,0.06666666666666667,14,14,AGAAGCTACTCCTAACGCAG,0,4439653
yagB_insX_yagA_predicted,0.06666666666666667,14,14,AGAAATAGCAGTATCCTCAT,0,4453072
yagB_insX_yagA_predicted,0.06666666666666667,14,14,ACTGTTCACAGCCTTCCTTT,0,4466056
yagB_insX_yagA_predicted,0.06666666666666667,14,14,ACTGTGAGGCCCTAATCGAC,0,4456756
yagB_insX_yagA_predicted,0.06666666666666667,14,14,ACTCGTAACACCAGCTGTTA,0,4451185
yagB_insX_yagA_predicted,0.06666666666666667,14,14,ACTACGAGCCAAGTTATAAT,0,4439944
yagB_insX_yagA_predicted,0.06666666666666667,14,14,ACGTAGGTTATGCATCAGAT,0,4454332
yagB_insX_yagA_predicted,0.06666666666666667,14,14,ACGGCAACGCGTGTGCTCCC,0,4450139
yagB_insX_yagA_predicted,0.06666666666666667,14,14,ACGAGATTGGCAGAAATTCA,0,4448799
yagB_insX_yagA_predicted,0.06666666666666667,14,14,ACGACAATTACCAGTTAGTT,0,4450237
yagB_insX_yagA_predicted,0.06666666666666667,14,14,ACCTTCGGGTTTCACCACTG,0,4444389
yagB_insX_yagA_predicted,0.06666666666666667,14,14,ACCAAACGGGTGGGCAACAT,0,4457831
yagB_insX_yagA_predicted,0.06666666666666667,14,14,ACATTGCGGTCACACTGGTA,0,4460941
yagB_insX_yagA_predicted,0.06666666666666667,14,14,ACATCGGTCAGGAAAGGTCA,0,4469663
yagB_insX_yagA_predicted,0.06666666666666667,14,14,ACATCCGGCGACCCCTGGTT,0,4450393
yagB_insX_yagA_predicted,0.06666666666666667,14,14,ACAGGGCATGGCGCACGATG,0,4458566
yagB_insX_yagA_predicted,0.06666666666666667,14,14,ACACTACCGCGCTCAAGCCT,0,4442892
yagB_insX_yagA_predicted,0.06666666666666667,14,14,ACACAGTTCTTACGTCATGA,0,4454181
yagB_insX_yagA_predicted,0.06666666666666667,14,14,ACAAGGAAGGAGCAAGGCTA,0,4454654
yagB_insX_yagA_predicted,0.06666666666666667,14,14,AATTTCTAACTGTAGGAGAT,0,4464941
yagB_insX_yagA_predicted,0.06666666666666667,14,14,AATGTGAGAAATTGCTATGC,0,4436285
yagB_insX_yagA_predicted,0.06666666666666667,14,14,AATGCCGAGGCAGATATCCC,0,4463379
yagB_insX_yagA_predicted,0.06666666666666667,14,14,AATCGTAAAGAGAGCTGCCC,0,4464194
yagB_insX_yagA_predicted,0.06666666666666667,14,14,AATCCAGCCTATCCGGTGAA,0,4445321
yagB_insX_yagA_predicted,0.06666666666666667,14,14,AATAGAAATCATTAGTCGAT,0,4451936
yagB_insX_yagA_predicted,0.06666666666666667,14,14,AAGGCCCAGAGATTTTGTGA,0,4440985
yagB_insX_yagA_predicted,0.06666666666666667,14,14,AAGATCGGGGGAACAGAAAA,0,4468858
yagB_insX_yagA_predicted,0.06666666666666667,14,14,AAGAGCGTAAGGCGCCGACT,0,4453064
yagB_insX_yagA_predicted,0.06666666666666667,14,14,AAGAATGTTCGGGGTTGGTT,0,4446828
yagB_insX_yagA_predicted,0.06666666666666667,14,14,AACTGAGAGCCCGTGGGTCA,0,4454479
yagB_insX_yagA_predicted,0.06666666666666667,14,14,AACGATTATTGTATGCAGTG,0,4456469
yagB_insX_yagA_predicted,0.06666666666666667,14,14,AACAGATGTCCATACACCAA,0,4465278
yagB_insX_yagA_predicted,0.06666666666666667,14,14,AACACTCCGTCGAGAACGAT,0,4437868
yagB_insX_yagA_predicted,0.06666666666666667,14,14,AAAGCCGAAGTGGGGCGTCA,0,4436059
yagB_insX_yagA_predicted,0.06666666666666667,14,14,AAAGACAACTGATAGAATAG,0,4439465
yagB_insX_yagA_predicted,0.06666666666666667,14,14,AAACGATTACGCTTCTAGCC,0,4453506
yagB_insX_yagA_predicted,0.07142857142857142,13,13,TTTTGCACACGTGGCCATGA,0,4445945
yagB_insX_yagA_predicted,0.07142857142857142,13,13,TTTTCAGAGCTGCGTATCTC,0,4452946
yagB_insX_yagA_predicted,0.07142857142857142,13,13,TTTTCAAGCCATCGTACTGC,0,4467479
yagB_insX_yagA_predicted,0.07142857142857142,13,13,TTTTACTTACCCATAGGCTC,0,4445596
yagB_insX_yagA_predicted,0.07142857142857142,13,13,TTTCTGCGCGCTATCTCTAT,0,4459369
yagB_insX_yagA_predicted,0.07142857142857142,13,13,TTGCTGCTATGGAAACGGTA,0,4455073
yagB_insX_yagA_predicted,0.07142857142857142,13,13,TTCGAGGCTTATTAACCTGG,0,4457102
yagB_insX_yagA_predicted,0.07142857142857142,13,13,TTCCTGGTAATGCGTGCGCC,0,4452195
yagB_insX_yagA_predicted,0.07142857142857142,13,13,TTCCGGGAGCTCCCCCGTTA,0,4460947
yagB_insX_yagA_predicted,0.07142857142857142,13,13,TTCACGAAGCCTCTTATCTA,0,4467115
yagB_insX_yagA_predicted,0.07142857142857142,13,13,TTCAACACTCACTCAACGTT,0,4441885
yagB_insX_yagA_predicted,0.07142857142857142,13,13,TTATCGTAGCAAAGGCGGGA,0,4437111
yagB_insX_yagA_predicted,0.07142857142857142,13,13,TTATAGCAGCCCAGTAGTCA,0,4466466
yagB_insX_yagA_predicted,0.07142857142857142,13,13,TTAGTGTGAGGCTTATCTGT,0,4438554
yagB_insX_yagA_predicted,0.07142857142857142,13,13,TTAGGGGCTATTCGGTAAAC,0,4451709
yagB_insX_yagA_predicted,0.07142857142857142,13,13,TTAGCCTTCCTTCAAATCGG,0,4441111
yagB_insX_yagA_predicted,0.07142857142857142,13,13,TTACGTGTGAGACCAACTAT,0,4470061
yagB_insX_yagA_predicted,0.07142857142857142,13,13,TTACGGTTTACCGAGTCGAG,0,4452286
yagB_insX_yagA_predicted,0.07142857142857142,13,13,TTACCCGGCACGTGCCGGAG,0,4449196
yagB_insX_yagA_predicted,0.07142857142857142,13,13,TGTTGATCCATGTGGATGCA,0,4438283
yagB_insX_yagA_predicted,0.07142857142857142,13,13,TGTTGAAGCATACTCGGAAC,0,4464460
yagB_insX_yagA_predicted,0.07142857142857142,13,13,TGTCTTTCGTAACAAATGGA,0,4464750
yagB_insX_yagA_predicted,0.07142857142857142,13,13,TGTCTGCCGCCTAAACACGA,0,4465611
yagB_insX_yagA_predicted,0.07142857142857142,13,13,TGTCCTTCGCATTCGTCCAA,0,4469261
yagB_insX_yagA_predicted,0.07142857142857142,13,13,TGTCCTGACAAGACGGGATT,0,4470944
yagB_insX_yagA_predicted,0.07142857142857142,13,13,TGTATAGCAGAATGCGGAAA,0,4458189
yagB_insX_yagA_predicted,0.07142857142857142,13,13,TGTAGCTGAAGCCATGGGTC,0,4468380
yagB_insX_yagA_predicted,0.07142857142857142,13,13,TGTAGCCTATGTTTATTTTG,0,4439651
yagB_insX_yagA_predicted,0.07142857142857142,13,13,TGGGTAGTACGATACTTAAC,0,4442800
yagB_insX_yagA_predicted,0.07142857142857142,13,13,TGGGCTTAAGGCCACAGACT,0,4453825
yagB_insX_yagA_predicted,0.07142857142857142,13,13,TGGGAGTAACAGAGGGATAA,0,4455201
yagB_insX_yagA_predicted,0.07142857142857142,13,13,TGGCTTTAGCATAATTATGA,0,4470913
yagB_insX_yagA_predicted,0.07142857142857142,13,13,TGGCTGCGCCACTACGCTTC,0,4453009
yagB_insX_yagA_predicted,0.07142857142857142,13,13,TGGCCTAGCTGATTGCCGAG,0,4447224
yagB_insX_yagA_predicted,0.07142857142857142,13,13,TGGACGGGTTCCGAAGAAGG,0,4438038
yagB_insX_yagA_predicted,0.07142857142857142,13,13,TGCTTACTTATGAGTATGAG,0,4443184
yagB_insX_yagA_predicted,0.07142857142857142,13,13,TGCTATTAAGGTCCGGTTCG,0,4459460
yagB_insX_yagA_predicted,0.07142857142857142,13,13,TGCGAGTCGGTCGGCCAGAT,0,4460417
yagB_insX_yagA_predicted,0.07142857142857142,13,13,TGCCACGCTAACCAGTATAG,0,4461287
yagB_insX_yagA_predicted,0.07142857142857142,13,13,TGATTCATTGGGTCCAAACA,0,4437273
yagB_insX_yagA_predicted,0.07142857142857142,13,13,TGATGTAGAGGCACGAAGCA,0,4466547
yagB_insX_yagA_predicted,0.07142857142857142,13,13,TGATGACGTTGCTAAGTCAA,0,4442267
yagB_insX_yagA_predicted,0.07142857142857142,13,13,TGACTTGATTCTTGGTTTTG,0,4453345
yagB_insX_yagA_predicted,0.07142857142857142,13,13,TGAAGCGATGACGGGCATCC,0,4452853
yagB_insX_yagA_predicted,0.07142857142857142,13,13,TGAAACGCTCCACCGGTTAT,0,4449377
yagB_insX_yagA_predicted,0.07142857142857142,13,13,TCTTGGGTATGGCTAGTCCC,0,4468408
yagB_insX_yagA_predicted,0.07142857142857142,13,13,TCTGTGGGGACACGGGGGTT,0,4439381
yagB_insX_yagA_predicted,0.07142857142857142,13,13,TCTGCCCAGACGCGTCCATG,0,4445297
yagB_insX_yagA_predicted,0.07142857142857142,13,13,TCGGTTCTAGGCCGGAGATT,0,4457385
yagB_insX_yagA_predicted,0.07142857142857142,13,13,TCGGGTAATAGTTCGCTCTT,0,4446135
yagB_insX_yagA_predicted,0.07142857142857142,13,13,TCGCGCACTTAGTGACGACG,0,4441120
yagB_insX_yagA_predicted,0.07142857142857142,13,13,TCGCCGGTGCGAAGAGGTCT,0,4447402
yagB_insX_yagA_predicted,0.07142857142857142,13,13,TCGCCCGGAAGCGAGTGCCT,0,4454043
yagB_insX_yagA_predicted,0.07142857142857142,13,13,TCGCATTACGAACACTGGTT,0,4443542
yagB_insX_yagA_predicted,0.07142857142857142,13,13,TCGATTATTAAATTTCGCGC,0,4460879
yagB_insX_yagA_predicted,0.07142857142857142,13,13,TCGACTTGAAGTACTGCGAT,0,4464828
yagB_insX_yagA_predicted,0.07142857142857142,13,13,TCGAATCTAGCACAATCAAT,0,4452966
yagB_insX_yagA_predicted,0.07142857142857142,13,13,TCCTGGCACAGACTGTGGTC,0,4446916
yagB_insX_yagA_predicted,0.07142857142857142,13,13,TCCGCCCCTCTGTAACGATG,0,4467226
yagB_insX_yagA_predicted,0.07142857142857142,13,13,TCCGCATCACATATGGATTT,0,4461035
yagB_insX_yagA_predicted,0.07142857142857142,13,13,TCCCTTGCTACCGGTCCTGG,0,4447018
yagB_insX_yagA_predicted,0.07142857142857142,13,13,TCCATCCGCAACCATGGCAA,0,4450006
yagB_insX_yagA_predicted,0.07142857142857142,13,13,TCCAATGTGGGGAACTCCTA,0,4451068
yagB_insX_yagA_predicted,0.07142857142857142,13,13,TCATGGTGGGCACTTGTGCA,0,4467538
yagB_insX_yagA_predicted,0.07142857142857142,13,13,TCATGCTTATATGCAACTGA,0,4449821
yagB_insX_yagA_predicted,0.07142857142857142,13,13,TCATGCGCGGACAAGGTAAA,0,4438492
yagB_insX_yagA_predicted,0.07142857142857142,13,13,TCAGTCTTCGACTCTGCGAT,0,4469240
yagB_insX_yagA_predicted,0.07142857142857142,13,13,TCAGGTATTTCGGAAGTGCA,0,4450914
yagB_insX_yagA_predicted,0.07142857142857142,13,13,TCACGGGTCGGTAAGGTAAT,0,4442149
yagB_insX_yagA_predicted,0.07142857142857142,13,13,TCACGACATGTAGCGAACCA,0,4439026
yagB_insX_yagA_predicted,0.07142857142857142,13,13,TCACCATCAGACATAATTTT,0,4459471
yagB_insX_yagA_predicted,0.07142857142857142,13,13,TCACCATAAACCCTGCTCTC,0,4447755
yagB_insX_yagA_predicted,0.07142857142857142,13,13,TCACAGACAACGTGCGCGCG,0,4457962
yagB_insX_yagA_predicted,0.07142857142857142,13,13,TCAAGATAGCGGAACTGTAG,0,4437800
yagB_insX_yagA_predicted,0.07142857142857142,13,13,TCAAAGACGCAGTTAGCGCG,0,4437508
yagB_insX_yagA_predicted,0.07142857142857142,13,13,TATATTTTGCCTATAAGTTG,0,4457959
yagB_insX_yagA_predicted,0.07142857142857142,13,13,TAGGTGGATTTCATCTCTGC,0,4449458
yagB_insX_yagA_predicted,0.07142857142857142,13,13,TAGGAGTCGCATGGAACTGG,0,4461717
yagB_insX_yagA_predicted,0.07142857142857142,13,13,TAGCTCATCTATCGAAGATT,0,4444680
yagB_insX_yagA_predicted,0.07142857142857142,13,13,TAGCGCGAGATTGCCGTTAC,0,4459099
yagB_insX_yagA_predicted,0.07142857142857142,13,13,TAGCATCGGATCCTCCGGGT,0,4467316
yagB_insX_yagA_predicted,0.07142857142857142,13,13,TAGAGACAGCGCCTGGCAGG,0,4446865
yagB_insX_yagA_predicted,0.07142857142857142,13,13,TACGGTTTGAAGGGTCCAAG,0,4456783
yagB_insX_yagA_predicted,0.07142857142857142,13,13,TACCCGAGGGACCAATCACT,0,4451624
yagB_insX_yagA_predicted,0.07142857142857142,13,13,TACAGCCCTGAACACACGCA,0,4469623
yagB_insX_yagA_predicted,0.07142857142857142,13,13,TAAGACCTCCGACGACAAGT,0,4438123
yagB_insX_yagA_predicted,0.07142857142857142,13,13,TAAGAAATGCTTATAACGAA,0,4462919
yagB_insX_yagA_predicted,0.07142857142857142,13,13,GTTTAACGAAACGCAAGGCT,0,4458099
yagB_insX_yagA_predicted,0.07142857142857142,13,13,GTTGGTGTACTGAAAGGGAT,0,4444432
yagB_insX_yagA_predicted,0.07142857142857142,13,13,GTTGGGATTGTCAGTACCAT,0,4451257
yagB_insX_yagA_predicted,0.07142857142857142,13,13,GTTGATCGTCAACCCCCCTC,0,4457597
yagB_insX_yagA_predicted,0.07142857142857142,13,13,GTTCTAGTGGATCAGGGGTA,0,4450948
yagB_insX_yagA_predicted,0.07142857142857142,13,13,GTGTGTTGCATATTGCCTGA,0,4464683
yagB_insX_yagA_predicted,0.07142857142857142,13,13,GTGTGGCAGGGACACATTAC,0,4437824
yagB_insX_yagA_predicted,0.07142857142857142,13,13,GTGGGAGCGAGACATATATC,0,4439075
yagB_insX_yagA_predicted,0.07142857142857142,13,13,GTGGAAAATAGGAGCACGAT,0,4466388
yagB_insX_yagA_predicted,0.07142857142857142,13,13,GTGCATAAGAGAAGACCTTA,0,4459877
yagB_insX_yagA_predicted,0.07142857142857142,13,13,GTCGCGCTAATGGTACCGAA,0,4451953
yagB_insX_yagA_predicted,0.07142857142857142,13,13,GTCGAACTTATTTAGCGAAT,0,4468101
yagB_insX_yagA_predicted,0.07142857142857142,13,13,GTCCTTTCTTTAACTCTCCG,0,4468587
yagB_insX_yagA_predicted,0.07142857142857142,13,13,GTAGTCCCGCCATTAACATA,0,4462639
yagB_insX_yagA_predicted,0.07142857142857142,13,13,GTAGGCTCCAACAAGTTTGG,0,4461681
yagB_insX_yagA_predicted,0.07142857142857142,13,13,GTACTACCGGTAATGTCACT,0,4440351
yagB_insX_yagA_predicted,0.07142857142857142,13,13,GTACGTCGTCGCAATTTGGA,0,4445986
yagB_insX_yagA_predicted,0.07142857142857142,13,13,GTAACTCCCGTCGTAGCCAG,0,4468747
yagB_insX_yagA_predicted,0.07142857142857142,13,13,GGTTTTACCCGCGGTACGCC,0,4448836
yagB_insX_yagA_predicted,0.07142857142857142,13,13,GGTTGATAGGCGCTTCCCGG,0,4456707
yagB_insX_yagA_predicted,0.07142857142857142,13,13,GGTTCTTTGTACAACCGTTA,0,4450459
yagB_insX_yagA_predicted,0.07142857142857142,13,13,GGTTATGACGGCTCCTAGTA,0,4471759
yagB_insX_yagA_predicted,0.07142857142857142,13,13,GGTGTTATCTGCGATCAATA,0,4446384
yagB_insX_yagA_predicted,0.07142857142857142,13,13,GGTCTCCAATGTAAGCCAAT,0,4470758
yagB_insX_yagA_predicted,0.07142857142857142,13,13,GGTCGGCAGGGGTGGGGAAA,0,4466062
yagB_insX_yagA_predicted,0.07142857142857142,13,13,GGTCAACACCTATAAGTATT,0,4456425
yagB_insX_yagA_predicted,0.07142857142857142,13,13,GGTAGTTGCTTCCTCCCATC,0,4468037
yagB_insX_yagA_predicted,0.07142857142857142,13,13,GGTAGGGTAGATGGCCGATT,0,4465919
yagB_insX_yagA_predicted,0.07142857142857142,13,13,GGTACTTAAGTAACGGGACC,0,4447408
yagB_insX_yagA_predicted,0.07142857142857142,13,13,GGCTCAGCATTACGGATATT,0,4464725
yagB_insX_yagA_predicted,0.07142857142857142,13,13,GGCGTTTTCTCGAGACACTG,0,4436258
yagB_insX_yagA_predicted,0.07142857142857142,13,13,GGCGTTTCCGTAGCTGCCTT,0,4453189
yagB_insX_yagA_predicted,0.07142857142857142,13,13,GGCGCGGATAATGCTATGAA,0,4460456
yagB_insX_yagA_predicted,0.07142857142857142,13,13,GGCGATCCTTTCATGCGGGC,0,4439153
yagB_insX_yagA_predicted,0.07142857142857142,13,13,GGCAAATCTTGACACTGTAA,0,4472147
yagB_insX_yagA_predicted,0.07142857142857142,13,13,GGATGACCATCTCCGGCACG,0,4444571
yagB_insX_yagA_predicted,0.07142857142857142,13,13,GGATCCTCCGGGACCGCTTA,0,4448679
yagB_insX_yagA_predicted,0.07142857142857142,13,13,GGAGCCCCCGGTGTGAACCA,0,4469656
yagB_insX_yagA_predicted,0.07142857142857142,13,13,GGACACCACGTCATTATCCA,0,4452792
yagB_insX_yagA_predicted,0.07142857142857142,13,13,GGAAGAGGGATTCGCGGTGT,0,4452989
yagB_insX_yagA_predicted,0.07142857142857142,13,13,GCTTTAAACCCAAACTTTCT,0,4441582
yagB_insX_yagA_predicted,0.07142857142857142,13,13,GCTTACCGTGGATCGGTAGC,0,4457635
yagB_insX_yagA_predicted,0.07142857142857142,13,13,GCTCGGAGTGGCTGTAGGCC,0,4438382
yagB_insX_yagA_predicted,0.07142857142857142,13,13,GCTCCTGCAAGGGTCCTCGG,0,4466403
yagB_insX_yagA_predicted,0.07142857142857142,13,13,GCTCCATCACGTACAGGAAA,0,4448721
yagB_insX_yagA_predicted,0.07142857142857142,13,13,GCTCAGTAAAAGGTGCCCAG,0,4453788
yagB_insX_yagA_predicted,0.07142857142857142,13,13,GCTAGTCACAAGTTTTTTAG,0,4438409
yagB_insX_yagA_predicted,0.07142857142857142,13,13,GCTAATCGGACTCGATGGAC,0,4436057
yagB_insX_yagA_predicted,0.07142857142857142,13,13,GCGGTGCTAAGCTCGACACT,0,4467172
yagB_insX_yagA_predicted,0.07142857142857142,13,13,GCGGGATGCAAGCGCTCTGG,0,4462695
yagB_insX_yagA_predicted,0.07142857142857142,13,13,GCGGCCAGACAGGCTGGATG,0,4462502
yagB_insX_yagA_predicted,0.07142857142857142,13,13,GCGCTTGATGTATTCATTTA,0,4467420
yagB_insX_yagA_predicted,0.07142857142857142,13,13,GCGCATTCCAGGAGGAATTG,0,4464282
yagB_insX_yagA_predicted,0.07142857142857142,13,13,GCGATTGCATGATGGCGGTT,0,4447301
yagB_insX_yagA_predicted,0.07142857142857142,13,13,GCCTTCGAACGGACAAGCAG,0,4463309
yagB_insX_yagA_predicted,0.07142857142857142,13,13,GCCGTTATGCATCGCGAGCT,0,4463096
yagB_insX_yagA_predicted,0.07142857142857142,13,13,GCCCCTATCGAGGTTCGCGT,0,4452385
yagB_insX_yagA_predicted,0.07142857142857142,13,13,GCCCCCGGCGTATTCTTTGT,0,4456711
yagB_insX_yagA_predicted,0.07142857142857142,13,13,GCCCCCGGACCTCCTGAAGC,0,4466884
yagB_insX_yagA_predicted,0.07142857142857142,13,13,GCCAGCCCACATCGAGTTCG,0,4461000
yagB_insX_yagA_predicted,0.07142857142857142,13,13,GCATACGGCCCTCAAGCGAC,0,4441011
yagB_insX_yagA_predicted,0.07142857142857142,13,13,GCAGATACCGTTCAATAAGC,0,4438561
yagB_insX_yagA_predicted,0.07142857142857142,13,13,GCAGACGTAGAGTGGATCGA,0,4466639
yagB_insX_yagA_predicted,0.07142857142857142,13,13,GCACCGGCTTCTGTACCTTG,0,4464920
yagB_insX_yagA_predicted,0.07142857142857142,13,13,GCACAGAATAAACGTAGTCC,0,4463786
yagB_insX_yagA_predicted,0.07142857142857142,13,13,GCAAATGGACGGACGCGGCC,0,4467731
yagB_insX_yagA_predicted,0.07142857142857142,13,13,GCAAAAATTCTGTCATCTGT,0,4465622
yagB_insX_yagA_predicted,0.07142857142857142,13,13,GATTTGGTTCTACCTCGGTT,0,4463717
yagB_insX_yagA_predicted,0.07142857142857142,13,13,GATTGGGTCTCCCTGTTTTA,0,4466373
yagB_insX_yagA_predicted,0.07142857142857142,13,13,GATTGGCGAGCTCATGATTT,0,4450431
yagB_insX_yagA_predicted,0.07142857142857142,13,13,GATATCTGGGTCAACATAAG,0,4465253
yagB_insX_yagA_predicted,0.07142857142857142,13,13,GATACTCTGTGAAGTTCTCT,0,4444953
yagB_insX_yagA_predicted,0.07142857142857142,13,13,GATACGGAGGACCATTTGCA,0,4455995
yagB_insX_yagA_predicted,0.07142857142857142,13,13,GAGTTGATGCAAGCATATAA,0,4454486
yagB_insX_yagA_predicted,0.07142857142857142,13,13,GAGGCATTCTACAGTTTTGG,0,4465783
yagB_insX_yagA_predicted,0.07142857142857142,13,13,GAGCTCGATCCCTCATGTAA,0,4436646
yagB_insX_yagA_predicted,0.07142857142857142,13,13,GAGAATCTGGTCGCGTGAAT,0,4455794
yagB_insX_yagA_predicted,0.07142857142857142,13,13,GACGCCTCTTCGCTCCATCA,0,4465595
yagB_insX_yagA_predicted,0.07142857142857142,13,13,GACGCCAGTGAGACCGGAAG,0,4471858
yagB_insX_yagA_predicted,0.07142857142857142,13,13,GACCAAGGACGCCTCGTCGA,0,4461297
yagB_insX_yagA_predicted,0.07142857142857142,13,13,GAATGTTTAGTCATTACTTG,0,4453155
yagB_insX_yagA_predicted,0.07142857142857142,13,13,GAAGTGGAGCGGGTTTCCAG,0,4454815
yagB_insX_yagA_predicted,0.07142857142857142,13,13,GAAGACGCAGCTTCGAGTCA,0,4456565
yagB_insX_yagA_predicted,0.07142857142857142,13,13,GAAACCCGCTGGGTTTGAGG,0,4443720
yagB_insX_yagA_predicted,0.07142857142857142,13,13,CTTGGTCCATTAACATTTGA,0,4469538
yagB_insX_yagA_predicted,0.07142857142857142,13,13,CTTGCTAACTTGGTTTGGCC,0,4448656
yagB_insX_yagA_predicted,0.07142857142857142,13,13,CTTGCCGCTAGGCCAACCTT,0,4443824
yagB_insX_yagA_predicted,0.07142857142857142,13,13,CTTCTCAAAACAGCAGTTCC,0,4440895
yagB_insX_yagA_predicted,0.07142857142857142,13,13,CTTATTCTGGAAAAATTAGA,0,4458942
yagB_insX_yagA_predicted,0.07142857142857142,13,13,CTTATGTGCGGTGTAAATCA,0,4444224
yagB_insX_yagA_predicted,0.07142857142857142,13,13,CTGTGCGCAGCTTGATTCGC,0,4451327
yagB_insX_yagA_predicted,0.07142857142857142,13,13,CTGCTTAGGGGATAGACGCT,0,4436931
yagB_insX_yagA_predicted,0.07142857142857142,13,13,CTGCTCCAGACGTACGCTAA,0,4463530
yagB_insX_yagA_predicted,0.07142857142857142,13,13,CTGCTCATTCGACTATGATA,0,4451903
yagB_insX_yagA_predicted,0.07142857142857142,13,13,CTGACGCACGACGCAACTGA,0,4469638
yagB_insX_yagA_predicted,0.07142857142857142,13,13,CTCGTGTTTACCTCCTTGTA,0,4437470
yagB_insX_yagA_predicted,0.07142857142857142,13,13,CTCCTTGGGCAGGCCTGATA,0,4452968
yagB_insX_yagA_predicted,0.07142857142857142,13,13,CTCAATAGTTATCACAGGGA,0,4452013
yagB_insX_yagA_predicted,0.07142857142857142,13,13,CTATACACTAGGAGTGCCAG,0,4456165
yagB_insX_yagA_predicted,0.07142857142857142,13,13,CTAGGGTATCACCTTTGGTT,0,4455639
yagB_insX_yagA_predicted,0.07142857142857142,13,13,CTAGCGGCCCTTCCAGTCTT,0,4439208
yagB_insX_yagA_predicted,0.07142857142857142,13,13,CTAAAAAAGACGCACGAAGG,0,4457929
yagB_insX_yagA_predicted,0.07142857142857142,13,13,CGTTGTACGTTTATTAAGAG,0,4458671
yagB_insX_yagA_predicted,0.07142857142857142,13,13,CGTTGGTTGGAAGTTCGAAA,0,4456291
yagB_insX_yagA_predicted,0.07142857142857142,13,13,CGTTGATGTCGTCATCCATG,0,4468683
yagB_insX_yagA_predicted,0.07142857142857142,13,13,CGTCTACAAGAGCACCGCGA,0,4457465
yagB_insX_yagA_predicted,0.07142857142857142,13,13,CGTACGACTGGGGTGGGACG,0,4454131
yagB_insX_yagA_predicted,0.07142857142857142,13,13,CGTAATGTAAAAGTGGCAAC,0,4443592
yagB_insX_yagA_predicted,0.07142857142857142,13,13,CGTAAACCATCTCATAGAGG,0,4436764
yagB_insX_yagA_predicted,0.07142857142857142,13,13,CGGTTGTATTTCAAATCATT,0,4456991
yagB_insX_yagA_predicted,0.07142857142857142,13,13,CGGTATTAGAGACTGGATCA,0,4460848
yagB_insX_yagA_predicted,0.07142857142857142,13,13,CGGGTAAGCCATACCGTGTG,0,4455050
yagB_insX_yagA_predicted,0.07142857142857142,13,13,CGGCTCGCAACTTACGACCA,0,4440809
yagB_insX_yagA_predicted,0.07142857142857142,13,13,CGGCTAGCTGTTGCAGGGGA,0,4459503
yagB_insX_yagA_predicted,0.07142857142857142,13,13,CGGAGGATTTCCCAAGTCCT,0,4441833
yagB_insX_yagA_predicted,0.07142857142857142,13,13,CGGACACAGCTCGGTAGGGT,0,4467095
yagB_insX_yagA_predicted,0.07142857142857142,13,13,CGGAACCGTTATTCGTATAA,0,4440777
yagB_insX_yagA_predicted,0.07142857142857142,13,13,CGCTTTATTGGAGTCTATTA,0,4441483
yagB_insX_yagA_predicted,0.07142857142857142,13,13,CGCGTATGTAGCACTCCCGT,0,4453090
yagB_insX_yagA_predicted,0.07142857142857142,13,13,CGCGGCTTCCTTTAGGGGCT,0,4440165
yagB_insX_yagA_predicted,0.07142857142857142,13,13,CGCGCCCTTACATACTACCC,0,4449360
yagB_insX_yagA_predicted,0.07142857142857142,13,13,CGCCGCGCTTACCAGTCTAA,0,4459992
yagB_insX_yagA_predicted,0.07142857142857142,13,13,CGCCGCCAGTCGCAGCCCTC,0,4443522
yagB_insX_yagA_predicted,0.07142857142857142,13,13,CGCCGATACTCACACTCATA,0,4451498
yagB_insX_yagA_predicted,0.07142857142857142,13,13,CGCCCCGACAAGGGAGTTCT,0,4450279
yagB_insX_yagA_predicted,0.07142857142857142,13,13,CGCAAGCGGCTCTCCACGAT,0,4443871
yagB_insX_yagA_predicted,0.07142857142857142,13,13,CGATTGCCCACAGAAACGAG,0,4463345
yagB_insX_yagA_predicted,0.07142857142857142,13,13,CGAGTCATTGTGAAATATCG,0,4436381
yagB_insX_yagA_predicted,0.07142857142857142,13,13,CGAGATTTAGGACGTGCCCG,0,4452789
yagB_insX_yagA_predicted,0.07142857142857142,13,13,CGAGAGAACGTGTCTCTCAG,0,4464641
yagB_insX_yagA_predicted,0.07142857142857142,13,13,CGACGGTGTATATAATCTCT,0,4454703
yagB_insX_yagA_predicted,0.07142857142857142,13,13,CGACAACTCGGTCGCGCGAA,0,4465114
yagB_insX_yagA_predicted,0.07142857142857142,13,13,CCTTCGTGGCATGACCTGGA,0,4444610
yagB_insX_yagA_predicted,0.07142857142857142,13,13,CCTTCGGTCTTTATGCTCTT,0,4458563
yagB_insX_yagA_predicted,0.07142857142857142,13,13,CCTGTATAGTCCCAAGGCTA,0,4459146
yagB_insX_yagA_predicted,0.07142857142857142,13,13,CCTGTACTAGGGCCGTACGT,0,4448537
yagB_insX_yagA_predicted,0.07142857142857142,13,13,CCTCTCCTGGTGATATCAAA,0,4444899
yagB_insX_yagA_predicted,0.07142857142857142,13,13,CCTAAATCATGGCGAGAATT,0,4471050
yagB_insX_yagA_predicted,0.07142857142857142,13,13,CCGTTTGTCCGAGGTAGAAT,0,4457759
yagB_insX_yagA_predicted,0.07142857142857142,13,13,CCGTGGAGGGAACTCCTATT,0,4461544
yagB_insX_yagA_predicted,0.07142857142857142,13,13,CCGGTTCGTTTCTACGTCGG,0,4448873
yagB_insX_yagA_predicted,0.07142857142857142,13,13,CCGGGCCGAAGTCAGAAATA,0,4447131
yagB_insX_yagA_predicted,0.07142857142857142,13,13,CCGGGATAGGTTGAGTCTCC,0,4469089
yagB_insX_yagA_predicted,0.07142857142857142,13,13,CCGGCCAATGATATAAAACC,0,4441012
yagB_insX_yagA_predicted,0.07142857142857142,13,13,CCGCGGAGGACGGCCTTAAA,0,4460981
yagB_insX_yagA_predicted,0.07142857142857142,13,13,CCGCACCAGGGTAACGTGGT,0,4467536
yagB_insX_yagA_predicted,0.07142857142857142,13,13,CCGAGGCGAGCGTGCCCGGC,0,4469035
yagB_insX_yagA_predicted,0.07142857142857142,13,13,CCCTGAACAATAACTACAGG,0,4461502
yagB_insX_yagA_predicted,0.07142857142857142,13,13,CCCTCGCCAAAAGCACTCAA,0,4462845
yagB_insX_yagA_predicted,0.07142857142857142,13,13,CCCTCATCTTACTGTCTCTA,0,4436022
yagB_insX_yagA_predicted,0.07142857142857142,13,13,CCCTAGACGAGTGCCACGCT,0,4443412
yagB_insX_yagA_predicted,0.07142857142857142,13,13,CCCGCCGGTCTAATAAGTTT,0,4449448
yagB_insX_yagA_predicted,0.07142857142857142,13,13,CCCGCAGCATGAATTTTCAA,0,4468317
yagB_insX_yagA_predicted,0.07142857142857142,13,13,CCCGAGTTTATCAGAAGAAA,0,4449713
yagB_insX_yagA_predicted,0.07142857142857142,13,13,CCCCACACGGAAGCCTATAA,0,4455458
yagB_insX_yagA_predicted,0.07142857142857142,13,13,CCCAAGTGATTTCCTTCGCA,0,4468913
yagB_insX_yagA_predicted,0.07142857142857142,13,13,CCCAAGCATTGCTACACCCG,0,4457345
yagB_insX_yagA_predicted,0.07142857142857142,13,13,CCCAAGACCAGGGTCTCAGT,0,4437156
yagB_insX_yagA_predicted,0.07142857142857142,13,13,CCATTCTGGAAGGCTTAGTG,0,4439014
yagB_insX_yagA_predicted,0.07142857142857142,13,13,CCATAGTGCTACAGAGGGCA,0,4466818
yagB_insX_yagA_predicted,0.07142857142857142,13,13,CCATACTGGTGTTCGGGGTG,0,4460036
yagB_insX_yagA_predicted,0.07142857142857142,13,13,CCAGTCCCGAGAATCGAATG,0,4441879
yagB_insX_yagA_predicted,0.07142857142857142,13,13,CCACGAGTGATCACTATTGC,0,4448780
yagB_insX_yagA_predicted,0.07142857142857142,13,13,CATTGGGTTCGTACGCGCAG,0,4450601
yagB_insX_yagA_predicted,0.07142857142857142,13,13,CATTGGACAAGGATAAGTCT,0,4446159
yagB_insX_yagA_predicted,0.07142857142857142,13,13,CATGTTGAGATCGCCACTGG,0,4438101
yagB_insX_yagA_predicted,0.07142857142857142,13,13,CATGTATTTGGTTTATACTT,0,4453514
yagB_insX_yagA_predicted,0.07142857142857142,13,13,CATCCTTAGTTAAAACATTC,0,4457358
yagB_insX_yagA_predicted,0.07142857142857142,13,13,CATCCTGAAGGGCACCGGGT,0,4450508
yagB_insX_yagA_predicted,0.07142857142857142,13,13,CATATAGTCGGGCATTGTCA,0,4460155
yagB_insX_yagA_predicted,0.07142857142857142,13,13,CAGTAGGTAACAGGGGGGTA,0,4449517
yagB_insX_yagA_predicted,0.07142857142857142,13,13,CAGGATGTGGGGTGGCTAAT,0,4436689
yagB_insX_yagA_predicted,0.07142857142857142,13,13,CAGCACCGAGGATAGACATT,0,4458750
yagB_insX_yagA_predicted,0.07142857142857142,13,13,CAGAGCAGCCCTGAAAGGCC,0,4468368
yagB_insX_yagA_predicted,0.07142857142857142,13,13,CAGACGTTAGTCATCAGCCG,0,4461953
yagB_insX_yagA_predicted,0.07142857142857142,13,13,CAGACACTATAGGTATGTTG,0,4472356
yagB_insX_yagA_predicted,0.07142857142857142,13,13,CACTCTAATCTAGAATGCCT,0,4464629
yagB_insX_yagA_predicted,0.07142857142857142,13,13,CACTCGGGCAACATGGATTA,0,4439176
yagB_insX_yagA_predicted,0.07142857142857142,13,13,CACGTCACGTTTGTGGGTGC,0,4462701
yagB_insX_yagA_predicted,0.07142857142857142,13,13,CACGGACTATAAGCTTCAGT,0,4438844
yagB_insX_yagA_predicted,0.07142857142857142,13,13,CACGCGGAGTGTGTTGGTCT,0,4470946
yagB_insX_yagA_predicted,0.07142857142857142,13,13,CACGCGGAGAAGTTTTCTAT,0,4449800
yagB_insX_yagA_predicted,0.07142857142857142,13,13,CACCCCGGTGAGCGGAGTTG,0,4449111
yagB_insX_yagA_predicted,0.07142857142857142,13,13,CACCAGACGTTTCTCAAATG,0,4440558
yagB_insX_yagA_predicted,0.07142857142857142,13,13,CACCACAGCAACGTGGCATT,0,4468149
yagB_insX_yagA_predicted,0.07142857142857142,13,13,CACACTTCAAAGACATCAGG,0,4453297
yagB_insX_yagA_predicted,0.07142857142857142,13,13,CACACAGCCCCGGTACACGG,0,4463258
yagB_insX_yagA_predicted,0.07142857142857142,13,13,CACAACCATAGACCATTGTG,0,4460082
yagB_insX_yagA_predicted,0.07142857142857142,13,13,CAATCCATTATGAGGGCCAC,0,4440679
yagB_insX_yagA_predicted,0.07142857142857142,13,13,CAACAGGATGGCCTGAAAGG,0,4447758
yagB_insX_yagA_predicted,0.07142857142857142,13,13,CAAACAGAGAGGGCATTATG,0,4456504
yagB_insX_yagA_predicted,0.07142857142857142,13,13,ATTGCCGCTCAACTTAGGAT,0,4464983
yagB_insX_yagA_predicted,0.07142857142857142,13,13,ATTATTGAGCTCCTACGACT,0,4458426
yagB_insX_yagA_predicted,0.07142857142857142,13,13,ATTATCCTGGTAAGCGTGCT,0,4439769
yagB_insX_yagA_predicted,0.07142857142857142,13,13,ATTATACAGGTCAGAAGAGT,0,4455449
yagB_insX_yagA_predicted,0.07142857142857142,13,13,ATGTTCATTCTTTTAGGTGA,0,4449207
yagB_insX_yagA_predicted,0.07142857142857142,13,13,ATGTAGAGATGAGTATGGTC,0,4453511
yagB_insX_yagA_predicted,0.07142857142857142,13,13,ATGGCGCACAAAGGTCACGC,0,4450594
yagB_insX_yagA_predicted,0.07142857142857142,13,13,ATGGAGCCATATATTTCGAA,0,4469603
yagB_insX_yagA_predicted,0.07142857142857142,13,13,ATGATCTGTCCAATCCGCAG,0,4443201
yagB_insX_yagA_predicted,0.07142857142857142,13,13,ATGACGTCTATCATATGAAC,0,4444287
yagB_insX_yagA_predicted,0.07142857142857142,13,13,ATCGTGCGCTAACATTGGGA,0,4435942
yagB_insX_yagA_predicted,0.07142857142857142,13,13,ATCGGGGGTCCCGGAAGATC,0,4441422
yagB_insX_yagA_predicted,0.07142857142857142,13,13,ATCGAGCCCTACGGAACGGC,0,4440557
yagB_insX_yagA_predicted,0.07142857142857142,13,13,ATCCCGAGTTGGTAGTTTGT,0,4461381
yagB_insX_yagA_predicted,0.07142857142857142,13,13,ATCAGTTACCAGCGTCGTGT,0,4449515
yagB_insX_yagA_predicted,0.07142857142857142,13,13,ATATGAAAAGCCTAGATATT,0,4459102
yagB_insX_yagA_predicted,0.07142857142857142,13,13,ATATACGCCATGAGGCAGGT,0,4443345
yagB_insX_yagA_predicted,0.07142857142857142,13,13,ATAGCATAGGCGGAGTATGT,0,4439439
yagB_insX_yagA_predicted,0.07142857142857142,13,13,ATACTACTCCGCAGATCATC,0,4448354
yagB_insX_yagA_predicted,0.07142857142857142,13,13,ATACCAGGGATACGGACTCA,0,4458689
yagB_insX_yagA_predicted,0.07142857142857142,13,13,AGTTGTCTATCGGCACTGTA,0,4454338
yagB_insX_yagA_predicted,0.07142857142857142,13,13,AGTGTGACTATTTCGACTGT,0,4456628
yagB_insX_yagA_predicted,0.07142857142857142,13,13,AGTCACTGCGAGCCGAAGTT,0,4465700
yagB_insX_yagA_predicted,0.07142857142857142,13,13,AGGTAGACGTAGGCGATGAA,0,4448195
yagB_insX_yagA_predicted,0.07142857142857142,13,13,AGGGTGATCGACATGCTCCC,0,4443241
yagB_insX_yagA_predicted,0.07142857142857142,13,13,AGGGGCGGATCCAAACCTAT,0,4439189
yagB_insX_yagA_predicted,0.07142857142857142,13,13,AGGCGCGGGTCAGCCGAATT,0,4455099
yagB_insX_yagA_predicted,0.07142857142857142,13,13,AGGCGCAGCTCAAATGTGTG,0,4448148
yagB_insX_yagA_predicted,0.07142857142857142,13,13,AGGATGGTAAGTAACGCCTC,0,4454258
yagB_insX_yagA_predicted,0.07142857142857142,13,13,AGGAGAAGGCTGACACGAAA,0,4442997
yagB_insX_yagA_predicted,0.07142857142857142,13,13,AGGACCGAGTAGGGGGTAGC,0,4446583
yagB_insX_yagA_predicted,0.07142857142857142,13,13,AGCTCTCAAAGAAAAGCATA,0,4441661
yagB_insX_yagA_predicted,0.07142857142857142,13,13,AGCGTGTGGCGGTCAAAAGT,0,4464311
yagB_insX_yagA_predicted,0.07142857142857142,13,13,AGCGGAATAATGTCTCCTTT,0,4459359
yagB_insX_yagA_predicted,0.07142857142857142,13,13,AGCAAGCGGCAATAGCTTGC,0,4437995
yagB_insX_yagA_predicted,0.07142857142857142,13,13,AGATTTTTATCACCATCGGG,0,4459874
yagB_insX_yagA_predicted,0.07142857142857142,13,13,AGATAAGTGCGGCTGGCCAG,0,4465697
yagB_insX_yagA_predicted,0.07142857142857142,13,13,AGAGCGATCCGCTCATGTGT,0,4453082
yagB_insX_yagA_predicted,0.07142857142857142,13,13,AGAGCCACTACGGCCGGAGT,0,4458205
yagB_insX_yagA_predicted,0.07142857142857142,13,13,AGAGCAGGCCGGTGCGACCT,0,4452127
yagB_insX_yagA_predicted,0.07142857142857142,13,13,AGACATGAGCCATTTTGTCT,0,4462071
yagB_insX_yagA_predicted,0.07142857142857142,13,13,AGACAAAAGAAATGTTGCCC,0,4469624
yagB_insX_yagA_predicted,0.07142857142857142,13,13,AGAATCAGTTTGCCGTTATA,0,4451140
yagB_insX_yagA_predicted,0.07142857142857142,13,13,AGAAACCGCTCTAGGACTGG,0,4460596
yagB_insX_yagA_predicted,0.07142857142857142,13,13,ACTTTTAGCAATTCTATTGT,0,4437852
yagB_insX_yagA_predicted,0.07142857142857142,13,13,ACTGCCTTTGTGAATGATAT,0,4456125
yagB_insX_yagA_predicted,0.07142857142857142,13,13,ACTACACTTCCTAGTTCGCA,0,4442293
yagB_insX_yagA_predicted,0.07142857142857142,13,13,ACGGTCCATGATTACTGGGA,0,4467701
yagB_insX_yagA_predicted,0.07142857142857142,13,13,ACGGCTTGGCTCTTTGGTCC,0,4445472
yagB_insX_yagA_predicted,0.07142857142857142,13,13,ACGCACGGACGAGCTTCTCA,0,4446338
yagB_insX_yagA_predicted,0.07142857142857142,13,13,ACGAGTTTTCTGTCGGATTA,0,4449824
yagB_insX_yagA_predicted,0.07142857142857142,13,13,ACGAGGACCGGACATCCGAA,0,4449460
yagB_insX_yagA_predicted,0.07142857142857142,13,13,ACCTTTATGAATCTTCACGT,0,4469560
yagB_insX_yagA_predicted,0.07142857142857142,13,13,ACCTCCCCCGACATCCCATC,0,4437485
yagB_insX_yagA_predicted,0.07142857142857142,13,13,ACCCGCCTTACGACGGGAGA,0,4470565
yagB_insX_yagA_predicted,0.07142857142857142,13,13,ACCAGACTTGGTGCCTCTTG,0,4436522
yagB_insX_yagA_predicted,0.07142857142857142,13,13,ACATCTCGGGAGCTAACGTA,0,4465373
yagB_insX_yagA_predicted,0.07142857142857142,13,13,ACATCCAAGTATCACATTGG,0,4447341
yagB_insX_yagA_predicted,0.07142857142857142,13,13,ACAAAGTTCCTTGCCCGTGG,0,4465299
yagB_insX_yagA_predicted,0.07142857142857142,13,13,AATTTGGCTGGTTCACCTGA,0,4464385
yagB_insX_yagA_predicted,0.07142857142857142,13,13,AATGTTTGAAAACGGGGTTA,0,4459700
yagB_insX_yagA_predicted,0.07142857142857142,13,13,AATGTGTTGGCTCAATGCGT,0,4455278
yagB_insX_yagA_predicted,0.07142857142857142,13,13,AATGCCAGTAACGGCCATGA,0,4466709
yagB_insX_yagA_predicted,0.07142857142857142,13,13,AATGCAGACTCAATGGTCAA,0,4447338
yagB_insX_yagA_predicted,0.07142857142857142,13,13,AATCTTCGGACGTTGGTAGT,0,4470908
yagB_insX_yagA_predicted,0.07142857142857142,13,13,AATCATCCCACGTGATGATA,0,4457966
yagB_insX_yagA_predicted,0.07142857142857142,13,13,AATAATATAACCATTGGGAG,0,4466280
yagB_insX_yagA_predicted,0.07142857142857142,13,13,AAGTGAAAAAGCGAAGTTCA,0,4444271
yagB_insX_yagA_predicted,0.07142857142857142,13,13,AAGGTTTATTACGAAGAGTC,0,4449457
yagB_insX_yagA_predicted,0.07142857142857142,13,13,AAGCGGGTTGCGGAACGTGC,0,4457673
yagB_insX_yagA_predicted,0.07142857142857142,13,13,AAGCATTCGCCATCCCCTAG,0,4466873
yagB_insX_yagA_predicted,0.07142857142857142,13,13,AACCCAACCTGAATTTACGA,0,4464457
yagB_insX_yagA_predicted,0.07142857142857142,13,13,AACAGTATTGCAGAACATGT,0,4467770
yagB_insX_yagA_predicted,0.07142857142857142,13,13,AAATTGCAACTGCTGATGAC,0,4445774
yagB_insX_yagA_predicted,0.07142857142857142,13,13,AAATGGCTCAGGTGTCCATG,0,4460255
yagB_insX_yagA_predicted,0.07142857142857142,13,13,AAATCGCGTTGAAGTCGAAC,0,4452108
yagB_insX_yagA_predicted,0.07142857142857142,13,13,AAAGTAGTCCAGCGTTATTT,0,4440953
yagB_insX_yagA_predicted,0.07142857142857142,13,13,AAAGGCTTCGGTATTCCTAA,0,4447029
yagB_insX_yagA_predicted,0.07142857142857142,13,13,AAAATTCTAGTACGCACTGC,0,4447215
yagB_insX_yagA_predicted,0.07142857142857142,13,13,AAAACTGAGCAAGGTTAGTG,0,4446600
yagB_insX_yagA_predicted,0.07692307692307693,12,12,TTTTGTCCTGTATCCTACCC,0,4448488
yagB_insX_yagA_predicted,0.07692307692307693,12,12,TTTTGGTGGTCCGCCTAGAC,0,4448436
yagB_insX_yagA_predicted,0.07692307692307693,12,12,TTTTGAAATTTTTAACGTCC,0,4444478
yagB_insX_yagA_predicted,0.07692307692307693,12,12,TTTCTCTGTAAATTCAGGAT,0,4452362
yagB_insX_yagA_predicted,0.07692307692307693,12,12,TTTCGGCGTCTGCCCCCAAT,0,4460614
yagB_insX_yagA_predicted,0.07692307692307693,12,12,TTTAGCTTGATAGCCCAATA,0,4450227
yagB_insX_yagA_predicted,0.07692307692307693,12,12,TTTAAGATGCCGATGGGATT,0,4462743
yagB_insX_yagA_predicted,0.07692307692307693,12,12,TTGTGTAGAGGGAGACTGCA,0,4440489
yagB_insX_yagA_predicted,0.07692307692307693,12,12,TTGGCTGAACACATTTAATA,0,4438308
yagB_insX_yagA_predicted,0.07692307692307693,12,12,TTGCTCAGAGACGATGTTTA,0,4459361
yagB_insX_yagA_predicted,0.07692307692307693,12,12,TTGCTATAGTTGGCGCCAGA,0,4436751
yagB_insX_yagA_predicted,0.07692307692307693,12,12,TTGCGTTGCTTGAGATCGCA,0,4439031
yagB_insX_yagA_predicted,0.07692307692307693,12,12,TTGCGGGGTAGAGCACCAAG,0,4438981
yagB_insX_yagA_predicted,0.07692307692307693,12,12,TTGCCGCTGTTTGCGACCGT,0,4460962
yagB_insX_yagA_predicted,0.07692307692307693,12,12,TTGAGGTTCTTTGCCGTCAA,0,4444369
yagB_insX_yagA_predicted,0.07692307692307693,12,12,TTCTTCTAAAGGCGGGTCAG,0,4471115
yagB_insX_yagA_predicted,0.07692307692307693,12,12,TTCTGTAGAGGTGCATAGGT,0,4466369
yagB_insX_yagA_predicted,0.07692307692307693,12,12,TTCTAGAGAGGTGCAGGCGA,0,4450067
yagB_insX_yagA_predicted,0.07692307692307693,12,12,TTCTAAGACGTGGGGGCAGG,0,4438421
yagB_insX_yagA_predicted,0.07692307692307693,12,12,TTCATGAAGAATCAATGTAA,0,4461432
yagB_insX_yagA_predicted,0.07692307692307693,12,12,TTAATGTGTGCGGCGAATAC,0,4454911
yagB_insX_yagA_predicted,0.07692307692307693,12,12,TTAATAGTTCTTTGATCCTT,0,4460703
yagB_insX_yagA_predicted,0.07692307692307693,12,12,TTAATACGCTCTGATGGGAT,0,4468064
yagB_insX_yagA_predicted,0.07692307692307693,12,12,TTAAGCGAAGGTGAAATGAT,0,4462005
yagB_insX_yagA_predicted,0.07692307692307693,12,12,TGTTTGGGCTAAGGTCCCCC,0,4450416
yagB_insX_yagA_predicted,0.07692307692307693,12,12,TGTTCAGGGTGAGAACGCCA,0,4463353
yagB_insX_yagA_predicted,0.07692307692307693,12,12,TGTCACCGTGCGCCATGTAT,0,4469268
yagB_insX_yagA_predicted,0.07692307692307693,12,12,TGTATTGTAGGTTGTATCGT,0,4461079
yagB_insX_yagA_predicted,0.07692307692307693,12,12,TGGTTAAAGTTCCCGGATAG,0,4445452
yagB_insX_yagA_predicted,0.07692307692307693,12,12,TGGTGTCGGCGTTGCCAAAG,0,4461084
yagB_insX_yagA_predicted,0.07692307692307693,12,12,TGGTCGATCTTACACCGCTG,0,4472002
yagB_insX_yagA_predicted,0.07692307692307693,12,12,TGGGCTCTTAGTAGATGCTT,0,4460290
yagB_insX_yagA_predicted,0.07692307692307693,12,12,TGGCTTTTGGTCTTCGCTCT,0,4453037
yagB_insX_yagA_predicted,0.07692307692307693,12,12,TGGCGTCTGCGTCCTAGTGA,0,4456065
yagB_insX_yagA_predicted,0.07692307692307693,12,12,TGGCGGACGGGCCTGCGGAA,0,4449747
yagB_insX_yagA_predicted,0.07692307692307693,12,12,TGGCAGTAGTGTACGCTGGG,0,4460117
yagB_insX_yagA_predicted,0.07692307692307693,12,12,TGGATGATCGTGGGATATTT,0,4464719
yagB_insX_yagA_predicted,0.07692307692307693,12,12,TGGACCGGTCAAACTTCCAT,0,4443650
yagB_insX_yagA_predicted,0.07692307692307693,12,12,TGCGTTAAACTGAGACACTT,0,4452535
yagB_insX_yagA_predicted,0.07692307692307693,12,12,TGCCTTGTACGGTGGCTAAT,0,4440668
yagB_insX_yagA_predicted,0.07692307692307693,12,12,TGCACGTAAGATGGATAAGA,0,4437792
yagB_insX_yagA_predicted,0.07692307692307693,12,12,TGCACATGGTCCGTATTCAC,0,4444453
yagB_insX_yagA_predicted,0.07692307692307693,12,12,TGATTCAACCATAGCGTTAG,0,4468450
yagB_insX_yagA_predicted,0.07692307692307693,12,12,TGAGTACGGAATACCCCCTG,0,4443356
yagB_insX_yagA_predicted,0.07692307692307693,12,12,TGAGGCAACATGACTGCTGG,0,4447327
yagB_insX_yagA_predicted,0.07692307692307693,12,12,TCTTCTCTTAACCGCAGTAT,0,4448783
yagB_insX_yagA_predicted,0.07692307692307693,12,12,TCTCAAAGTGCAAGATCCCA,0,4444991
yagB_insX_yagA_predicted,0.07692307692307693,12,12,TCTAAGGGCGGGTTCTAGCT,0,4467543
yagB_insX_yagA_predicted,0.07692307692307693,12,12,TCTAAAGTTGTGCTTACGTT,0,4446463
yagB_insX_yagA_predicted,0.07692307692307693,12,12,TCGGTGCGATTTCCCCTGGT,0,4457912
yagB_insX_yagA_predicted,0.07692307692307693,12,12,TCGGGGGTTCAAAGCGCTCC,0,4437388
yagB_insX_yagA_predicted,0.07692307692307693,12,12,TCGGCTCGTCAAAACACTTG,0,4467694
yagB_insX_yagA_predicted,0.07692307692307693,12,12,TCGGCTCCACATCGCGCCGT,0,4443319
yagB_insX_yagA_predicted,0.07692307692307693,12,12,TCGGCTAAAACCGGTCCATT,0,4459614
yagB_insX_yagA_predicted,0.07692307692307693,12,12,TCGCCACCGACAATATGGAT,0,4451728
yagB_insX_yagA_predicted,0.07692307692307693,12,12,TCCGTGAGTAATGGCTGCCC,0,4448295
yagB_insX_yagA_predicted,0.07692307692307693,12,12,TCCGGTATTTGACGTTACAG,0,4446002
yagB_insX_yagA_predicted,0.07692307692307693,12,12,TCCGCTGCTCTAATATCATT,0,4452068
yagB_insX_yagA_predicted,0.07692307692307693,12,12,TCCCTGGTCCGAAGGATCCC,0,4438795
yagB_insX_yagA_predicted,0.07692307692307693,12,12,TCCCTCAGCACAGTTACACG,0,4458284
yagB_insX_yagA_predicted,0.07692307692307693,12,12,TCCCCGGCCCATCAGCAGGT,0,4442779
yagB_insX_yagA_predicted,0.07692307692307693,12,12,TCAGCTCCACGACGATGGAT,0,4436241
yagB_insX_yagA_predicted,0.07692307692307693,12,12,TCAGATGTATACACCTAGGA,0,4438505
yagB_insX_yagA_predicted,0.07692307692307693,12,12,TCACTACCGGCGAGGTCCTT,0,4462589
yagB_insX_yagA_predicted,0.07692307692307693,12,12,TCACCGCTTAGCACACATTC,0,4453978
yagB_insX_yagA_predicted,0.07692307692307693,12,12,TCACACCGCCACAAGCATTG,0,4471664
yagB_insX_yagA_predicted,0.07692307692307693,12,12,TCAACATTCTAAGTGGCTGA,0,4471993
yagB_insX_yagA_predicted,0.07692307692307693,12,12,TCAAAGGTAGTAAGATGTAG,0,4458372
yagB_insX_yagA_predicted,0.07692307692307693,12,12,TATTCAGTATCACTGCGATG,0,4453117
yagB_insX_yagA_predicted,0.07692307692307693,12,12,TATGTTAAGAAGAATAATTT,0,4449209
yagB_insX_yagA_predicted,0.07692307692307693,12,12,TATGTAAACCGGCCTTCGCC,0,4471211
yagB_insX_yagA_predicted,0.07692307692307693,12,12,TATGGTAGACAGGATGTGGA,0,4444311
yagB_insX_yagA_predicted,0.07692307692307693,12,12,TATGAGGGTAACGATGGATG,0,4467295
yagB_insX_yagA_predicted,0.07692307692307693,12,12,TAGGTAACCGCCCCGTGACG,0,4443432
yagB_insX_yagA_predicted,0.07692307692307693,12,12,TAGGCACGCAGCGCAGATAA,0,4456365
yagB_insX_yagA_predicted,0.07692307692307693,12,12,TAGCTTCCTTTTGTCTCTGT,0,4450280
yagB_insX_yagA_predicted,0.07692307692307693,12,12,TAGACCTCTCATTGAGATGA,0,4445129
yagB_insX_yagA_predicted,0.07692307692307693,12,12,TAGAACAACGGGAAGCGCGA,0,4466671
yagB_insX_yagA_predicted,0.07692307692307693,12,12,TACTCGGGTAATTGCAAAGA,0,4466371
yagB_insX_yagA_predicted,0.07692307692307693,12,12,TACGTTGTATGTGTTTTCAT,0,4448351
yagB_insX_yagA_predicted,0.07692307692307693,12,12,TACGATGGTCTGACGATCAC,0,4452865
yagB_insX_yagA_predicted,0.07692307692307693,12,12,TACGAGAAGGTACCGCCCTA,0,4462958
yagB_insX_yagA_predicted,0.07692307692307693,12,12,TACGAATCTGATATAAGTAA,0,4436291
yagB_insX_yagA_predicted,0.07692307692307693,12,12,TAAGTGGCTCACGTGGGTCT,0,4455665
yagB_insX_yagA_predicted,0.07692307692307693,12,12,TAACTGCTCCAGGGAGTCCA,0,4451289
yagB_insX_yagA_predicted,0.07692307692307693,12,12,TAACGTCTCATATTCTGGTT,0,4463680
yagB_insX_yagA_predicted,0.07692307692307693,12,12,TAACCCCTTCGCCGATCGGC,0,4468942
yagB_insX_yagA_predicted,0.07692307692307693,12,12,GTTTTATTTGGATTATTTCA,0,4464550
yagB_insX_yagA_predicted,0.07692307692307693,12,12,GTTTTAGCTGGATACCAAGA,0,4438326
yagB_insX_yagA_predicted,0.07692307692307693,12,12,GTTGTTACAGTCGGTTTACA,0,4441333
yagB_insX_yagA_predicted,0.07692307692307693,12,12,GTTGGATCGCACGGATGTAT,0,4437013
yagB_insX_yagA_predicted,0.07692307692307693,12,12,GTTCTCGGAATACAAAGTTG,0,4450291
yagB_insX_yagA_predicted,0.07692307692307693,12,12,GTTCAGTTATATGTCGCGCC,0,4443890
yagB_insX_yagA_predicted,0.07692307692307693,12,12,GTTAACATTTAACGAAGCTT,0,4437669
yagB_insX_yagA_predicted,0.07692307692307693,12,12,GTGGGATGATGTAATTAATG,0,4447025
yagB_insX_yagA_predicted,0.07692307692307693,12,12,GTGGCCTTTAGGATGAGCCA,0,4468875
yagB_insX_yagA_predicted,0.07692307692307693,12,12,GTGCGCTGAACTGAGTACGT,0,4460927
yagB_insX_yagA_predicted,0.07692307692307693,12,12,GTGCCACACGGCGGAGATTA,0,4463408
yagB_insX_yagA_predicted,0.07692307692307693,12,12,GTGAAAACGGTCTTTCTCTC,0,4455460
yagB_insX_yagA_predicted,0.07692307692307693,12,12,GTCTTCAGGGCCACTCCCGT,0,4445409
yagB_insX_yagA_predicted,0.07692307692307693,12,12,GTCTGTTGATAACGGTACAC,0,4440587
yagB_insX_yagA_predicted,0.07692307692307693,12,12,GTCGGGTATAGTCTATCATC,0,4446602
yagB_insX_yagA_predicted,0.07692307692307693,12,12,GTCGATTGTGCCCCTCGTCC,0,4442245
yagB_insX_yagA_predicted,0.07692307692307693,12,12,GTCCTATCAAGGAACTTGAC,0,4449787
yagB_insX_yagA_predicted,0.07692307692307693,12,12,GTCAGGGATCCGTCGCCACC,0,4445025
yagB_insX_yagA_predicted,0.07692307692307693,12,12,GTCAGGCGAACTCCAATTGA,0,4451875
yagB_insX_yagA_predicted,0.07692307692307693,12,12,GTCACCCCGGACGTCGGTTT,0,4453466
yagB_insX_yagA_predicted,0.07692307692307693,12,12,GTCAATCGAATCACGCGCGA,0,4450505
yagB_insX_yagA_predicted,0.07692307692307693,12,12,GTCAACCCTATACATTCGGC,0,4440824
yagB_insX_yagA_predicted,0.07692307692307693,12,12,GTATTAGCCCTCAGCGTCGC,0,4437521
yagB_insX_yagA_predicted,0.07692307692307693,12,12,GTATCGGACTCGACGTTGTG,0,4438839
yagB_insX_yagA_predicted,0.07692307692307693,12,12,GTAGAAAATTCGTACACCCA,0,4455096
yagB_insX_yagA_predicted,0.07692307692307693,12,12,GTACGTTGACAGGTAACGCG,0,4438099
yagB_insX_yagA_predicted,0.07692307692307693,12,12,GTACGTGTTGTTCATTATTT,0,4451673
yagB_insX_yagA_predicted,0.07692307692307693,12,12,GTACGGACACAGCATTCGCT,0,4448330
yagB_insX_yagA_predicted,0.07692307692307693,12,12,GTACCAGACAGGTGAAGACT,0,4441952
yagB_insX_yagA_predicted,0.07692307692307693,12,12,GTACACTTTTGGCAAGAGCA,0,4444339
yagB_insX_yagA_predicted,0.07692307692307693,12,12,GTAAGACAAGTCGTCTAAAT,0,4461546
yagB_insX_yagA_predicted,0.07692307692307693,12,12,GGTTGCGCTAATAGATTCTA,0,4446019
yagB_insX_yagA_predicted,0.07692307692307693,12,12,GGTCTTAGGGATGGTAGTAA,0,4459929
yagB_insX_yagA_predicted,0.07692307692307693,12,12,GGTATGCACAACCGCCTCTC,0,4449647
yagB_insX_yagA_predicted,0.07692307692307693,12,12,GGTAGAGGAAGTTTCATTGG,0,4448681
yagB_insX_yagA_predicted,0.07692307692307693,12,12,GGTAAGCACCGTTATACGCG,0,4447821
yagB_insX_yagA_predicted,0.07692307692307693,12,12,GGTAACATCTACACGTTCGG,0,4466861
yagB_insX_yagA_predicted,0.07692307692307693,12,12,GGGAATGCCTCGGATGGCAA,0,4468443
yagB_insX_yagA_predicted,0.07692307692307693,12,12,GGGAAAGTAAGTCCATACCT,0,4453438
yagB_insX_yagA_predicted,0.07692307692307693,12,12,GGCCAGAATCGACGTTATCG,0,4454092
yagB_insX_yagA_predicted,0.07692307692307693,12,12,GGCAGCTCAGTCCTTCACAG,0,4442386
yagB_insX_yagA_predicted,0.07692307692307693,12,12,GGATTGCTTATCCTGGACCT,0,4448219
yagB_insX_yagA_predicted,0.07692307692307693,12,12,GGAGGGGCCTGGGTCCAGCA,0,4457715
yagB_insX_yagA_predicted,0.07692307692307693,12,12,GGAGATTCGCACATCTTAAC,0,4438958
yagB_insX_yagA_predicted,0.07692307692307693,12,12,GGACGGCACACACAAAGTGG,0,4454701
yagB_insX_yagA_predicted,0.07692307692307693,12,12,GGACCTCGCTCAATTCCCGA,0,4456915
yagB_insX_yagA_predicted,0.07692307692307693,12,12,GGAATAGGGAGGCACAGGAG,0,4437641
yagB_insX_yagA_predicted,0.07692307692307693,12,12,GCTGCCACGACAGTAGATTA,0,4457529
yagB_insX_yagA_predicted,0.07692307692307693,12,12,GCTCGCTGCCTAAGGTATGT,0,4464774
yagB_insX_yagA_predicted,0.07692307692307693,12,12,GCGTGACCGAGGTCGTGGCA,0,4447020
yagB_insX_yagA_predicted,0.07692307692307693,12,12,GCGTAGTGTGAGTGTGATAC,0,4450879
yagB_insX_yagA_predicted,0.07692307692307693,12,12,GCGGGCAGCCTCCCTCGGAT,0,4443243
yagB_insX_yagA_predicted,0.07692307692307693,12,12,GCGGCTCCTTCGAAGTGCGC,0,4451239
yagB_insX_yagA_predicted,0.07692307692307693,12,12,GCGCCTGCATTGAGCGACAT,0,4441383
yagB_insX_yagA_predicted,0.07692307692307693,12,12,GCGAGTAGCAACATGCAAAG,0,4442712
yagB_insX_yagA_predicted,0.07692307692307693,12,12,GCGAACCCTCTGGCGCTAGC,0,4453731
yagB_insX_yagA_predicted,0.07692307692307693,12,12,GCGAACAAGCGATCTAGTAG,0,4456337
yagB_insX_yagA_predicted,0.07692307692307693,12,12,GCCTTAATAATAAAGCGCGT,0,4464701
yagB_insX_yagA_predicted,0.07692307692307693,12,12,GCCTACTTTGGCGGGGTCAT,0,4460244
yagB_insX_yagA_predicted,0.07692307692307693,12,12,GCCGCGAGTGTGGGGAGGAT,0,4437919
yagB_insX_yagA_predicted,0.07692307692307693,12,12,GCCGATACGCAAGCAAAGTT,0,4470060
yagB_insX_yagA_predicted,0.07692307692307693,12,12,GCCCGTGTGGCAACCCTCGT,0,4451376
yagB_insX_yagA_predicted,0.07692307692307693,12,12,GCCAGTCGTGCCCTCGAGAT,0,4466615
yagB_insX_yagA_predicted,0.07692307692307693,12,12,GCATTGTATAAGCGACGCGC,0,4444939
yagB_insX_yagA_predicted,0.07692307692307693,12,12,GCATTGCTGGGCCAAGTAAG,0,4470351
yagB_insX_yagA_predicted,0.07692307692307693,12,12,GCATGTGGGAGATGACACGG,0,4444341
yagB_insX_yagA_predicted,0.07692307692307693,12,12,GCAATCTTAAGTCCGCATGG,0,4451083
yagB_insX_yagA_predicted,0.07692307692307693,12,12,GATTTTGGATAATTTTCGAC,0,4442159
yagB_insX_yagA_predicted,0.07692307692307693,12,12,GATTGAGTGGGGCATGGTTC,0,4451829
yagB_insX_yagA_predicted,0.07692307692307693,12,12,GATTACCGCGACCTATCGGG,0,4438627
yagB_insX_yagA_predicted,0.07692307692307693,12,12,GATGTTGAACGGTGTCTAAA,0,4457801
yagB_insX_yagA_predicted,0.07692307692307693,12,12,GATCGTTAGCGGATTTCCAG,0,4468440
yagB_insX_yagA_predicted,0.07692307692307693,12,12,GATCCGGCCATGTATATAAA,0,4461774
yagB_insX_yagA_predicted,0.07692307692307693,12,12,GATATGCCGTGAAGGCAATT,0,4467652
yagB_insX_yagA_predicted,0.07692307692307693,12,12,GAGGGGCATTGATGGCTGGG,0,4454772
yagB_insX_yagA_predicted,0.07692307692307693,12,12,GAGGGGACTAAGGGCTGGTG,0,4461722
yagB_insX_yagA_predicted,0.07692307692307693,12,12,GAGGCTGTTTAAGTGGGGCT,0,4461352
yagB_insX_yagA_predicted,0.07692307692307693,12,12,GAGCTCAGGCGGTTACCTTA,0,4444868
yagB_insX_yagA_predicted,0.07692307692307693,12,12,GAGATGTTCTGGTCACATGA,0,4442162
yagB_insX_yagA_predicted,0.07692307692307693,12,12,GAGATAGTTTAACGTTTCAA,0,4455837
yagB_insX_yagA_predicted,0.07692307692307693,12,12,GAGACCCGGAACTATCCAGA,0,4445188
yagB_insX_yagA_predicted,0.07692307692307693,12,12,GACTTGAACATTTCTGGCAA,0,4449690
yagB_insX_yagA_predicted,0.07692307692307693,12,12,GACCGGGGAACATATCCGTT,0,4452551
yagB_insX_yagA_predicted,0.07692307692307693,12,12,GAAGCGGGTGAACTAAATCC,0,4439684
yagB_insX_yagA_predicted,0.07692307692307693,12,12,GAAGCCGTTCTGCTCAGAAT,0,4452477
yagB_insX_yagA_predicted,0.07692307692307693,12,12,GAAGAATCCGTTCCGCAACT,0,4444532
yagB_insX_yagA_predicted,0.07692307692307693,12,12,GAACTAATGATTAAGGCCGA,0,4466370
yagB_insX_yagA_predicted,0.07692307692307693,12,12,GAAACTGCTTACGACGATTT,0,4461177
yagB_insX_yagA_predicted,0.07692307692307693,12,12,CTTGGATCGGAGCAAAAACA,0,4441080
yagB_insX_yagA_predicted,0.07692307692307693,12,12,CTTCTCTGTAATTTAAATAG,0,4454231
yagB_insX_yagA_predicted,0.07692307692307693,12,12,CTTATTTAGGCGTATAGAGG,0,4467695
yagB_insX_yagA_predicted,0.07692307692307693,12,12,CTGGTAGCGGGGTTCCTTAT,0,4467907
yagB_insX_yagA_predicted,0.07692307692307693,12,12,CTGGGTGGGTTGTTTCTGGC,0,4461338
yagB_insX_yagA_predicted,0.07692307692307693,12,12,CTGGAGAATAGACAATGGTG,0,4468357
yagB_insX_yagA_predicted,0.07692307692307693,12,12,CTGCTGGCATGTAAGGTTAG,0,4456038
yagB_insX_yagA_predicted,0.07692307692307693,12,12,CTGCGTGACGGTGAGGTCAT,0,4457756
yagB_insX_yagA_predicted,0.07692307692307693,12,12,CTGATTTTCGGCCCTGTATA,0,4454554
yagB_insX_yagA_predicted,0.07692307692307693,12,12,CTGAGAGATTGGTCGGGGCG,0,4467223
yagB_insX_yagA_predicted,0.07692307692307693,12,12,CTGAAGTCCACGGCGCCAAA,0,4470011
yagB_insX_yagA_predicted,0.07692307692307693,12,12,CTCGTTGATTCGTTACATGA,0,4447274
yagB_insX_yagA_predicted,0.07692307692307693,12,12,CTCATCTCCGATTCTCGAGT,0,4461496
yagB_insX_yagA_predicted,0.07692307692307693,12,12,CTCAGTCACAGGCCTAGACA,0,4452106
yagB_insX_yagA_predicted,0.07692307692307693,12,12,CTCAGGAGAAATTAGCGATA,0,4462317
yagB_insX_yagA_predicted,0.07692307692307693,12,12,CTATATATATACACCTGCAG,0,4438611
yagB_insX_yagA_predicted,0.07692307692307693,12,12,CTACTATTGGATGTGTGTCC,0,4453799
yagB_insX_yagA_predicted,0.07692307692307693,12,12,CTACGTAGACGACTGCGGGG,0,4446405
yagB_insX_yagA_predicted,0.07692307692307693,12,12,CTACGGCCGTGCACAGGTCC,0,4438580
yagB_insX_yagA_predicted,0.07692307692307693,12,12,CTACCTGCTCGTGTGACTCT,0,4441198
yagB_insX_yagA_predicted,0.07692307692307693,12,12,CGTTGGTCTCAACGGGAAAT,0,4468636
yagB_insX_yagA_predicted,0.07692307692307693,12,12,CGTTCATATGACACGGCCTC,0,4467821
yagB_insX_yagA_predicted,0.07692307692307693,12,12,CGTTCAACTCCGACGGCTCC,0,4442025
yagB_insX_yagA_predicted,0.07692307692307693,12,12,CGTGTTGTAACCCGCGCCGA,0,4462803
yagB_insX_yagA_predicted,0.07692307692307693,12,12,CGTAGCAAGCTCATGAACCC,0,4436868
yagB_insX_yagA_predicted,0.07692307692307693,12,12,CGGTGAGTAGCGACTACCGA,0,4472074
yagB_insX_yagA_predicted,0.07692307692307693,12,12,CGGTAAGTGGGTGGGGAATT,0,4460146
yagB_insX_yagA_predicted,0.07692307692307693,12,12,CGGCTTAACAGGGGTCGGAT,0,4447019
yagB_insX_yagA_predicted,0.07692307692307693,12,12,CGGCTACGCTGAATTGGTCA,0,4455282
yagB_insX_yagA_predicted,0.07692307692307693,12,12,CGGCGCACGGGGATGGCCGG,0,4467820
yagB_insX_yagA_predicted,0.07692307692307693,12,12,CGGCAGATAGCAGGAGTGCT,0,4440596
yagB_insX_yagA_predicted,0.07692307692307693,12,12,CGGATGAGTTGGCTTTACTG,0,4458476
yagB_insX_yagA_predicted,0.07692307692307693,12,12,CGCTTGCGGGAGGCTCTATA,0,4445943
yagB_insX_yagA_predicted,0.07692307692307693,12,12,CGCTTCTGAGGCACTGCTCG,0,4451025
yagB_insX_yagA_predicted,0.07692307692307693,12,12,CGCTAGGGTTCTATCCGACT,0,4457727
yagB_insX_yagA_predicted,0.07692307692307693,12,12,CGCTAAACCCCGGGTATGGA,0,4465125
yagB_insX_yagA_predicted,0.07692307692307693,12,12,CGCGGAAGAGCGTAATGGCT,0,4446810
yagB_insX_yagA_predicted,0.07692307692307693,12,12,CGCAATTTGGTTCTCACATT,0,4454973
yagB_insX_yagA_predicted,0.07692307692307693,12,12,CGATTCCTCACCCAACCAAG,0,4440087
yagB_insX_yagA_predicted,0.07692307692307693,12,12,CGACTTACCTTCGCTTCTTT,0,4463181
yagB_insX_yagA_predicted,0.07692307692307693,12,12,CGAATTTGTCTTATGCAGTC,0,4468174
yagB_insX_yagA_predicted,0.07692307692307693,12,12,CGAATTGAATACCGCGGTTA,0,4457247
yagB_insX_yagA_predicted,0.07692307692307693,12,12,CGAACAAGTATCCGTCGATG,0,4440924
yagB_insX_yagA_predicted,0.07692307692307693,12,12,CCTTTCGAGTGTGTGACGCA,0,4463274
yagB_insX_yagA_predicted,0.07692307692307693,12,12,CCTTACACATCCCGAGTGGA,0,4440246
yagB_insX_yagA_predicted,0.07692307692307693,12,12,CCTTAACAAGTAGAGCTTCA,0,4449585
yagB_insX_yagA_predicted,0.07692307692307693,12,12,CCTGTGTGGTCGCTGGGTCG,0,4463023
yagB_insX_yagA_predicted,0.07692307692307693,12,12,CCTGGTACTATGGGCTCTCA,0,4470264
yagB_insX_yagA_predicted,0.07692307692307693,12,12,CCTGATTAATTTCTATTCTT,0,4436349
yagB_insX_yagA_predicted,0.07692307692307693,12,12,CCGTTTTTGAACCGTCGATC,0,4436721
yagB_insX_yagA_predicted,0.07692307692307693,12,12,CCGTCCTTAGATGCGTGCCT,0,4442247
yagB_insX_yagA_predicted,0.07692307692307693,12,12,CCGGCCAGGGAAACATTACG,0,4451904
yagB_insX_yagA_predicted,0.07692307692307693,12,12,CCGCTGTGAACCGCATCTTG,0,4456372
yagB_insX_yagA_predicted,0.07692307692307693,12,12,CCGCAGTGGACGGCAATGAC,0,4464755
yagB_insX_yagA_predicted,0.07692307692307693,12,12,CCCTGTTCCCGAACTGCTCC,0,4436274
yagB_insX_yagA_predicted,0.07692307692307693,12,12,CCCGCACCGATGAGGCAAAG,0,4454333
yagB_insX_yagA_predicted,0.07692307692307693,12,12,CCCGATTGAGCAAAGGAAAC,0,4446889
yagB_insX_yagA_predicted,0.07692307692307693,12,12,CCCGATGACATTTGAGCCGG,0,4437878
yagB_insX_yagA_predicted,0.07692307692307693,12,12,CCCCCGTGCCTAGCCCTAGT,0,4449796
yagB_insX_yagA_predicted,0.07692307692307693,12,12,CCCAAGATTATGATCCCTAT,0,4452513
yagB_insX_yagA_predicted,0.07692307692307693,12,12,CCATTGGTGGACAGAAAATT,0,4470800
yagB_insX_yagA_predicted,0.07692307692307693,12,12,CCATATCAAGCCCTAATCGG,0,4448587
yagB_insX_yagA_predicted,0.07692307692307693,12,12,CCAAGTAACCGTGGTCCGCT,0,4469827
yagB_insX_yagA_predicted,0.07692307692307693,12,12,CATTAACAACTGGGCAGACA,0,4444522
yagB_insX_yagA_predicted,0.07692307692307693,12,12,CATGGGGCCACATTTTCTCC,0,4440257
yagB_insX_yagA_predicted,0.07692307692307693,12,12,CATATTTTTTGACTGCCAGA,0,4446550
yagB_insX_yagA_predicted,0.07692307692307693,12,12,CATACGTCGCGCTCCCATAG,0,4438540
yagB_insX_yagA_predicted,0.07692307692307693,12,12,CAGTTTGCGAGAATCGTTAA,0,4440925
yagB_insX_yagA_predicted,0.07692307692307693,12,12,CAGTGTATGGGACGTCTACA,0,4465109
yagB_insX_yagA_predicted,0.07692307692307693,12,12,CAGTCGCGTTCACGGTCTCA,0,4459224
yagB_insX_yagA_predicted,0.07692307692307693,12,12,CAGGGTTTGGGCCGAGAGAT,0,4468969
yagB_insX_yagA_predicted,0.07692307692307693,12,12,CAGCGTTCACCAGGTTCGGC,0,4463027
yagB_insX_yagA_predicted,0.07692307692307693,12,12,CAGCGTCCGGTGGCGTGTGT,0,4447863
yagB_insX_yagA_predicted,0.07692307692307693,12,12,CAGCGTACTACCCGTTTTAT,0,4462405
yagB_insX_yagA_predicted,0.07692307692307693,12,12,CAGCCACTCCATTTGACTGT,0,4446845
yagB_insX_yagA_predicted,0.07692307692307693,12,12,CAGACTGCCACTCATACTTA,0,4467093
yagB_insX_yagA_predicted,0.07692307692307693,12,12,CACTTTGGAGGCCCAATAGA,0,4437453
yagB_insX_yagA_predicted,0.07692307692307693,12,12,CACTCTTACCCTTACACGTT,0,4455252
yagB_insX_yagA_predicted,0.07692307692307693,12,12,CACGCAAAAAAGTACCATTG,0,4448928
yagB_insX_yagA_predicted,0.07692307692307693,12,12,CACCGTTGTTCCCGGTCACG,0,4454209
yagB_insX_yagA_predicted,0.07692307692307693,12,12,CACCCTCACACTAAATCAAC,0,4452861
yagB_insX_yagA_predicted,0.07692307692307693,12,12,CACCCACATCACGACATCAT,0,4452038
yagB_insX_yagA_predicted,0.07692307692307693,12,12,CACATTATGAAAAGTATCAT,0,4437834
yagB_insX_yagA_predicted,0.07692307692307693,12,12,CACAGGCGCGTCATTAGGTC,0,4446365
yagB_insX_yagA_predicted,0.07692307692307693,12,12,CAATAGCACGCTTTCAATAT,0,4455986
yagB_insX_yagA_predicted,0.07692307692307693,12,12,CAAGTGGCTCTCGCGCCTCC,0,4443498
yagB_insX_yagA_predicted,0.07692307692307693,12,12,CAAGTGACTCTCGATGTGTA,0,4441382
yagB_insX_yagA_predicted,0.07692307692307693,12,12,CAAGAGGAACTTGGCCGTTC,0,4453079
yagB_insX_yagA_predicted,0.07692307692307693,12,12,CAACGGCAACGGTGCTTAGA,0,4459813
yagB_insX_yagA_predicted,0.07692307692307693,12,12,ATTTGAAGGTGATTTTAAGC,0,4436866
yagB_insX_yagA_predicted,0.07692307692307693,12,12,ATTTCATGGGATTTGAAGGT,0,4450907
yagB_insX_yagA_predicted,0.07692307692307693,12,12,ATTGTTGATTCGGGCTCATT,0,4463028
yagB_insX_yagA_predicted,0.07692307692307693,12,12,ATTGTGAAGGGGCAACGCTT,0,4442838
yagB_insX_yagA_predicted,0.07692307692307693,12,12,ATTCGTGTCTGATGACGTTT,0,4440125
yagB_insX_yagA_predicted,0.07692307692307693,12,12,ATTCCAGGCGGTCATTCTAT,0,4444909
yagB_insX_yagA_predicted,0.07692307692307693,12,12,ATGGTCTAAATTGTGAGACT,0,4445807
yagB_insX_yagA_predicted,0.07692307692307693,12,12,ATGGCCTTTAGGACAATATG,0,4463121
yagB_insX_yagA_predicted,0.07692307692307693,12,12,ATGCGTTTACCGAGTAGCCT,0,4456089
yagB_insX_yagA_predicted,0.07692307692307693,12,12,ATGCCGCGGCATATATGGAG,0,4444762
yagB_insX_yagA_predicted,0.07692307692307693,12,12,ATCTTTAGATTGCAGGACAC,0,4468285
yagB_insX_yagA_predicted,0.07692307692307693,12,12,ATCTCTGTGTTACCATTCCA,0,4449720
yagB_insX_yagA_predicted,0.07692307692307693,12,12,ATCTATTTTTTGTAAAATGT,0,4438170
yagB_insX_yagA_predicted,0.07692307692307693,12,12,ATCGAATGAGGTTTTTTGGT,0,4450070
yagB_insX_yagA_predicted,0.07692307692307693,12,12,ATCCATGCTGCAAACGGGAA,0,4458851
yagB_insX_yagA_predicted,0.07692307692307693,12,12,ATCAAACTCACTTCAGGTGC,0,4448078
yagB_insX_yagA_predicted,0.07692307692307693,12,12,ATAGTTGAGTCACCCGTCTA,0,4463019
yagB_insX_yagA_predicted,0.07692307692307693,12,12,ATAGGAGAGCAAGAATCCAA,0,4443332
yagB_insX_yagA_predicted,0.07692307692307693,12,12,ATAGAATTCTATCGTCTCAG,0,4460370
yagB_insX_yagA_predicted,0.07692307692307693,12,12,ATACTATGAGAAATGGTATT,0,4451415
yagB_insX_yagA_predicted,0.07692307692307693,12,12,ATACGCATTCGTGGGACGAC,0,4468786
yagB_insX_yagA_predicted,0.07692307692307693,12,12,AGTGTCTCGACTCCTTGCGT,0,4463818
yagB_insX_yagA_predicted,0.07692307692307693,12,12,AGTGGGGGCACTCAGCGGGA,0,4445507
yagB_insX_yagA_predicted,0.07692307692307693,12,12,AGTGATACCCCAATCCTAGA,0,4438978
yagB_insX_yagA_predicted,0.07692307692307693,12,12,AGTCGAAATCTCAGCCCACA,0,4458862
yagB_insX_yagA_predicted,0.07692307692307693,12,12,AGGTTTGGGAGCAAATCAGG,0,4457682
yagB_insX_yagA_predicted,0.07692307692307693,12,12,AGGTTAAGCATTTCTATGAT,0,4443376
yagB_insX_yagA_predicted,0.07692307692307693,12,12,AGGTGGCTCGCGACGTGCCT,0,4462276
yagB_insX_yagA_predicted,0.07692307692307693,12,12,AGGGTAGGGCATCGTAGTTT,0,4461230
yagB_insX_yagA_predicted,0.07692307692307693,12,12,AGGGCTGGATGAGCATACCG,0,4460089
yagB_insX_yagA_predicted,0.07692307692307693,12,12,AGGCTTTTCGGGATCGGTAA,0,4466146
yagB_insX_yagA_predicted,0.07692307692307693,12,12,AGCGTACGAGCATCAAGGTT,0,4452033
yagB_insX_yagA_predicted,0.07692307692307693,12,12,AGCGACGCGGCCTCACGCCA,0,4472324
yagB_insX_yagA_predicted,0.07692307692307693,12,12,AGCAGTTTGGAAACGCGCGT,0,4457001
yagB_insX_yagA_predicted,0.07692307692307693,12,12,AGAGATAATGATCACTCGGA,0,4468241
yagB_insX_yagA_predicted,0.07692307692307693,12,12,AGACTTAGGACTCGCGTGTC,0,4441459
yagB_insX_yagA_predicted,0.07692307692307693,12,12,AGACGATCTAGACAAGTGTT,0,4444200
yagB_insX_yagA_predicted,0.07692307692307693,12,12,AGACAGTGTCCCTTGGTATA,0,4446337
yagB_insX_yagA_predicted,0.07692307692307693,12,12,AGAACCTGACTCGTGAGGTC,0,4446796
yagB_insX_yagA_predicted,0.07692307692307693,12,12,ACTTGCATAATCCGGGTTCA,0,4449694
yagB_insX_yagA_predicted,0.07692307692307693,12,12,ACTCGATGGCTTACCGTGAA,0,4470440
yagB_insX_yagA_predicted,0.07692307692307693,12,12,ACGTAGGCGTACGGGTGGAC,0,4470024
yagB_insX_yagA_predicted,0.07692307692307693,12,12,ACGGTTGCCCGAAATTGATT,0,4446388
yagB_insX_yagA_predicted,0.07692307692307693,12,12,ACGGTGTGGGCGGGTCGCAT,0,4442501
yagB_insX_yagA_predicted,0.07692307692307693,12,12,ACGGTGAGGTGGTGAGCGTG,0,4449283
yagB_insX_yagA_predicted,0.07692307692307693,12,12,ACGGGTCGGATCTTCAGAAG,0,4461589
yagB_insX_yagA_predicted,0.07692307692307693,12,12,ACGGCCAATACACCCGCGTT,0,4436496
yagB_insX_yagA_predicted,0.07692307692307693,12,12,ACGCGATCAGATATAATAAA,0,4441683
yagB_insX_yagA_predicted,0.07692307692307693,12,12,ACCCATTTCGCTTCTCATTT,0,4450942
yagB_insX_yagA_predicted,0.07692307692307693,12,12,ACATTGGGGCCTTCTGGCCT,0,4446234
yagB_insX_yagA_predicted,0.07692307692307693,12,12,ACATCCTACGCTGTGAAGTA,0,4457392
yagB_insX_yagA_predicted,0.07692307692307693,12,12,ACATAATGGATTCAGCTTCG,0,4444500
yagB_insX_yagA_predicted,0.07692307692307693,12,12,ACAGTGACCAGCATAAACTC,0,4439442
yagB_insX_yagA_predicted,0.07692307692307693,12,12,ACAGGGCGGATGGGTTAGAC,0,4460911
yagB_insX_yagA_predicted,0.07692307692307693,12,12,ACAATCAGTGGTCTATTCTC,0,4465864
yagB_insX_yagA_predicted,0.07692307692307693,12,12,ACAAGCTTGTCGCAGTCTGC,0,4459906
yagB_insX_yagA_predicted,0.07692307692307693,12,12,ACAACCAGAAAGTCTACAGA,0,4461563
yagB_insX_yagA_predicted,0.07692307692307693,12,12,AATTGTCATGTCTTAGCATA,0,4470526
yagB_insX_yagA_predicted,0.07692307692307693,12,12,AATAAGGATACTCAAGTAGC,0,4443283
yagB_insX_yagA_predicted,0.07692307692307693,12,12,AATAAGGATAAAGTTCATAG,0,4448251
yagB_insX_yagA_predicted,0.07692307692307693,12,12,AAGTGAACGGAGCGTATGTG,0,4448700
yagB_insX_yagA_predicted,0.07692307692307693,12,12,AAGTAGGCCTATTCTTAGGG,0,4460391
yagB_insX_yagA_predicted,0.07692307692307693,12,12,AAGTACCGGGTCCGACGTCA,0,4467171
yagB_insX_yagA_predicted,0.07692307692307693,12,12,AAGCTCGTCAGATATAAATG,0,4466825
yagB_insX_yagA_predicted,0.07692307692307693,12,12,AAGATCTTTGACGGATATAA,0,4470659
yagB_insX_yagA_predicted,0.07692307692307693,12,12,AACTGAGTCGAATTCAAGCT,0,4449898
yagB_insX_yagA_predicted,0.07692307692307693,12,12,AACTACGAATATCCAGAAAA,0,4455918
yagB_insX_yagA_predicted,0.07692307692307693,12,12,AACGGGTGAGAAGTGGCCTG,0,4452770
yagB_insX_yagA_predicted,0.07692307692307693,12,12,AACGCATTAGCGACCCGTGA,0,4439202
yagB_insX_yagA_predicted,0.07692307692307693,12,12,AACAGAAAATGAGCGTGCTT,0,4445445
yagB_insX_yagA_predicted,0.07692307692307693,12,12,AAATCGAATGTATGTTGCGT,0,4446800
yagB_insX_yagA_predicted,0.07692307692307693,12,12,AAATACTGAATGAGTGAGCA,0,4459959
yagB_insX_yagA_predicted,0.07692307692307693,12,12,AAAGATCTGATGATCGGCTG,0,4454108
yagB_insX_yagA_predicted,0.07692307692307693,12,12,AAACTCGAGTGGCTGACTTC,0,4449916
yagB_insX_yagA_predicted,0.07692307692307693,12,12,AAACTCAAAACCGGCTCGTT,0,4445318
yagB_insX_yagA_predicted,0.07692307692307693,12,12,AAACGGCAAAAGCTCTTTCA,0,4459203
yagB_insX_yagA_predicted,0.07692307692307693,12,12,AAAATGGCCGGCCGCCGGTA,0,4457191
yagB_insX_yagA_predicted,0.07692307692307693,12,12,AAAAATCCTGTTACCCGAAA,0,4448770
yagB_insX_yagA_predicted,0.08333333333333333,11,11,TTTTCGGCTCGGGGACGTAT,0,4443500
yagB_insX_yagA_predicted,0.08333333333333333,11,11,TTTTAGTCAGGCTGATTGGT,0,4444954
yagB_insX_yagA_predicted,0.08333333333333333,11,11,TTTGATTCGTTATCACACCA,0,4449608
yagB_insX_yagA_predicted,0.08333333333333333,11,11,TTTCGGGGACGGATGTTTGC,0,4460266
yagB_insX_yagA_predicted,0.08333333333333333,11,11,TTTCCTTCCCCCTACCACCG,0,4448428
yagB_insX_yagA_predicted,0.08333333333333333,11,11,TTTAATACGCTCTGGGGTCG,0,4459791
yagB_insX_yagA_predicted,0.08333333333333333,11,11,TTTAAGGAGAGCTCCGGAAA,0,4443655
yagB_insX_yagA_predicted,0.08333333333333333,11,11,TTTAAACACCAAAGTATCTA,0,4453635
yagB_insX_yagA_predicted,0.08333333333333333,11,11,TTTAAAAGCACGCATGTTAG,0,4450142
yagB_insX_yagA_predicted,0.08333333333333333,11,11,TTGTTGTCCATGAGTGAATG,0,4437242
yagB_insX_yagA_predicted,0.08333333333333333,11,11,TTGTGCGTATCACTGTGTTG,0,4436093
yagB_insX_yagA_predicted,0.08333333333333333,11,11,TTGTCTCCTGGGATCGGGGA,0,4447820
yagB_insX_yagA_predicted,0.08333333333333333,11,11,TTGGCAAAAATTAGATAGCG,0,4450369
yagB_insX_yagA_predicted,0.08333333333333333,11,11,TTGATTGGGCCTGTAGGATC,0,4468255
yagB_insX_yagA_predicted,0.08333333333333333,11,11,TTCTTAGAGTAGGTATGCAA,0,4466181
yagB_insX_yagA_predicted,0.08333333333333333,11,11,TTCGTCCGACCGGATGACTA,0,4444058
yagB_insX_yagA_predicted,0.08333333333333333,11,11,TTCCCGTGGCAAGTCCTCTA,0,4468000
yagB_insX_yagA_predicted,0.08333333333333333,11,11,TTCCATGGTCAATTACAGGG,0,4463888
yagB_insX_yagA_predicted,0.08333333333333333,11,11,TTCATTCTGATACAGGCTGC,0,4461353
yagB_insX_yagA_predicted,0.08333333333333333,11,11,TTCATGTTCAAGAGCTGGGA,0,4456790
yagB_insX_yagA_predicted,0.08333333333333333,11,11,TTCAGCGAAGGTTTCAAATA,0,4442760
yagB_insX_yagA_predicted,0.08333333333333333,11,11,TTAGTGAAGAGTGCTCAACA,0,4437309
yagB_insX_yagA_predicted,0.08333333333333333,11,11,TTAGCCCGCCTTCAATAGTC,0,4465574
yagB_insX_yagA_predicted,0.08333333333333333,11,11,TTACTGTCGGTGTTACAGTA,0,4449364
yagB_insX_yagA_predicted,0.08333333333333333,11,11,TTACCTGGCCACGGTTGAAG,0,4455774
yagB_insX_yagA_predicted,0.08333333333333333,11,11,TTACCGGAAGGAAGCGCGGG,0,4447121
yagB_insX_yagA_predicted,0.08333333333333333,11,11,TGTTTAGTTATTTGGGATCT,0,4443545
yagB_insX_yagA_predicted,0.08333333333333333,11,11,TGTTCTTTAACCAAACTTGA,0,4460969
yagB_insX_yagA_predicted,0.08333333333333333,11,11,TGTTCTAAACAATCATCTGT,0,4444396
yagB_insX_yagA_predicted,0.08333333333333333,11,11,TGTTCAGGAAATTATTGGTA,0,4447514
yagB_insX_yagA_predicted,0.08333333333333333,11,11,TGTGGAGACCTCGTACGTGC,0,4461466
yagB_insX_yagA_predicted,0.08333333333333333,11,11,TGTGATGTGTCCCAGGATAC,0,4467735
yagB_insX_yagA_predicted,0.08333333333333333,11,11,TGTGAGCTGAAACTCGAGGA,0,4468908
yagB_insX_yagA_predicted,0.08333333333333333,11,11,TGTAAGGTTACGCCCATCGA,0,4448115
yagB_insX_yagA_predicted,0.08333333333333333,11,11,TGTAAAAGGGGGGCGCCGTG,0,4461682
yagB_insX_yagA_predicted,0.08333333333333333,11,11,TGGTTTGCGCCGTAAAACTG,0,4438724
yagB_insX_yagA_predicted,0.08333333333333333,11,11,TGGTGAAGGGCCGGCGTGTT,0,4436591
yagB_insX_yagA_predicted,0.08333333333333333,11,11,TGGGGGCTCGAGACTCCAAG,0,4444426
yagB_insX_yagA_predicted,0.08333333333333333,11,11,TGGGGCCAATCCAATATTGG,0,4445081
yagB_insX_yagA_predicted,0.08333333333333333,11,11,TGGGGATCCGTAACATTTGT,0,4439074
yagB_insX_yagA_predicted,0.08333333333333333,11,11,TGGGACGCAAGACAAGACTG,0,4441524
yagB_insX_yagA_predicted,0.08333333333333333,11,11,TGGCTTTATTTAGGGGTATA,0,4469647
yagB_insX_yagA_predicted,0.08333333333333333,11,11,TGGCTGTAGACTCTAAGCTT,0,4460438
yagB_insX_yagA_predicted,0.08333333333333333,11,11,TGGAATTTTACCGATGATAT,0,4440885
yagB_insX_yagA_predicted,0.08333333333333333,11,11,TGCCGCGGGGCATGCATGGT,0,4461300
yagB_insX_yagA_predicted,0.08333333333333333,11,11,TGATTAACCTGCTCTGGCAG,0,4437101
yagB_insX_yagA_predicted,0.08333333333333333,11,11,TGATTAAATGTACCCAGGCC,0,4440534
yagB_insX_yagA_predicted,0.08333333333333333,11,11,TGATGGGATAAAAAACCGCG,0,4444262
yagB_insX_yagA_predicted,0.08333333333333333,11,11,TGATCGCGAGCATTATAAGT,0,4458262
yagB_insX_yagA_predicted,0.08333333333333333,11,11,TGAGCACGAGGGCTGGGCGA,0,4452526
yagB_insX_yagA_predicted,0.08333333333333333,11,11,TGACTTACGTGTGTTCAAAC,0,4467197
yagB_insX_yagA_predicted,0.08333333333333333,11,11,TGACTGCACTGTGGGCGTTC,0,4445294
yagB_insX_yagA_predicted,0.08333333333333333,11,11,TGACACGTTAGGCGGTTGGT,0,4443260
yagB_insX_yagA_predicted,0.08333333333333333,11,11,TGACAAGTATACAACGCCCT,0,4460712
yagB_insX_yagA_predicted,0.08333333333333333,11,11,TGAAGGGTATCGCGAAATGT,0,4464530
yagB_insX_yagA_predicted,0.08333333333333333,11,11,TCTTCAGACTGACGCTGCAA,0,4446429
yagB_insX_yagA_predicted,0.08333333333333333,11,11,TCTGAAAAAAGCCGACAGGG,0,4443564
yagB_insX_yagA_predicted,0.08333333333333333,11,11,TCTCTCCCACTTCGCAAACC,0,4466125
yagB_insX_yagA_predicted,0.08333333333333333,11,11,TCTCGAGTGGACACTCGATG,0,4455230
yagB_insX_yagA_predicted,0.08333333333333333,11,11,TCTCCTATACTCTGAGGGTC,0,4440326
yagB_insX_yagA_predicted,0.08333333333333333,11,11,TCTCCGCAAGGTCAGGAAAC,0,4462312
yagB_insX_yagA_predicted,0.08333333333333333,11,11,TCTCAAACACCGATCTGGAT,0,4462586
yagB_insX_yagA_predicted,0.08333333333333333,11,11,TCTACGTCGGATCCATCTGT,0,4460804
yagB_insX_yagA_predicted,0.08333333333333333,11,11,TCTAATGTTATACGAAGGTA,0,4443133
yagB_insX_yagA_predicted,0.08333333333333333,11,11,TCGTTAACTGTTTAATATAG,0,4450458
yagB_insX_yagA_predicted,0.08333333333333333,11,11,TCGTGGCGTGGCCCAGGATC,0,4458664
yagB_insX_yagA_predicted,0.08333333333333333,11,11,TCGCTAATCTAAGGACGAAC,0,4448912
yagB_insX_yagA_predicted,0.08333333333333333,11,11,TCGAGGCCGGAATCCAATGC,0,4436262
yagB_insX_yagA_predicted,0.08333333333333333,11,11,TCGAGCGTCCCTTAGATGGG,0,4462267
yagB_insX_yagA_predicted,0.08333333333333333,11,11,TCGAGAAACACTCTTCCAGA,0,4436533
yagB_insX_yagA_predicted,0.08333333333333333,11,11,TCCGTGAGTATTCGTACGAC,0,4456647
yagB_insX_yagA_predicted,0.08333333333333333,11,11,TCAGACCATAACATTTAGGT,0,4437037
yagB_insX_yagA_predicted,0.08333333333333333,11,11,TCACTGCGTACGAGTCAGCG,0,4435972
yagB_insX_yagA_predicted,0.08333333333333333,11,11,TCAATGCTAGGTCACGGGAG,0,4454725
yagB_insX_yagA_predicted,0.08333333333333333,11,11,TATGTGCGCTTTAATTGTGA,0,4446366
yagB_insX_yagA_predicted,0.08333333333333333,11,11,TATGATTCGTACCTCTCAAA,0,4440485
yagB_insX_yagA_predicted,0.08333333333333333,11,11,TATAAGACTCAGGGAGTCAT,0,4470939
yagB_insX_yagA_predicted,0.08333333333333333,11,11,TAGGGGTCAAAGGCAAATGT,0,4440424
yagB_insX_yagA_predicted,0.08333333333333333,11,11,TAGGGATGGATCATACCCAA,0,4471628
yagB_insX_yagA_predicted,0.08333333333333333,11,11,TAGCGTTACACTCTCACGTT,0,4448264
yagB_insX_yagA_predicted,0.08333333333333333,11,11,TAGATAAAAGTTTTTGCAGT,0,4444431
yagB_insX_yagA_predicted,0.08333333333333333,11,11,TACTCTATGCACAAATCTTT,0,4446769
yagB_insX_yagA_predicted,0.08333333333333333,11,11,TACGCGGTTTAGCGCCATAA,0,4469852
yagB_insX_yagA_predicted,0.08333333333333333,11,11,TACGCGACAGTGTGGGCGTT,0,4443797
yagB_insX_yagA_predicted,0.08333333333333333,11,11,TACGATTGTTGTGTGCAACT,0,4445723
yagB_insX_yagA_predicted,0.08333333333333333,11,11,TACCTACCTCCATCGAGTAT,0,4457497
yagB_insX_yagA_predicted,0.08333333333333333,11,11,TACCGTATTGACGATTGCTA,0,4450090
yagB_insX_yagA_predicted,0.08333333333333333,11,11,TACATCGCTTGGCGAGGCTT,0,4470418
yagB_insX_yagA_predicted,0.08333333333333333,11,11,TACACAGCAATTGGGTGCAG,0,4438630
yagB_insX_yagA_predicted,0.08333333333333333,11,11,TAATGATACGGATATAGCAA,0,4442036
yagB_insX_yagA_predicted,0.08333333333333333,11,11,TAAGATAGCTGAGTAAAAAG,0,4452983
yagB_insX_yagA_predicted,0.08333333333333333,11,11,TAAGAAAGGGTTCACGCTGC,0,4453482
yagB_insX_yagA_predicted,0.08333333333333333,11,11,TAAAAAAAAAACACGCGTGA,0,4468248
yagB_insX_yagA_predicted,0.08333333333333333,11,11,GTTTTACACTTCTTCACAAA,0,4464513
yagB_insX_yagA_predicted,0.08333333333333333,11,11,GTTTATTCCCCTCCACATAT,0,4440040
yagB_insX_yagA_predicted,0.08333333333333333,11,11,GTTGACATATTTGGTGTTGC,0,4457350
yagB_insX_yagA_predicted,0.08333333333333333,11,11,GTTCGTCCTTAACTCCCTTA,0,4459817
yagB_insX_yagA_predicted,0.08333333333333333,11,11,GTGGGTCTAAAGTTCGCGTA,0,4454337
yagB_insX_yagA_predicted,0.08333333333333333,11,11,GTGGCTGTTCCAAAAGAACC,0,4438694
yagB_insX_yagA_predicted,0.08333333333333333,11,11,GTGCACTCATTGGGGAAGGC,0,4443910
yagB_insX_yagA_predicted,0.08333333333333333,11,11,GTGAGGGACCCGGGCTTGTT,0,4452644
yagB_insX_yagA_predicted,0.08333333333333333,11,11,GTCTCACGTCTCCCGGGTAC,0,4448200
yagB_insX_yagA_predicted,0.08333333333333333,11,11,GTCGGGGCCTTGACCACGTG,0,4438565
yagB_insX_yagA_predicted,0.08333333333333333,11,11,GTCCGGGGTTATGTGCTCCG,0,4452906
yagB_insX_yagA_predicted,0.08333333333333333,11,11,GTCCATAAGACTACTTTATC,0,4453746
yagB_insX_yagA_predicted,0.08333333333333333,11,11,GTATTGCGCCCGGTCATAAG,0,4464239
yagB_insX_yagA_predicted,0.08333333333333333,11,11,GTATCCAGGTCTCGGGATCA,0,4470401
yagB_insX_yagA_predicted,0.08333333333333333,11,11,GTAGGCCACATTAATTAATA,0,4450033
yagB_insX_yagA_predicted,0.08333333333333333,11,11,GTAGGATTTGGCGGAGGTTA,0,4437249
yagB_insX_yagA_predicted,0.08333333333333333,11,11,GTAGCTCGAGTAATCGGTTG,0,4466367
yagB_insX_yagA_predicted,0.08333333333333333,11,11,GTACGCCAACGATACGTCGT,0,4449910
yagB_insX_yagA_predicted,0.08333333333333333,11,11,GTACGACGGTGGGATTCAGA,0,4465713
yagB_insX_yagA_predicted,0.08333333333333333,11,11,GTACAACCAGGGATTAGCTA,0,4466132
yagB_insX_yagA_predicted,0.08333333333333333,11,11,GTAATTTGCGTCCTGTAACA,0,4454586
yagB_insX_yagA_predicted,0.08333333333333333,11,11,GTAACCAATGGAGATAGGGA,0,4472011
yagB_insX_yagA_predicted,0.08333333333333333,11,11,GTAACAAAAGTCGTCTGAAA,0,4445671
yagB_insX_yagA_predicted,0.08333333333333333,11,11,GGTTTTCCGATTGGTCATCA,0,4460025
yagB_insX_yagA_predicted,0.08333333333333333,11,11,GGTTTCCTAAGGAATAGTCA,0,4453294
yagB_insX_yagA_predicted,0.08333333333333333,11,11,GGTGTCGATGGTGAAATTGC,0,4439142
yagB_insX_yagA_predicted,0.08333333333333333,11,11,GGTGGTGGCCGAGAAACGGG,0,4469452
yagB_insX_yagA_predicted,0.08333333333333333,11,11,GGTGGGCTACATCGAGGTTC,0,4451725
yagB_insX_yagA_predicted,0.08333333333333333,11,11,GGTGACGGCTCCGCCTTCTT,0,4440127
yagB_insX_yagA_predicted,0.08333333333333333,11,11,GGTCCTCGATTAAAAGTCGT,0,4448104
yagB_insX_yagA_predicted,0.08333333333333333,11,11,GGTACCCTAGGTCATACTAA,0,4445639
yagB_insX_yagA_predicted,0.08333333333333333,11,11,GGGTTAAAGGACGATTAACA,0,4449636
yagB_insX_yagA_predicted,0.08333333333333333,11,11,GGGTCACGCACCGCTACCGT,0,4458983
yagB_insX_yagA_predicted,0.08333333333333333,11,11,GGGTAGGCCAGGCGTGGGTT,0,4439180
yagB_insX_yagA_predicted,0.08333333333333333,11,11,GGGGCTCAACCTAAGACTTT,0,4450250
yagB_insX_yagA_predicted,0.08333333333333333,11,11,GGGACCCTCTGGCATATGTT,0,4455704
yagB_insX_yagA_predicted,0.08333333333333333,11,11,GGGAACAATTGACGTTTCGG,0,4467015
yagB_insX_yagA_predicted,0.08333333333333333,11,11,GGCTGTTTACAAATGAGAAC,0,4458479
yagB_insX_yagA_predicted,0.08333333333333333,11,11,GGCGACAGACGGGCGGCTGT,0,4436211
yagB_insX_yagA_predicted,0.08333333333333333,11,11,GGCCTGCGGCAAGTCGGGGG,0,4440742
yagB_insX_yagA_predicted,0.08333333333333333,11,11,GGCCGAGGCCCTCTAGACCA,0,4441424
yagB_insX_yagA_predicted,0.08333333333333333,11,11,GGCCGAAACGTCACTACTTA,0,4453347
yagB_insX_yagA_predicted,0.08333333333333333,11,11,GGCCCGCTCATTCTAATTCT,0,4442300
yagB_insX_yagA_predicted,0.08333333333333333,11,11,GGCCCCTAGGATAACACGAT,0,4468009
yagB_insX_yagA_predicted,0.08333333333333333,11,11,GGCATATAGCCATTGATATG,0,4462674
yagB_insX_yagA_predicted,0.08333333333333333,11,11,GGCACAACACATGGTGCGCA,0,4451602
yagB_insX_yagA_predicted,0.08333333333333333,11,11,GGATAAGCATGTGTAGGCAA,0,4465764
yagB_insX_yagA_predicted,0.08333333333333333,11,11,GGAGCTTTTTACGTCAGTTC,0,4454555
yagB_insX_yagA_predicted,0.08333333333333333,11,11,GGACTTTGCATGCTGTCCAG,0,4470389
yagB_insX_yagA_predicted,0.08333333333333333,11,11,GGACGCGCCCGTACGACGGA,0,4464922
yagB_insX_yagA_predicted,0.08333333333333333,11,11,GGACGACCCCGGTGGGAGTT,0,4447962
yagB_insX_yagA_predicted,0.08333333333333333,11,11,GCTTTTAGTGAGGTATAGTG,0,4452426
yagB_insX_yagA_predicted,0.08333333333333333,11,11,GCTTAACATGCGTGAATGAA,0,4443266
yagB_insX_yagA_predicted,0.08333333333333333,11,11,GCTGACGACACTGCGAAAGA,0,4440526
yagB_insX_yagA_predicted,0.08333333333333333,11,11,GCTCGAATGGGGCTAGGGAA,0,4436726
yagB_insX_yagA_predicted,0.08333333333333333,11,11,GCTCACATTGGGATAGCGTA,0,4470573
yagB_insX_yagA_predicted,0.08333333333333333,11,11,GCTATGCACAGCGGAGCAAC,0,4450874
yagB_insX_yagA_predicted,0.08333333333333333,11,11,GCTATATACTATCCTAGAAT,0,4443399
yagB_insX_yagA_predicted,0.08333333333333333,11,11,GCGTCTCACCTCCCTCCTGA,0,4462834
yagB_insX_yagA_predicted,0.08333333333333333,11,11,GCGGCGGTGCCAATTACGCA,0,4436765
yagB_insX_yagA_predicted,0.08333333333333333,11,11,GCGAAATAAAAACGCACCAC,0,4460432
yagB_insX_yagA_predicted,0.08333333333333333,11,11,GCCTGACGGCAAGCTTATTC,0,4451959
yagB_insX_yagA_predicted,0.08333333333333333,11,11,GCCGTCTACGCCTGAACCCT,0,4443714
yagB_insX_yagA_predicted,0.08333333333333333,11,11,GCCGGCGGTTCAACAGCGGT,0,4465164
yagB_insX_yagA_predicted,0.08333333333333333,11,11,GCCGCGGATTTGAACCGGAC,0,4447881
yagB_insX_yagA_predicted,0.08333333333333333,11,11,GCCGATTCATACTCAATAGT,0,4441571
yagB_insX_yagA_predicted,0.08333333333333333,11,11,GCCCTTGGAGACAAACTGAG,0,4470488
yagB_insX_yagA_predicted,0.08333333333333333,11,11,GCCCGGTAAAAAACCCACAG,0,4464594
yagB_insX_yagA_predicted,0.08333333333333333,11,11,GCCAGGCAGACGTACCCACC,0,4443192
yagB_insX_yagA_predicted,0.08333333333333333,11,11,GCCAGACATGAGGGAGAAAA,0,4457130
yagB_insX_yagA_predicted,0.08333333333333333,11,11,GCCAACGGGATTACCTGCTC,0,4462221
yagB_insX_yagA_predicted,0.08333333333333333,11,11,GCATGGGGAGACGACGCACA,0,4461815
yagB_insX_yagA_predicted,0.08333333333333333,11,11,GCATGCGAGTTGGGGAGACT,0,4445754
yagB_insX_yagA_predicted,0.08333333333333333,11,11,GCAGGGTTCAGAGATCTTGA,0,4459048
yagB_insX_yagA_predicted,0.08333333333333333,11,11,GCACCCGGACGCTCTCCGCA,0,4460060
yagB_insX_yagA_predicted,0.08333333333333333,11,11,GCACCAGCATGCAGGCCCGA,0,4467940
yagB_insX_yagA_predicted,0.08333333333333333,11,11,GCAACGGTAAGGTTATGTGC,0,4452497
yagB_insX_yagA_predicted,0.08333333333333333,11,11,GATTAAGATTCCAGTAAACC,0,4466136
yagB_insX_yagA_predicted,0.08333333333333333,11,11,GATGTCTGTCCATCGCTCCT,0,4448250
yagB_insX_yagA_predicted,0.08333333333333333,11,11,GATGTAATATCGTGCAGTCC,0,4438277
yagB_insX_yagA_predicted,0.08333333333333333,11,11,GATGAAGCAACTCTTATAAC,0,4470953
yagB_insX_yagA_predicted,0.08333333333333333,11,11,GATCCAGGCTCGACCTCGAG,0,4466102
yagB_insX_yagA_predicted,0.08333333333333333,11,11,GATCATCATCCATCAGTGGT,0,4458607
yagB_insX_yagA_predicted,0.08333333333333333,11,11,GATCATAGAAATGACCGCTA,0,4447405
yagB_insX_yagA_predicted,0.08333333333333333,11,11,GATAAGCCTTAGGAACTGGC,0,4456814
yagB_insX_yagA_predicted,0.08333333333333333,11,11,GAGTAATGGCTTGAGAACTA,0,4443625
yagB_insX_yagA_predicted,0.08333333333333333,11,11,GAGCTCCACTTTGAATCATG,0,4444828
yagB_insX_yagA_predicted,0.08333333333333333,11,11,GAGCCTTCGCTCGCATTTCC,0,4441497
yagB_insX_yagA_predicted,0.08333333333333333,11,11,GACTTCTCCCTACACTCAGA,0,4452524
yagB_insX_yagA_predicted,0.08333333333333333,11,11,GACCCTGGCCACATGTAGCT,0,4446867
yagB_insX_yagA_predicted,0.08333333333333333,11,11,GACATAGATCCGTGTCGTGG,0,4464991
yagB_insX_yagA_predicted,0.08333333333333333,11,11,GACAGCATAGTCTTTACTGT,0,4459265
yagB_insX_yagA_predicted,0.08333333333333333,11,11,GAATGCCTTAGATTCTCGGC,0,4443820
yagB_insX_yagA_predicted,0.08333333333333333,11,11,GAATCATACAGGGGTTCCCT,0,4439109
yagB_insX_yagA_predicted,0.08333333333333333,11,11,GAAGTTGATTAGTCCGATTG,0,4447920
yagB_insX_yagA_predicted,0.08333333333333333,11,11,GAAGAAGCACGCATACGTAA,0,4455506
yagB_insX_yagA_predicted,0.08333333333333333,11,11,GAACGCAGGTTTCCGAACGG,0,4466704
yagB_insX_yagA_predicted,0.08333333333333333,11,11,GAACAGGGTGCTCATGAGAG,0,4446215
yagB_insX_yagA_predicted,0.08333333333333333,11,11,GAAAGGATGGAAAAAGGGTA,0,4455298
yagB_insX_yagA_predicted,0.08333333333333333,11,11,GAAAGCTACAATAGGGTCGG,0,4458031
yagB_insX_yagA_predicted,0.08333333333333333,11,11,GAAAAGCGTTGATACTCGGG,0,4437585
yagB_insX_yagA_predicted,0.08333333333333333,11,11,CTTTTCCTGACTCTTAGCGA,0,4448595
yagB_insX_yagA_predicted,0.08333333333333333,11,11,CTTTGTTTAGGGCCAAACGT,0,4441390
yagB_insX_yagA_predicted,0.08333333333333333,11,11,CTTTGCGGCGGTCGTGCATT,0,4447124
yagB_insX_yagA_predicted,0.08333333333333333,11,11,CTTGAAGAACCTAGTAGAGA,0,4439328
yagB_insX_yagA_predicted,0.08333333333333333,11,11,CTTAAGATTGATCACCGTAC,0,4456450
yagB_insX_yagA_predicted,0.08333333333333333,11,11,CTGTTGCGCGCCGCTGAGCC,0,4448557
yagB_insX_yagA_predicted,0.08333333333333333,11,11,CTGTGAGTTGACTCCTGCAG,0,4452695
yagB_insX_yagA_predicted,0.08333333333333333,11,11,CTGAGCAGCTACGGTGCCTC,0,4438045
yagB_insX_yagA_predicted,0.08333333333333333,11,11,CTGAAGGCACTTAGAGACCA,0,4459948
yagB_insX_yagA_predicted,0.08333333333333333,11,11,CTCGTATAGCGTTAGGTCCT,0,4471431
yagB_insX_yagA_predicted,0.08333333333333333,11,11,CTCGAGCTTCCGGAAACCAC,0,4442895
yagB_insX_yagA_predicted,0.08333333333333333,11,11,CTCCCAATAAGTGCCGGATG,0,4446331
yagB_insX_yagA_predicted,0.08333333333333333,11,11,CTCCAGACCTCCGTGTGGCG,0,4448387
yagB_insX_yagA_predicted,0.08333333333333333,11,11,CTCAACCTATTATCATTCAG,0,4456788
yagB_insX_yagA_predicted,0.08333333333333333,11,11,CTATTCGCGGGAACTCATAT,0,4435991
yagB_insX_yagA_predicted,0.08333333333333333,11,11,CTATATTCAGTCGGCAGACA,0,4456264
yagB_insX_yagA_predicted,0.08333333333333333,11,11,CTAGGATACTCGCACATTCA,0,4445647
yagB_insX_yagA_predicted,0.08333333333333333,11,11,CTACCGTTTATTGAACGGCT,0,4446082
yagB_insX_yagA_predicted,0.08333333333333333,11,11,CTAAGGACAATGGAACTATA,0,4437866
yagB_insX_yagA_predicted,0.08333333333333333,11,11,CGTGTTCACCCGAACTAAAG,0,4471620
yagB_insX_yagA_predicted,0.08333333333333333,11,11,CGTGTTAGAGCCAAGCAAGG,0,4460726
yagB_insX_yagA_predicted,0.08333333333333333,11,11,CGTGTAGATAAAAGGATGCC,0,4447226
yagB_insX_yagA_predicted,0.08333333333333333,11,11,CGTGGTTCAGTCCGCCATGG,0,4438840
yagB_insX_yagA_predicted,0.08333333333333333,11,11,CGTGAAGTCCTGAGCCAGGA,0,4440878
yagB_insX_yagA_predicted,0.08333333333333333,11,11,CGTCGAAAGGACCCATAACT,0,4442703
yagB_insX_yagA_predicted,0.08333333333333333,11,11,CGTCCTATACCGACCCGCGA,0,4469238
yagB_insX_yagA_predicted,0.08333333333333333,11,11,CGGTTTAAAAAGCCGGTTGT,0,4447466
yagB_insX_yagA_predicted,0.08333333333333333,11,11,CGGTTCTACCGGATCCCGCA,0,4468261
yagB_insX_yagA_predicted,0.08333333333333333,11,11,CGGTATCGTCTCGCGTTGGC,0,4447756
yagB_insX_yagA_predicted,0.08333333333333333,11,11,CGGGGGTTATAGGTGTGCTA,0,4457768
yagB_insX_yagA_predicted,0.08333333333333333,11,11,CGGACAAACAAGACGGGCAT,0,4450739
yagB_insX_yagA_predicted,0.08333333333333333,11,11,CGCTTCGCATCGCAGCTTAA,0,4444561
yagB_insX_yagA_predicted,0.08333333333333333,11,11,CGCTCGAAACTGGTCTCCGG,0,4471024
yagB_insX_yagA_predicted,0.08333333333333333,11,11,CGCGTGCCGAATTTGCTCAT,0,4450654
yagB_insX_yagA_predicted,0.08333333333333333,11,11,CGCCGTTCGGAATGATGCCT,0,4456811
yagB_insX_yagA_predicted,0.08333333333333333,11,11,CGCCCAATAGCAGTCCCAGA,0,4447223
yagB_insX_yagA_predicted,0.08333333333333333,11,11,CGCACAGTGTAGCATCGTTG,0,4471277
yagB_insX_yagA_predicted,0.08333333333333333,11,11,CGCAAAGAGGACCCTAAATT,0,4440388
yagB_insX_yagA_predicted,0.08333333333333333,11,11,CGACAACGTAGTACGAGTTG,0,4464687
yagB_insX_yagA_predicted,0.08333333333333333,11,11,CGAAGACCACGCGACAGGAC,0,4445892
yagB_insX_yagA_predicted,0.08333333333333333,11,11,CGAACGCGACAATAACGCCC,0,4437589
yagB_insX_yagA_predicted,0.08333333333333333,11,11,CGAAACCGGGCTACTATCCT,0,4440844
yagB_insX_yagA_predicted,0.08333333333333333,11,11,CCTTGTGGAAGGACGGGATA,0,4455776
yagB_insX_yagA_predicted,0.08333333333333333,11,11,CCTGTTGAGGCAACGTTCGG,0,4461596
yagB_insX_yagA_predicted,0.08333333333333333,11,11,CCTGCGCATTTCCCGAAGGT,0,4456178
yagB_insX_yagA_predicted,0.08333333333333333,11,11,CCTGCCAGCATAACTACAAG,0,4467624
yagB_insX_yagA_predicted,0.08333333333333333,11,11,CCTCAGCACACTTTCGCACG,0,4457971
yagB_insX_yagA_predicted,0.08333333333333333,11,11,CCTATTCGCCACTAGATTGC,0,4463526
yagB_insX_yagA_predicted,0.08333333333333333,11,11,CCTAGAGCGGATTGATAGGG,0,4440296
yagB_insX_yagA_predicted,0.08333333333333333,11,11,CCTACCGTGAGTGTTAATCA,0,4436164
yagB_insX_yagA_predicted,0.08333333333333333,11,11,CCTAATAGGACTTGGCGTTC,0,4460842
yagB_insX_yagA_predicted,0.08333333333333333,11,11,CCGACGCGAACGAGGTTTTA,0,4449995
yagB_insX_yagA_predicted,0.08333333333333333,11,11,CCGAAATAATGAAACGAGGT,0,4454201
yagB_insX_yagA_predicted,0.08333333333333333,11,11,CCCTGCACTTTCACGGGGAA,0,4470115
yagB_insX_yagA_predicted,0.08333333333333333,11,11,CCCGTAGGTGGTTACAGGCT,0,4470342
yagB_insX_yagA_predicted,0.08333333333333333,11,11,CCCCGGTGGCTACCGAACTC,0,4447593
yagB_insX_yagA_predicted,0.08333333333333333,11,11,CCCAAGCCGTTGAGGGCATA,0,4465881
yagB_insX_yagA_predicted,0.08333333333333333,11,11,CCATGCCGTATGTGTCAATA,0,4445155
yagB_insX_yagA_predicted,0.08333333333333333,11,11,CCATCGTTACTTTAGATCCT,0,4471436
yagB_insX_yagA_predicted,0.08333333333333333,11,11,CCAGTTGCAACAACCGGCAA,0,4442372
yagB_insX_yagA_predicted,0.08333333333333333,11,11,CCAACGTTTCACAACTCTCC,0,4445476
yagB_insX_yagA_predicted,0.08333333333333333,11,11,CATTGTGACCACTAACAACG,0,4460735
yagB_insX_yagA_predicted,0.08333333333333333,11,11,CATTAGCAAGGAGTCTCTAT,0,4453149
yagB_insX_yagA_predicted,0.08333333333333333,11,11,CATGACCGTTTACAAACGTC,0,4466898
yagB_insX_yagA_predicted,0.08333333333333333,11,11,CATACCCATTGATCCCAGGT,0,4437311
yagB_insX_yagA_predicted,0.08333333333333333,11,11,CAGATACTGAGAAAAAATGT,0,4469215
yagB_insX_yagA_predicted,0.08333333333333333,11,11,CACTGCTTCAGAATTGGAAA,0,4463017
yagB_insX_yagA_predicted,0.08333333333333333,11,11,CACTCCCCCCTTTGGACCTC,0,4465563
yagB_insX_yagA_predicted,0.08333333333333333,11,11,CACCCATGTAATCCTGTTAA,0,4436141
yagB_insX_yagA_predicted,0.08333333333333333,11,11,CACATAAAAATAGCTCGCGC,0,4445252
yagB_insX_yagA_predicted,0.08333333333333333,11,11,CACAATGCCACGTCCGAAGC,0,4456407
yagB_insX_yagA_predicted,0.08333333333333333,11,11,CACAAAACCCACGGTCGGCC,0,4442351
yagB_insX_yagA_predicted,0.08333333333333333,11,11,CAATTTGATGTCATATTCCA,0,4467415
yagB_insX_yagA_predicted,0.08333333333333333,11,11,CAATTCTTATTACAAAACAG,0,4437372
yagB_insX_yagA_predicted,0.08333333333333333,11,11,CAATATGGTGTTTAGTAACC,0,4437090
yagB_insX_yagA_predicted,0.08333333333333333,11,11,CAATAAACATGGTATACGAA,0,4441417
yagB_insX_yagA_predicted,0.08333333333333333,11,11,CAAGTGGCCCCGCGATCGAT,0,4470685
yagB_insX_yagA_predicted,0.08333333333333333,11,11,CAAGCCCCGGCCGGAGAGCA,0,4465389
yagB_insX_yagA_predicted,0.08333333333333333,11,11,CAACTGGTATTTTGCCCGTC,0,4467710
yagB_insX_yagA_predicted,0.08333333333333333,11,11,CAACGAGCCGCAACTGAAAT,0,4441949
yagB_insX_yagA_predicted,0.08333333333333333,11,11,CAACCCAGGTATGATGTGGG,0,4449928
yagB_insX_yagA_predicted,0.08333333333333333,11,11,CAAATGCCAGCCCGTCGGGG,0,4449957
yagB_insX_yagA_predicted,0.08333333333333333,11,11,CAAAGCCCTCAATACGGTCA,0,4456809
yagB_insX_yagA_predicted,0.08333333333333333,11,11,CAAACGGCTGTATCCGTTCA,0,4438953
yagB_insX_yagA_predicted,0.08333333333333333,11,11,ATTTTCGCGCCGCTACTGTT,0,4471961
yagB_insX_yagA_predicted,0.08333333333333333,11,11,ATTGTGTTTCTAGGGCAAGG,0,4469504
yagB_insX_yagA_predicted,0.08333333333333333,11,11,ATTGGTAACTCAAATCTAAT,0,4465674
yagB_insX_yagA_predicted,0.08333333333333333,11,11,ATTCCTAGCCCAAAACAGTT,0,4438813
yagB_insX_yagA_predicted,0.08333333333333333,11,11,ATTACGTGCTGGAAGGGGGT,0,4464426
yagB_insX_yagA_predicted,0.08333333333333333,11,11,ATGTAGTGTGCTCCGACCGT,0,4449871
yagB_insX_yagA_predicted,0.08333333333333333,11,11,ATGGCGTCGGCTGGCGCAAT,0,4447601
yagB_insX_yagA_predicted,0.08333333333333333,11,11,ATGGCACCAGCGTGGGGTGT,0,4438033
yagB_insX_yagA_predicted,0.08333333333333333,11,11,ATGGACTCGCTCCGGAGTCA,0,4465055
yagB_insX_yagA_predicted,0.08333333333333333,11,11,ATGCTTCCACCGTCCACCTA,0,4453898
yagB_insX_yagA_predicted,0.08333333333333333,11,11,ATGACGAAGTACTAGAACCT,0,4459237
yagB_insX_yagA_predicted,0.08333333333333333,11,11,ATCCCCGTACGCGTATGAAA,0,4460906
yagB_insX_yagA_predicted,0.08333333333333333,11,11,ATCATTTGTGGAGTTAACGT,0,4440462
yagB_insX_yagA_predicted,0.08333333333333333,11,11,ATCAAGGAGAATAAATGGGT,0,4443167
yagB_insX_yagA_predicted,0.08333333333333333,11,11,ATATTTGTGCACTTTTCGAG,0,4458159
yagB_insX_yagA_predicted,0.08333333333333333,11,11,ATATGGCACATGCAGCGATT,0,4466329
yagB_insX_yagA_predicted,0.08333333333333333,11,11,ATATAAGAGTACGGGTGTAG,0,4457967
yagB_insX_yagA_predicted,0.08333333333333333,11,11,ATAGGCAAGAGGACCAAAAA,0,4447250
yagB_insX_yagA_predicted,0.08333333333333333,11,11,ATAGGATTGGAGTTATGTGT,0,4439143
yagB_insX_yagA_predicted,0.08333333333333333,11,11,ATACAAAGGTGCCAGGGTTA,0,4441744
yagB_insX_yagA_predicted,0.08333333333333333,11,11,ATAAGTGCCACTCGGAGTTT,0,4439319
yagB_insX_yagA_predicted,0.08333333333333333,11,11,ATAAGGCCAATAGGGGCCAG,0,4467614
yagB_insX_yagA_predicted,0.08333333333333333,11,11,ATAACGACCAGCTTATGAGC,0,4448092
yagB_insX_yagA_predicted,0.08333333333333333,11,11,AGTTGTAGATGTCAAGTGTA,0,4465015
yagB_insX_yagA_predicted,0.08333333333333333,11,11,AGTTATAGATGTTCGAGGGT,0,4462975
yagB_insX_yagA_predicted,0.08333333333333333,11,11,AGTGCAAACTCGTTTATAAG,0,4467477
yagB_insX_yagA_predicted,0.08333333333333333,11,11,AGTAGGGATACCGTTGGTTG,0,4470857
yagB_insX_yagA_predicted,0.08333333333333333,11,11,AGTAGCTATTCACGCGCATG,0,4452232
yagB_insX_yagA_predicted,0.08333333333333333,11,11,AGTAGAGCCATTGCATACTC,0,4447730
yagB_insX_yagA_predicted,0.08333333333333333,11,11,AGTACAGACCGAAGGTCACG,0,4448608
yagB_insX_yagA_predicted,0.08333333333333333,11,11,AGGTGTTAGCTAACTAGCGC,0,4441614
yagB_insX_yagA_predicted,0.08333333333333333,11,11,AGGTCGCCAGGTAACAACCT,0,4467443
yagB_insX_yagA_predicted,0.08333333333333333,11,11,AGGCGGAACTTGGGCTACAC,0,4467469
yagB_insX_yagA_predicted,0.08333333333333333,11,11,AGGATGGTACTTGCGCTGAG,0,4437836
yagB_insX_yagA_predicted,0.08333333333333333,11,11,AGGAGGCATACATTAAGCCG,0,4457910
yagB_insX_yagA_predicted,0.08333333333333333,11,11,AGGACGTGATGATGGGTTCT,0,4455876
yagB_insX_yagA_predicted,0.08333333333333333,11,11,AGCTAAAAAGTCACTTTGTA,0,4466777
yagB_insX_yagA_predicted,0.08333333333333333,11,11,AGCGGCCGGCGCGACCGTTA,0,4438465
yagB_insX_yagA_predicted,0.08333333333333333,11,11,AGCGGAGAAATGTACCCGAC,0,4440386
yagB_insX_yagA_predicted,0.08333333333333333,11,11,AGCGCGCCTGGTCGTCTGGG,0,4442420
yagB_insX_yagA_predicted,0.08333333333333333,11,11,AGCCTGCGCTGACAATTGAA,0,4452000
yagB_insX_yagA_predicted,0.08333333333333333,11,11,AGCCGCATCACTTGGGCAAT,0,4452202
yagB_insX_yagA_predicted,0.08333333333333333,11,11,AGCCGCAACTATCGTTCGAG,0,4449374
yagB_insX_yagA_predicted,0.08333333333333333,11,11,AGCCCGAACTGTCCGCAATG,0,4471802
yagB_insX_yagA_predicted,0.08333333333333333,11,11,AGCCCAGTCGTCGGTGGGGC,0,4465899
yagB_insX_yagA_predicted,0.08333333333333333,11,11,AGCACGCACTGGAGTCCACC,0,4437110
yagB_insX_yagA_predicted,0.08333333333333333,11,11,AGCACGCACATTGTACCGTT,0,4455136
yagB_insX_yagA_predicted,0.08333333333333333,11,11,AGCACAACAATGGCTGCGGA,0,4439204
yagB_insX_yagA_predicted,0.08333333333333333,11,11,AGATGTATCTACTGACTGCG,0,4450309
yagB_insX_yagA_predicted,0.08333333333333333,11,11,AGATGGTCTCACTTCAAAAG,0,4463816
yagB_insX_yagA_predicted,0.08333333333333333,11,11,AGATACAGTATGGACTAGAC,0,4452467
yagB_insX_yagA_predicted,0.08333333333333333,11,11,AGATACACCGAAGGTATAGT,0,4459574
yagB_insX_yagA_predicted,0.08333333333333333,11,11,AGAGGTCCGCAGACTGTTGT,0,4461585
yagB_insX_yagA_predicted,0.08333333333333333,11,11,AGAGAATAAACGTTTTCCTC,0,4437226
yagB_insX_yagA_predicted,0.08333333333333333,11,11,AGACCTTCACGTGTTGAACG,0,4445700
yagB_insX_yagA_predicted,0.08333333333333333,11,11,AGAATGTGCAGGCGAGTCTT,0,4443792
yagB_insX_yagA_predicted,0.08333333333333333,11,11,AGAAGCTGCCAAGACATCGG,0,4450241
yagB_insX_yagA_predicted,0.08333333333333333,11,11,AGAACATGAACTGACTGATG,0,4442348
yagB_insX_yagA_predicted,0.08333333333333333,11,11,ACTTTTGAGTTGTTATAGGT,0,4437813
yagB_insX_yagA_predicted,0.08333333333333333,11,11,ACTTTGAGCTGTTATCTGCT,0,4442836
yagB_insX_yagA_predicted,0.08333333333333333,11,11,ACTGTGGCTCGAAAGTTCTA,0,4456130
yagB_insX_yagA_predicted,0.08333333333333333,11,11,ACTGGCACAATCCACACAAT,0,4469069
yagB_insX_yagA_predicted,0.08333333333333333,11,11,ACTGCGCTCGTGCACGTGGG,0,4456152
yagB_insX_yagA_predicted,0.08333333333333333,11,11,ACTGACGAAAGATTTGCTAA,0,4451702
yagB_insX_yagA_predicted,0.08333333333333333,11,11,ACTCTACTGCTCAGCGCGTG,0,4452007
yagB_insX_yagA_predicted,0.08333333333333333,11,11,ACTCCGTCGAGGAACATCAG,0,4470469
yagB_insX_yagA_predicted,0.08333333333333333,11,11,ACTCCGAGCGTGAACGAATC,0,4455389
yagB_insX_yagA_predicted,0.08333333333333333,11,11,ACTACTATCGTTGAACGGCC,0,4436863
yagB_insX_yagA_predicted,0.08333333333333333,11,11,ACGTTGAAGTAGCAATTGCA,0,4457248
yagB_insX_yagA_predicted,0.08333333333333333,11,11,ACGTTCCTTTATCCACAGGA,0,4454160
yagB_insX_yagA_predicted,0.08333333333333333,11,11,ACGTTAATTATGAAGCCGCG,0,4469091
yagB_insX_yagA_predicted,0.08333333333333333,11,11,ACGTCTATTTAGCGTAATGC,0,4466145
yagB_insX_yagA_predicted,0.08333333333333333,11,11,ACGTCGGTTATGATCCTTTA,0,4467133
yagB_insX_yagA_predicted,0.08333333333333333,11,11,ACGGTTCTTTGTTTTCCCAG,0,4450857
yagB_insX_yagA_predicted,0.08333333333333333,11,11,ACGGGTGCGTTCTCACAGCG,0,4460620
yagB_insX_yagA_predicted,0.08333333333333333,11,11,ACGGGCGGCATAGCCGCGGG,0,4444195
yagB_insX_yagA_predicted,0.08333333333333333,11,11,ACGGCTATTTGGTAACAAGT,0,4448703
yagB_insX_yagA_predicted,0.08333333333333333,11,11,ACGGCAGTAAAAGTATCCTC,0,4447148
yagB_insX_yagA_predicted,0.08333333333333333,11,11,ACGAGGGTACTAGCTCATGA,0,4466287
yagB_insX_yagA_predicted,0.08333333333333333,11,11,ACCTGAGACCAAAGCAGTGA,0,4448415
yagB_insX_yagA_predicted,0.08333333333333333,11,11,ACCGGATATCCCTTTGGCCT,0,4437522
yagB_insX_yagA_predicted,0.08333333333333333,11,11,ACCCGTATGCCTCTGTGTGG,0,4458340
yagB_insX_yagA_predicted,0.08333333333333333,11,11,ACCCAGGTGATACTAGGAAC,0,4454833
yagB_insX_yagA_predicted,0.08333333333333333,11,11,ACCATCTTGGGCTGCTCAAA,0,4436924
yagB_insX_yagA_predicted,0.08333333333333333,11,11,ACCAGGTATTAGAGGCATCA,0,4466951
yagB_insX_yagA_predicted,0.08333333333333333,11,11,ACATTGGGCTTCTTATGCTT,0,4465904
yagB_insX_yagA_predicted,0.08333333333333333,11,11,ACATGTGACGTCGCCGTGTA,0,4461697
yagB_insX_yagA_predicted,0.08333333333333333,11,11,ACATCCGTTCAATTGCGTAT,0,4448298
yagB_insX_yagA_predicted,0.08333333333333333,11,11,ACACTAGGGAGTTTTTGGAC,0,4437706
yagB_insX_yagA_predicted,0.08333333333333333,11,11,ACACAGTGCCCCATCTTAGA,0,4458244
yagB_insX_yagA_predicted,0.08333333333333333,11,11,ACACAAGGCCAGGGCAACTA,0,4465572
yagB_insX_yagA_predicted,0.08333333333333333,11,11,AATGCTGGAGACCATTAGTA,0,4460493
yagB_insX_yagA_predicted,0.08333333333333333,11,11,AATGCTAAGAAAACGGCCGA,0,4470812
yagB_insX_yagA_predicted,0.08333333333333333,11,11,AATGCAGTTCTTAGGAATGT,0,4444576
yagB_insX_yagA_predicted,0.08333333333333333,11,11,AATGCACACCCCAGAAAGAG,0,4439914
yagB_insX_yagA_predicted,0.08333333333333333,11,11,AATGACGAGGATCATTGGGT,0,4449369
yagB_insX_yagA_predicted,0.08333333333333333,11,11,AATCCCCATAAGGTCATCCC,0,4455315
yagB_insX_yagA_predicted,0.08333333333333333,11,11,AAGTACAATCAGGTTATATC,0,4457556
yagB_insX_yagA_predicted,0.08333333333333333,11,11,AAGGTTAGCAGGTATGACGA,0,4452530
yagB_insX_yagA_predicted,0.08333333333333333,11,11,AAGGGTAACTGGTATTAGGC,0,4439631
yagB_insX_yagA_predicted,0.08333333333333333,11,11,AAGGGCCACAGAAATGAGTA,0,4451573
yagB_insX_yagA_predicted,0.08333333333333333,11,11,AAGGGACCCCCCAGCCAGAT,0,4464825
yagB_insX_yagA_predicted,0.08333333333333333,11,11,AAGGCCATTTAGATGCCCGC,0,4442981
yagB_insX_yagA_predicted,0.08333333333333333,11,11,AAGCCGCACAGCATCTCTGA,0,4457621
yagB_insX_yagA_predicted,0.08333333333333333,11,11,AAGCCCGATGAGCATATAAT,0,4447290
yagB_insX_yagA_predicted,0.08333333333333333,11,11,AAGCCACCTGCAAAAACTCC,0,4471576
yagB_insX_yagA_predicted,0.08333333333333333,11,11,AAGACCGAGCACCACGCCTC,0,4469916
yagB_insX_yagA_predicted,0.08333333333333333,11,11,AACTCCATACTTCTCTTCGG,0,4448974
yagB_insX_yagA_predicted,0.08333333333333333,11,11,AACTCACGAACTCTGTAAGT,0,4441973
yagB_insX_yagA_predicted,0.08333333333333333,11,11,AACGTTTTAGACGACATCGC,0,4439780
yagB_insX_yagA_predicted,0.08333333333333333,11,11,AACGAATCATTATTTTCCCA,0,4460592
yagB_insX_yagA_predicted,0.08333333333333333,11,11,AACCGGTCGCTGCTTTGCGA,0,4469012
yagB_insX_yagA_predicted,0.08333333333333333,11,11,AACACCTAACAACAACACTT,0,4463124
yagB_insX_yagA_predicted,0.08333333333333333,11,11,AAATGTACGCAATAGTGGAT,0,4467141
yagB_insX_yagA_predicted,0.08333333333333333,11,11,AAACCGATAGGACATCAACC,0,4438721
yagB_insX_yagA_predicted,0.08333333333333333,11,11,AAAATCTCTGGCATAAGCCA,0,4448982
yagB_insX_yagA_predicted,0.09090909090909091,10,10,TTTTTGGGGGCAATTCGTGA,0,4462316
yagB_insX_yagA_predicted,0.09090909090909091,10,10,TTTTTGCCGCGATTTGCAGG,0,4438929
yagB_insX_yagA_predicted,0.09090909090909091,10,10,TTTTGTCAAAGCGCCGGAGG,0,4443495
yagB_insX_yagA_predicted,0.09090909090909091,10,10,TTTGATGACCTAGGGAGGTG,0,4442753
yagB_insX_yagA_predicted,0.09090909090909091,10,10,TTTGAATAAGAACTACCTTC,0,4467651
yagB_insX_yagA_predicted,0.09090909090909091,10,10,TTTACTCGGGCTTCGGTGAA,0,4471278
yagB_insX_yagA_predicted,0.09090909090909091,10,10,TTTAAGAAATAAACGGATGG,0,4455892
yagB_insX_yagA_predicted,0.09090909090909091,10,10,TTGTCGGGTCACAGGATTAA,0,4447613
yagB_insX_yagA_predicted,0.09090909090909091,10,10,TTGTAACGCGTCGAACGCTG,0,4442506
yagB_insX_yagA_predicted,0.09090909090909091,10,10,TTGGACTAACTACGTAAATG,0,4441743
yagB_insX_yagA_predicted,0.09090909090909091,10,10,TTGCCCTGAGTGCGGCTCCA,0,4461898
yagB_insX_yagA_predicted,0.09090909090909091,10,10,TTGAAGGAAATACTATTGGG,0,4469535
yagB_insX_yagA_predicted,0.09090909090909091,10,10,TTGAACAGCCCAAAGTCAAT,0,4452517
yagB_insX_yagA_predicted,0.09090909090909091,10,10,TTCTGGGTGAATGACTTCCG,0,4460431
yagB_insX_yagA_predicted,0.09090909090909091,10,10,TTCTCAGACCATCATGCCGT,0,4471536
yagB_insX_yagA_predicted,0.09090909090909091,10,10,TTCCCCGGACAAAGGGCGGT,0,4471873
yagB_insX_yagA_predicted,0.09090909090909091,10,10,TTCATGCTAGCAATCCGGCT,0,4469552
yagB_insX_yagA_predicted,0.09090909090909091,10,10,TTCACATCATATTCACGGCT,0,4440720
yagB_insX_yagA_predicted,0.09090909090909091,10,10,TTCACAGCGTCTACACGTGG,0,4464256
yagB_insX_yagA_predicted,0.09090909090909091,10,10,TTATGCCAGGCTATCCGATG,0,4441325
yagB_insX_yagA_predicted,0.09090909090909091,10,10,TTAGGGCGCACTAAACACGC,0,4458339
yagB_insX_yagA_predicted,0.09090909090909091,10,10,TTAGCGGCTAAAATTTTTTT,0,4439051
yagB_insX_yagA_predicted,0.09090909090909091,10,10,TTAGACAAAAAGGGGATAAT,0,4444047
yagB_insX_yagA_predicted,0.09090909090909091,10,10,TTACTGATAGCGACCCGGCC,0,4467154
yagB_insX_yagA_predicted,0.09090909090909091,10,10,TTACCGAAGGCGAGGGCAGC,0,4449762
yagB_insX_yagA_predicted,0.09090909090909091,10,10,TTACATTTCATCTGAAGAAG,0,4438196
yagB_insX_yagA_predicted,0.09090909090909091,10,10,TTAATTTCCGCCATCTCAAC,0,4456240
yagB_insX_yagA_predicted,0.09090909090909091,10,10,TGTTATCGGAGGCGCATGAT,0,4448196
yagB_insX_yagA_predicted,0.09090909090909091,10,10,TGTTACGGTCCCGGGCTGAT,0,4461885
yagB_insX_yagA_predicted,0.09090909090909091,10,10,TGTGGTGTTGGCTAAGTATC,0,4445535
yagB_insX_yagA_predicted,0.09090909090909091,10,10,TGTGAGTACTTTCCAGACAT,0,4448426
yagB_insX_yagA_predicted,0.09090909090909091,10,10,TGGTTGAGTTTACGGCTCGA,0,4451100
yagB_insX_yagA_predicted,0.09090909090909091,10,10,TGGTGGTGTCCTTAAGTTTT,0,4444822
yagB_insX_yagA_predicted,0.09090909090909091,10,10,TGGAACAATCGACCAGTCGG,0,4459820
yagB_insX_yagA_predicted,0.09090909090909091,10,10,TGCTCAAGATATGGAATAGC,0,4467631
yagB_insX_yagA_predicted,0.09090909090909091,10,10,TGCTAGGCACCAGGCTGGAG,0,4449557
yagB_insX_yagA_predicted,0.09090909090909091,10,10,TGCGTCCATGGTATTAGACA,0,4454394
yagB_insX_yagA_predicted,0.09090909090909091,10,10,TGCGGTTTTAGCCCGACATT,0,4453694
yagB_insX_yagA_predicted,0.09090909090909091,10,10,TGCGGTGCCTCGTTTACATG,0,4457700
yagB_insX_yagA_predicted,0.09090909090909091,10,10,TGCGCGTGGATGCCCGGGTA,0,4464107
yagB_insX_yagA_predicted,0.09090909090909091,10,10,TGCGATGATCGACTATTTGA,0,4456249
yagB_insX_yagA_predicted,0.09090909090909091,10,10,TGCGAGAGTAGGCAAGAAGA,0,4442333
yagB_insX_yagA_predicted,0.09090909090909091,10,10,TGCCTTATAGTCTGGAGGCT,0,4445104
yagB_insX_yagA_predicted,0.09090909090909091,10,10,TGCCTCTTGGTCCAAAATTA,0,4453690
yagB_insX_yagA_predicted,0.09090909090909091,10,10,TGCAGTTAGAGTGAACTGCG,0,4437652
yagB_insX_yagA_predicted,0.09090909090909091,10,10,TGCAGGGACCACAACGAATA,0,4442631
yagB_insX_yagA_predicted,0.09090909090909091,10,10,TGCAACCAATCCGTATAAAC,0,4455101
yagB_insX_yagA_predicted,0.09090909090909091,10,10,TGAGTTCGGAATCATCAGTT,0,4467356
yagB_insX_yagA_predicted,0.09090909090909091,10,10,TGACCCCAGCTCTTTCCAAA,0,4436698
yagB_insX_yagA_predicted,0.09090909090909091,10,10,TGACACATCAAACCCATCAG,0,4451531
yagB_insX_yagA_predicted,0.09090909090909091,10,10,TGAAACACAATATGGTAATA,0,4455533
yagB_insX_yagA_predicted,0.09090909090909091,10,10,TCTTAAATTAAAACAGGCTA,0,4458130
yagB_insX_yagA_predicted,0.09090909090909091,10,10,TCTGGGTCACGAGTACAATA,0,4442010
yagB_insX_yagA_predicted,0.09090909090909091,10,10,TCTGCCTGTCATCCGCCTGA,0,4456207
yagB_insX_yagA_predicted,0.09090909090909091,10,10,TCTATCACTGTGTTCTACGG,0,4444477
yagB_insX_yagA_predicted,0.09090909090909091,10,10,TCGTTGTCAGCTTATAGCGA,0,4449593
yagB_insX_yagA_predicted,0.09090909090909091,10,10,TCGTGTCTTCGGGGGTCTTT,0,4462768
yagB_insX_yagA_predicted,0.09090909090909091,10,10,TCGTAGTTTTATGCCATATA,0,4464874
yagB_insX_yagA_predicted,0.09090909090909091,10,10,TCGGGACAATGGTCCACCGT,0,4451814
yagB_insX_yagA_predicted,0.09090909090909091,10,10,TCGCGAATGCGTCATAAAAA,0,4454064
yagB_insX_yagA_predicted,0.09090909090909091,10,10,TCGATGTGTGGTCGGGCTGC,0,4464643
yagB_insX_yagA_predicted,0.09090909090909091,10,10,TCGAACAACTTCAGGCATCA,0,4439689
yagB_insX_yagA_predicted,0.09090909090909091,10,10,TCCTTGGATAGACAGCGGCA,0,4468257
yagB_insX_yagA_predicted,0.09090909090909091,10,10,TCCTTACCACTTTCACGTTT,0,4470287
yagB_insX_yagA_predicted,0.09090909090909091,10,10,TCCTGTCTAGTGTTTTCCGG,0,4467759
yagB_insX_yagA_predicted,0.09090909090909091,10,10,TCCTGGTGGCTCGTGTTAGT,0,4438368
yagB_insX_yagA_predicted,0.09090909090909091,10,10,TCCCAATGTGGCTTCTGAAG,0,4455627
yagB_insX_yagA_predicted,0.09090909090909091,10,10,TCCACTTTAACCGCTCCTTA,0,4450557
yagB_insX_yagA_predicted,0.09090909090909091,10,10,TCCAACGATCTGGGTCAGAG,0,4463125
yagB_insX_yagA_predicted,0.09090909090909091,10,10,TCATTGCCGCTTAGATGATA,0,4436178
yagB_insX_yagA_predicted,0.09090909090909091,10,10,TCATGCTGATATTCGCGGTA,0,4471988
yagB_insX_yagA_predicted,0.09090909090909091,10,10,TCATCTAGGGCTGTACTCTA,0,4463294
yagB_insX_yagA_predicted,0.09090909090909091,10,10,TCATAGCTATCAGAGACCTG,0,4446495
yagB_insX_yagA_predicted,0.09090909090909091,10,10,TCAGGTGATGGAATTACATA,0,4457292
yagB_insX_yagA_predicted,0.09090909090909091,10,10,TCAGAGTGGTCTGGAAGATT,0,4456266
yagB_insX_yagA_predicted,0.09090909090909091,10,10,TCAAACTACATGTGAGCAGC,0,4453108
yagB_insX_yagA_predicted,0.09090909090909091,10,10,TATGTCCTAGAGTGCGTACT,0,4464432
yagB_insX_yagA_predicted,0.09090909090909091,10,10,TATCTACTGCCCGCGGACGG,0,4452311
yagB_insX_yagA_predicted,0.09090909090909091,10,10,TATAATTATTGCTGATCATT,0,4459677
yagB_insX_yagA_predicted,0.09090909090909091,10,10,TAGGTTGTCCACTACCTTTA,0,4443680
yagB_insX_yagA_predicted,0.09090909090909091,10,10,TAGGTTAAGTACCCGAGGGT,0,4452883
yagB_insX_yagA_predicted,0.09090909090909091,10,10,TAGGGCCACATCACACAGGG,0,4450185
yagB_insX_yagA_predicted,0.09090909090909091,10,10,TAGCTGGCCGCCTATTGTCA,0,4440072
yagB_insX_yagA_predicted,0.09090909090909091,10,10,TAGCTGGAATCCGAGGCCGC,0,4465747
yagB_insX_yagA_predicted,0.09090909090909091,10,10,TAGCCGCAGTTCCGTTGTAA,0,4468135
yagB_insX_yagA_predicted,0.09090909090909091,10,10,TAGCCCGGATAATATTCGGT,0,4445442
yagB_insX_yagA_predicted,0.09090909090909091,10,10,TAGCAAGGTCAAGAGCGGGT,0,4451749
yagB_insX_yagA_predicted,0.09090909090909091,10,10,TAGATAATTGCTATGGAAAG,0,4446007
yagB_insX_yagA_predicted,0.09090909090909091,10,10,TAGAACGTGGTGGTGAGGAT,0,4450522
yagB_insX_yagA_predicted,0.09090909090909091,10,10,TACGGGCTCAATGTAAATGA,0,4455827
yagB_insX_yagA_predicted,0.09090909090909091,10,10,TACGAAAGATGGGATGTTAG,0,4440405
yagB_insX_yagA_predicted,0.09090909090909091,10,10,TACCTTCCGGGTAGTACTGG,0,4454432
yagB_insX_yagA_predicted,0.09090909090909091,10,10,TACATCTTGCGTGGTACCGG,0,4444770
yagB_insX_yagA_predicted,0.09090909090909091,10,10,TAATCGGGAATTCGGGGAGG,0,4472294
yagB_insX_yagA_predicted,0.09090909090909091,10,10,TAATCGACACGTCCTGGTCA,0,4462420
yagB_insX_yagA_predicted,0.09090909090909091,10,10,TAAGTCCTGATATGGTGCCC,0,4470755
yagB_insX_yagA_predicted,0.09090909090909091,10,10,TAAGTACGATTAACATTTTA,0,4461587
yagB_insX_yagA_predicted,0.09090909090909091,10,10,TAACGGAACACAGGGATGAC,0,4451865
yagB_insX_yagA_predicted,0.09090909090909091,10,10,TAACGATGTAACGGACCGAA,0,4446369
yagB_insX_yagA_predicted,0.09090909090909091,10,10,TAACCGACAGCACACGCGGA,0,4470938
yagB_insX_yagA_predicted,0.09090909090909091,10,10,TAAATTATATGGCCGGGGGG,0,4445319
yagB_insX_yagA_predicted,0.09090909090909091,10,10,TAAAAGGCTAGAGTGCATTT,0,4466123
yagB_insX_yagA_predicted,0.09090909090909091,10,10,GTTCCTACCGGAATAGGAAA,0,4446171
yagB_insX_yagA_predicted,0.09090909090909091,10,10,GTTCACCTTAATTGAACTCC,0,4455624
yagB_insX_yagA_predicted,0.09090909090909091,10,10,GTTAGACTTGATTGGATGCA,0,4466184
yagB_insX_yagA_predicted,0.09090909090909091,10,10,GTTACTTAAGGGGAGAGCGT,0,4453810
yagB_insX_yagA_predicted,0.09090909090909091,10,10,GTTAAATGACAGGACTAGAT,0,4460200
yagB_insX_yagA_predicted,0.09090909090909091,10,10,GTGTCTGTAGCACAGTCAGA,0,4467768
yagB_insX_yagA_predicted,0.09090909090909091,10,10,GTGTCGTTTATAAATTATAA,0,4459662
yagB_insX_yagA_predicted,0.09090909090909091,10,10,GTGTATACGCCGGTTTTTGA,0,4464953
yagB_insX_yagA_predicted,0.09090909090909091,10,10,GTGTAGGAGCCCGGCGCTTA,0,4444697
yagB_insX_yagA_predicted,0.09090909090909091,10,10,GTGGGACCAAAGTTAGGGCT,0,4443978
yagB_insX_yagA_predicted,0.09090909090909091,10,10,GTGGCAGTCTCTTTGAAAGT,0,4471005
yagB_insX_yagA_predicted,0.09090909090909091,10,10,GTGGAATGTACACTGCGCGC,0,4468208
yagB_insX_yagA_predicted,0.09090909090909091,10,10,GTGCTCAGACGACCCGTCTT,0,4440064
yagB_insX_yagA_predicted,0.09090909090909091,10,10,GTGCCAGTTCATACAACAGG,0,4440678
yagB_insX_yagA_predicted,0.09090909090909091,10,10,GTGACTTGCTCTGAACGGTA,0,4443407
yagB_insX_yagA_predicted,0.09090909090909091,10,10,GTGAATGGCAACGCGGGTAT,0,4441487
yagB_insX_yagA_predicted,0.09090909090909091,10,10,GTGAAGATCACAGCCGTTTT,0,4471767
yagB_insX_yagA_predicted,0.09090909090909091,10,10,GTCTTATGTGATCCATATTA,0,4465057
yagB_insX_yagA_predicted,0.09090909090909091,10,10,GTCTCAAAGAACGAGCTACA,0,4469868
yagB_insX_yagA_predicted,0.09090909090909091,10,10,GTCGTGCAGATAACCGGTCG,0,4442710
yagB_insX_yagA_predicted,0.09090909090909091,10,10,GTCCCTGTCGGTCCTTGGCA,0,4458324
yagB_insX_yagA_predicted,0.09090909090909091,10,10,GTCCACGGGGAAAACCGGGT,0,4447481
yagB_insX_yagA_predicted,0.09090909090909091,10,10,GTCATTGCATTTGTAAGTCC,0,4449041
yagB_insX_yagA_predicted,0.09090909090909091,10,10,GTCATGTACTGGGCACGTCC,0,4469237
yagB_insX_yagA_predicted,0.09090909090909091,10,10,GTCAATGGGTGCGCATCCAC,0,4441179
yagB_insX_yagA_predicted,0.09090909090909091,10,10,GTATTCTGTGCAAACACGTT,0,4451216
yagB_insX_yagA_predicted,0.09090909090909091,10,10,GTATCGATTAAAATTGGGAG,0,4454675
yagB_insX_yagA_predicted,0.09090909090909091,10,10,GTATCCAGGGCTGCGTTGTA,0,4442667
yagB_insX_yagA_predicted,0.09090909090909091,10,10,GTATAAGTGGGATGTCCTAC,0,4447885
yagB_insX_yagA_predicted,0.09090909090909091,10,10,GTAGGAGAACAGCCGTCCCA,0,4446768
yagB_insX_yagA_predicted,0.09090909090909091,10,10,GTACGTGGCATCTGTAATAA,0,4470337
yagB_insX_yagA_predicted,0.09090909090909091,10,10,GTACACTTTCACCGAGCGGC,0,4437315
yagB_insX_yagA_predicted,0.09090909090909091,10,10,GTAAATATCCCCTGTGGGCT,0,4451304
yagB_insX_yagA_predicted,0.09090909090909091,10,10,GTAAAAATAAGGGTAGTTAG,0,4446150
yagB_insX_yagA_predicted,0.09090909090909091,10,10,GGTTTCTCCCACCGGGCGAC,0,4449570
yagB_insX_yagA_predicted,0.09090909090909091,10,10,GGTTTATTATGCAAAAGTGC,0,4438389
yagB_insX_yagA_predicted,0.09090909090909091,10,10,GGTTTATCCCACTGTAGAGT,0,4461296
yagB_insX_yagA_predicted,0.09090909090909091,10,10,GGTGGTTAGCCCGTACCACT,0,4438538
yagB_insX_yagA_predicted,0.09090909090909091,10,10,GGTGGGTACTTTTGATCGAC,0,4454008
yagB_insX_yagA_predicted,0.09090909090909091,10,10,GGTGGAACTCGCGTTTTAGC,0,4472343
yagB_insX_yagA_predicted,0.09090909090909091,10,10,GGTGCTACCATCAGTCTTTG,0,4446750
yagB_insX_yagA_predicted,0.09090909090909091,10,10,GGTCTGGGTCCATGCGAGAC,0,4443822
yagB_insX_yagA_predicted,0.09090909090909091,10,10,GGTCTGGCAAGGCATCCGCA,0,4458661
yagB_insX_yagA_predicted,0.09090909090909091,10,10,GGTCTCACTCTGTTTCCCAT,0,4441455
yagB_insX_yagA_predicted,0.09090909090909091,10,10,GGTCTAGGTCATACTTGGGG,0,4454272
yagB_insX_yagA_predicted,0.09090909090909091,10,10,GGTCGCCATTGGCTATTGTA,0,4446400
yagB_insX_yagA_predicted,0.09090909090909091,10,10,GGTCCGAACGGCCCAATGAG,0,4470493
yagB_insX_yagA_predicted,0.09090909090909091,10,10,GGGTGATTCGTCGGTACAAT,0,4451951
yagB_insX_yagA_predicted,0.09090909090909091,10,10,GGGTAGGTTTGCCCCAAAGC,0,4471696
yagB_insX_yagA_predicted,0.09090909090909091,10,10,GGGCGTGTCGCCCGTACAAA,0,4461370
yagB_insX_yagA_predicted,0.09090909090909091,10,10,GGGAATTTCCTTCATACGTA,0,4465702
yagB_insX_yagA_predicted,0.09090909090909091,10,10,GGCTGAGGTTAACCCGTGAG,0,4458688
yagB_insX_yagA_predicted,0.09090909090909091,10,10,GGCTCGAGCCATATGCATCG,0,4464192
yagB_insX_yagA_predicted,0.09090909090909091,10,10,GGCTCCTCAAACGAGGGAAG,0,4448206
yagB_insX_yagA_predicted,0.09090909090909091,10,10,GGCGTGGGTGTCACTGTCAC,0,4449371
yagB_insX_yagA_predicted,0.09090909090909091,10,10,GGCCTGTTTCAGGATACTGC,0,4456225
yagB_insX_yagA_predicted,0.09090909090909091,10,10,GGCCTATCCACCCAGCGCTC,0,4444570
yagB_insX_yagA_predicted,0.09090909090909091,10,10,GGCCGATGGAGTTCTAGTCC,0,4454581
yagB_insX_yagA_predicted,0.09090909090909091,10,10,GGCCCTCATGACGCGCCGGT,0,4472035
yagB_insX_yagA_predicted,0.09090909090909091,10,10,GGCCCGCGTAGCAAGGGATG,0,4471472
yagB_insX_yagA_predicted,0.09090909090909091,10,10,GGCATAGCACGTCCGTACAT,0,4452062
yagB_insX_yagA_predicted,0.09090909090909091,10,10,GGCACCACGTACCGTGATGA,0,4463557
yagB_insX_yagA_predicted,0.09090909090909091,10,10,GGAGTTTCTCAGGAAGCCTT,0,4440815
yagB_insX_yagA_predicted,0.09090909090909091,10,10,GGAGTAGTTTAGCTTAGCGT,0,4464867
yagB_insX_yagA_predicted,0.09090909090909091,10,10,GGAGGTCCGGAGGGGGTCAA,0,4443013
yagB_insX_yagA_predicted,0.09090909090909091,10,10,GGACTTCGGCATAGCATCTC,0,4459011
yagB_insX_yagA_predicted,0.09090909090909091,10,10,GGACCGTCTAATTTACTCAG,0,4443743
yagB_insX_yagA_predicted,0.09090909090909091,10,10,GGAAGTGTCTCAGGGAAGGT,0,4437680
yagB_insX_yagA_predicted,0.09090909090909091,10,10,GCTTGCTACCGCCCCCGCTA,0,4441516
yagB_insX_yagA_predicted,0.09090909090909091,10,10,GCTTGAGTCTACAGCCGGAG,0,4447522
yagB_insX_yagA_predicted,0.09090909090909091,10,10,GCTTCGTCCACGCGCCACGA,0,4440814
yagB_insX_yagA_predicted,0.09090909090909091,10,10,GCTTCCAAAGTAATTCCTAT,0,4462285
yagB_insX_yagA_predicted,0.09090909090909091,10,10,GCTGTAGACGATAGTTAGAT,0,4448099
yagB_insX_yagA_predicted,0.09090909090909091,10,10,GCTGGCGCACTATCGAACCA,0,4470451
yagB_insX_yagA_predicted,0.09090909090909091,10,10,GCGTGCGCATCATAGCCGAT,0,4449236
yagB_insX_yagA_predicted,0.09090909090909091,10,10,GCGGCACCGTCGTTGTTATT,0,4466927
yagB_insX_yagA_predicted,0.09090909090909091,10,10,GCGGAGACGGGGACAAAGAC,0,4444798
yagB_insX_yagA_predicted,0.09090909090909091,10,10,GCGACTTCGTCTAATTTATC,0,4450199
yagB_insX_yagA_predicted,0.09090909090909091,10,10,GCCTATCGAGTGGTAAGGCC,0,4452613
yagB_insX_yagA_predicted,0.09090909090909091,10,10,GCCGGCAGAGCGGCGACCTA,0,4462200
yagB_insX_yagA_predicted,0.09090909090909091,10,10,GCCGATATGATATCTGCGTA,0,4464193
yagB_insX_yagA_predicted,0.09090909090909091,10,10,GCCCGGACAAGGAGCCTTTT,0,4447666
yagB_insX_yagA_predicted,0.09090909090909091,10,10,GCCCAAATATCTAACGCAAT,0,4468718
yagB_insX_yagA_predicted,0.09090909090909091,10,10,GCCAGCGTCTTATGATATTG,0,4467969
yagB_insX_yagA_predicted,0.09090909090909091,10,10,GCATGAGCTGGAGCAATAGG,0,4451860
yagB_insX_yagA_predicted,0.09090909090909091,10,10,GCATCTATCTGCAAGTACAT,0,4462456
yagB_insX_yagA_predicted,0.09090909090909091,10,10,GCATCCATGAACATGCTAGG,0,4453781
yagB_insX_yagA_predicted,0.09090909090909091,10,10,GCAGGTGTCTGTGGATAATC,0,4437833
yagB_insX_yagA_predicted,0.09090909090909091,10,10,GCACATCCGATCACAGTGAA,0,4469658
yagB_insX_yagA_predicted,0.09090909090909091,10,10,GCACACGTGAAAGTGCATTT,0,4453654
yagB_insX_yagA_predicted,0.09090909090909091,10,10,GCACAACGAGTTTTTACACT,0,4455040
yagB_insX_yagA_predicted,0.09090909090909091,10,10,GCAAGAACTCTCGTCCGCCC,0,4450170
yagB_insX_yagA_predicted,0.09090909090909091,10,10,GCAAACGAGTAGATGTTAAT,0,4440009
yagB_insX_yagA_predicted,0.09090909090909091,10,10,GCAAAAAATACCCATACTCG,0,4450994
yagB_insX_yagA_predicted,0.09090909090909091,10,10,GATTGTCTAGGATGGGAGGA,0,4441639
yagB_insX_yagA_predicted,0.09090909090909091,10,10,GATTGGGCACAGCCGGAGGC,0,4448658
yagB_insX_yagA_predicted,0.09090909090909091,10,10,GATTACCGTGTGTTTATTCA,0,4468661
yagB_insX_yagA_predicted,0.09090909090909091,10,10,GATGTTCCGGGGATGATTCG,0,4435993
yagB_insX_yagA_predicted,0.09090909090909091,10,10,GATCGATAGCAAATTATAGA,0,4459221
yagB_insX_yagA_predicted,0.09090909090909091,10,10,GATATTGGATATTCGCCATA,0,4460410
yagB_insX_yagA_predicted,0.09090909090909091,10,10,GATAGCTCAATTTGCCTTTC,0,4436903
yagB_insX_yagA_predicted,0.09090909090909091,10,10,GATACTAGCCGTGATGCAGT,0,4443684
yagB_insX_yagA_predicted,0.09090909090909091,10,10,GAGTTACGCAGATAGTCCTC,0,4443479
yagB_insX_yagA_predicted,0.09090909090909091,10,10,GAGTGTGAGGCTTGGGAATT,0,4446233
yagB_insX_yagA_predicted,0.09090909090909091,10,10,GAGTATATAATCGTCGCCGC,0,4461741
yagB_insX_yagA_predicted,0.09090909090909091,10,10,GAGGCCCAGTCCAAACATAT,0,4445633
yagB_insX_yagA_predicted,0.09090909090909091,10,10,GAGGCACTGCGGTGAGGTAA,0,4439771
yagB_insX_yagA_predicted,0.09090909090909091,10,10,GAGCTCAAAGTAGGGTTCAT,0,4465318
yagB_insX_yagA_predicted,0.09090909090909091,10,10,GAGCGGTCGATGCAATACTT,0,4470402
yagB_insX_yagA_predicted,0.09090909090909091,10,10,GAGATAACTTATGGGATTTG,0,4466750
yagB_insX_yagA_predicted,0.09090909090909091,10,10,GACTTTCGGGTTTATTAAAA,0,4445283
yagB_insX_yagA_predicted,0.09090909090909091,10,10,GACTTAGGAGCCATCGCCTT,0,4456328
yagB_insX_yagA_predicted,0.09090909090909091,10,10,GACTGATTTTAAAAGCTAGT,0,4463895
yagB_insX_yagA_predicted,0.09090909090909091,10,10,GACGTAATACCGTCAGGGCT,0,4441335
yagB_insX_yagA_predicted,0.09090909090909091,10,10,GACCTTGCGAGTGAGCTCCC,0,4441638
yagB_insX_yagA_predicted,0.09090909090909091,10,10,GACCGTATATTCCACTACTT,0,4439542
yagB_insX_yagA_predicted,0.09090909090909091,10,10,GACCGTACGGTTTACGGATG,0,4438199
yagB_insX_yagA_predicted,0.09090909090909091,10,10,GACCCACTGATCCTCGGGAC,0,4461483
yagB_insX_yagA_predicted,0.09090909090909091,10,10,GACCATTACCTGCACTCCGG,0,4453251
yagB_insX_yagA_predicted,0.09090909090909091,10,10,GACATAGCGTATTGTAGATA,0,4450058
yagB_insX_yagA_predicted,0.09090909090909091,10,10,GACACAAGGACTTGGATTCA,0,4465080
yagB_insX_yagA_predicted,0.09090909090909091,10,10,GACAATGTTCAAGTGGCAAG,0,4438036
yagB_insX_yagA_predicted,0.09090909090909091,10,10,GAAGGATCCGTGGATGAATA,0,4452358
yagB_insX_yagA_predicted,0.09090909090909091,10,10,GAACATTTTCAAGAGTCTGT,0,4453475
yagB_insX_yagA_predicted,0.09090909090909091,10,10,GAACAAATTGGCTCCGGCCA,0,4462415
yagB_insX_yagA_predicted,0.09090909090909091,10,10,CTTTGACTTGCGATCACATT,0,4447297
yagB_insX_yagA_predicted,0.09090909090909091,10,10,CTTGGATTGGAACAGGCTTC,0,4465054
yagB_insX_yagA_predicted,0.09090909090909091,10,10,CTTGGAGTGCTGGTAAATGC,0,4436383
yagB_insX_yagA_predicted,0.09090909090909091,10,10,CTTCTTGATACCTCCATTCA,0,4445980
yagB_insX_yagA_predicted,0.09090909090909091,10,10,CTTCTCATGTGATTTGATGT,0,4440504
yagB_insX_yagA_predicted,0.09090909090909091,10,10,CTTATGCGTTCGGGTCGACC,0,4463162
yagB_insX_yagA_predicted,0.09090909090909091,10,10,CTTAGTGGAACGGGCTCAAC,0,4457402
yagB_insX_yagA_predicted,0.09090909090909091,10,10,CTGTAAAGTGGGGCGCTTGA,0,4465929
yagB_insX_yagA_predicted,0.09090909090909091,10,10,CTGCGTATACGATTGGTACG,0,4438865
yagB_insX_yagA_predicted,0.09090909090909091,10,10,CTGCGCTTACTCTTTTGGAT,0,4464191
yagB_insX_yagA_predicted,0.09090909090909091,10,10,CTGCCTTTTCTTTAACAACA,0,4443772
yagB_insX_yagA_predicted,0.09090909090909091,10,10,CTGCCTCACTCAAGCAGGGG,0,4450329
yagB_insX_yagA_predicted,0.09090909090909091,10,10,CTGACAGAATAAATGCTTAG,0,4451923
yagB_insX_yagA_predicted,0.09090909090909091,10,10,CTCTTGAGTGCTGTAGCGCG,0,4457375
yagB_insX_yagA_predicted,0.09090909090909091,10,10,CTCGCGGTCTGCACGTCGTT,0,4442136
yagB_insX_yagA_predicted,0.09090909090909091,10,10,CTCGCAGCTTGTTTTAATAA,0,4441697
yagB_insX_yagA_predicted,0.09090909090909091,10,10,CTCAGCGGCCGGCGGGATGG,0,4438741
yagB_insX_yagA_predicted,0.09090909090909091,10,10,CTCAATGTGATTCAAGAAGC,0,4443856
yagB_insX_yagA_predicted,0.09090909090909091,10,10,CTATTAGCACCTCGGGTTAA,0,4445927
yagB_insX_yagA_predicted,0.09090909090909091,10,10,CTATGGTGAAACAACAAGAA,0,4462635
yagB_insX_yagA_predicted,0.09090909090909091,10,10,CTATATCGTCGTAAGGGCCG,0,4458633
yagB_insX_yagA_predicted,0.09090909090909091,10,10,CTAGTCTCCGAATTAAGTGC,0,4462218
yagB_insX_yagA_predicted,0.09090909090909091,10,10,CTACGATCCGGAGAAACTAT,0,4470371
yagB_insX_yagA_predicted,0.09090909090909091,10,10,CTACCTCGTGGGAACTGTCT,0,4461469
yagB_insX_yagA_predicted,0.09090909090909091,10,10,CTACATGCAAGAGGCCTAAA,0,4467175
yagB_insX_yagA_predicted,0.09090909090909091,10,10,CGTTTCCCGGGACCAAAGCG,0,4454132
yagB_insX_yagA_predicted,0.09090909090909091,10,10,CGTGTGGTCACGACAGAGGT,0,4452443
yagB_insX_yagA_predicted,0.09090909090909091,10,10,CGTGCGTTACATGATAGCAA,0,4449318
yagB_insX_yagA_predicted,0.09090909090909091,10,10,CGTCTCGGATGAGGTTACAA,0,4467387
yagB_insX_yagA_predicted,0.09090909090909091,10,10,CGTACTTGGATTCTGACACT,0,4471994
yagB_insX_yagA_predicted,0.09090909090909091,10,10,CGGTTTAGCGTGACATTATT,0,4467756
yagB_insX_yagA_predicted,0.09090909090909091,10,10,CGGTCATCAATTATACCGAC,0,4464778
yagB_insX_yagA_predicted,0.09090909090909091,10,10,CGGGGAACTTTCTATGGCTA,0,4437971
yagB_insX_yagA_predicted,0.09090909090909091,10,10,CGGGCGGACCGTGTCCACCT,0,4452295
yagB_insX_yagA_predicted,0.09090909090909091,10,10,CGGCCATATTGACGGATCAG,0,4444160
yagB_insX_yagA_predicted,0.09090909090909091,10,10,CGGCATCATGACCTAGCCGC,0,4462517
yagB_insX_yagA_predicted,0.09090909090909091,10,10,CGCTACTACGGTTTTATTTC,0,4447696
yagB_insX_yagA_predicted,0.09090909090909091,10,10,CGCGTTGTCACGCTGAGTCC,0,4451423
yagB_insX_yagA_predicted,0.09090909090909091,10,10,CGCGCAGTGCCGGATCCAGC,0,4456577
yagB_insX_yagA_predicted,0.09090909090909091,10,10,CGCCCCACACTCTTGACCAC,0,4459828
yagB_insX_yagA_predicted,0.09090909090909091,10,10,CGCAACGAGAGTCGTTCAAA,0,4465557
yagB_insX_yagA_predicted,0.09090909090909091,10,10,CGAGGGGTGGATGTAATGCA,0,4437887
yagB_insX_yagA_predicted,0.09090909090909091,10,10,CGACCTTATTGTGGGAAACA,0,4462555
yagB_insX_yagA_predicted,0.09090909090909091,10,10,CGACAACAACGCGACCACTG,0,4448869
yagB_insX_yagA_predicted,0.09090909090909091,10,10,CGAAACCTGGTATGCACCTC,0,4456318
yagB_insX_yagA_predicted,0.09090909090909091,10,10,CCTGCTTACCGTTGGCAGGT,0,4454872
yagB_insX_yagA_predicted,0.09090909090909091,10,10,CCTGCCTTAAACATCGCCAT,0,4443082
yagB_insX_yagA_predicted,0.09090909090909091,10,10,CCTCGTCCGGGCGCGATGCC,0,4438871
yagB_insX_yagA_predicted,0.09090909090909091,10,10,CCTCCTCTTGGTCGTGATAC,0,4455080
yagB_insX_yagA_predicted,0.09090909090909091,10,10,CCTCCCAGCGGCGACCGGTT,0,4437030
yagB_insX_yagA_predicted,0.09090909090909091,10,10,CCTCATTGGTTCCGGCGATT,0,4460642
yagB_insX_yagA_predicted,0.09090909090909091,10,10,CCTAGTGGACGCACCGAGAA,0,4470310
yagB_insX_yagA_predicted,0.09090909090909091,10,10,CCTAGGTTTGATTACTACTA,0,4461989
yagB_insX_yagA_predicted,0.09090909090909091,10,10,CCTACGCGAAGAAGGGCCAT,0,4460202
yagB_insX_yagA_predicted,0.09090909090909091,10,10,CCGTCAGAAGCCCTTGAGTC,0,4464120
yagB_insX_yagA_predicted,0.09090909090909091,10,10,CCGGATACGTACTTTGTCAA,0,4459094
yagB_insX_yagA_predicted,0.09090909090909091,10,10,CCGCTGCGCTCATGCTTGGA,0,4458276
yagB_insX_yagA_predicted,0.09090909090909091,10,10,CCGCCTTTCCGGCCGTGGAA,0,4452355
yagB_insX_yagA_predicted,0.09090909090909091,10,10,CCGATTGTCCGGGCACGACG,0,4458403
yagB_insX_yagA_predicted,0.09090909090909091,10,10,CCCTCTTTTATTTTCGTGAA,0,4442704
yagB_insX_yagA_predicted,0.09090909090909091,10,10,CCCTAGAGAGGACACTTAAT,0,4456287
yagB_insX_yagA_predicted,0.09090909090909091,10,10,CCCGGCTCAGAACTGAAGGA,0,4445451
yagB_insX_yagA_predicted,0.09090909090909091,10,10,CCCGATGCATATGGGGCATA,0,4451429
yagB_insX_yagA_predicted,0.09090909090909091,10,10,CCCGACTAGCAATGGCGATG,0,4441259
yagB_insX_yagA_predicted,0.09090909090909091,10,10,CCCCCTCACCGAGCCGAGTT,0,4458085
yagB_insX_yagA_predicted,0.09090909090909091,10,10,CCCAGGTGGGCTGTCGTGTT,0,4461299
yagB_insX_yagA_predicted,0.09090909090909091,10,10,CCCAAGCTCATAACGAGGTG,0,4442610
yagB_insX_yagA_predicted,0.09090909090909091,10,10,CCATTGTGGTTACGTAGTCA,0,4455893
yagB_insX_yagA_predicted,0.09090909090909091,10,10,CCATGGTAGAGTACAGCTAC,0,4449640
yagB_insX_yagA_predicted,0.09090909090909091,10,10,CCATGGACTGAGGTCAACAA,0,4466470
yagB_insX_yagA_predicted,0.09090909090909091,10,10,CCAGTGATCTGGCTTGCAGA,0,4462624
yagB_insX_yagA_predicted,0.09090909090909091,10,10,CCACTTCTGTTTTGCGGGCG,0,4464562
yagB_insX_yagA_predicted,0.09090909090909091,10,10,CCACTGTCAGATCACGCTCA,0,4454046
yagB_insX_yagA_predicted,0.09090909090909091,10,10,CCACGTGCCAGAACGGGGTA,0,4447249
yagB_insX_yagA_predicted,0.09090909090909091,10,10,CCACGCGTAACTCCGGCATG,0,4461520
yagB_insX_yagA_predicted,0.09090909090909091,10,10,CCACCTACGCCGTGCGGCGA,0,4451278
yagB_insX_yagA_predicted,0.09090909090909091,10,10,CCAACGAGAGGCTCCTCGCT,0,4452520
yagB_insX_yagA_predicted,0.09090909090909091,10,10,CATTTATAGTGCAAGATATA,0,4468721
yagB_insX_yagA_predicted,0.09090909090909091,10,10,CATTCGTTGTGATACTCTAG,0,4440024
yagB_insX_yagA_predicted,0.09090909090909091,10,10,CATGATGTTCCCGTAGTGAG,0,4449782
yagB_insX_yagA_predicted,0.09090909090909091,10,10,CATCGCCTCAAGAATCATGG,0,4437793
yagB_insX_yagA_predicted,0.09090909090909091,10,10,CATCCATAAGGTATTGTGAG,0,4468412
yagB_insX_yagA_predicted,0.09090909090909091,10,10,CATATTTCGTACACATGGTT,0,4463335
yagB_insX_yagA_predicted,0.09090909090909091,10,10,CATATGGACGACGAATTGCA,0,4465974
yagB_insX_yagA_predicted,0.09090909090909091,10,10,CAGTCGAATTTTCCTGCTTT,0,4453789
yagB_insX_yagA_predicted,0.09090909090909091,10,10,CAGGCAGCCAGCATCCCCTT,0,4445829
yagB_insX_yagA_predicted,0.09090909090909091,10,10,CAGCTTTGTAGAAAGCAGTT,0,4469896
yagB_insX_yagA_predicted,0.09090909090909091,10,10,CAGCTTTCACACTAGCGATA,0,4449583
yagB_insX_yagA_predicted,0.09090909090909091,10,10,CAGCTCGACGGGCCAGTGGG,0,4448698
yagB_insX_yagA_predicted,0.09090909090909091,10,10,CAGCCCCGCGCTAGACCATG,0,4458834
yagB_insX_yagA_predicted,0.09090909090909091,10,10,CAGCACATACAGAACTAATG,0,4454698
yagB_insX_yagA_predicted,0.09090909090909091,10,10,CAGCAAAAGGCGATGGCATA,0,4443440
yagB_insX_yagA_predicted,0.09090909090909091,10,10,CAGAGCGTAATGCAAATACT,0,4439920
yagB_insX_yagA_predicted,0.09090909090909091,10,10,CAGACCTGCCAAACCGAGGG,0,4455656
yagB_insX_yagA_predicted,0.09090909090909091,10,10,CAGACCGGCCTTAAGCATGC,0,4451597
yagB_insX_yagA_predicted,0.09090909090909091,10,10,CACGTCACATGTAGTGTTTA,0,4452857
yagB_insX_yagA_predicted,0.09090909090909091,10,10,CACAATCCCTGGCGCCACAA,0,4453924
yagB_insX_yagA_predicted,0.09090909090909091,10,10,CAATGGGATAGCGAGAGGCC,0,4468358
yagB_insX_yagA_predicted,0.09090909090909091,10,10,CAATCTCACAAAGTTCGTTT,0,4460812
yagB_insX_yagA_predicted,0.09090909090909091,10,10,CAATCATAGCCTTTACAGTT,0,4463074
yagB_insX_yagA_predicted,0.09090909090909091,10,10,CAATACATATTGGGTAACTA,0,4440129
yagB_insX_yagA_predicted,0.09090909090909091,10,10,CAAGGCGTTAATCCCGAGTC,0,4471896
yagB_insX_yagA_predicted,0.09090909090909091,10,10,CAAGGATCACGATGGGCGGC,0,4467105
yagB_insX_yagA_predicted,0.09090909090909091,10,10,CAACATTGTGGTTAGCCTAG,0,4447968
yagB_insX_yagA_predicted,0.09090909090909091,10,10,ATTTAGCGGTGCGTTACTTC,0,4445395
yagB_insX_yagA_predicted,0.09090909090909091,10,10,ATTTAGCGCGCTTGATGCAA,0,4465300
yagB_insX_yagA_predicted,0.09090909090909091,10,10,ATTGTGAGTACAGGGTACGG,0,4461321
yagB_insX_yagA_predicted,0.09090909090909091,10,10,ATTGGGCTACTCGACTCTTT,0,4458980
yagB_insX_yagA_predicted,0.09090909090909091,10,10,ATTCTGCAACTCGGACCTCT,0,4438499
yagB_insX_yagA_predicted,0.09090909090909091,10,10,ATTCACGCTCGACCAAATGC,0,4463319
yagB_insX_yagA_predicted,0.09090909090909091,10,10,ATTAGGCCAGGATGCTCTGT,0,4442605
yagB_insX_yagA_predicted,0.09090909090909091,10,10,ATTAACGTCATACTCAGTAA,0,4468460
yagB_insX_yagA_predicted,0.09090909090909091,10,10,ATGTGTTTATCCTGAGGCTA,0,4468490
yagB_insX_yagA_predicted,0.09090909090909091,10,10,ATGTGGTGACGCGTTACTAT,0,4465708
yagB_insX_yagA_predicted,0.09090909090909091,10,10,ATGGCGGTGTATGTCAATAA,0,4467182
yagB_insX_yagA_predicted,0.09090909090909091,10,10,ATGCAGTTGCTGAATATTTC,0,4471276
yagB_insX_yagA_predicted,0.09090909090909091,10,10,ATGAGGGCCACTCCATACAA,0,4437839
yagB_insX_yagA_predicted,0.09090909090909091,10,10,ATGACCGAGATTAACTATGC,0,4454006
yagB_insX_yagA_predicted,0.09090909090909091,10,10,ATGACAACAGACATACTAAG,0,4452729
yagB_insX_yagA_predicted,0.09090909090909091,10,10,ATCTGTGCTGCAGGAGGTCC,0,4469943
yagB_insX_yagA_predicted,0.09090909090909091,10,10,ATCGAAACTTAACATCTGCA,0,4444804
yagB_insX_yagA_predicted,0.09090909090909091,10,10,ATCCCGGGCCTCGGGGGATA,0,4462585
yagB_insX_yagA_predicted,0.09090909090909091,10,10,ATCCACCTCCATTTCCTCGT,0,4462973
yagB_insX_yagA_predicted,0.09090909090909091,10,10,ATCATCTATGAGCGATCTCC,0,4449596
yagB_insX_yagA_predicted,0.09090909090909091,10,10,ATATATGCCGCTCAACATCT,0,4460748
yagB_insX_yagA_predicted,0.09090909090909091,10,10,ATAGGGGTATAGGGTGGGAC,0,4466321
yagB_insX_yagA_predicted,0.09090909090909091,10,10,ATAGCGGCCCGCATAACACT,0,4437185
yagB_insX_yagA_predicted,0.09090909090909091,10,10,ATACTTTGGGGTGCAGAGAG,0,4460340
yagB_insX_yagA_predicted,0.09090909090909091,10,10,ATACCGACATTCCGTAACGC,0,4450186
yagB_insX_yagA_predicted,0.09090909090909091,10,10,ATAATTCAGGACCTAAACGC,0,4463745
yagB_insX_yagA_predicted,0.09090909090909091,10,10,AGTTTTATTAAAGGTTTGTT,0,4436786
yagB_insX_yagA_predicted,0.09090909090909091,10,10,AGTTAGGGGACCAGCTACTG,0,4448849
yagB_insX_yagA_predicted,0.09090909090909091,10,10,AGTCTGAACCGGTTCGGGGA,0,4455706
yagB_insX_yagA_predicted,0.09090909090909091,10,10,AGTCTCACGCACAGGCGGTA,0,4470197
yagB_insX_yagA_predicted,0.09090909090909091,10,10,AGTCGGTTCCCGGTTCTAGC,0,4437085
yagB_insX_yagA_predicted,0.09090909090909091,10,10,AGTCCTCGTCCGTGCGGTCT,0,4466275
yagB_insX_yagA_predicted,0.09090909090909091,10,10,AGTCCAGCCGAGCGGGCAGG,0,4452270
yagB_insX_yagA_predicted,0.09090909090909091,10,10,AGTCCAAGGCTCCGTGCTTG,0,4458584
yagB_insX_yagA_predicted,0.09090909090909091,10,10,AGTAGGACCCTTACGGCCAA,0,4469932
yagB_insX_yagA_predicted,0.09090909090909091,10,10,AGGTCAGTTACGCTCTCAGT,0,4452278
yagB_insX_yagA_predicted,0.09090909090909091,10,10,AGGCTTGGCACATAGGGAGA,0,4460708
yagB_insX_yagA_predicted,0.09090909090909091,10,10,AGGCTAACACAGACGATTGG,0,4465997
yagB_insX_yagA_predicted,0.09090909090909091,10,10,AGGCGTCACGTAGACTGCAA,0,4468653
yagB_insX_yagA_predicted,0.09090909090909091,10,10,AGGCCAGTCGGCCCGTTCCT,0,4471090
yagB_insX_yagA_predicted,0.09090909090909091,10,10,AGCTGGCTTCATGCGCAGTA,0,4459464
yagB_insX_yagA_predicted,0.09090909090909091,10,10,AGCCGCGACAAGTTCCGATC,0,4465507
yagB_insX_yagA_predicted,0.09090909090909091,10,10,AGCACCGCGTGCGCTGAGCA,0,4463994
yagB_insX_yagA_predicted,0.09090909090909091,10,10,AGATATATTACTGACTTACA,0,4462266
yagB_insX_yagA_predicted,0.09090909090909091,10,10,AGAGTGGTTGCGCGTCCATC,0,4453896
yagB_insX_yagA_predicted,0.09090909090909091,10,10,AGACAGCAGGGGCGTATTAA,0,4463187
yagB_insX_yagA_predicted,0.09090909090909091,10,10,AGAAGCGTGTGTGCATACCA,0,4447927
yagB_insX_yagA_predicted,0.09090909090909091,10,10,ACTTTGTGGTTCCAACACTC,0,4462177
yagB_insX_yagA_predicted,0.09090909090909091,10,10,ACTTTAGGCCGCGGTTTCAG,0,4470780
yagB_insX_yagA_predicted,0.09090909090909091,10,10,ACTTGATTTTGGATTTCCAG,0,4466276
yagB_insX_yagA_predicted,0.09090909090909091,10,10,ACTTCTAAATTAGGCTGAAC,0,4461555
yagB_insX_yagA_predicted,0.09090909090909091,10,10,ACTGTCCAGAGAACATGTTG,0,4459187
yagB_insX_yagA_predicted,0.09090909090909091,10,10,ACTCGGGTAAGGTTGATTAT,0,4451680
yagB_insX_yagA_predicted,0.09090909090909091,10,10,ACTATTTGCAGTTTTGCTAG,0,4456563
yagB_insX_yagA_predicted,0.09090909090909091,10,10,ACTACATTCATGGCAAACTG,0,4443010
yagB_insX_yagA_predicted,0.09090909090909091,10,10,ACGTATTGCTCAGACGTTGT,0,4450219
yagB_insX_yagA_predicted,0.09090909090909091,10,10,ACGGTGGCTGGTGGTCTACA,0,4460059
yagB_insX_yagA_predicted,0.09090909090909091,10,10,ACGGTCGCTTCTCAGAATCT,0,4438494
yagB_insX_yagA_predicted,0.09090909090909091,10,10,ACGATGGCAAGCCTCATTTG,0,4447563
yagB_insX_yagA_predicted,0.09090909090909091,10,10,ACGAGTGGGGGTTAACCGTT,0,4444080
yagB_insX_yagA_predicted,0.09090909090909091,10,10,ACGAGAGCGGTGTTATCCTG,0,4438513
yagB_insX_yagA_predicted,0.09090909090909091,10,10,ACCTTATGGTCACTGGCTTG,0,4468441
yagB_insX_yagA_predicted,0.09090909090909091,10,10,ACCTTAGTACCGCTCTAATT,0,4453210
yagB_insX_yagA_predicted,0.09090909090909091,10,10,ACCGTGCTGCTTGTGAACTG,0,4453282
yagB_insX_yagA_predicted,0.09090909090909091,10,10,ACCGAGCGCTCCCCGGCATG,0,4436545
yagB_insX_yagA_predicted,0.09090909090909091,10,10,ACCCTCGGGATGCCGAACCC,0,4457572
yagB_insX_yagA_predicted,0.09090909090909091,10,10,ACCCGTGCCGCTCGCGAGCT,0,4465591
yagB_insX_yagA_predicted,0.09090909090909091,10,10,ACCCGGAACGACGAGTATAG,0,4468516
yagB_insX_yagA_predicted,0.09090909090909091,10,10,ACATTTTGCACAGGCCTCTT,0,4456820
yagB_insX_yagA_predicted,0.09090909090909091,10,10,ACATGTTGAGCCTGGGGGTT,0,4462784
yagB_insX_yagA_predicted,0.09090909090909091,10,10,ACATCGGTAAGTGTTAGGAA,0,4442473
yagB_insX_yagA_predicted,0.09090909090909091,10,10,ACAGCGTACGTTATGAGCGT,0,4450253
yagB_insX_yagA_predicted,0.09090909090909091,10,10,ACAGAAGGCCGCCTCAACTG,0,4444303
yagB_insX_yagA_predicted,0.09090909090909091,10,10,ACACGTGCAATCTACGGTTT,0,4444555
yagB_insX_yagA_predicted,0.09090909090909091,10,10,AATGGATAGTAGTTATACGC,0,4463533
yagB_insX_yagA_predicted,0.09090909090909091,10,10,AATGCGCTTGCTCGATCTGC,0,4458580
yagB_insX_yagA_predicted,0.09090909090909091,10,10,AATGCCGGGGGAACGTCGGG,0,4463956
yagB_insX_yagA_predicted,0.09090909090909091,10,10,AATGCCACGCCAGGTAATGC,0,4440406
yagB_insX_yagA_predicted,0.09090909090909091,10,10,AATCGTGAACCTGTCGTGAA,0,4437036
yagB_insX_yagA_predicted,0.09090909090909091,10,10,AATCGGGTAATTCCGGAAGA,0,4449044
yagB_insX_yagA_predicted,0.09090909090909091,10,10,AATCGACACTATTTACGGCA,0,4470515
yagB_insX_yagA_predicted,0.09090909090909091,10,10,AATATGTTCTGTGTTTACCA,0,4459878
yagB_insX_yagA_predicted,0.09090909090909091,10,10,AATAGGTTCGCTAAGATGCC,0,4461900
yagB_insX_yagA_predicted,0.09090909090909091,10,10,AATACCACGCTCACGTGATT,0,4470739
yagB_insX_yagA_predicted,0.09090909090909091,10,10,AATAAATATAATACCCTAGT,0,4462158
yagB_insX_yagA_predicted,0.09090909090909091,10,10,AAGTGTAGGTCTTAGTCTTC,0,4468795
yagB_insX_yagA_predicted,0.09090909090909091,10,10,AAGTCCCTCGCACGTTCAGA,0,4446919
yagB_insX_yagA_predicted,0.09090909090909091,10,10,AAGGTCAACCTACCTGCGTT,0,4466496
yagB_insX_yagA_predicted,0.09090909090909091,10,10,AAGGGTCCAGAATCAGTCAC,0,4461140
yagB_insX_yagA_predicted,0.09090909090909091,10,10,AAGGGTACTCACCACTAAAT,0,4461163
yagB_insX_yagA_predicted,0.09090909090909091,10,10,AAGGCGCTGTACTGTTACTC,0,4438069
yagB_insX_yagA_predicted,0.09090909090909091,10,10,AAGCGGAAAGCCGGGGATCA,0,4452290
yagB_insX_yagA_predicted,0.09090909090909091,10,10,AAGCAATGATATAGTGAGCA,0,4448103
yagB_insX_yagA_predicted,0.09090909090909091,10,10,AAGATAAAAGGATAGCGGTC,0,4458579
yagB_insX_yagA_predicted,0.09090909090909091,10,10,AACGGACGGTTCTTCTCACC,0,4438864
yagB_insX_yagA_predicted,0.09090909090909091,10,10,AACCCTTAGACTAAATATCC,0,4449301
yagB_insX_yagA_predicted,0.09090909090909091,10,10,AACCAGAATTGGTGCCCAAC,0,4461056
yagB_insX_yagA_predicted,0.09090909090909091,10,10,AAATTAAGCATTCCTACCCG,0,4454290
yagB_insX_yagA_predicted,0.09090909090909091,10,10,AAACCGGTCTTACTCTATCC,0,4449836
yagB_insX_yagA_predicted,0.09090909090909091,10,10,AAACAAAATACTGTCTAGGA,0,4470082
yagB_insX_yagA_predicted,0.1,9,9,TTTTCCCAATGTCTACATGG,0,4436642
yagB_insX_yagA_predicted,0.1,9,9,TTTGTATTGATACCAGGCAT,0,4472437
yagB_insX_yagA_predicted,0.1,9,9,TTTGCGTAAGCGAGTCACCT,0,4463460
yagB_insX_yagA_predicted,0.1,9,9,TTTGATAGAAGGGGGTGTCT,0,4459236
yagB_insX_yagA_predicted,0.1,9,9,TTTCATGTACTTAGAATAAC,0,4441832
yagB_insX_yagA_predicted,0.1,9,9,TTTCAGTTTCACTCTAGCTA,0,4453018
yagB_insX_yagA_predicted,0.1,9,9,TTTATTACTGGTGTCCGTGC,0,4454588
yagB_insX_yagA_predicted,0.1,9,9,TTTAGTCCTCAAGCCAACCA,0,4468486
yagB_insX_yagA_predicted,0.1,9,9,TTTACCCAGCCCACAAAGCG,0,4458137
yagB_insX_yagA_predicted,0.1,9,9,TTTAACCGTCCCCACATGAA,0,4438346
yagB_insX_yagA_predicted,0.1,9,9,TTTAAATTATGTTATTAGAC,0,4443168
yagB_insX_yagA_predicted,0.1,9,9,TTGGGAAGTTAAAGTTGTTT,0,4442931
yagB_insX_yagA_predicted,0.1,9,9,TTGGAGGCCCGCACTTCATT,0,4446929
yagB_insX_yagA_predicted,0.1,9,9,TTGCGGATAATCGGATACCT,0,4465722
yagB_insX_yagA_predicted,0.1,9,9,TTGATTGCGAAAGTCCGTAT,0,4458002
yagB_insX_yagA_predicted,0.1,9,9,TTGATAGAATGCTTTGGACG,0,4442119
yagB_insX_yagA_predicted,0.1,9,9,TTCTTAGGGGATTGGTGGCA,0,4472438
yagB_insX_yagA_predicted,0.1,9,9,TTCTTAGGGCCACGATAAAA,0,4456323
yagB_insX_yagA_predicted,0.1,9,9,TTCTGGGGAGGGTCGTGCAT,0,4440395
yagB_insX_yagA_predicted,0.1,9,9,TTCGTTTAATCGATCCTATA,0,4469669
yagB_insX_yagA_predicted,0.1,9,9,TTCGGGCATGGAGGAACTCG,0,4455504
yagB_insX_yagA_predicted,0.1,9,9,TTCGGCTCTTGTCCCATTGA,0,4451330
yagB_insX_yagA_predicted,0.1,9,9,TTCGCCAGCCGGGCTTAGCT,0,4444099
yagB_insX_yagA_predicted,0.1,9,9,TTCCGTCACGTGCAAGAAGC,0,4436005
yagB_insX_yagA_predicted,0.1,9,9,TTCATTCGGCCCCTTGAATT,0,4435987
yagB_insX_yagA_predicted,0.1,9,9,TTATCGGGGTTCAAAGCGTA,0,4451861
yagB_insX_yagA_predicted,0.1,9,9,TTATCCACTGACATGCTCCG,0,4439480
yagB_insX_yagA_predicted,0.1,9,9,TTAGGGGTAAGGCCATTCTG,0,4465894
yagB_insX_yagA_predicted,0.1,9,9,TTAGCATGGTTACCCAGCAG,0,4452133
yagB_insX_yagA_predicted,0.1,9,9,TTAGATCCGGGCGGAGGGCA,0,4466952
yagB_insX_yagA_predicted,0.1,9,9,TTAATCATTTAACTTGTGAT,0,4440555
yagB_insX_yagA_predicted,0.1,9,9,TTAAGCAAAAGCGTAGACGC,0,4466498
yagB_insX_yagA_predicted,0.1,9,9,TTAAACCAACCCCATAGCCT,0,4459308
yagB_insX_yagA_predicted,0.1,9,9,TGTTTTTGAGTGGTCTCATA,0,4457972
yagB_insX_yagA_predicted,0.1,9,9,TGTTCCGAGCCATCATCACC,0,4440148
yagB_insX_yagA_predicted,0.1,9,9,TGTGTCGGCCCACATGAACG,0,4463886
yagB_insX_yagA_predicted,0.1,9,9,TGTGGGCCGCGCATTCCGTC,0,4438924
yagB_insX_yagA_predicted,0.1,9,9,TGTGGGAGGTGTGACTGAGA,0,4451940
yagB_insX_yagA_predicted,0.1,9,9,TGTCTGGGATTTATCTAATC,0,4448798
yagB_insX_yagA_predicted,0.1,9,9,TGTATCACTAAAGGCATAAC,0,4436177
yagB_insX_yagA_predicted,0.1,9,9,TGTAATTTATGGTGTTGGCG,0,4453752
yagB_insX_yagA_predicted,0.1,9,9,TGTAATAGTGTGAGTAGTGT,0,4469090
yagB_insX_yagA_predicted,0.1,9,9,TGTAACCATATCTTATAGTG,0,4459397
yagB_insX_yagA_predicted,0.1,9,9,TGGTCCTTACGTTACACGGT,0,4454871
yagB_insX_yagA_predicted,0.1,9,9,TGGTCCGAGGTGCGAGTTAT,0,4452796
yagB_insX_yagA_predicted,0.1,9,9,TGGTCACGGAGGCAATGGGA,0,4469835
yagB_insX_yagA_predicted,0.1,9,9,TGGTAGAGCGAATAGCTACG,0,4458653
yagB_insX_yagA_predicted,0.1,9,9,TGGTACTTGGCTATCTTCAG,0,4466144
yagB_insX_yagA_predicted,0.1,9,9,TGGGTTCAACCGCTGGTGTT,0,4454561
yagB_insX_yagA_predicted,0.1,9,9,TGGGTCTCACGAAATCGAAG,0,4436585
yagB_insX_yagA_predicted,0.1,9,9,TGGGGGTAAGAACAACTAAT,0,4438959
yagB_insX_yagA_predicted,0.1,9,9,TGGGGGATCACGCTAGCGCA,0,4463634
yagB_insX_yagA_predicted,0.1,9,9,TGGCTATAGTAGTCGCTTAA,0,4461877
yagB_insX_yagA_predicted,0.1,9,9,TGGCAAAAACTTGCTGGGTA,0,4462401
yagB_insX_yagA_predicted,0.1,9,9,TGGATCCATAACTTCCTTAC,0,4441692
yagB_insX_yagA_predicted,0.1,9,9,TGGAATTGGCTTTCATTATA,0,4448800
yagB_insX_yagA_predicted,0.1,9,9,TGCTGGCCAGTCAGAGTCTC,0,4452806
yagB_insX_yagA_predicted,0.1,9,9,TGCTAAACGCTGTCGTAATC,0,4467839
yagB_insX_yagA_predicted,0.1,9,9,TGCGGAATGAATTTGGGGGT,0,4445175
yagB_insX_yagA_predicted,0.1,9,9,TGCCCCGGTCATATGAGGTT,0,4448867
yagB_insX_yagA_predicted,0.1,9,9,TGCCACTTCCAAGTTTCCGT,0,4442966
yagB_insX_yagA_predicted,0.1,9,9,TGCACTTACGGATCTTAATC,0,4442476
yagB_insX_yagA_predicted,0.1,9,9,TGATCCGAATCCCCTAAGCG,0,4440492
yagB_insX_yagA_predicted,0.1,9,9,TGAGCCGGCTGCTCCTTGAG,0,4447184
yagB_insX_yagA_predicted,0.1,9,9,TGACTCCAGGCCGCGATTAT,0,4460734
yagB_insX_yagA_predicted,0.1,9,9,TGACGTAATGTCGAGTTACA,0,4465684
yagB_insX_yagA_predicted,0.1,9,9,TGAATTCGGCAACACGGATT,0,4444221
yagB_insX_yagA_predicted,0.1,9,9,TGAAGGTCAATCGGGTAATA,0,4460227
yagB_insX_yagA_predicted,0.1,9,9,TGAAAATGATTCTGAAGATG,0,4439471
yagB_insX_yagA_predicted,0.1,9,9,TCTTGGTGGTGTCCCGTGAA,0,4443823
yagB_insX_yagA_predicted,0.1,9,9,TCTTCCGTTTGACTGGAGCA,0,4464467
yagB_insX_yagA_predicted,0.1,9,9,TCTGTAACTGCTGAACTTGG,0,4446076
yagB_insX_yagA_predicted,0.1,9,9,TCTGGGTATAGAGTGAGTGG,0,4462219
yagB_insX_yagA_predicted,0.1,9,9,TCTGGGGTCTCACTATTTAC,0,4449650
yagB_insX_yagA_predicted,0.1,9,9,TCTGAAGCTATCGGACTTCC,0,4459018
yagB_insX_yagA_predicted,0.1,9,9,TCTCTAGGTTCTCGATGCGG,0,4436834
yagB_insX_yagA_predicted,0.1,9,9,TCTCGCCAGTTACGTCATCA,0,4449682
yagB_insX_yagA_predicted,0.1,9,9,TCTCCAACCAACTGCTTCCA,0,4465973
yagB_insX_yagA_predicted,0.1,9,9,TCGGAGGGTAGCACCGGATG,0,4447887
yagB_insX_yagA_predicted,0.1,9,9,TCGGAGGGGAGCGGGGTATC,0,4458401
yagB_insX_yagA_predicted,0.1,9,9,TCGCGGTCTTAACGACCGCT,0,4465308
yagB_insX_yagA_predicted,0.1,9,9,TCGCCGACGTAAGGTATAGA,0,4455254
yagB_insX_yagA_predicted,0.1,9,9,TCGACATGATGATCAGGGCA,0,4455538
yagB_insX_yagA_predicted,0.1,9,9,TCCTTGGTTATAGGGTACGT,0,4436928
yagB_insX_yagA_predicted,0.1,9,9,TCCGTAATGCATCTCGCCAT,0,4443086
yagB_insX_yagA_predicted,0.1,9,9,TCCGGAGGTTAGTCCAACAG,0,4446614
yagB_insX_yagA_predicted,0.1,9,9,TCCGGAATCAGGATGGATGA,0,4453365
yagB_insX_yagA_predicted,0.1,9,9,TCCCCTTGCTCTCGAAATTG,0,4465218
yagB_insX_yagA_predicted,0.1,9,9,TCCAAGCGTCCGAACCGGCA,0,4437768
yagB_insX_yagA_predicted,0.1,9,9,TCATTTATTACACTCCTCGA,0,4460828
yagB_insX_yagA_predicted,0.1,9,9,TCATCGGTTCCATCGTTTTC,0,4446681
yagB_insX_yagA_predicted,0.1,9,9,TCATATTCTGCCAACAGCTC,0,4463119
yagB_insX_yagA_predicted,0.1,9,9,TCAGGCTATCCACTCATTCA,0,4454569
yagB_insX_yagA_predicted,0.1,9,9,TCAGCGCATCCCCTTACTGC,0,4464357
yagB_insX_yagA_predicted,0.1,9,9,TCAATGGGTGCCAAAATCGT,0,4456047
yagB_insX_yagA_predicted,0.1,9,9,TCAAATAGCACTAGGTTCGT,0,4458484
yagB_insX_yagA_predicted,0.1,9,9,TCAAAAACATCGTTAGTCCG,0,4442490
yagB_insX_yagA_predicted,0.1,9,9,TATCCTACTCAATAATGCTC,0,4447951
yagB_insX_yagA_predicted,0.1,9,9,TATCCGTCGTCGCGCGTGTA,0,4449487
yagB_insX_yagA_predicted,0.1,9,9,TATCATAGAGGTGGGGAACA,0,4445045
yagB_insX_yagA_predicted,0.1,9,9,TATCAGTCGGAACGTCTATT,0,4442254
yagB_insX_yagA_predicted,0.1,9,9,TAGGTTGGGGGTGCTAGAAT,0,4457099
yagB_insX_yagA_predicted,0.1,9,9,TAGGTATACCTAGTGCCCAA,0,4440788
yagB_insX_yagA_predicted,0.1,9,9,TAGGCGGTCTCTCTTGTAGT,0,4444769
yagB_insX_yagA_predicted,0.1,9,9,TAGGATCCTTAGAGACCAAT,0,4454775
yagB_insX_yagA_predicted,0.1,9,9,TAGCTCGGCAATAAACATCG,0,4446795
yagB_insX_yagA_predicted,0.1,9,9,TAGCGTTTGGGGTTCGTCGT,0,4454794
yagB_insX_yagA_predicted,0.1,9,9,TAGATTATCGTTGGAGTAAT,0,4460374
yagB_insX_yagA_predicted,0.1,9,9,TAGATGTGTAATATTAGCCT,0,4451606
yagB_insX_yagA_predicted,0.1,9,9,TAGAGTGAACTCTACTGTCA,0,4446649
yagB_insX_yagA_predicted,0.1,9,9,TACGTTACGTCCGCCTTATG,0,4466362
yagB_insX_yagA_predicted,0.1,9,9,TACGTCTGTCGTTTCACCCA,0,4471655
yagB_insX_yagA_predicted,0.1,9,9,TACCTTTTCGTTTTGCTTAC,0,4445858
yagB_insX_yagA_predicted,0.1,9,9,TACCTTTTATAGGCGTTTAA,0,4455959
yagB_insX_yagA_predicted,0.1,9,9,TACCATGGACTCACAGCTAC,0,4463936
yagB_insX_yagA_predicted,0.1,9,9,TACCACTGTAAACCATAACA,0,4461356
yagB_insX_yagA_predicted,0.1,9,9,TACAGCTAGGACACTTATCG,0,4437320
yagB_insX_yagA_predicted,0.1,9,9,TACACCTCCAGTGCGTTTTG,0,4466488
yagB_insX_yagA_predicted,0.1,9,9,TAATTAGCAAGGCACTTACC,0,4472295
yagB_insX_yagA_predicted,0.1,9,9,TAATGATTTAGTAGTACATC,0,4454217
yagB_insX_yagA_predicted,0.1,9,9,TAAGGCTCGGACCGACCACT,0,4461747
yagB_insX_yagA_predicted,0.1,9,9,TAACGCATGAGACATGATTT,0,4436516
yagB_insX_yagA_predicted,0.1,9,9,TAACCCAAGTCTCGGCGTTC,0,4441686
yagB_insX_yagA_predicted,0.1,9,9,TAACCATTTTCTTCTTCATC,0,4453052
yagB_insX_yagA_predicted,0.1,9,9,TAACATACTCTTAGTTCTGA,0,4469106
yagB_insX_yagA_predicted,0.1,9,9,TAAAGTGATCATGCAGGCCT,0,4454596
yagB_insX_yagA_predicted,0.1,9,9,TAAAGGGGTAAGTGCATAAA,0,4446128
yagB_insX_yagA_predicted,0.1,9,9,TAAAGGGATCCGAATAACTA,0,4447941
yagB_insX_yagA_predicted,0.1,9,9,GTTTTCAATCGTTCCGGTGC,0,4459979
yagB_insX_yagA_predicted,0.1,9,9,GTTTTAAGACAGGGTCTCAC,0,4455179
yagB_insX_yagA_predicted,0.1,9,9,GTTTTAAAGCGTAGACTAGA,0,4443506
yagB_insX_yagA_predicted,0.1,9,9,GTTTAGAGTCACTGGACGGA,0,4444945
yagB_insX_yagA_predicted,0.1,9,9,GTTGTTATGCATATCAAAGA,0,4452244
yagB_insX_yagA_predicted,0.1,9,9,GTTGCGTACCGACATGCCTT,0,4464076
yagB_insX_yagA_predicted,0.1,9,9,GTTCCGGAGTTACAAGGCGT,0,4468916
yagB_insX_yagA_predicted,0.1,9,9,GTGTGCCCTCTTGCATGCAT,0,4457203
yagB_insX_yagA_predicted,0.1,9,9,GTGTCTATGCGTAAAGTCAT,0,4451370
yagB_insX_yagA_predicted,0.1,9,9,GTGGTACCATTTTCCGGTCT,0,4455056
yagB_insX_yagA_predicted,0.1,9,9,GTGGCGAGTGAACCAATAAC,0,4444524
yagB_insX_yagA_predicted,0.1,9,9,GTGCGAGGTTCACATTCTGA,0,4445154
yagB_insX_yagA_predicted,0.1,9,9,GTCTCCTCTTGACGATGCAA,0,4453486
yagB_insX_yagA_predicted,0.1,9,9,GTCTCATGAGCCGAAGCTGG,0,4453016
yagB_insX_yagA_predicted,0.1,9,9,GTCTACATCCGGTCGTCACT,0,4453104
yagB_insX_yagA_predicted,0.1,9,9,GTCGAGAGTACATGATGCCG,0,4444852
yagB_insX_yagA_predicted,0.1,9,9,GTCCTCCTGGGCCTGCTAAC,0,4443654
yagB_insX_yagA_predicted,0.1,9,9,GTCCTACACGTAATGCTTGA,0,4460796
yagB_insX_yagA_predicted,0.1,9,9,GTCCGAAGTCCGCTTTTGAT,0,4439686
yagB_insX_yagA_predicted,0.1,9,9,GTATTAGAGCCAGATCCTAG,0,4455885
yagB_insX_yagA_predicted,0.1,9,9,GTATGAGACTCTCTTGGTAG,0,4439685
yagB_insX_yagA_predicted,0.1,9,9,GTATCCGCGCGTAAGTCCTG,0,4463852
yagB_insX_yagA_predicted,0.1,9,9,GTAGCAAACTGTGTGATCGC,0,4441017
yagB_insX_yagA_predicted,0.1,9,9,GTACATCGTCCTAAGTCCCA,0,4446814
yagB_insX_yagA_predicted,0.1,9,9,GTAAGCTGAGATCGCATGAG,0,4468937
yagB_insX_yagA_predicted,0.1,9,9,GTAACTCCACGTCCAAATTA,0,4460829
yagB_insX_yagA_predicted,0.1,9,9,GGTTTCCACACTGCACAAGT,0,4471512
yagB_insX_yagA_predicted,0.1,9,9,GGTTGGAGGAAGGACTGTGC,0,4455642
yagB_insX_yagA_predicted,0.1,9,9,GGTTCTTCCGTTACAATGGT,0,4464555
yagB_insX_yagA_predicted,0.1,9,9,GGTTATCGTTATGGTGAGAA,0,4471272
yagB_insX_yagA_predicted,0.1,9,9,GGTGGCCAGATTGGAGTCCT,0,4438770
yagB_insX_yagA_predicted,0.1,9,9,GGTCGGCAAAATCTCCCGCT,0,4437410
yagB_insX_yagA_predicted,0.1,9,9,GGTCAGAACCCGTTGTCATT,0,4453272
yagB_insX_yagA_predicted,0.1,9,9,GGTCACGTAGGTACTTTGCG,0,4461050
yagB_insX_yagA_predicted,0.1,9,9,GGTACTACGCGTTTGGTCCG,0,4438792
yagB_insX_yagA_predicted,0.1,9,9,GGTACCCACCTGTAGTCCGA,0,4437371
yagB_insX_yagA_predicted,0.1,9,9,GGTACCCAAGTAATAGGCCT,0,4446038
yagB_insX_yagA_predicted,0.1,9,9,GGTACAATTTCTCGTTTGTC,0,4443818
yagB_insX_yagA_predicted,0.1,9,9,GGTAAAATAAGGGACTCGGC,0,4445102
yagB_insX_yagA_predicted,0.1,9,9,GGGTTCAGTGTGGCTGTGCG,0,4466105
yagB_insX_yagA_predicted,0.1,9,9,GGGTTAGGTCAGGAACCGGG,0,4436026
yagB_insX_yagA_predicted,0.1,9,9,GGGGGCCTTGCCAGAAACGC,0,4458841
yagB_insX_yagA_predicted,0.1,9,9,GGGCTGCTTGATTGCTGGAA,0,4465509
yagB_insX_yagA_predicted,0.1,9,9,GGGATTCCGTGGGGAACGAT,0,4437143
yagB_insX_yagA_predicted,0.1,9,9,GGGATCGTGCTCACTTCCAT,0,4451797
yagB_insX_yagA_predicted,0.1,9,9,GGGACGCAACAGTAAAAGGA,0,4447788
yagB_insX_yagA_predicted,0.1,9,9,GGCTTCGCTATTAAGTTCTT,0,4452307
yagB_insX_yagA_predicted,0.1,9,9,GGCGTCACACAACGGAGACG,0,4462196
yagB_insX_yagA_predicted,0.1,9,9,GGCGGGTCTCGTAATGCCGG,0,4446610
yagB_insX_yagA_predicted,0.1,9,9,GGCGCATGGCAAAGCCACGG,0,4464368
yagB_insX_yagA_predicted,0.1,9,9,GGCCGGGACCAGTGTGCAGA,0,4467724
yagB_insX_yagA_predicted,0.1,9,9,GGCCGGCTGTCAATAGGCAA,0,4471631
yagB_insX_yagA_predicted,0.1,9,9,GGCCGAGGGCTCTACCAAAC,0,4443669
yagB_insX_yagA_predicted,0.1,9,9,GGCCGAAAAGCACCCTGACG,0,4446402
yagB_insX_yagA_predicted,0.1,9,9,GGCCCGCTGGGCCGCATCCA,0,4467265
yagB_insX_yagA_predicted,0.1,9,9,GGATTATGTAATGAGATCGT,0,4445686
yagB_insX_yagA_predicted,0.1,9,9,GGATGGTTTGCTGCTATAAT,0,4445972
yagB_insX_yagA_predicted,0.1,9,9,GGACTCTTTGACATCTGGAA,0,4452694
yagB_insX_yagA_predicted,0.1,9,9,GGACGGACTTACTGACCCGC,0,4460997
yagB_insX_yagA_predicted,0.1,9,9,GGACCATCGGTGTGCTTGGG,0,4451862
yagB_insX_yagA_predicted,0.1,9,9,GGAATTCAGGAGGTCCCCCT,0,4469782
yagB_insX_yagA_predicted,0.1,9,9,GGAATCTCTGTATATTGAAC,0,4451548
yagB_insX_yagA_predicted,0.1,9,9,GGAACCGGTTCCTGTGTGCC,0,4444225
yagB_insX_yagA_predicted,0.1,9,9,GGAACCGGCAAGCAGGTGTG,0,4437161
yagB_insX_yagA_predicted,0.1,9,9,GCTTCCATAGACAAAGTCTA,0,4454284
yagB_insX_yagA_predicted,0.1,9,9,GCTTAGGAAGGGTTTTCTCC,0,4471181
yagB_insX_yagA_predicted,0.1,9,9,GCTGTGTTAACGGCTACATC,0,4465194
yagB_insX_yagA_predicted,0.1,9,9,GCTGCACTCTCTTAGTCCGT,0,4459875
yagB_insX_yagA_predicted,0.1,9,9,GCTCTCAAATGTCTCATAAA,0,4447483
yagB_insX_yagA_predicted,0.1,9,9,GCTCGCGAGGATCTCGGCAG,0,4454574
yagB_insX_yagA_predicted,0.1,9,9,GCTATTATGGATTAATTGTG,0,4450690
yagB_insX_yagA_predicted,0.1,9,9,GCGTGCCCGGCTCCACGCGA,0,4458442
yagB_insX_yagA_predicted,0.1,9,9,GCGGTTTTGGCCCGAGGCGA,0,4441822
yagB_insX_yagA_predicted,0.1,9,9,GCGGTCGGTGGGTTAGTCTG,0,4461105
yagB_insX_yagA_predicted,0.1,9,9,GCGGGCTGGTCTATTACTTA,0,4464617
yagB_insX_yagA_predicted,0.1,9,9,GCGCCATCACAGCGGATTCG,0,4463830
yagB_insX_yagA_predicted,0.1,9,9,GCGAGGCACTGCCGGAGAGT,0,4467222
yagB_insX_yagA_predicted,0.1,9,9,GCGACCTACACCATGAATTA,0,4459666
yagB_insX_yagA_predicted,0.1,9,9,GCCTTGCGGGGGCCTTTTGT,0,4472052
yagB_insX_yagA_predicted,0.1,9,9,GCCGGCGCTCCGTACCCCTG,0,4441914
yagB_insX_yagA_predicted,0.1,9,9,GCCGCAAGTGTCGTCGGTCA,0,4453577
yagB_insX_yagA_predicted,0.1,9,9,GCCGAAAATCGCATTGCATG,0,4459790
yagB_insX_yagA_predicted,0.1,9,9,GCCACTGGAAGTGAAAATAT,0,4462662
yagB_insX_yagA_predicted,0.1,9,9,GCAGGAACATCGGCTTAACC,0,4456155
yagB_insX_yagA_predicted,0.1,9,9,GCACTACCTGGTAAATGTCC,0,4441925
yagB_insX_yagA_predicted,0.1,9,9,GCACCCGCCCCTATTGCCAC,0,4445447
yagB_insX_yagA_predicted,0.1,9,9,GCAATGGCTACTAGCATTAA,0,4460014
yagB_insX_yagA_predicted,0.1,9,9,GATTGTCCCCACTCCGACGC,0,4447704
yagB_insX_yagA_predicted,0.1,9,9,GATTCCGCGGGAGAGTGTGC,0,4461320
yagB_insX_yagA_predicted,0.1,9,9,GATGGTAGGTGGTCAACAAT,0,4453881
yagB_insX_yagA_predicted,0.1,9,9,GATGGCCTAAACTTAGATAG,0,4441248
yagB_insX_yagA_predicted,0.1,9,9,GATCCAGGCACGTAAAACTG,0,4470741
yagB_insX_yagA_predicted,0.1,9,9,GATATGGGTATTGAGACACT,0,4452815
yagB_insX_yagA_predicted,0.1,9,9,GATACACGGATTTGTGGTTT,0,4471490
yagB_insX_yagA_predicted,0.1,9,9,GATAAACTAGATTGGCCTTA,0,4471749
yagB_insX_yagA_predicted,0.1,9,9,GAGTTGGGTTGGCTTACAAG,0,4462609
yagB_insX_yagA_predicted,0.1,9,9,GAGTGACGAGCCTTAACTCA,0,4459760
yagB_insX_yagA_predicted,0.1,9,9,GAGTCCTGGCCGCTAAAACT,0,4463097
yagB_insX_yagA_predicted,0.1,9,9,GAGTAGCTACGTGGCGTTAG,0,4458768
yagB_insX_yagA_predicted,0.1,9,9,GAGGGGTGGAGGCAAAAATT,0,4468061
yagB_insX_yagA_predicted,0.1,9,9,GAGCTGCCACCTAAGCAGTA,0,4443708
yagB_insX_yagA_predicted,0.1,9,9,GAGCCTCGCATCCCGAAGTC,0,4460331
yagB_insX_yagA_predicted,0.1,9,9,GAGCCGGACCCTATTATTGA,0,4450328
yagB_insX_yagA_predicted,0.1,9,9,GAGAGGACTGTGTAGTCAAT,0,4436363
yagB_insX_yagA_predicted,0.1,9,9,GAGACAAGGGAATTAGGCCA,0,4440780
yagB_insX_yagA_predicted,0.1,9,9,GAGAATTATCTCACCGGACT,0,4438623
yagB_insX_yagA_predicted,0.1,9,9,GACTACCAAGCCATTGTCGT,0,4454100
yagB_insX_yagA_predicted,0.1,9,9,GACGTGATATTATACCCGAT,0,4440823
yagB_insX_yagA_predicted,0.1,9,9,GACCTTGATCTGAACGCCAT,0,4469470
yagB_insX_yagA_predicted,0.1,9,9,GACCTCTAGGCGGGAGGTAG,0,4467329
yagB_insX_yagA_predicted,0.1,9,9,GACCTAGGAAAATAGGCTCA,0,4464943
yagB_insX_yagA_predicted,0.1,9,9,GACCCAGTTCGCCATATTTC,0,4444305
yagB_insX_yagA_predicted,0.1,9,9,GACCATTTAGCTAATTCCCA,0,4463486
yagB_insX_yagA_predicted,0.1,9,9,GACCACACGTGCACTCGCCT,0,4438937
yagB_insX_yagA_predicted,0.1,9,9,GACAGGTTTTCCCCCATCGA,0,4464155
yagB_insX_yagA_predicted,0.1,9,9,GACAGCGATGCAACGGTGCG,0,4442839
yagB_insX_yagA_predicted,0.1,9,9,GAATTGTTACTCGGGAGCTT,0,4441629
yagB_insX_yagA_predicted,0.1,9,9,GAAGGTACACATGGGAGTCC,0,4449387
yagB_insX_yagA_predicted,0.1,9,9,GAACGGACTCAAATATCGAA,0,4460721
yagB_insX_yagA_predicted,0.1,9,9,GAACAATTAGCCGAGCTACA,0,4447642
yagB_insX_yagA_predicted,0.1,9,9,GAAATTATATCCCGCAGCCC,0,4456023
yagB_insX_yagA_predicted,0.1,9,9,GAAATATATAGTGACTCCGC,0,4451499
yagB_insX_yagA_predicted,0.1,9,9,CTTTCAGCACCATAAAAATC,0,4469727
yagB_insX_yagA_predicted,0.1,9,9,CTTGCAGGTGGTGACCCTGT,0,4444388
yagB_insX_yagA_predicted,0.1,9,9,CTTCTAGGCATGTTGTGTAC,0,4450064
yagB_insX_yagA_predicted,0.1,9,9,CTTCCTTTGTCAATTCGTCC,0,4455013
yagB_insX_yagA_predicted,0.1,9,9,CTTCCGAATAGCAAACGTTA,0,4444900
yagB_insX_yagA_predicted,0.1,9,9,CTTCAGGGCCACACAGGGTG,0,4438020
yagB_insX_yagA_predicted,0.1,9,9,CTTAGTGTGTCGCTCTGGTT,0,4439256
yagB_insX_yagA_predicted,0.1,9,9,CTGTTGGGTCAGCCACACCT,0,4463611
yagB_insX_yagA_predicted,0.1,9,9,CTGTTGACACTGCGACGGCA,0,4440649
yagB_insX_yagA_predicted,0.1,9,9,CTGGGCAGGCTTGGTCACTC,0,4445497
yagB_insX_yagA_predicted,0.1,9,9,CTGGCTTCGCGACTACTTTA,0,4454522
yagB_insX_yagA_predicted,0.1,9,9,CTGCTTCCACGAAACGTGAG,0,4445676
yagB_insX_yagA_predicted,0.1,9,9,CTGCGAGCGGCAACAAGGTG,0,4441641
yagB_insX_yagA_predicted,0.1,9,9,CTGCCAGCATGAGCATGGTA,0,4465675
yagB_insX_yagA_predicted,0.1,9,9,CTGCATGCTGCCAATAAAAC,0,4453519
yagB_insX_yagA_predicted,0.1,9,9,CTGAGGCATATATACGCTTT,0,4466896
yagB_insX_yagA_predicted,0.1,9,9,CTGAAGTGCCCGTAAATTAA,0,4451324
yagB_insX_yagA_predicted,0.1,9,9,CTCTTTGCATAGTTAGCGTT,0,4464995
yagB_insX_yagA_predicted,0.1,9,9,CTCTATGTCCAAAATCGTGC,0,4443246
yagB_insX_yagA_predicted,0.1,9,9,CTCTAGGGGCTGATTATAAA,0,4444332
yagB_insX_yagA_predicted,0.1,9,9,CTCGCTGGAAGCGGTCTTTA,0,4438991
yagB_insX_yagA_predicted,0.1,9,9,CTCAGTATCATATCAGCCAC,0,4445680
yagB_insX_yagA_predicted,0.1,9,9,CTATTCGTAGGTCGGACCCG,0,4460771
yagB_insX_yagA_predicted,0.1,9,9,CTATTACCTTGCTCAACGAA,0,4453017
yagB_insX_yagA_predicted,0.1,9,9,CTAGTATCAGAAAAGCTTGC,0,4462194
yagB_insX_yagA_predicted,0.1,9,9,CTAGGACCAAGGAGAGAACT,0,4462355
yagB_insX_yagA_predicted,0.1,9,9,CTAGCCAAACGATCATTCAC,0,4450336
yagB_insX_yagA_predicted,0.1,9,9,CTACTTAAATGCTGTGTAAA,0,4451965
yagB_insX_yagA_predicted,0.1,9,9,CTACTGTATACCCTTAGAGT,0,4453659
yagB_insX_yagA_predicted,0.1,9,9,CTACGTGGGCATGAGGTACA,0,4468041
yagB_insX_yagA_predicted,0.1,9,9,CTACGACGCGTTCGCCGACC,0,4456916
yagB_insX_yagA_predicted,0.1,9,9,CTACACTGGGAATCCCGGAT,0,4451894
yagB_insX_yagA_predicted,0.1,9,9,CTAATAAGATTGGCTATCGG,0,4467653
yagB_insX_yagA_predicted,0.1,9,9,CTAACTTTTGTCTTCTCCGC,0,4436168
yagB_insX_yagA_predicted,0.1,9,9,CTAACCGGTATCAGACCCCT,0,4438948
yagB_insX_yagA_predicted,0.1,9,9,CGTTTACTCCTGGGGAGAAT,0,4441386
yagB_insX_yagA_predicted,0.1,9,9,CGTTGTTAAGCATAACTCAG,0,4453227
yagB_insX_yagA_predicted,0.1,9,9,CGTGAATCATTAAAGGTGGG,0,4464694
yagB_insX_yagA_predicted,0.1,9,9,CGTCCACGTGAAAGGGGTAA,0,4447862
yagB_insX_yagA_predicted,0.1,9,9,CGGTCTCGCAGGCTCAATGT,0,4464882
yagB_insX_yagA_predicted,0.1,9,9,CGGTCGTATAGTATGCAATT,0,4469559
yagB_insX_yagA_predicted,0.1,9,9,CGGTCATTGGAGGGGGCAAG,0,4457054
yagB_insX_yagA_predicted,0.1,9,9,CGGGTCGTCTCTTGAGACTT,0,4436860
yagB_insX_yagA_predicted,0.1,9,9,CGGGGATCGTCCCCTCCGAG,0,4442523
yagB_insX_yagA_predicted,0.1,9,9,CGGCACAACGAAAACAGAAC,0,4448562
yagB_insX_yagA_predicted,0.1,9,9,CGGATACAAGGTCTGCCGCC,0,4448591
yagB_insX_yagA_predicted,0.1,9,9,CGGAGTTGTGGTATAATAGT,0,4439228
yagB_insX_yagA_predicted,0.1,9,9,CGGAGGTCTCGGGGTTAGCT,0,4447832
yagB_insX_yagA_predicted,0.1,9,9,CGGAGGGGCGCGTCCTCGAT,0,4446694
yagB_insX_yagA_predicted,0.1,9,9,CGCGTCAGATTCATTGCAAG,0,4446608
yagB_insX_yagA_predicted,0.1,9,9,CGCGATGTTATCTTTGTTAA,0,4450904
yagB_insX_yagA_predicted,0.1,9,9,CGCGACTCAGCGCATACTCA,0,4444366
yagB_insX_yagA_predicted,0.1,9,9,CGCAAAACCCATGGGACCAG,0,4457132
yagB_insX_yagA_predicted,0.1,9,9,CGATGCCGAGGAGCGGCTCG,0,4458687
yagB_insX_yagA_predicted,0.1,9,9,CGATATCGGCTGTATCGTCT,0,4449177
yagB_insX_yagA_predicted,0.1,9,9,CGATACAGCCTATTCTCCGA,0,4457591
yagB_insX_yagA_predicted,0.1,9,9,CGACGTGCCCCCATTTCTTG,0,4453416
yagB_insX_yagA_predicted,0.1,9,9,CGACCTTAAGCGTGTCCGTA,0,4454995
yagB_insX_yagA_predicted,0.1,9,9,CGACATTTTCATACCGTTTT,0,4469550
yagB_insX_yagA_predicted,0.1,9,9,CGAAGGGATCGCTGTTGGGG,0,4459960
yagB_insX_yagA_predicted,0.1,9,9,CGAACTCAAAGCGTGGATGG,0,4457856
yagB_insX_yagA_predicted,0.1,9,9,CGAAACGACTTCCGGCGCGC,0,4468722
yagB_insX_yagA_predicted,0.1,9,9,CCTTTTTTTCAGTAAGCGGT,0,4462007
yagB_insX_yagA_predicted,0.1,9,9,CCTTGGATCGTCGTTGGGGA,0,4458270
yagB_insX_yagA_predicted,0.1,9,9,CCTTGCGATCTGGCAAAGTA,0,4466429
yagB_insX_yagA_predicted,0.1,9,9,CCTTGAGCACGTGTTAACGA,0,4468387
yagB_insX_yagA_predicted,0.1,9,9,CCTTATACATAGGTGCGAAC,0,4441631
yagB_insX_yagA_predicted,0.1,9,9,CCTGGTCCGGCATAGGCAGG,0,4463651
yagB_insX_yagA_predicted,0.1,9,9,CCTCCTCAGCGGTTATGTTA,0,4451595
yagB_insX_yagA_predicted,0.1,9,9,CCTATGAAGCTCACCGGGTG,0,4455688
yagB_insX_yagA_predicted,0.1,9,9,CCTATCGGGGTTATCGTCTT,0,4460626
yagB_insX_yagA_predicted,0.1,9,9,CCTAATACAGCTCCATTACC,0,4465040
yagB_insX_yagA_predicted,0.1,9,9,CCGTTTAGGGACACGCCTTC,0,4451780
yagB_insX_yagA_predicted,0.1,9,9,CCGTGTCACTCGCAAGCACC,0,4459545
yagB_insX_yagA_predicted,0.1,9,9,CCGGTATTTTTTAGGATTAG,0,4453622
yagB_insX_yagA_predicted,0.1,9,9,CCGGCAGCAAAGGGGCGAGT,0,4436960
yagB_insX_yagA_predicted,0.1,9,9,CCGGAGACCGATGGTTCGCA,0,4440404
yagB_insX_yagA_predicted,0.1,9,9,CCGCTGGTTGCCGGTTCTGC,0,4463257
yagB_insX_yagA_predicted,0.1,9,9,CCGCTCCGATACGAGGTTGC,0,4449662
yagB_insX_yagA_predicted,0.1,9,9,CCGCTCAATTGTTGCAGCAG,0,4459365
yagB_insX_yagA_predicted,0.1,9,9,CCGCAGGAGCTTCCGTATTT,0,4439089
yagB_insX_yagA_predicted,0.1,9,9,CCGATCGACGGGAGTGAAGC,0,4454246
yagB_insX_yagA_predicted,0.1,9,9,CCGACATTTGCATGCCTCGG,0,4451954
yagB_insX_yagA_predicted,0.1,9,9,CCGACAATTGGCGTGGTTTC,0,4464344
yagB_insX_yagA_predicted,0.1,9,9,CCGAATCGCCACATGCAATC,0,4452353
yagB_insX_yagA_predicted,0.1,9,9,CCATGAGGGCACGGTCATCG,0,4442554
yagB_insX_yagA_predicted,0.1,9,9,CCAGATTACTCCACGGCGTG,0,4451589
yagB_insX_yagA_predicted,0.1,9,9,CCACGACAAACGGTCCTTAA,0,4446799
yagB_insX_yagA_predicted,0.1,9,9,CCACAAGACGTCGTCATCGG,0,4447648
yagB_insX_yagA_predicted,0.1,9,9,CCAATGGGTCTCACCATACA,0,4460196
yagB_insX_yagA_predicted,0.1,9,9,CCAATAGTGCGGGTCCAAAT,0,4469936
yagB_insX_yagA_predicted,0.1,9,9,CCAACGTACGACCCATTAAT,0,4468611
yagB_insX_yagA_predicted,0.1,9,9,CCAACAAACGATCCACGTCG,0,4442031
yagB_insX_yagA_predicted,0.1,9,9,CCAAAAAATGGTGCTCCTAT,0,4451470
yagB_insX_yagA_predicted,0.1,9,9,CATTTCGGGAATGTTATCTG,0,4472097
yagB_insX_yagA_predicted,0.1,9,9,CATTACCTGGCAGGAGACTG,0,4470233
yagB_insX_yagA_predicted,0.1,9,9,CATCTCTGCGCAAAACCTTG,0,4450674
yagB_insX_yagA_predicted,0.1,9,9,CATCGCGGGGTCTCTCGAGA,0,4440183
yagB_insX_yagA_predicted,0.1,9,9,CATCCGGGCTAACAAGGCAG,0,4449620
yagB_insX_yagA_predicted,0.1,9,9,CATATATCAGACCCATTGAC,0,4445710
yagB_insX_yagA_predicted,0.1,9,9,CATAGTCTGATATAGGGGAT,0,4440461
yagB_insX_yagA_predicted,0.1,9,9,CATAGTACCGTTACCCCAGG,0,4462831
yagB_insX_yagA_predicted,0.1,9,9,CATAGGCACAGTAACGGATA,0,4446260
yagB_insX_yagA_predicted,0.1,9,9,CATACTGGCCGTGCGAACGG,0,4452582
yagB_insX_yagA_predicted,0.1,9,9,CATACAGAAACGTCTACCGC,0,4460316
yagB_insX_yagA_predicted,0.1,9,9,CATACACCCACTGAGCATAT,0,4455881
yagB_insX_yagA_predicted,0.1,9,9,CAGTTTTGGGTTGTCGCGAT,0,4449311
yagB_insX_yagA_predicted,0.1,9,9,CAGTTGATAGTAGCGTCAGT,0,4449022
yagB_insX_yagA_predicted,0.1,9,9,CAGTTAGATTTTACGGCCTG,0,4461289
yagB_insX_yagA_predicted,0.1,9,9,CAGTGCTCCGTCCTGCCCTA,0,4443651
yagB_insX_yagA_predicted,0.1,9,9,CAGTATTTGAACGCTCACTA,0,4462269
yagB_insX_yagA_predicted,0.1,9,9,CAGTAGATACGAGACTTGAA,0,4467312
yagB_insX_yagA_predicted,0.1,9,9,CAGTACACGCCAGTACGACC,0,4451003
yagB_insX_yagA_predicted,0.1,9,9,CAGGGTAGAAAGGCAGATAC,0,4466772
yagB_insX_yagA_predicted,0.1,9,9,CAGGATCATGCAATAATAAG,0,4458352
yagB_insX_yagA_predicted,0.1,9,9,CAGCAAGGATGGCCACCTCC,0,4436319
yagB_insX_yagA_predicted,0.1,9,9,CAGACGTCCACTTCCCCTGT,0,4466481
yagB_insX_yagA_predicted,0.1,9,9,CACTATTTGTGTATTAGGCC,0,4446730
yagB_insX_yagA_predicted,0.1,9,9,CACTATCACGCATTGTTCAT,0,4472280
yagB_insX_yagA_predicted,0.1,9,9,CACTACGAGATTGTGCATGT,0,4450398
yagB_insX_yagA_predicted,0.1,9,9,CACCTGGAAGGAGGGTTGCC,0,4464944
yagB_insX_yagA_predicted,0.1,9,9,CACCTCCACGAAGCCTTATC,0,4441799
yagB_insX_yagA_predicted,0.1,9,9,CACCGCACTTCAGCAGAATA,0,4468223
yagB_insX_yagA_predicted,0.1,9,9,CACCAGCGGTACAGTCAAAA,0,4461267
yagB_insX_yagA_predicted,0.1,9,9,CACAGATTGGGCCTAGCTAT,0,4464061
yagB_insX_yagA_predicted,0.1,9,9,CACAACATACTTGCCGGGTG,0,4467102
yagB_insX_yagA_predicted,0.1,9,9,CAATGGATAAAGCAACAGTC,0,4462634
yagB_insX_yagA_predicted,0.1,9,9,CAATGCTCGTTGGTGTGGGT,0,4437262
yagB_insX_yagA_predicted,0.1,9,9,CAATGCGTTACGAAGATACA,0,4464568
yagB_insX_yagA_predicted,0.1,9,9,CAACAACCGGGGGGGCAGGA,0,4440487
yagB_insX_yagA_predicted,0.1,9,9,ATTTAATTCCTTAAAAAGGT,0,4463556
yagB_insX_yagA_predicted,0.1,9,9,ATTTAACATTCATCTTTGAT,0,4468381
yagB_insX_yagA_predicted,0.1,9,9,ATTGATCTCTAATGTACATC,0,4468048
yagB_insX_yagA_predicted,0.1,9,9,ATTGATCGTGGTCGTCCCAC,0,4452751
yagB_insX_yagA_predicted,0.1,9,9,ATTGAAACGGTGCTCTGCGT,0,4459610
yagB_insX_yagA_predicted,0.1,9,9,ATTCTTGTGATTTGAAGATA,0,4436212
yagB_insX_yagA_predicted,0.1,9,9,ATTATGCATGTTTGGGGTAG,0,4455904
yagB_insX_yagA_predicted,0.1,9,9,ATGTGTTAAGCCCTCAGAGT,0,4445468
yagB_insX_yagA_predicted,0.1,9,9,ATGTCAAGCGATAGAATTAC,0,4452318
yagB_insX_yagA_predicted,0.1,9,9,ATGTAGGCTAGGGCGCCGTT,0,4440299
yagB_insX_yagA_predicted,0.1,9,9,ATGGGATGCTCACGAGGCTC,0,4447041
yagB_insX_yagA_predicted,0.1,9,9,ATGCTGTAGGTACCTTGGTA,0,4463312
yagB_insX_yagA_predicted,0.1,9,9,ATGCGTCGTCGGCAAGTTCT,0,4464986
yagB_insX_yagA_predicted,0.1,9,9,ATGCGACTCGACTTAATGTG,0,4452860
yagB_insX_yagA_predicted,0.1,9,9,ATCTTGCCTTTAAACCAGCC,0,4460803
yagB_insX_yagA_predicted,0.1,9,9,ATCTCAGTCTAGGTATTACT,0,4437187
yagB_insX_yagA_predicted,0.1,9,9,ATCTACGTCGAGCCAAGGTA,0,4467176
yagB_insX_yagA_predicted,0.1,9,9,ATATTGCCATGGTTGCGATT,0,4451556
yagB_insX_yagA_predicted,0.1,9,9,ATATGGAAAGGACTGATGGC,0,4438861
yagB_insX_yagA_predicted,0.1,9,9,ATAGACTTGAATTCCCCACA,0,4445506
yagB_insX_yagA_predicted,0.1,9,9,ATACTTGAATTAAAGTGACC,0,4452176
yagB_insX_yagA_predicted,0.1,9,9,ATACGCGTAGAAACAGTGGA,0,4460237
yagB_insX_yagA_predicted,0.1,9,9,ATACCGTACTAATACTCAGA,0,4459045
yagB_insX_yagA_predicted,0.1,9,9,ATACCCAAAATTATGGCTGC,0,4459814
yagB_insX_yagA_predicted,0.1,9,9,ATAATAGCTTTCACGCTGGG,0,4456209
yagB_insX_yagA_predicted,0.1,9,9,ATAAGTGGGAGAGTACGCCA,0,4469204
yagB_insX_yagA_predicted,0.1,9,9,ATAAGGGCTAGACGCCCCCC,0,4454033
yagB_insX_yagA_predicted,0.1,9,9,ATAAGGCTCCTAGTTGTGGT,0,4462245
yagB_insX_yagA_predicted,0.1,9,9,AGTTTCGGATGCGGTGCAGA,0,4466800
yagB_insX_yagA_predicted,0.1,9,9,AGTTAGACTCACCTCACCGG,0,4458606
yagB_insX_yagA_predicted,0.1,9,9,AGTGGTCTTAATAGAAACAG,0,4443481
yagB_insX_yagA_predicted,0.1,9,9,AGTGGGTCGAGAGGACTTGT,0,4451241
yagB_insX_yagA_predicted,0.1,9,9,AGTGGGCTCACTCCATAGTG,0,4465064
yagB_insX_yagA_predicted,0.1,9,9,AGTGGCTATATTGCTGGGTA,0,4462709
yagB_insX_yagA_predicted,0.1,9,9,AGTGATGGTAGTATTCGGGG,0,4446565
yagB_insX_yagA_predicted,0.1,9,9,AGTCCCGTGGTCTAATGATA,0,4447955
yagB_insX_yagA_predicted,0.1,9,9,AGTCAGATCCGAACAATCGC,0,4455369
yagB_insX_yagA_predicted,0.1,9,9,AGTATTCAGGGGTGCAACTA,0,4447469
yagB_insX_yagA_predicted,0.1,9,9,AGTATGATTTTGCATAATGC,0,4459515
yagB_insX_yagA_predicted,0.1,9,9,AGTACCCGTCTAGAGCACGC,0,4452468
yagB_insX_yagA_predicted,0.1,9,9,AGGTTACACTCTGAATCAAA,0,4467271
yagB_insX_yagA_predicted,0.1,9,9,AGGTGAACATGCGGACCTTT,0,4450801
yagB_insX_yagA_predicted,0.1,9,9,AGGTCACCCCTCCTAATAGA,0,4461923
yagB_insX_yagA_predicted,0.1,9,9,AGGGTGGGCTAAGCGCAGAG,0,4446386
yagB_insX_yagA_predicted,0.1,9,9,AGGGTGGATCAGAATTTCGT,0,4452188
yagB_insX_yagA_predicted,0.1,9,9,AGGGGAGCACCACTCGAGCA,0,4438814
yagB_insX_yagA_predicted,0.1,9,9,AGGGCGACCCGTCATATTTG,0,4456523
yagB_insX_yagA_predicted,0.1,9,9,AGGGACACTGCGGACATGAA,0,4457198
yagB_insX_yagA_predicted,0.1,9,9,AGGCTTTCGATCCAGGTAGT,0,4437055
yagB_insX_yagA_predicted,0.1,9,9,AGGCCGATTTACCGGCACAT,0,4443360
yagB_insX_yagA_predicted,0.1,9,9,AGGAAGTGGTCGAACTTAAC,0,4458478
yagB_insX_yagA_predicted,0.1,9,9,AGCTTAGGTTCCCGGGTTCG,0,4445627
yagB_insX_yagA_predicted,0.1,9,9,AGCTCGTAGGGGAGCAAGGT,0,4456972
yagB_insX_yagA_predicted,0.1,9,9,AGCCATGTGCAACCGTTGGC,0,4447996
yagB_insX_yagA_predicted,0.1,9,9,AGCACGCGATACCAATTCGG,0,4439385
yagB_insX_yagA_predicted,0.1,9,9,AGATGGGATATAAGAGAGTG,0,4467986
yagB_insX_yagA_predicted,0.1,9,9,AGATACGTTTTTAGTTAGTC,0,4437960
yagB_insX_yagA_predicted,0.1,9,9,AGAGTATAGCGTTCCAACGT,0,4454834
yagB_insX_yagA_predicted,0.1,9,9,AGAGCTGAAACAATGATGGG,0,4455021
yagB_insX_yagA_predicted,0.1,9,9,AGAGCCCCGCTTTCGTAATT,0,4453970
yagB_insX_yagA_predicted,0.1,9,9,AGAGACGGTTAGCGCGAGAG,0,4451681
yagB_insX_yagA_predicted,0.1,9,9,AGACCCGACATTAGCCTGGG,0,4466310
yagB_insX_yagA_predicted,0.1,9,9,AGACAAATTGATATGCTTAA,0,4449532
yagB_insX_yagA_predicted,0.1,9,9,AGAATACATCAGCCAAGGGC,0,4452125
yagB_insX_yagA_predicted,0.1,9,9,AGAAGGGACCATGATTGACT,0,4441098
yagB_insX_yagA_predicted,0.1,9,9,AGAACTTTGTGGATAAGGCT,0,4460783
yagB_insX_yagA_predicted,0.1,9,9,AGAACGTGTAGAGAATGGGA,0,4452429
yagB_insX_yagA_predicted,0.1,9,9,ACTTTTCGGGATAGTACACC,0,4459132
yagB_insX_yagA_predicted,0.1,9,9,ACTTTCTACCATCCTACCCC,0,4461906
yagB_insX_yagA_predicted,0.1,9,9,ACTGTGGAATGTGCTATAGC,0,4455459
yagB_insX_yagA_predicted,0.1,9,9,ACTAGCTCCCCGAGAACGAC,0,4446287
yagB_insX_yagA_predicted,0.1,9,9,ACGTTTGTAGTTGTACGAGA,0,4455121
yagB_insX_yagA_predicted,0.1,9,9,ACGTTCCGTATTGGATAGAT,0,4471116
yagB_insX_yagA_predicted,0.1,9,9,ACGTGGGACAGCGGTAAAAC,0,4438690
yagB_insX_yagA_predicted,0.1,9,9,ACGTCATGTGTCGTATTCTT,0,4441780
yagB_insX_yagA_predicted,0.1,9,9,ACGTACTTTTTGGGAGTAAA,0,4463978
yagB_insX_yagA_predicted,0.1,9,9,ACGGAATCGAGTTTAACAGT,0,4455795
yagB_insX_yagA_predicted,0.1,9,9,ACGCGTCCCCAACACGGTTA,0,4451675
yagB_insX_yagA_predicted,0.1,9,9,ACGAGCTCAGGAGGAAGTAA,0,4466037
yagB_insX_yagA_predicted,0.1,9,9,ACCTAACGGAATATGCAGAA,0,4436637
yagB_insX_yagA_predicted,0.1,9,9,ACCGGGAAGGTTCAGAAGGC,0,4458586
yagB_insX_yagA_predicted,0.1,9,9,ACCGGCAGGTTCCATTATTG,0,4467180
yagB_insX_yagA_predicted,0.1,9,9,ACCCCATTTGGCGTTTCAGA,0,4458013
yagB_insX_yagA_predicted,0.1,9,9,ACCCATTTCTGATCACATAC,0,4458194
yagB_insX_yagA_predicted,0.1,9,9,ACCCACAACTTCTGATTCAC,0,4457645
yagB_insX_yagA_predicted,0.1,9,9,ACATGCCGTTATGGTACGCC,0,4468706
yagB_insX_yagA_predicted,0.1,9,9,ACATCTGATCGTATCGTCCG,0,4454763
yagB_insX_yagA_predicted,0.1,9,9,ACATCGTACAGACGATTCAA,0,4465038
yagB_insX_yagA_predicted,0.1,9,9,ACATCCTGGAGCAGCTATTA,0,4460061
yagB_insX_yagA_predicted,0.1,9,9,ACAAGAACTAGTACATTGTT,0,4469536
yagB_insX_yagA_predicted,0.1,9,9,AATTTGTAAGGGATTTCTCT,0,4466802
yagB_insX_yagA_predicted,0.1,9,9,AATTTGCTTCTCGTAGGTCC,0,4456644
yagB_insX_yagA_predicted,0.1,9,9,AATTAGTGGTGAGGCGCATT,0,4438224
yagB_insX_yagA_predicted,0.1,9,9,AATGTTCCACTATTTACAAC,0,4465732
yagB_insX_yagA_predicted,0.1,9,9,AATCTTGGATCTACAGCTAT,0,4445042
yagB_insX_yagA_predicted,0.1,9,9,AATCGATAATGGCTCAAAGT,0,4437117
yagB_insX_yagA_predicted,0.1,9,9,AATAGTGTGGCAGGTTGATG,0,4445846
yagB_insX_yagA_predicted,0.1,9,9,AATACGAGGAAAACCATGAA,0,4447627
yagB_insX_yagA_predicted,0.1,9,9,AAGTTAGATTACCCTCAATC,0,4445381
yagB_insX_yagA_predicted,0.1,9,9,AAGTGTGCTGCTGTTACCGC,0,4453247
yagB_insX_yagA_predicted,0.1,9,9,AAGTGGTCTGTATCTAGTAA,0,4439987
yagB_insX_yagA_predicted,0.1,9,9,AAGTGAAGTTTTGCCTAGCT,0,4454148
yagB_insX_yagA_predicted,0.1,9,9,AAGGGGGCGCCGCGCTGCAG,0,4469580
yagB_insX_yagA_predicted,0.1,9,9,AAGGGGCGCCTCAAGGTTAG,0,4443945
yagB_insX_yagA_predicted,0.1,9,9,AAGGGCATCGGTACGAATTA,0,4466560
yagB_insX_yagA_predicted,0.1,9,9,AAGGGATAGAGGATATAGAC,0,4438072
yagB_insX_yagA_predicted,0.1,9,9,AAGGCGGCGTGTGCCGAGTC,0,4439326
yagB_insX_yagA_predicted,0.1,9,9,AAGAGTCAACCGTCCTAAGA,0,4439803
yagB_insX_yagA_predicted,0.1,9,9,AACTTGGAGCACTTGCGCCA,0,4465562
yagB_insX_yagA_predicted,0.1,9,9,AACTGTCACATTACAATGTG,0,4448498
yagB_insX_yagA_predicted,0.1,9,9,AACTGAGATCTAATTTTGGA,0,4461448
yagB_insX_yagA_predicted,0.1,9,9,AACGTGCAATAGCCAAATCT,0,4454501
yagB_insX_yagA_predicted,0.1,9,9,AACGATCCCCAGGGAAATCC,0,4449778
yagB_insX_yagA_predicted,0.1,9,9,AACCTGCTCGAACTAAACGT,0,4460851
yagB_insX_yagA_predicted,0.1,9,9,AACCAGGCCGTCTTGTGAAA,0,4471167
yagB_insX_yagA_predicted,0.1,9,9,AACAGGCCCCGTCCCTGAAC,0,4442976
yagB_insX_yagA_predicted,0.1,9,9,AACAGCTTCTGTGGCTGTTC,0,4469675
yagB_insX_yagA_predicted,0.1,9,9,AACAACGTGGGAAGTGAAAC,0,4462724
yagB_insX_yagA_predicted,0.1,9,9,AAATTTCGCCCGGCTTTTAA,0,4454438
yagB_insX_yagA_predicted,0.1,9,9,AAATTCAAGGGCAGCTGGTG,0,4466193
yagB_insX_yagA_predicted,0.1,9,9,AAATCAGGCATGATACCGGC,0,4468171
yagB_insX_yagA_predicted,0.1,9,9,AAATCACGAAACTAATTCTC,0,4441564
yagB_insX_yagA_predicted,0.1,9,9,AAAGGGTGATATGCCAATAA,0,4471876
yagB_insX_yagA_predicted,0.1,9,9,AAAGCAATCAGGAGAGTCAC,0,4456677
yagB_insX_yagA_predicted,0.1,9,9,AAAGAGTTCATAGCTTGAGA,0,4470914
yagB_insX_yagA_predicted,0.1,9,9,AAAGAGGCCACCTCTGCGCA,0,4445553
yagB_insX_yagA_predicted,0.1,9,9,AAAATGACGGACTCTCCTTT,0,4449861
yagB_insX_yagA_predicted,0.1111111111111111,8,8,TTTTTCAGGACTTTGGGTAG,0,4460825
yagB_insX_yagA_predicted,0.1111111111111111,8,8,TTTTAGACAGTACAATCCGC,0,4460594
yagB_insX_yagA_predicted,0.1111111111111111,8,8,TTTGTGTAGCTGATGATAAC,0,4443590
yagB_insX_yagA_predicted,0.1111111111111111,8,8,TTTGAGGCGAAACCGAAGGA,0,4446563
yagB_insX_yagA_predicted,0.1111111111111111,8,8,TTTGACTAAACGAGTATTTG,0,4452732
yagB_insX_yagA_predicted,0.1111111111111111,8,8,TTTATGACGGATCTCTCACA,0,4454009
yagB_insX_yagA_predicted,0.1111111111111111,8,8,TTGTTTGAGGCGTTAGAAAA,0,4459505
yagB_insX_yagA_predicted,0.1111111111111111,8,8,TTGTTTATCAAATGTAAGCT,0,4451464
yagB_insX_yagA_predicted,0.1111111111111111,8,8,TTGGTTGGTAGTGTTAGAAA,0,4469445
yagB_insX_yagA_predicted,0.1111111111111111,8,8,TTGGTATTGGCACCATGGTT,0,4447083
yagB_insX_yagA_predicted,0.1111111111111111,8,8,TTGCCCGCTAAAACCACTTG,0,4449211
yagB_insX_yagA_predicted,0.1111111111111111,8,8,TTGCAGTTGGCGCATCTAGC,0,4441353
yagB_insX_yagA_predicted,0.1111111111111111,8,8,TTGCAATATGGTCGTTTGGA,0,4458541
yagB_insX_yagA_predicted,0.1111111111111111,8,8,TTGAGCGTTCGATCCGTACA,0,4466078
yagB_insX_yagA_predicted,0.1111111111111111,8,8,TTGAGCACGTTCGAGATGAG,0,4454366
yagB_insX_yagA_predicted,0.1111111111111111,8,8,TTCTGAGAATGTAAAACTAA,0,4467237
yagB_insX_yagA_predicted,0.1111111111111111,8,8,TTCTAGCTAGTGTTACCGAA,0,4468590
yagB_insX_yagA_predicted,0.1111111111111111,8,8,TTCGATGCGTTCGAATGGGT,0,4444959
yagB_insX_yagA_predicted,0.1111111111111111,8,8,TTCCGGGTGGCGCAAATTTT,0,4436123
yagB_insX_yagA_predicted,0.1111111111111111,8,8,TTCATGTTGTTTTGATTCGT,0,4447467
yagB_insX_yagA_predicted,0.1111111111111111,8,8,TTCACGCAGACGAAGGTCTG,0,4437451
yagB_insX_yagA_predicted,0.1111111111111111,8,8,TTCACATACGCGTCACATTA,0,4441284
yagB_insX_yagA_predicted,0.1111111111111111,8,8,TTATTGCTTACTACAACTCG,0,4456208
yagB_insX_yagA_predicted,0.1111111111111111,8,8,TTATTCGATCTTCAAAACGT,0,4448151
yagB_insX_yagA_predicted,0.1111111111111111,8,8,TTATTCACAAATAAGTCCTC,0,4461059
yagB_insX_yagA_predicted,0.1111111111111111,8,8,TTATGTCCGCTAGCTGGGAT,0,4458422
yagB_insX_yagA_predicted,0.1111111111111111,8,8,TTAGTGGTTGCGTGAGAGTG,0,4468343
yagB_insX_yagA_predicted,0.1111111111111111,8,8,TTAGTCTACGCGACAATTAT,0,4454908
yagB_insX_yagA_predicted,0.1111111111111111,8,8,TTAGCCTGGCAGTGCGCATG,0,4456126
yagB_insX_yagA_predicted,0.1111111111111111,8,8,TTAGAGTCCAAGGGGGTAAG,0,4452222
yagB_insX_yagA_predicted,0.1111111111111111,8,8,TTAGACCTGGCTTTATATTA,0,4437941
yagB_insX_yagA_predicted,0.1111111111111111,8,8,TTACGGTGTAACTACTCTAG,0,4457915
yagB_insX_yagA_predicted,0.1111111111111111,8,8,TTACGGAGGTGTCAGGTACG,0,4447232
yagB_insX_yagA_predicted,0.1111111111111111,8,8,TTACGCTTTCGGTGTACGCT,0,4440563
yagB_insX_yagA_predicted,0.1111111111111111,8,8,TGTTTTGAGCTAGCGGATCA,0,4459786
yagB_insX_yagA_predicted,0.1111111111111111,8,8,TGTTTCGTACTAGCCAGGCT,0,4464970
yagB_insX_yagA_predicted,0.1111111111111111,8,8,TGTTGGGGGCATGGACGTTT,0,4463465
yagB_insX_yagA_predicted,0.1111111111111111,8,8,TGTTCACGTTAATGGCCAAC,0,4458900
yagB_insX_yagA_predicted,0.1111111111111111,8,8,TGTTATCGTCTCACGAATGG,0,4470664
yagB_insX_yagA_predicted,0.1111111111111111,8,8,TGTGGGTGGTGTTAGTTGCA,0,4455198
yagB_insX_yagA_predicted,0.1111111111111111,8,8,TGTGGGACATGTTGTGTTTT,0,4452246
yagB_insX_yagA_predicted,0.1111111111111111,8,8,TGTGCATCGATTCATCACGT,0,4470252
yagB_insX_yagA_predicted,0.1111111111111111,8,8,TGTGATACGGTAGGGTCGAA,0,4472428
yagB_insX_yagA_predicted,0.1111111111111111,8,8,TGTCTGGAAGCGTGGCTGTA,0,4462367
yagB_insX_yagA_predicted,0.1111111111111111,8,8,TGTCTATCGTAAACTCAGGT,0,4467422
yagB_insX_yagA_predicted,0.1111111111111111,8,8,TGTCATTTGGGCCATTTCTG,0,4466634
yagB_insX_yagA_predicted,0.1111111111111111,8,8,TGTCATCATACCCACGGCTA,0,4442080
yagB_insX_yagA_predicted,0.1111111111111111,8,8,TGTATTAGACAGAGCATGAG,0,4448724
yagB_insX_yagA_predicted,0.1111111111111111,8,8,TGTAGTTTCATCATCATCGA,0,4449405
yagB_insX_yagA_predicted,0.1111111111111111,8,8,TGTAGTATCGTAAAACATGG,0,4449058
yagB_insX_yagA_predicted,0.1111111111111111,8,8,TGTAGGCGTTTCCCCACCTC,0,4456532
yagB_insX_yagA_predicted,0.1111111111111111,8,8,TGTACCCACGCATCCCGCTG,0,4469343
yagB_insX_yagA_predicted,0.1111111111111111,8,8,TGTACAGTTTGATGGCGTTA,0,4461686
yagB_insX_yagA_predicted,0.1111111111111111,8,8,TGGTGCTTTCATGTTAAAAC,0,4466278
yagB_insX_yagA_predicted,0.1111111111111111,8,8,TGGGGGCGTGAGTTCACAGT,0,4459453
yagB_insX_yagA_predicted,0.1111111111111111,8,8,TGGGGCGCATAATTCGAGGC,0,4464392
yagB_insX_yagA_predicted,0.1111111111111111,8,8,TGGGGAATATTTGCGCATGA,0,4451777
yagB_insX_yagA_predicted,0.1111111111111111,8,8,TGGGATTGCGTTAAAATATA,0,4439529
yagB_insX_yagA_predicted,0.1111111111111111,8,8,TGGGATGGCTGTAAGCGCTT,0,4449790
yagB_insX_yagA_predicted,0.1111111111111111,8,8,TGGGATATAAACGCAATGTT,0,4451495
yagB_insX_yagA_predicted,0.1111111111111111,8,8,TGGGACTTTGATTGAAAGTG,0,4448654
yagB_insX_yagA_predicted,0.1111111111111111,8,8,TGGCTGAGGCAGTTGGGGAG,0,4445729
yagB_insX_yagA_predicted,0.1111111111111111,8,8,TGGCCATAGACAGCGGAAGT,0,4456996
yagB_insX_yagA_predicted,0.1111111111111111,8,8,TGGAGACGTGGGTGGTTGGC,0,4443216
yagB_insX_yagA_predicted,0.1111111111111111,8,8,TGCTTTTGGATAGCGTTTGG,0,4466506
yagB_insX_yagA_predicted,0.1111111111111111,8,8,TGCTTCAAATCCGTTGAGTC,0,4436353
yagB_insX_yagA_predicted,0.1111111111111111,8,8,TGCTATTGTCCCCGTCTTAA,0,4456141
yagB_insX_yagA_predicted,0.1111111111111111,8,8,TGCTAGCTATACGTGGTGGG,0,4462775
yagB_insX_yagA_predicted,0.1111111111111111,8,8,TGCGGGAAGGAAAGAAAGCA,0,4459156
yagB_insX_yagA_predicted,0.1111111111111111,8,8,TGCGCTTAGGTAGGCGCAGA,0,4463217
yagB_insX_yagA_predicted,0.1111111111111111,8,8,TGCGACACATGTCGGTCGCG,0,4447230
yagB_insX_yagA_predicted,0.1111111111111111,8,8,TGCCGAGTATGCCCCTTGCT,0,4471107
yagB_insX_yagA_predicted,0.1111111111111111,8,8,TGCCCGTCATAACGCTCAGG,0,4442274
yagB_insX_yagA_predicted,0.1111111111111111,8,8,TGCCCGCAACTTTCTGTAGT,0,4436713
yagB_insX_yagA_predicted,0.1111111111111111,8,8,TGCCCCTGCGCCCACATTAA,0,4461144
yagB_insX_yagA_predicted,0.1111111111111111,8,8,TGCAGACAGGAAATCGGAAT,0,4464994
yagB_insX_yagA_predicted,0.1111111111111111,8,8,TGCAACCGCAATGTTAGCGT,0,4458350
yagB_insX_yagA_predicted,0.1111111111111111,8,8,TGATTTAAACTAAATGAGTG,0,4447965
yagB_insX_yagA_predicted,0.1111111111111111,8,8,TGACTAAGAAATTTAGGGGT,0,4465583
yagB_insX_yagA_predicted,0.1111111111111111,8,8,TCTTTCTCTGTGCTGGGATG,0,4469289
yagB_insX_yagA_predicted,0.1111111111111111,8,8,TCTTGTCAGGTGATTGCCAA,0,4457863
yagB_insX_yagA_predicted,0.1111111111111111,8,8,TCTGTTTCCCATAATCTTAA,0,4469416
yagB_insX_yagA_predicted,0.1111111111111111,8,8,TCTGCAATTCGCCGTACGTG,0,4455825
yagB_insX_yagA_predicted,0.1111111111111111,8,8,TCTGATCCAAACTGAGGTAC,0,4460792
yagB_insX_yagA_predicted,0.1111111111111111,8,8,TCGTAGAAGTATGCAACTGA,0,4448473
yagB_insX_yagA_predicted,0.1111111111111111,8,8,TCGGGGAATCGATATATGTT,0,4469103
yagB_insX_yagA_predicted,0.1111111111111111,8,8,TCGGCCCGGACGCCCTCATT,0,4466486
yagB_insX_yagA_predicted,0.1111111111111111,8,8,TCGCGCCCTCTGCTAGCCGG,0,4447062
yagB_insX_yagA_predicted,0.1111111111111111,8,8,TCCTTGACTTTTTCTGTTTC,0,4459501
yagB_insX_yagA_predicted,0.1111111111111111,8,8,TCCGTTTGTTAATTATCCAC,0,4453755
yagB_insX_yagA_predicted,0.1111111111111111,8,8,TCCGGTCCCTGACTGTGAAT,0,4461248
yagB_insX_yagA_predicted,0.1111111111111111,8,8,TCCCGGAGGACTGCCACTCT,0,4452153
yagB_insX_yagA_predicted,0.1111111111111111,8,8,TCCCATGGCCAGTCGGGTAT,0,4440255
yagB_insX_yagA_predicted,0.1111111111111111,8,8,TCCCAGGTGGCATTTGAATC,0,4456699
yagB_insX_yagA_predicted,0.1111111111111111,8,8,TCCAATTAACGATCGTTTTG,0,4449453
yagB_insX_yagA_predicted,0.1111111111111111,8,8,TCAGTTAAGCGCGCATAGGT,0,4440251
yagB_insX_yagA_predicted,0.1111111111111111,8,8,TCAGTAACAAAGACCATTTT,0,4454186
yagB_insX_yagA_predicted,0.1111111111111111,8,8,TCAGGTTAGATAAACATCCA,0,4450382
yagB_insX_yagA_predicted,0.1111111111111111,8,8,TCACTTTTCGAGCATCCTTC,0,4460784
yagB_insX_yagA_predicted,0.1111111111111111,8,8,TCACCACCCAATAGTTCTCA,0,4471059
yagB_insX_yagA_predicted,0.1111111111111111,8,8,TCAATACCTATTTTGGTTAC,0,4453091
yagB_insX_yagA_predicted,0.1111111111111111,8,8,TATTGCTTGACATATCCGCA,0,4459274
yagB_insX_yagA_predicted,0.1111111111111111,8,8,TATGTTCGGAACTATTTTCA,0,4472103
yagB_insX_yagA_predicted,0.1111111111111111,8,8,TATGCCAGGAGAGAAACCTC,0,4446144
yagB_insX_yagA_predicted,0.1111111111111111,8,8,TATCTAGATAACGGGCGGGG,0,4441018
yagB_insX_yagA_predicted,0.1111111111111111,8,8,TATCGGAACGCCACACCAGG,0,4464367
yagB_insX_yagA_predicted,0.1111111111111111,8,8,TATAGTGCTTGGACAAGGCG,0,4453063
yagB_insX_yagA_predicted,0.1111111111111111,8,8,TATAGTCGAACGAGGATATG,0,4468989
yagB_insX_yagA_predicted,0.1111111111111111,8,8,TATAATCGAGTGCGGGTTAA,0,4472180
yagB_insX_yagA_predicted,0.1111111111111111,8,8,TAGGTTGCGCTATAGTGTGA,0,4446586
yagB_insX_yagA_predicted,0.1111111111111111,8,8,TAGGTCCCAGAGCGATCAAA,0,4444023
yagB_insX_yagA_predicted,0.1111111111111111,8,8,TAGGCGAGCAGACCTCTGAC,0,4443357
yagB_insX_yagA_predicted,0.1111111111111111,8,8,TAGCACTCCTGCCATCTAAT,0,4467029
yagB_insX_yagA_predicted,0.1111111111111111,8,8,TAGAGGGAGCGGACCGTCAT,0,4452141
yagB_insX_yagA_predicted,0.1111111111111111,8,8,TAGAGACGTCGGGCCGTCAA,0,4453351
yagB_insX_yagA_predicted,0.1111111111111111,8,8,TACTGTAGGCTTTCCATCAG,0,4468090
yagB_insX_yagA_predicted,0.1111111111111111,8,8,TACGGACTTATGTGAACGCC,0,4458196
yagB_insX_yagA_predicted,0.1111111111111111,8,8,TACCTCTTTTGGTCCATAAA,0,4437147
yagB_insX_yagA_predicted,0.1111111111111111,8,8,TACCCGGGGTCGTAGTAACT,0,4456081
yagB_insX_yagA_predicted,0.1111111111111111,8,8,TACCCAATTGAAAGTTAGGG,0,4436949
yagB_insX_yagA_predicted,0.1111111111111111,8,8,TACAGCCAGCTATTAGGATG,0,4471946
yagB_insX_yagA_predicted,0.1111111111111111,8,8,TACACCCTTGAGGGCTATCT,0,4447975
yagB_insX_yagA_predicted,0.1111111111111111,8,8,TAATTCGAGGCCCGCGTTAC,0,4460931
yagB_insX_yagA_predicted,0.1111111111111111,8,8,TAAGGTATCATTTCTCAGCT,0,4449282
yagB_insX_yagA_predicted,0.1111111111111111,8,8,TAAGACCAGCGCGTACTCAT,0,4447234
yagB_insX_yagA_predicted,0.1111111111111111,8,8,TAAGAACCTCACCAATTGTT,0,4447106
yagB_insX_yagA_predicted,0.1111111111111111,8,8,TAACGTTGTGTCGCCTTCAC,0,4469889
yagB_insX_yagA_predicted,0.1111111111111111,8,8,TAACCGTGGGCAGGCCCCAA,0,4467618
yagB_insX_yagA_predicted,0.1111111111111111,8,8,TAAACGTCGGCCGCGCGTGT,0,4443719
yagB_insX_yagA_predicted,0.1111111111111111,8,8,GTTTGACTCATCACGACACC,0,4456665
yagB_insX_yagA_predicted,0.1111111111111111,8,8,GTTTCGTAAAAACGCAGCCA,0,4464014
yagB_insX_yagA_predicted,0.1111111111111111,8,8,GTTGTCTAGACACCTCGCCT,0,4447014
yagB_insX_yagA_predicted,0.1111111111111111,8,8,GTTGTATAATAACGGTTCAG,0,4461505
yagB_insX_yagA_predicted,0.1111111111111111,8,8,GTTGGGTCTAAGGCATAGGA,0,4461976
yagB_insX_yagA_predicted,0.1111111111111111,8,8,GTTGCGGAAGCGCAGCTGAA,0,4465301
yagB_insX_yagA_predicted,0.1111111111111111,8,8,GTTGCCTAGCTTTTCTTAAG,0,4441486
yagB_insX_yagA_predicted,0.1111111111111111,8,8,GTTCAGACTGTAGGGTATAC,0,4442206
yagB_insX_yagA_predicted,0.1111111111111111,8,8,GTTCAGACGAAGGCTCATGA,0,4464236
yagB_insX_yagA_predicted,0.1111111111111111,8,8,GTTAAAGGTGCGAATCCAAT,0,4460715
yagB_insX_yagA_predicted,0.1111111111111111,8,8,GTGTTAGAACAATGACCGAA,0,4460472
yagB_insX_yagA_predicted,0.1111111111111111,8,8,GTGTGGTACTACCTGCATGA,0,4445603
yagB_insX_yagA_predicted,0.1111111111111111,8,8,GTGTCCGCTTTGTCCCATTT,0,4439362
yagB_insX_yagA_predicted,0.1111111111111111,8,8,GTGTATGCTTCACAGCATTA,0,4439085
yagB_insX_yagA_predicted,0.1111111111111111,8,8,GTGGTTAATTTCGTCCGCAT,0,4447003
yagB_insX_yagA_predicted,0.1111111111111111,8,8,GTGGTGGGGCGAAGCAAAGT,0,4440491
yagB_insX_yagA_predicted,0.1111111111111111,8,8,GTGGCTGGGTGTTGTAAAGG,0,4441221
yagB_insX_yagA_predicted,0.1111111111111111,8,8,GTGGCTAAAATATTCGGTCC,0,4465614
yagB_insX_yagA_predicted,0.1111111111111111,8,8,GTGGCGCATTCAGGTATGTA,0,4445076
yagB_insX_yagA_predicted,0.1111111111111111,8,8,GTGGATTTAGTACGCACGCG,0,4468906
yagB_insX_yagA_predicted,0.1111111111111111,8,8,GTGCTACAAATTTGTTGAGG,0,4451717
yagB_insX_yagA_predicted,0.1111111111111111,8,8,GTGCGAATTTTATCTCCGGG,0,4442552
yagB_insX_yagA_predicted,0.1111111111111111,8,8,GTGCCAAGCGGAAGACCCGG,0,4439148
yagB_insX_yagA_predicted,0.1111111111111111,8,8,GTGCATCGCCTGAGCGCGTG,0,4437730
yagB_insX_yagA_predicted,0.1111111111111111,8,8,GTGACCGTGGCGAGTGGGCT,0,4460772
yagB_insX_yagA_predicted,0.1111111111111111,8,8,GTCTTGATTGGCACAAGAGT,0,4467665
yagB_insX_yagA_predicted,0.1111111111111111,8,8,GTCTGGGCAGGTGACGTGTT,0,4471553
yagB_insX_yagA_predicted,0.1111111111111111,8,8,GTCTGACCATGAAACGCGGA,0,4457697
yagB_insX_yagA_predicted,0.1111111111111111,8,8,GTCTCTCCAACTTTATAGCC,0,4437148
yagB_insX_yagA_predicted,0.1111111111111111,8,8,GTCTATGGCGTTTCGCCGTT,0,4456094
yagB_insX_yagA_predicted,0.1111111111111111,8,8,GTCTACGTCTTAGAAAGATT,0,4447831
yagB_insX_yagA_predicted,0.1111111111111111,8,8,GTCCGCGCAGCCGCTGATGT,0,4459736
yagB_insX_yagA_predicted,0.1111111111111111,8,8,GTCCACTTTTCCTGGCTATG,0,4447038
yagB_insX_yagA_predicted,0.1111111111111111,8,8,GTCAAGAGCGAGGCAAATCG,0,4467254
yagB_insX_yagA_predicted,0.1111111111111111,8,8,GTATTAGACACGTTAATCTC,0,4454359
yagB_insX_yagA_predicted,0.1111111111111111,8,8,GTATGGGATACCAAACAGCT,0,4438490
yagB_insX_yagA_predicted,0.1111111111111111,8,8,GTATGGCCTGCGAGGCAAGT,0,4441238
yagB_insX_yagA_predicted,0.1111111111111111,8,8,GTATCTTAGGTTAGATGGTG,0,4464930
yagB_insX_yagA_predicted,0.1111111111111111,8,8,GTATACCGACGCAATTGTAC,0,4436394
yagB_insX_yagA_predicted,0.1111111111111111,8,8,GTAGGACTCAGTCGTTATTA,0,4438024
yagB_insX_yagA_predicted,0.1111111111111111,8,8,GTAATTAGCCCGTGATTCCT,0,4439930
yagB_insX_yagA_predicted,0.1111111111111111,8,8,GTAAACCCCCTCGACAGCCT,0,4449486
yagB_insX_yagA_predicted,0.1111111111111111,8,8,GGTGGCCCCTAAAGAGCACA,0,4439172
yagB_insX_yagA_predicted,0.1111111111111111,8,8,GGTCCTGGGGTAGGGGTTAT,0,4471523
yagB_insX_yagA_predicted,0.1111111111111111,8,8,GGTATGGACATCCGGCCGGT,0,4450479
yagB_insX_yagA_predicted,0.1111111111111111,8,8,GGTATCATTGCCCGAACTGA,0,4441119
yagB_insX_yagA_predicted,0.1111111111111111,8,8,GGGTCTACAGCAAGCCAGTA,0,4459010
yagB_insX_yagA_predicted,0.1111111111111111,8,8,GGGGGCTACTATTAGCTTAA,0,4461725
yagB_insX_yagA_predicted,0.1111111111111111,8,8,GGGGGATTCTTACAGCAATG,0,4437433
yagB_insX_yagA_predicted,0.1111111111111111,8,8,GGGGGATGTTTTCCTGTGCA,0,4439819
yagB_insX_yagA_predicted,0.1111111111111111,8,8,GGGGCAGGGGCTCACGGTGC,0,4455930
yagB_insX_yagA_predicted,0.1111111111111111,8,8,GGGGAGAAGCGCCCCGTCTG,0,4456682
yagB_insX_yagA_predicted,0.1111111111111111,8,8,GGGGACTGAACTTTCCCTCT,0,4453323
yagB_insX_yagA_predicted,0.1111111111111111,8,8,GGGGACATGCAAAATCATCG,0,4443544
yagB_insX_yagA_predicted,0.1111111111111111,8,8,GGGCTGCTTCCCTTGAAGGT,0,4461202
yagB_insX_yagA_predicted,0.1111111111111111,8,8,GGGCTCTGAGGGCCAAACGA,0,4447387
yagB_insX_yagA_predicted,0.1111111111111111,8,8,GGGCGACCTGTTGACGGTGC,0,4462162
yagB_insX_yagA_predicted,0.1111111111111111,8,8,GGGATTGAACAGGCTTCTGC,0,4451350
yagB_insX_yagA_predicted,0.1111111111111111,8,8,GGGAGGAAAAACCCTGTTTG,0,4444009
yagB_insX_yagA_predicted,0.1111111111111111,8,8,GGGACTCCGAAGCTATGTAT,0,4467596
yagB_insX_yagA_predicted,0.1111111111111111,8,8,GGCGTTCGTGCCCCTTCGTA,0,4453774
yagB_insX_yagA_predicted,0.1111111111111111,8,8,GGCGGGCCTCGCTGACACTG,0,4461561
yagB_insX_yagA_predicted,0.1111111111111111,8,8,GGCGGCTAGGATAATCATAA,0,4450588
yagB_insX_yagA_predicted,0.1111111111111111,8,8,GGCGCATCTTACTCAAGGAT,0,4455935
yagB_insX_yagA_predicted,0.1111111111111111,8,8,GGCGAACATGTACGTGACTA,0,4455199
yagB_insX_yagA_predicted,0.1111111111111111,8,8,GGCCGCTATGGAGATTGAGT,0,4443224
yagB_insX_yagA_predicted,0.1111111111111111,8,8,GGCCGATGTGATTTGGGTGC,0,4464383
yagB_insX_yagA_predicted,0.1111111111111111,8,8,GGCAGTACCGGCGTACCGGG,0,4448297
yagB_insX_yagA_predicted,0.1111111111111111,8,8,GGCAACCATCTTGACGAAGT,0,4450623
yagB_insX_yagA_predicted,0.1111111111111111,8,8,GGATCTGGAGGTGACCCGGG,0,4461481
yagB_insX_yagA_predicted,0.1111111111111111,8,8,GGATCAGCCGTTCATTTATG,0,4443437
yagB_insX_yagA_predicted,0.1111111111111111,8,8,GGAGTATTGAAAGAGTCGCA,0,4437405
yagB_insX_yagA_predicted,0.1111111111111111,8,8,GGAGTAATTCAACTGGTTTA,0,4455426
yagB_insX_yagA_predicted,0.1111111111111111,8,8,GGAGATATGTTCTTTACCAA,0,4445643
yagB_insX_yagA_predicted,0.1111111111111111,8,8,GGACGGGTAGGAGCGGTATT,0,4440172
yagB_insX_yagA_predicted,0.1111111111111111,8,8,GGACCGGGCATGAAAAGGCC,0,4443971
yagB_insX_yagA_predicted,0.1111111111111111,8,8,GGAATTCCCAGTGATTTAGA,0,4459007
yagB_insX_yagA_predicted,0.1111111111111111,8,8,GGAAGTTTGCTGGTAGACCG,0,4467324
yagB_insX_yagA_predicted,0.1111111111111111,8,8,GCTTCTTCGTCAGCTCTATC,0,4438043
yagB_insX_yagA_predicted,0.1111111111111111,8,8,GCTTCCGGTACCTTATGTTT,0,4445537
yagB_insX_yagA_predicted,0.1111111111111111,8,8,GCTTAATCCAGTTTCTCTAC,0,4471345
yagB_insX_yagA_predicted,0.1111111111111111,8,8,GCTGTTTCTTGCGTCCACCT,0,4455505
yagB_insX_yagA_predicted,0.1111111111111111,8,8,GCTGTTTAATGAATCCAACG,0,4465201
yagB_insX_yagA_predicted,0.1111111111111111,8,8,GCTGTGATCGTCTTGCACTG,0,4442530
yagB_insX_yagA_predicted,0.1111111111111111,8,8,GCTGGTGGCGTGGGGGTCGT,0,4439861
yagB_insX_yagA_predicted,0.1111111111111111,8,8,GCTGCAGACTGGGGGGTATA,0,4451968
yagB_insX_yagA_predicted,0.1111111111111111,8,8,GCTGATACTATATAGATTAA,0,4460705
yagB_insX_yagA_predicted,0.1111111111111111,8,8,GCTGAGGGCCTATGTGAGGT,0,4471871
yagB_insX_yagA_predicted,0.1111111111111111,8,8,GCTCGGTATTGAACATGGTT,0,4469554
yagB_insX_yagA_predicted,0.1111111111111111,8,8,GCTACAGGGAGATTGTGGCA,0,4449031
yagB_insX_yagA_predicted,0.1111111111111111,8,8,GCGTGTTATAGATTTGTAAC,0,4442069
yagB_insX_yagA_predicted,0.1111111111111111,8,8,GCGTCGTCTCTCCTAGCTGC,0,4445449
yagB_insX_yagA_predicted,0.1111111111111111,8,8,GCGTAGTCTGGTACACCCCA,0,4443874
yagB_insX_yagA_predicted,0.1111111111111111,8,8,GCGGTCTAAGTGCACTCCCC,0,4443222
yagB_insX_yagA_predicted,0.1111111111111111,8,8,GCGGTACAAGCGAAGCGTGT,0,4466564
yagB_insX_yagA_predicted,0.1111111111111111,8,8,GCGCCCCCGCGTAGCGCGCG,0,4453725
yagB_insX_yagA_predicted,0.1111111111111111,8,8,GCGCAGGCCATGTACGTCCC,0,4469587
yagB_insX_yagA_predicted,0.1111111111111111,8,8,GCGATACTCCACATAAGTAG,0,4471815
yagB_insX_yagA_predicted,0.1111111111111111,8,8,GCGATACGAGATGGTCGTCA,0,4459703
yagB_insX_yagA_predicted,0.1111111111111111,8,8,GCCTCTGATCTAAGGATTCT,0,4436596
yagB_insX_yagA_predicted,0.1111111111111111,8,8,GCCTATGGGATCTTCTGAGG,0,4471015
yagB_insX_yagA_predicted,0.1111111111111111,8,8,GCCGAGTCTACGATTAGTTA,0,4438596
yagB_insX_yagA_predicted,0.1111111111111111,8,8,GCCCTATTCTTCGTGCCCTA,0,4463877
yagB_insX_yagA_predicted,0.1111111111111111,8,8,GCCCGGATAGAAGAAAGTCT,0,4459623
yagB_insX_yagA_predicted,0.1111111111111111,8,8,GCCCATTGCGAAGTGGTAAG,0,4445379
yagB_insX_yagA_predicted,0.1111111111111111,8,8,GCCCAGATCGACCTATCGTA,0,4454948
yagB_insX_yagA_predicted,0.1111111111111111,8,8,GCCCAATCTAGGAGTGGCCA,0,4441583
yagB_insX_yagA_predicted,0.1111111111111111,8,8,GCCATCGTGAGAACTACTTT,0,4444378
yagB_insX_yagA_predicted,0.1111111111111111,8,8,GCCAAGAACCGATTCCCAAG,0,4458269
yagB_insX_yagA_predicted,0.1111111111111111,8,8,GCATCCGGCTCCCTGTCTGA,0,4450308
yagB_insX_yagA_predicted,0.1111111111111111,8,8,GCAGTCACGGACCCCTAATG,0,4467557
yagB_insX_yagA_predicted,0.1111111111111111,8,8,GCAATTAGATTTCAAGGGTG,0,4463343
yagB_insX_yagA_predicted,0.1111111111111111,8,8,GATTTCTAGTCAGACTAGCC,0,4436142
yagB_insX_yagA_predicted,0.1111111111111111,8,8,GATTGATATGCATGAAGGTT,0,4459765
yagB_insX_yagA_predicted,0.1111111111111111,8,8,GATTGAGTCAGAGTTTGTGA,0,4467475
yagB_insX_yagA_predicted,0.1111111111111111,8,8,GATGTGACAGAGTTTAGTTA,0,4441971
yagB_insX_yagA_predicted,0.1111111111111111,8,8,GATCTACATATGACCTAAAG,0,4446726
yagB_insX_yagA_predicted,0.1111111111111111,8,8,GATCATGGATCGAGTGTCCC,0,4467867
yagB_insX_yagA_predicted,0.1111111111111111,8,8,GATCACTGCTTCTGTGTAGA,0,4450786
yagB_insX_yagA_predicted,0.1111111111111111,8,8,GATATGGGCTGGGGTGAACT,0,4457443
yagB_insX_yagA_predicted,0.1111111111111111,8,8,GATACTTCACTTGCCCTGGC,0,4440306
yagB_insX_yagA_predicted,0.1111111111111111,8,8,GATACAAAGTTCGTGACCTT,0,4438131
yagB_insX_yagA_predicted,0.1111111111111111,8,8,GAGGCGCGTAGGTTGCAGAG,0,4470838
yagB_insX_yagA_predicted,0.1111111111111111,8,8,GAGCGGTGCACTGTCACTCC,0,4466791
yagB_insX_yagA_predicted,0.1111111111111111,8,8,GAGCGCACTAACGATGACGA,0,4466106
yagB_insX_yagA_predicted,0.1111111111111111,8,8,GAGCGAGTGGCCTTCGTATC,0,4436337
yagB_insX_yagA_predicted,0.1111111111111111,8,8,GAGCACGTGCCCGTGTGTAA,0,4454133
yagB_insX_yagA_predicted,0.1111111111111111,8,8,GAGAGCCGGTGCGCACTGGT,0,4459310
yagB_insX_yagA_predicted,0.1111111111111111,8,8,GAGAATGTTCCTCTTGTCTC,0,4462050
yagB_insX_yagA_predicted,0.1111111111111111,8,8,GACTATGGAATATAGTAAGG,0,4458237
yagB_insX_yagA_predicted,0.1111111111111111,8,8,GACTACCGGACCGGTCGTCA,0,4461558
yagB_insX_yagA_predicted,0.1111111111111111,8,8,GACGTGACCCTGACGTAACA,0,4452387
yagB_insX_yagA_predicted,0.1111111111111111,8,8,GACGGACTGGTCATACGGGG,0,4443551
yagB_insX_yagA_predicted,0.1111111111111111,8,8,GACAGGCGAGTGTTGAATGA,0,4442029
yagB_insX_yagA_predicted,0.1111111111111111,8,8,GACAATTTCGTTCGTGCTGT,0,4471773
yagB_insX_yagA_predicted,0.1111111111111111,8,8,GAAGTCAGGCCGTGCATTCA,0,4435963
yagB_insX_yagA_predicted,0.1111111111111111,8,8,GAAGGAAGACGTGTGTTTTA,0,4450575
yagB_insX_yagA_predicted,0.1111111111111111,8,8,GAAGAATGCGTCCGGTCCTC,0,4459168
yagB_insX_yagA_predicted,0.1111111111111111,8,8,GAACCTATCCTCGTTCAGTG,0,4455443
yagB_insX_yagA_predicted,0.1111111111111111,8,8,GAAATGTGAAACCAGACAGC,0,4459526
yagB_insX_yagA_predicted,0.1111111111111111,8,8,GAAATCCGATCCGCAGTTGC,0,4459304
yagB_insX_yagA_predicted,0.1111111111111111,8,8,GAAAGACATCGTGATATCGC,0,4469168
yagB_insX_yagA_predicted,0.1111111111111111,8,8,GAAAGAACCGTGCAGAATCT,0,4449993
yagB_insX_yagA_predicted,0.1111111111111111,8,8,CTTTTGGAATTGCACCGTCA,0,4465728
yagB_insX_yagA_predicted,0.1111111111111111,8,8,CTTTTCAAATGCAAAAAGGG,0,4450722
yagB_insX_yagA_predicted,0.1111111111111111,8,8,CTTTGTCCCTGAACGGGTGG,0,4454746
yagB_insX_yagA_predicted,0.1111111111111111,8,8,CTTTGGCGACCCAGCGTCTA,0,4442311
yagB_insX_yagA_predicted,0.1111111111111111,8,8,CTTTGCGCGGCCAGGCATCC,0,4452992
yagB_insX_yagA_predicted,0.1111111111111111,8,8,CTTTACACCAAGCCTCCCAG,0,4455915
yagB_insX_yagA_predicted,0.1111111111111111,8,8,CTTGTGTTTTTGACCCGAGA,0,4469950
yagB_insX_yagA_predicted,0.1111111111111111,8,8,CTTGTAGAGCATTTATGTGT,0,4469582
yagB_insX_yagA_predicted,0.1111111111111111,8,8,CTTGGGCACAGCACATAGTA,0,4470057
yagB_insX_yagA_predicted,0.1111111111111111,8,8,CTTGCCCATCATTGTAGGCT,0,4463883
yagB_insX_yagA_predicted,0.1111111111111111,8,8,CTTGCCAAACCCAGAGGGAC,0,4451360
yagB_insX_yagA_predicted,0.1111111111111111,8,8,CTTCGCAGTTCCGGCCAAGG,0,4448519
yagB_insX_yagA_predicted,0.1111111111111111,8,8,CTTATGGCCGGGTTCGCGCG,0,4444451
yagB_insX_yagA_predicted,0.1111111111111111,8,8,CTTATACAAATTAACCGGGG,0,4441811
yagB_insX_yagA_predicted,0.1111111111111111,8,8,CTTAGCATCTAGTTGATGAC,0,4462321
yagB_insX_yagA_predicted,0.1111111111111111,8,8,CTTAGCAGTAGGACGGTGGC,0,4451496
yagB_insX_yagA_predicted,0.1111111111111111,8,8,CTTACTCTAATGCATGGCTT,0,4449308
yagB_insX_yagA_predicted,0.1111111111111111,8,8,CTTACGATCCTGTGATTTAC,0,4449338
yagB_insX_yagA_predicted,0.1111111111111111,8,8,CTTACCAAACATAGAGGTGA,0,4460621
yagB_insX_yagA_predicted,0.1111111111111111,8,8,CTGTTGTATGAGATACCTCT,0,4467399
yagB_insX_yagA_predicted,0.1111111111111111,8,8,CTGTCGTGCCTCTCTCGGGT,0,4455646
yagB_insX_yagA_predicted,0.1111111111111111,8,8,CTGTAGCGCTACTTCGGATC,0,4456490
yagB_insX_yagA_predicted,0.1111111111111111,8,8,CTGGTATCTCTCGCCAGATG,0,4449886
yagB_insX_yagA_predicted,0.1111111111111111,8,8,CTGGCGGCCATAACAGTCAG,0,4443656
yagB_insX_yagA_predicted,0.1111111111111111,8,8,CTGCCAAATCGGATACTCGA,0,4444746
yagB_insX_yagA_predicted,0.1111111111111111,8,8,CTGAGCAGAAGCCAAACCAG,0,4457143
yagB_insX_yagA_predicted,0.1111111111111111,8,8,CTCTCCGAGGTTACCTTAAC,0,4449201
yagB_insX_yagA_predicted,0.1111111111111111,8,8,CTCTACACCGAGTACATTTG,0,4468719
yagB_insX_yagA_predicted,0.1111111111111111,8,8,CTCGGAGGGGCCAGAACCGT,0,4448607
yagB_insX_yagA_predicted,0.1111111111111111,8,8,CTCCGAAGGAAAGATGCGAG,0,4462129
yagB_insX_yagA_predicted,0.1111111111111111,8,8,CTCCCACAACTCATAAACTA,0,4447948
yagB_insX_yagA_predicted,0.1111111111111111,8,8,CTATTTGGGTCTAGTTGATG,0,4438663
yagB_insX_yagA_predicted,0.1111111111111111,8,8,CTATTTACTTTCTCCCAAGG,0,4456736
yagB_insX_yagA_predicted,0.1111111111111111,8,8,CTATTCTCCGCTGCTGAAAC,0,4470363
yagB_insX_yagA_predicted,0.1111111111111111,8,8,CTATTCACTCATCTACATGT,0,4471591
yagB_insX_yagA_predicted,0.1111111111111111,8,8,CTAGGTCCACGCATTAGTAA,0,4470667
yagB_insX_yagA_predicted,0.1111111111111111,8,8,CTACTGTGTCGAGGCCCTTC,0,4462719
yagB_insX_yagA_predicted,0.1111111111111111,8,8,CTACCTGAAGCGATCTTCTA,0,4449170
yagB_insX_yagA_predicted,0.1111111111111111,8,8,CTACAAACTTCCGCCTCGAT,0,4463336
yagB_insX_yagA_predicted,0.1111111111111111,8,8,CTAAGTGAGCTAGACACGCC,0,4447625
yagB_insX_yagA_predicted,0.1111111111111111,8,8,CTAAGCAGGCGAAGGCTAAG,0,4452316
yagB_insX_yagA_predicted,0.1111111111111111,8,8,CGTTCGGCCCTACGTTGGCT,0,4459905
yagB_insX_yagA_predicted,0.1111111111111111,8,8,CGTTCCCTAGCACGTTCGTT,0,4436755
yagB_insX_yagA_predicted,0.1111111111111111,8,8,CGTGTTCGCGTCTATCTCGT,0,4454839
yagB_insX_yagA_predicted,0.1111111111111111,8,8,CGTCTTCGAAAAGGTAGGTG,0,4470020
yagB_insX_yagA_predicted,0.1111111111111111,8,8,CGTCACGACAAGGATTGTTG,0,4451793
yagB_insX_yagA_predicted,0.1111111111111111,8,8,CGTACCATGGGGAATATTAA,0,4458528
yagB_insX_yagA_predicted,0.1111111111111111,8,8,CGGTGGCCCCTATACTACGT,0,4447879
yagB_insX_yagA_predicted,0.1111111111111111,8,8,CGGTGAATTCGGCGACCCGT,0,4442328
yagB_insX_yagA_predicted,0.1111111111111111,8,8,CGGTCACCTGCGTATTGTCA,0,4464166
yagB_insX_yagA_predicted,0.1111111111111111,8,8,CGGTAAATATGGTCAAACGA,0,4472445
yagB_insX_yagA_predicted,0.1111111111111111,8,8,CGGGTAGTATCGCATAACTA,0,4437322
yagB_insX_yagA_predicted,0.1111111111111111,8,8,CGGGTAAGTGCCCCCCTGCA,0,4442414
yagB_insX_yagA_predicted,0.1111111111111111,8,8,CGGGCAGACAAGCGTAGTGA,0,4455802
yagB_insX_yagA_predicted,0.1111111111111111,8,8,CGGGCACGATTCAAACAGTA,0,4456334
yagB_insX_yagA_predicted,0.1111111111111111,8,8,CGGGACATACGTTTTTGCGA,0,4469340
yagB_insX_yagA_predicted,0.1111111111111111,8,8,CGGCATTATGCTCTAATCAT,0,4445193
yagB_insX_yagA_predicted,0.1111111111111111,8,8,CGGCAACATGTTAAAGTGTG,0,4452310
yagB_insX_yagA_predicted,0.1111111111111111,8,8,CGGCAAAGGCTCGAAAAGGG,0,4441086
yagB_insX_yagA_predicted,0.1111111111111111,8,8,CGGAACGTAAGTCCGGGGAT,0,4460971
yagB_insX_yagA_predicted,0.1111111111111111,8,8,CGCTCGCGCGCACCCTGATT,0,4448468
yagB_insX_yagA_predicted,0.1111111111111111,8,8,CGCTCCGGCTCTTGGTTGCA,0,4454705
yagB_insX_yagA_predicted,0.1111111111111111,8,8,CGCTAAGTTTCCGCAGATGC,0,4446922
yagB_insX_yagA_predicted,0.1111111111111111,8,8,CGCGTAGTAACAACTGATTG,0,4471699
yagB_insX_yagA_predicted,0.1111111111111111,8,8,CGCGTAGCATCGCATTGGCT,0,4469794
yagB_insX_yagA_predicted,0.1111111111111111,8,8,CGCGACAATTCCAATACTAT,0,4464222
yagB_insX_yagA_predicted,0.1111111111111111,8,8,CGCCACAAAGAGGGACAATA,0,4444065
yagB_insX_yagA_predicted,0.1111111111111111,8,8,CGCAGGTGTAGCTAGAATAC,0,4454759
yagB_insX_yagA_predicted,0.1111111111111111,8,8,CGATTTAGTATAGGCCAACC,0,4451364
yagB_insX_yagA_predicted,0.1111111111111111,8,8,CGATCAACATTTGACACGGG,0,4454095
yagB_insX_yagA_predicted,0.1111111111111111,8,8,CGAGCTAGTTTGCGCATTCC,0,4441289
yagB_insX_yagA_predicted,0.1111111111111111,8,8,CGAGCTAACTCCCCGTGTAA,0,4446186
yagB_insX_yagA_predicted,0.1111111111111111,8,8,CGACCCGTTCACGTCAAAAA,0,4446547
yagB_insX_yagA_predicted,0.1111111111111111,8,8,CGACAGTCCACGACAATCTA,0,4437517
yagB_insX_yagA_predicted,0.1111111111111111,8,8,CCTTACCCATCGCAACAAGC,0,4472277
yagB_insX_yagA_predicted,0.1111111111111111,8,8,CCTGGAGCCCTGATGAGATT,0,4437653
yagB_insX_yagA_predicted,0.1111111111111111,8,8,CCTGCATAGCTACGTCAGAA,0,4465438
yagB_insX_yagA_predicted,0.1111111111111111,8,8,CCTCATATTTCGAGTTCATA,0,4455758
yagB_insX_yagA_predicted,0.1111111111111111,8,8,CCTACTCTGTGTTAATCGAT,0,4453358
yagB_insX_yagA_predicted,0.1111111111111111,8,8,CCTAATGGGCTCATACAAAA,0,4466536
yagB_insX_yagA_predicted,0.1111111111111111,8,8,CCGTAGGTAGATGCGCCCGA,0,4470343
yagB_insX_yagA_predicted,0.1111111111111111,8,8,CCGGGTCGAAATTATTCAAT,0,4470237
yagB_insX_yagA_predicted,0.1111111111111111,8,8,CCGGGCGTTCGAGATCTAGG,0,4453837
yagB_insX_yagA_predicted,0.1111111111111111,8,8,CCGGGCCTTGCACACGCGGG,0,4444503
yagB_insX_yagA_predicted,0.1111111111111111,8,8,CCGGACCCTACCCGGATTTA,0,4464883
yagB_insX_yagA_predicted,0.1111111111111111,8,8,CCGCAGGAGATAGCATAGGC,0,4443999
yagB_insX_yagA_predicted,0.1111111111111111,8,8,CCGCACCCCGTTTAACGTGG,0,4438423
yagB_insX_yagA_predicted,0.1111111111111111,8,8,CCGATGGCTAAACTGGTTCT,0,4438390
yagB_insX_yagA_predicted,0.1111111111111111,8,8,CCGACTTCCAGCAATCAACC,0,4448048
yagB_insX_yagA_predicted,0.1111111111111111,8,8,CCGACCGTTGGATCAAGGGC,0,4445322
yagB_insX_yagA_predicted,0.1111111111111111,8,8,CCGAATTGATAGGACCGGTT,0,4471474
yagB_insX_yagA_predicted,0.1111111111111111,8,8,CCGAAGGTGGCATACTATAC,0,4439757
yagB_insX_yagA_predicted,0.1111111111111111,8,8,CCCTTGGGCTGTACCAACGC,0,4451609
yagB_insX_yagA_predicted,0.1111111111111111,8,8,CCCTCACCACGCAATCTTTC,0,4453320
yagB_insX_yagA_predicted,0.1111111111111111,8,8,CCCAGGTTAGGTGAAGTGGG,0,4452722
yagB_insX_yagA_predicted,0.1111111111111111,8,8,CCCAGGGGATCCGGCAACGT,0,4466162
yagB_insX_yagA_predicted,0.1111111111111111,8,8,CCATTCGTCGCTTGGAGCTT,0,4439860
yagB_insX_yagA_predicted,0.1111111111111111,8,8,CCAGCTAGTGGCCGGCGAGG,0,4453693
yagB_insX_yagA_predicted,0.1111111111111111,8,8,CCACCGCCAATTCTCTCGCA,0,4460478
yagB_insX_yagA_predicted,0.1111111111111111,8,8,CCACCGAGGAATTCGCGACC,0,4454407
yagB_insX_yagA_predicted,0.1111111111111111,8,8,CCACACGTTGAGCGTGGAAC,0,4436198
yagB_insX_yagA_predicted,0.1111111111111111,8,8,CCACAATCCGATAACCGCTC,0,4451629
yagB_insX_yagA_predicted,0.1111111111111111,8,8,CCAATCAATCGCTGAGTTAG,0,4465406
yagB_insX_yagA_predicted,0.1111111111111111,8,8,CATTCTATCGACGTCATGTA,0,4440628
yagB_insX_yagA_predicted,0.1111111111111111,8,8,CATGGGGGTGCGCTATAGAC,0,4456107
yagB_insX_yagA_predicted,0.1111111111111111,8,8,CATGCTAGTGTTTTAGACGG,0,4465630
yagB_insX_yagA_predicted,0.1111111111111111,8,8,CATCTTATTGCGACGGACAT,0,4456169
yagB_insX_yagA_predicted,0.1111111111111111,8,8,CATCTCAGCATAGCCGATTG,0,4455861
yagB_insX_yagA_predicted,0.1111111111111111,8,8,CATCGGAGAAGGTCCATAGT,0,4441580
yagB_insX_yagA_predicted,0.1111111111111111,8,8,CATCCGTATTTAGTAGAAAC,0,4446995
yagB_insX_yagA_predicted,0.1111111111111111,8,8,CATACGAGATAAAGCTAGGC,0,4451776
yagB_insX_yagA_predicted,0.1111111111111111,8,8,CAGTGGGAACCCCTTATTTA,0,4450187
yagB_insX_yagA_predicted,0.1111111111111111,8,8,CAGTCTTACGTGAGTCCTTA,0,4471689
yagB_insX_yagA_predicted,0.1111111111111111,8,8,CAGTCCTAGGAGCCCTGCTT,0,4437581
yagB_insX_yagA_predicted,0.1111111111111111,8,8,CAGTCACAAATCAGACCGCG,0,4459063
yagB_insX_yagA_predicted,0.1111111111111111,8,8,CAGGTAACACCATTCCTAAG,0,4466245
yagB_insX_yagA_predicted,0.1111111111111111,8,8,CAGCGCCAGGAAGGTTGCGA,0,4461074
yagB_insX_yagA_predicted,0.1111111111111111,8,8,CAGCGATCCAGGGAATGTGT,0,4470905
yagB_insX_yagA_predicted,0.1111111111111111,8,8,CAGACGGTCATAAAGCGTAA,0,4441404
yagB_insX_yagA_predicted,0.1111111111111111,8,8,CAGACGATCAACGGCACCTT,0,4450998
yagB_insX_yagA_predicted,0.1111111111111111,8,8,CACTTATGGGGGTAGTCAAC,0,4460294
yagB_insX_yagA_predicted,0.1111111111111111,8,8,CACTGCGTTTCCATTAATCA,0,4436357
yagB_insX_yagA_predicted,0.1111111111111111,8,8,CACGCCACAGGTCTGTTCCC,0,4448095
yagB_insX_yagA_predicted,0.1111111111111111,8,8,CACGCAAGTGATAATTCAGG,0,4461913
yagB_insX_yagA_predicted,0.1111111111111111,8,8,CACCTGTAGTTGTAAAAGAG,0,4438280
yagB_insX_yagA_predicted,0.1111111111111111,8,8,CACCTCTAAATCGAACCCAT,0,4441835
yagB_insX_yagA_predicted,0.1111111111111111,8,8,CACCGTGCCATTCTCAGTTA,0,4470595
yagB_insX_yagA_predicted,0.1111111111111111,8,8,CACAATGCTGAATGTTAAAA,0,4440921
yagB_insX_yagA_predicted,0.1111111111111111,8,8,CAATGGCATGGAATACATAC,0,4441255
yagB_insX_yagA_predicted,0.1111111111111111,8,8,CAATGCACACGTTTGGAATG,0,4442520
yagB_insX_yagA_predicted,0.1111111111111111,8,8,CAATAGAGGAGATATCGATT,0,4436641
yagB_insX_yagA_predicted,0.1111111111111111,8,8,CAAGGAACTCAGAGTTTTCA,0,4467637
yagB_insX_yagA_predicted,0.1111111111111111,8,8,CAACTCTGTACTACGATGCT,0,4440163
yagB_insX_yagA_predicted,0.1111111111111111,8,8,CAACGGAGATGTCGGCGGGA,0,4460444
yagB_insX_yagA_predicted,0.1111111111111111,8,8,CAACCGCACCTCCGGTCATC,0,4468790
yagB_insX_yagA_predicted,0.1111111111111111,8,8,CAAATGTGCGTGACGGCCAC,0,4453751
yagB_insX_yagA_predicted,0.1111111111111111,8,8,CAAATAGTATAGCTAGGGGG,0,4457094
yagB_insX_yagA_predicted,0.1111111111111111,8,8,CAAAGGCGCTCACGTCGGGC,0,4468134
yagB_insX_yagA_predicted,0.1111111111111111,8,8,CAAAAGGTACCCACTGACTT,0,4448288
yagB_insX_yagA_predicted,0.1111111111111111,8,8,CAAAACCGGTCTGTCTATTA,0,4456812
yagB_insX_yagA_predicted,0.1111111111111111,8,8,CAAAACCATGTCTCACACAA,0,4446136
yagB_insX_yagA_predicted,0.1111111111111111,8,8,ATTTTGAGATGCGCACGATT,0,4444404
yagB_insX_yagA_predicted,0.1111111111111111,8,8,ATTTTCTAAATCAGTAGTTA,0,4466075
yagB_insX_yagA_predicted,0.1111111111111111,8,8,ATTTTAGAGACTCGACAGTT,0,4447953
yagB_insX_yagA_predicted,0.1111111111111111,8,8,ATTTCTTGCCTGAGCCTTGT,0,4450903
yagB_insX_yagA_predicted,0.1111111111111111,8,8,ATTGTTCTTGCGCAGAAGCT,0,4446484
yagB_insX_yagA_predicted,0.1111111111111111,8,8,ATTGTGTAAACAGCGCCTGA,0,4467100
yagB_insX_yagA_predicted,0.1111111111111111,8,8,ATTCCTGGCATGCGGCTCCT,0,4456529
yagB_insX_yagA_predicted,0.1111111111111111,8,8,ATTCCGGGCCCGTGGCTTCT,0,4469879
yagB_insX_yagA_predicted,0.1111111111111111,8,8,ATTCCACACCCGTGGGTCAT,0,4441311
yagB_insX_yagA_predicted,0.1111111111111111,8,8,ATTCATTATGGTATGGAATC,0,4463625
yagB_insX_yagA_predicted,0.1111111111111111,8,8,ATTCATTAGGCCCATTCATA,0,4460352
yagB_insX_yagA_predicted,0.1111111111111111,8,8,ATTAGAGGTTGTGTTCTCAC,0,4447759
yagB_insX_yagA_predicted,0.1111111111111111,8,8,ATTACCATCACGTGTCTTCA,0,4467784
yagB_insX_yagA_predicted,0.1111111111111111,8,8,ATTAAGCTAAACCCGGGTAT,0,4465952
yagB_insX_yagA_predicted,0.1111111111111111,8,8,ATGTTGTTTATCCGGCCCAC,0,4463164
yagB_insX_yagA_predicted,0.1111111111111111,8,8,ATGGCGAAATAAGCTAGGCT,0,4465605
yagB_insX_yagA_predicted,0.1111111111111111,8,8,ATGGAGACTGCCAAGCGCTC,0,4441142
yagB_insX_yagA_predicted,0.1111111111111111,8,8,ATGATGAGCCTTGCGACAGT,0,4451642
yagB_insX_yagA_predicted,0.1111111111111111,8,8,ATGAACGGCTTATGGATAGA,0,4453417
yagB_insX_yagA_predicted,0.1111111111111111,8,8,ATGAACCCGAGCATAGGCCT,0,4437956
yagB_insX_yagA_predicted,0.1111111111111111,8,8,ATCTGGTTACATCCAATGAT,0,4452725
yagB_insX_yagA_predicted,0.1111111111111111,8,8,ATCTCCTGCAATTCTCCCAA,0,4440746
yagB_insX_yagA_predicted,0.1111111111111111,8,8,ATCGTTCTTACCAACGTTGT,0,4471931
yagB_insX_yagA_predicted,0.1111111111111111,8,8,ATCGGAGTCTGGATTGTGTT,0,4446269
yagB_insX_yagA_predicted,0.1111111111111111,8,8,ATCGGAGGAGAAGCTATTCT,0,4458040
yagB_insX_yagA_predicted,0.1111111111111111,8,8,ATCGCATCCGCGGGAAGTGT,0,4469311
yagB_insX_yagA_predicted,0.1111111111111111,8,8,ATCCTAGCAACCCAGCACCT,0,4463694
yagB_insX_yagA_predicted,0.1111111111111111,8,8,ATCCGGTCCCAAAAATCCCG,0,4468451
yagB_insX_yagA_predicted,0.1111111111111111,8,8,ATCCCGTATTGCAGAACTGA,0,4438593
yagB_insX_yagA_predicted,0.1111111111111111,8,8,ATCAGCATCCTCATAATTTC,0,4462122
yagB_insX_yagA_predicted,0.1111111111111111,8,8,ATCACACATCGCGCTATGAC,0,4444329
yagB_insX_yagA_predicted,0.1111111111111111,8,8,ATAGGCATACCATCGTATCC,0,4441616
yagB_insX_yagA_predicted,0.1111111111111111,8,8,ATAGCTCCAACGTTGGAAGG,0,4447664
yagB_insX_yagA_predicted,0.1111111111111111,8,8,ATAGATGTGGAACGTCATCC,0,4438767
yagB_insX_yagA_predicted,0.1111111111111111,8,8,ATACTGATTTATCTCGAGGC,0,4436776
yagB_insX_yagA_predicted,0.1111111111111111,8,8,ATACACCTATCAAATTCCCC,0,4452035
yagB_insX_yagA_predicted,0.1111111111111111,8,8,ATAATACATCTGACTATCTA,0,4436432
yagB_insX_yagA_predicted,0.1111111111111111,8,8,ATAAGCGTATCCTCGTAAAG,0,4470606
yagB_insX_yagA_predicted,0.1111111111111111,8,8,AGTTTTGGCTGTTCCAGGGT,0,4446079
yagB_insX_yagA_predicted,0.1111111111111111,8,8,AGTTACTGTGGCAAATTCAT,0,4446328
yagB_insX_yagA_predicted,0.1111111111111111,8,8,AGTGTCCGTCAATTTTCTAC,0,4459103
yagB_insX_yagA_predicted,0.1111111111111111,8,8,AGTGATCTATCAATCCATAT,0,4463520
yagB_insX_yagA_predicted,0.1111111111111111,8,8,AGTAGAGTTCGGGGCGCAGG,0,4465643
yagB_insX_yagA_predicted,0.1111111111111111,8,8,AGGTTGTGGTCAGGTGAGAA,0,4448838
yagB_insX_yagA_predicted,0.1111111111111111,8,8,AGGGTGGGAATATTCTGTCG,0,4450121
yagB_insX_yagA_predicted,0.1111111111111111,8,8,AGGGTATCGAGCCGGATGAG,0,4470629
yagB_insX_yagA_predicted,0.1111111111111111,8,8,AGGGTAAACTAAAGAAGAGC,0,4466757
yagB_insX_yagA_predicted,0.1111111111111111,8,8,AGGGAACACCCTACTTTCTG,0,4447869
yagB_insX_yagA_predicted,0.1111111111111111,8,8,AGGCTACCGTAATTGCTAGC,0,4437527
yagB_insX_yagA_predicted,0.1111111111111111,8,8,AGGAGCGGGTAGGGTATGCT,0,4451285
yagB_insX_yagA_predicted,0.1111111111111111,8,8,AGGACAGCTGTTTGTCTTCT,0,4464680
yagB_insX_yagA_predicted,0.1111111111111111,8,8,AGGAATCGAATTATCTTTCT,0,4458346
yagB_insX_yagA_predicted,0.1111111111111111,8,8,AGGAACAGCAGCTACTCTTA,0,4447158
yagB_insX_yagA_predicted,0.1111111111111111,8,8,AGCTATAGAAGGTGCGCCTT,0,4452636
yagB_insX_yagA_predicted,0.1111111111111111,8,8,AGCCGGGGACTGAGGATTGC,0,4467506
yagB_insX_yagA_predicted,0.1111111111111111,8,8,AGCAGCACAACAAGCATATT,0,4442521
yagB_insX_yagA_predicted,0.1111111111111111,8,8,AGCAGACGGGAGGCTTAAGA,0,4461902
yagB_insX_yagA_predicted,0.1111111111111111,8,8,AGCAAGGGGAGTAGTTTAAT,0,4458610
yagB_insX_yagA_predicted,0.1111111111111111,8,8,AGATTAGTCATAGTGATAAT,0,4452826
yagB_insX_yagA_predicted,0.1111111111111111,8,8,AGATCACAACCCGAACCGTG,0,4456340
yagB_insX_yagA_predicted,0.1111111111111111,8,8,AGAGGTCCCAGAGTGGTTGA,0,4448314
yagB_insX_yagA_predicted,0.1111111111111111,8,8,AGAGGGGAAGTGGATCATCA,0,4453606
yagB_insX_yagA_predicted,0.1111111111111111,8,8,AGAGCCCCCCAGATACGGAG,0,4437274
yagB_insX_yagA_predicted,0.1111111111111111,8,8,AGAGAGTACACGTGTATTGG,0,4465705
yagB_insX_yagA_predicted,0.1111111111111111,8,8,AGACTAAATATGGTTGCTTA,0,4436144
yagB_insX_yagA_predicted,0.1111111111111111,8,8,AGACAACATTGCTGTCAGCT,0,4454695
yagB_insX_yagA_predicted,0.1111111111111111,8,8,AGACAAAACTTGTACGGCGA,0,4447078
yagB_insX_yagA_predicted,0.1111111111111111,8,8,AGAATGGGAGGCCTGACGTC,0,4443846
yagB_insX_yagA_predicted,0.1111111111111111,8,8,AGAATCCATACTATCGCCTG,0,4440393
yagB_insX_yagA_predicted,0.1111111111111111,8,8,AGAAGCCTGCGCAGCGAATC,0,4439161
yagB_insX_yagA_predicted,0.1111111111111111,8,8,AGAACATAGCAATGGGTCCG,0,4457062
yagB_insX_yagA_predicted,0.1111111111111111,8,8,AGAAATTTTTTGAGGACATC,0,4453248
yagB_insX_yagA_predicted,0.1111111111111111,8,8,ACTTTTTGTCATCCTCATAT,0,4468467
yagB_insX_yagA_predicted,0.1111111111111111,8,8,ACTTCGTTGGGACTCTGGAC,0,4463937
yagB_insX_yagA_predicted,0.1111111111111111,8,8,ACTTACAGGTTTCATGCTTA,0,4462801
yagB_insX_yagA_predicted,0.1111111111111111,8,8,ACTGTTAGCATGCTTCGCGA,0,4471774
yagB_insX_yagA_predicted,0.1111111111111111,8,8,ACTGCTTCGCAAGTGACGCT,0,4444602
yagB_insX_yagA_predicted,0.1111111111111111,8,8,ACTCGGAGAAACTCCAAGAG,0,4440624
yagB_insX_yagA_predicted,0.1111111111111111,8,8,ACGTGTCCAGTCACGGCCCA,0,4453965
yagB_insX_yagA_predicted,0.1111111111111111,8,8,ACGTGGTACTTTACCGACAA,0,4444518
yagB_insX_yagA_predicted,0.1111111111111111,8,8,ACGTCGAGTAGAGCTCTGTA,0,4461851
yagB_insX_yagA_predicted,0.1111111111111111,8,8,ACGTAGACCAGAACAACCAA,0,4444291
yagB_insX_yagA_predicted,0.1111111111111111,8,8,ACGGTGTGGAAGTTTACACA,0,4452185
yagB_insX_yagA_predicted,0.1111111111111111,8,8,ACGGTACGTTGACAATTCAG,0,4460870
yagB_insX_yagA_predicted,0.1111111111111111,8,8,ACGGGCTCTATCCGTGGATG,0,4456582
yagB_insX_yagA_predicted,0.1111111111111111,8,8,ACGGCTTTGGGTCCACCTAT,0,4454576
yagB_insX_yagA_predicted,0.1111111111111111,8,8,ACGGCTTCCAGAATATCCCT,0,4471748
yagB_insX_yagA_predicted,0.1111111111111111,8,8,ACGGCGTCTAGGTTCACGGG,0,4459358
yagB_insX_yagA_predicted,0.1111111111111111,8,8,ACGCGTGAAATGAACAAAAA,0,4454662
yagB_insX_yagA_predicted,0.1111111111111111,8,8,ACGCGTACCAGGGCGAAAAC,0,4455625
yagB_insX_yagA_predicted,0.1111111111111111,8,8,ACGCCTGGGCGGGAGGCTGT,0,4464990
yagB_insX_yagA_predicted,0.1111111111111111,8,8,ACGCCTCGAGTGCTTCAGCT,0,4466323
yagB_insX_yagA_predicted,0.1111111111111111,8,8,ACGATTACAAACATGTATTG,0,4459044
yagB_insX_yagA_predicted,0.1111111111111111,8,8,ACGATATACCTGCATTCCCA,0,4461591
yagB_insX_yagA_predicted,0.1111111111111111,8,8,ACGATAAGGAGAGTATACAG,0,4445491
yagB_insX_yagA_predicted,0.1111111111111111,8,8,ACCTTTGACCCCAAGGCTCA,0,4472061
yagB_insX_yagA_predicted,0.1111111111111111,8,8,ACCGTAGGGTTTAAGCCTAA,0,4453869
yagB_insX_yagA_predicted,0.1111111111111111,8,8,ACCGCAGTGAGCCATTGACG,0,4448394
yagB_insX_yagA_predicted,0.1111111111111111,8,8,ACCGACAGTGTGTCCGCGGA,0,4464618
yagB_insX_yagA_predicted,0.1111111111111111,8,8,ACCGAAACTCCACCCGGCGG,0,4461714
yagB_insX_yagA_predicted,0.1111111111111111,8,8,ACCCTGCTTCGAAGCGACGC,0,4450880
yagB_insX_yagA_predicted,0.1111111111111111,8,8,ACCCCTCCAGACGGGACACT,0,4445833
yagB_insX_yagA_predicted,0.1111111111111111,8,8,ACCCCGATACAAGAGTTCAA,0,4446998
yagB_insX_yagA_predicted,0.1111111111111111,8,8,ACCCAGGAGACTATGAGACA,0,4459013
yagB_insX_yagA_predicted,0.1111111111111111,8,8,ACCCACCGGTAGAAGTAATT,0,4456649
yagB_insX_yagA_predicted,0.1111111111111111,8,8,ACCATGCGCTATGTTCTCGT,0,4444276
yagB_insX_yagA_predicted,0.1111111111111111,8,8,ACATTTAAGTTGTAGCCCAC,0,4469994
yagB_insX_yagA_predicted,0.1111111111111111,8,8,ACATTTAAGCTCTGAACAGG,0,4439905
yagB_insX_yagA_predicted,0.1111111111111111,8,8,ACATGATATTACTGTTGATT,0,4445490
yagB_insX_yagA_predicted,0.1111111111111111,8,8,ACATCACTGGCACCTACCAC,0,4468400
yagB_insX_yagA_predicted,0.1111111111111111,8,8,ACAGTCACTGTCGTAAACGG,0,4454347
yagB_insX_yagA_predicted,0.1111111111111111,8,8,ACACGCATCGAGGCCTGTTA,0,4467922
yagB_insX_yagA_predicted,0.1111111111111111,8,8,ACAAAGGACATCAGCTAGGC,0,4440731
yagB_insX_yagA_predicted,0.1111111111111111,8,8,AATTGACTATGCTCACTTGT,0,4461586
yagB_insX_yagA_predicted,0.1111111111111111,8,8,AATTCGACGGCAGTCGATAG,0,4452866
yagB_insX_yagA_predicted,0.1111111111111111,8,8,AATTCACTGGGGTCTCTCGG,0,4445353
yagB_insX_yagA_predicted,0.1111111111111111,8,8,AATGTTGGACCCAGCAGGGA,0,4440067
yagB_insX_yagA_predicted,0.1111111111111111,8,8,AATGCCTCATGTATTTCAGC,0,4440367
yagB_insX_yagA_predicted,0.1111111111111111,8,8,AATGAGGAGCCATTACGTCT,0,4445860
yagB_insX_yagA_predicted,0.1111111111111111,8,8,AATATTACAGCGTCCTCCGT,0,4458079
yagB_insX_yagA_predicted,0.1111111111111111,8,8,AATATTAACTGCTCGACGTC,0,4453397
yagB_insX_yagA_predicted,0.1111111111111111,8,8,AATAGCAATGCTTGGATGTT,0,4438524
yagB_insX_yagA_predicted,0.1111111111111111,8,8,AATACGCTCATGCAAGTACG,0,4452027
yagB_insX_yagA_predicted,0.1111111111111111,8,8,AATAAAGTTTGACAAGTCGG,0,4441670
yagB_insX_yagA_predicted,0.1111111111111111,8,8,AAGTTCATATTTAGAGGTCG,0,4470126
yagB_insX_yagA_predicted,0.1111111111111111,8,8,AAGTGTAAATCAGTTACCAG,0,4455299
yagB_insX_yagA_predicted,0.1111111111111111,8,8,AAGTATAGGGCCTGGGGAGT,0,4442953
yagB_insX_yagA_predicted,0.1111111111111111,8,8,AAGTAGGGCACGAACCCCTT,0,4466291
yagB_insX_yagA_predicted,0.1111111111111111,8,8,AAGGGCGTAGGTAGGCAAAA,0,4471977
yagB_insX_yagA_predicted,0.1111111111111111,8,8,AAGGATTGGCAAAATTGTGA,0,4451128
yagB_insX_yagA_predicted,0.1111111111111111,8,8,AAGCTTTTCAGACATGAAGA,0,4471777
yagB_insX_yagA_predicted,0.1111111111111111,8,8,AAGCTCTGCCAGCTAACGAT,0,4438247
yagB_insX_yagA_predicted,0.1111111111111111,8,8,AAGCGCTGGGCCATCACGTC,0,4467630
yagB_insX_yagA_predicted,0.1111111111111111,8,8,AAGCCTAGCCTGATGAAAAA,0,4447060
yagB_insX_yagA_predicted,0.1111111111111111,8,8,AAGCAGCATCTTCTCTGTTT,0,4466899
yagB_insX_yagA_predicted,0.1111111111111111,8,8,AAGCAGATCTCAGCTCCTAA,0,4447267
yagB_insX_yagA_predicted,0.1111111111111111,8,8,AAGATTGATGTTCCGCACTA,0,4461549
yagB_insX_yagA_predicted,0.1111111111111111,8,8,AAGATACTCACCTTCCAGCA,0,4463654
yagB_insX_yagA_predicted,0.1111111111111111,8,8,AAGAGATTTCTATAGCGTTT,0,4443166
yagB_insX_yagA_predicted,0.1111111111111111,8,8,AAGAGATCGAGTGGGAAGAT,0,4451163
yagB_insX_yagA_predicted,0.1111111111111111,8,8,AACTGTTCTTCATGCCGCAT,0,4447445
yagB_insX_yagA_predicted,0.1111111111111111,8,8,AACTGCAACCGTACGAACCA,0,4449429
yagB_insX_yagA_predicted,0.1111111111111111,8,8,AACTAAGATGGAGTGAAAAT,0,4437390
yagB_insX_yagA_predicted,0.1111111111111111,8,8,AACTAAGATAATTCTCAAGC,0,4458668
yagB_insX_yagA_predicted,0.1111111111111111,8,8,AACCGCCGGCGCAACCCCGT,0,4442317
yagB_insX_yagA_predicted,0.1111111111111111,8,8,AACAGCTGTACAGGCTCCTG,0,4448970
yagB_insX_yagA_predicted,0.1111111111111111,8,8,AACAATGGAATGCAAGCAGA,0,4439732
yagB_insX_yagA_predicted,0.1111111111111111,8,8,AACAATCCCAGAGAACCGGT,0,4444345
yagB_insX_yagA_predicted,0.1111111111111111,8,8,AACAACGCCCAACATGCGAA,0,4447728
yagB_insX_yagA_predicted,0.1111111111111111,8,8,AAATTACACGTCATCGCGCG,0,4467984
yagB_insX_yagA_predicted,0.1111111111111111,8,8,AAAGTTTTGCATATGGCCTA,0,4444424
yagB_insX_yagA_predicted,0.1111111111111111,8,8,AAACGAGAGGCGAGGTTAAT,0,4438747
yagB_insX_yagA_predicted,0.1111111111111111,8,8,AAAATGTTGATAATCCGCTC,0,4468830
yagB_insX_yagA_predicted,0.125,7,7,TTTTGTGTTATAAGTCTCCA,0,4448080
yagB_insX_yagA_predicted,0.125,7,7,TTTTGTCTTTCGCCCGGCCG,0,4439286
yagB_insX_yagA_predicted,0.125,7,7,TTTTCTATTGTCGAACAGCT,0,4453767
yagB_insX_yagA_predicted,0.125,7,7,TTTTCGTACCTCCAGGAAAC,0,4441630
yagB_insX_yagA_predicted,0.125,7,7,TTTGTTCGAATTTATGCAAT,0,4456838
yagB_insX_yagA_predicted,0.125,7,7,TTTGGGGTCGTATCCTTGGA,0,4445772
yagB_insX_yagA_predicted,0.125,7,7,TTTGGCAGGCACGCACAGAA,0,4445821
yagB_insX_yagA_predicted,0.125,7,7,TTTGCCAATCCGTCCTAAAG,0,4448216
yagB_insX_yagA_predicted,0.125,7,7,TTTCGGTTCGGGCTCACCCA,0,4465046
yagB_insX_yagA_predicted,0.125,7,7,TTTCGATCGTCGAATCACCT,0,4457196
yagB_insX_yagA_predicted,0.125,7,7,TTTCCTGAGTTATACGTGGA,0,4465854
yagB_insX_yagA_predicted,0.125,7,7,TTGGTTGGCTGTCAGAAGAA,0,4436460
yagB_insX_yagA_predicted,0.125,7,7,TTGGTGCTTAGGATGCTAGG,0,4449038
yagB_insX_yagA_predicted,0.125,7,7,TTGGTCCTGGCGATGTTCCG,0,4445682
yagB_insX_yagA_predicted,0.125,7,7,TTGGGTCCGGAAAACATTCC,0,4446130
yagB_insX_yagA_predicted,0.125,7,7,TTGGGGGCAGACCCTTGACG,0,4466752
yagB_insX_yagA_predicted,0.125,7,7,TTGGCCAGTTCACCCAACTT,0,4460016
yagB_insX_yagA_predicted,0.125,7,7,TTGGACTCGGGGGGATTAAG,0,4440042
yagB_insX_yagA_predicted,0.125,7,7,TTGCGGCACTCAGTAAAGGA,0,4459251
yagB_insX_yagA_predicted,0.125,7,7,TTGATGACGAAAGTGAAGAA,0,4455737
yagB_insX_yagA_predicted,0.125,7,7,TTGAGAGACGTCTGTGCAAT,0,4448002
yagB_insX_yagA_predicted,0.125,7,7,TTGACGGTCGGACCCCACCA,0,4462074
yagB_insX_yagA_predicted,0.125,7,7,TTCTGTAGGATATTGCATGT,0,4452942
yagB_insX_yagA_predicted,0.125,7,7,TTCTGAAGCCATCTCCCCAC,0,4449659
yagB_insX_yagA_predicted,0.125,7,7,TTCTACATCAAACGGGCGCT,0,4441982
yagB_insX_yagA_predicted,0.125,7,7,TTCTAAACTTGTAGTTTCCT,0,4471425
yagB_insX_yagA_predicted,0.125,7,7,TTCGTTTCTTCATTCTGGAC,0,4466930
yagB_insX_yagA_predicted,0.125,7,7,TTCGTGTGACGACTCAACTG,0,4441815
yagB_insX_yagA_predicted,0.125,7,7,TTCGGGGCCACTAAATCGGC,0,4447685
yagB_insX_yagA_predicted,0.125,7,7,TTCGAGGTACAGGATTCAGG,0,4438617
yagB_insX_yagA_predicted,0.125,7,7,TTCGAACGACTTGTCTCGCC,0,4439021
yagB_insX_yagA_predicted,0.125,7,7,TTCATAGGCCCGGGCGCCTA,0,4469785
yagB_insX_yagA_predicted,0.125,7,7,TTCAGGTTTTGTGTCACAGT,0,4453146
yagB_insX_yagA_predicted,0.125,7,7,TTCACCTGAGTTTATTTTTA,0,4447153
yagB_insX_yagA_predicted,0.125,7,7,TTATTCACCCCCGCAACTTG,0,4442475
yagB_insX_yagA_predicted,0.125,7,7,TTATCACAGAACTTGGCGAA,0,4446070
yagB_insX_yagA_predicted,0.125,7,7,TTATATACCCAGACGTAGAA,0,4455341
yagB_insX_yagA_predicted,0.125,7,7,TTATAGCCGAATACGCCAGT,0,4453304
yagB_insX_yagA_predicted,0.125,7,7,TTATAGCCAAGGAAGACGTC,0,4462309
yagB_insX_yagA_predicted,0.125,7,7,TTATAGCAGTATCTAGGGGG,0,4457159
yagB_insX_yagA_predicted,0.125,7,7,TTAGGGGGTAAGTAACGAAG,0,4451637
yagB_insX_yagA_predicted,0.125,7,7,TTAGCTCTCTATTTGTTGTT,0,4462846
yagB_insX_yagA_predicted,0.125,7,7,TTAGCCCGGGGACGGAAAAA,0,4470030
yagB_insX_yagA_predicted,0.125,7,7,TTAGATATAAGGAACTAGCC,0,4451928
yagB_insX_yagA_predicted,0.125,7,7,TTAGACGCCGAGTAACTGAC,0,4436779
yagB_insX_yagA_predicted,0.125,7,7,TTAGAAGGATGCAACTCAGC,0,4456414
yagB_insX_yagA_predicted,0.125,7,7,TTACGGTCCCGCGATTCCAA,0,4468819
yagB_insX_yagA_predicted,0.125,7,7,TTACAGTTTACAGAGGTGCA,0,4455711
yagB_insX_yagA_predicted,0.125,7,7,TTAACCGGGTCGTATGAATG,0,4457818
yagB_insX_yagA_predicted,0.125,7,7,TGTTTCTTCTACGCTGAAGA,0,4461240
yagB_insX_yagA_predicted,0.125,7,7,TGTTGTAAATGATGAATAAC,0,4448279
yagB_insX_yagA_predicted,0.125,7,7,TGTTATTAATTAGCACCAAG,0,4468496
yagB_insX_yagA_predicted,0.125,7,7,TGTCTCTTGGTCTACAAGTG,0,4461822
yagB_insX_yagA_predicted,0.125,7,7,TGTCTCCACTGAAAACCCCG,0,4437577
yagB_insX_yagA_predicted,0.125,7,7,TGTCTAGCGCAAGATTATAT,0,4443169
yagB_insX_yagA_predicted,0.125,7,7,TGTCAGCCCCGGTGCCTCGG,0,4451245
yagB_insX_yagA_predicted,0.125,7,7,TGTCAACGTTCTTACAAGCA,0,4463104
yagB_insX_yagA_predicted,0.125,7,7,TGTATTATGGTCAATGGTAA,0,4465178
yagB_insX_yagA_predicted,0.125,7,7,TGTAGCCACCAATACGCTTT,0,4461017
yagB_insX_yagA_predicted,0.125,7,7,TGTACTCGTGTGAACAAAAC,0,4463856
yagB_insX_yagA_predicted,0.125,7,7,TGTAATTTACTGCCGTGTGC,0,4469380
yagB_insX_yagA_predicted,0.125,7,7,TGGTGTTCTGATGGTCGAAG,0,4468085
yagB_insX_yagA_predicted,0.125,7,7,TGGGTTGGCGAGGTTAAAAT,0,4444501
yagB_insX_yagA_predicted,0.125,7,7,TGGCTTCTGCAATCTTTAAC,0,4446235
yagB_insX_yagA_predicted,0.125,7,7,TGGCTCTCGTATTAAAGCGT,0,4471613
yagB_insX_yagA_predicted,0.125,7,7,TGGCCAATGTTCGGCGGGTA,0,4443819
yagB_insX_yagA_predicted,0.125,7,7,TGGCATTCGTCATACAAACT,0,4454557
yagB_insX_yagA_predicted,0.125,7,7,TGGCAGCGAACCCTAATCAT,0,4464130
yagB_insX_yagA_predicted,0.125,7,7,TGGATGTTCCCCGTTCATTT,0,4447037
yagB_insX_yagA_predicted,0.125,7,7,TGCTTATTCAAAGGCCGGGG,0,4461779
yagB_insX_yagA_predicted,0.125,7,7,TGCTGAGGGGTAGATTATAG,0,4449860
yagB_insX_yagA_predicted,0.125,7,7,TGCTGACTAGCTGCCGGCTG,0,4441403
yagB_insX_yagA_predicted,0.125,7,7,TGCTACGGGATTACAATTAG,0,4454907
yagB_insX_yagA_predicted,0.125,7,7,TGCGTTGATTCGGAGGTGCA,0,4444096
yagB_insX_yagA_predicted,0.125,7,7,TGCGGTCCACTTATACACAA,0,4468787
yagB_insX_yagA_predicted,0.125,7,7,TGCCTCGCAATCGAACACCA,0,4445436
yagB_insX_yagA_predicted,0.125,7,7,TGCCGGTACTGGCAGCATCG,0,4455818
yagB_insX_yagA_predicted,0.125,7,7,TGCAGCGGCGCTATGGAGTG,0,4441027
yagB_insX_yagA_predicted,0.125,7,7,TGCAGATCAGAAGTTCTAGA,0,4450258
yagB_insX_yagA_predicted,0.125,7,7,TGCACGGGTAATCTATAAAT,0,4454469
yagB_insX_yagA_predicted,0.125,7,7,TGCAATAGGACTTGTGTCAT,0,4443212
yagB_insX_yagA_predicted,0.125,7,7,TGCAACCGACAGAGTCCGAC,0,4442689
yagB_insX_yagA_predicted,0.125,7,7,TGATTAGTTACCCCTCAAAC,0,4448727
yagB_insX_yagA_predicted,0.125,7,7,TGATCGACTTAGGCCGACCT,0,4453773
yagB_insX_yagA_predicted,0.125,7,7,TGAGTAAAAGTGTGTTGTCA,0,4464408
yagB_insX_yagA_predicted,0.125,7,7,TGAGGAGCTATAGCTTCAAT,0,4465340
yagB_insX_yagA_predicted,0.125,7,7,TGACTTTAAAGGTAGCGGTA,0,4437443
yagB_insX_yagA_predicted,0.125,7,7,TGACGCAACGATCTCCGGCT,0,4438278
yagB_insX_yagA_predicted,0.125,7,7,TGAAGATCTAATCACAGAGT,0,4471205
yagB_insX_yagA_predicted,0.125,7,7,TGAACATATCGGAGGAAAAC,0,4456994
yagB_insX_yagA_predicted,0.125,7,7,TGAAAATCATGCGGATTTGA,0,4443940
yagB_insX_yagA_predicted,0.125,7,7,TCTTGTAGGCTGGCTTACAA,0,4455765
yagB_insX_yagA_predicted,0.125,7,7,TCTTCACCGCTGCACCACGA,0,4437367
yagB_insX_yagA_predicted,0.125,7,7,TCTTAATTGTGATTGCAGAA,0,4446639
yagB_insX_yagA_predicted,0.125,7,7,TCTGGACTCGGGTGTGGAGG,0,4463914
yagB_insX_yagA_predicted,0.125,7,7,TCTGATACGTCGCGCACATA,0,4460818
yagB_insX_yagA_predicted,0.125,7,7,TCTCACTCACCATCTCCTGA,0,4454030
yagB_insX_yagA_predicted,0.125,7,7,TCTCACAGCCTCTGTCCTTT,0,4458105
yagB_insX_yagA_predicted,0.125,7,7,TCTATCGCACTTACGTTCAA,0,4441217
yagB_insX_yagA_predicted,0.125,7,7,TCTATAAAACCGGACTGACC,0,4462242
yagB_insX_yagA_predicted,0.125,7,7,TCTACTGTCTGGAGGAAATA,0,4462240
yagB_insX_yagA_predicted,0.125,7,7,TCTACACGTGTTCATACCAT,0,4457980
yagB_insX_yagA_predicted,0.125,7,7,TCGTTGGCGTCTCTTCCGCG,0,4458640
yagB_insX_yagA_predicted,0.125,7,7,TCGTTGGAGTTACCGGTAGT,0,4461393
yagB_insX_yagA_predicted,0.125,7,7,TCGGTTTTGTGATCGTTTGG,0,4457180
yagB_insX_yagA_predicted,0.125,7,7,TCGGCTAATTTCCGATCCCT,0,4450626
yagB_insX_yagA_predicted,0.125,7,7,TCGGCCCAGACTCGGGCCTG,0,4455284
yagB_insX_yagA_predicted,0.125,7,7,TCGCCTCATGATGATCTGCT,0,4451991
yagB_insX_yagA_predicted,0.125,7,7,TCGCCTCAGCATGGCCTGAA,0,4469520
yagB_insX_yagA_predicted,0.125,7,7,TCGCATGAGTTTTACAGTAT,0,4471868
yagB_insX_yagA_predicted,0.125,7,7,TCGCAATTAGTATTGTCCAA,0,4457259
yagB_insX_yagA_predicted,0.125,7,7,TCGAGGTAGCACGAACATGA,0,4471527
yagB_insX_yagA_predicted,0.125,7,7,TCGAATCGTCTGAGGGCCGG,0,4445970
yagB_insX_yagA_predicted,0.125,7,7,TCCTGGTGAAATGTCAAGTA,0,4447263
yagB_insX_yagA_predicted,0.125,7,7,TCCTGGTAAAGGCCGCTTCC,0,4444870
yagB_insX_yagA_predicted,0.125,7,7,TCCTGCCAATTAACGAGTAC,0,4469253
yagB_insX_yagA_predicted,0.125,7,7,TCCTAACTCCATGAACAAAC,0,4440811
yagB_insX_yagA_predicted,0.125,7,7,TCCGGTGGGGTGTTTACACG,0,4454163
yagB_insX_yagA_predicted,0.125,7,7,TCCCCAGTACAGGTGAGTTC,0,4470072
yagB_insX_yagA_predicted,0.125,7,7,TCCAGCGACCCGAGCCGCCG,0,4453929
yagB_insX_yagA_predicted,0.125,7,7,TCCACTCTGATTTGGCGGTC,0,4451046
yagB_insX_yagA_predicted,0.125,7,7,TCCACACCGATAAGCAAGGG,0,4466169
yagB_insX_yagA_predicted,0.125,7,7,TCACTGAAGGAAGGGACATT,0,4437124
yagB_insX_yagA_predicted,0.125,7,7,TCAAGTCCTTCGCTCAGCTG,0,4459273
yagB_insX_yagA_predicted,0.125,7,7,TCAAGGGTGTTCTACGTAGA,0,4451381
yagB_insX_yagA_predicted,0.125,7,7,TCAAGCGTCGAGGTTCTCAG,0,4446069
yagB_insX_yagA_predicted,0.125,7,7,TCAAACTACGATCCACGTAC,0,4463666
yagB_insX_yagA_predicted,0.125,7,7,TATTAAGCCATCCGCGAGTC,0,4466853
yagB_insX_yagA_predicted,0.125,7,7,TATGGCAAGGCAATGACCAC,0,4468810
yagB_insX_yagA_predicted,0.125,7,7,TATCCGAGGTGTGTGCTGAT,0,4451164
yagB_insX_yagA_predicted,0.125,7,7,TATCATCATACTGTGACTGA,0,4454212
yagB_insX_yagA_predicted,0.125,7,7,TATATCGCTTGTCCGCCCGG,0,4441257
yagB_insX_yagA_predicted,0.125,7,7,TATAGACAGCCTTTATTTGT,0,4464690
yagB_insX_yagA_predicted,0.125,7,7,TATACCAGTTGGCTGTCAAA,0,4457481
yagB_insX_yagA_predicted,0.125,7,7,TAGTTAGGCACTACAGTAAG,0,4470956
yagB_insX_yagA_predicted,0.125,7,7,TAGGTATATAATGTTAAATA,0,4465407
yagB_insX_yagA_predicted,0.125,7,7,TAGGACGTTATGAGCAAGGG,0,4448081
yagB_insX_yagA_predicted,0.125,7,7,TAGCTAGTTTGCCAGTAACT,0,4446039
yagB_insX_yagA_predicted,0.125,7,7,TAGCGGTACAATGTAGACTT,0,4465602
yagB_insX_yagA_predicted,0.125,7,7,TAGCCGTTAGTGGAGTATCC,0,4466931
yagB_insX_yagA_predicted,0.125,7,7,TAGAGCACGTTTTAACAACT,0,4453925
yagB_insX_yagA_predicted,0.125,7,7,TAGAAAGGGAGCAGTCTGAA,0,4446355
yagB_insX_yagA_predicted,0.125,7,7,TACTTTTACCGTCCGCGTTT,0,4437483
yagB_insX_yagA_predicted,0.125,7,7,TACTTGGCCGCATCTAAAAA,0,4468237
yagB_insX_yagA_predicted,0.125,7,7,TACTGCTGGGCCAAGTTTAT,0,4465738
yagB_insX_yagA_predicted,0.125,7,7,TACGGGTCGCGACGAGACAA,0,4441927
yagB_insX_yagA_predicted,0.125,7,7,TACGCCTAGGCTACTACCGG,0,4466339
yagB_insX_yagA_predicted,0.125,7,7,TACGCCGGTAAACTCCAAAG,0,4454127
yagB_insX_yagA_predicted,0.125,7,7,TACATCTGTTATTCTTAGCG,0,4448163
yagB_insX_yagA_predicted,0.125,7,7,TACACCTCATGGGTTATCGC,0,4448616
yagB_insX_yagA_predicted,0.125,7,7,TAATGATCGAACGTAGGCAA,0,4439718
yagB_insX_yagA_predicted,0.125,7,7,TAAGTTGTAGGCATATCGTA,0,4465471
yagB_insX_yagA_predicted,0.125,7,7,TAAGCCGGATCATGGACGTT,0,4452157
yagB_insX_yagA_predicted,0.125,7,7,TAAGCAGTAAGCCCCGGCCA,0,4465443
yagB_insX_yagA_predicted,0.125,7,7,TAACTGAGGATACAAGGCTA,0,4447571
yagB_insX_yagA_predicted,0.125,7,7,GTTTGGAGCCATATGGCTTC,0,4457788
yagB_insX_yagA_predicted,0.125,7,7,GTTTGAGCATTGGAGTTCGA,0,4469350
yagB_insX_yagA_predicted,0.125,7,7,GTTTAAATGGAAATGCAAAT,0,4463562
yagB_insX_yagA_predicted,0.125,7,7,GTTGTGGACGAATATCGCCC,0,4443343
yagB_insX_yagA_predicted,0.125,7,7,GTTGCTCGATGCGGTCACTA,0,4441898
yagB_insX_yagA_predicted,0.125,7,7,GTTCTGCTTTACGTTGTAGC,0,4465111
yagB_insX_yagA_predicted,0.125,7,7,GTTCTAGCAGGCGTGACTGA,0,4436328
yagB_insX_yagA_predicted,0.125,7,7,GTTCGGTGTACCGGCGATGT,0,4472402
yagB_insX_yagA_predicted,0.125,7,7,GTTCCATGCTGCTAAAGCGT,0,4448566
yagB_insX_yagA_predicted,0.125,7,7,GTTCATGGGAGTCATCACCA,0,4437724
yagB_insX_yagA_predicted,0.125,7,7,GTTCAGTCCTCATACTTACG,0,4441755
yagB_insX_yagA_predicted,0.125,7,7,GTTCAACTTCCTAGCATTGG,0,4472433
yagB_insX_yagA_predicted,0.125,7,7,GTTATCGTGTCTTCAAGGAT,0,4456341
yagB_insX_yagA_predicted,0.125,7,7,GTTACTTGTCAAGTCTAGCA,0,4448908
yagB_insX_yagA_predicted,0.125,7,7,GTTACAATGGTTCCAGACTA,0,4449080
yagB_insX_yagA_predicted,0.125,7,7,GTGTTTGATTCCGCGTTGAA,0,4452359
yagB_insX_yagA_predicted,0.125,7,7,GTGTTTCCCAAAGGGAAGTT,0,4446931
yagB_insX_yagA_predicted,0.125,7,7,GTGTTATAGACATCTGGGCT,0,4469734
yagB_insX_yagA_predicted,0.125,7,7,GTGTCCAGCGCCGTTTAGCT,0,4457518
yagB_insX_yagA_predicted,0.125,7,7,GTGGTCTCCTAGGGGGCCAG,0,4461266
yagB_insX_yagA_predicted,0.125,7,7,GTGGTCGGTGTACCGATGCC,0,4471697
yagB_insX_yagA_predicted,0.125,7,7,GTGGGGCAATAGCCTCGTGT,0,4470229
yagB_insX_yagA_predicted,0.125,7,7,GTGGGCATAAGTAGTAACAC,0,4462027
yagB_insX_yagA_predicted,0.125,7,7,GTGGAAGGGCACTATGGCGT,0,4470611
yagB_insX_yagA_predicted,0.125,7,7,GTGCTGGCGGCCCTGCGAAA,0,4440401
yagB_insX_yagA_predicted,0.125,7,7,GTGCGCATCCCAATGTGACT,0,4463036
yagB_insX_yagA_predicted,0.125,7,7,GTGCGAGGTCTGAGGCACCA,0,4452719
yagB_insX_yagA_predicted,0.125,7,7,GTGCCAGCTGAGCCGGCAAT,0,4459021
yagB_insX_yagA_predicted,0.125,7,7,GTGCAGCGGGGCAACGGAAA,0,4470570
yagB_insX_yagA_predicted,0.125,7,7,GTGATGTTGTTTACCTGGTG,0,4435964
yagB_insX_yagA_predicted,0.125,7,7,GTCTGAGTCGCTACTCTTCC,0,4437379
yagB_insX_yagA_predicted,0.125,7,7,GTCTACCTTGTCAACGGCGC,0,4448991
yagB_insX_yagA_predicted,0.125,7,7,GTCTAACAGGGACCAATGAC,0,4439548
yagB_insX_yagA_predicted,0.125,7,7,GTCGTACATATACGATATGG,0,4458434
yagB_insX_yagA_predicted,0.125,7,7,GTCCTTGGGTGCCACTGGTA,0,4459335
yagB_insX_yagA_predicted,0.125,7,7,GTCCCCACGCGTGAAGCCGG,0,4450571
yagB_insX_yagA_predicted,0.125,7,7,GTCCAGACGTTCTATTTTGC,0,4451092
yagB_insX_yagA_predicted,0.125,7,7,GTCCACCCTTGCCTCCAGTG,0,4454130
yagB_insX_yagA_predicted,0.125,7,7,GTCAACCTAAGTCGGGGTGC,0,4442890
yagB_insX_yagA_predicted,0.125,7,7,GTATGGCTTTTCACGGGAAA,0,4440169
yagB_insX_yagA_predicted,0.125,7,7,GTATGAGTCAGCAAATAGAT,0,4449513
yagB_insX_yagA_predicted,0.125,7,7,GTATCTGAGAGTGATTCTGT,0,4438669
yagB_insX_yagA_predicted,0.125,7,7,GTAGTTTGTCGGGATACCGT,0,4455380
yagB_insX_yagA_predicted,0.125,7,7,GTAGTAATTATTTAAAACGT,0,4471317
yagB_insX_yagA_predicted,0.125,7,7,GTAGGACACACGTTTATCCT,0,4440808
yagB_insX_yagA_predicted,0.125,7,7,GTACGGCGTGAGCCTTAGCA,0,4451533
yagB_insX_yagA_predicted,0.125,7,7,GTACCGTGAACGCTGCGAGA,0,4450915
yagB_insX_yagA_predicted,0.125,7,7,GTACATTATTCGATGCGCAG,0,4443415
yagB_insX_yagA_predicted,0.125,7,7,GGTTGTTGGCGCTCGGCGGT,0,4450488
yagB_insX_yagA_predicted,0.125,7,7,GGTTGTCTGTACCACTATTC,0,4450694
yagB_insX_yagA_predicted,0.125,7,7,GGTTGGACAGTGATGCGTCC,0,4450461
yagB_insX_yagA_predicted,0.125,7,7,GGTTATAGGATGTCAAATCA,0,4438582
yagB_insX_yagA_predicted,0.125,7,7,GGTTAAGGCTGCGAAGTCAA,0,4453377
yagB_insX_yagA_predicted,0.125,7,7,GGTGGACACACTCCCGGTCG,0,4453610
yagB_insX_yagA_predicted,0.125,7,7,GGTGCGCTTCAGCGGACCGG,0,4442715
yagB_insX_yagA_predicted,0.125,7,7,GGTGATGCGGCTGTTCACTG,0,4456261
yagB_insX_yagA_predicted,0.125,7,7,GGTCTTGGAGTTAGCACGAC,0,4454544
yagB_insX_yagA_predicted,0.125,7,7,GGTCCGCTCGCTGGAAGCGG,0,4472163
yagB_insX_yagA_predicted,0.125,7,7,GGTCCCCACACACGGCCTAG,0,4443324
yagB_insX_yagA_predicted,0.125,7,7,GGTCAAGTAAAGAACTCGCG,0,4451535
yagB_insX_yagA_predicted,0.125,7,7,GGTCAAAACCGTAACATCAT,0,4470280
yagB_insX_yagA_predicted,0.125,7,7,GGTATACTCCGGGGTTCGAG,0,4463242
yagB_insX_yagA_predicted,0.125,7,7,GGTATACATCGCGCACTTCG,0,4455297
yagB_insX_yagA_predicted,0.125,7,7,GGTACTAGCCATGGAAATGT,0,4455752
yagB_insX_yagA_predicted,0.125,7,7,GGTAAGTCGCTGGGCCACAA,0,4440917
yagB_insX_yagA_predicted,0.125,7,7,GGTAAAAGATGTTCGGAAGT,0,4441628
yagB_insX_yagA_predicted,0.125,7,7,GGGTCAAGCCTTGCCTGAAA,0,4454669
yagB_insX_yagA_predicted,0.125,7,7,GGGTAGTAATTGCTCCTTAA,0,4472395
yagB_insX_yagA_predicted,0.125,7,7,GGGGGCTCGAGAGAATAAGT,0,4457943
yagB_insX_yagA_predicted,0.125,7,7,GGGGGCTAGAGTACGTTCGA,0,4460700
yagB_insX_yagA_predicted,0.125,7,7,GGGGCTTTCGGGCGCGACGT,0,4465767
yagB_insX_yagA_predicted,0.125,7,7,GGGGCCTAGAATTGCGCCTA,0,4449215
yagB_insX_yagA_predicted,0.125,7,7,GGGGCCGCGAACTGCCGAAC,0,4465371
yagB_insX_yagA_predicted,0.125,7,7,GGGCTTCTCACATAGTCAAA,0,4467811
yagB_insX_yagA_predicted,0.125,7,7,GGGCGATTGTCGGTCTCCTG,0,4462965
yagB_insX_yagA_predicted,0.125,7,7,GGGCCTCGTACTTATAGGGA,0,4442938
yagB_insX_yagA_predicted,0.125,7,7,GGGCATGGACAGTTTCTACC,0,4456204
yagB_insX_yagA_predicted,0.125,7,7,GGGATGCGATCAGCGATCCG,0,4464436
yagB_insX_yagA_predicted,0.125,7,7,GGGAGCTTCAGAATTTGTCC,0,4445505
yagB_insX_yagA_predicted,0.125,7,7,GGGACAGCTGTAACACTTGC,0,4467417
yagB_insX_yagA_predicted,0.125,7,7,GGCTTGATGAACGGTATGCC,0,4437426
yagB_insX_yagA_predicted,0.125,7,7,GGCTGATCATCAGTAAAGCA,0,4443141
yagB_insX_yagA_predicted,0.125,7,7,GGCTGAGGTCCTCAACTGCA,0,4462077
yagB_insX_yagA_predicted,0.125,7,7,GGCTCTTGGGTTAGTCAATT,0,4447174
yagB_insX_yagA_predicted,0.125,7,7,GGCTCGTATGCCTATAGAGG,0,4471092
yagB_insX_yagA_predicted,0.125,7,7,GGCTAGTCTCGTGCTTCAGA,0,4463748
yagB_insX_yagA_predicted,0.125,7,7,GGCTACTCTTGTTATCTCTG,0,4454240
yagB_insX_yagA_predicted,0.125,7,7,GGCGTTCTTCAAGCCACATT,0,4444266
yagB_insX_yagA_predicted,0.125,7,7,GGCGTGTTATATTATAATTA,0,4461396
yagB_insX_yagA_predicted,0.125,7,7,GGCGGCAACGAGATTATTGG,0,4457204
yagB_insX_yagA_predicted,0.125,7,7,GGCGCGAAAATATTGGGCTC,0,4460286
yagB_insX_yagA_predicted,0.125,7,7,GGCCGAGCGAAGTCCACCCA,0,4442967
yagB_insX_yagA_predicted,0.125,7,7,GGCCCAGTTACATGGGCGGT,0,4456937
yagB_insX_yagA_predicted,0.125,7,7,GGCACGAAATTGCGAGATCT,0,4459492
yagB_insX_yagA_predicted,0.125,7,7,GGATCGCTCAAGACTAAGTA,0,4436859
yagB_insX_yagA_predicted,0.125,7,7,GGATATAGCGGGGCTATTCA,0,4445285
yagB_insX_yagA_predicted,0.125,7,7,GGATACTCGCTTAGAAGTGG,0,4457354
yagB_insX_yagA_predicted,0.125,7,7,GGATACATGGCCGTCTATGG,0,4464833
yagB_insX_yagA_predicted,0.125,7,7,GGAGTTCGAAGCAAAGAGTT,0,4453545
yagB_insX_yagA_predicted,0.125,7,7,GGAGGTCCACTCTTGGCAGG,0,4446198
yagB_insX_yagA_predicted,0.125,7,7,GGAGGAAAGATTGATTATAC,0,4454478
yagB_insX_yagA_predicted,0.125,7,7,GGACTGCACGTGTACCGGGA,0,4463928
yagB_insX_yagA_predicted,0.125,7,7,GGACGGTTAACGGACCGCGT,0,4460482
yagB_insX_yagA_predicted,0.125,7,7,GGACGGGGCCTGATTTCGGC,0,4446075
yagB_insX_yagA_predicted,0.125,7,7,GGACGACTGCGTCACAACTC,0,4463529
yagB_insX_yagA_predicted,0.125,7,7,GGACACAGTACTCACGATTG,0,4450568
yagB_insX_yagA_predicted,0.125,7,7,GGAATTGGATTAATAACAGA,0,4448956
yagB_insX_yagA_predicted,0.125,7,7,GGAATATCAACTTCTGGAAG,0,4450036
yagB_insX_yagA_predicted,0.125,7,7,GGAAGTTTGTAGGTCGCGAC,0,4471966
yagB_insX_yagA_predicted,0.125,7,7,GGAACTATGTTCTTGTCGGC,0,4456203
yagB_insX_yagA_predicted,0.125,7,7,GCTTTCGGGCCACCCTGTCC,0,4471175
yagB_insX_yagA_predicted,0.125,7,7,GCTTCGGGGGCAAGACCTCT,0,4436299
yagB_insX_yagA_predicted,0.125,7,7,GCTGTCGTTTCGCGAAGAAG,0,4445194
yagB_insX_yagA_predicted,0.125,7,7,GCTCTGTTGGATTATAGATT,0,4451545
yagB_insX_yagA_predicted,0.125,7,7,GCTCGCATACTAGCGGATCA,0,4438016
yagB_insX_yagA_predicted,0.125,7,7,GCTCCTTGTGTGTCGGCTTC,0,4456725
yagB_insX_yagA_predicted,0.125,7,7,GCTCCAATTGTCTGTATATA,0,4461303
yagB_insX_yagA_predicted,0.125,7,7,GCTCAACTGGGTGGCTACGT,0,4470377
yagB_insX_yagA_predicted,0.125,7,7,GCTAGGCGAATCTGGGGCGT,0,4445908
yagB_insX_yagA_predicted,0.125,7,7,GCTAGGAGAAGCATTAGCTT,0,4436647
yagB_insX_yagA_predicted,0.125,7,7,GCTAGACCTGGCTTGACATT,0,4458616
yagB_insX_yagA_predicted,0.125,7,7,GCGTTTCAAGAGGATAAGTG,0,4440104
yagB_insX_yagA_predicted,0.125,7,7,GCGTCGAGGGCCTGGAATCA,0,4450446
yagB_insX_yagA_predicted,0.125,7,7,GCGGGATTGTGATATAGATG,0,4444862
yagB_insX_yagA_predicted,0.125,7,7,GCGGACCATCCCATGTCTTT,0,4452384
yagB_insX_yagA_predicted,0.125,7,7,GCGCTTTCGAGGCAACAGGG,0,4438367
yagB_insX_yagA_predicted,0.125,7,7,GCGCACTGACTACTGTGTCT,0,4444450
yagB_insX_yagA_predicted,0.125,7,7,GCGAGGCTCCCAGTTGGCAT,0,4439629
yagB_insX_yagA_predicted,0.125,7,7,GCGAGAGCTATTATCCTGGG,0,4461547
yagB_insX_yagA_predicted,0.125,7,7,GCCTTCATTCGCTACCGACA,0,4456457
yagB_insX_yagA_predicted,0.125,7,7,GCCTTAGGTCATTACCCTGA,0,4462366
yagB_insX_yagA_predicted,0.125,7,7,GCCGAAGGTTGCCTTATGGT,0,4461037
yagB_insX_yagA_predicted,0.125,7,7,GCCCTACGGTTACCCCATTA,0,4458565
yagB_insX_yagA_predicted,0.125,7,7,GCCCAGTGATACCCGGAAGT,0,4448919
yagB_insX_yagA_predicted,0.125,7,7,GCCCAAAAATGTCTTGTTTA,0,4468351
yagB_insX_yagA_predicted,0.125,7,7,GCCATTTCATTGGCTAACGC,0,4453754
yagB_insX_yagA_predicted,0.125,7,7,GCCACATGCCAACGTGTTCC,0,4437303
yagB_insX_yagA_predicted,0.125,7,7,GCATGGTTTTAGTTGCAGGT,0,4471262
yagB_insX_yagA_predicted,0.125,7,7,GCATGCGTTGGACAGGCCCG,0,4437773
yagB_insX_yagA_predicted,0.125,7,7,GCATCATAGATATCCACACT,0,4454632
yagB_insX_yagA_predicted,0.125,7,7,GCAGCTTTTGACCACCGTAC,0,4442269
yagB_insX_yagA_predicted,0.125,7,7,GCAAGGTTTAGGTTGGGTGA,0,4445673
yagB_insX_yagA_predicted,0.125,7,7,GATTTACAACTTTGAACGGC,0,4441015
yagB_insX_yagA_predicted,0.125,7,7,GATTCTGGGTACTGTCGATG,0,4438134
yagB_insX_yagA_predicted,0.125,7,7,GATGTCACGTGTATTCTTAT,0,4465959
yagB_insX_yagA_predicted,0.125,7,7,GATGGGACCACAGAACTAAT,0,4469264
yagB_insX_yagA_predicted,0.125,7,7,GATCCAATTTTCCTCATTTG,0,4439681
yagB_insX_yagA_predicted,0.125,7,7,GATAGTAGACAAAGGTATCT,0,4451238
yagB_insX_yagA_predicted,0.125,7,7,GAGTAGATAAATCCCCGGAC,0,4453150
yagB_insX_yagA_predicted,0.125,7,7,GAGTACGCGGAAGCTCTGCA,0,4466906
yagB_insX_yagA_predicted,0.125,7,7,GAGGTTCACTACCGTCCCTG,0,4458122
yagB_insX_yagA_predicted,0.125,7,7,GAGGGGAACAAGATTGTCGT,0,4442038
yagB_insX_yagA_predicted,0.125,7,7,GAGGGACCTGGTGAATATTT,0,4448467
yagB_insX_yagA_predicted,0.125,7,7,GAGGAGAGAGCGCAAGTACC,0,4446140
yagB_insX_yagA_predicted,0.125,7,7,GAGCCCCCGTGTGGTACACT,0,4436229
yagB_insX_yagA_predicted,0.125,7,7,GAGCAGGTTCTCGTCCTACA,0,4438108
yagB_insX_yagA_predicted,0.125,7,7,GAGCACGGCCATCATTCCTG,0,4450076
yagB_insX_yagA_predicted,0.125,7,7,GAGAGCACCATATGCATTTT,0,4457060
yagB_insX_yagA_predicted,0.125,7,7,GAGAAGAACGGCAAGCTACG,0,4436038
yagB_insX_yagA_predicted,0.125,7,7,GAGAACGTATCTCATTAAGG,0,4472143
yagB_insX_yagA_predicted,0.125,7,7,GACTTCCTCCTATTTCTGGA,0,4463727
yagB_insX_yagA_predicted,0.125,7,7,GACGATGGTCAAAGGGATCC,0,4470156
yagB_insX_yagA_predicted,0.125,7,7,GACGATATTGGCTGCCACAG,0,4448512
yagB_insX_yagA_predicted,0.125,7,7,GACCTTGCTACTCAGCGCTC,0,4437511
yagB_insX_yagA_predicted,0.125,7,7,GACCTCCCACGCTTGAGCCG,0,4444615
yagB_insX_yagA_predicted,0.125,7,7,GACCATGCACATTTCAAACA,0,4449322
yagB_insX_yagA_predicted,0.125,7,7,GACCATCTAATAGATACAAT,0,4438517
yagB_insX_yagA_predicted,0.125,7,7,GACCACAGTTCACTTGACTT,0,4452938
yagB_insX_yagA_predicted,0.125,7,7,GACAGCAGTCCTGAACAGAT,0,4456863
yagB_insX_yagA_predicted,0.125,7,7,GACAGCAGAGTCTCTTTGTA,0,4450944
yagB_insX_yagA_predicted,0.125,7,7,GAATTCCGCGTCTTTCGCAC,0,4457648
yagB_insX_yagA_predicted,0.125,7,7,GAATGGATAACGTAGCAGTA,0,4456111
yagB_insX_yagA_predicted,0.125,7,7,GAATGCGACATAAGACCGTA,0,4435979
yagB_insX_yagA_predicted,0.125,7,7,GAATCGCTCAATACGGTCTC,0,4438235
yagB_insX_yagA_predicted,0.125,7,7,GAAGATCAGAAGTACGTGGG,0,4451925
yagB_insX_yagA_predicted,0.125,7,7,GAACTGGGTTGGTATTTGAC,0,4468546
yagB_insX_yagA_predicted,0.125,7,7,GAACCGGCGTATCAGTGATT,0,4453494
yagB_insX_yagA_predicted,0.125,7,7,GAAAGTAAGAACTGCCCACC,0,4446742
yagB_insX_yagA_predicted,0.125,7,7,GAAAACGCTGCTAGGTTGGT,0,4456363
yagB_insX_yagA_predicted,0.125,7,7,CTTTATAGCCGTTAGTCCGG,0,4449895
yagB_insX_yagA_predicted,0.125,7,7,CTTTAGTATGTATACAGGTA,0,4453866
yagB_insX_yagA_predicted,0.125,7,7,CTTTACGCGAAGACGCGACA,0,4436948
yagB_insX_yagA_predicted,0.125,7,7,CTTTAAATGTAAGGTGCCAC,0,4472174
yagB_insX_yagA_predicted,0.125,7,7,CTTGTGGTGCTGCAGTGGAT,0,4470200
yagB_insX_yagA_predicted,0.125,7,7,CTTGCCGAGGTACGGCCGTG,0,4462268
yagB_insX_yagA_predicted,0.125,7,7,CTTCTCCCCGTGACCTAATA,0,4436515
yagB_insX_yagA_predicted,0.125,7,7,CTGTGGTCCCCAGAGTCAAT,0,4451906
yagB_insX_yagA_predicted,0.125,7,7,CTGTGGGCGGTTCCAAGTCC,0,4453804
yagB_insX_yagA_predicted,0.125,7,7,CTGTCTTTGTCTTCTTTTAC,0,4445539
yagB_insX_yagA_predicted,0.125,7,7,CTGTACTTAATACAGGCGAA,0,4451198
yagB_insX_yagA_predicted,0.125,7,7,CTGGTCTCGCCTATATTGGC,0,4469525
yagB_insX_yagA_predicted,0.125,7,7,CTGGATGGCCTTTACTTCCA,0,4451017
yagB_insX_yagA_predicted,0.125,7,7,CTGGACGGTAAACCAATGTA,0,4454575
yagB_insX_yagA_predicted,0.125,7,7,CTGATTCCGTCGTTCACCAC,0,4464900
yagB_insX_yagA_predicted,0.125,7,7,CTCTTGAATTTTCGGCCCGG,0,4462093
yagB_insX_yagA_predicted,0.125,7,7,CTCTTAGGACTGCAAACTGT,0,4466723
yagB_insX_yagA_predicted,0.125,7,7,CTCTGTAAAACTCATAGAAT,0,4451534
yagB_insX_yagA_predicted,0.125,7,7,CTCTACCCTTCTAGTGGAAG,0,4441563
yagB_insX_yagA_predicted,0.125,7,7,CTCGTGACAGTCGTAGGCGC,0,4458100
yagB_insX_yagA_predicted,0.125,7,7,CTCGTACCATGTGTAGCATG,0,4455846
yagB_insX_yagA_predicted,0.125,7,7,CTCGGACTACCTATTGGAAA,0,4448274
yagB_insX_yagA_predicted,0.125,7,7,CTCGCTTCGTCTAACCCCAC,0,4464258
yagB_insX_yagA_predicted,0.125,7,7,CTCCGCACACTCTAGAATAG,0,4470108
yagB_insX_yagA_predicted,0.125,7,7,CTCAGAGCACGGTGAATTGC,0,4457138
yagB_insX_yagA_predicted,0.125,7,7,CTCAGACGGGTATTACCGTT,0,4460802
yagB_insX_yagA_predicted,0.125,7,7,CTATGCAGTGCTGTCTGGGT,0,4438972
yagB_insX_yagA_predicted,0.125,7,7,CTATCGAGTGGGCATTGAGC,0,4460204
yagB_insX_yagA_predicted,0.125,7,7,CTAGTCATCACAGGGTGCGC,0,4437575
yagB_insX_yagA_predicted,0.125,7,7,CTACTTGCGCTGATAATACT,0,4450080
yagB_insX_yagA_predicted,0.125,7,7,CTACTTCAGGAAATCGGTCC,0,4463853
yagB_insX_yagA_predicted,0.125,7,7,CTACTCGCCAGAGTAATACC,0,4470075
yagB_insX_yagA_predicted,0.125,7,7,CTACGTCGGGGAATAACACG,0,4453344
yagB_insX_yagA_predicted,0.125,7,7,CTACGGTTGCCACACTTTTT,0,4450073
yagB_insX_yagA_predicted,0.125,7,7,CTAATAACATAGTGACACTC,0,4465483
yagB_insX_yagA_predicted,0.125,7,7,CTAAGGAGTACATGACAGTG,0,4446315
yagB_insX_yagA_predicted,0.125,7,7,CTAAGAGCACGACAGTGCCC,0,4462683
yagB_insX_yagA_predicted,0.125,7,7,CGTTTAGATGGTTCGAGGTA,0,4441263
yagB_insX_yagA_predicted,0.125,7,7,CGTGGTGTGCGGGCATAATA,0,4448574
yagB_insX_yagA_predicted,0.125,7,7,CGTGGGCCACAAAATGAGGG,0,4467097
yagB_insX_yagA_predicted,0.125,7,7,CGTCGCGTACACTGATCGTT,0,4457975
yagB_insX_yagA_predicted,0.125,7,7,CGTCCGCAAGACGCTTAGTG,0,4442845
yagB_insX_yagA_predicted,0.125,7,7,CGTCCAGCAGCTGCCGTCCA,0,4463419
yagB_insX_yagA_predicted,0.125,7,7,CGTCACTTTCGAAAACGACA,0,4445990
yagB_insX_yagA_predicted,0.125,7,7,CGTCAAGTCTGAAACGGCAT,0,4442103
yagB_insX_yagA_predicted,0.125,7,7,CGTATTTTGATCAGTCGGGC,0,4437551
yagB_insX_yagA_predicted,0.125,7,7,CGGTTGAAATGCGTGCCCCA,0,4458076
yagB_insX_yagA_predicted,0.125,7,7,CGGTGCAACACATTAATGCC,0,4447182
yagB_insX_yagA_predicted,0.125,7,7,CGGGTTAGTAGAACCCCTAG,0,4470210
yagB_insX_yagA_predicted,0.125,7,7,CGGGGGTTACACGCGGTTTA,0,4467138
yagB_insX_yagA_predicted,0.125,7,7,CGGGGCATACGGGCGAGATA,0,4445300
yagB_insX_yagA_predicted,0.125,7,7,CGGGGAATATCCAGACATTA,0,4463122
yagB_insX_yagA_predicted,0.125,7,7,CGGGCACTAGCCTTCTATTC,0,4451650
yagB_insX_yagA_predicted,0.125,7,7,CGGGAGAGGACCGGGCGATT,0,4436424
yagB_insX_yagA_predicted,0.125,7,7,CGGCGTAGGGGGAACTGGTT,0,4470945
yagB_insX_yagA_predicted,0.125,7,7,CGGCGGAACACGCCGGTAAA,0,4459426
yagB_insX_yagA_predicted,0.125,7,7,CGGCCGGTTGCAACCGAATC,0,4470044
yagB_insX_yagA_predicted,0.125,7,7,CGGCAATAGTAAAGCCGCGC,0,4439723
yagB_insX_yagA_predicted,0.125,7,7,CGGATCAAATTTTGAATTAC,0,4439265
yagB_insX_yagA_predicted,0.125,7,7,CGGAGGAGCAACGAGAAGCA,0,4438018
yagB_insX_yagA_predicted,0.125,7,7,CGGAGATAGTCTTGGTACCC,0,4447084
yagB_insX_yagA_predicted,0.125,7,7,CGCGAGTACATGGGATCTTC,0,4451305
yagB_insX_yagA_predicted,0.125,7,7,CGCCTCAAGAGCACACTGTA,0,4453302
yagB_insX_yagA_predicted,0.125,7,7,CGCCAGGCGCTGGCGCAGCC,0,4457995
yagB_insX_yagA_predicted,0.125,7,7,CGCATCGCGTTCGGGTATAT,0,4455074
yagB_insX_yagA_predicted,0.125,7,7,CGCACGCGCCAGGTCGGAGC,0,4440214
yagB_insX_yagA_predicted,0.125,7,7,CGATCTGATCCTGATATGCA,0,4452807
yagB_insX_yagA_predicted,0.125,7,7,CGATCCTAGGTTGCCGGAAA,0,4447660
yagB_insX_yagA_predicted,0.125,7,7,CGAGTCTTACGGGAGAATCA,0,4471458
yagB_insX_yagA_predicted,0.125,7,7,CGAGCTGTCAAGGGGAGGAC,0,4459985
yagB_insX_yagA_predicted,0.125,7,7,CGAGATAGTCGGGTTCCGGT,0,4461273
yagB_insX_yagA_predicted,0.125,7,7,CGACGTGTCGCCGGCAAATC,0,4438619
yagB_insX_yagA_predicted,0.125,7,7,CGACGGAGGTAGAGGCGCCT,0,4457185
yagB_insX_yagA_predicted,0.125,7,7,CGACGGACCGTCTAAGCGAA,0,4436861
yagB_insX_yagA_predicted,0.125,7,7,CGACCTCAACCTAGGTCGAG,0,4443690
yagB_insX_yagA_predicted,0.125,7,7,CGACCGGTTACAAGGTCTTC,0,4447101
yagB_insX_yagA_predicted,0.125,7,7,CGACAGAGGTTACTTTCCAA,0,4448215
yagB_insX_yagA_predicted,0.125,7,7,CGAACCCTCTTAGGGCGGAT,0,4443299
yagB_insX_yagA_predicted,0.125,7,7,CCTTTATTTGCATAACGGGT,0,4439413
yagB_insX_yagA_predicted,0.125,7,7,CCTTCTTCACATGCTCCTGC,0,4464520
yagB_insX_yagA_predicted,0.125,7,7,CCTTCGTTGCACGGCACATG,0,4457280
yagB_insX_yagA_predicted,0.125,7,7,CCTGGCATCGGTCACGGCGA,0,4470840
yagB_insX_yagA_predicted,0.125,7,7,CCTGACAACGTCGGCTTACT,0,4464525
yagB_insX_yagA_predicted,0.125,7,7,CCTCCAGTGCAGAGGTCTGC,0,4465219
yagB_insX_yagA_predicted,0.125,7,7,CCTCAGGGCCGATGACAAGA,0,4442556
yagB_insX_yagA_predicted,0.125,7,7,CCTATAGTACAAGGTTCGAA,0,4463133
yagB_insX_yagA_predicted,0.125,7,7,CCTAGGGAGTAGATTGCAAA,0,4460695
yagB_insX_yagA_predicted,0.125,7,7,CCTAAGGGCTGCTGCACGGA,0,4450978
yagB_insX_yagA_predicted,0.125,7,7,CCGTTTTACGTAACAGCTCA,0,4450620
yagB_insX_yagA_predicted,0.125,7,7,CCGTTCTAGAGTTTCCATCT,0,4437619
yagB_insX_yagA_predicted,0.125,7,7,CCGTACTTCGTGGTGTAGAC,0,4463985
yagB_insX_yagA_predicted,0.125,7,7,CCGGTTGGAGTGCTTTTGTA,0,4444688
yagB_insX_yagA_predicted,0.125,7,7,CCGGTGAATTAAACCGTCAT,0,4443726
yagB_insX_yagA_predicted,0.125,7,7,CCGGGGCGGTAGGAGTTAGG,0,4459069
yagB_insX_yagA_predicted,0.125,7,7,CCGCTGTTATAAGCTCAGCA,0,4460439
yagB_insX_yagA_predicted,0.125,7,7,CCGCATTGCAGCTCCAGACG,0,4467218
yagB_insX_yagA_predicted,0.125,7,7,CCGATGTAGGCGCAACCACT,0,4446460
yagB_insX_yagA_predicted,0.125,7,7,CCGAAGGCGGTGACCCGTAA,0,4460598
yagB_insX_yagA_predicted,0.125,7,7,CCCTTACAAACCAATAAGGT,0,4443118
yagB_insX_yagA_predicted,0.125,7,7,CCCGCATGCTTAACGACTTT,0,4465610
yagB_insX_yagA_predicted,0.125,7,7,CCCGCAGCAGGGGTTAAAGC,0,4460035
yagB_insX_yagA_predicted,0.125,7,7,CCCGATACGGGAGATTTTAA,0,4455949
yagB_insX_yagA_predicted,0.125,7,7,CCCGACGGCTTAAATCGCCT,0,4455687
yagB_insX_yagA_predicted,0.125,7,7,CCCCTCGGGAATCACAAGCG,0,4451401
yagB_insX_yagA_predicted,0.125,7,7,CCCCTAGCTAATACGAGTAA,0,4446727
yagB_insX_yagA_predicted,0.125,7,7,CCCCGATGTTAATGTTGTGT,0,4438013
yagB_insX_yagA_predicted,0.125,7,7,CCCCAGGGGCTTAAGAAAAA,0,4464160
yagB_insX_yagA_predicted,0.125,7,7,CCCAGCATCATCGCGTAGGA,0,4470630
yagB_insX_yagA_predicted,0.125,7,7,CCATTGGCTTTAGCGAGGAC,0,4451476
yagB_insX_yagA_predicted,0.125,7,7,CCATGCTCCTGTGAGGAAAT,0,4470293
yagB_insX_yagA_predicted,0.125,7,7,CCAGTTGTCACTGAATCAAA,0,4467696
yagB_insX_yagA_predicted,0.125,7,7,CCAGGAGGCAATCCTAACCG,0,4456933
yagB_insX_yagA_predicted,0.125,7,7,CCAGACATTTCTGTAAGATG,0,4445527
yagB_insX_yagA_predicted,0.125,7,7,CCAGAAGAGTCTCCGCACGT,0,4459026
yagB_insX_yagA_predicted,0.125,7,7,CCACTTCGACGAATCAACAC,0,4467258
yagB_insX_yagA_predicted,0.125,7,7,CCACGACTTGCATACAACTA,0,4447505
yagB_insX_yagA_predicted,0.125,7,7,CCACCAAGAAGAAAGATAGG,0,4468946
yagB_insX_yagA_predicted,0.125,7,7,CCAACCGCGATTGGAACTTG,0,4460485
yagB_insX_yagA_predicted,0.125,7,7,CATTTATGCGCAACCAGGCA,0,4440304
yagB_insX_yagA_predicted,0.125,7,7,CATTCAATGTTGCAACCGTA,0,4448199
yagB_insX_yagA_predicted,0.125,7,7,CATTACAAGAAGAGAGGGAT,0,4469584
yagB_insX_yagA_predicted,0.125,7,7,CATGTGATGTTCGTGTGCAG,0,4455806
yagB_insX_yagA_predicted,0.125,7,7,CATGCCTAACCAGTGTCCGC,0,4445759
yagB_insX_yagA_predicted,0.125,7,7,CATGATCGGTAACACCGATC,0,4453617
yagB_insX_yagA_predicted,0.125,7,7,CATGAGTAGTTATAGGATTC,0,4436492
yagB_insX_yagA_predicted,0.125,7,7,CATATTATCGTAGTCTTCGT,0,4455912
yagB_insX_yagA_predicted,0.125,7,7,CAGTTGAGCCGTGTGACTAG,0,4441667
yagB_insX_yagA_predicted,0.125,7,7,CAGTGGTGTTGGCCCATCAA,0,4439841
yagB_insX_yagA_predicted,0.125,7,7,CAGTGCTTAAGACCGACGTA,0,4442063
yagB_insX_yagA_predicted,0.125,7,7,CAGTACGCTCATTATGCCGT,0,4446092
yagB_insX_yagA_predicted,0.125,7,7,CAGTACATCATAGAACCTGT,0,4469016
yagB_insX_yagA_predicted,0.125,7,7,CAGGGGACGATGGCAGTGCA,0,4455348
yagB_insX_yagA_predicted,0.125,7,7,CAGCTGATACTATGACTGGT,0,4451131
yagB_insX_yagA_predicted,0.125,7,7,CAGCTAAGGCGTCCCTACAA,0,4443005
yagB_insX_yagA_predicted,0.125,7,7,CAGCACACCCGTAGGGACTG,0,4436425
yagB_insX_yagA_predicted,0.125,7,7,CAGATTGAGGCCTAGGTGAA,0,4443147
yagB_insX_yagA_predicted,0.125,7,7,CAGAGCTCTTCGGGAATTCG,0,4450487
yagB_insX_yagA_predicted,0.125,7,7,CACTTCACGGGGATATCCCC,0,4460667
yagB_insX_yagA_predicted,0.125,7,7,CACTGGGACAAATGGGTGAG,0,4453442
yagB_insX_yagA_predicted,0.125,7,7,CACTCACGGGGTCCTATGAT,0,4439923
yagB_insX_yagA_predicted,0.125,7,7,CACGGGGTTTTCGGGCACTA,0,4451215
yagB_insX_yagA_predicted,0.125,7,7,CACGGGACTCCGTCTATTTA,0,4448430
yagB_insX_yagA_predicted,0.125,7,7,CACCGCTGACGGGCCGCAGC,0,4437328
yagB_insX_yagA_predicted,0.125,7,7,CACCGCTCTCATAGATCTGC,0,4456795
yagB_insX_yagA_predicted,0.125,7,7,CACCCCAGGTTATGCGTTAC,0,4450164
yagB_insX_yagA_predicted,0.125,7,7,CACCCAGGTGCTACGGGAGA,0,4460711
yagB_insX_yagA_predicted,0.125,7,7,CACATTATAAAAGAGTGGGT,0,4452832
yagB_insX_yagA_predicted,0.125,7,7,CACACTCTATAGGGGCTCGT,0,4466305
yagB_insX_yagA_predicted,0.125,7,7,CACACGGCGTAATAATAGAT,0,4457674
yagB_insX_yagA_predicted,0.125,7,7,CAATTGCGCTTGACCGAAAT,0,4461646
yagB_insX_yagA_predicted,0.125,7,7,CAATGCGAGGTAGGCTCCCC,0,4465317
yagB_insX_yagA_predicted,0.125,7,7,CAATCCTCGAGAGGGGTACA,0,4450352
yagB_insX_yagA_predicted,0.125,7,7,CAAGGGGGCTCTTCTGCAGG,0,4451418
yagB_insX_yagA_predicted,0.125,7,7,CAAGCCGGCAGTAACTACGT,0,4452720
yagB_insX_yagA_predicted,0.125,7,7,CAACGGGATAGTCCGAGCGG,0,4455875
yagB_insX_yagA_predicted,0.125,7,7,CAACCTCTCATCGCAAGCCT,0,4450441
yagB_insX_yagA_predicted,0.125,7,7,CAAATTTGCTCATTTTTCAC,0,4440715
yagB_insX_yagA_predicted,0.125,7,7,CAAATCGATCGGTTCCACTC,0,4440168
yagB_insX_yagA_predicted,0.125,7,7,CAAACTTGGCCGATACCCTG,0,4448809
yagB_insX_yagA_predicted,0.125,7,7,CAAACCGCTTTATCGATCGA,0,4450167
yagB_insX_yagA_predicted,0.125,7,7,ATTTATCTACACTCCGTGTC,0,4470246
yagB_insX_yagA_predicted,0.125,7,7,ATTGGCGGAGTAACTTGCGT,0,4457740
yagB_insX_yagA_predicted,0.125,7,7,ATTGGCGCTTTGGGGAATGG,0,4454296
yagB_insX_yagA_predicted,0.125,7,7,ATTGGAGGCCGGTCAGACGT,0,4455838
yagB_insX_yagA_predicted,0.125,7,7,ATTGCGCCAGGTAGCAGTAA,0,4454503
yagB_insX_yagA_predicted,0.125,7,7,ATTCCTAGAAGGAGCCGTTC,0,4462702
yagB_insX_yagA_predicted,0.125,7,7,ATTCCGCCCAGTTGGTGACT,0,4446975
yagB_insX_yagA_predicted,0.125,7,7,ATTCCATCCCTTACCTTGGC,0,4446334
yagB_insX_yagA_predicted,0.125,7,7,ATTATTATACGGCGCAACTC,0,4455065
yagB_insX_yagA_predicted,0.125,7,7,ATTATGAGAAACATCGCAAC,0,4448597
yagB_insX_yagA_predicted,0.125,7,7,ATTATATCTTGGCTGGTCAT,0,4439520
yagB_insX_yagA_predicted,0.125,7,7,ATTATACTAGGGCGAGAAAT,0,4470465
yagB_insX_yagA_predicted,0.125,7,7,ATTAGCTCAGGTATGAGAGG,0,4449807
yagB_insX_yagA_predicted,0.125,7,7,ATGTTGCTAACTTTTGCACA,0,4463523
yagB_insX_yagA_predicted,0.125,7,7,ATGTCTTCGTGGTAGAGCCT,0,4454241
yagB_insX_yagA_predicted,0.125,7,7,ATGTCCGTGTAGTCGAACCA,0,4471963
yagB_insX_yagA_predicted,0.125,7,7,ATGGTGATGGGGCGGCCCTA,0,4445626
yagB_insX_yagA_predicted,0.125,7,7,ATGGGACCGAGGCCTGATGT,0,4445362
yagB_insX_yagA_predicted,0.125,7,7,ATGGCAGAACGACTGCGCGT,0,4435997
yagB_insX_yagA_predicted,0.125,7,7,ATGATATAGGTTGTGTGATG,0,4448950
yagB_insX_yagA_predicted,0.125,7,7,ATGATAGGCAAGGGGTTATC,0,4465616
yagB_insX_yagA_predicted,0.125,7,7,ATGAGCTGTCCTCTACATAC,0,4449573
yagB_insX_yagA_predicted,0.125,7,7,ATGACTGTTGTTAGAGCGGA,0,4465758
yagB_insX_yagA_predicted,0.125,7,7,ATGACTGTTCGACCTACAAT,0,4453110
yagB_insX_yagA_predicted,0.125,7,7,ATGACGTCTCGCCGTTACGA,0,4461704
yagB_insX_yagA_predicted,0.125,7,7,ATGAAAGGCACAGGCTCAGA,0,4469443
yagB_insX_yagA_predicted,0.125,7,7,ATCTTTAGGGTCTTACCAAA,0,4469425
yagB_insX_yagA_predicted,0.125,7,7,ATCTAATTACGATCGCAATG,0,4456101
yagB_insX_yagA_predicted,0.125,7,7,ATCCTATGCTCGTTATCCTA,0,4450031
yagB_insX_yagA_predicted,0.125,7,7,ATCCAGGCCCGGTCGGAAGA,0,4455009
yagB_insX_yagA_predicted,0.125,7,7,ATCCACCGGATGATGGTCGC,0,4457080
yagB_insX_yagA_predicted,0.125,7,7,ATCATGTTAGTGAGCTTTGA,0,4455966
yagB_insX_yagA_predicted,0.125,7,7,ATCATCGATCGAGTATGACA,0,4469784
yagB_insX_yagA_predicted,0.125,7,7,ATCAGCCAGGAACAAACGAA,0,4463650
yagB_insX_yagA_predicted,0.125,7,7,ATCAACTAGAAGCGTTGTAA,0,4460315
yagB_insX_yagA_predicted,0.125,7,7,ATAGTGTGTTTCGACCGCAA,0,4436294
yagB_insX_yagA_predicted,0.125,7,7,ATAGGCCGGAGGCGCTCGCA,0,4448618
yagB_insX_yagA_predicted,0.125,7,7,ATAGGCAAGCGAGCTAGCGC,0,4451095
yagB_insX_yagA_predicted,0.125,7,7,ATAGGATTCACGTGGTGCAA,0,4449725
yagB_insX_yagA_predicted,0.125,7,7,ATAGCACTTGATTAATATCT,0,4465999
yagB_insX_yagA_predicted,0.125,7,7,ATAGAGTCCCGCCTCCACTG,0,4463913
yagB_insX_yagA_predicted,0.125,7,7,ATAGAAAGTTTCTAATGGTT,0,4447856
yagB_insX_yagA_predicted,0.125,7,7,ATACGGTGTAACAATGGGTT,0,4446515
yagB_insX_yagA_predicted,0.125,7,7,ATAAGGCTCAACCCCGCAGC,0,4466672
yagB_insX_yagA_predicted,0.125,7,7,ATAAAATGAATTCAAGCGAT,0,4441844
yagB_insX_yagA_predicted,0.125,7,7,AGTTTACAAACTTGACCAGG,0,4446866
yagB_insX_yagA_predicted,0.125,7,7,AGTTTAAGGATTAATAAAAA,0,4464826
yagB_insX_yagA_predicted,0.125,7,7,AGTTGTCTTGCATGTGATCA,0,4458654
yagB_insX_yagA_predicted,0.125,7,7,AGTTGACTGGTTATGTTTGC,0,4456402
yagB_insX_yagA_predicted,0.125,7,7,AGTTCGCCTAGAAGTCAAGA,0,4439649
yagB_insX_yagA_predicted,0.125,7,7,AGTTAGTTACCCGCCTCTTT,0,4468099
yagB_insX_yagA_predicted,0.125,7,7,AGTGTAGATCGCGCGCCTCG,0,4466988
yagB_insX_yagA_predicted,0.125,7,7,AGTGGCGGCGCCCAGTCATT,0,4462869
yagB_insX_yagA_predicted,0.125,7,7,AGTGACACACAGAGTATGCC,0,4436151
yagB_insX_yagA_predicted,0.125,7,7,AGTCTTAACGATGACGAAGC,0,4458907
yagB_insX_yagA_predicted,0.125,7,7,AGTCTATTCGACATTCACGG,0,4462315
yagB_insX_yagA_predicted,0.125,7,7,AGTCTATATTTTAGCGTCCA,0,4436018
yagB_insX_yagA_predicted,0.125,7,7,AGTCGTAGTGCCTGTCAATA,0,4444344
yagB_insX_yagA_predicted,0.125,7,7,AGTCCTGGAGGCCTGATTGT,0,4436963
yagB_insX_yagA_predicted,0.125,7,7,AGTCAAAATCCGATATTTCC,0,4471560
yagB_insX_yagA_predicted,0.125,7,7,AGGTTGCTGTGGATTGGTTT,0,4456934
yagB_insX_yagA_predicted,0.125,7,7,AGGTTCTTGTTCACAAGGTC,0,4448612
yagB_insX_yagA_predicted,0.125,7,7,AGGTCAGTTCCTATTAATAG,0,4463899
yagB_insX_yagA_predicted,0.125,7,7,AGGTAGAGCTAGTGAAGAAT,0,4458026
yagB_insX_yagA_predicted,0.125,7,7,AGGGCACCGCCAAACAACTC,0,4443409
yagB_insX_yagA_predicted,0.125,7,7,AGGGCACACAATGAGTTGGT,0,4448033
yagB_insX_yagA_predicted,0.125,7,7,AGGGCAATGGGGCCAGGAAT,0,4437515
yagB_insX_yagA_predicted,0.125,7,7,AGGCTTAATCAATTGATCGC,0,4450861
yagB_insX_yagA_predicted,0.125,7,7,AGGCTGCGACTGTAATGTGG,0,4438464
yagB_insX_yagA_predicted,0.125,7,7,AGGATGTGGGTTTCTATGTG,0,4442971
yagB_insX_yagA_predicted,0.125,7,7,AGGAGAGATCACGGATAGTG,0,4454937
yagB_insX_yagA_predicted,0.125,7,7,AGGAACTACCGAAATCGAAG,0,4449863
yagB_insX_yagA_predicted,0.125,7,7,AGCTTAAGAAAGATGGATTA,0,4442802
yagB_insX_yagA_predicted,0.125,7,7,AGCTAGTGAAACAAGCAACT,0,4447259
yagB_insX_yagA_predicted,0.125,7,7,AGCTAGAAATTAGGGGTTGG,0,4464972
yagB_insX_yagA_predicted,0.125,7,7,AGCGGCCGAGTGTTCACTAG,0,4470514
yagB_insX_yagA_predicted,0.125,7,7,AGCCTTGGGGTTGAATTGGC,0,4446081
yagB_insX_yagA_predicted,0.125,7,7,AGCCTGGTACCGGTTCCCTC,0,4437417
yagB_insX_yagA_predicted,0.125,7,7,AGCCGAATCAACTTTAGTGA,0,4442250
yagB_insX_yagA_predicted,0.125,7,7,AGCCCGGCACCTATTATGTG,0,4465670
yagB_insX_yagA_predicted,0.125,7,7,AGCCCATGAAGGTCCAATAT,0,4459282
yagB_insX_yagA_predicted,0.125,7,7,AGCCACACACTAATTAGGCT,0,4447697
yagB_insX_yagA_predicted,0.125,7,7,AGCAGAGAGTCTGTCCGCGA,0,4454136
yagB_insX_yagA_predicted,0.125,7,7,AGCACTATACGAAATACCGG,0,4447219
yagB_insX_yagA_predicted,0.125,7,7,AGCAAGTCTACTAAGGAGGA,0,4460781
yagB_insX_yagA_predicted,0.125,7,7,AGATTTCATTGCATCAAAGT,0,4469708
yagB_insX_yagA_predicted,0.125,7,7,AGATATAGACTCAGTTATTC,0,4454255
yagB_insX_yagA_predicted,0.125,7,7,AGAGGCATCCGCCTATTTCC,0,4439378
yagB_insX_yagA_predicted,0.125,7,7,AGAGGACTCGATGATGCTAG,0,4457105
yagB_insX_yagA_predicted,0.125,7,7,AGAGCTTGTATGCTACCACG,0,4436509
yagB_insX_yagA_predicted,0.125,7,7,AGACTGTTTTGTGCGGTGTT,0,4461777
yagB_insX_yagA_predicted,0.125,7,7,AGACTGAAACCTCCAGCATG,0,4446936
yagB_insX_yagA_predicted,0.125,7,7,AGACGTCCTTTTTCCAGCTC,0,4464060
yagB_insX_yagA_predicted,0.125,7,7,AGACGGACATTTCAGCGGGC,0,4466618
yagB_insX_yagA_predicted,0.125,7,7,AGACCATACGACCAAAAGTA,0,4437520
yagB_insX_yagA_predicted,0.125,7,7,AGACAAGACGTTTTCAGATG,0,4439593
yagB_insX_yagA_predicted,0.125,7,7,AGAACCTGGTCGAGTCCAAA,0,4445026
yagB_insX_yagA_predicted,0.125,7,7,AGAAATCCATAAAATCACCT,0,4446644
yagB_insX_yagA_predicted,0.125,7,7,AGAAAATCTCTTAGGAGCAA,0,4439939
yagB_insX_yagA_predicted,0.125,7,7,AGAAAAGGGTAACAAGGCCA,0,4466901
yagB_insX_yagA_predicted,0.125,7,7,ACTTGGACCAGCCAAGATCA,0,4441428
yagB_insX_yagA_predicted,0.125,7,7,ACTTAATTGCATGCATCGCT,0,4449635
yagB_insX_yagA_predicted,0.125,7,7,ACTTAAGGGCCTCCGCATGT,0,4457690
yagB_insX_yagA_predicted,0.125,7,7,ACTGTTCTCCGTGGACGCGG,0,4441385
yagB_insX_yagA_predicted,0.125,7,7,ACTGTCCATAGACCACGCTT,0,4460163
yagB_insX_yagA_predicted,0.125,7,7,ACTCTTATGGGGTAACTTTA,0,4436438
yagB_insX_yagA_predicted,0.125,7,7,ACTCGGTACGCGAATGCCCC,0,4445365
yagB_insX_yagA_predicted,0.125,7,7,ACTCCACAGACCCGAGCTCA,0,4464682
yagB_insX_yagA_predicted,0.125,7,7,ACGTCTTGACCTTGGATGTT,0,4468654
yagB_insX_yagA_predicted,0.125,7,7,ACGGGGGTTCGATCGGGCGA,0,4453184
yagB_insX_yagA_predicted,0.125,7,7,ACGGGACCGGCTACTCAGTC,0,4452175
yagB_insX_yagA_predicted,0.125,7,7,ACGGCACGCCTCCGGAGTGA,0,4450685
yagB_insX_yagA_predicted,0.125,7,7,ACGGACCGAAGGCTCCCTAG,0,4454787
yagB_insX_yagA_predicted,0.125,7,7,ACGCCTCATCTTAATGCTTT,0,4455395
yagB_insX_yagA_predicted,0.125,7,7,ACGCCGATGCTTCTCGGAGA,0,4466452
yagB_insX_yagA_predicted,0.125,7,7,ACGACGATAACTTGGCAATC,0,4441427
yagB_insX_yagA_predicted,0.125,7,7,ACGACCAGAACGAGAGGCCT,0,4450911
yagB_insX_yagA_predicted,0.125,7,7,ACCTGTATGGTCAGCGGTTG,0,4453118
yagB_insX_yagA_predicted,0.125,7,7,ACCGGTGCGGCGAGTATCGT,0,4442897
yagB_insX_yagA_predicted,0.125,7,7,ACCGGGCATGTGGTTTCCTT,0,4466781
yagB_insX_yagA_predicted,0.125,7,7,ACCGCGGTGAAGTCTGAAAG,0,4451947
yagB_insX_yagA_predicted,0.125,7,7,ACCGCATTGTGGACCTGCAT,0,4442297
yagB_insX_yagA_predicted,0.125,7,7,ACCGCATCAAGCGCAGTGAG,0,4463173
yagB_insX_yagA_predicted,0.125,7,7,ACCCGGAATCGTTCGAACAC,0,4460536
yagB_insX_yagA_predicted,0.125,7,7,ACCATTAATATATTAGCTGC,0,4457461
yagB_insX_yagA_predicted,0.125,7,7,ACCATCCGCCACACACGCTC,0,4460442
yagB_insX_yagA_predicted,0.125,7,7,ACCACGCACGTCATAATCAG,0,4445888
yagB_insX_yagA_predicted,0.125,7,7,ACATGATCCTGTGTTCCTAA,0,4443371
yagB_insX_yagA_predicted,0.125,7,7,ACATCTAATCCTAAGGGGGC,0,4438936
yagB_insX_yagA_predicted,0.125,7,7,ACATCGTTGCATGGCCCAGC,0,4447901
yagB_insX_yagA_predicted,0.125,7,7,ACATACCGTTTCCACAGATT,0,4453886
yagB_insX_yagA_predicted,0.125,7,7,ACAGTCATTTACGCAGTTGT,0,4461861
yagB_insX_yagA_predicted,0.125,7,7,ACAGATTTGGGTCAACTCGG,0,4441242
yagB_insX_yagA_predicted,0.125,7,7,ACAAGATCGCTGGAAAAATA,0,4465615
yagB_insX_yagA_predicted,0.125,7,7,ACAAGAGTTGGCGGGCCGTA,0,4465115
yagB_insX_yagA_predicted,0.125,7,7,ACAAATTACAATACGCCGTT,0,4454180
yagB_insX_yagA_predicted,0.125,7,7,AATTTGTCCGGCCAGTCCCA,0,4453518
yagB_insX_yagA_predicted,0.125,7,7,AATTTCTCGTTTGTTCCCAC,0,4440871
yagB_insX_yagA_predicted,0.125,7,7,AATTTACCTTAGCATTAAGT,0,4467704
yagB_insX_yagA_predicted,0.125,7,7,AATTCGCTCGACAGACACCA,0,4464257
yagB_insX_yagA_predicted,0.125,7,7,AATTCAGTTTGCCTCACATC,0,4464174
yagB_insX_yagA_predicted,0.125,7,7,AATCTGACAGAAACTTCCTT,0,4463472
yagB_insX_yagA_predicted,0.125,7,7,AATCGGGTTGGTTTCAGCTC,0,4459624
yagB_insX_yagA_predicted,0.125,7,7,AATCAGGAATTGAGTCGTTC,0,4455877
yagB_insX_yagA_predicted,0.125,7,7,AATCACAGTATTTCCGAAAC,0,4466969
yagB_insX_yagA_predicted,0.125,7,7,AATATTCTCCCTATCTTGCT,0,4449034
yagB_insX_yagA_predicted,0.125,7,7,AATATCTAATTCACTAGCGT,0,4443460
yagB_insX_yagA_predicted,0.125,7,7,AATATCGGGGTACCACGGGC,0,4467593
yagB_insX_yagA_predicted,0.125,7,7,AATAAGATTTTGGACTACGT,0,4447439
yagB_insX_yagA_predicted,0.125,7,7,AAGTGCACGGGTTGTGACCT,0,4444136
yagB_insX_yagA_predicted,0.125,7,7,AAGTAGCATTTCCGATTGAT,0,4438822
yagB_insX_yagA_predicted,0.125,7,7,AAGTAATCTCCATAGGGAGT,0,4461647
yagB_insX_yagA_predicted,0.125,7,7,AAGTAACCGGTTAGAACGTG,0,4469465
yagB_insX_yagA_predicted,0.125,7,7,AAGGTACACCCGCTCTATTT,0,4442064
yagB_insX_yagA_predicted,0.125,7,7,AAGGGCACACAAAGAAACGG,0,4451011
yagB_insX_yagA_predicted,0.125,7,7,AAGGAACGTGTCAGCAGGTT,0,4454983
yagB_insX_yagA_predicted,0.125,7,7,AAGCTGGATATCGAGCCCTT,0,4448440
yagB_insX_yagA_predicted,0.125,7,7,AAGCGTCGGGAACCAGCGCA,0,4450140
yagB_insX_yagA_predicted,0.125,7,7,AAGCCACAGGCCTGTTCCTG,0,4467200
yagB_insX_yagA_predicted,0.125,7,7,AAGCATTAGCAGTTCTAGTT,0,4470490
yagB_insX_yagA_predicted,0.125,7,7,AAGCATAAGACACTTGTACT,0,4447484
yagB_insX_yagA_predicted,0.125,7,7,AAGCAGAAACGGGGAGGAAG,0,4461638
yagB_insX_yagA_predicted,0.125,7,7,AAGCAATAACAGCGTGCTAG,0,4459633
yagB_insX_yagA_predicted,0.125,7,7,AAGCAAGTCAATGCGGGACC,0,4442999
yagB_insX_yagA_predicted,0.125,7,7,AAGATGCATGGCTAACGTCC,0,4469479
yagB_insX_yagA_predicted,0.125,7,7,AAGATCTTTTGCTGCGAAGA,0,4442824
yagB_insX_yagA_predicted,0.125,7,7,AAGAACACCGTCAGGTTTAC,0,4448525
yagB_insX_yagA_predicted,0.125,7,7,AACTCGTAGTGTGACGCTAG,0,4464464
yagB_insX_yagA_predicted,0.125,7,7,AACTACTGAACACGAAGATT,0,4444167
yagB_insX_yagA_predicted,0.125,7,7,AACGTTAAATACATATGCGC,0,4445034
yagB_insX_yagA_predicted,0.125,7,7,AACGTGTCCAACTTGTACGA,0,4451399
yagB_insX_yagA_predicted,0.125,7,7,AACGGGCCTGAACCGCACCT,0,4470572
yagB_insX_yagA_predicted,0.125,7,7,AACGACCTTTCGGGCAGAAG,0,4443603
yagB_insX_yagA_predicted,0.125,7,7,AACACTAACAACACGATGTT,0,4465466
yagB_insX_yagA_predicted,0.125,7,7,AACAAACTATTAGCGTGGTC,0,4444459
yagB_insX_yagA_predicted,0.125,7,7,AACAAACAGCTGGTCAGTGA,0,4466631
yagB_insX_yagA_predicted,0.125,7,7,AAATTCTGGTACTCGGCGAA,0,4437854
yagB_insX_yagA_predicted,0.125,7,7,AAATCGTAATCTCTCATGAG,0,4464159
yagB_insX_yagA_predicted,0.125,7,7,AAAGTGGGCAGTTTAGGGCA,0,4462809
yagB_insX_yagA_predicted,0.125,7,7,AAAGTCTCGTCGGTGTTTAT,0,4442477
yagB_insX_yagA_predicted,0.125,7,7,AAAGAGCTGGATCGCAGGGG,0,4465476
yagB_insX_yagA_predicted,0.125,7,7,AAACATAGGAGCTTAATGGA,0,4441882
yagB_insX_yagA_predicted,0.125,7,7,AAACACTCGCTAGTATCGAA,0,4440171
yagB_insX_yagA_predicted,0.125,7,7,AAAATTAAGATATAGAAACT,0,4446569
yagB_insX_yagA_predicted,0.125,7,7,AAAACCATTACGTACCATGG,0,4458574
yagB_insX_yagA_predicted,0.125,7,7,AAAAAGTACAGCCTTACCAG,0,4453928
yagB_insX_yagA_predicted,0.125,7,7,AAAAACGGTACGGGCCAGGA,0,4450084
yagB_insX_yagA_predicted,0.14285714285714285,6,6,TTTTTGTTGATTTAGACATA,0,4459836
yagB_insX_yagA_predicted,0.14285714285714285,6,6,TTTTGCTCCACTCGGGAGCA,0,4447722
yagB_insX_yagA_predicted,0.14285714285714285,6,6,TTTTGCCCGTCAGGTAGGTA,0,4445272
yagB_insX_yagA_predicted,0.14285714285714285,6,6,TTTTGACGCCGAAGTCGCTT,0,4471995
yagB_insX_yagA_predicted,0.14285714285714285,6,6,TTTTATCTGGGATCCCTTCA,0,4460219
yagB_insX_yagA_predicted,0.14285714285714285,6,6,TTTGTAGTTAGGGTGTTATA,0,4453927
yagB_insX_yagA_predicted,0.14285714285714285,6,6,TTTGGGACCCCACACTCGTC,0,4462024
yagB_insX_yagA_predicted,0.14285714285714285,6,6,TTTGAAAATTAGCTTAACGC,0,4439140
yagB_insX_yagA_predicted,0.14285714285714285,6,6,TTTCGGCGTGGCTAGCCGGG,0,4463561
yagB_insX_yagA_predicted,0.14285714285714285,6,6,TTTATGGCAGAAATTTTTCA,0,4447940
yagB_insX_yagA_predicted,0.14285714285714285,6,6,TTGTCATAGCGGCAGTCAAA,0,4461971
yagB_insX_yagA_predicted,0.14285714285714285,6,6,TTGTCAGCGGCGTCATTTTG,0,4447365
yagB_insX_yagA_predicted,0.14285714285714285,6,6,TTGTACGTGAAGGGTTGTGA,0,4466890
yagB_insX_yagA_predicted,0.14285714285714285,6,6,TTGTAAGCTATTATTTGGAC,0,4466238
yagB_insX_yagA_predicted,0.14285714285714285,6,6,TTGGTTTTAATTCTACGACC,0,4439896
yagB_insX_yagA_predicted,0.14285714285714285,6,6,TTGGTTAGGAGTGGACAGCA,0,4466058
yagB_insX_yagA_predicted,0.14285714285714285,6,6,TTGGTAATACGAGCGAAACA,0,4457797
yagB_insX_yagA_predicted,0.14285714285714285,6,6,TTGGCTGGCATCACAGGTAT,0,4442664
yagB_insX_yagA_predicted,0.14285714285714285,6,6,TTGGATGCGCGACAGGCTTG,0,4470920
yagB_insX_yagA_predicted,0.14285714285714285,6,6,TTGCTCAGTCCCCGATAGGA,0,4448914
yagB_insX_yagA_predicted,0.14285714285714285,6,6,TTGCGTCTCCGTGAATAATA,0,4458748
yagB_insX_yagA_predicted,0.14285714285714285,6,6,TTGCACAGTGATCCTTGAAC,0,4461347
yagB_insX_yagA_predicted,0.14285714285714285,6,6,TTGCAAGCTCCACGTTCTTG,0,4452382
yagB_insX_yagA_predicted,0.14285714285714285,6,6,TTGAGAGGCGAGATTGGAGT,0,4439652
yagB_insX_yagA_predicted,0.14285714285714285,6,6,TTGAAGAGGTCGATGGGCTG,0,4438025
yagB_insX_yagA_predicted,0.14285714285714285,6,6,TTGAAAAGCACTAGCTCTAC,0,4470391
yagB_insX_yagA_predicted,0.14285714285714285,6,6,TTCTGCGGAAACTTCGGTTG,0,4450729
yagB_insX_yagA_predicted,0.14285714285714285,6,6,TTCTCGTTAGGTTCTCTAAT,0,4454984
yagB_insX_yagA_predicted,0.14285714285714285,6,6,TTCTATAAGTCTTGCGAAAG,0,4466303
yagB_insX_yagA_predicted,0.14285714285714285,6,6,TTCGGTCATGCTGCAAAATA,0,4457471
yagB_insX_yagA_predicted,0.14285714285714285,6,6,TTCGACTACTCAGTCTTCCA,0,4455033
yagB_insX_yagA_predicted,0.14285714285714285,6,6,TTCCTTTAGCCGAGGCGTTC,0,4442270
yagB_insX_yagA_predicted,0.14285714285714285,6,6,TTCCCGAACAAACACGCATC,0,4458446
yagB_insX_yagA_predicted,0.14285714285714285,6,6,TTCCAAGTGTCAGTAGTACG,0,4468100
yagB_insX_yagA_predicted,0.14285714285714285,6,6,TTCACCTAGCTACCTTCGCC,0,4462395
yagB_insX_yagA_predicted,0.14285714285714285,6,6,TTCAATGGGGAGACAGTTGA,0,4451788
yagB_insX_yagA_predicted,0.14285714285714285,6,6,TTCAAGGGATTCGGTGTGGG,0,4457488
yagB_insX_yagA_predicted,0.14285714285714285,6,6,TTCAACTCGTGCTCTTGTAA,0,4442160
yagB_insX_yagA_predicted,0.14285714285714285,6,6,TTATTTCATTCGTATAACCA,0,4450529
yagB_insX_yagA_predicted,0.14285714285714285,6,6,TTATTGTGTACCTTCTTCAA,0,4465805
yagB_insX_yagA_predicted,0.14285714285714285,6,6,TTATTGAACTTTCTAGAAAT,0,4467432
yagB_insX_yagA_predicted,0.14285714285714285,6,6,TTAGTCCGGCCGCGTCAAAT,0,4453507
yagB_insX_yagA_predicted,0.14285714285714285,6,6,TTAGTAATCCACCGTCATGG,0,4457353
yagB_insX_yagA_predicted,0.14285714285714285,6,6,TTAGGTACGTCTTTAATGTT,0,4462729
yagB_insX_yagA_predicted,0.14285714285714285,6,6,TTAGGGGTATCTAAACTGTT,0,4450587
yagB_insX_yagA_predicted,0.14285714285714285,6,6,TTAGGACATGCCGCGGGAAT,0,4461400
yagB_insX_yagA_predicted,0.14285714285714285,6,6,TTAGCTCGTGATGGGGCTGA,0,4457815
yagB_insX_yagA_predicted,0.14285714285714285,6,6,TTAGCTACTGAGCCTATAGG,0,4463838
yagB_insX_yagA_predicted,0.14285714285714285,6,6,TTAGCGAGTCTGTTGGAAAT,0,4436087
yagB_insX_yagA_predicted,0.14285714285714285,6,6,TTAGACACAAAAACGGCGCG,0,4466296
yagB_insX_yagA_predicted,0.14285714285714285,6,6,TTAGAAACGAGCTGACAGAA,0,4450853
yagB_insX_yagA_predicted,0.14285714285714285,6,6,TTACTGGTATCGCGGGCACT,0,4464565
yagB_insX_yagA_predicted,0.14285714285714285,6,6,TTACTGGGAATAATCATTAT,0,4445575
yagB_insX_yagA_predicted,0.14285714285714285,6,6,TTACTCTCCGATGGCACTTA,0,4448986
yagB_insX_yagA_predicted,0.14285714285714285,6,6,TTAATAGTTTAAAAACATTA,0,4462487
yagB_insX_yagA_predicted,0.14285714285714285,6,6,TTAAGAGTGCCATGAAATCG,0,4463894
yagB_insX_yagA_predicted,0.14285714285714285,6,6,TTAAAAGGGGTCTCAGAGCA,0,4450590
yagB_insX_yagA_predicted,0.14285714285714285,6,6,TGTTTAGATCCGCTTGATCG,0,4436950
yagB_insX_yagA_predicted,0.14285714285714285,6,6,TGTTAAGGCTGCTAGAGTGA,0,4459622
yagB_insX_yagA_predicted,0.14285714285714285,6,6,TGTCGTGTTAAGATTATTAG,0,4458297
yagB_insX_yagA_predicted,0.14285714285714285,6,6,TGTACCTGCGAAAGTCATGT,0,4445116
yagB_insX_yagA_predicted,0.14285714285714285,6,6,TGGTGCAGTCTGTGATCGAA,0,4453046
yagB_insX_yagA_predicted,0.14285714285714285,6,6,TGGGGTACTGTAAGACCGTG,0,4462479
yagB_insX_yagA_predicted,0.14285714285714285,6,6,TGGGCCTTTAAGACGAGGTG,0,4461654
yagB_insX_yagA_predicted,0.14285714285714285,6,6,TGGGATTGATATAACTGTCG,0,4440813
yagB_insX_yagA_predicted,0.14285714285714285,6,6,TGGGATAGGTAGGTCCCCAC,0,4464595
yagB_insX_yagA_predicted,0.14285714285714285,6,6,TGGCGGCTAACCTTGCTTTC,0,4469969
yagB_insX_yagA_predicted,0.14285714285714285,6,6,TGGCGACATGCGTTATCAAG,0,4454629
yagB_insX_yagA_predicted,0.14285714285714285,6,6,TGGAGATCCTAATCACGCCA,0,4463429
yagB_insX_yagA_predicted,0.14285714285714285,6,6,TGGAATCCGTTATTAAGGCT,0,4463954
yagB_insX_yagA_predicted,0.14285714285714285,6,6,TGCTTCCCAATAGAATAGGT,0,4445628
yagB_insX_yagA_predicted,0.14285714285714285,6,6,TGCTTCACCTACAGGTCGGC,0,4454881
yagB_insX_yagA_predicted,0.14285714285714285,6,6,TGCTCGAGCTCGTCGATGTA,0,4449431
yagB_insX_yagA_predicted,0.14285714285714285,6,6,TGCGAAACAAGTTACCGCTT,0,4450088
yagB_insX_yagA_predicted,0.14285714285714285,6,6,TGCCAATTTATCCGTATCCT,0,4454292
yagB_insX_yagA_predicted,0.14285714285714285,6,6,TGCAGTTGGTAGCGTCTCGT,0,4466770
yagB_insX_yagA_predicted,0.14285714285714285,6,6,TGCACGTAAATCATCTTGTC,0,4471389
yagB_insX_yagA_predicted,0.14285714285714285,6,6,TGCACGGACAGTTCGGCGCA,0,4445618
yagB_insX_yagA_predicted,0.14285714285714285,6,6,TGCACAGAGTAGGGCTTATG,0,4454876
yagB_insX_yagA_predicted,0.14285714285714285,6,6,TGATATTATCTTATCACCAC,0,4437741
yagB_insX_yagA_predicted,0.14285714285714285,6,6,TGATACCCAAAGATCCTGAA,0,4453217
yagB_insX_yagA_predicted,0.14285714285714285,6,6,TGATAAGAGAGCAAATGCTT,0,4448482
yagB_insX_yagA_predicted,0.14285714285714285,6,6,TGAGACCGATTTACATCTAG,0,4458485
yagB_insX_yagA_predicted,0.14285714285714285,6,6,TGACGTACACTGGCCATGAT,0,4449395
yagB_insX_yagA_predicted,0.14285714285714285,6,6,TGACATAACCAGAACTCTAG,0,4445020
yagB_insX_yagA_predicted,0.14285714285714285,6,6,TGAATTTGCTAGGGGAAAGC,0,4468900
yagB_insX_yagA_predicted,0.14285714285714285,6,6,TGAAGGAGATGATTTCGTTA,0,4459367
yagB_insX_yagA_predicted,0.14285714285714285,6,6,TGAAGACGAGCGTTGACCAA,0,4458014
yagB_insX_yagA_predicted,0.14285714285714285,6,6,TGAAGAACGGTCAATTTCAT,0,4447867
yagB_insX_yagA_predicted,0.14285714285714285,6,6,TCTTCAGAATTGCAGTCTCG,0,4454287
yagB_insX_yagA_predicted,0.14285714285714285,6,6,TCTGTACCTAAAAAAGATTG,0,4463118
yagB_insX_yagA_predicted,0.14285714285714285,6,6,TCTCTCCAAAGGATAAAGCG,0,4461398
yagB_insX_yagA_predicted,0.14285714285714285,6,6,TCTCGTTGGGTTCCATGGGA,0,4460805
yagB_insX_yagA_predicted,0.14285714285714285,6,6,TCTAGACGACAGGTAATGAA,0,4457308
yagB_insX_yagA_predicted,0.14285714285714285,6,6,TCTAGAAAGATTTTTCGGAG,0,4470077
yagB_insX_yagA_predicted,0.14285714285714285,6,6,TCTAAAGTGTTATTCCAGTT,0,4470600
yagB_insX_yagA_predicted,0.14285714285714285,6,6,TCGTTTGGCCGCGGAATTCA,0,4453705
yagB_insX_yagA_predicted,0.14285714285714285,6,6,TCGTTACATGGTTTTGAGAT,0,4440749
yagB_insX_yagA_predicted,0.14285714285714285,6,6,TCGTGCCATTTCCATCTGGT,0,4447535
yagB_insX_yagA_predicted,0.14285714285714285,6,6,TCGTGAATAATTCGTGCAGC,0,4439436
yagB_insX_yagA_predicted,0.14285714285714285,6,6,TCGTCTACGTTCAACACAAA,0,4449464
yagB_insX_yagA_predicted,0.14285714285714285,6,6,TCGTCAGATTCGCACGAGTC,0,4454101
yagB_insX_yagA_predicted,0.14285714285714285,6,6,TCGGTTACGCCCAAAATTTT,0,4454802
yagB_insX_yagA_predicted,0.14285714285714285,6,6,TCGGTCGAGAGCTGTTGGCG,0,4452859
yagB_insX_yagA_predicted,0.14285714285714285,6,6,TCGGGGTAGGCACGATGAAT,0,4446161
yagB_insX_yagA_predicted,0.14285714285714285,6,6,TCGGCTGTGTGATCGGACAG,0,4471027
yagB_insX_yagA_predicted,0.14285714285714285,6,6,TCGCTTCCGGTCAGGCGTTG,0,4438437
yagB_insX_yagA_predicted,0.14285714285714285,6,6,TCGCTGATTGCTAGGCGAGT,0,4458686
yagB_insX_yagA_predicted,0.14285714285714285,6,6,TCGCGGAGCTCCAGGGGCCG,0,4451616
yagB_insX_yagA_predicted,0.14285714285714285,6,6,TCGCGAGCTCGCAGCGAGAC,0,4443416
yagB_insX_yagA_predicted,0.14285714285714285,6,6,TCGCCAGTGGTAGCATATCG,0,4468608
yagB_insX_yagA_predicted,0.14285714285714285,6,6,TCGATCCTTATGCCTGGAAT,0,4471557
yagB_insX_yagA_predicted,0.14285714285714285,6,6,TCGATCCACCGGCTGGAGCT,0,4465806
yagB_insX_yagA_predicted,0.14285714285714285,6,6,TCGATACGGATACGTTAAAG,0,4437225
yagB_insX_yagA_predicted,0.14285714285714285,6,6,TCGAGTTCCGCTACGAATAG,0,4462294
yagB_insX_yagA_predicted,0.14285714285714285,6,6,TCGACGGCCTTGGAATGGTG,0,4444670
yagB_insX_yagA_predicted,0.14285714285714285,6,6,TCCTTCGATCCTCCCCGGGA,0,4459119
yagB_insX_yagA_predicted,0.14285714285714285,6,6,TCCGTTTGGATTCGTAATGA,0,4457425
yagB_insX_yagA_predicted,0.14285714285714285,6,6,TCCGGCACACAGTTAGCGGC,0,4441244
yagB_insX_yagA_predicted,0.14285714285714285,6,6,TCCCCATTCAAACCTCCCGG,0,4441606
yagB_insX_yagA_predicted,0.14285714285714285,6,6,TCCAGTTAATTTTAGGCGTT,0,4449920
yagB_insX_yagA_predicted,0.14285714285714285,6,6,TCATGGTTAGTATACTGCCA,0,4435994
yagB_insX_yagA_predicted,0.14285714285714285,6,6,TCATGAGTCAGATCTATAGA,0,4467425
yagB_insX_yagA_predicted,0.14285714285714285,6,6,TCATGACCTAGTCAGATGGG,0,4464158
yagB_insX_yagA_predicted,0.14285714285714285,6,6,TCATCCGGTAATGCGCCTCA,0,4447754
yagB_insX_yagA_predicted,0.14285714285714285,6,6,TCATATTCTGTCTGGCATAG,0,4442391
yagB_insX_yagA_predicted,0.14285714285714285,6,6,TCATATACTCGACAGAGTTG,0,4442803
yagB_insX_yagA_predicted,0.14285714285714285,6,6,TCAGCGCAAGTGGGGGTCCG,0,4458470
yagB_insX_yagA_predicted,0.14285714285714285,6,6,TCACTTGCCTTGTTAGCACG,0,4449559
yagB_insX_yagA_predicted,0.14285714285714285,6,6,TCACTATTGAGCGTTCCTAT,0,4452747
yagB_insX_yagA_predicted,0.14285714285714285,6,6,TCACCGTTTGGTATGCGGGG,0,4455635
yagB_insX_yagA_predicted,0.14285714285714285,6,6,TCACCGCAACCCACGACACA,0,4453192
yagB_insX_yagA_predicted,0.14285714285714285,6,6,TCAACTCTCCAATGCGAAGC,0,4462350
yagB_insX_yagA_predicted,0.14285714285714285,6,6,TCAACCTCCTCGCAAGACGG,0,4440295
yagB_insX_yagA_predicted,0.14285714285714285,6,6,TCAACACATCAAGTTGAACC,0,4458170
yagB_insX_yagA_predicted,0.14285714285714285,6,6,TCAAAAGCTATCATCTACAT,0,4462241
yagB_insX_yagA_predicted,0.14285714285714285,6,6,TATTTCCGGAGCAGTATGGA,0,4443941
yagB_insX_yagA_predicted,0.14285714285714285,6,6,TATTCCGTGAGTACGTGCTC,0,4455387
yagB_insX_yagA_predicted,0.14285714285714285,6,6,TATTAGTCCGTTAGGTACCT,0,4458989
yagB_insX_yagA_predicted,0.14285714285714285,6,6,TATGAGTGGAATCATGTTTA,0,4466953
yagB_insX_yagA_predicted,0.14285714285714285,6,6,TATCTCTGTAGCAGGTATGC,0,4452737
yagB_insX_yagA_predicted,0.14285714285714285,6,6,TATCTAGGCATAGCAATGTG,0,4464280
yagB_insX_yagA_predicted,0.14285714285714285,6,6,TATCGATACACGGAAGCTGT,0,4441050
yagB_insX_yagA_predicted,0.14285714285714285,6,6,TATCCGAAATCCAGTAATCC,0,4448372
yagB_insX_yagA_predicted,0.14285714285714285,6,6,TATACGTGATCGTGATCGAA,0,4435961
yagB_insX_yagA_predicted,0.14285714285714285,6,6,TATAACAGCGTCGTGAGTCT,0,4470352
yagB_insX_yagA_predicted,0.14285714285714285,6,6,TATAAAGGGACTCGCTGCTA,0,4465857
yagB_insX_yagA_predicted,0.14285714285714285,6,6,TAGGGCTAACGTTAAATGGT,0,4463631
yagB_insX_yagA_predicted,0.14285714285714285,6,6,TAGGCGCGATCTTATTCCAC,0,4464268
yagB_insX_yagA_predicted,0.14285714285714285,6,6,TAGCTACGAGCTCATAGGAA,0,4468891
yagB_insX_yagA_predicted,0.14285714285714285,6,6,TAGAACGTGAGAAGTTTTTA,0,4449761
yagB_insX_yagA_predicted,0.14285714285714285,6,6,TAGAAAGCGTTATTCGCTGT,0,4450977
yagB_insX_yagA_predicted,0.14285714285714285,6,6,TACTGGGGGTCCATTAGGCC,0,4456132
yagB_insX_yagA_predicted,0.14285714285714285,6,6,TACTCCATTTGTCTGACGCA,0,4462078
yagB_insX_yagA_predicted,0.14285714285714285,6,6,TACTCATGCTTGATGGGCGT,0,4449344
yagB_insX_yagA_predicted,0.14285714285714285,6,6,TACGTGGTATTCCACAAAAG,0,4441199
yagB_insX_yagA_predicted,0.14285714285714285,6,6,TACGTGATCCCACATGGTAT,0,4441550
yagB_insX_yagA_predicted,0.14285714285714285,6,6,TACGTCCTTGATGTGCTCTC,0,4445161
yagB_insX_yagA_predicted,0.14285714285714285,6,6,TACGAACACTTCACTTCATT,0,4469804
yagB_insX_yagA_predicted,0.14285714285714285,6,6,TACCTTTCGTGAGAAACGGT,0,4448814
yagB_insX_yagA_predicted,0.14285714285714285,6,6,TACAGGGTTTTGTCATGCCT,0,4455858
yagB_insX_yagA_predicted,0.14285714285714285,6,6,TACACTGGGCGGGCGGCTAT,0,4444949
yagB_insX_yagA_predicted,0.14285714285714285,6,6,TACAATTCTATCGTGTGTCA,0,4447925
yagB_insX_yagA_predicted,0.14285714285714285,6,6,TAATGTGAATAATATACGAT,0,4463261
yagB_insX_yagA_predicted,0.14285714285714285,6,6,TAAGTCTGGACCATTCGTAA,0,4460344
yagB_insX_yagA_predicted,0.14285714285714285,6,6,TAAGATATTGACCGTTCAAC,0,4467391
yagB_insX_yagA_predicted,0.14285714285714285,6,6,TAACCTAAAGTCGAAGTCTC,0,4454081
yagB_insX_yagA_predicted,0.14285714285714285,6,6,TAACAGGTCACTTTTCCGTT,0,4450656
yagB_insX_yagA_predicted,0.14285714285714285,6,6,TAACAAGCGACGAACGAGTG,0,4467562
yagB_insX_yagA_predicted,0.14285714285714285,6,6,TAAATCTGCAGATATCCGTC,0,4450445
yagB_insX_yagA_predicted,0.14285714285714285,6,6,TAAAGCCAGAGGTCACACTA,0,4468483
yagB_insX_yagA_predicted,0.14285714285714285,6,6,TAAACTTAGTACTTAGGGCT,0,4439597
yagB_insX_yagA_predicted,0.14285714285714285,6,6,TAAACAAAAGTTTCTGCAGC,0,4447248
yagB_insX_yagA_predicted,0.14285714285714285,6,6,GTTTTTTGAGGGTTCACAGT,0,4450738
yagB_insX_yagA_predicted,0.14285714285714285,6,6,GTTTAAGAGCCCAATCTACG,0,4448539
yagB_insX_yagA_predicted,0.14285714285714285,6,6,GTTGGTAAAGGCCAGTAAGT,0,4457291
yagB_insX_yagA_predicted,0.14285714285714285,6,6,GTTCTTACGGAGTCAGACGA,0,4458265
yagB_insX_yagA_predicted,0.14285714285714285,6,6,GTTCGGCACGCTACAAGGAT,0,4450815
yagB_insX_yagA_predicted,0.14285714285714285,6,6,GTTAAGATTTATAGCCAGGC,0,4464722
yagB_insX_yagA_predicted,0.14285714285714285,6,6,GTGTCTGTCTTAATCCTAGA,0,4454783
yagB_insX_yagA_predicted,0.14285714285714285,6,6,GTGTCCATAATCAGTCGCAG,0,4459015
yagB_insX_yagA_predicted,0.14285714285714285,6,6,GTGCTTAACGGCGATACGCA,0,4443648
yagB_insX_yagA_predicted,0.14285714285714285,6,6,GTGCAGACAGCCGAGTAGCT,0,4456028
yagB_insX_yagA_predicted,0.14285714285714285,6,6,GTGCAAGAGAGTTGTACTCG,0,4448822
yagB_insX_yagA_predicted,0.14285714285714285,6,6,GTGATCGGACTTTGGAATAG,0,4448801
yagB_insX_yagA_predicted,0.14285714285714285,6,6,GTCTTTCTATCCTGAATCGC,0,4436594
yagB_insX_yagA_predicted,0.14285714285714285,6,6,GTCTTTCGCGTCCACTACTC,0,4443191
yagB_insX_yagA_predicted,0.14285714285714285,6,6,GTCTGATACTTCAAATCTGA,0,4466869
yagB_insX_yagA_predicted,0.14285714285714285,6,6,GTCTCGTTGCCAGATGCGCT,0,4467636
yagB_insX_yagA_predicted,0.14285714285714285,6,6,GTCTATACTATCGTTTGGTA,0,4466128
yagB_insX_yagA_predicted,0.14285714285714285,6,6,GTCTATAAAGGCTAGCACCG,0,4452320
yagB_insX_yagA_predicted,0.14285714285714285,6,6,GTCTAACTGGGGTCTATTGC,0,4449440
yagB_insX_yagA_predicted,0.14285714285714285,6,6,GTCGTGTAAAGGTGATCGTA,0,4460263
yagB_insX_yagA_predicted,0.14285714285714285,6,6,GTCGGGGCGTCTGCTACGTG,0,4440907
yagB_insX_yagA_predicted,0.14285714285714285,6,6,GTCGCGGCGGGATCAGGTTA,0,4465589
yagB_insX_yagA_predicted,0.14285714285714285,6,6,GTCGCAGAATTACTGTCACC,0,4454036
yagB_insX_yagA_predicted,0.14285714285714285,6,6,GTCCCGAACAGTCGATAGGC,0,4457757
yagB_insX_yagA_predicted,0.14285714285714285,6,6,GTCATAGTGGAGAACTATGT,0,4450220
yagB_insX_yagA_predicted,0.14285714285714285,6,6,GTCAGCCTCCTATGTCTGAG,0,4451247
yagB_insX_yagA_predicted,0.14285714285714285,6,6,GTCAATATAGATCTCTTTTT,0,4439296
yagB_insX_yagA_predicted,0.14285714285714285,6,6,GTATGCCTCGCGATACATGA,0,4461122
yagB_insX_yagA_predicted,0.14285714285714285,6,6,GTATGCCACGAGCGCGCGAT,0,4438428
yagB_insX_yagA_predicted,0.14285714285714285,6,6,GTATACTGAAGTTTCTCACC,0,4457407
yagB_insX_yagA_predicted,0.14285714285714285,6,6,GTATAATCAGTGTCCGTGCT,0,4446820
yagB_insX_yagA_predicted,0.14285714285714285,6,6,GTAGAAGCGCTCGTCAGATG,0,4449971
yagB_insX_yagA_predicted,0.14285714285714285,6,6,GTACAGGTATATCAACGAAC,0,4449734
yagB_insX_yagA_predicted,0.14285714285714285,6,6,GTACAGATCGGTTACCGAGC,0,4450576
yagB_insX_yagA_predicted,0.14285714285714285,6,6,GTAAGGATCGCACATTGCAA,0,4443591
yagB_insX_yagA_predicted,0.14285714285714285,6,6,GTAAGCCCACGAGTTCAGTC,0,4462776
yagB_insX_yagA_predicted,0.14285714285714285,6,6,GTAAGCAGCGTTGTCGGCCA,0,4465452
yagB_insX_yagA_predicted,0.14285714285714285,6,6,GTAACCTGTTTAAACGATTT,0,4471228
yagB_insX_yagA_predicted,0.14285714285714285,6,6,GTAACAACCGTTGTAGCTAC,0,4438928
yagB_insX_yagA_predicted,0.14285714285714285,6,6,GTAAAACTATTCTCAAAGCA,0,4440045
yagB_insX_yagA_predicted,0.14285714285714285,6,6,GGTTGATCTAACTAAGGACT,0,4470300
yagB_insX_yagA_predicted,0.14285714285714285,6,6,GGTTGAGCCTGCTCACGAAC,0,4445235
yagB_insX_yagA_predicted,0.14285714285714285,6,6,GGTTCGAGTGTGAACCACCT,0,4450833
yagB_insX_yagA_predicted,0.14285714285714285,6,6,GGTTACTCCTACGCGTTAAG,0,4452132
yagB_insX_yagA_predicted,0.14285714285714285,6,6,GGTGTTACAGTTGACAGCCA,0,4441389
yagB_insX_yagA_predicted,0.14285714285714285,6,6,GGTGTCCATTCGACTCGACT,0,4472177
yagB_insX_yagA_predicted,0.14285714285714285,6,6,GGTCCGTCGCCAATGGGGTG,0,4462943
yagB_insX_yagA_predicted,0.14285714285714285,6,6,GGTCAGGGGAAACGATTTAT,0,4467628
yagB_insX_yagA_predicted,0.14285714285714285,6,6,GGTAGCAGAGTTTTTGCCCT,0,4440244
yagB_insX_yagA_predicted,0.14285714285714285,6,6,GGTACCCTGGTGCTATATAA,0,4453575
yagB_insX_yagA_predicted,0.14285714285714285,6,6,GGGTTCTACCCGCCTTCTGG,0,4468682
yagB_insX_yagA_predicted,0.14285714285714285,6,6,GGGTTATGGTTGGCTTGAAT,0,4471025
yagB_insX_yagA_predicted,0.14285714285714285,6,6,GGGTCCCGATCGGTTGGGCT,0,4461782
yagB_insX_yagA_predicted,0.14285714285714285,6,6,GGGGTTACAGGAACGCTGAA,0,4464499
yagB_insX_yagA_predicted,0.14285714285714285,6,6,GGGGTCTTCGCCGTAATCGT,0,4440398
yagB_insX_yagA_predicted,0.14285714285714285,6,6,GGGGTCGGTACGCTCCGACT,0,4455943
yagB_insX_yagA_predicted,0.14285714285714285,6,6,GGGCTACAGTGTTAGATCAT,0,4468391
yagB_insX_yagA_predicted,0.14285714285714285,6,6,GGGCGCTCTTTAGTGGGGGT,0,4461845
yagB_insX_yagA_predicted,0.14285714285714285,6,6,GGGCCGGGCGGTGCATGCCT,0,4447860
yagB_insX_yagA_predicted,0.14285714285714285,6,6,GGGCATCCCGACCTCTCTAT,0,4452819
yagB_insX_yagA_predicted,0.14285714285714285,6,6,GGGATCAACGAAGACTCGAC,0,4451073
yagB_insX_yagA_predicted,0.14285714285714285,6,6,GGGAGGAACCATAAACTGGA,0,4468843
yagB_insX_yagA_predicted,0.14285714285714285,6,6,GGGAATGATCCATCTTACTT,0,4438339
yagB_insX_yagA_predicted,0.14285714285714285,6,6,GGGAAGACGTCGTTGAGTTA,0,4469825
yagB_insX_yagA_predicted,0.14285714285714285,6,6,GGCTTGGTCTACAATCAATC,0,4460832
yagB_insX_yagA_predicted,0.14285714285714285,6,6,GGCTGTATTCAAACGATGGG,0,4468512
yagB_insX_yagA_predicted,0.14285714285714285,6,6,GGCTCTCTTTATACTTAGGG,0,4436066
yagB_insX_yagA_predicted,0.14285714285714285,6,6,GGCTATGAATACACTCTGGA,0,4452172
yagB_insX_yagA_predicted,0.14285714285714285,6,6,GGCTATAGCCTCGGCTCGTA,0,4471428
yagB_insX_yagA_predicted,0.14285714285714285,6,6,GGCGGCGAACGGGTGTGGAT,0,4458203
yagB_insX_yagA_predicted,0.14285714285714285,6,6,GGCGCTCCTCTTTCAATTTA,0,4453409
yagB_insX_yagA_predicted,0.14285714285714285,6,6,GGCCTAGGCCATCAGCGATC,0,4447841
yagB_insX_yagA_predicted,0.14285714285714285,6,6,GGCCGTGTACGTTCGTATCC,0,4469209
yagB_insX_yagA_predicted,0.14285714285714285,6,6,GGCCCCCTACGCGGGGCATG,0,4462964
yagB_insX_yagA_predicted,0.14285714285714285,6,6,GGCCCAAGCAAGGTAGTGTA,0,4471608
yagB_insX_yagA_predicted,0.14285714285714285,6,6,GGCCAACCCAGGGACGATCG,0,4462455
yagB_insX_yagA_predicted,0.14285714285714285,6,6,GGCACTCTCCCTCGTGAGTA,0,4450884
yagB_insX_yagA_predicted,0.14285714285714285,6,6,GGCACTCTACATGATCTATT,0,4439655
yagB_insX_yagA_predicted,0.14285714285714285,6,6,GGATTGGAGGCAAGACATGG,0,4444997
yagB_insX_yagA_predicted,0.14285714285714285,6,6,GGATGGCGCTCCGCTCAGAG,0,4440333
yagB_insX_yagA_predicted,0.14285714285714285,6,6,GGATGGATTTTGAACAGGCA,0,4450595
yagB_insX_yagA_predicted,0.14285714285714285,6,6,GGATGCCCGCTAAGGACTAC,0,4464435
yagB_insX_yagA_predicted,0.14285714285714285,6,6,GGATCATGGTCGCCGTGTAG,0,4445492
yagB_insX_yagA_predicted,0.14285714285714285,6,6,GGAGGGGGCAAAAAAGGCGG,0,4468603
yagB_insX_yagA_predicted,0.14285714285714285,6,6,GGACTTTAAATCTCTCAAGT,0,4437446
yagB_insX_yagA_predicted,0.14285714285714285,6,6,GGACCTCGGCTTTGAGGACT,0,4460719
yagB_insX_yagA_predicted,0.14285714285714285,6,6,GGACCGGAACGGGTATGAGA,0,4457787
yagB_insX_yagA_predicted,0.14285714285714285,6,6,GGACACCGCCGGGGGATTGT,0,4461001
yagB_insX_yagA_predicted,0.14285714285714285,6,6,GGAATTTTTAATTTAGTGAA,0,4438014
yagB_insX_yagA_predicted,0.14285714285714285,6,6,GGAATTGAGCTATTACCCCA,0,4461351
yagB_insX_yagA_predicted,0.14285714285714285,6,6,GGAATAACGCAACATCACGT,0,4470541
yagB_insX_yagA_predicted,0.14285714285714285,6,6,GGAAAGCACGACAGATATAT,0,4458632
yagB_insX_yagA_predicted,0.14285714285714285,6,6,GCTTTCCGTGGGCATTTTGC,0,4452681
yagB_insX_yagA_predicted,0.14285714285714285,6,6,GCTTATGACTTAGTTTGAAC,0,4448377
yagB_insX_yagA_predicted,0.14285714285714285,6,6,GCTTAGCGGGAGCGAGCGAC,0,4470563
yagB_insX_yagA_predicted,0.14285714285714285,6,6,GCTGCACGTGCTGCTCACGA,0,4445088
yagB_insX_yagA_predicted,0.14285714285714285,6,6,GCTCTAATCAGACCGAAAGG,0,4444437
yagB_insX_yagA_predicted,0.14285714285714285,6,6,GCTATGCTCTTGGACGCAAG,0,4441725
yagB_insX_yagA_predicted,0.14285714285714285,6,6,GCTAGTAGCGGCACGTTCCC,0,4471399
yagB_insX_yagA_predicted,0.14285714285714285,6,6,GCTAGACTGACACCCGCTAG,0,4452439
yagB_insX_yagA_predicted,0.14285714285714285,6,6,GCTACCTGTCACCTCTACCT,0,4442406
yagB_insX_yagA_predicted,0.14285714285714285,6,6,GCTAACGCTATACGCCAAGA,0,4443362
yagB_insX_yagA_predicted,0.14285714285714285,6,6,GCGTTTCTGATTGGGCAATT,0,4439073
yagB_insX_yagA_predicted,0.14285714285714285,6,6,GCGTCCAACAGTATGTCCCA,0,4445234
yagB_insX_yagA_predicted,0.14285714285714285,6,6,GCGTCAAGATGCGAAAGTGG,0,4444395
yagB_insX_yagA_predicted,0.14285714285714285,6,6,GCGCTACCGGTATTATCTAC,0,4460362
yagB_insX_yagA_predicted,0.14285714285714285,6,6,GCGCGGATGTCGGGGAAATA,0,4469423
yagB_insX_yagA_predicted,0.14285714285714285,6,6,GCGATACGACGAGCGAGCAA,0,4439532
yagB_insX_yagA_predicted,0.14285714285714285,6,6,GCGAATGCGTAAGTTAGCTA,0,4455373
yagB_insX_yagA_predicted,0.14285714285714285,6,6,GCGAATAGGATATCTGGTCT,0,4461099
yagB_insX_yagA_predicted,0.14285714285714285,6,6,GCCTTAGCGATTGTTTTATA,0,4448406
yagB_insX_yagA_predicted,0.14285714285714285,6,6,GCCTGTATTGGATATCCGAT,0,4447285
yagB_insX_yagA_predicted,0.14285714285714285,6,6,GCCTCTTATTTAACAAATAT,0,4463079
yagB_insX_yagA_predicted,0.14285714285714285,6,6,GCCTCTAGGTATGTCATTTA,0,4452962
yagB_insX_yagA_predicted,0.14285714285714285,6,6,GCCTAAACGGATGCGTCTGG,0,4444485
yagB_insX_yagA_predicted,0.14285714285714285,6,6,GCCGTAAGTTTAAGTTTGAT,0,4460253
yagB_insX_yagA_predicted,0.14285714285714285,6,6,GCCGCTGTTTTCATAGTTGT,0,4451762
yagB_insX_yagA_predicted,0.14285714285714285,6,6,GCCCTTGCCAATCTAAACTG,0,4442505
yagB_insX_yagA_predicted,0.14285714285714285,6,6,GCCCTCACATAGCATGAGCA,0,4465621
yagB_insX_yagA_predicted,0.14285714285714285,6,6,GCCCGGGACCACTATAGGTG,0,4449591
yagB_insX_yagA_predicted,0.14285714285714285,6,6,GCCATTTTGGAGCCTGGGAT,0,4442120
yagB_insX_yagA_predicted,0.14285714285714285,6,6,GCCATAGGTCTGGCATGGCT,0,4456978
yagB_insX_yagA_predicted,0.14285714285714285,6,6,GCCAGACAGTCAAGTGTGGT,0,4467510
yagB_insX_yagA_predicted,0.14285714285714285,6,6,GCCACGCAGCTTCTGAACAG,0,4456861
yagB_insX_yagA_predicted,0.14285714285714285,6,6,GCCAAAGACAGAATCAGATT,0,4447813
yagB_insX_yagA_predicted,0.14285714285714285,6,6,GCATTGTCCACTTAGCGCAA,0,4441984
yagB_insX_yagA_predicted,0.14285714285714285,6,6,GCATTATTCGAATGACTCCT,0,4456494
yagB_insX_yagA_predicted,0.14285714285714285,6,6,GCATGGTCACCAAGTATCGA,0,4457003
yagB_insX_yagA_predicted,0.14285714285714285,6,6,GCATAAAACAAGTAAACAGA,0,4447541
yagB_insX_yagA_predicted,0.14285714285714285,6,6,GCAGTCTAGGGTCTTATCAG,0,4445894
yagB_insX_yagA_predicted,0.14285714285714285,6,6,GCAGGTTCGGCTTAGCATGA,0,4458169
yagB_insX_yagA_predicted,0.14285714285714285,6,6,GCAGGATCCGTGGATTTCGC,0,4447045
yagB_insX_yagA_predicted,0.14285714285714285,6,6,GCACATTCACACTACTGCGT,0,4438519
yagB_insX_yagA_predicted,0.14285714285714285,6,6,GCACATGACACTTTGACTTA,0,4453932
yagB_insX_yagA_predicted,0.14285714285714285,6,6,GCAATACAAAGACAGAATCA,0,4453010
yagB_insX_yagA_predicted,0.14285714285714285,6,6,GCAAGGTAACGTGTAGAAGA,0,4446010
yagB_insX_yagA_predicted,0.14285714285714285,6,6,GATTTCGCTACCCGGATAAC,0,4437457
yagB_insX_yagA_predicted,0.14285714285714285,6,6,GATTATGGCCAAGTCACCAG,0,4438938
yagB_insX_yagA_predicted,0.14285714285714285,6,6,GATCTGGAGTTCGGGTAAAA,0,4463887
yagB_insX_yagA_predicted,0.14285714285714285,6,6,GATCCTTATCGCGGAGGTCG,0,4454464
yagB_insX_yagA_predicted,0.14285714285714285,6,6,GATATGGACGCTCATTTACT,0,4452265
yagB_insX_yagA_predicted,0.14285714285714285,6,6,GATAGGGAGATGCTTACATC,0,4444531
yagB_insX_yagA_predicted,0.14285714285714285,6,6,GATACCCGGTTACATGCATT,0,4468151
yagB_insX_yagA_predicted,0.14285714285714285,6,6,GATAAGACAATGGACACAAG,0,4446289
yagB_insX_yagA_predicted,0.14285714285714285,6,6,GAGGGCGAGGTTCGTATTGT,0,4439763
yagB_insX_yagA_predicted,0.14285714285714285,6,6,GAGAGTGAGTCTTGCAGTCA,0,4436597
yagB_insX_yagA_predicted,0.14285714285714285,6,6,GAGAGATCGATCCGTGTCAC,0,4468118
yagB_insX_yagA_predicted,0.14285714285714285,6,6,GAGAAGGGTGCAATTCCGTA,0,4455260
yagB_insX_yagA_predicted,0.14285714285714285,6,6,GACTTTCACCGCACAATGGT,0,4442182
yagB_insX_yagA_predicted,0.14285714285714285,6,6,GACTTGTGACCCCCCTACAG,0,4465195
yagB_insX_yagA_predicted,0.14285714285714285,6,6,GACTGATTCACAGCTTGCAA,0,4462611
yagB_insX_yagA_predicted,0.14285714285714285,6,6,GACTGACCGGACTTAAATAC,0,4462030
yagB_insX_yagA_predicted,0.14285714285714285,6,6,GACTAAGAAGAGCATGACCA,0,4454970
yagB_insX_yagA_predicted,0.14285714285714285,6,6,GACGCTCCACGCTGCGGGAC,0,4468658
yagB_insX_yagA_predicted,0.14285714285714285,6,6,GACGAACTGGGATTGCAATG,0,4442732
yagB_insX_yagA_predicted,0.14285714285714285,6,6,GACCCACCGAGTGGGCTGGG,0,4445890
yagB_insX_yagA_predicted,0.14285714285714285,6,6,GACAGCTAAATCTTAGAGCA,0,4456346
yagB_insX_yagA_predicted,0.14285714285714285,6,6,GACACATTTCACATTCCTTG,0,4451902
yagB_insX_yagA_predicted,0.14285714285714285,6,6,GAATAACCGTGGCCATGAAC,0,4456074
yagB_insX_yagA_predicted,0.14285714285714285,6,6,GAAGGGCGGACATCTCAGGG,0,4446199
yagB_insX_yagA_predicted,0.14285714285714285,6,6,GAAGCGCCTGCTACCGAGCG,0,4470158
yagB_insX_yagA_predicted,0.14285714285714285,6,6,GAAGAATATCCGCAGCGTAC,0,4456197
yagB_insX_yagA_predicted,0.14285714285714285,6,6,GAACTTGGGCACCTTGCTGG,0,4462889
yagB_insX_yagA_predicted,0.14285714285714285,6,6,GAACTCTAATAAGCTGTCAT,0,4466000
yagB_insX_yagA_predicted,0.14285714285714285,6,6,GAACGAATCATTCGTTAATC,0,4441694
yagB_insX_yagA_predicted,0.14285714285714285,6,6,GAACAGAGTCTCAAGGCGCT,0,4466549
yagB_insX_yagA_predicted,0.14285714285714285,6,6,GAAAGAAGAACACTACGTAA,0,4462393
yagB_insX_yagA_predicted,0.14285714285714285,6,6,GAAACCATTTGTAATGCGCA,0,4449985
yagB_insX_yagA_predicted,0.14285714285714285,6,6,GAAAACATTATGTCGTTAAC,0,4447616
yagB_insX_yagA_predicted,0.14285714285714285,6,6,CTTTTTGTCAGCCTCGTACA,0,4447599
yagB_insX_yagA_predicted,0.14285714285714285,6,6,CTTTCACGCTAGTACACATA,0,4449637
yagB_insX_yagA_predicted,0.14285714285714285,6,6,CTTTAATAATCCACCGGCAT,0,4454457
yagB_insX_yagA_predicted,0.14285714285714285,6,6,CTTGTTAATGGTAGACATTT,0,4467471
yagB_insX_yagA_predicted,0.14285714285714285,6,6,CTTGTGACTTTGCGCCTGGA,0,4445658
yagB_insX_yagA_predicted,0.14285714285714285,6,6,CTTGTAATTTACTATCTCGG,0,4470759
yagB_insX_yagA_predicted,0.14285714285714285,6,6,CTTCGTGGGTGGACTTCGTC,0,4454286
yagB_insX_yagA_predicted,0.14285714285714285,6,6,CTTCGGCTCTGTATTATTCG,0,4465370
yagB_insX_yagA_predicted,0.14285714285714285,6,6,CTTCGATCTGCGAATATTGA,0,4443630
yagB_insX_yagA_predicted,0.14285714285714285,6,6,CTTCCAAGTCTAGTTGCCCG,0,4455888
yagB_insX_yagA_predicted,0.14285714285714285,6,6,CTTCAAGAGTAGTCCATATC,0,4443993
yagB_insX_yagA_predicted,0.14285714285714285,6,6,CTTATTTTACAACAATAGGT,0,4449643
yagB_insX_yagA_predicted,0.14285714285714285,6,6,CTTAGGGAATAACCGGCCAC,0,4449638
yagB_insX_yagA_predicted,0.14285714285714285,6,6,CTTAACATCCTTTCCGAGGA,0,4449553
yagB_insX_yagA_predicted,0.14285714285714285,6,6,CTGTTTGCTCAGTCAGCCCG,0,4443218
yagB_insX_yagA_predicted,0.14285714285714285,6,6,CTGTTCCGATAAACCCTGGA,0,4467481
yagB_insX_yagA_predicted,0.14285714285714285,6,6,CTGTGGATTCTGTCGAACCT,0,4446236
yagB_insX_yagA_predicted,0.14285714285714285,6,6,CTGTCCAAGGCATACGGTTT,0,4450967
yagB_insX_yagA_predicted,0.14285714285714285,6,6,CTGTCATAGGGACCATTTTT,0,4454900
yagB_insX_yagA_predicted,0.14285714285714285,6,6,CTGTAGAGTCATGGCGGCAC,0,4449351
yagB_insX_yagA_predicted,0.14285714285714285,6,6,CTGTAAACGCACAGCACCGA,0,4455745
yagB_insX_yagA_predicted,0.14285714285714285,6,6,CTGGTGTGCGGGTGTGCTAT,0,4459065
yagB_insX_yagA_predicted,0.14285714285714285,6,6,CTGGGATTCTCTTGAGCAAT,0,4443078
yagB_insX_yagA_predicted,0.14285714285714285,6,6,CTGGCTTCCGCGGTGGCGTT,0,4437765
yagB_insX_yagA_predicted,0.14285714285714285,6,6,CTGGCTACTCAAGCACTGCA,0,4461603
yagB_insX_yagA_predicted,0.14285714285714285,6,6,CTGCGCAAACACAACGGGAT,0,4445719
yagB_insX_yagA_predicted,0.14285714285714285,6,6,CTGCCGAAACACAACTCAAG,0,4439293
yagB_insX_yagA_predicted,0.14285714285714285,6,6,CTGCAAAATGTTTGAAGATA,0,4470645
yagB_insX_yagA_predicted,0.14285714285714285,6,6,CTGATGCGTCATTTATCACT,0,4448792
yagB_insX_yagA_predicted,0.14285714285714285,6,6,CTGACCTGTGAAATCTTTTG,0,4470601
yagB_insX_yagA_predicted,0.14285714285714285,6,6,CTCTTTTTCTAAGCGCTAGA,0,4439818
yagB_insX_yagA_predicted,0.14285714285714285,6,6,CTCTTGACCGTATCATACTG,0,4456321
yagB_insX_yagA_predicted,0.14285714285714285,6,6,CTCTATTTCACGTCTCGCGT,0,4465988
yagB_insX_yagA_predicted,0.14285714285714285,6,6,CTCGTGTGACTCGACCCCGT,0,4461523
yagB_insX_yagA_predicted,0.14285714285714285,6,6,CTCGTCTTTTTCAGGTTAGG,0,4465868
yagB_insX_yagA_predicted,0.14285714285714285,6,6,CTCGGTCTAGGTCGCCCTAC,0,4457596
yagB_insX_yagA_predicted,0.14285714285714285,6,6,CTCGCTCGCCTTTTGTAAGA,0,4444677
yagB_insX_yagA_predicted,0.14285714285714285,6,6,CTCGCGTCCTTACGGTCGTG,0,4454521
yagB_insX_yagA_predicted,0.14285714285714285,6,6,CTCGCGGGTGACACATGGCG,0,4437909
yagB_insX_yagA_predicted,0.14285714285714285,6,6,CTCGATCTCGAGAGCAAACA,0,4465751
yagB_insX_yagA_predicted,0.14285714285714285,6,6,CTCCGGCTGGAGTGCGCGGA,0,4450310
yagB_insX_yagA_predicted,0.14285714285714285,6,6,CTCCATCGATCCGGGACATT,0,4464431
yagB_insX_yagA_predicted,0.14285714285714285,6,6,CTCACGGTAAATTAGCGTAG,0,4466003
yagB_insX_yagA_predicted,0.14285714285714285,6,6,CTCAAGACAACGTTCACCCG,0,4456564
yagB_insX_yagA_predicted,0.14285714285714285,6,6,CTATGGACGGGCTGTTCGGG,0,4457770
yagB_insX_yagA_predicted,0.14285714285714285,6,6,CTAGGCGGCGAACGTGAGGA,0,4465970
yagB_insX_yagA_predicted,0.14285714285714285,6,6,CTAGGAATCTCCACACCCTG,0,4471157
yagB_insX_yagA_predicted,0.14285714285714285,6,6,CTAGCCTTCCGTGCGGGGAC,0,4441063
yagB_insX_yagA_predicted,0.14285714285714285,6,6,CTACAATTACGGTGAGTTCT,0,4462873
yagB_insX_yagA_predicted,0.14285714285714285,6,6,CTAAGCTAAGTATGTGAATA,0,4441208
yagB_insX_yagA_predicted,0.14285714285714285,6,6,CTAAATTCACGGTAGTCCGG,0,4466360
yagB_insX_yagA_predicted,0.14285714285714285,6,6,CTAAAACAGGATAGCTTCTA,0,4458539
yagB_insX_yagA_predicted,0.14285714285714285,6,6,CGTTGGGGCTCACTCAGCTG,0,4462967
yagB_insX_yagA_predicted,0.14285714285714285,6,6,CGTTCCAAAGGCAGCATCCC,0,4451246
yagB_insX_yagA_predicted,0.14285714285714285,6,6,CGTTACGGTTCGCCGAACAG,0,4452274
yagB_insX_yagA_predicted,0.14285714285714285,6,6,CGTGTCCCAAAAAGCTACTG,0,4439351
yagB_insX_yagA_predicted,0.14285714285714285,6,6,CGTGGAGGTCAATACAGATA,0,4438506
yagB_insX_yagA_predicted,0.14285714285714285,6,6,CGTCTTTCTTAGGGATGGGT,0,4466833
yagB_insX_yagA_predicted,0.14285714285714285,6,6,CGTATAGGGAAGCTTTCCAC,0,4439535
yagB_insX_yagA_predicted,0.14285714285714285,6,6,CGTAGGGAACGACACGATTC,0,4436434
yagB_insX_yagA_predicted,0.14285714285714285,6,6,CGTAGGCGCGGGGAGCATAG,0,4456424
yagB_insX_yagA_predicted,0.14285714285714285,6,6,CGTAGGAAAGATACGTGAGC,0,4469178
yagB_insX_yagA_predicted,0.14285714285714285,6,6,CGTACGACGGGCTACAATTT,0,4465683
yagB_insX_yagA_predicted,0.14285714285714285,6,6,CGGTTTTACTACGCATAGTA,0,4453647
yagB_insX_yagA_predicted,0.14285714285714285,6,6,CGGTCGCCGAGAGGCCTGAT,0,4453735
yagB_insX_yagA_predicted,0.14285714285714285,6,6,CGGTATCTAAATACGCGACT,0,4456018
yagB_insX_yagA_predicted,0.14285714285714285,6,6,CGGTATATTTACGCGCGAGT,0,4458084
yagB_insX_yagA_predicted,0.14285714285714285,6,6,CGGGTCATTTAACGCTGAAA,0,4444565
yagB_insX_yagA_predicted,0.14285714285714285,6,6,CGGGTACCTTCACCATTGGT,0,4438848
yagB_insX_yagA_predicted,0.14285714285714285,6,6,CGGGGTGACAGATAAGTATT,0,4449250
yagB_insX_yagA_predicted,0.14285714285714285,6,6,CGGGGAGATGAACGAATATA,0,4455436
yagB_insX_yagA_predicted,0.14285714285714285,6,6,CGGGGAGAGTCTTGTTCCAA,0,4443710
yagB_insX_yagA_predicted,0.14285714285714285,6,6,CGGGCGTGGCGTCACAGTGC,0,4455886
yagB_insX_yagA_predicted,0.14285714285714285,6,6,CGGGCCATGTGACGGGCCTA,0,4439365
yagB_insX_yagA_predicted,0.14285714285714285,6,6,CGGCCTTCATGGAACAATCC,0,4469498
yagB_insX_yagA_predicted,0.14285714285714285,6,6,CGGCCGATATATAGCGATGT,0,4447995
yagB_insX_yagA_predicted,0.14285714285714285,6,6,CGGCAAGTTTCAGCCAAATA,0,4457077
yagB_insX_yagA_predicted,0.14285714285714285,6,6,CGGATAACATTAGCGGGCGT,0,4465662
yagB_insX_yagA_predicted,0.14285714285714285,6,6,CGGAAACTACCCCCGTACTG,0,4443801
yagB_insX_yagA_predicted,0.14285714285714285,6,6,CGCTTCTCCGGCCTCTTTTG,0,4465948
yagB_insX_yagA_predicted,0.14285714285714285,6,6,CGCGGAAGGGATGTGCAGGC,0,4445904
yagB_insX_yagA_predicted,0.14285714285714285,6,6,CGCCTTGGCTGGGATAGAGA,0,4455104
yagB_insX_yagA_predicted,0.14285714285714285,6,6,CGCCGGATTGCAATCAAGGA,0,4442066
yagB_insX_yagA_predicted,0.14285714285714285,6,6,CGCCGATAAGAAGCTAACGT,0,4445928
yagB_insX_yagA_predicted,0.14285714285714285,6,6,CGCAGAAACTACGTCGGTGT,0,4445644
yagB_insX_yagA_predicted,0.14285714285714285,6,6,CGCAAACAGGGTGTGGTAAT,0,4437062
yagB_insX_yagA_predicted,0.14285714285714285,6,6,CGATTTCGTCAACTCCGCAG,0,4467623
yagB_insX_yagA_predicted,0.14285714285714285,6,6,CGATGAAGAAATGCAATTGT,0,4438821
yagB_insX_yagA_predicted,0.14285714285714285,6,6,CGACGGGACCCGTCTGTAGT,0,4451337
yagB_insX_yagA_predicted,0.14285714285714285,6,6,CGACCTCTATGCAACAGTGT,0,4454334
yagB_insX_yagA_predicted,0.14285714285714285,6,6,CGAATGGCGTAACACGGGAT,0,4446655
yagB_insX_yagA_predicted,0.14285714285714285,6,6,CGAACATACATCAGATTCCA,0,4466720
yagB_insX_yagA_predicted,0.14285714285714285,6,6,CGAAAGTGTCCGGTAAGTGC,0,4453926
yagB_insX_yagA_predicted,0.14285714285714285,6,6,CCTTGTGGTTCGCCGAAATA,0,4450415
yagB_insX_yagA_predicted,0.14285714285714285,6,6,CCTGTAAGAATAGTATGGTT,0,4437105
yagB_insX_yagA_predicted,0.14285714285714285,6,6,CCTGCTGATCGCATAATCCT,0,4464969
yagB_insX_yagA_predicted,0.14285714285714285,6,6,CCTGAATGGTATCCGGAGTC,0,4454357
yagB_insX_yagA_predicted,0.14285714285714285,6,6,CCTCTCAGGGGAAACAGCAA,0,4466526
yagB_insX_yagA_predicted,0.14285714285714285,6,6,CCTCGGAGTGGGCTTCTTGA,0,4438078
yagB_insX_yagA_predicted,0.14285714285714285,6,6,CCTCCTGTAGAAGCTGGGAC,0,4463067
yagB_insX_yagA_predicted,0.14285714285714285,6,6,CCTCCCCTTGACCATATGAC,0,4457104
yagB_insX_yagA_predicted,0.14285714285714285,6,6,CCTCAAAGACACTGACTCGG,0,4469326
yagB_insX_yagA_predicted,0.14285714285714285,6,6,CCTATTGTGGTTGTAGCAGA,0,4468785
yagB_insX_yagA_predicted,0.14285714285714285,6,6,CCTACCCGCTCGGTTCTCTC,0,4438426
yagB_insX_yagA_predicted,0.14285714285714285,6,6,CCGTTAAATGTCAACTCGCC,0,4465535
yagB_insX_yagA_predicted,0.14285714285714285,6,6,CCGTGCCAGCTTGAGTTGAT,0,4443934
yagB_insX_yagA_predicted,0.14285714285714285,6,6,CCGTGAAAGCGTACTGAGTA,0,4470118
yagB_insX_yagA_predicted,0.14285714285714285,6,6,CCGTCGCTAGGCCAATCCGT,0,4449055
yagB_insX_yagA_predicted,0.14285714285714285,6,6,CCGTACTCTAGGAGATTACC,0,4438960
yagB_insX_yagA_predicted,0.14285714285714285,6,6,CCGGTTAGTCGCGAGGAACT,0,4437403
yagB_insX_yagA_predicted,0.14285714285714285,6,6,CCGGGTTGTAGTTAGTTGTA,0,4461380
yagB_insX_yagA_predicted,0.14285714285714285,6,6,CCGGCATTCATTAGGCTAGA,0,4469884
yagB_insX_yagA_predicted,0.14285714285714285,6,6,CCGGATACTGCACTCTGACA,0,4470194
yagB_insX_yagA_predicted,0.14285714285714285,6,6,CCGCGGCCCGCACCTTAATC,0,4447833
yagB_insX_yagA_predicted,0.14285714285714285,6,6,CCGCATTGAGGGAATCCTTG,0,4454827
yagB_insX_yagA_predicted,0.14285714285714285,6,6,CCGCAATCCGCCGAAAAAGC,0,4463136
yagB_insX_yagA_predicted,0.14285714285714285,6,6,CCGATTGCTGCAGCTGATAG,0,4461511
yagB_insX_yagA_predicted,0.14285714285714285,6,6,CCGAAGTAACCCTGGCAAGT,0,4443220
yagB_insX_yagA_predicted,0.14285714285714285,6,6,CCCTTTCTGGAGTCATTTAA,0,4448554
yagB_insX_yagA_predicted,0.14285714285714285,6,6,CCCTTAGGTAATCGTTCCCC,0,4465699
yagB_insX_yagA_predicted,0.14285714285714285,6,6,CCCTGCGTAGTTAACATTAA,0,4444122
yagB_insX_yagA_predicted,0.14285714285714285,6,6,CCCGGTTTGTAATATAGAGT,0,4451835
yagB_insX_yagA_predicted,0.14285714285714285,6,6,CCCGAGCTCTCCTAGAGCGC,0,4454005
yagB_insX_yagA_predicted,0.14285714285714285,6,6,CCCCTGGGGTATAGCTAGTA,0,4463380
yagB_insX_yagA_predicted,0.14285714285714285,6,6,CCCAATGGGGCGTGCTGTCT,0,4471859
yagB_insX_yagA_predicted,0.14285714285714285,6,6,CCCAAGCGATGAGAAGACCA,0,4457239
yagB_insX_yagA_predicted,0.14285714285714285,6,6,CCATTGCTATGCTTGGAGCG,0,4448930
yagB_insX_yagA_predicted,0.14285714285714285,6,6,CCAGTAATCGCGGTTGAACG,0,4456106
yagB_insX_yagA_predicted,0.14285714285714285,6,6,CCAGCTGGGAGGCTTCGTAT,0,4453555
yagB_insX_yagA_predicted,0.14285714285714285,6,6,CCAGAGTGCAGAATGAATTC,0,4451132
yagB_insX_yagA_predicted,0.14285714285714285,6,6,CCAGAGTCTGACTCAGGCCG,0,4468489
yagB_insX_yagA_predicted,0.14285714285714285,6,6,CCACGTGGGCCATAGTAAAA,0,4455911
yagB_insX_yagA_predicted,0.14285714285714285,6,6,CCACACAGTCTTGCTTTGAG,0,4451146
yagB_insX_yagA_predicted,0.14285714285714285,6,6,CCAATTCAGAGAAGTATAGT,0,4469653
yagB_insX_yagA_predicted,0.14285714285714285,6,6,CCAAGCATGTTTGGAAATTG,0,4444719
yagB_insX_yagA_predicted,0.14285714285714285,6,6,CCAACTTCGACGGCACCTAT,0,4453276
yagB_insX_yagA_predicted,0.14285714285714285,6,6,CCAACTCATGATTCTGAGTA,0,4463100
yagB_insX_yagA_predicted,0.14285714285714285,6,6,CCAACTAGTTACTTCGGCAT,0,4445610
yagB_insX_yagA_predicted,0.14285714285714285,6,6,CATTTTGATTTCGGGTCTGC,0,4438342
yagB_insX_yagA_predicted,0.14285714285714285,6,6,CATTTTCACCCAGGGGAGAA,0,4459638
yagB_insX_yagA_predicted,0.14285714285714285,6,6,CATGGTCATAGTGTAAAGTC,0,4465558
yagB_insX_yagA_predicted,0.14285714285714285,6,6,CATGCAGAGGCCCCAAGGTC,0,4443291
yagB_insX_yagA_predicted,0.14285714285714285,6,6,CATCGATTATACGGCCTGAA,0,4466464
yagB_insX_yagA_predicted,0.14285714285714285,6,6,CATCACATACAGCTTAGCCA,0,4440063
yagB_insX_yagA_predicted,0.14285714285714285,6,6,CATACCTCGATTTCCGGGAC,0,4458326
yagB_insX_yagA_predicted,0.14285714285714285,6,6,CAGTGTGCTACCACTCTTCT,0,4440694
yagB_insX_yagA_predicted,0.14285714285714285,6,6,CAGTACATCTATATCCCCGA,0,4438847
yagB_insX_yagA_predicted,0.14285714285714285,6,6,CAGGTGATACAACACGTACT,0,4459331
yagB_insX_yagA_predicted,0.14285714285714285,6,6,CAGGGGCTCTTTCCAGCGTT,0,4472095
yagB_insX_yagA_predicted,0.14285714285714285,6,6,CAGGCGTTGGAGAAATCTGC,0,4440262
yagB_insX_yagA_predicted,0.14285714285714285,6,6,CAGGAGATAGCGCGTTATAA,0,4436254
yagB_insX_yagA_predicted,0.14285714285714285,6,6,CAGCTATGACTCTTCGACAT,0,4446153
yagB_insX_yagA_predicted,0.14285714285714285,6,6,CAGCCAGAGGTCGTCTCTGA,0,4452830
yagB_insX_yagA_predicted,0.14285714285714285,6,6,CAGCACATAGATGAAGTTTC,0,4470571
yagB_insX_yagA_predicted,0.14285714285714285,6,6,CAGCAAGGGTATCGCTGCAA,0,4458488
yagB_insX_yagA_predicted,0.14285714285714285,6,6,CACTATGTACGGTTAGGGAC,0,4438073
yagB_insX_yagA_predicted,0.14285714285714285,6,6,CACGTTTAGAATGATTGCCA,0,4439544
yagB_insX_yagA_predicted,0.14285714285714285,6,6,CACGTTAGGCAAATTGTGAC,0,4458705
yagB_insX_yagA_predicted,0.14285714285714285,6,6,CACGGAACCGCATGCTATGA,0,4467809
yagB_insX_yagA_predicted,0.14285714285714285,6,6,CACGAGTGAAGAGTTTCGTC,0,4465777
yagB_insX_yagA_predicted,0.14285714285714285,6,6,CACCTATCTCGTCAACTAGG,0,4437484
yagB_insX_yagA_predicted,0.14285714285714285,6,6,CACCGCGCTGTCTGCCGTAG,0,4444277
yagB_insX_yagA_predicted,0.14285714285714285,6,6,CACCGAGCTCGCTGTCGGAA,0,4452988
yagB_insX_yagA_predicted,0.14285714285714285,6,6,CACAATAATCGACCTAGCAA,0,4446981
yagB_insX_yagA_predicted,0.14285714285714285,6,6,CAATTGAACAGGCGGGTGGG,0,4449864
yagB_insX_yagA_predicted,0.14285714285714285,6,6,CAATGTGCTTTCGTTCCTTG,0,4450373
yagB_insX_yagA_predicted,0.14285714285714285,6,6,CAATCAGAGTCGCGCTTGCA,0,4436210
yagB_insX_yagA_predicted,0.14285714285714285,6,6,CAAGCTCTGTCTATATCTAC,0,4443268
yagB_insX_yagA_predicted,0.14285714285714285,6,6,CAAGCCTAGCTATCAGAGGT,0,4471380
yagB_insX_yagA_predicted,0.14285714285714285,6,6,CAAGATCGCTCGTATCGCAG,0,4436020
yagB_insX_yagA_predicted,0.14285714285714285,6,6,CAACTCATAAACCAACACAT,0,4450386
yagB_insX_yagA_predicted,0.14285714285714285,6,6,CAAACCCAAAATCAGGTCAT,0,4470013
yagB_insX_yagA_predicted,0.14285714285714285,6,6,CAAACCAGTAAGGAGTACTC,0,4453897
yagB_insX_yagA_predicted,0.14285714285714285,6,6,ATTTCCCCCACGAGCGAAAG,0,4454594
yagB_insX_yagA_predicted,0.14285714285714285,6,6,ATTTAGTCGCCTTGGTCCGC,0,4453875
yagB_insX_yagA_predicted,0.14285714285714285,6,6,ATTTACGCAGCACTATTTGT,0,4450239
yagB_insX_yagA_predicted,0.14285714285714285,6,6,ATTGTGCCGAGAATGCATTC,0,4446751
yagB_insX_yagA_predicted,0.14285714285714285,6,6,ATTGTAAGTATTGCCACCAC,0,4468866
yagB_insX_yagA_predicted,0.14285714285714285,6,6,ATTCGAGAAATAAGACACTC,0,4446745
yagB_insX_yagA_predicted,0.14285714285714285,6,6,ATTCCGCCCTATCTTAATCT,0,4458890
yagB_insX_yagA_predicted,0.14285714285714285,6,6,ATTATCTATCCTCGGACATT,0,4466587
yagB_insX_yagA_predicted,0.14285714285714285,6,6,ATTAGCACGTTATGGTGATC,0,4465053
yagB_insX_yagA_predicted,0.14285714285714285,6,6,ATGTTTTAGGAACTTATAAC,0,4471287
yagB_insX_yagA_predicted,0.14285714285714285,6,6,ATGTTAGCTGCACCATTAAC,0,4447043
yagB_insX_yagA_predicted,0.14285714285714285,6,6,ATGTTACCATGGATATTAAA,0,4459521
yagB_insX_yagA_predicted,0.14285714285714285,6,6,ATGTGGCCTGGTCGTGAGAT,0,4452357
yagB_insX_yagA_predicted,0.14285714285714285,6,6,ATGTACCGGCTATGGAGTGA,0,4437087
yagB_insX_yagA_predicted,0.14285714285714285,6,6,ATGGTGGATCATACTAGGCA,0,4439151
yagB_insX_yagA_predicted,0.14285714285714285,6,6,ATGGATTATGAGATTCACAG,0,4453574
yagB_insX_yagA_predicted,0.14285714285714285,6,6,ATGCTTCCAATCGTGATTTG,0,4437753
yagB_insX_yagA_predicted,0.14285714285714285,6,6,ATGCGCGGTGAAATTTTATA,0,4437247
yagB_insX_yagA_predicted,0.14285714285714285,6,6,ATGCCGAAAAGAGCCGCGCA,0,4459487
yagB_insX_yagA_predicted,0.14285714285714285,6,6,ATGCAAGGTGCGTTTTTCTC,0,4462835
yagB_insX_yagA_predicted,0.14285714285714285,6,6,ATGATTTGGACGGCATAGGA,0,4444088
yagB_insX_yagA_predicted,0.14285714285714285,6,6,ATGATTGACAAGATCTTGGT,0,4452972
yagB_insX_yagA_predicted,0.14285714285714285,6,6,ATGATGGTATTTGGTCAATT,0,4439070
yagB_insX_yagA_predicted,0.14285714285714285,6,6,ATGAACAGAAAGTATCAGTA,0,4439444
yagB_insX_yagA_predicted,0.14285714285714285,6,6,ATCTGTTTGGAGAAACGTGC,0,4443589
yagB_insX_yagA_predicted,0.14285714285714285,6,6,ATCCTGATGATATCGGGGCG,0,4459123
yagB_insX_yagA_predicted,0.14285714285714285,6,6,ATCCGTTAGACTTATATCGC,0,4437305
yagB_insX_yagA_predicted,0.14285714285714285,6,6,ATCCGTCACTTAAGGGGTTT,0,4456488
yagB_insX_yagA_predicted,0.14285714285714285,6,6,ATCATCTTTGGCGTGACACC,0,4461771
yagB_insX_yagA_predicted,0.14285714285714285,6,6,ATCAGGAGGTGTAGCTCTAA,0,4462736
yagB_insX_yagA_predicted,0.14285714285714285,6,6,ATCAGAATACGGTACCCTTT,0,4438158
yagB_insX_yagA_predicted,0.14285714285714285,6,6,ATATGCGCCCTGTAAATGGG,0,4470665
yagB_insX_yagA_predicted,0.14285714285714285,6,6,ATAGGTTGGAATCTCAGACA,0,4442186
yagB_insX_yagA_predicted,0.14285714285714285,6,6,ATAGCGAGACGAAAGGGGAC,0,4459576
yagB_insX_yagA_predicted,0.14285714285714285,6,6,ATAGCATTCTTTGGTGTAGC,0,4466801
yagB_insX_yagA_predicted,0.14285714285714285,6,6,ATAGCAGGACTCAATCCTTC,0,4445717
yagB_insX_yagA_predicted,0.14285714285714285,6,6,ATACGGCTCACATTGCGAAA,0,4472389
yagB_insX_yagA_predicted,0.14285714285714285,6,6,ATACGCCCAGAGTCATCGGC,0,4440819
yagB_insX_yagA_predicted,0.14285714285714285,6,6,ATACCCGGTGCCCAGCCCGG,0,4445503
yagB_insX_yagA_predicted,0.14285714285714285,6,6,ATAATTGTTCATTAACCGAC,0,4458608
yagB_insX_yagA_predicted,0.14285714285714285,6,6,ATAATCATACTGTCAGTGTT,0,4460717
yagB_insX_yagA_predicted,0.14285714285714285,6,6,ATAAGGGTGTTGACCTCAAT,0,4468251
yagB_insX_yagA_predicted,0.14285714285714285,6,6,ATAAATCGGCTTGGTCGAAT,0,4466202
yagB_insX_yagA_predicted,0.14285714285714285,6,6,AGTTGGAATCGGCGGCGTAT,0,4461085
yagB_insX_yagA_predicted,0.14285714285714285,6,6,AGTTCCCGTCTTCGAGTTCA,0,4449000
yagB_insX_yagA_predicted,0.14285714285714285,6,6,AGTTATGAGTCGTCGAGAAT,0,4449435
yagB_insX_yagA_predicted,0.14285714285714285,6,6,AGTTATCCCTTTCAGGTGTT,0,4449265
yagB_insX_yagA_predicted,0.14285714285714285,6,6,AGTGGCGAGATTTGATCTGT,0,4450238
yagB_insX_yagA_predicted,0.14285714285714285,6,6,AGTGCTGTCTGGCACGAATG,0,4451997
yagB_insX_yagA_predicted,0.14285714285714285,6,6,AGTCCCGCTGCAAACGCCCT,0,4442758
yagB_insX_yagA_predicted,0.14285714285714285,6,6,AGTCCATCTTGCGGACAGTT,0,4440007
yagB_insX_yagA_predicted,0.14285714285714285,6,6,AGTCCAGGGTATAGAAAGGG,0,4451667
yagB_insX_yagA_predicted,0.14285714285714285,6,6,AGTATTCGTGGGGTTTCTTC,0,4465588
yagB_insX_yagA_predicted,0.14285714285714285,6,6,AGTAGTTCGCACGTTAGACT,0,4458427
yagB_insX_yagA_predicted,0.14285714285714285,6,6,AGGTAAGCAATCCTGTGCTT,0,4442030
yagB_insX_yagA_predicted,0.14285714285714285,6,6,AGGGGAGACAGCATGTAGCC,0,4438286
yagB_insX_yagA_predicted,0.14285714285714285,6,6,AGGGACTTATAGACGTCAGT,0,4461841
yagB_insX_yagA_predicted,0.14285714285714285,6,6,AGGGACGTCAATGTCTTGCC,0,4446063
yagB_insX_yagA_predicted,0.14285714285714285,6,6,AGGCGCCTGCCCAACATCGG,0,4437697
yagB_insX_yagA_predicted,0.14285714285714285,6,6,AGGCGATGCCGCATTACTGG,0,4441987
yagB_insX_yagA_predicted,0.14285714285714285,6,6,AGGCAGATCTACGGGTGCGA,0,4445176
yagB_insX_yagA_predicted,0.14285714285714285,6,6,AGGATAATGCAGTTATTCGG,0,4471564
yagB_insX_yagA_predicted,0.14285714285714285,6,6,AGCTGGTGGTTAGGCTTCGT,0,4448524
yagB_insX_yagA_predicted,0.14285714285714285,6,6,AGCTGAGCAAAGAAAGGGAC,0,4458785
yagB_insX_yagA_predicted,0.14285714285714285,6,6,AGCTCTGAGGGCCACGTCAC,0,4458003
yagB_insX_yagA_predicted,0.14285714285714285,6,6,AGCTCGAAGGACGGTCGCGA,0,4459601
yagB_insX_yagA_predicted,0.14285714285714285,6,6,AGCGGCTATGACCGTTGTAG,0,4457810
yagB_insX_yagA_predicted,0.14285714285714285,6,6,AGCCTACGGTCATTGCTGCG,0,4439844
yagB_insX_yagA_predicted,0.14285714285714285,6,6,AGCCGTCGTTACCCTCATGC,0,4464523
yagB_insX_yagA_predicted,0.14285714285714285,6,6,AGCATTGCACCCCCCTCTGT,0,4437622
yagB_insX_yagA_predicted,0.14285714285714285,6,6,AGCAACTAGGCAAACTCGAG,0,4449984
yagB_insX_yagA_predicted,0.14285714285714285,6,6,AGATTTCAGACTCCGATGTG,0,4470119
yagB_insX_yagA_predicted,0.14285714285714285,6,6,AGATCTAGCCTTCTGGGATC,0,4463149
yagB_insX_yagA_predicted,0.14285714285714285,6,6,AGATACGTAAAATGTTGGGA,0,4449545
yagB_insX_yagA_predicted,0.14285714285714285,6,6,AGAGTCCTGACAACCTGCTA,0,4464020
yagB_insX_yagA_predicted,0.14285714285714285,6,6,AGAGAGGTGCGTTCATCAAG,0,4441113
yagB_insX_yagA_predicted,0.14285714285714285,6,6,AGACTTCCTGGGGGCCCCTA,0,4445953
yagB_insX_yagA_predicted,0.14285714285714285,6,6,AGAAGGCTCGCGACGCGAAC,0,4470394
yagB_insX_yagA_predicted,0.14285714285714285,6,6,AGAAAGTGGTGTCCGAGTAG,0,4444072
yagB_insX_yagA_predicted,0.14285714285714285,6,6,AGAAAGTGGAATTCACGAAT,0,4464103
yagB_insX_yagA_predicted,0.14285714285714285,6,6,ACTTTCCGATTACCGTCAAC,0,4452746
yagB_insX_yagA_predicted,0.14285714285714285,6,6,ACTTTAGTCTATGGCGTTAC,0,4443502
yagB_insX_yagA_predicted,0.14285714285714285,6,6,ACTTGCTAATTCATCTAGGC,0,4454364
yagB_insX_yagA_predicted,0.14285714285714285,6,6,ACTGTTTCACTGTGCCACAG,0,4444457
yagB_insX_yagA_predicted,0.14285714285714285,6,6,ACTGTTAAAGTCTGATCCAC,0,4468788
yagB_insX_yagA_predicted,0.14285714285714285,6,6,ACTGACCCGCATCAAGCGGC,0,4450269
yagB_insX_yagA_predicted,0.14285714285714285,6,6,ACTGAATGGGGCAACTTCTT,0,4448884
yagB_insX_yagA_predicted,0.14285714285714285,6,6,ACTCTATGATATTTCGTGGC,0,4442152
yagB_insX_yagA_predicted,0.14285714285714285,6,6,ACTCCCTGCGGATAACCATG,0,4453525
yagB_insX_yagA_predicted,0.14285714285714285,6,6,ACTCCAACATAGCCTTGTAT,0,4447981
yagB_insX_yagA_predicted,0.14285714285714285,6,6,ACTATTGTGCATGGCCTTTG,0,4449727
yagB_insX_yagA_predicted,0.14285714285714285,6,6,ACTACAATGTAGACATATAA,0,4444950
yagB_insX_yagA_predicted,0.14285714285714285,6,6,ACGTTGCGCTGGATTAATGC,0,4466171
yagB_insX_yagA_predicted,0.14285714285714285,6,6,ACGGTGATCGCATTGTACGT,0,4451448
yagB_insX_yagA_predicted,0.14285714285714285,6,6,ACGGCAGATGGAACTTTTGG,0,4468932
yagB_insX_yagA_predicted,0.14285714285714285,6,6,ACGGCAGAAGCCAGGTGGGT,0,4466711
yagB_insX_yagA_predicted,0.14285714285714285,6,6,ACGCTCATGAGCGGAGTCGG,0,4453353
yagB_insX_yagA_predicted,0.14285714285714285,6,6,ACGCCAACGCTATAACGGAT,0,4454694
yagB_insX_yagA_predicted,0.14285714285714285,6,6,ACGCCAACGACATTTAACAA,0,4463446
yagB_insX_yagA_predicted,0.14285714285714285,6,6,ACGCAAACACCTGTTCGTGG,0,4458388
yagB_insX_yagA_predicted,0.14285714285714285,6,6,ACGAAGCCATCGGGTCTCTT,0,4438341
yagB_insX_yagA_predicted,0.14285714285714285,6,6,ACCTCATGCAGAGTTAGTAT,0,4451204
yagB_insX_yagA_predicted,0.14285714285714285,6,6,ACCTAGGTTGTACTAGCGTT,0,4456446
yagB_insX_yagA_predicted,0.14285714285714285,6,6,ACCGGGCGGACTCGGTAAGG,0,4469549
yagB_insX_yagA_predicted,0.14285714285714285,6,6,ACCGACAACCCTTGCGTACG,0,4457717
yagB_insX_yagA_predicted,0.14285714285714285,6,6,ACCCTGTGATTAGAAGGTTT,0,4453208
yagB_insX_yagA_predicted,0.14285714285714285,6,6,ACCCTCGCAATGGTAGAAAT,0,4461842
yagB_insX_yagA_predicted,0.14285714285714285,6,6,ACCCTAAGTAACTGTTACAA,0,4464099
yagB_insX_yagA_predicted,0.14285714285714285,6,6,ACCCAATCTAAAGTCCCCCC,0,4461548
yagB_insX_yagA_predicted,0.14285714285714285,6,6,ACCATTCCGTATCACCCTTC,0,4470427
yagB_insX_yagA_predicted,0.14285714285714285,6,6,ACCATCAGTCACGCCAAACC,0,4464923
yagB_insX_yagA_predicted,0.14285714285714285,6,6,ACCAGTACGGGGCTTTTCGT,0,4451242
yagB_insX_yagA_predicted,0.14285714285714285,6,6,ACCAATCGCTGGTGCTGGTT,0,4444753
yagB_insX_yagA_predicted,0.14285714285714285,6,6,ACATGGTGAGGCGTCGAAAC,0,4445467
yagB_insX_yagA_predicted,0.14285714285714285,6,6,ACATGGCTCTTACGATAATT,0,4471180
yagB_insX_yagA_predicted,0.14285714285714285,6,6,ACATCATATTGTGGGGTGCC,0,4443681
yagB_insX_yagA_predicted,0.14285714285714285,6,6,ACATATACGAAAGCTGTGTG,0,4458792
yagB_insX_yagA_predicted,0.14285714285714285,6,6,ACATAGCATGCCAAGGAACT,0,4438496
yagB_insX_yagA_predicted,0.14285714285714285,6,6,ACATAAGGCGACTCAGCCGA,0,4446399
yagB_insX_yagA_predicted,0.14285714285714285,6,6,ACAGAGTCGTGTCCGCGAGT,0,4441326
yagB_insX_yagA_predicted,0.14285714285714285,6,6,ACACCTATGTTAGACAGTAT,0,4452174
yagB_insX_yagA_predicted,0.14285714285714285,6,6,ACAATGCAATGCATTGGGGA,0,4458469
yagB_insX_yagA_predicted,0.14285714285714285,6,6,AATTCTTGAGCTATGTTTTA,0,4467662
yagB_insX_yagA_predicted,0.14285714285714285,6,6,AATTCGTTTAACTCGGCCGC,0,4472251
yagB_insX_yagA_predicted,0.14285714285714285,6,6,AATTATCGGATCAATTAGCT,0,4456910
yagB_insX_yagA_predicted,0.14285714285714285,6,6,AATTACAAAACTCCGTCATC,0,4470163
yagB_insX_yagA_predicted,0.14285714285714285,6,6,AATTAATGACTGAGGATTGT,0,4446143
yagB_insX_yagA_predicted,0.14285714285714285,6,6,AATGTAGCACAACGGGGTAC,0,4448469
yagB_insX_yagA_predicted,0.14285714285714285,6,6,AATGGTCGAGGGTCTAGAGT,0,4447042
yagB_insX_yagA_predicted,0.14285714285714285,6,6,AATGCGGCATTAACGGATGG,0,4442019
yagB_insX_yagA_predicted,0.14285714285714285,6,6,AATGACCGAACATACAGGTT,0,4442113
yagB_insX_yagA_predicted,0.14285714285714285,6,6,AATCGCTGATTCAGGAAGGA,0,4436447
yagB_insX_yagA_predicted,0.14285714285714285,6,6,AATCGAACTGATCTAATTTG,0,4458781
yagB_insX_yagA_predicted,0.14285714285714285,6,6,AATCCCAGTGGCCTCCCTGG,0,4439227
yagB_insX_yagA_predicted,0.14285714285714285,6,6,AATATTTGGGAATATGGTTC,0,4460400
yagB_insX_yagA_predicted,0.14285714285714285,6,6,AATATTGATATCAGCAATGT,0,4445859
yagB_insX_yagA_predicted,0.14285714285714285,6,6,AATATCAAATATTGGCAGCC,0,4455364
yagB_insX_yagA_predicted,0.14285714285714285,6,6,AATATATACAGCGCCCAGCT,0,4458010
yagB_insX_yagA_predicted,0.14285714285714285,6,6,AATAGTGCTCCATTCCATCA,0,4445775
yagB_insX_yagA_predicted,0.14285714285714285,6,6,AAGTTCCCTCGCTTCGTCTC,0,4453472
yagB_insX_yagA_predicted,0.14285714285714285,6,6,AAGGATTTACGACTGACTCA,0,4453682
yagB_insX_yagA_predicted,0.14285714285714285,6,6,AAGCGTGGTTTGGGACCATG,0,4438688
yagB_insX_yagA_predicted,0.14285714285714285,6,6,AAGCGCCGTGTCAGTTAAGG,0,4451295
yagB_insX_yagA_predicted,0.14285714285714285,6,6,AAGCGATTATCACCTGCTGC,0,4447364
yagB_insX_yagA_predicted,0.14285714285714285,6,6,AAGCGACTCTCACTGGCCGT,0,4447229
yagB_insX_yagA_predicted,0.14285714285714285,6,6,AAGCGACATGAATTGCCCGA,0,4464218
yagB_insX_yagA_predicted,0.14285714285714285,6,6,AAGCATCGGTGCAGTCCTCC,0,4457347
yagB_insX_yagA_predicted,0.14285714285714285,6,6,AAGACAGCACAAGCTTCACG,0,4435956
yagB_insX_yagA_predicted,0.14285714285714285,6,6,AACTCATACTGCGTAAGTTA,0,4460958
yagB_insX_yagA_predicted,0.14285714285714285,6,6,AACGTGGCACAGTTGCAAAT,0,4459381
yagB_insX_yagA_predicted,0.14285714285714285,6,6,AACGTCACGGGTGGTTCCTT,0,4438349
yagB_insX_yagA_predicted,0.14285714285714285,6,6,AACGTAGTAACGGGCTGGCC,0,4437986
yagB_insX_yagA_predicted,0.14285714285714285,6,6,AACGCTGGACGGACAGCCTG,0,4441915
yagB_insX_yagA_predicted,0.14285714285714285,6,6,AACGATAAGTCCTTCGTTTC,0,4469651
yagB_insX_yagA_predicted,0.14285714285714285,6,6,AACGAGGACCAACTAAGTGT,0,4436084
yagB_insX_yagA_predicted,0.14285714285714285,6,6,AACCCGGTAGAGACTCGGGG,0,4455445
yagB_insX_yagA_predicted,0.14285714285714285,6,6,AACAGAGGAGTGTAGGCCAC,0,4451097
yagB_insX_yagA_predicted,0.14285714285714285,6,6,AAATTAACAGGTATCTAATC,0,4458943
yagB_insX_yagA_predicted,0.14285714285714285,6,6,AAATCGCATTGACGCGTCAG,0,4443245
yagB_insX_yagA_predicted,0.14285714285714285,6,6,AAATCAATTTCCGGGCTGCC,0,4470390
yagB_insX_yagA_predicted,0.14285714285714285,6,6,AAAGTATCCCGGACTCCGCA,0,4458577
yagB_insX_yagA_predicted,0.14285714285714285,6,6,AAAGGGTCCGCCCGTGGGTA,0,4446205
yagB_insX_yagA_predicted,0.14285714285714285,6,6,AAAGATGACGTTTTAGGATT,0,4460511
yagB_insX_yagA_predicted,0.14285714285714285,6,6,AAACCCTGCGAAGGAGTAGT,0,4436873
yagB_insX_yagA_predicted,0.14285714285714285,6,6,AAACCATGAGCGTTAAATGG,0,4451064
yagB_insX_yagA_predicted,0.14285714285714285,6,6,AAAACCATCGAACTGAAGTC,0,4439668
yagB_insX_yagA_predicted,0.16666666666666666,5,5,TTTTCTGCATGTTCACACGA,0,4444012
yagB_insX_yagA_predicted,0.16666666666666666,5,5,TTTTCGTGACCATCGGTCCT,0,4464716
yagB_insX_yagA_predicted,0.16666666666666666,5,5,TTTTCAAGATCCCTGAACAC,0,4456670
yagB_insX_yagA_predicted,0.16666666666666666,5,5,TTTTATGTCGGAGAGAAACA,0,4469181
yagB_insX_yagA_predicted,0.16666666666666666,5,5,TTTTAGTGTTCCCCCTCTAG,0,4440294
yagB_insX_yagA_predicted,0.16666666666666666,5,5,TTTTAGCCCCGGGCTCACCA,0,4468425
yagB_insX_yagA_predicted,0.16666666666666666,5,5,TTTGGTGCGTTATCTGGGTC,0,4471043
yagB_insX_yagA_predicted,0.16666666666666666,5,5,TTTGGGCCATGACCTAGAGC,0,4470507
yagB_insX_yagA_predicted,0.16666666666666666,5,5,TTTGATTCCTTCGGGACCGT,0,4471268
yagB_insX_yagA_predicted,0.16666666666666666,5,5,TTTGAGGAATTAGTGATTAC,0,4456960
yagB_insX_yagA_predicted,0.16666666666666666,5,5,TTTCAGCGACGAGAGCGCGT,0,4440308
yagB_insX_yagA_predicted,0.16666666666666666,5,5,TTTAGTGCTATTGGGCGCGA,0,4446137
yagB_insX_yagA_predicted,0.16666666666666666,5,5,TTTAGGAATGGTGAGCACGG,0,4461383
yagB_insX_yagA_predicted,0.16666666666666666,5,5,TTTAGATTGCCAAGGCATAG,0,4454269
yagB_insX_yagA_predicted,0.16666666666666666,5,5,TTTACGATGTTGTGCCTAGA,0,4456718
yagB_insX_yagA_predicted,0.16666666666666666,5,5,TTTAAAACCGCCACGGTATA,0,4437547
yagB_insX_yagA_predicted,0.16666666666666666,5,5,TTGTCGTGACATGGCAGTTG,0,4443055
yagB_insX_yagA_predicted,0.16666666666666666,5,5,TTGTCCGGTCATAGCAAGTG,0,4468513
yagB_insX_yagA_predicted,0.16666666666666666,5,5,TTGGTATAAGATCTGGTACC,0,4463828
yagB_insX_yagA_predicted,0.16666666666666666,5,5,TTGGTAGATCGTCGGACGGG,0,4447617
yagB_insX_yagA_predicted,0.16666666666666666,5,5,TTGGGACAATATACGGAGCT,0,4453252
yagB_insX_yagA_predicted,0.16666666666666666,5,5,TTGGCTGCTGTCATTCGCGA,0,4466244
yagB_insX_yagA_predicted,0.16666666666666666,5,5,TTGGCGGGATTCCTTGAAGT,0,4460716
yagB_insX_yagA_predicted,0.16666666666666666,5,5,TTGGCCGGATTTGCTTAACT,0,4465513
yagB_insX_yagA_predicted,0.16666666666666666,5,5,TTGGCCAACAGAGGATTAGG,0,4452375
yagB_insX_yagA_predicted,0.16666666666666666,5,5,TTGCTGCAACGGTACCAGGT,0,4459465
yagB_insX_yagA_predicted,0.16666666666666666,5,5,TTGCGTCAGTTAAAGGCAGT,0,4442230
yagB_insX_yagA_predicted,0.16666666666666666,5,5,TTGCCGCCCGGATCACCCAA,0,4453329
yagB_insX_yagA_predicted,0.16666666666666666,5,5,TTGCCCATTTGTATTGAGAT,0,4456137
yagB_insX_yagA_predicted,0.16666666666666666,5,5,TTGATGGGATGAAATTTTCA,0,4462223
yagB_insX_yagA_predicted,0.16666666666666666,5,5,TTGAGGTCATGGAACCGCAA,0,4470713
yagB_insX_yagA_predicted,0.16666666666666666,5,5,TTGACTTGGACCGATGCTCT,0,4466413
yagB_insX_yagA_predicted,0.16666666666666666,5,5,TTGACTCACGTAGAGCCTAA,0,4463305
yagB_insX_yagA_predicted,0.16666666666666666,5,5,TTGACAAAGCGTGCGTGTAC,0,4452506
yagB_insX_yagA_predicted,0.16666666666666666,5,5,TTCTCTCGTATCACACGGGA,0,4442723
yagB_insX_yagA_predicted,0.16666666666666666,5,5,TTCTCACTATCCGCCGGTCT,0,4468910
yagB_insX_yagA_predicted,0.16666666666666666,5,5,TTCTATTCCGCCTATCATCC,0,4450837
yagB_insX_yagA_predicted,0.16666666666666666,5,5,TTCTATACAACTTCATCGTA,0,4437034
yagB_insX_yagA_predicted,0.16666666666666666,5,5,TTCGTTCTTGTAGGCTATTA,0,4437703
yagB_insX_yagA_predicted,0.16666666666666666,5,5,TTCGCTCGCATGGCTTTTTT,0,4444786
yagB_insX_yagA_predicted,0.16666666666666666,5,5,TTCGCTACCTTGGACTCTAG,0,4467109
yagB_insX_yagA_predicted,0.16666666666666666,5,5,TTCGCAAGAGTAGCAATACT,0,4469533
yagB_insX_yagA_predicted,0.16666666666666666,5,5,TTCGAGAGTGTTCTCACCGG,0,4453907
yagB_insX_yagA_predicted,0.16666666666666666,5,5,TTCCTGGCAAAGGTACTCCA,0,4464623
yagB_insX_yagA_predicted,0.16666666666666666,5,5,TTCCCTTTATCGACTCACAC,0,4468878
yagB_insX_yagA_predicted,0.16666666666666666,5,5,TTCATTCCAAGTCTTTTGAA,0,4443458
yagB_insX_yagA_predicted,0.16666666666666666,5,5,TTCAGTAACCCCGGAATAGT,0,4457225
yagB_insX_yagA_predicted,0.16666666666666666,5,5,TTCAGACCTTTGCAACGCGA,0,4443309
yagB_insX_yagA_predicted,0.16666666666666666,5,5,TTATTTCAGTTAGACGTGCC,0,4439568
yagB_insX_yagA_predicted,0.16666666666666666,5,5,TTATTGTTGTGTTAGAACGG,0,4455178
yagB_insX_yagA_predicted,0.16666666666666666,5,5,TTATTCCCCTTCTGAACTCG,0,4457192
yagB_insX_yagA_predicted,0.16666666666666666,5,5,TTATGGTGGAGTAATCGAGC,0,4454268
yagB_insX_yagA_predicted,0.16666666666666666,5,5,TTATGCGCTGCGCCGACAGC,0,4456936
yagB_insX_yagA_predicted,0.16666666666666666,5,5,TTATGAGCGGTGGGCACTTT,0,4438090
yagB_insX_yagA_predicted,0.16666666666666666,5,5,TTATAGTTAGGATTACCAGC,0,4438232
yagB_insX_yagA_predicted,0.16666666666666666,5,5,TTATAAAAGTGCCCCGCCGT,0,4451560
yagB_insX_yagA_predicted,0.16666666666666666,5,5,TTAGCTGTAAACGTTGCATA,0,4445072
yagB_insX_yagA_predicted,0.16666666666666666,5,5,TTAGCTAGCGTCGTTTAACA,0,4456512
yagB_insX_yagA_predicted,0.16666666666666666,5,5,TTAGCGTTGTTGACCGGTTC,0,4446748
yagB_insX_yagA_predicted,0.16666666666666666,5,5,TTAGATTAGGGACCTGCCCA,0,4445014
yagB_insX_yagA_predicted,0.16666666666666666,5,5,TTACGATGGTGATAAATTAT,0,4463127
yagB_insX_yagA_predicted,0.16666666666666666,5,5,TTACGAGGTCTAAATACTAC,0,4441812
yagB_insX_yagA_predicted,0.16666666666666666,5,5,TTACCTGCACAAGGGTACTC,0,4451970
yagB_insX_yagA_predicted,0.16666666666666666,5,5,TTACACGGAGCCAAAAGGGA,0,4436530
yagB_insX_yagA_predicted,0.16666666666666666,5,5,TTAATTTTGTCGCAGGAAAG,0,4438842
yagB_insX_yagA_predicted,0.16666666666666666,5,5,TTAATCCGTGCGGAAGCTTA,0,4461506
yagB_insX_yagA_predicted,0.16666666666666666,5,5,TTAAGTTACGTTCGTAATGG,0,4465014
yagB_insX_yagA_predicted,0.16666666666666666,5,5,TTAAGTCCCTAACAATAGGT,0,4445494
yagB_insX_yagA_predicted,0.16666666666666666,5,5,TTAAGAATGGGCGCTGGGCG,0,4470303
yagB_insX_yagA_predicted,0.16666666666666666,5,5,TTAACAAACCGTTTAATACA,0,4447884
yagB_insX_yagA_predicted,0.16666666666666666,5,5,TTAAAACAACCGTCATGGTC,0,4441205
yagB_insX_yagA_predicted,0.16666666666666666,5,5,TGTTGTCTAAACTCGTGAAC,0,4445105
yagB_insX_yagA_predicted,0.16666666666666666,5,5,TGTTGCTGCCTCTGCCTTTT,0,4468067
yagB_insX_yagA_predicted,0.16666666666666666,5,5,TGTTCGCGATAGGAAGATAC,0,4456222
yagB_insX_yagA_predicted,0.16666666666666666,5,5,TGTTCCTATGTTGAAGGAAT,0,4445348
yagB_insX_yagA_predicted,0.16666666666666666,5,5,TGTTCCCCGTTTCAAAGAGG,0,4446280
yagB_insX_yagA_predicted,0.16666666666666666,5,5,TGTTATCGGATGTTTTTCGC,0,4437548
yagB_insX_yagA_predicted,0.16666666666666666,5,5,TGTTATCACCCCGTCAGGTT,0,4471271
yagB_insX_yagA_predicted,0.16666666666666666,5,5,TGTGTCATCCGTCGGCTATT,0,4444651
yagB_insX_yagA_predicted,0.16666666666666666,5,5,TGTGTAGAAAGCTCAGGCAA,0,4441478
yagB_insX_yagA_predicted,0.16666666666666666,5,5,TGTGGCTCTACGAATGGGCA,0,4472329
yagB_insX_yagA_predicted,0.16666666666666666,5,5,TGTCTTATCTTCTTCCTAAA,0,4451857
yagB_insX_yagA_predicted,0.16666666666666666,5,5,TGTCCCGGATCATGGAAGGT,0,4440637
yagB_insX_yagA_predicted,0.16666666666666666,5,5,TGTCACATACATGTTCCTCC,0,4459860
yagB_insX_yagA_predicted,0.16666666666666666,5,5,TGTATGCACCGATTCTGGTT,0,4457921
yagB_insX_yagA_predicted,0.16666666666666666,5,5,TGTAGGCGCATCAATATTAT,0,4459569
yagB_insX_yagA_predicted,0.16666666666666666,5,5,TGGTGTCGTGTAAGAGTCTA,0,4444422
yagB_insX_yagA_predicted,0.16666666666666666,5,5,TGGTGGTGCTATTCGGGGAG,0,4448921
yagB_insX_yagA_predicted,0.16666666666666666,5,5,TGGTCCTTTAATCCATCCCC,0,4469752
yagB_insX_yagA_predicted,0.16666666666666666,5,5,TGGTCCCCAGTGGCTTAGCC,0,4442624
yagB_insX_yagA_predicted,0.16666666666666666,5,5,TGGTATTATGCTTTATACAC,0,4436158
yagB_insX_yagA_predicted,0.16666666666666666,5,5,TGGGGACCCAGGCGATTTGT,0,4469379
yagB_insX_yagA_predicted,0.16666666666666666,5,5,TGGGCCGTGTGCTCTACGGG,0,4452360
yagB_insX_yagA_predicted,0.16666666666666666,5,5,TGGCTCTACATATTGCAGTC,0,4453439
yagB_insX_yagA_predicted,0.16666666666666666,5,5,TGGCGCTTCCCGGCCATGAT,0,4472102
yagB_insX_yagA_predicted,0.16666666666666666,5,5,TGGCCATTAGTCGAGGGACC,0,4466243
yagB_insX_yagA_predicted,0.16666666666666666,5,5,TGGCCAAATAAGGTCTTCTG,0,4468262
yagB_insX_yagA_predicted,0.16666666666666666,5,5,TGGACCGCGCTTAGGAAACC,0,4441287
yagB_insX_yagA_predicted,0.16666666666666666,5,5,TGGACCCCCCGAGCTTGAGG,0,4471386
yagB_insX_yagA_predicted,0.16666666666666666,5,5,TGGAATGCCCGGCAAATGTG,0,4472354
yagB_insX_yagA_predicted,0.16666666666666666,5,5,TGGAACTGATCCACGTATAC,0,4459083
yagB_insX_yagA_predicted,0.16666666666666666,5,5,TGGAAACAGCGGAGCAGAAC,0,4446214
yagB_insX_yagA_predicted,0.16666666666666666,5,5,TGCTTTCGGTTGCTCCTCTA,0,4459857
yagB_insX_yagA_predicted,0.16666666666666666,5,5,TGCTAGTAACGGTGACGAGC,0,4437928
yagB_insX_yagA_predicted,0.16666666666666666,5,5,TGCGTGTTTTACAAGGACGG,0,4448409
yagB_insX_yagA_predicted,0.16666666666666666,5,5,TGCGCTCTTTTCGGACCTCG,0,4444958
yagB_insX_yagA_predicted,0.16666666666666666,5,5,TGCGCAAGACAAGCGAGCTA,0,4450157
yagB_insX_yagA_predicted,0.16666666666666666,5,5,TGCCCCCCGGCACCATTCGC,0,4443019
yagB_insX_yagA_predicted,0.16666666666666666,5,5,TGCCCCAGTATAGCCCCCTC,0,4464489
yagB_insX_yagA_predicted,0.16666666666666666,5,5,TGCCAGAGTACAATTATCCG,0,4469627
yagB_insX_yagA_predicted,0.16666666666666666,5,5,TGCATTGGCTGAGGCCCCGA,0,4437317
yagB_insX_yagA_predicted,0.16666666666666666,5,5,TGCAGGCTAAAAAGATGGTC,0,4450792
yagB_insX_yagA_predicted,0.16666666666666666,5,5,TGCACCACTTTGTCTCGCTG,0,4438433
yagB_insX_yagA_predicted,0.16666666666666666,5,5,TGCAAACGGCTTCAATCATA,0,4443869
yagB_insX_yagA_predicted,0.16666666666666666,5,5,TGATTCCCCATGCATATCCT,0,4450787
yagB_insX_yagA_predicted,0.16666666666666666,5,5,TGATGTACTTAGGATAATCC,0,4468656
yagB_insX_yagA_predicted,0.16666666666666666,5,5,TGATGCCGCCCGTCCACGAA,0,4459792
yagB_insX_yagA_predicted,0.16666666666666666,5,5,TGATCGAACAAGTTCCGAAA,0,4438113
yagB_insX_yagA_predicted,0.16666666666666666,5,5,TGATAAGTGCTAGGGCCGTT,0,4451447
yagB_insX_yagA_predicted,0.16666666666666666,5,5,TGAGGCAATACGGTTACGTC,0,4460174
yagB_insX_yagA_predicted,0.16666666666666666,5,5,TGACTAACGAGAAGTGTATC,0,4458274
yagB_insX_yagA_predicted,0.16666666666666666,5,5,TGACACCCAGCTCATCGGAT,0,4452287
yagB_insX_yagA_predicted,0.16666666666666666,5,5,TGAATTTTAAGCGCTAGGCT,0,4449912
yagB_insX_yagA_predicted,0.16666666666666666,5,5,TGAATGTAGTCTGGTGAGAG,0,4440714
yagB_insX_yagA_predicted,0.16666666666666666,5,5,TGAAGGCCAGGCTATCGGTT,0,4465290
yagB_insX_yagA_predicted,0.16666666666666666,5,5,TGAAGGCATTATGGATATTT,0,4439497
yagB_insX_yagA_predicted,0.16666666666666666,5,5,TGAACGAATCAAGGGACATT,0,4452916
yagB_insX_yagA_predicted,0.16666666666666666,5,5,TCTTGTCCGCAAGACCTCGT,0,4437694
yagB_insX_yagA_predicted,0.16666666666666666,5,5,TCTTGGACGAGTTAAATACA,0,4470037
yagB_insX_yagA_predicted,0.16666666666666666,5,5,TCTTCCCTGATGCACAAAGA,0,4468948
yagB_insX_yagA_predicted,0.16666666666666666,5,5,TCTTATCGCAGAATAAGAGG,0,4461669
yagB_insX_yagA_predicted,0.16666666666666666,5,5,TCTTATAAGTGATCCCCCAA,0,4442614
yagB_insX_yagA_predicted,0.16666666666666666,5,5,TCTTAGGTATTCTGCGCCGA,0,4459005
yagB_insX_yagA_predicted,0.16666666666666666,5,5,TCTGGTGCGCGATATGGTCA,0,4452134
yagB_insX_yagA_predicted,0.16666666666666666,5,5,TCTGGGATCCTGAGGCAGAG,0,4457383
yagB_insX_yagA_predicted,0.16666666666666666,5,5,TCTGGCTGATCGGTTGCAAG,0,4445547
yagB_insX_yagA_predicted,0.16666666666666666,5,5,TCTGGCGGTAGAGTCCATTC,0,4468471
yagB_insX_yagA_predicted,0.16666666666666666,5,5,TCTGCTTGAGTGTGGGGCAA,0,4451484
yagB_insX_yagA_predicted,0.16666666666666666,5,5,TCTGCTTACTCAACCCTCCA,0,4451027
yagB_insX_yagA_predicted,0.16666666666666666,5,5,TCTCGGTAAATTATGAGGTG,0,4457405
yagB_insX_yagA_predicted,0.16666666666666666,5,5,TCTCGCGTTTAAATTGATGT,0,4469867
yagB_insX_yagA_predicted,0.16666666666666666,5,5,TCTATTAGTTGGGTAAGCTC,0,4443351
yagB_insX_yagA_predicted,0.16666666666666666,5,5,TCTATAGGGATCCGCGTTGC,0,4453207
yagB_insX_yagA_predicted,0.16666666666666666,5,5,TCTAGGCAGCCAGTGTTCAC,0,4457170
yagB_insX_yagA_predicted,0.16666666666666666,5,5,TCTACTCTACCGGGAAGTCA,0,4447791
yagB_insX_yagA_predicted,0.16666666666666666,5,5,TCTACAAGCCGTGAGACTAC,0,4448223
yagB_insX_yagA_predicted,0.16666666666666666,5,5,TCTAAGGCTAACTGGCCGCG,0,4436922
yagB_insX_yagA_predicted,0.16666666666666666,5,5,TCGTTTGTATTAATGCACGA,0,4471860
yagB_insX_yagA_predicted,0.16666666666666666,5,5,TCGTCGTTCCTACGGGGACT,0,4456953
yagB_insX_yagA_predicted,0.16666666666666666,5,5,TCGTAGTGGCTAACGGTGCC,0,4464564
yagB_insX_yagA_predicted,0.16666666666666666,5,5,TCGTACAGACTTCATTAGGG,0,4441841
yagB_insX_yagA_predicted,0.16666666666666666,5,5,TCGTACAAACCCGGCCAACC,0,4440966
yagB_insX_yagA_predicted,0.16666666666666666,5,5,TCGGCTATTCATAGGCCGAT,0,4451036
yagB_insX_yagA_predicted,0.16666666666666666,5,5,TCGGACCCTCGGCTTCTTCA,0,4446387
yagB_insX_yagA_predicted,0.16666666666666666,5,5,TCGCTCTGTGATGAAGATAA,0,4448201
yagB_insX_yagA_predicted,0.16666666666666666,5,5,TCGCTACTGTTCTCTCCGTG,0,4455984
yagB_insX_yagA_predicted,0.16666666666666666,5,5,TCGCCCATCTCAGTGCTCTT,0,4445291
yagB_insX_yagA_predicted,0.16666666666666666,5,5,TCGCCATTGCCTTAAAGGCG,0,4446834
yagB_insX_yagA_predicted,0.16666666666666666,5,5,TCGATTGTCTCTCTAGGGCA,0,4470378
yagB_insX_yagA_predicted,0.16666666666666666,5,5,TCGAGGCAGTCTAGTAACTC,0,4467558
yagB_insX_yagA_predicted,0.16666666666666666,5,5,TCCTTCTCCCCATTGTGGAC,0,4450627
yagB_insX_yagA_predicted,0.16666666666666666,5,5,TCCTGTGCGCCATGTGCAGA,0,4435971
yagB_insX_yagA_predicted,0.16666666666666666,5,5,TCCTGCTAGGTCGTCCAGCG,0,4451192
yagB_insX_yagA_predicted,0.16666666666666666,5,5,TCCTGCCATAAGGGGAGCAT,0,4441549
yagB_insX_yagA_predicted,0.16666666666666666,5,5,TCCTGCCACCCTATCATTAG,0,4466071
yagB_insX_yagA_predicted,0.16666666666666666,5,5,TCCTCGGCCTCTCGAAATCA,0,4438511
yagB_insX_yagA_predicted,0.16666666666666666,5,5,TCCTCCGCAGACTAAAGGAG,0,4447437
yagB_insX_yagA_predicted,0.16666666666666666,5,5,TCCTCAATTAGACTCAGTCG,0,4461848
yagB_insX_yagA_predicted,0.16666666666666666,5,5,TCCGTCGCAAGATAGCGACC,0,4471555
yagB_insX_yagA_predicted,0.16666666666666666,5,5,TCCGAGCTTAGGCCTAGGTA,0,4441319
yagB_insX_yagA_predicted,0.16666666666666666,5,5,TCCCTGCTATCCGTATAAAT,0,4463574
yagB_insX_yagA_predicted,0.16666666666666666,5,5,TCCCTAGTGTCTATATGGGT,0,4463724
yagB_insX_yagA_predicted,0.16666666666666666,5,5,TCCCGTAAAGGAATCTGGTA,0,4440182
yagB_insX_yagA_predicted,0.16666666666666666,5,5,TCCCGCTTAGATTCGGAAAC,0,4470782
yagB_insX_yagA_predicted,0.16666666666666666,5,5,TCCACCCGGTAAAAAACATC,0,4439933
yagB_insX_yagA_predicted,0.16666666666666666,5,5,TCATTTTGGAGGGGCTCTAA,0,4439392
yagB_insX_yagA_predicted,0.16666666666666666,5,5,TCATTCTTCAGTCTAGGCTT,0,4460830
yagB_insX_yagA_predicted,0.16666666666666666,5,5,TCATTATTGCATATTGGCCA,0,4444269
yagB_insX_yagA_predicted,0.16666666666666666,5,5,TCATTAATGTCGGATAGCCA,0,4455917
yagB_insX_yagA_predicted,0.16666666666666666,5,5,TCATGGCTGGCACAAAGACA,0,4450215
yagB_insX_yagA_predicted,0.16666666666666666,5,5,TCAGTTATTGGTACGTCCGT,0,4441647
yagB_insX_yagA_predicted,0.16666666666666666,5,5,TCAGGCTGATTTACAAACAC,0,4447799
yagB_insX_yagA_predicted,0.16666666666666666,5,5,TCAGGCACACAAGCGTGTTG,0,4469460
yagB_insX_yagA_predicted,0.16666666666666666,5,5,TCAGACTACGTTGAGAAACC,0,4448916
yagB_insX_yagA_predicted,0.16666666666666666,5,5,TCACTGGACCAAGTGGAGGA,0,4437227
yagB_insX_yagA_predicted,0.16666666666666666,5,5,TCACTATGAGTACCCCGGTG,0,4457160
yagB_insX_yagA_predicted,0.16666666666666666,5,5,TCACGGTTCTAGGTTCGTTA,0,4460565
yagB_insX_yagA_predicted,0.16666666666666666,5,5,TCACATGGCGCCAAGGTAAA,0,4460223
yagB_insX_yagA_predicted,0.16666666666666666,5,5,TCAAAAATTGGGACGTTCTA,0,4469814
yagB_insX_yagA_predicted,0.16666666666666666,5,5,TATTGATAGCCATGCCTGGC,0,4461510
yagB_insX_yagA_predicted,0.16666666666666666,5,5,TATTACGGTCTCGAAGATCA,0,4449499
yagB_insX_yagA_predicted,0.16666666666666666,5,5,TATGTGGACTAGGCCCCGAT,0,4465837
yagB_insX_yagA_predicted,0.16666666666666666,5,5,TATGAACAAGGCCCAGGTAA,0,4438714
yagB_insX_yagA_predicted,0.16666666666666666,5,5,TATCCAACGGAAGAGACATA,0,4464881
yagB_insX_yagA_predicted,0.16666666666666666,5,5,TATACAAAAGGTTACGGCTT,0,4461461
yagB_insX_yagA_predicted,0.16666666666666666,5,5,TATAAATAGAAGGGCGGATC,0,4464612
yagB_insX_yagA_predicted,0.16666666666666666,5,5,TAGGTTTTATAACAGCAGAA,0,4451511
yagB_insX_yagA_predicted,0.16666666666666666,5,5,TAGGTGATCTTGCTTGGTTT,0,4465971
yagB_insX_yagA_predicted,0.16666666666666666,5,5,TAGGGTGCCTCTGTGGCACC,0,4471158
yagB_insX_yagA_predicted,0.16666666666666666,5,5,TAGGCGGATAAAGGAAAGTA,0,4439989
yagB_insX_yagA_predicted,0.16666666666666666,5,5,TAGGATATGGAGGTTATCAG,0,4444837
yagB_insX_yagA_predicted,0.16666666666666666,5,5,TAGGAAATTGGAACTGGTGT,0,4466097
yagB_insX_yagA_predicted,0.16666666666666666,5,5,TAGAGTGTCAGCTTTGTTTA,0,4447040
yagB_insX_yagA_predicted,0.16666666666666666,5,5,TAGAGTCCGCCATGTAATGT,0,4453508
yagB_insX_yagA_predicted,0.16666666666666666,5,5,TAGAATTACTTACGCATAGT,0,4455719
yagB_insX_yagA_predicted,0.16666666666666666,5,5,TACTGGTAAGGGGGTCATAA,0,4438212
yagB_insX_yagA_predicted,0.16666666666666666,5,5,TACTCCTAGCAATTGTATCA,0,4464780
yagB_insX_yagA_predicted,0.16666666666666666,5,5,TACTACGAGGCGCTTTGACT,0,4447180
yagB_insX_yagA_predicted,0.16666666666666666,5,5,TACCTTTACGCGCGTTGTAT,0,4459414
yagB_insX_yagA_predicted,0.16666666666666666,5,5,TACCGAGGAATCCGGGACAA,0,4462947
yagB_insX_yagA_predicted,0.16666666666666666,5,5,TACCACATACCTGCACCTTA,0,4465380
yagB_insX_yagA_predicted,0.16666666666666666,5,5,TACACTATAGTCTCGTATTA,0,4440023
yagB_insX_yagA_predicted,0.16666666666666666,5,5,TAAGTCTTACAAGTATGGCG,0,4441776
yagB_insX_yagA_predicted,0.16666666666666666,5,5,TAAGGCGACAAGGCAGCCGA,0,4437502
yagB_insX_yagA_predicted,0.16666666666666666,5,5,TAAGAGGAATAGAAGTTTTC,0,4440986
yagB_insX_yagA_predicted,0.16666666666666666,5,5,TAAGACTGGTACCAACGTGA,0,4439084
yagB_insX_yagA_predicted,0.16666666666666666,5,5,TAACTGAGTGTACGATAAAG,0,4465124
yagB_insX_yagA_predicted,0.16666666666666666,5,5,TAACTCGCAAGGGAAAACGT,0,4447910
yagB_insX_yagA_predicted,0.16666666666666666,5,5,TAACAGATCGAGGTAAGAAA,0,4468247
yagB_insX_yagA_predicted,0.16666666666666666,5,5,TAAATATCGGATCAGGTTTG,0,4462506
yagB_insX_yagA_predicted,0.16666666666666666,5,5,TAAACGGGATCGTCATGTTC,0,4445358
yagB_insX_yagA_predicted,0.16666666666666666,5,5,TAAAATAAGGCAATCTGACA,0,4443985
yagB_insX_yagA_predicted,0.16666666666666666,5,5,TAAAAGGTCTCCTACTCCGA,0,4468584
yagB_insX_yagA_predicted,0.16666666666666666,5,5,TAAAAATTTCGTTGGAGTCA,0,4464512
yagB_insX_yagA_predicted,0.16666666666666666,5,5,GTTTTCCTTCCGGGCTATAT,0,4454022
yagB_insX_yagA_predicted,0.16666666666666666,5,5,GTTTTATTAGCGACGGTAGG,0,4459155
yagB_insX_yagA_predicted,0.16666666666666666,5,5,GTTTTAGCGAATTCAAACAC,0,4452434
yagB_insX_yagA_predicted,0.16666666666666666,5,5,GTTTCGGTTCTTGTTGGATC,0,4461018
yagB_insX_yagA_predicted,0.16666666666666666,5,5,GTTTATCAAGCTATTCACGT,0,4464028
yagB_insX_yagA_predicted,0.16666666666666666,5,5,GTTGGAGGCATAACGTTTCT,0,4447902
yagB_insX_yagA_predicted,0.16666666666666666,5,5,GTTGCTCCCAGCACGCTCAC,0,4445789
yagB_insX_yagA_predicted,0.16666666666666666,5,5,GTTGAGTACACTACATAAAA,0,4440137
yagB_insX_yagA_predicted,0.16666666666666666,5,5,GTTCCTTGGGCAGGACTTAT,0,4464851
yagB_insX_yagA_predicted,0.16666666666666666,5,5,GTTAGTTTGCTTGGCGCAGG,0,4436467
yagB_insX_yagA_predicted,0.16666666666666666,5,5,GTTACATCGACTGCTAACCA,0,4441233
yagB_insX_yagA_predicted,0.16666666666666666,5,5,GTTACAGACAAAAGGGGGTA,0,4437060
yagB_insX_yagA_predicted,0.16666666666666666,5,5,GTTAAGCGCGACCGTTAAGA,0,4458292
yagB_insX_yagA_predicted,0.16666666666666666,5,5,GTGTTGCCAACTTCTTTATG,0,4447499
yagB_insX_yagA_predicted,0.16666666666666666,5,5,GTGTCCCGGCGTTATGCAGG,0,4445417
yagB_insX_yagA_predicted,0.16666666666666666,5,5,GTGTAGGGATGTGTTCGGAG,0,4446045
yagB_insX_yagA_predicted,0.16666666666666666,5,5,GTGGTAATTGGACCTGCGAA,0,4441276
yagB_insX_yagA_predicted,0.16666666666666666,5,5,GTGGGCAGAGACCACAGCCA,0,4445832
yagB_insX_yagA_predicted,0.16666666666666666,5,5,GTGGCACCTCTCGCATTGAT,0,4444976
yagB_insX_yagA_predicted,0.16666666666666666,5,5,GTGGATGACGAGGGTTCGAC,0,4457911
yagB_insX_yagA_predicted,0.16666666666666666,5,5,GTGGAGGATGGTCGAGCCTA,0,4449872
yagB_insX_yagA_predicted,0.16666666666666666,5,5,GTGCTAACGTACGGTTCCAA,0,4436664
yagB_insX_yagA_predicted,0.16666666666666666,5,5,GTGCACCCATACCGAAGACT,0,4450145
yagB_insX_yagA_predicted,0.16666666666666666,5,5,GTGCAACTGTGACCGGAGTG,0,4446574
yagB_insX_yagA_predicted,0.16666666666666666,5,5,GTGATTTGGAATCTTCAACA,0,4456973
yagB_insX_yagA_predicted,0.16666666666666666,5,5,GTGAGACATGGCCTCGTTAC,0,4465276
yagB_insX_yagA_predicted,0.16666666666666666,5,5,GTGAATGGCGCGGGGTTTGA,0,4466479
yagB_insX_yagA_predicted,0.16666666666666666,5,5,GTCTGTGAATCAAACCTTTG,0,4456480
yagB_insX_yagA_predicted,0.16666666666666666,5,5,GTCTGGCGGTGCGTGGGATA,0,4464156
yagB_insX_yagA_predicted,0.16666666666666666,5,5,GTCTGCCCATCATACACCGA,0,4457157
yagB_insX_yagA_predicted,0.16666666666666666,5,5,GTCTGAGATACGGAATGTCC,0,4448871
yagB_insX_yagA_predicted,0.16666666666666666,5,5,GTCGATCCTCGACCTAATCA,0,4448843
yagB_insX_yagA_predicted,0.16666666666666666,5,5,GTCGAGGCCACTTACCCTAG,0,4461467
yagB_insX_yagA_predicted,0.16666666666666666,5,5,GTCCTTGGGATGAAAGTCAC,0,4469996
yagB_insX_yagA_predicted,0.16666666666666666,5,5,GTCCTACTCCAGTCAGGGTC,0,4459674
yagB_insX_yagA_predicted,0.16666666666666666,5,5,GTCCGTGTGGGGATACTTAT,0,4457847
yagB_insX_yagA_predicted,0.16666666666666666,5,5,GTCCGAATCTTTGCGCGAAG,0,4446074
yagB_insX_yagA_predicted,0.16666666666666666,5,5,GTCATCCACATTACTGCTAT,0,4459665
yagB_insX_yagA_predicted,0.16666666666666666,5,5,GTCACGAGGTAAACCCATTG,0,4462127
yagB_insX_yagA_predicted,0.16666666666666666,5,5,GTCACAGCCGTCTGAGTCCA,0,4455987
yagB_insX_yagA_predicted,0.16666666666666666,5,5,GTCAAGGACCCAAAGACCCA,0,4461331
yagB_insX_yagA_predicted,0.16666666666666666,5,5,GTCAAGCTGCCATTGAGGAG,0,4449816
yagB_insX_yagA_predicted,0.16666666666666666,5,5,GTATTGGATCCGACGAATTC,0,4439880
yagB_insX_yagA_predicted,0.16666666666666666,5,5,GTATGCAGGTTTAGACCTAT,0,4448781
yagB_insX_yagA_predicted,0.16666666666666666,5,5,GTATCAACGATGATCTCAGG,0,4459856
yagB_insX_yagA_predicted,0.16666666666666666,5,5,GTAGTGTCAAGGCTGGTTAA,0,4445769
yagB_insX_yagA_predicted,0.16666666666666666,5,5,GTAGCTACGCGGTAACCCTT,0,4445281
yagB_insX_yagA_predicted,0.16666666666666666,5,5,GTAGCCACTATCCCGGGCGA,0,4436348
yagB_insX_yagA_predicted,0.16666666666666666,5,5,GTAGCACGAACTTGCATGGA,0,4471645
yagB_insX_yagA_predicted,0.16666666666666666,5,5,GTAGCAACCTCGGGAGCTCT,0,4457498
yagB_insX_yagA_predicted,0.16666666666666666,5,5,GTACTGATCGTCTTGGGAAG,0,4469073
yagB_insX_yagA_predicted,0.16666666666666666,5,5,GTACGTACCCACATTTTCGC,0,4454238
yagB_insX_yagA_predicted,0.16666666666666666,5,5,GTACGCGACGATTCTCGAAT,0,4451746
yagB_insX_yagA_predicted,0.16666666666666666,5,5,GTACCAACCGGTTTCTTCCT,0,4458118
yagB_insX_yagA_predicted,0.16666666666666666,5,5,GTACAAAGTCATCAACGATT,0,4467987
yagB_insX_yagA_predicted,0.16666666666666666,5,5,GTAATATGCGACCCGCTGTT,0,4469659
yagB_insX_yagA_predicted,0.16666666666666666,5,5,GGTTTGCCAGGCGTCATCCT,0,4457528
yagB_insX_yagA_predicted,0.16666666666666666,5,5,GGTTGGGTAGAGAGAGCTTT,0,4443053
yagB_insX_yagA_predicted,0.16666666666666666,5,5,GGTGTTGCGAGACTCTGGTC,0,4443301
yagB_insX_yagA_predicted,0.16666666666666666,5,5,GGTGTGAGAACGTCACGAAT,0,4436126
yagB_insX_yagA_predicted,0.16666666666666666,5,5,GGTGCTAGGGATGCACAGTC,0,4443403
yagB_insX_yagA_predicted,0.16666666666666666,5,5,GGTGCGCTTCTATTGCTTAA,0,4444129
yagB_insX_yagA_predicted,0.16666666666666666,5,5,GGTCGCAGTCTTCTATACAT,0,4458172
yagB_insX_yagA_predicted,0.16666666666666666,5,5,GGTCAAAAGCGACTGCACAC,0,4450126
yagB_insX_yagA_predicted,0.16666666666666666,5,5,GGTAGCGCCAATCCAATTCC,0,4471646
yagB_insX_yagA_predicted,0.16666666666666666,5,5,GGTAAAGCGCTGAATCTCGG,0,4447069
yagB_insX_yagA_predicted,0.16666666666666666,5,5,GGGTTTGGGGACCGCATATG,0,4445282
yagB_insX_yagA_predicted,0.16666666666666666,5,5,GGGTTCTTGATCCTTAAAAC,0,4463633
yagB_insX_yagA_predicted,0.16666666666666666,5,5,GGGTGTCCGGATTTAAGACC,0,4460877
yagB_insX_yagA_predicted,0.16666666666666666,5,5,GGGTCGAACAGGATCCTCAC,0,4463829
yagB_insX_yagA_predicted,0.16666666666666666,5,5,GGGTATAGTTGTTCAGCTTT,0,4460525
yagB_insX_yagA_predicted,0.16666666666666666,5,5,GGGTACTCCAACCGGTATGC,0,4448082
yagB_insX_yagA_predicted,0.16666666666666666,5,5,GGGTACGGCTACCAGGTACA,0,4453237
yagB_insX_yagA_predicted,0.16666666666666666,5,5,GGGGTGTTCACTTCCAGGTA,0,4444337
yagB_insX_yagA_predicted,0.16666666666666666,5,5,GGGGTAGCAATACTTACGCC,0,4462251
yagB_insX_yagA_predicted,0.16666666666666666,5,5,GGGGGATGCCGGCTAGGGTG,0,4463473
yagB_insX_yagA_predicted,0.16666666666666666,5,5,GGGGGATCGGACCTCCCAAC,0,4445471
yagB_insX_yagA_predicted,0.16666666666666666,5,5,GGGGCTCGAGCTTTACGAGT,0,4455470
yagB_insX_yagA_predicted,0.16666666666666666,5,5,GGGCGTAGGACTTTAGTAGG,0,4457889
yagB_insX_yagA_predicted,0.16666666666666666,5,5,GGGCGATATGGGGTCACGCA,0,4444678
yagB_insX_yagA_predicted,0.16666666666666666,5,5,GGGCGAATCGGTGAGAGCGT,0,4437318
yagB_insX_yagA_predicted,0.16666666666666666,5,5,GGGACTCTGAGGCCGGAAAG,0,4442804
yagB_insX_yagA_predicted,0.16666666666666666,5,5,GGGACCAACAAACATTTTAG,0,4446175
yagB_insX_yagA_predicted,0.16666666666666666,5,5,GGCTTAGCGCATGAAAGGGA,0,4452493
yagB_insX_yagA_predicted,0.16666666666666666,5,5,GGCTCTGCACTAAACTGTAG,0,4451827
yagB_insX_yagA_predicted,0.16666666666666666,5,5,GGCGGGCACATCAGGAAGAT,0,4438089
yagB_insX_yagA_predicted,0.16666666666666666,5,5,GGCGGACATCTGGTTAAAGC,0,4468079
yagB_insX_yagA_predicted,0.16666666666666666,5,5,GGCGCATTGCTGCGGAGCCC,0,4460977
yagB_insX_yagA_predicted,0.16666666666666666,5,5,GGCCTTGATTGTATCGCGGT,0,4443347
yagB_insX_yagA_predicted,0.16666666666666666,5,5,GGCCGGCTGGGTGTTTCAAC,0,4463509
yagB_insX_yagA_predicted,0.16666666666666666,5,5,GGCATCTTTTCCGGCAACAC,0,4465693
yagB_insX_yagA_predicted,0.16666666666666666,5,5,GGCAGTCATCCCTGCTCGAC,0,4466469
yagB_insX_yagA_predicted,0.16666666666666666,5,5,GGCACACTAAGCTAGGTCAC,0,4453116
yagB_insX_yagA_predicted,0.16666666666666666,5,5,GGCAAAACGTGCATGTACGC,0,4455808
yagB_insX_yagA_predicted,0.16666666666666666,5,5,GGATTTGGCCGGATGGTGGC,0,4469931
yagB_insX_yagA_predicted,0.16666666666666666,5,5,GGATGGCATTCGAGCAAGAG,0,4464626
yagB_insX_yagA_predicted,0.16666666666666666,5,5,GGATGATATCGTAACTACTT,0,4450652
yagB_insX_yagA_predicted,0.16666666666666666,5,5,GGATCTAAGTGGACGCAAAG,0,4470790
yagB_insX_yagA_predicted,0.16666666666666666,5,5,GGATCCGACGACGATCAGCC,0,4444622
yagB_insX_yagA_predicted,0.16666666666666666,5,5,GGAGTTTACAGGATGGTACG,0,4444709
yagB_insX_yagA_predicted,0.16666666666666666,5,5,GGAGTGACTACTTCCTGGGA,0,4453500
yagB_insX_yagA_predicted,0.16666666666666666,5,5,GGAGTAGTTTCGGACAGTTG,0,4451753
yagB_insX_yagA_predicted,0.16666666666666666,5,5,GGAGGTTTAGCAAGCGCATC,0,4461745
yagB_insX_yagA_predicted,0.16666666666666666,5,5,GGAGCTTTACGTACCTAGAT,0,4465061
yagB_insX_yagA_predicted,0.16666666666666666,5,5,GGAGCGTCGCAATAGCGTGG,0,4442118
yagB_insX_yagA_predicted,0.16666666666666666,5,5,GGAGCAATCGAAGTCAAAGC,0,4440352
yagB_insX_yagA_predicted,0.16666666666666666,5,5,GGAGAGACACTGTAAAACTA,0,4456451
yagB_insX_yagA_predicted,0.16666666666666666,5,5,GGAGACCCTGGGAGAAACAA,0,4457574
yagB_insX_yagA_predicted,0.16666666666666666,5,5,GGACTGGGATTCTTGGCAAA,0,4462274
yagB_insX_yagA_predicted,0.16666666666666666,5,5,GGACTAATATGCTTACACCA,0,4460023
yagB_insX_yagA_predicted,0.16666666666666666,5,5,GGACGGGTCTGGGTTGAGAT,0,4444691
yagB_insX_yagA_predicted,0.16666666666666666,5,5,GGACGCGTCCAATGATCTGT,0,4445794
yagB_insX_yagA_predicted,0.16666666666666666,5,5,GGACCTGGGTGGGCACATTT,0,4458342
yagB_insX_yagA_predicted,0.16666666666666666,5,5,GGACCGGCGTGGACCGCTCA,0,4437191
yagB_insX_yagA_predicted,0.16666666666666666,5,5,GGACAGTAACAACGCTGAAA,0,4469898
yagB_insX_yagA_predicted,0.16666666666666666,5,5,GGAAGGGCGATCAACATCCA,0,4440703
yagB_insX_yagA_predicted,0.16666666666666666,5,5,GGAAGCGAAAGAGCCTGCTT,0,4470874
yagB_insX_yagA_predicted,0.16666666666666666,5,5,GGAAGCATCGGTATGGGGGA,0,4442353
yagB_insX_yagA_predicted,0.16666666666666666,5,5,GGAACGACTCGTACATTTGC,0,4454177
yagB_insX_yagA_predicted,0.16666666666666666,5,5,GGAAATTCGGGAAAAGTCGT,0,4439049
yagB_insX_yagA_predicted,0.16666666666666666,5,5,GGAAATGGTTCTTCAAACCA,0,4441974
yagB_insX_yagA_predicted,0.16666666666666666,5,5,GGAAAAATACACGGTATGTC,0,4447513
yagB_insX_yagA_predicted,0.16666666666666666,5,5,GCTTTTTCTGTGTAGACAGA,0,4449052
yagB_insX_yagA_predicted,0.16666666666666666,5,5,GCTTTACCAGCCTCAAACGC,0,4438351
yagB_insX_yagA_predicted,0.16666666666666666,5,5,GCTTGCCACCGTCTGATCGC,0,4456818
yagB_insX_yagA_predicted,0.16666666666666666,5,5,GCTTACGTGGATCGCGGTAG,0,4447093
yagB_insX_yagA_predicted,0.16666666666666666,5,5,GCTGTTAAAGCAACATGCAA,0,4449234
yagB_insX_yagA_predicted,0.16666666666666666,5,5,GCTGTACTAATCATCCCGAC,0,4450591
yagB_insX_yagA_predicted,0.16666666666666666,5,5,GCTGTACATCGGCATGAATT,0,4463706
yagB_insX_yagA_predicted,0.16666666666666666,5,5,GCTGTAATTCCCACAAACAA,0,4445118
yagB_insX_yagA_predicted,0.16666666666666666,5,5,GCTGGCCATCTATCTCAGGT,0,4445263
yagB_insX_yagA_predicted,0.16666666666666666,5,5,GCTGCTGATACCTGCAGTGA,0,4468633
yagB_insX_yagA_predicted,0.16666666666666666,5,5,GCTGAGGAACGATATGCGTG,0,4458272
yagB_insX_yagA_predicted,0.16666666666666666,5,5,GCTGAGCTGGAGCATCTCAA,0,4460579
yagB_insX_yagA_predicted,0.16666666666666666,5,5,GCTGAAGTTAATGTCACTAC,0,4461026
yagB_insX_yagA_predicted,0.16666666666666666,5,5,GCTCTGTGTGGTTCGATCAA,0,4457625
yagB_insX_yagA_predicted,0.16666666666666666,5,5,GCTCGGGAACTTTTACTAGG,0,4453968
yagB_insX_yagA_predicted,0.16666666666666666,5,5,GCTAATGACGGGGAAGGGGT,0,4449646
yagB_insX_yagA_predicted,0.16666666666666666,5,5,GCTAAGTAACACCGTAGCGC,0,4472335
yagB_insX_yagA_predicted,0.16666666666666666,5,5,GCTAAATCATGTACTAACGC,0,4451600
yagB_insX_yagA_predicted,0.16666666666666666,5,5,GCTAAAAGAAACGGGAAGTT,0,4453027
yagB_insX_yagA_predicted,0.16666666666666666,5,5,GCGTTTTAGCTAAATGGATA,0,4459306
yagB_insX_yagA_predicted,0.16666666666666666,5,5,GCGTTTACATGGCACTGATA,0,4450705
yagB_insX_yagA_predicted,0.16666666666666666,5,5,GCGTTCAACAGGCCTACCGG,0,4453660
yagB_insX_yagA_predicted,0.16666666666666666,5,5,GCGTTACACATCCTGCGAGG,0,4449691
yagB_insX_yagA_predicted,0.16666666666666666,5,5,GCGTGGCTTGTCTTGACCAT,0,4464928
yagB_insX_yagA_predicted,0.16666666666666666,5,5,GCGTAGCCGGGAGCGGGCTA,0,4458701
yagB_insX_yagA_predicted,0.16666666666666666,5,5,GCGGTGTGTACATCTGTCAT,0,4436333
yagB_insX_yagA_predicted,0.16666666666666666,5,5,GCGGTATCCCAGTCAGTTAA,0,4461095
yagB_insX_yagA_predicted,0.16666666666666666,5,5,GCGGTAACGATTTTTTATAT,0,4437331
yagB_insX_yagA_predicted,0.16666666666666666,5,5,GCGGGGCGGCGCGGAATAAA,0,4465467
yagB_insX_yagA_predicted,0.16666666666666666,5,5,GCGGCCTCATTTAAGGCGTA,0,4443876
yagB_insX_yagA_predicted,0.16666666666666666,5,5,GCGCTGTATCCCGCTTGGCC,0,4457055
yagB_insX_yagA_predicted,0.16666666666666666,5,5,GCGCGTGGGACGGCAACTCG,0,4438032
yagB_insX_yagA_predicted,0.16666666666666666,5,5,GCGCGAAAGGTTGCAACATA,0,4466624
yagB_insX_yagA_predicted,0.16666666666666666,5,5,GCGCCTGTCAGGACCTGGAA,0,4471400
yagB_insX_yagA_predicted,0.16666666666666666,5,5,GCGCACGGACGGTGGTAGCG,0,4440839
yagB_insX_yagA_predicted,0.16666666666666666,5,5,GCGATCTGCGCGACATAATG,0,4468416
yagB_insX_yagA_predicted,0.16666666666666666,5,5,GCGAGTCAAGCAGTTTCGCA,0,4457166
yagB_insX_yagA_predicted,0.16666666666666666,5,5,GCGACTTTCGTATGTTCATT,0,4464860
yagB_insX_yagA_predicted,0.16666666666666666,5,5,GCCTTTTGGAAGGGGATCTG,0,4457545
yagB_insX_yagA_predicted,0.16666666666666666,5,5,GCCTCGGTGCACTATGCCTC,0,4461887
yagB_insX_yagA_predicted,0.16666666666666666,5,5,GCCTCATCGTAAAGCCAGAG,0,4464161
yagB_insX_yagA_predicted,0.16666666666666666,5,5,GCCGGGAAACCATTAGTCTT,0,4468447
yagB_insX_yagA_predicted,0.16666666666666666,5,5,GCCGCCTGGCTATGTTCAAC,0,4442098
yagB_insX_yagA_predicted,0.16666666666666666,5,5,GCCGATTCGACGCCTGTCTA,0,4450204
yagB_insX_yagA_predicted,0.16666666666666666,5,5,GCCGAGCCGCATAAAAGCAG,0,4454681
yagB_insX_yagA_predicted,0.16666666666666666,5,5,GCCGAATATCCGTACCAGCC,0,4457379
yagB_insX_yagA_predicted,0.16666666666666666,5,5,GCCCCCGGGGATTACTAATT,0,4436548
yagB_insX_yagA_predicted,0.16666666666666666,5,5,GCCATAATTACCCAGTCTGA,0,4459124
yagB_insX_yagA_predicted,0.16666666666666666,5,5,GCCAGACGCCATCCAAGGCG,0,4454919
yagB_insX_yagA_predicted,0.16666666666666666,5,5,GCAGCCGGCATCGCTTTAAC,0,4471900
yagB_insX_yagA_predicted,0.16666666666666666,5,5,GCAGCACGGTAGGAGCTTGA,0,4453990
yagB_insX_yagA_predicted,0.16666666666666666,5,5,GCAGATTATGGATGTTTAAC,0,4466673
yagB_insX_yagA_predicted,0.16666666666666666,5,5,GCAGATCTGCCACGAACCTA,0,4470358
yagB_insX_yagA_predicted,0.16666666666666666,5,5,GCAGAGTAGGAGTTCGTTGT,0,4466484
yagB_insX_yagA_predicted,0.16666666666666666,5,5,GCACCGTGGCCATAATGCCA,0,4459737
yagB_insX_yagA_predicted,0.16666666666666666,5,5,GCACAAGGGGCGTAGTTAAT,0,4448292
yagB_insX_yagA_predicted,0.16666666666666666,5,5,GCACAAAAATGCAGCTATAC,0,4449476
yagB_insX_yagA_predicted,0.16666666666666666,5,5,GCAATTGGAGATGGACCAAC,0,4440908
yagB_insX_yagA_predicted,0.16666666666666666,5,5,GCAATGCGAAGCGAACAGGA,0,4437586
yagB_insX_yagA_predicted,0.16666666666666666,5,5,GCAATCTAAGTTAACTTTAC,0,4449018
yagB_insX_yagA_predicted,0.16666666666666666,5,5,GCAACCTCTTATGGCACGCC,0,4456689
yagB_insX_yagA_predicted,0.16666666666666666,5,5,GATTTGGACTTAGGCTTGAT,0,4452529
yagB_insX_yagA_predicted,0.16666666666666666,5,5,GATTAATGAAGATTCGTATT,0,4451107
yagB_insX_yagA_predicted,0.16666666666666666,5,5,GATGTTCCTTACTGAGGTTG,0,4447634
yagB_insX_yagA_predicted,0.16666666666666666,5,5,GATGTTCAGCGATCAATCTT,0,4456453
yagB_insX_yagA_predicted,0.16666666666666666,5,5,GATGTGGACACCGGCCTGAA,0,4461503
yagB_insX_yagA_predicted,0.16666666666666666,5,5,GATGGTTATATCGTGCCGTC,0,4437571
yagB_insX_yagA_predicted,0.16666666666666666,5,5,GATCTTGTGGGAAGGGTCCC,0,4457129
yagB_insX_yagA_predicted,0.16666666666666666,5,5,GATCTCTCGTGCTCAATGTT,0,4454308
yagB_insX_yagA_predicted,0.16666666666666666,5,5,GATCGTCCCAGGAGCTCTTA,0,4437611
yagB_insX_yagA_predicted,0.16666666666666666,5,5,GATCCTACAATGACACACTA,0,4459486
yagB_insX_yagA_predicted,0.16666666666666666,5,5,GATAGAGAATAGTTATTCCG,0,4447371
yagB_insX_yagA_predicted,0.16666666666666666,5,5,GATAACACGTACCAAAACAT,0,4444131
yagB_insX_yagA_predicted,0.16666666666666666,5,5,GAGTTTGAGGCGGTGTCTCG,0,4468802
yagB_insX_yagA_predicted,0.16666666666666666,5,5,GAGTCCCGTCCAAATAGGTT,0,4456063
yagB_insX_yagA_predicted,0.16666666666666666,5,5,GAGTCCAAAAGTCGAACGGT,0,4438287
yagB_insX_yagA_predicted,0.16666666666666666,5,5,GAGGTTATGGTTATTTTGAC,0,4464440
yagB_insX_yagA_predicted,0.16666666666666666,5,5,GAGGCTGGGTAATAGGTCAA,0,4462832
yagB_insX_yagA_predicted,0.16666666666666666,5,5,GAGGCATGACCACTGCGCTC,0,4470876
yagB_insX_yagA_predicted,0.16666666666666666,5,5,GAGGCATCTTCATCCAGTGG,0,4458718
yagB_insX_yagA_predicted,0.16666666666666666,5,5,GAGGACGACTCCAAGGCTCG,0,4443223
yagB_insX_yagA_predicted,0.16666666666666666,5,5,GAGGAACGCTGACTCATGTA,0,4448100
yagB_insX_yagA_predicted,0.16666666666666666,5,5,GAGCTGCGTGGCTATTCATG,0,4461912
yagB_insX_yagA_predicted,0.16666666666666666,5,5,GAGCCCGGACGACGACACGA,0,4469401
yagB_insX_yagA_predicted,0.16666666666666666,5,5,GAGATTACGACGTTCTGGAA,0,4464558
yagB_insX_yagA_predicted,0.16666666666666666,5,5,GACTTACTTCAGGTGAGAGT,0,4453459
yagB_insX_yagA_predicted,0.16666666666666666,5,5,GACTGTTAGGCTCCATAGTG,0,4451368
yagB_insX_yagA_predicted,0.16666666666666666,5,5,GACTCGTGATCCGGTAATAG,0,4458448
yagB_insX_yagA_predicted,0.16666666666666666,5,5,GACTAAGACGTATTGCCGAT,0,4452420
yagB_insX_yagA_predicted,0.16666666666666666,5,5,GACGGCCGCGCAATGCAAAA,0,4455792
yagB_insX_yagA_predicted,0.16666666666666666,5,5,GACGAGTCTACCCGCCTCGT,0,4439580
yagB_insX_yagA_predicted,0.16666666666666666,5,5,GACGAGCATAGCAAAATGTT,0,4440710
yagB_insX_yagA_predicted,0.16666666666666666,5,5,GACCGCAAGAAGGTTTTGTT,0,4454504
yagB_insX_yagA_predicted,0.16666666666666666,5,5,GACCCGCATGAAGAATCTGG,0,4449413
yagB_insX_yagA_predicted,0.16666666666666666,5,5,GACCACGTATATCAGCCCCA,0,4445950
yagB_insX_yagA_predicted,0.16666666666666666,5,5,GACATGCGTCAGCTTAGTGC,0,4466773
yagB_insX_yagA_predicted,0.16666666666666666,5,5,GACAAGGATCGTGGCTGTCT,0,4468054
yagB_insX_yagA_predicted,0.16666666666666666,5,5,GAATTCGGGCTCGCGCCCCC,0,4457419
yagB_insX_yagA_predicted,0.16666666666666666,5,5,GAATTACCCTGGACGCTTTG,0,4470464
yagB_insX_yagA_predicted,0.16666666666666666,5,5,GAATTAAGTGGTTATCTGAA,0,4447814
yagB_insX_yagA_predicted,0.16666666666666666,5,5,GAATGTTGCGAGTCCGACGT,0,4441188
yagB_insX_yagA_predicted,0.16666666666666666,5,5,GAATGGATATCCCACAGCGT,0,4459779
yagB_insX_yagA_predicted,0.16666666666666666,5,5,GAATGATGATAGGCGAGCAG,0,4456805
yagB_insX_yagA_predicted,0.16666666666666666,5,5,GAAGTCGCAACCAAATTGGT,0,4471406
yagB_insX_yagA_predicted,0.16666666666666666,5,5,GAAGCCTCAAAAACTATGCG,0,4464209
yagB_insX_yagA_predicted,0.16666666666666666,5,5,GAAGCATAATGGACAAAGAC,0,4438295
yagB_insX_yagA_predicted,0.16666666666666666,5,5,GAACTTGGACAGCGATTCCT,0,4449568
yagB_insX_yagA_predicted,0.16666666666666666,5,5,GAACTCTATCGGACCCAATA,0,4468595
yagB_insX_yagA_predicted,0.16666666666666666,5,5,GAACGCGGACATCTTGGCGA,0,4450653
yagB_insX_yagA_predicted,0.16666666666666666,5,5,GAACGCCTCTATTCCTTCCC,0,4463765
yagB_insX_yagA_predicted,0.16666666666666666,5,5,GAACCTGATTCGCAAAATTT,0,4459059
yagB_insX_yagA_predicted,0.16666666666666666,5,5,GAACAACCGGCCCGTGTCGG,0,4436482
yagB_insX_yagA_predicted,0.16666666666666666,5,5,GAAATGTCTAGTAAGTCTGT,0,4463087
yagB_insX_yagA_predicted,0.16666666666666666,5,5,GAAATGGGATTAAGTCAACC,0,4458598
yagB_insX_yagA_predicted,0.16666666666666666,5,5,GAAAGGTTTATGTAATTGCA,0,4454068
yagB_insX_yagA_predicted,0.16666666666666666,5,5,GAAAACGCTCAAATGGGGGG,0,4455834
yagB_insX_yagA_predicted,0.16666666666666666,5,5,CTTTCCCTATTGACGTATCG,0,4453899
yagB_insX_yagA_predicted,0.16666666666666666,5,5,CTTTCCACAGTTTAATGTGT,0,4438990
yagB_insX_yagA_predicted,0.16666666666666666,5,5,CTTCTTGAAAGCTCGAGAAC,0,4448088
yagB_insX_yagA_predicted,0.16666666666666666,5,5,CTTCCCGAGTAACTTTACTG,0,4460964
yagB_insX_yagA_predicted,0.16666666666666666,5,5,CTTACCATGGAGCCAGAAGT,0,4438254
yagB_insX_yagA_predicted,0.16666666666666666,5,5,CTTAACATAGACGGTTGGCG,0,4437516
yagB_insX_yagA_predicted,0.16666666666666666,5,5,CTGTCTAGCTCACTTGTAAT,0,4445756
yagB_insX_yagA_predicted,0.16666666666666666,5,5,CTGTCTAAGAAAGCGTTGTA,0,4463307
yagB_insX_yagA_predicted,0.16666666666666666,5,5,CTGTATCTACATGGGCCGGC,0,4469031
yagB_insX_yagA_predicted,0.16666666666666666,5,5,CTGGTGTTCTGCCAGTTTCC,0,4436289
yagB_insX_yagA_predicted,0.16666666666666666,5,5,CTGCTAGCTGCTATATCTTC,0,4450718
yagB_insX_yagA_predicted,0.16666666666666666,5,5,CTGCGGCTATGATGGATGCG,0,4463116
yagB_insX_yagA_predicted,0.16666666666666666,5,5,CTGCCGGTGCTGGTCGGACG,0,4457628
yagB_insX_yagA_predicted,0.16666666666666666,5,5,CTGAGGGTCCGCGACAGTCG,0,4463681
yagB_insX_yagA_predicted,0.16666666666666666,5,5,CTGAGCAGTTGTTCATGTTC,0,4452898
yagB_insX_yagA_predicted,0.16666666666666666,5,5,CTGAATGAGTGAGGGCGGGG,0,4459115
yagB_insX_yagA_predicted,0.16666666666666666,5,5,CTCTTCAGCTGCGCACCTCT,0,4454727
yagB_insX_yagA_predicted,0.16666666666666666,5,5,CTCTGTTATATTGCTTTTGC,0,4462197
yagB_insX_yagA_predicted,0.16666666666666666,5,5,CTCTAACTATACTCAGACGC,0,4469788
yagB_insX_yagA_predicted,0.16666666666666666,5,5,CTCGTGCTTCGCGCTCTGGT,0,4471733
yagB_insX_yagA_predicted,0.16666666666666666,5,5,CTCGCAACGTTAGTGCTCAG,0,4450016
yagB_insX_yagA_predicted,0.16666666666666666,5,5,CTCCGTTTATGATGTACGGC,0,4453093
yagB_insX_yagA_predicted,0.16666666666666666,5,5,CTCCGTGCCGGTGACTTCAT,0,4469581
yagB_insX_yagA_predicted,0.16666666666666666,5,5,CTCCGCTCGCAAGGCAAGCT,0,4469921
yagB_insX_yagA_predicted,0.16666666666666666,5,5,CTCCATTCGGTTTATTCCAG,0,4449119
yagB_insX_yagA_predicted,0.16666666666666666,5,5,CTCATTTGACAGGATATTAG,0,4455435
yagB_insX_yagA_predicted,0.16666666666666666,5,5,CTCATCAATGACGCCCGAGC,0,4468986
yagB_insX_yagA_predicted,0.16666666666666666,5,5,CTCACGATTCGTGAGGCCCA,0,4452734
yagB_insX_yagA_predicted,0.16666666666666666,5,5,CTCACGATCCCTATGGCAGT,0,4465003
yagB_insX_yagA_predicted,0.16666666666666666,5,5,CTATCGTTTAGATGCATTGA,0,4456525
yagB_insX_yagA_predicted,0.16666666666666666,5,5,CTATCGCATCCGAATAAATG,0,4467633
yagB_insX_yagA_predicted,0.16666666666666666,5,5,CTATCAGAGTCAGACGATTG,0,4450153
yagB_insX_yagA_predicted,0.16666666666666666,5,5,CTATAGCATTTCATACAGAC,0,4447524
yagB_insX_yagA_predicted,0.16666666666666666,5,5,CTAGTACTCAACCCTGATTT,0,4447678
yagB_insX_yagA_predicted,0.16666666666666666,5,5,CTAGATCTGTGGGATCGACA,0,4453115
yagB_insX_yagA_predicted,0.16666666666666666,5,5,CTACTTTCCTGCATCACTTT,0,4471434
yagB_insX_yagA_predicted,0.16666666666666666,5,5,CTACTCTTAGTGGCCCATTG,0,4467231
yagB_insX_yagA_predicted,0.16666666666666666,5,5,CTACGATCAGCAGTGCCTAA,0,4461668
yagB_insX_yagA_predicted,0.16666666666666666,5,5,CTACCTGAGTATCGCAAAAC,0,4446006
yagB_insX_yagA_predicted,0.16666666666666666,5,5,CTACATCGGTAGGCCTCCTT,0,4448805
yagB_insX_yagA_predicted,0.16666666666666666,5,5,CGTTCGATGTTTGACACTTA,0,4445578
yagB_insX_yagA_predicted,0.16666666666666666,5,5,CGTTATGCGGGGGCATCCAA,0,4441458
yagB_insX_yagA_predicted,0.16666666666666666,5,5,CGTTAGTACAGGGAATGTCA,0,4464981
yagB_insX_yagA_predicted,0.16666666666666666,5,5,CGTTAACTAGAGTACGCATT,0,4471476
yagB_insX_yagA_predicted,0.16666666666666666,5,5,CGTGGTCTCTAGCTCTGCAG,0,4467523
yagB_insX_yagA_predicted,0.16666666666666666,5,5,CGTGGACACAGCGTTGTGCA,0,4440786
yagB_insX_yagA_predicted,0.16666666666666666,5,5,CGTCTCATCATAATTGGAAG,0,4436170
yagB_insX_yagA_predicted,0.16666666666666666,5,5,CGTCCACCATAGCGGAAGAG,0,4459434
yagB_insX_yagA_predicted,0.16666666666666666,5,5,CGTCAGACTAAGTCCTAACT,0,4461291
yagB_insX_yagA_predicted,0.16666666666666666,5,5,CGTAGAATCCACACTACCGA,0,4463385
yagB_insX_yagA_predicted,0.16666666666666666,5,5,CGGTGTCAGCAGGAAATTGT,0,4445787
yagB_insX_yagA_predicted,0.16666666666666666,5,5,CGGTGTAGGTTTCGGGCTTC,0,4444108
yagB_insX_yagA_predicted,0.16666666666666666,5,5,CGGTCTATCACCTAGCGGAT,0,4460238
yagB_insX_yagA_predicted,0.16666666666666666,5,5,CGGTCCGTAAGGCACCTCTA,0,4472321
yagB_insX_yagA_predicted,0.16666666666666666,5,5,CGGTATTAGTCTTTTCGAAT,0,4456138
yagB_insX_yagA_predicted,0.16666666666666666,5,5,CGGTAACCCTCGCTATTATG,0,4459409
yagB_insX_yagA_predicted,0.16666666666666666,5,5,CGGGGAATGGGGTCTTTCAC,0,4461404
yagB_insX_yagA_predicted,0.16666666666666666,5,5,CGGGATCCGCTGAATCCTTG,0,4442737
yagB_insX_yagA_predicted,0.16666666666666666,5,5,CGGCTCTCGTTAGAAGGTAA,0,4468180
yagB_insX_yagA_predicted,0.16666666666666666,5,5,CGGCAAAAACTTGGAGCTAA,0,4460348
yagB_insX_yagA_predicted,0.16666666666666666,5,5,CGGATTGGCCCTGGTTCCAT,0,4462672
yagB_insX_yagA_predicted,0.16666666666666666,5,5,CGGAGTAATAACAAAGGTGA,0,4457250
yagB_insX_yagA_predicted,0.16666666666666666,5,5,CGGAGAAGGGGTAAAGCATG,0,4466333
yagB_insX_yagA_predicted,0.16666666666666666,5,5,CGGACAATCAGCGTGTTTGG,0,4469524
yagB_insX_yagA_predicted,0.16666666666666666,5,5,CGCGTTCGCAACACGGATAA,0,4455301
yagB_insX_yagA_predicted,0.16666666666666666,5,5,CGCGGTAGTGGCTTGGATCC,0,4464255
yagB_insX_yagA_predicted,0.16666666666666666,5,5,CGCGGCCACGAAGCTTTTGT,0,4465469
yagB_insX_yagA_predicted,0.16666666666666666,5,5,CGCCGTAATAAGTGCCTCGG,0,4455344
yagB_insX_yagA_predicted,0.16666666666666666,5,5,CGCCGGGATACGAGGACTGA,0,4471072
yagB_insX_yagA_predicted,0.16666666666666666,5,5,CGCATTCTTCGCTGTGAAGC,0,4450327
yagB_insX_yagA_predicted,0.16666666666666666,5,5,CGCATAGTGAAGTCACCACG,0,4449006
yagB_insX_yagA_predicted,0.16666666666666666,5,5,CGCATACGCGGAGTTGCCAC,0,4463960
yagB_insX_yagA_predicted,0.16666666666666666,5,5,CGCAAGAAACCTATAAGTTA,0,4466001
yagB_insX_yagA_predicted,0.16666666666666666,5,5,CGCAACGAAGGCTAACTACT,0,4460714
yagB_insX_yagA_predicted,0.16666666666666666,5,5,CGATCTCAGACAAAAGACGA,0,4468265
yagB_insX_yagA_predicted,0.16666666666666666,5,5,CGATCTATTAGGGGTTCGTG,0,4456482
yagB_insX_yagA_predicted,0.16666666666666666,5,5,CGATCCACAAAGCGACCGTG,0,4459516
yagB_insX_yagA_predicted,0.16666666666666666,5,5,CGATAGTATGGGTCTAAGAA,0,4455233
yagB_insX_yagA_predicted,0.16666666666666666,5,5,CGAGTGAGCTGGGTGAGGCA,0,4455302
yagB_insX_yagA_predicted,0.16666666666666666,5,5,CGAGCGCAGCTCGCGAAGAA,0,4450457
yagB_insX_yagA_predicted,0.16666666666666666,5,5,CGACTGATGACAGTCTCGCT,0,4438191
yagB_insX_yagA_predicted,0.16666666666666666,5,5,CGACAGAGATCATCATAACG,0,4471137
yagB_insX_yagA_predicted,0.16666666666666666,5,5,CGACACGCATGTAGCACTAG,0,4451676
yagB_insX_yagA_predicted,0.16666666666666666,5,5,CGACAAAACTCTTTTAAATG,0,4458524
yagB_insX_yagA_predicted,0.16666666666666666,5,5,CGAATGTCACTCCGTCTACC,0,4444363
yagB_insX_yagA_predicted,0.16666666666666666,5,5,CGAAGGAAAGTATGTGTTGT,0,4452996
yagB_insX_yagA_predicted,0.16666666666666666,5,5,CGAACGACCCCACTGCCGTG,0,4445690
yagB_insX_yagA_predicted,0.16666666666666666,5,5,CCTTCCATACGTGGGGATAG,0,4445331
yagB_insX_yagA_predicted,0.16666666666666666,5,5,CCTGTTATGCCCCACTTCTG,0,4441129
yagB_insX_yagA_predicted,0.16666666666666666,5,5,CCTGTGGGTGGTAACCTTCA,0,4457714
yagB_insX_yagA_predicted,0.16666666666666666,5,5,CCTGGGGGCCGATCGACCTA,0,4447519
yagB_insX_yagA_predicted,0.16666666666666666,5,5,CCTGGCCTGCCTCGCGTCAA,0,4469128
yagB_insX_yagA_predicted,0.16666666666666666,5,5,CCTGCTCTTCCAAGGCCTCA,0,4439739
yagB_insX_yagA_predicted,0.16666666666666666,5,5,CCTGCTCCCCGTGGCTTCAT,0,4461295
yagB_insX_yagA_predicted,0.16666666666666666,5,5,CCTCTGGTTTTGATGCAAAT,0,4470691
yagB_insX_yagA_predicted,0.16666666666666666,5,5,CCTCTATACCGCAGACGTAG,0,4436091
yagB_insX_yagA_predicted,0.16666666666666666,5,5,CCTCCTTCTATGCACGAGGT,0,4455160
yagB_insX_yagA_predicted,0.16666666666666666,5,5,CCTCAACGTCACGTGCCGGC,0,4442806
yagB_insX_yagA_predicted,0.16666666666666666,5,5,CCTAGTTAGGTTTTACCCCC,0,4437677
yagB_insX_yagA_predicted,0.16666666666666666,5,5,CCTAGTATTGGACCGGTTTC,0,4469799
yagB_insX_yagA_predicted,0.16666666666666666,5,5,CCTACGGTTTGGAAATCTCT,0,4449626
yagB_insX_yagA_predicted,0.16666666666666666,5,5,CCTAAGTCAAAGTAGAAATG,0,4438616
yagB_insX_yagA_predicted,0.16666666666666666,5,5,CCGTTCCTCGGTAGATATAT,0,4441526
yagB_insX_yagA_predicted,0.16666666666666666,5,5,CCGTGTCGCATCCCTTCATA,0,4454471
yagB_insX_yagA_predicted,0.16666666666666666,5,5,CCGTGCCTCAATCGGTCTAT,0,4453389
yagB_insX_yagA_predicted,0.16666666666666666,5,5,CCGTCATGTCATATCCCAAG,0,4456431
yagB_insX_yagA_predicted,0.16666666666666666,5,5,CCGTAGTTTAGGCGCGATTT,0,4440167
yagB_insX_yagA_predicted,0.16666666666666666,5,5,CCGGGGTGTATAACGGGTCG,0,4470815
yagB_insX_yagA_predicted,0.16666666666666666,5,5,CCGGGCCGGGTGTAATTGTT,0,4454879
yagB_insX_yagA_predicted,0.16666666666666666,5,5,CCGGCCCGATTACACCCTCA,0,4462466
yagB_insX_yagA_predicted,0.16666666666666666,5,5,CCGGATAAGCAAGATCTTAC,0,4464036
yagB_insX_yagA_predicted,0.16666666666666666,5,5,CCGGATAACATCCGTCCGAG,0,4459307
yagB_insX_yagA_predicted,0.16666666666666666,5,5,CCGGAGAATTCAAGAATGGA,0,4462761
yagB_insX_yagA_predicted,0.16666666666666666,5,5,CCGCGGAGGATACTGTTAAA,0,4442907
yagB_insX_yagA_predicted,0.16666666666666666,5,5,CCGCCTAATAATATCTACGT,0,4470040
yagB_insX_yagA_predicted,0.16666666666666666,5,5,CCGCAGCATGCAGTGACCAT,0,4446827
yagB_insX_yagA_predicted,0.16666666666666666,5,5,CCGATTTCACGGCCATCGAC,0,4443906
yagB_insX_yagA_predicted,0.16666666666666666,5,5,CCGATTATTCCTGGGCTAAT,0,4465726
yagB_insX_yagA_predicted,0.16666666666666666,5,5,CCGATGGTGTTTCGCCAAAG,0,4462324
yagB_insX_yagA_predicted,0.16666666666666666,5,5,CCGACCTGGCATGGGCCATC,0,4461399
yagB_insX_yagA_predicted,0.16666666666666666,5,5,CCGACACTGTTACGCTCTAT,0,4440017
yagB_insX_yagA_predicted,0.16666666666666666,5,5,CCGAAAGACACGGAGCTCCT,0,4465514
yagB_insX_yagA_predicted,0.16666666666666666,5,5,CCCTTGTGTCTCGACCTGAA,0,4439897
yagB_insX_yagA_predicted,0.16666666666666666,5,5,CCCTGCCATGGTTACTTCAT,0,4469712
yagB_insX_yagA_predicted,0.16666666666666666,5,5,CCCGTCTGGGAGGCCTTCGA,0,4466353
yagB_insX_yagA_predicted,0.16666666666666666,5,5,CCCGTCGTTAATAATTTATT,0,4436542
yagB_insX_yagA_predicted,0.16666666666666666,5,5,CCCGGAGAATGACTTGTATT,0,4445443
yagB_insX_yagA_predicted,0.16666666666666666,5,5,CCCGAGCCACGTCTAGGCAA,0,4455322
yagB_insX_yagA_predicted,0.16666666666666666,5,5,CCCCGACGCTAAGGTCTCCA,0,4443076
yagB_insX_yagA_predicted,0.16666666666666666,5,5,CCCCAGCAGTGGGTACTGAG,0,4437999
yagB_insX_yagA_predicted,0.16666666666666666,5,5,CCCATTATTATAAAGGTGGG,0,4450242
yagB_insX_yagA_predicted,0.16666666666666666,5,5,CCCATGTCGCAAGCCAGGCG,0,4448560
yagB_insX_yagA_predicted,0.16666666666666666,5,5,CCCAAGACCCATCATGGCCT,0,4447654
yagB_insX_yagA_predicted,0.16666666666666666,5,5,CCCAACAGGGTCTCGTCTCG,0,4459443
yagB_insX_yagA_predicted,0.16666666666666666,5,5,CCCAACACGTTTAACGCTTA,0,4454073
yagB_insX_yagA_predicted,0.16666666666666666,5,5,CCATGGGGTATTGTGGATGT,0,4457893
yagB_insX_yagA_predicted,0.16666666666666666,5,5,CCATCCCGTATTCCAACCCT,0,4470942
yagB_insX_yagA_predicted,0.16666666666666666,5,5,CCATATTTCGGGAACTAACT,0,4468170
yagB_insX_yagA_predicted,0.16666666666666666,5,5,CCAGGCCGCGAAAGGTGATG,0,4437979
yagB_insX_yagA_predicted,0.16666666666666666,5,5,CCAGGCCAACTAGCGGATTC,0,4458285
yagB_insX_yagA_predicted,0.16666666666666666,5,5,CCACGTTCGCGCGTTCGTGT,0,4447471
yagB_insX_yagA_predicted,0.16666666666666666,5,5,CCACGTTAGGGTGGGTAGGT,0,4463793
yagB_insX_yagA_predicted,0.16666666666666666,5,5,CCACATATGCTAGATCAGAA,0,4452663
yagB_insX_yagA_predicted,0.16666666666666666,5,5,CCACACAGTAAAGCGTCCAG,0,4446603
yagB_insX_yagA_predicted,0.16666666666666666,5,5,CCAATGGACAGCGACTGTTG,0,4453185
yagB_insX_yagA_predicted,0.16666666666666666,5,5,CCAATATCGGATGGTGGTGC,0,4440011
yagB_insX_yagA_predicted,0.16666666666666666,5,5,CCAAAGGCTGTTCCTCATAA,0,4463082
yagB_insX_yagA_predicted,0.16666666666666666,5,5,CATTTAATTAGAGTCGGCAA,0,4454015
yagB_insX_yagA_predicted,0.16666666666666666,5,5,CATGCGCATCGATCTGGGAC,0,4464034
yagB_insX_yagA_predicted,0.16666666666666666,5,5,CATCCCCCGCCCACAGCGAA,0,4441512
yagB_insX_yagA_predicted,0.16666666666666666,5,5,CATCAGTACGACATACCAGT,0,4441453
yagB_insX_yagA_predicted,0.16666666666666666,5,5,CATACTATGGACGAACGTAA,0,4442589
yagB_insX_yagA_predicted,0.16666666666666666,5,5,CAGTTACTTCTACATCCCCC,0,4449478
yagB_insX_yagA_predicted,0.16666666666666666,5,5,CAGTACCTGGGAGAGCGGTA,0,4464951
yagB_insX_yagA_predicted,0.16666666666666666,5,5,CAGGTCGTAACTGTTTAGGG,0,4462856
yagB_insX_yagA_predicted,0.16666666666666666,5,5,CAGGCGTTTTACGGAGCATA,0,4457652
yagB_insX_yagA_predicted,0.16666666666666666,5,5,CAGGCCTCACTCCGGGACGC,0,4453829
yagB_insX_yagA_predicted,0.16666666666666666,5,5,CAGCTACACATTACTAGAGG,0,4442817
yagB_insX_yagA_predicted,0.16666666666666666,5,5,CAGCCGGACCAGTGGGCCAC,0,4450618
yagB_insX_yagA_predicted,0.16666666666666666,5,5,CAGCCCTCTTGGATCATGAC,0,4441360
yagB_insX_yagA_predicted,0.16666666666666666,5,5,CACTTTTCGAAAGCCGGAAT,0,4469374
yagB_insX_yagA_predicted,0.16666666666666666,5,5,CACTGCCGGCCATCATGAGA,0,4444335
yagB_insX_yagA_predicted,0.16666666666666666,5,5,CACTATGCAGCGACGCGGTA,0,4461588
yagB_insX_yagA_predicted,0.16666666666666666,5,5,CACGTCTCGCTGGATGATTT,0,4467619
yagB_insX_yagA_predicted,0.16666666666666666,5,5,CACGGGGACTATAGCGCTGC,0,4458660
yagB_insX_yagA_predicted,0.16666666666666666,5,5,CACGCGCAGGGTGTTCCACC,0,4449484
yagB_insX_yagA_predicted,0.16666666666666666,5,5,CACGATGCACTGACGCGGTT,0,4469180
yagB_insX_yagA_predicted,0.16666666666666666,5,5,CACGATCTGAGAAGTTGAGG,0,4442787
yagB_insX_yagA_predicted,0.16666666666666666,5,5,CACGATCTAACTTTTAGAGT,0,4459239
yagB_insX_yagA_predicted,0.16666666666666666,5,5,CACCTTTCATGGGGTTTCGT,0,4445752
yagB_insX_yagA_predicted,0.16666666666666666,5,5,CACCGATGACGCGTACAGAA,0,4442697
yagB_insX_yagA_predicted,0.16666666666666666,5,5,CACCGACTCCTTAAGGTGAG,0,4455008
yagB_insX_yagA_predicted,0.16666666666666666,5,5,CACCCTGTGGCCTCAAGGTC,0,4451431
yagB_insX_yagA_predicted,0.16666666666666666,5,5,CACAATTCGGCCGGGTGCCA,0,4449079
yagB_insX_yagA_predicted,0.16666666666666666,5,5,CAAGTTATCGCGTGGTAAGT,0,4462469
yagB_insX_yagA_predicted,0.16666666666666666,5,5,CAAGTATCCACTAGGTCGAT,0,4466565
yagB_insX_yagA_predicted,0.16666666666666666,5,5,CAAGGCTGATCTTTCACGCT,0,4460967
yagB_insX_yagA_predicted,0.16666666666666666,5,5,CAAGCGGGTAACTTCTTGGA,0,4462796
yagB_insX_yagA_predicted,0.16666666666666666,5,5,CAAGACGGTAGCGGGACGCG,0,4448575
yagB_insX_yagA_predicted,0.16666666666666666,5,5,CAACTTGGCGTCCCGCTAGA,0,4437444
yagB_insX_yagA_predicted,0.16666666666666666,5,5,CAACTGTCATCTGTTACCAG,0,4470245
yagB_insX_yagA_predicted,0.16666666666666666,5,5,CAACGGCCCCGCTACGCCGC,0,4463421
yagB_insX_yagA_predicted,0.16666666666666666,5,5,CAACGGAAACAGCGCGCAAA,0,4460141
yagB_insX_yagA_predicted,0.16666666666666666,5,5,CAACGCGGACTCTTCATGCA,0,4462453
yagB_insX_yagA_predicted,0.16666666666666666,5,5,CAACAGACATCGATACCACC,0,4458088
yagB_insX_yagA_predicted,0.16666666666666666,5,5,CAACAATGGGGAGTGCATGA,0,4456893
yagB_insX_yagA_predicted,0.16666666666666666,5,5,CAAACTTGATGAGTCTTCTG,0,4446938
yagB_insX_yagA_predicted,0.16666666666666666,5,5,CAAACGGTAATTTGCCTCGC,0,4469191
yagB_insX_yagA_predicted,0.16666666666666666,5,5,CAAACCAGTACGACTTCATT,0,4470866
yagB_insX_yagA_predicted,0.16666666666666666,5,5,CAAAATGCACGAAGATTGGC,0,4461626
yagB_insX_yagA_predicted,0.16666666666666666,5,5,CAAAAAAGCAACGTTCTGGC,0,4439924
yagB_insX_yagA_predicted,0.16666666666666666,5,5,ATTTTGAGTAGTTTGCTTCA,0,4435953
yagB_insX_yagA_predicted,0.16666666666666666,5,5,ATTTTCAAGGTCAACGCAAG,0,4451321
yagB_insX_yagA_predicted,0.16666666666666666,5,5,ATTTGTAAGTCTGGGTAAGT,0,4466253
yagB_insX_yagA_predicted,0.16666666666666666,5,5,ATTTGCCGTGCAAGGGTGGA,0,4459255
yagB_insX_yagA_predicted,0.16666666666666666,5,5,ATTTAGTGCAATGGGAATCC,0,4442014
yagB_insX_yagA_predicted,0.16666666666666666,5,5,ATTTACAGCTAAGTCTATCT,0,4449477
yagB_insX_yagA_predicted,0.16666666666666666,5,5,ATTGTACGTGAGACATCTAC,0,4451284
yagB_insX_yagA_predicted,0.16666666666666666,5,5,ATTGGAGAGACCCGGCTTCG,0,4449110
yagB_insX_yagA_predicted,0.16666666666666666,5,5,ATTGCAGTCATTGAGATTCG,0,4452791
yagB_insX_yagA_predicted,0.16666666666666666,5,5,ATTGACGCATCCGGTGCCGC,0,4446974
yagB_insX_yagA_predicted,0.16666666666666666,5,5,ATTCTGCCTTGAGGTATGGA,0,4470408
yagB_insX_yagA_predicted,0.16666666666666666,5,5,ATTCGAGCATTATGGTTACA,0,4452203
yagB_insX_yagA_predicted,0.16666666666666666,5,5,ATTCGAACGTACTGTGTCGC,0,4464527
yagB_insX_yagA_predicted,0.16666666666666666,5,5,ATTAGGGCGGTTTCGAGGAA,0,4466744
yagB_insX_yagA_predicted,0.16666666666666666,5,5,ATTAATGGCATTCGTAATAA,0,4457862
yagB_insX_yagA_predicted,0.16666666666666666,5,5,ATTAAGGTTAATGTACAGGT,0,4458279
yagB_insX_yagA_predicted,0.16666666666666666,5,5,ATTAACATAGCGAGAGAGGA,0,4471075
yagB_insX_yagA_predicted,0.16666666666666666,5,5,ATGTTTTATAAAATTAGAGC,0,4446237
yagB_insX_yagA_predicted,0.16666666666666666,5,5,ATGTTGCTTGACAAAAGGAA,0,4438748
yagB_insX_yagA_predicted,0.16666666666666666,5,5,ATGTTCTTTAAATACTGACC,0,4452115
yagB_insX_yagA_predicted,0.16666666666666666,5,5,ATGTTCGACTGGAACTTCAC,0,4466863
yagB_insX_yagA_predicted,0.16666666666666666,5,5,ATGTCTAAAGTGCACTTTAC,0,4457940
yagB_insX_yagA_predicted,0.16666666666666666,5,5,ATGGTCGTTAGTCTTGGATT,0,4457397
yagB_insX_yagA_predicted,0.16666666666666666,5,5,ATGGTATTGAATAGGTTACC,0,4470169
yagB_insX_yagA_predicted,0.16666666666666666,5,5,ATGGGTGACGGCTTCTGCAG,0,4447694
yagB_insX_yagA_predicted,0.16666666666666666,5,5,ATGGGACGACGTTTAAAGCC,0,4453570
yagB_insX_yagA_predicted,0.16666666666666666,5,5,ATGGCTCTCTTTTGATGTTA,0,4440550
yagB_insX_yagA_predicted,0.16666666666666666,5,5,ATGGCCTCCAGACTGGTGCA,0,4438830
yagB_insX_yagA_predicted,0.16666666666666666,5,5,ATGGAGCTGGTACACACGGT,0,4444173
yagB_insX_yagA_predicted,0.16666666666666666,5,5,ATGCTGTTCTACTGTAGTCC,0,4452072
yagB_insX_yagA_predicted,0.16666666666666666,5,5,ATGATATTATAGATAGAACT,0,4438060
yagB_insX_yagA_predicted,0.16666666666666666,5,5,ATGATAAAGGTAAGTCAATC,0,4443142
yagB_insX_yagA_predicted,0.16666666666666666,5,5,ATGAGATCCCCTCCGTTAGA,0,4438884
yagB_insX_yagA_predicted,0.16666666666666666,5,5,ATGAACATGCCATACAATAT,0,4457970
yagB_insX_yagA_predicted,0.16666666666666666,5,5,ATCTGTTCGATCCATGCGGC,0,4443129
yagB_insX_yagA_predicted,0.16666666666666666,5,5,ATCTCCTTAGTAATTGTAAC,0,4447176
yagB_insX_yagA_predicted,0.16666666666666666,5,5,ATCGCCCCGAGTTGCTATAC,0,4445652
yagB_insX_yagA_predicted,0.16666666666666666,5,5,ATCGACCGATTTATCTCTTA,0,4439443
yagB_insX_yagA_predicted,0.16666666666666666,5,5,ATCGAAAAATTGCATGTCGG,0,4440901
yagB_insX_yagA_predicted,0.16666666666666666,5,5,ATCCGTCTCTAATGACCTGA,0,4459939
yagB_insX_yagA_predicted,0.16666666666666666,5,5,ATCCGGGGTAAAGACGAAGG,0,4449406
yagB_insX_yagA_predicted,0.16666666666666666,5,5,ATCCCCCTTTAGCTCTAGTA,0,4470875
yagB_insX_yagA_predicted,0.16666666666666666,5,5,ATCCATGTTCGGACAGCACA,0,4450038
yagB_insX_yagA_predicted,0.16666666666666666,5,5,ATCATTGAATGGATTAAGCG,0,4437744
yagB_insX_yagA_predicted,0.16666666666666666,5,5,ATCAGTATCGAACGATGAAA,0,4471607
yagB_insX_yagA_predicted,0.16666666666666666,5,5,ATCAGCTGATACACAGAAGA,0,4465216
yagB_insX_yagA_predicted,0.16666666666666666,5,5,ATATTGCCTAAGCAGAGTGA,0,4466035
yagB_insX_yagA_predicted,0.16666666666666666,5,5,ATATTAATCCCCATCGGTGA,0,4437243
yagB_insX_yagA_predicted,0.16666666666666666,5,5,ATATGATAGGCTTCGTAGGG,0,4454928
yagB_insX_yagA_predicted,0.16666666666666666,5,5,ATATCTGAAAGCCAAATCAC,0,4454708
yagB_insX_yagA_predicted,0.16666666666666666,5,5,ATATAATGGTTTTCACATCA,0,4452386
yagB_insX_yagA_predicted,0.16666666666666666,5,5,ATAGTTGGCACGGGGGGCTC,0,4456777
yagB_insX_yagA_predicted,0.16666666666666666,5,5,ATAGTAGGTTTGGGACGCGG,0,4461464
yagB_insX_yagA_predicted,0.16666666666666666,5,5,ATAGTAGACTTAACCGTAGT,0,4455933
yagB_insX_yagA_predicted,0.16666666666666666,5,5,ATAGCAGCCATCATACACAG,0,4444994
yagB_insX_yagA_predicted,0.16666666666666666,5,5,ATAGAAGCGGTGGTACCTGT,0,4445444
yagB_insX_yagA_predicted,0.16666666666666666,5,5,ATACGGGTTGAAAAACCCAA,0,4456772
yagB_insX_yagA_predicted,0.16666666666666666,5,5,ATACGCGGTCCGTGTGTACA,0,4459075
yagB_insX_yagA_predicted,0.16666666666666666,5,5,ATACGAGTCCGCTCATGCGT,0,4453573
yagB_insX_yagA_predicted,0.16666666666666666,5,5,ATACATACTCACAAATGCTT,0,4463026
yagB_insX_yagA_predicted,0.16666666666666666,5,5,ATACAGTGCTCGACATAAAG,0,4464413
yagB_insX_yagA_predicted,0.16666666666666666,5,5,ATAATGATCTGTGTCTGGTT,0,4470369
yagB_insX_yagA_predicted,0.16666666666666666,5,5,ATAATAAATACGCTGCAACT,0,4436384
yagB_insX_yagA_predicted,0.16666666666666666,5,5,ATAAGCAAAGGAGGAACAAA,0,4445654
yagB_insX_yagA_predicted,0.16666666666666666,5,5,ATAAGAGTATATTGCTTTAC,0,4436392
yagB_insX_yagA_predicted,0.16666666666666666,5,5,AGTTCCGGGATAATACCTTC,0,4462107
yagB_insX_yagA_predicted,0.16666666666666666,5,5,AGTTCAGGGTATATGGGGGG,0,4471042
yagB_insX_yagA_predicted,0.16666666666666666,5,5,AGTGTTTTTCATCATTTGTC,0,4465802
yagB_insX_yagA_predicted,0.16666666666666666,5,5,AGTCTGCGATCCGTTCTACT,0,4461954
yagB_insX_yagA_predicted,0.16666666666666666,5,5,AGTCTCGCTTCAGGCTCTGA,0,4453348
yagB_insX_yagA_predicted,0.16666666666666666,5,5,AGTCCGTGGCTCTCTATAAT,0,4467654
yagB_insX_yagA_predicted,0.16666666666666666,5,5,AGTCCAGCAATTCATTGACC,0,4471143
yagB_insX_yagA_predicted,0.16666666666666666,5,5,AGTATGTGTGTCCGGAAGAC,0,4446618
yagB_insX_yagA_predicted,0.16666666666666666,5,5,AGTAGACTATCTATTAGTTA,0,4456848
yagB_insX_yagA_predicted,0.16666666666666666,5,5,AGTAGAATCTGCATGGGCCA,0,4470449
yagB_insX_yagA_predicted,0.16666666666666666,5,5,AGTACGACTGCAAGGCAATA,0,4447262
yagB_insX_yagA_predicted,0.16666666666666666,5,5,AGTAATCATCCGAAGTAACT,0,4450028
yagB_insX_yagA_predicted,0.16666666666666666,5,5,AGGTTCGCGCTCCAATTACA,0,4467966
yagB_insX_yagA_predicted,0.16666666666666666,5,5,AGGTTACACTGAGATAGGCA,0,4441678
yagB_insX_yagA_predicted,0.16666666666666666,5,5,AGGTGCCCCTCACGGAGGAG,0,4444684
yagB_insX_yagA_predicted,0.16666666666666666,5,5,AGGTACTCCCTGAGTTGGCG,0,4455698
yagB_insX_yagA_predicted,0.16666666666666666,5,5,AGGTACGCATCGCGTTCGCA,0,4451411
yagB_insX_yagA_predicted,0.16666666666666666,5,5,AGGGTGACCGTGTCCTTGCA,0,4441161
yagB_insX_yagA_predicted,0.16666666666666666,5,5,AGGGTAGCTTGATTGAGTTC,0,4443552
yagB_insX_yagA_predicted,0.16666666666666666,5,5,AGGGCGATATAACACATCAC,0,4469632
yagB_insX_yagA_predicted,0.16666666666666666,5,5,AGGGCACTCTGATGTCGCAG,0,4438591
yagB_insX_yagA_predicted,0.16666666666666666,5,5,AGGGAAGTGTTGTTGGCGGT,0,4450264
yagB_insX_yagA_predicted,0.16666666666666666,5,5,AGGCTGGCATGGCTCATCAC,0,4442709
yagB_insX_yagA_predicted,0.16666666666666666,5,5,AGGCTCGTATGTTGCAGCCC,0,4441452
yagB_insX_yagA_predicted,0.16666666666666666,5,5,AGGCAAGATTTCCAGACATT,0,4437452
yagB_insX_yagA_predicted,0.16666666666666666,5,5,AGGATCGGATCCTGAGGACA,0,4454880
yagB_insX_yagA_predicted,0.16666666666666666,5,5,AGGAGTACGATTGCTCGTCC,0,4468659
yagB_insX_yagA_predicted,0.16666666666666666,5,5,AGGAGCGTGCAGTTCCATGG,0,4445616
yagB_insX_yagA_predicted,0.16666666666666666,5,5,AGGACGGCTATTATGCCCAC,0,4452470
yagB_insX_yagA_predicted,0.16666666666666666,5,5,AGCTTGTATAGTCGCAATCC,0,4467046
yagB_insX_yagA_predicted,0.16666666666666666,5,5,AGCTTCTTACAAGCAGGTAA,0,4439467
yagB_insX_yagA_predicted,0.16666666666666666,5,5,AGCTTAAGAGCAGCCTGGCC,0,4468249
yagB_insX_yagA_predicted,0.16666666666666666,5,5,AGCTGTCTGTGATCACTTGA,0,4464350
yagB_insX_yagA_predicted,0.16666666666666666,5,5,AGCTGGCGCCGCTTTAACCT,0,4464563
yagB_insX_yagA_predicted,0.16666666666666666,5,5,AGCGCTATGGAAACGAGAAG,0,4440085
yagB_insX_yagA_predicted,0.16666666666666666,5,5,AGCGATGATAATAGGGCCTT,0,4462905
yagB_insX_yagA_predicted,0.16666666666666666,5,5,AGCGACTGACCGTGTTAGCG,0,4436019
yagB_insX_yagA_predicted,0.16666666666666666,5,5,AGCCCAATGGAGTCGTACTA,0,4467198
yagB_insX_yagA_predicted,0.16666666666666666,5,5,AGCATGTGGACCATAGGGTA,0,4458955
yagB_insX_yagA_predicted,0.16666666666666666,5,5,AGATTGTTGGGCTGATTTTA,0,4467074
yagB_insX_yagA_predicted,0.16666666666666666,5,5,AGATTCTGTACAGGTCGGTC,0,4451318
yagB_insX_yagA_predicted,0.16666666666666666,5,5,AGATTCTAGTTTAAGAGTCT,0,4466620
yagB_insX_yagA_predicted,0.16666666666666666,5,5,AGATGTTGGATTTTGGATTC,0,4451821
yagB_insX_yagA_predicted,0.16666666666666666,5,5,AGATGTGTAGTTACCCCCGT,0,4458667
yagB_insX_yagA_predicted,0.16666666666666666,5,5,AGATGGCGGTGTAAAGGGGT,0,4446013
yagB_insX_yagA_predicted,0.16666666666666666,5,5,AGATCGTCACTCGGGCAATC,0,4463499
yagB_insX_yagA_predicted,0.16666666666666666,5,5,AGATCGAACCTACGGCGTTA,0,4455826
yagB_insX_yagA_predicted,0.16666666666666666,5,5,AGAGTTGGATACATGCAGCG,0,4450929
yagB_insX_yagA_predicted,0.16666666666666666,5,5,AGAGTCTCAGTAATGTAATC,0,4463957
yagB_insX_yagA_predicted,0.16666666666666666,5,5,AGAGTCGCATAAAGGAAATC,0,4436412
yagB_insX_yagA_predicted,0.16666666666666666,5,5,AGAGGGTAGACAGGGTTAAA,0,4460098
yagB_insX_yagA_predicted,0.16666666666666666,5,5,AGAGGCCCCATTCTGTCCAG,0,4443155
yagB_insX_yagA_predicted,0.16666666666666666,5,5,AGAGGATGCGTACATCTCTT,0,4468943
yagB_insX_yagA_predicted,0.16666666666666666,5,5,AGACTCTCACAACTGGATTT,0,4452313
yagB_insX_yagA_predicted,0.16666666666666666,5,5,AGACGGTAACTGCTTCTTTG,0,4470314
yagB_insX_yagA_predicted,0.16666666666666666,5,5,AGAATATCTCTCTGGTAAGG,0,4453047
yagB_insX_yagA_predicted,0.16666666666666666,5,5,AGAAGGGGGACGGCTCCACA,0,4457598
yagB_insX_yagA_predicted,0.16666666666666666,5,5,AGAACGGCACTTTCAACGCA,0,4442361
yagB_insX_yagA_predicted,0.16666666666666666,5,5,AGAACAAGGAGCGCGGCCGA,0,4445558
yagB_insX_yagA_predicted,0.16666666666666666,5,5,AGAAAACTTATAGGATGCTA,0,4439092
yagB_insX_yagA_predicted,0.16666666666666666,5,5,ACTTTTGACTATGCGCGGAC,0,4437258
yagB_insX_yagA_predicted,0.16666666666666666,5,5,ACTTTAATTTGCAAATATCA,0,4441132
yagB_insX_yagA_predicted,0.16666666666666666,5,5,ACTTTAAAGATTCGGTGTGA,0,4466742
yagB_insX_yagA_predicted,0.16666666666666666,5,5,ACTTATTACAGTTACTATCT,0,4455419
yagB_insX_yagA_predicted,0.16666666666666666,5,5,ACTTAGTAACTCCATAGTCA,0,4456294
yagB_insX_yagA_predicted,0.16666666666666666,5,5,ACTTAGGGAGACAAGAACAG,0,4449774
yagB_insX_yagA_predicted,0.16666666666666666,5,5,ACTGTGATTGGCATTCGCTC,0,4445984
yagB_insX_yagA_predicted,0.16666666666666666,5,5,ACTGTCTTTGTATTTCGCCA,0,4447655
yagB_insX_yagA_predicted,0.16666666666666666,5,5,ACTGTCTACAACGTCCATCT,0,4446094
yagB_insX_yagA_predicted,0.16666666666666666,5,5,ACTGGTACAGCGGTTGTATC,0,4471164
yagB_insX_yagA_predicted,0.16666666666666666,5,5,ACTGCTCGATGCCATCCGGT,0,4466701
yagB_insX_yagA_predicted,0.16666666666666666,5,5,ACTGCCCTTGTAAAACGCGC,0,4451395
yagB_insX_yagA_predicted,0.16666666666666666,5,5,ACTCGCGACGAGGGCGTATC,0,4452578
yagB_insX_yagA_predicted,0.16666666666666666,5,5,ACTAAGGGACGTAGCGGTTT,0,4446746
yagB_insX_yagA_predicted,0.16666666666666666,5,5,ACTAACCAGACTCAGGGGCA,0,4459763
yagB_insX_yagA_predicted,0.16666666666666666,5,5,ACGTGCAGCACTGAAACATT,0,4448932
yagB_insX_yagA_predicted,0.16666666666666666,5,5,ACGTGACTTATATTGAAGAG,0,4459116
yagB_insX_yagA_predicted,0.16666666666666666,5,5,ACGTCATTTTTGTTCTACTG,0,4457037
yagB_insX_yagA_predicted,0.16666666666666666,5,5,ACGGTCGGACCCTTATAAGG,0,4439695
yagB_insX_yagA_predicted,0.16666666666666666,5,5,ACGGATGCTGTCTGCGTATG,0,4465599
yagB_insX_yagA_predicted,0.16666666666666666,5,5,ACGGACTCACCCATAATTTC,0,4456831
yagB_insX_yagA_predicted,0.16666666666666666,5,5,ACGCGCAGAATACTTTGTGC,0,4456099
yagB_insX_yagA_predicted,0.16666666666666666,5,5,ACGAATCTTCGATATGCAAT,0,4459586
yagB_insX_yagA_predicted,0.16666666666666666,5,5,ACCTGCCTCGTACTAAAGTA,0,4440583
yagB_insX_yagA_predicted,0.16666666666666666,5,5,ACCTCTGCGTGAAACAGTGC,0,4462545
yagB_insX_yagA_predicted,0.16666666666666666,5,5,ACCTCTCTCAAGCGGCACCA,0,4439503
yagB_insX_yagA_predicted,0.16666666666666666,5,5,ACCTATCTCTTGACTGAACA,0,4441507
yagB_insX_yagA_predicted,0.16666666666666666,5,5,ACCCGGTTCCCGGTACGAAA,0,4455828
yagB_insX_yagA_predicted,0.16666666666666666,5,5,ACCCCAGCCGGTGTAGCGAA,0,4446527
yagB_insX_yagA_predicted,0.16666666666666666,5,5,ACCATATCTTCCAACTCCCG,0,4444845
yagB_insX_yagA_predicted,0.16666666666666666,5,5,ACCAGCTTCCGGGCAACAGC,0,4466322
yagB_insX_yagA_predicted,0.16666666666666666,5,5,ACATGGTGGCCGTAGGCTGT,0,4455626
yagB_insX_yagA_predicted,0.16666666666666666,5,5,ACATGCTCAGTAAAGCGATA,0,4440898
yagB_insX_yagA_predicted,0.16666666666666666,5,5,ACATCATCATCGCCTATAGT,0,4439541
yagB_insX_yagA_predicted,0.16666666666666666,5,5,ACAGTCCTTCCATGTACGTA,0,4437011
yagB_insX_yagA_predicted,0.16666666666666666,5,5,ACAGCCGGATCATCTTTCAC,0,4461879
yagB_insX_yagA_predicted,0.16666666666666666,5,5,ACAGAGATCACAGTGACTCT,0,4471874
yagB_insX_yagA_predicted,0.16666666666666666,5,5,ACACTCTTATCTGGGGTCTC,0,4454281
yagB_insX_yagA_predicted,0.16666666666666666,5,5,ACACGTCTGCCGGCCTTGAG,0,4465106
yagB_insX_yagA_predicted,0.16666666666666666,5,5,ACACGTAGGGGAAAGGATGT,0,4443730
yagB_insX_yagA_predicted,0.16666666666666666,5,5,ACACAGCTACCAGCTTTCTT,0,4466066
yagB_insX_yagA_predicted,0.16666666666666666,5,5,ACAATCATCTCCGACAATTG,0,4456461
yagB_insX_yagA_predicted,0.16666666666666666,5,5,ACAATCAGGCCGGATGTCCA,0,4438381
yagB_insX_yagA_predicted,0.16666666666666666,5,5,ACAACGCTCACATCTACAAC,0,4442528
yagB_insX_yagA_predicted,0.16666666666666666,5,5,AATTTTAACCCACAAATAAT,0,4457646
yagB_insX_yagA_predicted,0.16666666666666666,5,5,AATTGGTCCGTCTTAATTGC,0,4469894
yagB_insX_yagA_predicted,0.16666666666666666,5,5,AATTAGGGTGCTCATCATGG,0,4458360
yagB_insX_yagA_predicted,0.16666666666666666,5,5,AATGTTCGGATTAATCTCGA,0,4453562
yagB_insX_yagA_predicted,0.16666666666666666,5,5,AATGGGAATATATTTATCTG,0,4436848
yagB_insX_yagA_predicted,0.16666666666666666,5,5,AATGAGCCTAAAAGTAAAGA,0,4445692
yagB_insX_yagA_predicted,0.16666666666666666,5,5,AATCTAATGGGCACAAGGAC,0,4456754
yagB_insX_yagA_predicted,0.16666666666666666,5,5,AATCATGCAGGGGTCTTTAT,0,4455481
yagB_insX_yagA_predicted,0.16666666666666666,5,5,AATCAGCATTCATAGGCTTT,0,4446591
yagB_insX_yagA_predicted,0.16666666666666666,5,5,AATAGCATCGTAAGTCTTGA,0,4455187
yagB_insX_yagA_predicted,0.16666666666666666,5,5,AAGTTTAGACAAAGAGACCC,0,4445930
yagB_insX_yagA_predicted,0.16666666666666666,5,5,AAGTATTGTCAGGATTTATC,0,4468172
yagB_insX_yagA_predicted,0.16666666666666666,5,5,AAGTAGCTGTGCAGCACTAA,0,4442167
yagB_insX_yagA_predicted,0.16666666666666666,5,5,AAGTACTCACTAGCACTGTA,0,4468994
yagB_insX_yagA_predicted,0.16666666666666666,5,5,AAGGTGTCATAACCCGGCAG,0,4447811
yagB_insX_yagA_predicted,0.16666666666666666,5,5,AAGGCAGCGCAGTTCTGAGT,0,4466730
yagB_insX_yagA_predicted,0.16666666666666666,5,5,AAGGACTGGTTTATAGCCAA,0,4451825
yagB_insX_yagA_predicted,0.16666666666666666,5,5,AAGGACGATGCCCCAACGAA,0,4436439
yagB_insX_yagA_predicted,0.16666666666666666,5,5,AAGCTGGGACTGCCAAACAA,0,4440675
yagB_insX_yagA_predicted,0.16666666666666666,5,5,AAGCCGATTTTTGGATTATG,0,4448683
yagB_insX_yagA_predicted,0.16666666666666666,5,5,AAGATACCTACAGCGTTTTC,0,4438943
yagB_insX_yagA_predicted,0.16666666666666666,5,5,AAGAGTTATCGTAGGGCCGG,0,4462868
yagB_insX_yagA_predicted,0.16666666666666666,5,5,AAGAAGTCAGAAGGCGGTCT,0,4442583
yagB_insX_yagA_predicted,0.16666666666666666,5,5,AAGAACCCCGTTGCCCTAGG,0,4439238
yagB_insX_yagA_predicted,0.16666666666666666,5,5,AACTCGAGATACACTGAGCT,0,4453066
yagB_insX_yagA_predicted,0.16666666666666666,5,5,AACGTCGGATGCCCCGGCCC,0,4461058
yagB_insX_yagA_predicted,0.16666666666666666,5,5,AACGTAAACTTTACGGCAAG,0,4437270
yagB_insX_yagA_predicted,0.16666666666666666,5,5,AACGGTTTACCGTAAGCAAG,0,4456511
yagB_insX_yagA_predicted,0.16666666666666666,5,5,AACGGTTAGACATGATTCCT,0,4436445
yagB_insX_yagA_predicted,0.16666666666666666,5,5,AACGGCGCACCTTGGATACT,0,4460743
yagB_insX_yagA_predicted,0.16666666666666666,5,5,AACGGCAATTTCTTGCCACA,0,4470983
yagB_insX_yagA_predicted,0.16666666666666666,5,5,AACCTTAGAAAACATTGGTC,0,4464524
yagB_insX_yagA_predicted,0.16666666666666666,5,5,AACCGTGTTTCTCTGTTACA,0,4453586
yagB_insX_yagA_predicted,0.16666666666666666,5,5,AACCGGAGACGACCACGACT,0,4447452
yagB_insX_yagA_predicted,0.16666666666666666,5,5,AACATTGTTAACTCAGTACT,0,4446238
yagB_insX_yagA_predicted,0.16666666666666666,5,5,AACATGTGGCAAAGGACCCG,0,4467994
yagB_insX_yagA_predicted,0.16666666666666666,5,5,AAATTGCGCCTGGCCGCTGA,0,4457128
yagB_insX_yagA_predicted,0.16666666666666666,5,5,AAATTCTTGGGCATGAGGAA,0,4437490
yagB_insX_yagA_predicted,0.16666666666666666,5,5,AAATGGATCTGTCCCTGCGA,0,4452117
yagB_insX_yagA_predicted,0.16666666666666666,5,5,AAATCATCGTACAATCAGCT,0,4455095
yagB_insX_yagA_predicted,0.16666666666666666,5,5,AAATATTAGGAGGTTGTGAT,0,4451302
yagB_insX_yagA_predicted,0.16666666666666666,5,5,AAAGCCGTAGTTCTCGGATA,0,4454739
yagB_insX_yagA_predicted,0.16666666666666666,5,5,AAACGATAAGGATAATCTTA,0,4466902
yagB_insX_yagA_predicted,0.16666666666666666,5,5,AAACCTACCGAATTGCGTCA,0,4448985
yagB_insX_yagA_predicted,0.16666666666666666,5,5,AAACCCAACATCAGTTCTAG,0,4466152
yagB_insX_yagA_predicted,0.16666666666666666,5,5,AAAACATTATCTAACGTACA,0,4471806
yagB_insX_yagA_predicted,0.16666666666666666,5,5,AAAAAAAGGGACTTCAAAAA,0,4446896
yagB_insX_yagA_predicted,0.2,4,4,TTTTTTTGACCTCATGCCCT,0,4470143
yagB_insX_yagA_predicted,0.2,4,4,TTTTTTACTCAGCAGCATAC,0,4460075
yagB_insX_yagA_predicted,0.2,4,4,TTTTCTAGCGGGTGGCGTGG,0,4470678
yagB_insX_yagA_predicted,0.2,4,4,TTTTCCAACGAGCGTTGTCA,0,4439804
yagB_insX_yagA_predicted,0.2,4,4,TTTTATCCGGACTACTAGGA,0,4472223
yagB_insX_yagA_predicted,0.2,4,4,TTTGTCATTGTGGATCGTGA,0,4468904
yagB_insX_yagA_predicted,0.2,4,4,TTTGCGTACCCTACGTGATC,0,4442880
yagB_insX_yagA_predicted,0.2,4,4,TTTGACGGTGATTGAGTTAA,0,4442271
yagB_insX_yagA_predicted,0.2,4,4,TTTCTTGATGAATCTCTCAT,0,4439419
yagB_insX_yagA_predicted,0.2,4,4,TTTCTTCACAGTGGGCACGT,0,4459160
yagB_insX_yagA_predicted,0.2,4,4,TTTCTGATGAGTACTCAACC,0,4451969
yagB_insX_yagA_predicted,0.2,4,4,TTTCGGAGATCTTATATTTG,0,4470041
yagB_insX_yagA_predicted,0.2,4,4,TTTCGCGCATGTCTGTGATA,0,4444779
yagB_insX_yagA_predicted,0.2,4,4,TTTCCCGCCGTTAACGTGTT,0,4451012
yagB_insX_yagA_predicted,0.2,4,4,TTTCATCGATCACCCTTCGA,0,4456983
yagB_insX_yagA_predicted,0.2,4,4,TTTCAGGGAGGGTAATCTTA,0,4438267
yagB_insX_yagA_predicted,0.2,4,4,TTTAGTGAGCCGAACAGGCA,0,4467845
yagB_insX_yagA_predicted,0.2,4,4,TTTACTACCGGCGCCACTCT,0,4447933
yagB_insX_yagA_predicted,0.2,4,4,TTTAATGAACCATTGCTCAG,0,4446077
yagB_insX_yagA_predicted,0.2,4,4,TTGTTAAGCTGTTTCTGAGC,0,4449764
yagB_insX_yagA_predicted,0.2,4,4,TTGTAAGTCCTTCGCTACAG,0,4442002
yagB_insX_yagA_predicted,0.2,4,4,TTGGTCTCATTGCACACTAC,0,4441761
yagB_insX_yagA_predicted,0.2,4,4,TTGGGCTCCGTGGAGAACGA,0,4443386
yagB_insX_yagA_predicted,0.2,4,4,TTGCTTCATGTACACTAGGC,0,4450905
yagB_insX_yagA_predicted,0.2,4,4,TTGCTCAAAATGCCAGGCCA,0,4457748
yagB_insX_yagA_predicted,0.2,4,4,TTGCACTCAATGGTAAGTTC,0,4453923
yagB_insX_yagA_predicted,0.2,4,4,TTGACGGGAGCTATTCATGT,0,4457492
yagB_insX_yagA_predicted,0.2,4,4,TTGAAGAACTCCTCGAGCAT,0,4447228
yagB_insX_yagA_predicted,0.2,4,4,TTCTTGCACACGGCAAACTA,0,4447886
yagB_insX_yagA_predicted,0.2,4,4,TTCTTCTCCAACGCTCGAAC,0,4441934
yagB_insX_yagA_predicted,0.2,4,4,TTCTGTGGCGTGTAACTTCT,0,4462727
yagB_insX_yagA_predicted,0.2,4,4,TTCTGGTGCAGATGCTCCCG,0,4451466
yagB_insX_yagA_predicted,0.2,4,4,TTCTCCGTCTCACGCAGCGT,0,4438986
yagB_insX_yagA_predicted,0.2,4,4,TTCGTCTGGAGTTTATAGTC,0,4459822
yagB_insX_yagA_predicted,0.2,4,4,TTCGTAGAACTACCGTGATA,0,4470227
yagB_insX_yagA_predicted,0.2,4,4,TTCGTACGACTACGGGTTTT,0,4462224
yagB_insX_yagA_predicted,0.2,4,4,TTCGGTAGTCTAAAATGTTT,0,4443027
yagB_insX_yagA_predicted,0.2,4,4,TTCGATCTGAACCCAGTTGG,0,4446514
yagB_insX_yagA_predicted,0.2,4,4,TTCGAAGAAATGTATCGAAG,0,4448321
yagB_insX_yagA_predicted,0.2,4,4,TTCGAACCATATGACTATCT,0,4446227
yagB_insX_yagA_predicted,0.2,4,4,TTCATGGTGTTCACTTTCCT,0,4436589
yagB_insX_yagA_predicted,0.2,4,4,TTCATACGCGCCACAAAGTT,0,4471437
yagB_insX_yagA_predicted,0.2,4,4,TTCACAATCGATGAATTGAC,0,4457892
yagB_insX_yagA_predicted,0.2,4,4,TTATGGGTCAGACGGCGGAA,0,4442137
yagB_insX_yagA_predicted,0.2,4,4,TTATGGCTAACAGTTCGTTA,0,4442081
yagB_insX_yagA_predicted,0.2,4,4,TTATCCGGGTTCATTCAGTG,0,4454769
yagB_insX_yagA_predicted,0.2,4,4,TTATAAGCCCATGACCGGTA,0,4441945
yagB_insX_yagA_predicted,0.2,4,4,TTAGTCAGGGTGGGGATAGA,0,4439001
yagB_insX_yagA_predicted,0.2,4,4,TTAGCTGGCGCCCAGTTGCT,0,4438692
yagB_insX_yagA_predicted,0.2,4,4,TTACTTAGCCCAAATAGAAG,0,4456050
yagB_insX_yagA_predicted,0.2,4,4,TTACTGATACCGTTTTGTTG,0,4466076
yagB_insX_yagA_predicted,0.2,4,4,TTACTCGGCAGCCTAAAGCT,0,4460672
yagB_insX_yagA_predicted,0.2,4,4,TTACCAACGCATGGGTTCTG,0,4437475
yagB_insX_yagA_predicted,0.2,4,4,TTACATATTGGACTCGCGTT,0,4450886
yagB_insX_yagA_predicted,0.2,4,4,TTACAAGCATGGTTTAGTCT,0,4441106
yagB_insX_yagA_predicted,0.2,4,4,TTAAGTAAATAGTCGCTTCC,0,4436266
yagB_insX_yagA_predicted,0.2,4,4,TGTTTTAGAAACCAGTTCAC,0,4447785
yagB_insX_yagA_predicted,0.2,4,4,TGTTGTACCTCGTGCTCCGA,0,4467293
yagB_insX_yagA_predicted,0.2,4,4,TGTTGGTATACGGGTATATC,0,4455916
yagB_insX_yagA_predicted,0.2,4,4,TGTTGAGAGTATTAGAGTTC,0,4444974
yagB_insX_yagA_predicted,0.2,4,4,TGTTCATCGTACGACATTCA,0,4439259
yagB_insX_yagA_predicted,0.2,4,4,TGTTAAATCGCGGGACGTCT,0,4442611
yagB_insX_yagA_predicted,0.2,4,4,TGTGCTGTCTGGATCCGTGC,0,4442547
yagB_insX_yagA_predicted,0.2,4,4,TGTGCGGCTTACGAGACACT,0,4443402
yagB_insX_yagA_predicted,0.2,4,4,TGTGCGAAAGCGTTTATCTC,0,4436528
yagB_insX_yagA_predicted,0.2,4,4,TGTGATTTATTGGGCTTCTT,0,4456722
yagB_insX_yagA_predicted,0.2,4,4,TGTCGGTCAACCAATGAGTT,0,4442424
yagB_insX_yagA_predicted,0.2,4,4,TGTATTATGGGAAAATTTTG,0,4443285
yagB_insX_yagA_predicted,0.2,4,4,TGTACTGTGCATTAAGCGGA,0,4460124
yagB_insX_yagA_predicted,0.2,4,4,TGTACATTTTATGGACCTCG,0,4454476
yagB_insX_yagA_predicted,0.2,4,4,TGGTCGGGTAGTAACCCTGT,0,4457335
yagB_insX_yagA_predicted,0.2,4,4,TGGTCCATCAAGCCCTTAGC,0,4453802
yagB_insX_yagA_predicted,0.2,4,4,TGGGTGGAGATCATTCCTTC,0,4468505
yagB_insX_yagA_predicted,0.2,4,4,TGGGTCGGATGCCACCACTG,0,4450281
yagB_insX_yagA_predicted,0.2,4,4,TGGCTTCGAATATGAACCCC,0,4460364
yagB_insX_yagA_predicted,0.2,4,4,TGGCTGTGCCAGTACGAGCG,0,4460007
yagB_insX_yagA_predicted,0.2,4,4,TGGCGTTTTTGCAATAAGGT,0,4471537
yagB_insX_yagA_predicted,0.2,4,4,TGGCGCACGTGGATTAGGCA,0,4452327
yagB_insX_yagA_predicted,0.2,4,4,TGGCGAAGAGAGGTGATTTA,0,4437310
yagB_insX_yagA_predicted,0.2,4,4,TGGATACTAATAGTGGGTAA,0,4451422
yagB_insX_yagA_predicted,0.2,4,4,TGGAGTGATGCTATCAAGGC,0,4441461
yagB_insX_yagA_predicted,0.2,4,4,TGGAACGGTAGCAAGCGTTT,0,4448540
yagB_insX_yagA_predicted,0.2,4,4,TGGAAAAGAGCAGGTTGATA,0,4467128
yagB_insX_yagA_predicted,0.2,4,4,TGCTAATCACAGGTCGTTAA,0,4463089
yagB_insX_yagA_predicted,0.2,4,4,TGCGTCGTCCTATCGGGAAA,0,4469740
yagB_insX_yagA_predicted,0.2,4,4,TGCGGTGGGACAGCGCTTAC,0,4462014
yagB_insX_yagA_predicted,0.2,4,4,TGCGAGTTACGCAATGTCTA,0,4460372
yagB_insX_yagA_predicted,0.2,4,4,TGCCTCGCAAGTACGCTCCG,0,4466737
yagB_insX_yagA_predicted,0.2,4,4,TGCCATTATCACGTGTTCCT,0,4459694
yagB_insX_yagA_predicted,0.2,4,4,TGCCATACGGATGGGAAATA,0,4470809
yagB_insX_yagA_predicted,0.2,4,4,TGCAGTTACCCAGTGGACCT,0,4458378
yagB_insX_yagA_predicted,0.2,4,4,TGCAGCTTCGTCTCCGTTTG,0,4469439
yagB_insX_yagA_predicted,0.2,4,4,TGCAATTGTAGGCTAGTGAA,0,4443702
yagB_insX_yagA_predicted,0.2,4,4,TGCAAGCATTAAGCTCAGTG,0,4449019
yagB_insX_yagA_predicted,0.2,4,4,TGATTGGTCCGGTAATGAGG,0,4437842
yagB_insX_yagA_predicted,0.2,4,4,TGATGGAGCGTTTCGTTGTA,0,4455401
yagB_insX_yagA_predicted,0.2,4,4,TGAGATTTAAGCTCGTTAGT,0,4460974
yagB_insX_yagA_predicted,0.2,4,4,TGACCGTGTTAAGATCTTGT,0,4436667
yagB_insX_yagA_predicted,0.2,4,4,TGACCAGTTATCGGGTGAGT,0,4456567
yagB_insX_yagA_predicted,0.2,4,4,TGACATGTAGCGCCTTGAAC,0,4461192
yagB_insX_yagA_predicted,0.2,4,4,TGACACTCTATGGGGCCAGA,0,4458634
yagB_insX_yagA_predicted,0.2,4,4,TGAATAGCGTGGCATAGGAA,0,4449797
yagB_insX_yagA_predicted,0.2,4,4,TGAATAAAGAGGTCAGGGAA,0,4457676
yagB_insX_yagA_predicted,0.2,4,4,TGAACCAAGTTGTAAACAGC,0,4442636
yagB_insX_yagA_predicted,0.2,4,4,TCTTTTGCATGCTCCTAGTA,0,4458969
yagB_insX_yagA_predicted,0.2,4,4,TCTTTCTTTCCCTATTCTAG,0,4459450
yagB_insX_yagA_predicted,0.2,4,4,TCTTGCCGGTTCAGCCTCAC,0,4464689
yagB_insX_yagA_predicted,0.2,4,4,TCTTATTGATATTGTTCACC,0,4455982
yagB_insX_yagA_predicted,0.2,4,4,TCTTAAATCTTTTCGCTTCT,0,4451785
yagB_insX_yagA_predicted,0.2,4,4,TCTCGGTATGAATAGAACGG,0,4466038
yagB_insX_yagA_predicted,0.2,4,4,TCTCCTCTCGGAATCTTACC,0,4449341
yagB_insX_yagA_predicted,0.2,4,4,TCTCCCGGCGCCACCTGCCT,0,4451480
yagB_insX_yagA_predicted,0.2,4,4,TCTCAGGCCAGTTTCCCCCG,0,4448834
yagB_insX_yagA_predicted,0.2,4,4,TCTAGGCAATTGACGTGTAG,0,4457360
yagB_insX_yagA_predicted,0.2,4,4,TCTAATCGTCGTTATTGTAT,0,4456845
yagB_insX_yagA_predicted,0.2,4,4,TCTAACAAGGGTAGCATATT,0,4456872
yagB_insX_yagA_predicted,0.2,4,4,TCGTGATGGCAATAGACCGT,0,4466950
yagB_insX_yagA_predicted,0.2,4,4,TCGTAGTGTTTCCACCTTTC,0,4439715
yagB_insX_yagA_predicted,0.2,4,4,TCGGTGTAAACCTACACAAT,0,4437728
yagB_insX_yagA_predicted,0.2,4,4,TCGGTACGGCAACCACCATG,0,4439284
yagB_insX_yagA_predicted,0.2,4,4,TCGGATCAGAGTTCGAGCAA,0,4457456
yagB_insX_yagA_predicted,0.2,4,4,TCGGATAGATTGAACCGAGT,0,4436347
yagB_insX_yagA_predicted,0.2,4,4,TCGGATACCCTTGGTAGCAG,0,4457251
yagB_insX_yagA_predicted,0.2,4,4,TCGGACCAGCCATTGTGTCT,0,4452116
yagB_insX_yagA_predicted,0.2,4,4,TCGCTTACCACTGAGGCATC,0,4439840
yagB_insX_yagA_predicted,0.2,4,4,TCGCTCTGATGGGAACGAGG,0,4441008
yagB_insX_yagA_predicted,0.2,4,4,TCGCGGCTACGTCCCCGCGT,0,4462685
yagB_insX_yagA_predicted,0.2,4,4,TCGCCTCCGGCTCGAAAGCG,0,4470188
yagB_insX_yagA_predicted,0.2,4,4,TCGCCGATCTTGGTGGGGTC,0,4455374
yagB_insX_yagA_predicted,0.2,4,4,TCGAGTGTTCATGAGTCAAT,0,4463183
yagB_insX_yagA_predicted,0.2,4,4,TCGACAATCAAAATTTTGAC,0,4455379
yagB_insX_yagA_predicted,0.2,4,4,TCCTCCGCGATAGTATTATT,0,4461687
yagB_insX_yagA_predicted,0.2,4,4,TCCTCCGAAAGCTGTCAACT,0,4460750
yagB_insX_yagA_predicted,0.2,4,4,TCCTCATTTACTCCGAGCAC,0,4437425
yagB_insX_yagA_predicted,0.2,4,4,TCCGTCGTAAATCAACAATG,0,4443326
yagB_insX_yagA_predicted,0.2,4,4,TCCGATCCATCAACTTTTGT,0,4457994
yagB_insX_yagA_predicted,0.2,4,4,TCCCGTCCCTTAGAGGTAGA,0,4463604
yagB_insX_yagA_predicted,0.2,4,4,TCCCATAGGGTTTCCACTTA,0,4449409
yagB_insX_yagA_predicted,0.2,4,4,TCCATATTATTATGCGATTT,0,4455612
yagB_insX_yagA_predicted,0.2,4,4,TCCAGGCCACCGCCACGGCA,0,4443657
yagB_insX_yagA_predicted,0.2,4,4,TCCAGAATCTGAGCCATGCA,0,4469104
yagB_insX_yagA_predicted,0.2,4,4,TCCACGCCCCCCGTGCGTTT,0,4462798
yagB_insX_yagA_predicted,0.2,4,4,TCCACGATTGTTCCCCTGTC,0,4439017
yagB_insX_yagA_predicted,0.2,4,4,TCCACCCTGGAAACGGGCCT,0,4461205
yagB_insX_yagA_predicted,0.2,4,4,TCCAACCCGTACCGATCAGT,0,4453120
yagB_insX_yagA_predicted,0.2,4,4,TCATGTCTCCCCTGCGTACA,0,4457622
yagB_insX_yagA_predicted,0.2,4,4,TCATCCCGTCAACAAACCCA,0,4447579
yagB_insX_yagA_predicted,0.2,4,4,TCATATTTTTACCAAGAATT,0,4436099
yagB_insX_yagA_predicted,0.2,4,4,TCATATCATGCCTATCTCCA,0,4464253
yagB_insX_yagA_predicted,0.2,4,4,TCATACGCGACCAGCACAGC,0,4445440
yagB_insX_yagA_predicted,0.2,4,4,TCATAAGCGCCTAAACTGTG,0,4459320
yagB_insX_yagA_predicted,0.2,4,4,TCAGGGGACGTGTATAAGTT,0,4437650
yagB_insX_yagA_predicted,0.2,4,4,TCAGGCTTACGATCACACGC,0,4467551
yagB_insX_yagA_predicted,0.2,4,4,TCAGGCGGAATCAGTCCGGT,0,4441234
yagB_insX_yagA_predicted,0.2,4,4,TCAGGAGTTTAGTTTCGACA,0,4436225
yagB_insX_yagA_predicted,0.2,4,4,TCAGGAAGCTTGTGTCCTAT,0,4469275
yagB_insX_yagA_predicted,0.2,4,4,TCAGCTAGTTTTTTGCCGCC,0,4457760
yagB_insX_yagA_predicted,0.2,4,4,TCAGCCCTCACACGTAGACG,0,4461382
yagB_insX_yagA_predicted,0.2,4,4,TCAGATGAGAGTAGCTGGGC,0,4448534
yagB_insX_yagA_predicted,0.2,4,4,TCAGACACTCATGGGTAATC,0,4459474
yagB_insX_yagA_predicted,0.2,4,4,TCACGTGGAACCTTATAATA,0,4465495
yagB_insX_yagA_predicted,0.2,4,4,TCACGGTGGATGGCGCAGTT,0,4445874
yagB_insX_yagA_predicted,0.2,4,4,TCACCGCTAGGGTGCATAAC,0,4456483
yagB_insX_yagA_predicted,0.2,4,4,TCACCAAGATAGACCCGGGA,0,4455721
yagB_insX_yagA_predicted,0.2,4,4,TCACAGACAGGCTATATTCA,0,4445407
yagB_insX_yagA_predicted,0.2,4,4,TCAACTCCCGTTGCTCGGTT,0,4436479
yagB_insX_yagA_predicted,0.2,4,4,TCAACAATTTTGGACCGTCC,0,4455947
yagB_insX_yagA_predicted,0.2,4,4,TATTTGACTGGAACGAAAGG,0,4468736
yagB_insX_yagA_predicted,0.2,4,4,TATTGGGAGTGCCTACATCG,0,4456891
yagB_insX_yagA_predicted,0.2,4,4,TATTCCTGCGTCTGCAAGGT,0,4462540
yagB_insX_yagA_predicted,0.2,4,4,TATGATTGGTCCAACACCGG,0,4449415
yagB_insX_yagA_predicted,0.2,4,4,TATCGGCTGCTAGCGAACAT,0,4455184
yagB_insX_yagA_predicted,0.2,4,4,TATCCTTAAATCCAGGGTGC,0,4460975
yagB_insX_yagA_predicted,0.2,4,4,TATCCACCGTTCGGATTCAT,0,4439971
yagB_insX_yagA_predicted,0.2,4,4,TATAGCGATTACCAGATGAA,0,4466242
yagB_insX_yagA_predicted,0.2,4,4,TAGGCGGGCCCATACATCGT,0,4448978
yagB_insX_yagA_predicted,0.2,4,4,TAGCGTTTTTTGCACGCTTG,0,4467042
yagB_insX_yagA_predicted,0.2,4,4,TAGCACTCAATACACACTAC,0,4458861
yagB_insX_yagA_predicted,0.2,4,4,TAGATCTTATTGTAATTGGG,0,4450330
yagB_insX_yagA_predicted,0.2,4,4,TACTTCTTAGCCATGTATGC,0,4468384
yagB_insX_yagA_predicted,0.2,4,4,TACTTATGGGAGGAGTGTTA,0,4451851
yagB_insX_yagA_predicted,0.2,4,4,TACTGTATCAAAGGGTACAT,0,4468270
yagB_insX_yagA_predicted,0.2,4,4,TACTCTGTCTCCTCCTGGAT,0,4472026
yagB_insX_yagA_predicted,0.2,4,4,TACTCCGTACGCATTCAGGA,0,4459049
yagB_insX_yagA_predicted,0.2,4,4,TACTACCTGTCCAGGTGGGC,0,4450908
yagB_insX_yagA_predicted,0.2,4,4,TACTACCGCCCGCTACCGTG,0,4450332
yagB_insX_yagA_predicted,0.2,4,4,TACGAGAATGCGTATGCGAT,0,4452547
yagB_insX_yagA_predicted,0.2,4,4,TACCATTCTGGGTAGGCAGA,0,4446774
yagB_insX_yagA_predicted,0.2,4,4,TACCAGAGGAATCTATTGAC,0,4438262
yagB_insX_yagA_predicted,0.2,4,4,TACATGGTTTTTAGGTAGTC,0,4449810
yagB_insX_yagA_predicted,0.2,4,4,TACAGCCGCTAGCGGCATGT,0,4449837
yagB_insX_yagA_predicted,0.2,4,4,TACAGAAACCTGAGGTCAGT,0,4439988
yagB_insX_yagA_predicted,0.2,4,4,TACACCGAGGGACTGGGAGT,0,4452610
yagB_insX_yagA_predicted,0.2,4,4,TACAACTCACATACCCTTCC,0,4442885
yagB_insX_yagA_predicted,0.2,4,4,TACAACGCAGCGCTATTTAT,0,4438718
yagB_insX_yagA_predicted,0.2,4,4,TAATTGCGGTCAGTGGAGAC,0,4444222
yagB_insX_yagA_predicted,0.2,4,4,TAATGCCTCTTCGGAGGCAG,0,4450628
yagB_insX_yagA_predicted,0.2,4,4,TAATCGGGTTACATGTAGAT,0,4454665
yagB_insX_yagA_predicted,0.2,4,4,TAAGACGGGACTGCAATTGT,0,4455814
yagB_insX_yagA_predicted,0.2,4,4,TAACGAAACGCGATGCCGTT,0,4447198
yagB_insX_yagA_predicted,0.2,4,4,TAACCAGCGATCGAGGGAGT,0,4461114
yagB_insX_yagA_predicted,0.2,4,4,TAAACTACGAGTCTGGCTCA,0,4457522
yagB_insX_yagA_predicted,0.2,4,4,GTTTAGGCTTGTACCACGTA,0,4441691
yagB_insX_yagA_predicted,0.2,4,4,GTTTACACGCAGTCCATAAG,0,4467866
yagB_insX_yagA_predicted,0.2,4,4,GTTGGGCGTATCAGGCATCC,0,4444488
yagB_insX_yagA_predicted,0.2,4,4,GTTGCAGCGACGCTTGGCAT,0,4463884
yagB_insX_yagA_predicted,0.2,4,4,GTTCTGTCGGGTCCGACCTA,0,4461389
yagB_insX_yagA_predicted,0.2,4,4,GTTCTGGAGCGAATAAATCC,0,4457193
yagB_insX_yagA_predicted,0.2,4,4,GTTCGACGTGTTGCCCGGGA,0,4467691
yagB_insX_yagA_predicted,0.2,4,4,GTTCCGGGGCTATGTCACTG,0,4469702
yagB_insX_yagA_predicted,0.2,4,4,GTTCATGGTCTATGTACCCT,0,4465740
yagB_insX_yagA_predicted,0.2,4,4,GTTATCTAGAAGAATTCCTC,0,4464228
yagB_insX_yagA_predicted,0.2,4,4,GTTAGCTTTAGGCTTGGTTT,0,4469777
yagB_insX_yagA_predicted,0.2,4,4,GTTACCCTATATAAAAAGAC,0,4447590
yagB_insX_yagA_predicted,0.2,4,4,GTTAATAGCAACTGGGGACA,0,4445333
yagB_insX_yagA_predicted,0.2,4,4,GTTAAGGCTGTTCTAATGTG,0,4445989
yagB_insX_yagA_predicted,0.2,4,4,GTGTGGCTTCGAAAGCTCCC,0,4470231
yagB_insX_yagA_predicted,0.2,4,4,GTGTGCGTTCTACCCTGGGT,0,4441157
yagB_insX_yagA_predicted,0.2,4,4,GTGTGAATCGATCAAGGCCC,0,4443546
yagB_insX_yagA_predicted,0.2,4,4,GTGTCCTCATGGCCATGAGG,0,4445287
yagB_insX_yagA_predicted,0.2,4,4,GTGGTGGGCTGACTAATCTA,0,4461560
yagB_insX_yagA_predicted,0.2,4,4,GTGGTCGTTTCGAGAGGTCC,0,4464912
yagB_insX_yagA_predicted,0.2,4,4,GTGGGGCTCGATACACAGGT,0,4436675
yagB_insX_yagA_predicted,0.2,4,4,GTGGGGCGTGGCTTAGGTTG,0,4470069
yagB_insX_yagA_predicted,0.2,4,4,GTGGGGCATTATCCAGGGGG,0,4443000
yagB_insX_yagA_predicted,0.2,4,4,GTGGCTCAAGTGATAAGACG,0,4463635
yagB_insX_yagA_predicted,0.2,4,4,GTGCTTGATATTTTGATCGT,0,4441090
yagB_insX_yagA_predicted,0.2,4,4,GTGCGGTAAAAATCAGCGGG,0,4451098
yagB_insX_yagA_predicted,0.2,4,4,GTGCCACTTGCTTATATAGC,0,4456366
yagB_insX_yagA_predicted,0.2,4,4,GTGAGTCTAGCCATTACGTT,0,4458277
yagB_insX_yagA_predicted,0.2,4,4,GTGAGACAGATCCTGTTGCA,0,4443109
yagB_insX_yagA_predicted,0.2,4,4,GTGACTCTAACTGGAGCTAT,0,4451467
yagB_insX_yagA_predicted,0.2,4,4,GTGAACTAGGTCGCTTAGGG,0,4446371
yagB_insX_yagA_predicted,0.2,4,4,GTGAAACAGAATGACACCTC,0,4450472
yagB_insX_yagA_predicted,0.2,4,4,GTCTCTGCATTATCAATATT,0,4471989
yagB_insX_yagA_predicted,0.2,4,4,GTCTCGAGGGTACGGGCCAC,0,4448957
yagB_insX_yagA_predicted,0.2,4,4,GTCGTGCGCGCCTTTGCTTA,0,4436159
yagB_insX_yagA_predicted,0.2,4,4,GTCGATGTTCCTATGAATGT,0,4440905
yagB_insX_yagA_predicted,0.2,4,4,GTCGAGGTTAGTGGACCCCT,0,4461430
yagB_insX_yagA_predicted,0.2,4,4,GTCCTCTTAAATAGAAATAT,0,4456748
yagB_insX_yagA_predicted,0.2,4,4,GTCCGTCGAGGAAGGTTCTA,0,4471120
yagB_insX_yagA_predicted,0.2,4,4,GTCCGGCTCGGCATGCGGCT,0,4462723
yagB_insX_yagA_predicted,0.2,4,4,GTCATTGCAGGCCGACTCCT,0,4436325
yagB_insX_yagA_predicted,0.2,4,4,GTCATTCACGCGTGGCACCT,0,4452604
yagB_insX_yagA_predicted,0.2,4,4,GTCATGAACTGAGGGATTAA,0,4445548
yagB_insX_yagA_predicted,0.2,4,4,GTCATAGAAGAAAGGCACGA,0,4466140
yagB_insX_yagA_predicted,0.2,4,4,GTCAGCTGGTCTGTACGGCA,0,4456014
yagB_insX_yagA_predicted,0.2,4,4,GTCACCTCACGGAATCCATA,0,4461742
yagB_insX_yagA_predicted,0.2,4,4,GTATTAAACGCCACTCAGAG,0,4450849
yagB_insX_yagA_predicted,0.2,4,4,GTATGTCAGGTTGTACTAGC,0,4437212
yagB_insX_yagA_predicted,0.2,4,4,GTATGGCTGGGAACTATAAC,0,4454843
yagB_insX_yagA_predicted,0.2,4,4,GTATAGTCCGATGGACTTGC,0,4466002
yagB_insX_yagA_predicted,0.2,4,4,GTATAGCGCGACAGTGGAGA,0,4441324
yagB_insX_yagA_predicted,0.2,4,4,GTAGTGGTGCCATCTTTGTA,0,4439308
yagB_insX_yagA_predicted,0.2,4,4,GTAGGACATCAGGCTCAGTC,0,4437707
yagB_insX_yagA_predicted,0.2,4,4,GTACTGACCTATAAAGTTGA,0,4438674
yagB_insX_yagA_predicted,0.2,4,4,GTACGAAGAGCGAAGAGACA,0,4442198
yagB_insX_yagA_predicted,0.2,4,4,GTACCGAGTAAAGGCCCTAT,0,4439079
yagB_insX_yagA_predicted,0.2,4,4,GTACCCTCATCCACGGGGCG,0,4459275
yagB_insX_yagA_predicted,0.2,4,4,GTACATACTATCTAACTAGC,0,4451465
yagB_insX_yagA_predicted,0.2,4,4,GTAACTAGTTAACATGGATC,0,4441357
yagB_insX_yagA_predicted,0.2,4,4,GTAACGCGAAGACACTATTT,0,4448366
yagB_insX_yagA_predicted,0.2,4,4,GTAAAGGATCAGACAACAAA,0,4445679
yagB_insX_yagA_predicted,0.2,4,4,GTAAAGAGGTATCTTATACG,0,4444168
yagB_insX_yagA_predicted,0.2,4,4,GTAAACACTTGACCGAGTCT,0,4464175
yagB_insX_yagA_predicted,0.2,4,4,GGTTGCGGTTGGGCCTCTAG,0,4462857
yagB_insX_yagA_predicted,0.2,4,4,GGTTGCCATAGAGGGAGTCG,0,4443247
yagB_insX_yagA_predicted,0.2,4,4,GGTTACCAGAACCCATACTC,0,4465281
yagB_insX_yagA_predicted,0.2,4,4,GGTGTGCTCCCGGTCCCGTG,0,4451087
yagB_insX_yagA_predicted,0.2,4,4,GGTGCGCTGCGATTGTATTG,0,4451778
yagB_insX_yagA_predicted,0.2,4,4,GGTGCGAACCCGTACCTACC,0,4450155
yagB_insX_yagA_predicted,0.2,4,4,GGTGCCAATGCTGAGCCAAC,0,4467806
yagB_insX_yagA_predicted,0.2,4,4,GGTCGTCACCCTAGGAAACC,0,4457521
yagB_insX_yagA_predicted,0.2,4,4,GGTCCGGCACAAGGCTACGC,0,4465803
yagB_insX_yagA_predicted,0.2,4,4,GGTCAGCGTGCCATGCTGGA,0,4470666
yagB_insX_yagA_predicted,0.2,4,4,GGTATCATTATGGATATCTA,0,4462976
yagB_insX_yagA_predicted,0.2,4,4,GGTAGTAACGGCTCCTCGCT,0,4452304
yagB_insX_yagA_predicted,0.2,4,4,GGTACCTGTGCCCTGCATGG,0,4471118
yagB_insX_yagA_predicted,0.2,4,4,GGTAACTGCTGTTCAGTCAC,0,4472216
yagB_insX_yagA_predicted,0.2,4,4,GGGTTTTTACAACGCGAACG,0,4451504
yagB_insX_yagA_predicted,0.2,4,4,GGGTTTATTTATCTTCAATA,0,4436844
yagB_insX_yagA_predicted,0.2,4,4,GGGTTCGCAATTGGTCTCCA,0,4447782
yagB_insX_yagA_predicted,0.2,4,4,GGGTTACAAGACGGGCACAA,0,4440651
yagB_insX_yagA_predicted,0.2,4,4,GGGTCGATCGTCCGTGGTAA,0,4472145
yagB_insX_yagA_predicted,0.2,4,4,GGGTCCGCGTAGTGCTCAGA,0,4469869
yagB_insX_yagA_predicted,0.2,4,4,GGGTCAGGTCGTCCCCGCAG,0,4468515
yagB_insX_yagA_predicted,0.2,4,4,GGGTACTGCCAGTTGGGAGA,0,4443958
yagB_insX_yagA_predicted,0.2,4,4,GGGGGTTTAAATTCTCGTAG,0,4439820
yagB_insX_yagA_predicted,0.2,4,4,GGGGGCCATCCAGGTGCTCC,0,4443269
yagB_insX_yagA_predicted,0.2,4,4,GGGGGATACCGACCTAAGCT,0,4452528
yagB_insX_yagA_predicted,0.2,4,4,GGGGACCCGCGCATTGCTTG,0,4459118
yagB_insX_yagA_predicted,0.2,4,4,GGGCTTGTGCGGGGTGGCTG,0,4440260
yagB_insX_yagA_predicted,0.2,4,4,GGGCGTACTACAAAAGAGCT,0,4452579
yagB_insX_yagA_predicted,0.2,4,4,GGGCCTCAGATGCTTCGGAG,0,4441625
yagB_insX_yagA_predicted,0.2,4,4,GGGCATAGTTATTGGTTGGT,0,4449194
yagB_insX_yagA_predicted,0.2,4,4,GGGATTAACCGTTTACAACA,0,4464739
yagB_insX_yagA_predicted,0.2,4,4,GGGAGGTGACTCCAGATAGG,0,4466680
yagB_insX_yagA_predicted,0.2,4,4,GGGAGGCTTTGGTAAAAATT,0,4463722
yagB_insX_yagA_predicted,0.2,4,4,GGCTTCCGTCAAGGACTAGC,0,4451345
yagB_insX_yagA_predicted,0.2,4,4,GGCTTATGAGGCAACTAAAG,0,4447253
yagB_insX_yagA_predicted,0.2,4,4,GGCTGAGCTCGGCCTAACCG,0,4446654
yagB_insX_yagA_predicted,0.2,4,4,GGCTAAGAGATGTCACGAGC,0,4440146
yagB_insX_yagA_predicted,0.2,4,4,GGCGGTTCGCGAAATAGGAG,0,4470230
yagB_insX_yagA_predicted,0.2,4,4,GGCGCGTGTACGGCACAGGT,0,4459717
yagB_insX_yagA_predicted,0.2,4,4,GGCCTTCTACAGTCTGGTAT,0,4436404
yagB_insX_yagA_predicted,0.2,4,4,GGCCCTGGCCAGTCGTGAGT,0,4469111
yagB_insX_yagA_predicted,0.2,4,4,GGCATTTTACGCTTCGGGGG,0,4447611
yagB_insX_yagA_predicted,0.2,4,4,GGCATTGGCGTACGTCACAC,0,4459973
yagB_insX_yagA_predicted,0.2,4,4,GGCATGATGCTAGGAACTAT,0,4470025
yagB_insX_yagA_predicted,0.2,4,4,GGCAGTCAAGGCCCTAATGG,0,4447434
yagB_insX_yagA_predicted,0.2,4,4,GGCAATCTCGTCAGGCGTCC,0,4453024
yagB_insX_yagA_predicted,0.2,4,4,GGATGTGCAGAACGGCCGAC,0,4449766
yagB_insX_yagA_predicted,0.2,4,4,GGATGAGCGCGGACGAACGA,0,4454518
yagB_insX_yagA_predicted,0.2,4,4,GGAGCGGCACAGGCAGTCGT,0,4471127
yagB_insX_yagA_predicted,0.2,4,4,GGAGATCTCACCGTGGAGAG,0,4449531
yagB_insX_yagA_predicted,0.2,4,4,GGAGAAGAGACCTTTTTGGT,0,4444875
yagB_insX_yagA_predicted,0.2,4,4,GGACTAAAAGCTAGTCTCAA,0,4472020
yagB_insX_yagA_predicted,0.2,4,4,GGAATTCCTATTCAGGACCT,0,4470764
yagB_insX_yagA_predicted,0.2,4,4,GGAAGTTGCTTCGATCATTA,0,4467157
yagB_insX_yagA_predicted,0.2,4,4,GCTTTTGCAGTGTCTATCGG,0,4461078
yagB_insX_yagA_predicted,0.2,4,4,GCTTTACTCCTAGGTTCGCG,0,4471129
yagB_insX_yagA_predicted,0.2,4,4,GCTTGAAATGAAAATTATTA,0,4447179
yagB_insX_yagA_predicted,0.2,4,4,GCTTCGCATGGTATGTAGAC,0,4458520
yagB_insX_yagA_predicted,0.2,4,4,GCTTCACGAGCCCTATGTTT,0,4465017
yagB_insX_yagA_predicted,0.2,4,4,GCTGTGCATCCTGAAGTAGC,0,4471183
yagB_insX_yagA_predicted,0.2,4,4,GCTGGCGATCTGGATGAAGA,0,4453460
yagB_insX_yagA_predicted,0.2,4,4,GCTGCCTCCTACAGACAGTC,0,4444090
yagB_insX_yagA_predicted,0.2,4,4,GCTCGCCTCCCCGCGCGCTT,0,4440337
yagB_insX_yagA_predicted,0.2,4,4,GCTCCACAAGAGTGACCTGT,0,4467723
yagB_insX_yagA_predicted,0.2,4,4,GCTATATATGTTCAAAAGGT,0,4438347
yagB_insX_yagA_predicted,0.2,4,4,GCTATACATACGAGGCCCGG,0,4452924
yagB_insX_yagA_predicted,0.2,4,4,GCTAGTGCACCGTTTACATT,0,4438983
yagB_insX_yagA_predicted,0.2,4,4,GCTAGAGCTGGAAGAGGAGT,0,4471156
yagB_insX_yagA_predicted,0.2,4,4,GCTAAACTCATCGTGGGCAG,0,4440820
yagB_insX_yagA_predicted,0.2,4,4,GCGTTCCGATTTAGAGTCGC,0,4455400
yagB_insX_yagA_predicted,0.2,4,4,GCGTTCACGTAAAAGTTGGC,0,4465221
yagB_insX_yagA_predicted,0.2,4,4,GCGTGAACAAATGCTATTCG,0,4437749
yagB_insX_yagA_predicted,0.2,4,4,GCGTCTTCATACACAGTGAT,0,4441004
yagB_insX_yagA_predicted,0.2,4,4,GCGTAGGCGTGTGGCCCTAT,0,4460178
yagB_insX_yagA_predicted,0.2,4,4,GCGTACTGTCTGCCGGGATG,0,4465516
yagB_insX_yagA_predicted,0.2,4,4,GCGTAAGTGCCATCTATGAA,0,4466063
yagB_insX_yagA_predicted,0.2,4,4,GCGGTTATCGGAGTTCGACA,0,4447079
yagB_insX_yagA_predicted,0.2,4,4,GCGGGCGGAACGTCACTTAG,0,4442652
yagB_insX_yagA_predicted,0.2,4,4,GCGGGCACTGGTGATGGAAT,0,4460121
yagB_insX_yagA_predicted,0.2,4,4,GCGGGAAGCACAACAAATGT,0,4461719
yagB_insX_yagA_predicted,0.2,4,4,GCGGAGGTCGTTAGCTGACT,0,4445865
yagB_insX_yagA_predicted,0.2,4,4,GCGCGGTAGCTCGAGATATC,0,4441261
yagB_insX_yagA_predicted,0.2,4,4,GCGCCAGTGCGTGACGATTC,0,4454037
yagB_insX_yagA_predicted,0.2,4,4,GCGCAGAGTAACCTAAGCTT,0,4448699
yagB_insX_yagA_predicted,0.2,4,4,GCGATGCAATTCGGGTCACT,0,4472165
yagB_insX_yagA_predicted,0.2,4,4,GCGATCCGGTTCAGTAGTAT,0,4445433
yagB_insX_yagA_predicted,0.2,4,4,GCGAGGTGCAGGCCTGTACA,0,4455938
yagB_insX_yagA_predicted,0.2,4,4,GCGAAGGAATACGGGAAAAA,0,4462110
yagB_insX_yagA_predicted,0.2,4,4,GCCTGCGGGGCACTCCCGAG,0,4466251
yagB_insX_yagA_predicted,0.2,4,4,GCCTATTGCCTGATTAATTG,0,4451537
yagB_insX_yagA_predicted,0.2,4,4,GCCTAGGGGATGATCCTTAA,0,4469051
yagB_insX_yagA_predicted,0.2,4,4,GCCTACAGGTGCTATTTTCG,0,4465203
yagB_insX_yagA_predicted,0.2,4,4,GCCGTTCGTCCCCTAACATT,0,4449849
yagB_insX_yagA_predicted,0.2,4,4,GCCGGCTATCGTTGGCTGCA,0,4456851
yagB_insX_yagA_predicted,0.2,4,4,GCCGGCACTGGAGCGGCCAA,0,4438343
yagB_insX_yagA_predicted,0.2,4,4,GCCGATGCTGATAGTGAGGT,0,4458209
yagB_insX_yagA_predicted,0.2,4,4,GCCGAAGGCCGGTTACGATG,0,4442086
yagB_insX_yagA_predicted,0.2,4,4,GCCCGCCTGGTTTGTATTTT,0,4448559
yagB_insX_yagA_predicted,0.2,4,4,GCCCCGCTTTACAAGGTCCA,0,4463842
yagB_insX_yagA_predicted,0.2,4,4,GCCCCGAGCGCGCTGTGCCT,0,4462190
yagB_insX_yagA_predicted,0.2,4,4,GCCCATCACGGGCGGCACGG,0,4462676
yagB_insX_yagA_predicted,0.2,4,4,GCCCAGCACAGTAAGAATAT,0,4438105
yagB_insX_yagA_predicted,0.2,4,4,GCCCAGCAAACTGAGGTATC,0,4452269
yagB_insX_yagA_predicted,0.2,4,4,GCCAGGTCCGCGCGTCTGAT,0,4454760
yagB_insX_yagA_predicted,0.2,4,4,GCCAGGCTCACGTAAACTTC,0,4448429
yagB_insX_yagA_predicted,0.2,4,4,GCCACTTACAACAATGCAGA,0,4466875
yagB_insX_yagA_predicted,0.2,4,4,GCATTGATCGCCGCCCAGCC,0,4446279
yagB_insX_yagA_predicted,0.2,4,4,GCATCGTGAATAGTCATCAA,0,4438834
yagB_insX_yagA_predicted,0.2,4,4,GCATCATCCACGACAGGAGC,0,4439112
yagB_insX_yagA_predicted,0.2,4,4,GCAGGGGGCAGGATGTAGAT,0,4442334
yagB_insX_yagA_predicted,0.2,4,4,GCAGCACTACATTCCCCGTA,0,4454222
yagB_insX_yagA_predicted,0.2,4,4,GCAGACGACAGGCTTCTTGA,0,4438532
yagB_insX_yagA_predicted,0.2,4,4,GCACCGACGACTGTCAGGGA,0,4439984
yagB_insX_yagA_predicted,0.2,4,4,GCACACTATGGGACTACATT,0,4460484
yagB_insX_yagA_predicted,0.2,4,4,GCACAATCGGCCACTCGGTG,0,4447604
yagB_insX_yagA_predicted,0.2,4,4,GCAAGTCTGCGCGGGTCTCC,0,4449455
yagB_insX_yagA_predicted,0.2,4,4,GCAAGCCCATAAACTCCGAG,0,4441409
yagB_insX_yagA_predicted,0.2,4,4,GCAACCGTCATGCTGTGGGG,0,4446816
yagB_insX_yagA_predicted,0.2,4,4,GCAACCAGGTCTTGGCATTT,0,4463860
yagB_insX_yagA_predicted,0.2,4,4,GCAAACGTTTTCACTATTAT,0,4471083
yagB_insX_yagA_predicted,0.2,4,4,GATTGAGGCGATGCGTCGTA,0,4437816
yagB_insX_yagA_predicted,0.2,4,4,GATTAGGCCAACATGTGATG,0,4448417
yagB_insX_yagA_predicted,0.2,4,4,GATTACTAGGAAGATACAAT,0,4447217
yagB_insX_yagA_predicted,0.2,4,4,GATGCGGCCAGAGCCCTAGG,0,4471010
yagB_insX_yagA_predicted,0.2,4,4,GATGCGCCGACCGTACACGC,0,4452909
yagB_insX_yagA_predicted,0.2,4,4,GATGATAAGGAATTATGGCG,0,4443160
yagB_insX_yagA_predicted,0.2,4,4,GATGACCGATGGAAGTATCG,0,4435946
yagB_insX_yagA_predicted,0.2,4,4,GATCGTGGCCGCGTACAAAA,0,4468944
yagB_insX_yagA_predicted,0.2,4,4,GATCCTTCGTGCGTGAACCT,0,4457624
yagB_insX_yagA_predicted,0.2,4,4,GATCACGTGGGCTAGTGGCA,0,4455608
yagB_insX_yagA_predicted,0.2,4,4,GATAGCTCATCCTGTACCGT,0,4437116
yagB_insX_yagA_predicted,0.2,4,4,GATAGCGCTATATTCCTATG,0,4453019
yagB_insX_yagA_predicted,0.2,4,4,GATACCCGCGTGGTTCCATA,0,4456142
yagB_insX_yagA_predicted,0.2,4,4,GAGTCGAAACACCGCTCATC,0,4468242
yagB_insX_yagA_predicted,0.2,4,4,GAGTAAAAGATCCATGACCT,0,4455144
yagB_insX_yagA_predicted,0.2,4,4,GAGGTAGCGATGGCGCGTCA,0,4446131
yagB_insX_yagA_predicted,0.2,4,4,GAGGCTTGGGGCACTTTCAC,0,4447714
yagB_insX_yagA_predicted,0.2,4,4,GAGGCACGCCACTTCAGTAG,0,4469223
yagB_insX_yagA_predicted,0.2,4,4,GAGGCAAACCTGGCCGGGTC,0,4471322
yagB_insX_yagA_predicted,0.2,4,4,GAGCGGTATAATTGTAGCCA,0,4456360
yagB_insX_yagA_predicted,0.2,4,4,GAGCGACTCCAAGGAAACGG,0,4442887
yagB_insX_yagA_predicted,0.2,4,4,GAGCATAACGTTGCAGAGGG,0,4457100
yagB_insX_yagA_predicted,0.2,4,4,GAGATTTTACACGCCGCGCA,0,4443088
yagB_insX_yagA_predicted,0.2,4,4,GAGATTCGATTATCAGTCCA,0,4461034
yagB_insX_yagA_predicted,0.2,4,4,GAGACTTGTTCCAAAGCGAT,0,4465598
yagB_insX_yagA_predicted,0.2,4,4,GAGACCACTGGTCATCCCAA,0,4467971
yagB_insX_yagA_predicted,0.2,4,4,GAGACCACCGGGACGCCCTA,0,4468619
yagB_insX_yagA_predicted,0.2,4,4,GACTGCTAGATGCCCTCCCC,0,4447383
yagB_insX_yagA_predicted,0.2,4,4,GACTGCACAACTCTGGCGTA,0,4469451
yagB_insX_yagA_predicted,0.2,4,4,GACTGATGCAATTTCCTGTA,0,4437587
yagB_insX_yagA_predicted,0.2,4,4,GACGGCACACATGTAAGGAG,0,4461275
yagB_insX_yagA_predicted,0.2,4,4,GACGAGTATTGTGACGTCGT,0,4452822
yagB_insX_yagA_predicted,0.2,4,4,GACCTGTAGATCTACAGGAT,0,4469851
yagB_insX_yagA_predicted,0.2,4,4,GACATCTCTAATCCTTCTGA,0,4464224
yagB_insX_yagA_predicted,0.2,4,4,GACAGCGACAAAATACAGAA,0,4440234
yagB_insX_yagA_predicted,0.2,4,4,GACAACTAGGTTAATGGCAA,0,4439071
yagB_insX_yagA_predicted,0.2,4,4,GAATGAAATATTGTTCGAGG,0,4469169
yagB_insX_yagA_predicted,0.2,4,4,GAATCTTGGGTCGGAGATCC,0,4454098
yagB_insX_yagA_predicted,0.2,4,4,GAATCAAAATAGTATACCTT,0,4439505
yagB_insX_yagA_predicted,0.2,4,4,GAAGCGTTAGGCGTGGTAAA,0,4466827
yagB_insX_yagA_predicted,0.2,4,4,GAAGCAAACATAGCGCGCTA,0,4459297
yagB_insX_yagA_predicted,0.2,4,4,GAACGACGGGGTACCGGAGC,0,4467470
yagB_insX_yagA_predicted,0.2,4,4,GAACATCTTCGCTTAAAATT,0,4466561
yagB_insX_yagA_predicted,0.2,4,4,GAACAGTCCGTCCGCCGAAT,0,4467332
yagB_insX_yagA_predicted,0.2,4,4,GAAATGACCGTTACGAATTG,0,4441136
yagB_insX_yagA_predicted,0.2,4,4,GAAAGAAGGGTCCACTTCGG,0,4445205
yagB_insX_yagA_predicted,0.2,4,4,GAAAAACGTTGGTTTGGGTG,0,4443741
yagB_insX_yagA_predicted,0.2,4,4,CTTTTGCAGGCATCACTGCA,0,4437167
yagB_insX_yagA_predicted,0.2,4,4,CTTTGAATGTCACTCCTCAT,0,4446807
yagB_insX_yagA_predicted,0.2,4,4,CTTTCCATACTGGGCTGGAC,0,4468825
yagB_insX_yagA_predicted,0.2,4,4,CTTTCAGTGTACGCCGTCTC,0,4462650
yagB_insX_yagA_predicted,0.2,4,4,CTTTCAGGGTTATATGTTCT,0,4442126
yagB_insX_yagA_predicted,0.2,4,4,CTTTAGGATCCCATCACGAA,0,4455637
yagB_insX_yagA_predicted,0.2,4,4,CTTTACGGTACAGCCTCATC,0,4442320
yagB_insX_yagA_predicted,0.2,4,4,CTTTAAACTTCCGCACAGAC,0,4468103
yagB_insX_yagA_predicted,0.2,4,4,CTTGGTCTCTACCGCCCTCA,0,4466341
yagB_insX_yagA_predicted,0.2,4,4,CTTGGCCTGTAACATCCTGA,0,4462258
yagB_insX_yagA_predicted,0.2,4,4,CTTCTTCCTACTTGTGAGGC,0,4452991
yagB_insX_yagA_predicted,0.2,4,4,CTTCGGACGTAGGACCCTGG,0,4439797
yagB_insX_yagA_predicted,0.2,4,4,CTTCGAGTGCGAAGCAAAAA,0,4468761
yagB_insX_yagA_predicted,0.2,4,4,CTTATCCGGGCCGTAGCCTC,0,4461916
yagB_insX_yagA_predicted,0.2,4,4,CTTAGATCAGGGACGCCGGA,0,4442840
yagB_insX_yagA_predicted,0.2,4,4,CTTACGATCCACGTCCGCGT,0,4452864
yagB_insX_yagA_predicted,0.2,4,4,CTGTGCAGTACGCGCACGAT,0,4443503
yagB_insX_yagA_predicted,0.2,4,4,CTGTCACCCGAGCTATCACG,0,4449063
yagB_insX_yagA_predicted,0.2,4,4,CTGTACTTTTGATGACCTAA,0,4457941
yagB_insX_yagA_predicted,0.2,4,4,CTGGTCGGCATGAGATAATC,0,4456062
yagB_insX_yagA_predicted,0.2,4,4,CTGGGAACGGCCATCCTCTT,0,4437283
yagB_insX_yagA_predicted,0.2,4,4,CTGGAAGTCGTTTCCAACAT,0,4449124
yagB_insX_yagA_predicted,0.2,4,4,CTGCTGTCCATTCGCGTGAA,0,4465566
yagB_insX_yagA_predicted,0.2,4,4,CTGCTATGGTGACCTTAGCA,0,4447339
yagB_insX_yagA_predicted,0.2,4,4,CTGCTAACACTGTAATTTTG,0,4459599
yagB_insX_yagA_predicted,0.2,4,4,CTGCGTGATGGTACTGGACA,0,4444987
yagB_insX_yagA_predicted,0.2,4,4,CTGCGGCTCACACCAGGGTC,0,4465947
yagB_insX_yagA_predicted,0.2,4,4,CTGCCCCTTTGCATCGGGAA,0,4467807
yagB_insX_yagA_predicted,0.2,4,4,CTGCCCCTATATACCCTGCT,0,4452618
yagB_insX_yagA_predicted,0.2,4,4,CTGCAAGGCCTTTCTCGTGT,0,4461471
yagB_insX_yagA_predicted,0.2,4,4,CTCTCGCGACGGCTACCGCA,0,4471884
yagB_insX_yagA_predicted,0.2,4,4,CTCTATCTGGCGTGGTCCGC,0,4440066
yagB_insX_yagA_predicted,0.2,4,4,CTCTACCTCAGAGACTCAGG,0,4449611
yagB_insX_yagA_predicted,0.2,4,4,CTCTAATTGAGCTTCTCCGG,0,4439245
yagB_insX_yagA_predicted,0.2,4,4,CTCGTCCCTTGTAGTCCAGG,0,4460562
yagB_insX_yagA_predicted,0.2,4,4,CTCGGGCCGGTTGGTAGCTT,0,4438676
yagB_insX_yagA_predicted,0.2,4,4,CTCGGGAATATATACTCTCC,0,4439179
yagB_insX_yagA_predicted,0.2,4,4,CTCGGCACTTCAACGAGGCA,0,4445157
yagB_insX_yagA_predicted,0.2,4,4,CTCCTGACTAGCTTAGAAGA,0,4468024
yagB_insX_yagA_predicted,0.2,4,4,CTCCTAGGGTTAATTCAACC,0,4451288
yagB_insX_yagA_predicted,0.2,4,4,CTCCCTTACCAATCTTCCGT,0,4440999
yagB_insX_yagA_predicted,0.2,4,4,CTCAGAACTCCGTCATGTGA,0,4441688
yagB_insX_yagA_predicted,0.2,4,4,CTATTGCGGCGCACTGATGC,0,4456719
yagB_insX_yagA_predicted,0.2,4,4,CTATGTTTATGTGAAGCGTT,0,4448293
yagB_insX_yagA_predicted,0.2,4,4,CTATGGGTAAGCTTATGCTT,0,4455235
yagB_insX_yagA_predicted,0.2,4,4,CTATCTACACATAGGATCAA,0,4436305
yagB_insX_yagA_predicted,0.2,4,4,CTATCCTGTTGGGGAGAGCA,0,4462992
yagB_insX_yagA_predicted,0.2,4,4,CTATAGCGTGCAGTATGCTA,0,4445645
yagB_insX_yagA_predicted,0.2,4,4,CTATAATATTGATCCACGGC,0,4468308
yagB_insX_yagA_predicted,0.2,4,4,CTAGCGAAGTATGACGCCCA,0,4444731
yagB_insX_yagA_predicted,0.2,4,4,CTAGATTGTTCCTCTATATG,0,4454585
yagB_insX_yagA_predicted,0.2,4,4,CTAGACCGCAAGCTAACTTC,0,4446307
yagB_insX_yagA_predicted,0.2,4,4,CTACGCCTGTGGTCCACCTT,0,4436590
yagB_insX_yagA_predicted,0.2,4,4,CTACGATTCCCGCGTCAACC,0,4454918
yagB_insX_yagA_predicted,0.2,4,4,CTAATCGGGAAGTGGTCTTC,0,4446333
yagB_insX_yagA_predicted,0.2,4,4,CTAAGGAGTCTTCGTACCTT,0,4447208
yagB_insX_yagA_predicted,0.2,4,4,CGTTTGCCATCGGTGCACAC,0,4449408
yagB_insX_yagA_predicted,0.2,4,4,CGTTTGATTCTTCTAGTAAA,0,4461397
yagB_insX_yagA_predicted,0.2,4,4,CGTTTGAATGAGCGGGTCAT,0,4454295
yagB_insX_yagA_predicted,0.2,4,4,CGTTGAAGAAAGATCATCTT,0,4450218
yagB_insX_yagA_predicted,0.2,4,4,CGTTCTCATTGCATACCCCA,0,4469920
yagB_insX_yagA_predicted,0.2,4,4,CGTGTCGCATTGTTCTTGAT,0,4458562
yagB_insX_yagA_predicted,0.2,4,4,CGTGCTGTCAAACAGCAGTT,0,4441726
yagB_insX_yagA_predicted,0.2,4,4,CGTCTTGGAAGCATGGCTCG,0,4445847
yagB_insX_yagA_predicted,0.2,4,4,CGTCTGTCTTCGCACACGTA,0,4466279
yagB_insX_yagA_predicted,0.2,4,4,CGTCGCCCTACCGAGAAATA,0,4469511
yagB_insX_yagA_predicted,0.2,4,4,CGTATGTTAAGACCGATACG,0,4453109
yagB_insX_yagA_predicted,0.2,4,4,CGTATACGCGATAGCGCTTA,0,4453025
yagB_insX_yagA_predicted,0.2,4,4,CGTAACGCTGCGGCCTCTGG,0,4463071
yagB_insX_yagA_predicted,0.2,4,4,CGGTTCACATAACAGGGTTC,0,4441224
yagB_insX_yagA_predicted,0.2,4,4,CGGTCTATTCATGTACTGTG,0,4458870
yagB_insX_yagA_predicted,0.2,4,4,CGGTCGCGAGTCCTAACACT,0,4454819
yagB_insX_yagA_predicted,0.2,4,4,CGGGTTTACAGATGTGTCGT,0,4464957
yagB_insX_yagA_predicted,0.2,4,4,CGGGTTGCCCTCATCAAGCC,0,4437314
yagB_insX_yagA_predicted,0.2,4,4,CGGGTGCGTCCAGTCTCATT,0,4449157
yagB_insX_yagA_predicted,0.2,4,4,CGGGTCCATCCTCACGCGAA,0,4441701
yagB_insX_yagA_predicted,0.2,4,4,CGGGCATATGCCTCTGACAA,0,4470006
yagB_insX_yagA_predicted,0.2,4,4,CGGGAACAAGTCCCTCAGTT,0,4439108
yagB_insX_yagA_predicted,0.2,4,4,CGGCTAAGGATACGGCCTCA,0,4438125
yagB_insX_yagA_predicted,0.2,4,4,CGGCCCTCCGGGGGTAAGGT,0,4444466
yagB_insX_yagA_predicted,0.2,4,4,CGGCCCGAATAGACTAGAGC,0,4470078
yagB_insX_yagA_predicted,0.2,4,4,CGGAACCCGAAGCTCAACGG,0,4445625
yagB_insX_yagA_predicted,0.2,4,4,CGCTTCTGTTATTCGCTAAA,0,4453261
yagB_insX_yagA_predicted,0.2,4,4,CGCTCGAGCTATGGGATATT,0,4449367
yagB_insX_yagA_predicted,0.2,4,4,CGCTCCGTGTCCGATGGTCG,0,4455857
yagB_insX_yagA_predicted,0.2,4,4,CGCTCCGGGTCTATTGGCCA,0,4446725
yagB_insX_yagA_predicted,0.2,4,4,CGCTATTGGACTCGTTGTAG,0,4455736
yagB_insX_yagA_predicted,0.2,4,4,CGCGGGGATTTCTATTATCA,0,4436386
yagB_insX_yagA_predicted,0.2,4,4,CGCGGGACCTCTGCTTTCAG,0,4441114
yagB_insX_yagA_predicted,0.2,4,4,CGCGGAACTGACATACCTCA,0,4472038
yagB_insX_yagA_predicted,0.2,4,4,CGCGCGACGCTGAGCAAGCA,0,4463094
yagB_insX_yagA_predicted,0.2,4,4,CGCGCCGGCTGTACAGCTCA,0,4436714
yagB_insX_yagA_predicted,0.2,4,4,CGCGCACCACGTATTCGTTG,0,4440951
yagB_insX_yagA_predicted,0.2,4,4,CGCCTTAGAGAATTTATCCA,0,4471429
yagB_insX_yagA_predicted,0.2,4,4,CGCCGGGATAAGCCCATTAG,0,4471171
yagB_insX_yagA_predicted,0.2,4,4,CGCCCTGCGATGTAGGTACC,0,4462314
yagB_insX_yagA_predicted,0.2,4,4,CGCCATTGATGCTTCGTTGG,0,4452801
yagB_insX_yagA_predicted,0.2,4,4,CGCATTGATTCTAGGCTGTT,0,4471525
yagB_insX_yagA_predicted,0.2,4,4,CGCATGTGTCTAGGTTAAGT,0,4455764
yagB_insX_yagA_predicted,0.2,4,4,CGCATGTCGTTCTGAGACGT,0,4445138
yagB_insX_yagA_predicted,0.2,4,4,CGCAGACCGTCCAAGTCATC,0,4455833
yagB_insX_yagA_predicted,0.2,4,4,CGCACGAAATCTAAGAGAAA,0,4448784
yagB_insX_yagA_predicted,0.2,4,4,CGATTGGCAGGTAGCTGAGC,0,4465926
yagB_insX_yagA_predicted,0.2,4,4,CGATTGAGCTCGAGATTCTC,0,4458164
yagB_insX_yagA_predicted,0.2,4,4,CGATGTTAATTCAATTATTG,0,4442032
yagB_insX_yagA_predicted,0.2,4,4,CGATGAATAATTGATATAGT,0,4443264
yagB_insX_yagA_predicted,0.2,4,4,CGATATGTTCCTTCGGGCGT,0,4471744
yagB_insX_yagA_predicted,0.2,4,4,CGATATGGGTCGTGCCGTGC,0,4444785
yagB_insX_yagA_predicted,0.2,4,4,CGATAGATTAAACTAGGTAT,0,4448500
yagB_insX_yagA_predicted,0.2,4,4,CGAGTACAGTGAACCGTTGA,0,4446966
yagB_insX_yagA_predicted,0.2,4,4,CGAGCCGGACAGCAGACTCT,0,4454228
yagB_insX_yagA_predicted,0.2,4,4,CGAGATCTGAGTTGATCGGG,0,4452008
yagB_insX_yagA_predicted,0.2,4,4,CGAGAGACACACTTACTTTT,0,4448282
yagB_insX_yagA_predicted,0.2,4,4,CGACGCACTTTGACGCACCA,0,4459158
yagB_insX_yagA_predicted,0.2,4,4,CGACGACAGCCGTATATTGG,0,4464153
yagB_insX_yagA_predicted,0.2,4,4,CGACATCCAGGCTTGGACGT,0,4438484
yagB_insX_yagA_predicted,0.2,4,4,CGACACGGCAAAAATATATG,0,4438467
yagB_insX_yagA_predicted,0.2,4,4,CGAAACAACCAGCATTTCAA,0,4438793
yagB_insX_yagA_predicted,0.2,4,4,CCTTCTGGATAAAGTTCCGC,0,4456296
yagB_insX_yagA_predicted,0.2,4,4,CCTGTAGCAGCGACAGTTTT,0,4444645
yagB_insX_yagA_predicted,0.2,4,4,CCTCAATCTACATTTACGAC,0,4466378
yagB_insX_yagA_predicted,0.2,4,4,CCTATGGTCGCTTTCCCACT,0,4462551
yagB_insX_yagA_predicted,0.2,4,4,CCTAAGCGGCTGAGCGGAGA,0,4437886
yagB_insX_yagA_predicted,0.2,4,4,CCGTTCTCTGCTATATCTGA,0,4453798
yagB_insX_yagA_predicted,0.2,4,4,CCGTGCGTTCTGAAGCAGCT,0,4470039
yagB_insX_yagA_predicted,0.2,4,4,CCGTGCCGGAATAATAGGTA,0,4461812
yagB_insX_yagA_predicted,0.2,4,4,CCGTAAATCAGGACTGCATC,0,4443404
yagB_insX_yagA_predicted,0.2,4,4,CCGGTATGTTGTAGGCTATT,0,4450107
yagB_insX_yagA_predicted,0.2,4,4,CCGGGTGAGTCTGGGCTATA,0,4466500
yagB_insX_yagA_predicted,0.2,4,4,CCGGGCTCACACAGATCTTT,0,4436194
yagB_insX_yagA_predicted,0.2,4,4,CCGGCGCAGGTGGCGGAGAG,0,4443547
yagB_insX_yagA_predicted,0.2,4,4,CCGGCATATCGGCAGCCTTA,0,4436505
yagB_insX_yagA_predicted,0.2,4,4,CCGGATGATCGAGGCCAAGA,0,4470403
yagB_insX_yagA_predicted,0.2,4,4,CCGGAGGCACTTTAAACTGC,0,4447667
yagB_insX_yagA_predicted,0.2,4,4,CCGCGAGTGTTGAGTGCGTC,0,4436429
yagB_insX_yagA_predicted,0.2,4,4,CCGCAGTATAACTTTGAGGG,0,4470127
yagB_insX_yagA_predicted,0.2,4,4,CCGCAGCTATGCTGCCGCAG,0,4464852
yagB_insX_yagA_predicted,0.2,4,4,CCGCACTATTCCCAAGAATC,0,4463461
yagB_insX_yagA_predicted,0.2,4,4,CCGCAACGCAACCGGGTAGC,0,4462642
yagB_insX_yagA_predicted,0.2,4,4,CCGAGAGGGAGAGAACCGTA,0,4444800
yagB_insX_yagA_predicted,0.2,4,4,CCGAATGATAGACGGAATAC,0,4436395
yagB_insX_yagA_predicted,0.2,4,4,CCGAACATTTTGAGGAATCA,0,4442862
yagB_insX_yagA_predicted,0.2,4,4,CCCTTGGTCCTCTAGTTTTT,0,4454485
yagB_insX_yagA_predicted,0.2,4,4,CCCGCGTAATCGGAAGCCTA,0,4453023
yagB_insX_yagA_predicted,0.2,4,4,CCCGCGGCCATTGGCTCATT,0,4471504
yagB_insX_yagA_predicted,0.2,4,4,CCCCTTGTTCAAGAGTGCCA,0,4439364
yagB_insX_yagA_predicted,0.2,4,4,CCCCGATATGCCCCCGCCGC,0,4441741
yagB_insX_yagA_predicted,0.2,4,4,CCCCCGGGCCAGACGGCCAA,0,4455189
yagB_insX_yagA_predicted,0.2,4,4,CCCCCCAACCGACACATTAA,0,4442112
yagB_insX_yagA_predicted,0.2,4,4,CCCATATTAAGCTTTTAGGA,0,4463078
yagB_insX_yagA_predicted,0.2,4,4,CCCATATGGCCGATATAATT,0,4442221
yagB_insX_yagA_predicted,0.2,4,4,CCCATAAGCGTTTGGCCCCC,0,4469157
yagB_insX_yagA_predicted,0.2,4,4,CCCACACGGTTCAAACAGTC,0,4444132
yagB_insX_yagA_predicted,0.2,4,4,CCATCTCAGTCTCCCAGGCG,0,4453764
yagB_insX_yagA_predicted,0.2,4,4,CCATCCCGGACGCCCGTTTC,0,4444754
yagB_insX_yagA_predicted,0.2,4,4,CCATACATCATTTCTTGAAC,0,4461629
yagB_insX_yagA_predicted,0.2,4,4,CCAGGGCGCCTTGGGTCTCT,0,4469899
yagB_insX_yagA_predicted,0.2,4,4,CCAGGCCGGCCCGTGAGAAT,0,4449874
yagB_insX_yagA_predicted,0.2,4,4,CCACTTATACAGGATCCCCC,0,4454612
yagB_insX_yagA_predicted,0.2,4,4,CCACTAAGGGTCTCAGAGAC,0,4440572
yagB_insX_yagA_predicted,0.2,4,4,CCACGGGGGCGCCCTAGATC,0,4454388
yagB_insX_yagA_predicted,0.2,4,4,CCACGAAATTAGTAAAAGCC,0,4455393
yagB_insX_yagA_predicted,0.2,4,4,CCACCTTAGGCTATGAAAGA,0,4436138
yagB_insX_yagA_predicted,0.2,4,4,CCACCACTTGAGCGTGCAGT,0,4467049
yagB_insX_yagA_predicted,0.2,4,4,CCACATAACCAGCTAGCCGC,0,4458273
yagB_insX_yagA_predicted,0.2,4,4,CCAATCATACACAGGCGCGG,0,4471491
yagB_insX_yagA_predicted,0.2,4,4,CCAATACCCTAGGTGGCACG,0,4465036
yagB_insX_yagA_predicted,0.2,4,4,CCAAGATAGTAACCTCCGAG,0,4465311
yagB_insX_yagA_predicted,0.2,4,4,CATTTAGCGACCACATCCCA,0,4467878
yagB_insX_yagA_predicted,0.2,4,4,CATTCGCCATGTCAGTTCCA,0,4454175
yagB_insX_yagA_predicted,0.2,4,4,CATTCGAATCCATCCGTCTA,0,4466172
yagB_insX_yagA_predicted,0.2,4,4,CATTAGGGGTTCCAAATTCT,0,4469143
yagB_insX_yagA_predicted,0.2,4,4,CATGTCTTAAAGCGTTAGGG,0,4439321
yagB_insX_yagA_predicted,0.2,4,4,CATGGGTGCTATGGGGGAAT,0,4444747
yagB_insX_yagA_predicted,0.2,4,4,CATGGCTAAGGAGTCGTGTG,0,4446284
yagB_insX_yagA_predicted,0.2,4,4,CATGGATATGTGAGGGCTAT,0,4453638
yagB_insX_yagA_predicted,0.2,4,4,CATGCGTCTAGACCAGTTAA,0,4453265
yagB_insX_yagA_predicted,0.2,4,4,CATGCGAGAGGTTGACCTTA,0,4470898
yagB_insX_yagA_predicted,0.2,4,4,CATGACCGACGACACTTTCC,0,4446436
yagB_insX_yagA_predicted,0.2,4,4,CATCTTTGCCATCCCACTTG,0,4438727
yagB_insX_yagA_predicted,0.2,4,4,CATCTTCAAATTATCGGCTT,0,4461061
yagB_insX_yagA_predicted,0.2,4,4,CATCTCCATTCAATGTTCAA,0,4456895
yagB_insX_yagA_predicted,0.2,4,4,CATCGTTGGGAAGTGCACCC,0,4452154
yagB_insX_yagA_predicted,0.2,4,4,CATCGTTAGGGTAGGACCTA,0,4444505
yagB_insX_yagA_predicted,0.2,4,4,CATCGACGCCTCACGTATAA,0,4449326
yagB_insX_yagA_predicted,0.2,4,4,CATCAATCAGCTTGATGTTT,0,4469323
yagB_insX_yagA_predicted,0.2,4,4,CATCAAAGGTCAGACGATGT,0,4464303
yagB_insX_yagA_predicted,0.2,4,4,CATATGTACGTTTAGACGGA,0,4451884
yagB_insX_yagA_predicted,0.2,4,4,CATATCTTTTCTCATTAGCA,0,4440812
yagB_insX_yagA_predicted,0.2,4,4,CATAGACCCGGCCACCCCCA,0,4467224
yagB_insX_yagA_predicted,0.2,4,4,CATACCCGTAGTGGAGTTGA,0,4448477
yagB_insX_yagA_predicted,0.2,4,4,CATACAGACCCAAGTCCTCT,0,4465082
yagB_insX_yagA_predicted,0.2,4,4,CAGTTAGGAAATGTTGTGAT,0,4457427
yagB_insX_yagA_predicted,0.2,4,4,CAGTGTTAGTCAAGGGGAGT,0,4450513
yagB_insX_yagA_predicted,0.2,4,4,CAGTCTAACCGCAGGACGAT,0,4466107
yagB_insX_yagA_predicted,0.2,4,4,CAGTAGTCCTGATATAGTTA,0,4439788
yagB_insX_yagA_predicted,0.2,4,4,CAGTAGGAATCGCTCTGCAA,0,4462720
yagB_insX_yagA_predicted,0.2,4,4,CAGTAGCTTACGAGGTTAAA,0,4456500
yagB_insX_yagA_predicted,0.2,4,4,CAGTAGCTCCGGTCAACTTG,0,4460321
yagB_insX_yagA_predicted,0.2,4,4,CAGTACGGTGATCTCTTTCT,0,4457287
yagB_insX_yagA_predicted,0.2,4,4,CAGGGTCTATCCGCTAGGAC,0,4457934
yagB_insX_yagA_predicted,0.2,4,4,CAGGGTATTCGGTAATGGAT,0,4443180
yagB_insX_yagA_predicted,0.2,4,4,CAGGCTTTCACAAGCCGCCC,0,4463752
yagB_insX_yagA_predicted,0.2,4,4,CAGGATCCCTATATTCAAGA,0,4440736
yagB_insX_yagA_predicted,0.2,4,4,CAGCGCATTTCTGCAAGTTC,0,4449114
yagB_insX_yagA_predicted,0.2,4,4,CAGCACCCTTAATTATGTAA,0,4442555
yagB_insX_yagA_predicted,0.2,4,4,CAGCAAGTTTAGGAAACAGG,0,4470810
yagB_insX_yagA_predicted,0.2,4,4,CAGATCGCATGCGCTCAGGG,0,4458965
yagB_insX_yagA_predicted,0.2,4,4,CAGAGGCATTTGCGCCTCAA,0,4457600
yagB_insX_yagA_predicted,0.2,4,4,CACTTTGGTTTGGCACGCAA,0,4463839
yagB_insX_yagA_predicted,0.2,4,4,CACTTGTGAAATCGGGCTAA,0,4446310
yagB_insX_yagA_predicted,0.2,4,4,CACTCTGCGATGTTACGCTG,0,4460170
yagB_insX_yagA_predicted,0.2,4,4,CACTCCAAGCCACTGCCATA,0,4454972
yagB_insX_yagA_predicted,0.2,4,4,CACTAGGTGGAATTCGCTGC,0,4468627
yagB_insX_yagA_predicted,0.2,4,4,CACGTATATGATTAGCCAGT,0,4464720
yagB_insX_yagA_predicted,0.2,4,4,CACGCATCTCTAATCTCGAT,0,4469850
yagB_insX_yagA_predicted,0.2,4,4,CACCGTCCGACACCGGGTGG,0,4452858
yagB_insX_yagA_predicted,0.2,4,4,CACATGTTGCATCCTAAACA,0,4437427
yagB_insX_yagA_predicted,0.2,4,4,CAATCTGGCTCCGTAGCTCA,0,4455871
yagB_insX_yagA_predicted,0.2,4,4,CAATCTACCTGGTTCTCGGG,0,4444373
yagB_insX_yagA_predicted,0.2,4,4,CAATATTTGGCTTCCCTCGC,0,4464005
yagB_insX_yagA_predicted,0.2,4,4,CAATAGCGGTGCTGGGACGC,0,4439390
yagB_insX_yagA_predicted,0.2,4,4,CAAGTAAACGAACTAATCCT,0,4459326
yagB_insX_yagA_predicted,0.2,4,4,CAACGCGTTGCCCGGACGGC,0,4455707
yagB_insX_yagA_predicted,0.2,4,4,CAAAGAGGGGTCAGGGTTGG,0,4458585
yagB_insX_yagA_predicted,0.2,4,4,CAAACGATGCAATATTGAGA,0,4462700
yagB_insX_yagA_predicted,0.2,4,4,ATTTTGGACCAGAAGGCGAG,0,4444944
yagB_insX_yagA_predicted,0.2,4,4,ATTTTAGCACGCCGGCTCTT,0,4449658
yagB_insX_yagA_predicted,0.2,4,4,ATTTTACGCCACTTCTCGAT,0,4438841
yagB_insX_yagA_predicted,0.2,4,4,ATTTGGTCAGCTTGCTAATG,0,4442883
yagB_insX_yagA_predicted,0.2,4,4,ATTTCTTGCATCACGATTGA,0,4467516
yagB_insX_yagA_predicted,0.2,4,4,ATTTCGTTATGCTTTGGTGC,0,4465872
yagB_insX_yagA_predicted,0.2,4,4,ATTTACGTTGATCGGCGCCA,0,4458198
yagB_insX_yagA_predicted,0.2,4,4,ATTGCCTCAAGCTCCATCGA,0,4467179
yagB_insX_yagA_predicted,0.2,4,4,ATTCTTTACGCATTCTGGCA,0,4461671
yagB_insX_yagA_predicted,0.2,4,4,ATTCTCATAAGTTTAGGGCA,0,4442164
yagB_insX_yagA_predicted,0.2,4,4,ATTCGGGGGGTGAACATTCA,0,4472377
yagB_insX_yagA_predicted,0.2,4,4,ATTCGCAGGTATCGGTCATA,0,4445982
yagB_insX_yagA_predicted,0.2,4,4,ATTCACCCCTCCCCGTGTGA,0,4449905
yagB_insX_yagA_predicted,0.2,4,4,ATTACGTAGCTGTTGTTCGC,0,4471866
yagB_insX_yagA_predicted,0.2,4,4,ATGTTTTCGTTGGCAGCTGT,0,4440105
yagB_insX_yagA_predicted,0.2,4,4,ATGTTGCGAACCGGTTACGT,0,4451895
yagB_insX_yagA_predicted,0.2,4,4,ATGTTCGCGTCGTCGTCAGC,0,4468205
yagB_insX_yagA_predicted,0.2,4,4,ATGTTCCCGTTCTTGACAGA,0,4452492
yagB_insX_yagA_predicted,0.2,4,4,ATGTTAAACGCTCCAGTGTG,0,4468573
yagB_insX_yagA_predicted,0.2,4,4,ATGGTTTAGGTCGCCTGGCG,0,4446489
yagB_insX_yagA_predicted,0.2,4,4,ATGGTACTTGACGAAGCTAC,0,4469618
yagB_insX_yagA_predicted,0.2,4,4,ATGGGGCATACGGGACCGGC,0,4439899
yagB_insX_yagA_predicted,0.2,4,4,ATGGGCGCTGGTTAAACTTG,0,4439931
yagB_insX_yagA_predicted,0.2,4,4,ATGGAGAAAATATGATGCGT,0,4463655
yagB_insX_yagA_predicted,0.2,4,4,ATGCCTTTGCTACTTAAAAT,0,4444161
yagB_insX_yagA_predicted,0.2,4,4,ATCTTGCATTGTAGCGAATA,0,4437559
yagB_insX_yagA_predicted,0.2,4,4,ATCTGTGCACTGAATGCAGA,0,4452929
yagB_insX_yagA_predicted,0.2,4,4,ATCTGTCATTCCCACAATAG,0,4467383
yagB_insX_yagA_predicted,0.2,4,4,ATCTGTAAAGAGTAGTCAGG,0,4455411
yagB_insX_yagA_predicted,0.2,4,4,ATCTCATTCCACGGCGGTCC,0,4436925
yagB_insX_yagA_predicted,0.2,4,4,ATCTAGTTTGAAGATACGAC,0,4441419
yagB_insX_yagA_predicted,0.2,4,4,ATCTAGCATATCGCGTAGCC,0,4456667
yagB_insX_yagA_predicted,0.2,4,4,ATCGGGTGCGCGCAAGGTGT,0,4447905
yagB_insX_yagA_predicted,0.2,4,4,ATCGAGTAGGTCTTTAGTAG,0,4444226
yagB_insX_yagA_predicted,0.2,4,4,ATCGAGGAAGTTTTCCTGGT,0,4453352
yagB_insX_yagA_predicted,0.2,4,4,ATCGAGGAACAATAATGGGG,0,4465107
yagB_insX_yagA_predicted,0.2,4,4,ATCGACCAGAGAGTATCAGC,0,4444857
yagB_insX_yagA_predicted,0.2,4,4,ATCCTCAGAGGTATTGTCAA,0,4466545
yagB_insX_yagA_predicted,0.2,4,4,ATCCGGCCCGCCTTAAGCAA,0,4447368
yagB_insX_yagA_predicted,0.2,4,4,ATCCGGAGAACTGTCGGGCC,0,4442608
yagB_insX_yagA_predicted,0.2,4,4,ATCCCAGTTGTTGACGAAAA,0,4452398
yagB_insX_yagA_predicted,0.2,4,4,ATCCATGTTGAGGTATTAGG,0,4440178
yagB_insX_yagA_predicted,0.2,4,4,ATCAGGGTCCCAATAAGGTT,0,4462961
yagB_insX_yagA_predicted,0.2,4,4,ATCAATGCCACACTATCTGC,0,4460179
yagB_insX_yagA_predicted,0.2,4,4,ATATTGATTCTTGGCCCCTC,0,4445066
yagB_insX_yagA_predicted,0.2,4,4,ATATTACTTAGTTTACGCGA,0,4463302
yagB_insX_yagA_predicted,0.2,4,4,ATATGTATGCTTTGACAGGT,0,4469893
yagB_insX_yagA_predicted,0.2,4,4,ATATGATCCAACTCGATGTG,0,4459238
yagB_insX_yagA_predicted,0.2,4,4,ATAGTACGGAGCGGTTCCCC,0,4447435
yagB_insX_yagA_predicted,0.2,4,4,ATAGCTTGAATTATAACCTC,0,4445090
yagB_insX_yagA_predicted,0.2,4,4,ATAGCGTATGATCCAGGCAT,0,4467023
yagB_insX_yagA_predicted,0.2,4,4,ATACTGTAGCTGGTGGCCGT,0,4442896
yagB_insX_yagA_predicted,0.2,4,4,ATACACGGCGGTCAGGTGAT,0,4447002
yagB_insX_yagA_predicted,0.2,4,4,ATAATTTGTGCTTGATGTAG,0,4445053
yagB_insX_yagA_predicted,0.2,4,4,ATAATTTCCCCGAACGTTGC,0,4441381
yagB_insX_yagA_predicted,0.2,4,4,ATAATAAGAGTTCGCCCCTT,0,4470680
yagB_insX_yagA_predicted,0.2,4,4,ATAAGCAAAATGGTACGTCA,0,4436754
yagB_insX_yagA_predicted,0.2,4,4,AGTTCGGCCGTCCATGTGCG,0,4441843
yagB_insX_yagA_predicted,0.2,4,4,AGTTAAACTCTAGGTCTATC,0,4444001
yagB_insX_yagA_predicted,0.2,4,4,AGTGTAGGTCAATAAGGCTT,0,4450202
yagB_insX_yagA_predicted,0.2,4,4,AGTGGTTGCGGACGATTTCT,0,4450314
yagB_insX_yagA_predicted,0.2,4,4,AGTGCAAGGTTAAGGTAGTC,0,4444986
yagB_insX_yagA_predicted,0.2,4,4,AGTGACGCTAACATCCCCGT,0,4455967
yagB_insX_yagA_predicted,0.2,4,4,AGTGACGAAGCACGGGTCTC,0,4464254
yagB_insX_yagA_predicted,0.2,4,4,AGTCTCAGCGCTCAGCTCGG,0,4437716
yagB_insX_yagA_predicted,0.2,4,4,AGTCGTTCTTGCTGAAACGA,0,4452405
yagB_insX_yagA_predicted,0.2,4,4,AGTCATGTAGTTCTTGTCAG,0,4469186
yagB_insX_yagA_predicted,0.2,4,4,AGTATTCCCAGGCACAATGT,0,4447092
yagB_insX_yagA_predicted,0.2,4,4,AGTATTAGCATATAAGTTAT,0,4454996
yagB_insX_yagA_predicted,0.2,4,4,AGTACGATGTTCTTCACAAC,0,4456039
yagB_insX_yagA_predicted,0.2,4,4,AGGTTATTACCCTGCGGCAT,0,4452264
yagB_insX_yagA_predicted,0.2,4,4,AGGTTATCCTGCCATTGTCA,0,4457213
yagB_insX_yagA_predicted,0.2,4,4,AGGTTAGGTTCATGACGGTT,0,4461512
yagB_insX_yagA_predicted,0.2,4,4,AGGTCGAAGCTACGAGGGCG,0,4472032
yagB_insX_yagA_predicted,0.2,4,4,AGGTCCCCAAGCGGGAGGAA,0,4446579
yagB_insX_yagA_predicted,0.2,4,4,AGGTAGTAAATCACCGCCCC,0,4470917
yagB_insX_yagA_predicted,0.2,4,4,AGGTACCGGAATGAGTTTGA,0,4443271
yagB_insX_yagA_predicted,0.2,4,4,AGGGTGTGCATCAGGCAATT,0,4469515
yagB_insX_yagA_predicted,0.2,4,4,AGGGTCATGTCACTTTGGGT,0,4465663
yagB_insX_yagA_predicted,0.2,4,4,AGGGATCAGCAAGCGGGTGG,0,4443139
yagB_insX_yagA_predicted,0.2,4,4,AGGCCGTAGACGCTCAGCAT,0,4440621
yagB_insX_yagA_predicted,0.2,4,4,AGGCACTGACCCAGGGCTGA,0,4450181
yagB_insX_yagA_predicted,0.2,4,4,AGGAGTCGTTGGCGTCACAC,0,4436232
yagB_insX_yagA_predicted,0.2,4,4,AGGACGATATGATCGGAAGA,0,4454837
yagB_insX_yagA_predicted,0.2,4,4,AGCTGTCAAGCGGATAGGAG,0,4463239
yagB_insX_yagA_predicted,0.2,4,4,AGCTCGTTTGCAGGTGTTTG,0,4452393
yagB_insX_yagA_predicted,0.2,4,4,AGCTCCCCGCTGCGGCTGTT,0,4438103
yagB_insX_yagA_predicted,0.2,4,4,AGCTAAAACATTATTCGGAA,0,4437086
yagB_insX_yagA_predicted,0.2,4,4,AGCGTCCCCCGGCGCCACAC,0,4443666
yagB_insX_yagA_predicted,0.2,4,4,AGCGGTTAGGAATACACGCT,0,4458235
yagB_insX_yagA_predicted,0.2,4,4,AGCGCTCCAAGCATCCCATG,0,4463797
yagB_insX_yagA_predicted,0.2,4,4,AGCGACCTACGGGCTACAGG,0,4453038
yagB_insX_yagA_predicted,0.2,4,4,AGCCGGCAATCACATTATGC,0,4439682
yagB_insX_yagA_predicted,0.2,4,4,AGCCCCCATGATTCTCATGG,0,4460535
yagB_insX_yagA_predicted,0.2,4,4,AGCCACGGGTAAGTTGCCGG,0,4437158
yagB_insX_yagA_predicted,0.2,4,4,AGCATGACGTATGTTATTCC,0,4448283
yagB_insX_yagA_predicted,0.2,4,4,AGCAGATCGGAGACAGGACT,0,4467334
yagB_insX_yagA_predicted,0.2,4,4,AGCACGCGGCGTGGTATTCA,0,4461942
yagB_insX_yagA_predicted,0.2,4,4,AGCAATCGTCTACTGTAGGA,0,4471333
yagB_insX_yagA_predicted,0.2,4,4,AGATTCAAAGTTGCCACGGA,0,4445820
yagB_insX_yagA_predicted,0.2,4,4,AGATCTGGAAGTTGGTATCT,0,4463586
yagB_insX_yagA_predicted,0.2,4,4,AGATCCAAGTTTCAAGGTAG,0,4436233
yagB_insX_yagA_predicted,0.2,4,4,AGATCATTTATGCCCTTCAC,0,4453740
yagB_insX_yagA_predicted,0.2,4,4,AGATCACATAGATTAGGCGC,0,4461858
yagB_insX_yagA_predicted,0.2,4,4,AGATACTTGTCCCTTGGCAG,0,4450063
yagB_insX_yagA_predicted,0.2,4,4,AGAGTTTTTTACAGGCATCG,0,4470043
yagB_insX_yagA_predicted,0.2,4,4,AGAGTTGAAATGCCTCGGAC,0,4444608
yagB_insX_yagA_predicted,0.2,4,4,AGAGTAAGTTTTAGAAGGCT,0,4472225
yagB_insX_yagA_predicted,0.2,4,4,AGAGTAAAGGAGCGGGGTAT,0,4446901
yagB_insX_yagA_predicted,0.2,4,4,AGAGGCTTTGCTTCCAGCCG,0,4440842
yagB_insX_yagA_predicted,0.2,4,4,AGAGCCGAGGTCCTATTTGG,0,4469736
yagB_insX_yagA_predicted,0.2,4,4,AGAGCATATCTCGTTCGCTA,0,4437146
yagB_insX_yagA_predicted,0.2,4,4,AGACTTGGCGCAAGGATTGC,0,4439722
yagB_insX_yagA_predicted,0.2,4,4,AGACTTCCTTTAGCTATGCC,0,4443631
yagB_insX_yagA_predicted,0.2,4,4,AGACTTCCGACCCTCGGGGA,0,4469710
yagB_insX_yagA_predicted,0.2,4,4,AGACTCAGGCCTCCGAGGGT,0,4451750
yagB_insX_yagA_predicted,0.2,4,4,AGACCTAGGAGTATTAGTAG,0,4462938
yagB_insX_yagA_predicted,0.2,4,4,AGACCGTCCAGGACATAGTA,0,4468359
yagB_insX_yagA_predicted,0.2,4,4,AGAATATCGACCTGCACTTA,0,4468902
yagB_insX_yagA_predicted,0.2,4,4,AGAAGTTGGGATCGTCTATC,0,4445473
yagB_insX_yagA_predicted,0.2,4,4,AGAAAAAATCGCCTGAGATT,0,4460880
yagB_insX_yagA_predicted,0.2,4,4,ACTTTTGGACGGTATCTGCT,0,4470334
yagB_insX_yagA_predicted,0.2,4,4,ACTTTTCTGCTAATTCATCA,0,4444598
yagB_insX_yagA_predicted,0.2,4,4,ACTTGCGAGTTCACCTGTCT,0,4469528
yagB_insX_yagA_predicted,0.2,4,4,ACTTGCGACCCACGGCTACA,0,4440585
yagB_insX_yagA_predicted,0.2,4,4,ACTTCACGAGGCCGGGAAAG,0,4443759
yagB_insX_yagA_predicted,0.2,4,4,ACTTAGCAATTGCTCCGCAG,0,4465876
yagB_insX_yagA_predicted,0.2,4,4,ACTGAGACTTATATGGCAAC,0,4451886
yagB_insX_yagA_predicted,0.2,4,4,ACTCTCCCAGGGAACACCAA,0,4463661
yagB_insX_yagA_predicted,0.2,4,4,ACTCTCACAAGTGTAAGCAA,0,4457875
yagB_insX_yagA_predicted,0.2,4,4,ACTCGAATTTAACCCCAATG,0,4444970
yagB_insX_yagA_predicted,0.2,4,4,ACTCGAACGGGTTCTCCAAC,0,4440014
yagB_insX_yagA_predicted,0.2,4,4,ACTCCATAATAGGGCTGCGC,0,4444471
yagB_insX_yagA_predicted,0.2,4,4,ACTCAGTCGAGAGATGCCGT,0,4460217
yagB_insX_yagA_predicted,0.2,4,4,ACTATGCTATCCCCCTTGCC,0,4444127
yagB_insX_yagA_predicted,0.2,4,4,ACTACCCAGGTCTCCACTTT,0,4465113
yagB_insX_yagA_predicted,0.2,4,4,ACTAAGCCCAAAGACGTGCT,0,4459966
yagB_insX_yagA_predicted,0.2,4,4,ACTAACTGATTTGGATATAC,0,4449615
yagB_insX_yagA_predicted,0.2,4,4,ACTAAAAGGGCACAGCCACT,0,4466402
yagB_insX_yagA_predicted,0.2,4,4,ACGTGGGGTTAGGTAGCTTA,0,4452155
yagB_insX_yagA_predicted,0.2,4,4,ACGTGGATCAAATTTTGCAG,0,4466099
yagB_insX_yagA_predicted,0.2,4,4,ACGTGCCAAATTCATTGTAC,0,4460733
yagB_insX_yagA_predicted,0.2,4,4,ACGTATACGCTCTAGTTCGC,0,4437374
yagB_insX_yagA_predicted,0.2,4,4,ACGGCTTGAGCGGCCCTATA,0,4450213
yagB_insX_yagA_predicted,0.2,4,4,ACGGCCTAGTCGGCTGATCT,0,4452142
yagB_insX_yagA_predicted,0.2,4,4,ACGCTTCGACTGCAGCGGCA,0,4467668
yagB_insX_yagA_predicted,0.2,4,4,ACGCCTCTAGGCAACCCTTT,0,4450057
yagB_insX_yagA_predicted,0.2,4,4,ACGCATCAGGTGGATTCCTC,0,4462043
yagB_insX_yagA_predicted,0.2,4,4,ACGCAGTATTGCGTTAGGCG,0,4451000
yagB_insX_yagA_predicted,0.2,4,4,ACGAGGCCACTACGCACAGT,0,4471556
yagB_insX_yagA_predicted,0.2,4,4,ACGAGCCTGGTAAGTAGTAG,0,4466234
yagB_insX_yagA_predicted,0.2,4,4,ACGAGCATCAGACCTAGACA,0,4456273
yagB_insX_yagA_predicted,0.2,4,4,ACGACTGCCCAGCACCCACT,0,4461234
yagB_insX_yagA_predicted,0.2,4,4,ACGAAGGACAAAGCTGTGAA,0,4470672
yagB_insX_yagA_predicted,0.2,4,4,ACGAACTGCCTCCTCCTAGG,0,4462651
yagB_insX_yagA_predicted,0.2,4,4,ACGAACAAAACTTTGTAGCC,0,4471058
yagB_insX_yagA_predicted,0.2,4,4,ACCTCTATGCCAAATTCCAT,0,4448397
yagB_insX_yagA_predicted,0.2,4,4,ACCTAGACTCCTTCAAGAGC,0,4435947
yagB_insX_yagA_predicted,0.2,4,4,ACCGTGCGATTGTCACGCTT,0,4451445
yagB_insX_yagA_predicted,0.2,4,4,ACCGGAGAATCTGCATTTAC,0,4437700
yagB_insX_yagA_predicted,0.2,4,4,ACCGCTGTGATTTAAGAATT,0,4457895
yagB_insX_yagA_predicted,0.2,4,4,ACCGCTAGTCCAGTAAAAGG,0,4454270
yagB_insX_yagA_predicted,0.2,4,4,ACCGAGCGACGCCATGTTTA,0,4442808
yagB_insX_yagA_predicted,0.2,4,4,ACCCTGCAGAGGTTTCTAGT,0,4459942
yagB_insX_yagA_predicted,0.2,4,4,ACCCTCTAGCTAGCAGTCTC,0,4460220
yagB_insX_yagA_predicted,0.2,4,4,ACCCCGGGGAACTCTCGTCC,0,4460732
yagB_insX_yagA_predicted,0.2,4,4,ACCCAGTTCTTAGGTCCTGT,0,4450370
yagB_insX_yagA_predicted,0.2,4,4,ACCACTCGGTATGCACCTTT,0,4462940
yagB_insX_yagA_predicted,0.2,4,4,ACATTCCGCGTGCTCTCTGT,0,4470312
yagB_insX_yagA_predicted,0.2,4,4,ACATAGGGGTCCGGCGCGGC,0,4465356
yagB_insX_yagA_predicted,0.2,4,4,ACAGTATCTAGGTATGGAGA,0,4452984
yagB_insX_yagA_predicted,0.2,4,4,ACAGGGCGAGACGGTTAAAA,0,4446873
yagB_insX_yagA_predicted,0.2,4,4,ACAGCAAGTTTAGGTAGTGG,0,4457719
yagB_insX_yagA_predicted,0.2,4,4,ACAGAGTGGAGGCAGATAGG,0,4458626
yagB_insX_yagA_predicted,0.2,4,4,ACACTTTCCGTACTCCTGTA,0,4462769
yagB_insX_yagA_predicted,0.2,4,4,ACACTTCACCTCAGAAGTTG,0,4448602
yagB_insX_yagA_predicted,0.2,4,4,ACACTGGTTACTCATTGGTA,0,4436837
yagB_insX_yagA_predicted,0.2,4,4,ACACTGCGAACAGGTGTCCC,0,4439545
yagB_insX_yagA_predicted,0.2,4,4,ACACTAGCCAGTCGTCAGAT,0,4471019
yagB_insX_yagA_predicted,0.2,4,4,ACACTAATCTTGATTAATGT,0,4468274
yagB_insX_yagA_predicted,0.2,4,4,ACACGGCCAATCCTCACCGT,0,4458690
yagB_insX_yagA_predicted,0.2,4,4,ACAATCGTATTTATACTACC,0,4444479
yagB_insX_yagA_predicted,0.2,4,4,ACAAGGTACCTGGGCTAAGT,0,4445946
yagB_insX_yagA_predicted,0.2,4,4,ACAAGGAGATAGTATTTCGA,0,4436864
yagB_insX_yagA_predicted,0.2,4,4,ACAACCTGGGCCGGAGGAAT,0,4438985
yagB_insX_yagA_predicted,0.2,4,4,AATTTTTAACGGTAGCTGTT,0,4443144
yagB_insX_yagA_predicted,0.2,4,4,AATTGACGCTTCTAGTGTTG,0,4448371
yagB_insX_yagA_predicted,0.2,4,4,AATTGAATATACATGGAGAT,0,4439641
yagB_insX_yagA_predicted,0.2,4,4,AATTATCCGAACGGGCGCAG,0,4455671
yagB_insX_yagA_predicted,0.2,4,4,AATTAGTCAACTCCGGATGA,0,4472283
yagB_insX_yagA_predicted,0.2,4,4,AATTACTCGGCTAAGGCAGA,0,4457720
yagB_insX_yagA_predicted,0.2,4,4,AATGCTACCCCTTGAGTAGA,0,4447293
yagB_insX_yagA_predicted,0.2,4,4,AATGCAACCCGTCAAAGTCC,0,4445418
yagB_insX_yagA_predicted,0.2,4,4,AATACTCAGGCTCGGTATGA,0,4436010
yagB_insX_yagA_predicted,0.2,4,4,AAGTCAGGAGGATTTTGAAT,0,4445121
yagB_insX_yagA_predicted,0.2,4,4,AAGTCAGCCTCTGACGGATA,0,4456976
yagB_insX_yagA_predicted,0.2,4,4,AAGTAACGTGGTTCTCCCTT,0,4470054
yagB_insX_yagA_predicted,0.2,4,4,AAGCTGCCGTTCAGCGTTAG,0,4448920
yagB_insX_yagA_predicted,0.2,4,4,AAGCTGCCCTGTCGGCAGCG,0,4457654
yagB_insX_yagA_predicted,0.2,4,4,AAGCCGATAAGAGAATCCGA,0,4455488
yagB_insX_yagA_predicted,0.2,4,4,AAGCCACTATAACAACGTAG,0,4436780
yagB_insX_yagA_predicted,0.2,4,4,AAGAGACGTGGACTATATGA,0,4467126
yagB_insX_yagA_predicted,0.2,4,4,AAGACTATAGGTAAAAGACA,0,4444249
yagB_insX_yagA_predicted,0.2,4,4,AACGTACCATACAGCTCAAT,0,4450049
yagB_insX_yagA_predicted,0.2,4,4,AACGGATTTTCTGAGGTGTT,0,4455202
yagB_insX_yagA_predicted,0.2,4,4,AACGGAATTTTGGAAGTCCA,0,4454589
yagB_insX_yagA_predicted,0.2,4,4,AACGCTTTCTGTGTAAGCGT,0,4442705
yagB_insX_yagA_predicted,0.2,4,4,AACCTTCCCAAAATAGGCCG,0,4437106
yagB_insX_yagA_predicted,0.2,4,4,AACCTGGAGGCATATCTACA,0,4452023
yagB_insX_yagA_predicted,0.2,4,4,AACCGCTCGACGCAGAGGCC,0,4468204
yagB_insX_yagA_predicted,0.2,4,4,AACCATCAAAGCGCGTCTGG,0,4467139
yagB_insX_yagA_predicted,0.2,4,4,AACATTCTCTAGTGAGTTGT,0,4443776
yagB_insX_yagA_predicted,0.2,4,4,AACAGCGGGGGTTTCTGGGA,0,4471468
yagB_insX_yagA_predicted,0.2,4,4,AACACGCTAGGGGCTCGGGC,0,4461269
yagB_insX_yagA_predicted,0.2,4,4,AAATTTTTCTCATACAAGCT,0,4449132
yagB_insX_yagA_predicted,0.2,4,4,AAATTTTTAAGTCAGGACTA,0,4457162
yagB_insX_yagA_predicted,0.2,4,4,AAATTGTTTACCGATATAAC,0,4467140
yagB_insX_yagA_predicted,0.2,4,4,AAATTCTTACTGGCATGTGA,0,4448333
yagB_insX_yagA_predicted,0.2,4,4,AAATGAGTATTTCTCTAGAC,0,4470612
yagB_insX_yagA_predicted,0.2,4,4,AAATGAGTAGAATGCAAGAA,0,4448218
yagB_insX_yagA_predicted,0.2,4,4,AAATCTAATTTACGCTTATA,0,4450688
yagB_insX_yagA_predicted,0.2,4,4,AAATCTAAGGACACACAGTA,0,4458625
yagB_insX_yagA_predicted,0.2,4,4,AAATACTGACTATTGCCCGA,0,4453888
yagB_insX_yagA_predicted,0.2,4,4,AAATACGCCCGTCTTTGCTC,0,4456666
yagB_insX_yagA_predicted,0.2,4,4,AAAGGTCTAGCCCCGCTACG,0,4462192
yagB_insX_yagA_predicted,0.2,4,4,AAAGGTAGTAGGAAAGGTTA,0,4446684
yagB_insX_yagA_predicted,0.2,4,4,AAAGGGTGATTAGCGCGAGA,0,4453050
yagB_insX_yagA_predicted,0.2,4,4,AAACTCAGTCGGCTAACGTC,0,4456485
yagB_insX_yagA_predicted,0.2,4,4,AAACGCGTTTATTCTTTGAT,0,4457281
yagB_insX_yagA_predicted,0.2,4,4,AAACCTGAGCTGAGAGTTCA,0,4462543
yagB_insX_yagA_predicted,0.2,4,4,AAACCGGTTCGCTCATGTCA,0,4453832
yagB_insX_yagA_predicted,0.2,4,4,AAACATTGTGTCTGAGGGGA,0,4442275
yagB_insX_yagA_predicted,0.2,4,4,AAAATTATCATATCTAGTGT,0,4460520
yagB_insX_yagA_predicted,0.2,4,4,AAAAGTTCGGTACTGCTAAA,0,4436475
yagB_insX_yagA_predicted,0.2,4,4,AAAAGTGAGGTCCGCAGGTC,0,4455340
yagB_insX_yagA_predicted,0.25,3,3,TTTTTTCTCTTATTCTCTTC,0,4462086
yagB_insX_yagA_predicted,0.25,3,3,TTTTTAGATGAGAAGAGGAC,0,4448329
yagB_insX_yagA_predicted,0.25,3,3,TTTTATTAAGCCCACACTCT,0,4464260
yagB_insX_yagA_predicted,0.25,3,3,TTTTACACTCCTCTATTACG,0,4448563
yagB_insX_yagA_predicted,0.25,3,3,TTTGTCTTCATACTTAACAA,0,4460706
yagB_insX_yagA_predicted,0.25,3,3,TTTGGCAGCAGACTCACCTA,0,4468993
yagB_insX_yagA_predicted,0.25,3,3,TTTGGACAGGCAAGTAGAGT,0,4441107
yagB_insX_yagA_predicted,0.25,3,3,TTTGCTGAGGGTATTCGATA,0,4465703
yagB_insX_yagA_predicted,0.25,3,3,TTTGCGGGCTCTAGGAAGAA,0,4449848
yagB_insX_yagA_predicted,0.25,3,3,TTTGCGACGGGCTTCGTTCC,0,4463340
yagB_insX_yagA_predicted,0.25,3,3,TTTGACGGTTGACCCGAGGA,0,4438065
yagB_insX_yagA_predicted,0.25,3,3,TTTCAAGCTGTTGATGACAT,0,4458379
yagB_insX_yagA_predicted,0.25,3,3,TTTATATGACCAGAAATATC,0,4462986
yagB_insX_yagA_predicted,0.25,3,3,TTTAGGGGGCAGCTTTGTAA,0,4446864
yagB_insX_yagA_predicted,0.25,3,3,TTTACTTTTTTCAGTATCTG,0,4454768
yagB_insX_yagA_predicted,0.25,3,3,TTTACGCGGACGAAGTGACA,0,4467837
yagB_insX_yagA_predicted,0.25,3,3,TTTACAGGGGAGATATCACG,0,4450494
yagB_insX_yagA_predicted,0.25,3,3,TTTAAATTTGCGGCGTATTA,0,4437014
yagB_insX_yagA_predicted,0.25,3,3,TTGTTATACGCCAGGACGGC,0,4442632
yagB_insX_yagA_predicted,0.25,3,3,TTGTTAGGAGGAGCGCAATT,0,4463854
yagB_insX_yagA_predicted,0.25,3,3,TTGTTACAACGAATCCGAGA,0,4454968
yagB_insX_yagA_predicted,0.25,3,3,TTGTGACGGGCCGTTCGCTA,0,4453539
yagB_insX_yagA_predicted,0.25,3,3,TTGTATCGGCCAGCCTCGTA,0,4465680
yagB_insX_yagA_predicted,0.25,3,3,TTGGTCTAGAGTCGAATCAT,0,4444589
yagB_insX_yagA_predicted,0.25,3,3,TTGGTACGCAACATGCCTCA,0,4448142
yagB_insX_yagA_predicted,0.25,3,3,TTGGGTCTGATCCGATGTGG,0,4456370
yagB_insX_yagA_predicted,0.25,3,3,TTGGGTCCGAACCTTACCAG,0,4437497
yagB_insX_yagA_predicted,0.25,3,3,TTGGGCCTTAACTGTTTCCC,0,4459380
yagB_insX_yagA_predicted,0.25,3,3,TTGGGCATTGCCAGGTCCGT,0,4464657
yagB_insX_yagA_predicted,0.25,3,3,TTGCGGGACTATTATCGGCG,0,4463558
yagB_insX_yagA_predicted,0.25,3,3,TTGCGCCGGGTTTAACTGTC,0,4449281
yagB_insX_yagA_predicted,0.25,3,3,TTGACGGACGCAACCGCTGG,0,4462582
yagB_insX_yagA_predicted,0.25,3,3,TTGAAGGTTCAGGTTATACC,0,4440107
yagB_insX_yagA_predicted,0.25,3,3,TTCTGGCATTAAATGCTCAT,0,4462579
yagB_insX_yagA_predicted,0.25,3,3,TTCTCTATACGTGCCCGTGC,0,4436662
yagB_insX_yagA_predicted,0.25,3,3,TTCGTACTGCAGTCGGAGGC,0,4436967
yagB_insX_yagA_predicted,0.25,3,3,TTCGGGTATCGTAGTCAACG,0,4461066
yagB_insX_yagA_predicted,0.25,3,3,TTCGGCCTCCCAGGGTGGAA,0,4446779
yagB_insX_yagA_predicted,0.25,3,3,TTCGGCACCAAGGTTCTTAT,0,4454341
yagB_insX_yagA_predicted,0.25,3,3,TTCGGAGTCCGCAATTGTGG,0,4457096
yagB_insX_yagA_predicted,0.25,3,3,TTCGCGAATGGGACTCCCAT,0,4467156
yagB_insX_yagA_predicted,0.25,3,3,TTCGATCATACTATATAAGG,0,4471518
yagB_insX_yagA_predicted,0.25,3,3,TTCGATATACTATAAGGCAA,0,4469817
yagB_insX_yagA_predicted,0.25,3,3,TTCGACTTGAGGGTCTAGCG,0,4457742
yagB_insX_yagA_predicted,0.25,3,3,TTCGACCATGTAACCCGCAG,0,4466747
yagB_insX_yagA_predicted,0.25,3,3,TTCGAAGTGTGGGTCCCATG,0,4451142
yagB_insX_yagA_predicted,0.25,3,3,TTCCTGAAGGAGCAGACGAT,0,4439770
yagB_insX_yagA_predicted,0.25,3,3,TTCCTCCGGACGATCAGGGT,0,4443706
yagB_insX_yagA_predicted,0.25,3,3,TTCCTAAGATCGCAGCTCAG,0,4443035
yagB_insX_yagA_predicted,0.25,3,3,TTCCCGGGTCCTCATGAGAC,0,4454991
yagB_insX_yagA_predicted,0.25,3,3,TTCATATTAAAATAGTCGCA,0,4456221
yagB_insX_yagA_predicted,0.25,3,3,TTCAGCATAGTCAGACTACG,0,4447163
yagB_insX_yagA_predicted,0.25,3,3,TTCAATGGGCCACGACCTAC,0,4444208
yagB_insX_yagA_predicted,0.25,3,3,TTATTCGGTCCTTCGAATCT,0,4438003
yagB_insX_yagA_predicted,0.25,3,3,TTATGTCGTTTATAATAAGA,0,4442733
yagB_insX_yagA_predicted,0.25,3,3,TTAGATACTCGGAGATGACA,0,4455535
yagB_insX_yagA_predicted,0.25,3,3,TTACCTGTGTGGAAAGCGGG,0,4460042
yagB_insX_yagA_predicted,0.25,3,3,TTACCAAGTGGATCAATGGG,0,4452515
yagB_insX_yagA_predicted,0.25,3,3,TTACAAAAGTCTTGCGAATC,0,4465884
yagB_insX_yagA_predicted,0.25,3,3,TTAATGTTGCTTGAAGGGGA,0,4455097
yagB_insX_yagA_predicted,0.25,3,3,TGTTTCTACTACCATTCGCC,0,4440579
yagB_insX_yagA_predicted,0.25,3,3,TGTTGTACTCATTTGTGAGC,0,4465890
yagB_insX_yagA_predicted,0.25,3,3,TGTTGGACTCTTACTGGCTG,0,4462503
yagB_insX_yagA_predicted,0.25,3,3,TGTTGCAACTTATCCTAACC,0,4439634
yagB_insX_yagA_predicted,0.25,3,3,TGTTATTAACAAAGTCCATT,0,4463684
yagB_insX_yagA_predicted,0.25,3,3,TGTGTGCAGCTAAATGTGTC,0,4469096
yagB_insX_yagA_predicted,0.25,3,3,TGTGTCACACATGTAACGAA,0,4442084
yagB_insX_yagA_predicted,0.25,3,3,TGTGGAATTCACGCTGACAG,0,4442926
yagB_insX_yagA_predicted,0.25,3,3,TGTGAGCTTTAGACGAGAGG,0,4465470
yagB_insX_yagA_predicted,0.25,3,3,TGTGAATACTCTCTCCACGA,0,4462773
yagB_insX_yagA_predicted,0.25,3,3,TGTCTGTAGGTCAATCCTAA,0,4455769
yagB_insX_yagA_predicted,0.25,3,3,TGTCTAGTGAGAACACTCGT,0,4438965
yagB_insX_yagA_predicted,0.25,3,3,TGTCCCTTGATTCCTGGAGC,0,4451653
yagB_insX_yagA_predicted,0.25,3,3,TGTCACCCGTCCTTCGTCTC,0,4449728
yagB_insX_yagA_predicted,0.25,3,3,TGTATGGTTTCGCCTTAAAT,0,4446127
yagB_insX_yagA_predicted,0.25,3,3,TGTAGGACTCATTTTATAAG,0,4451712
yagB_insX_yagA_predicted,0.25,3,3,TGTACATGGTAAGGGTTAAA,0,4441522
yagB_insX_yagA_predicted,0.25,3,3,TGTAATATCGTGAGATTTGA,0,4469815
yagB_insX_yagA_predicted,0.25,3,3,TGTAAGATGTCCCCAGCGTA,0,4469677
yagB_insX_yagA_predicted,0.25,3,3,TGGTTACAACAAGGAGTCTA,0,4454109
yagB_insX_yagA_predicted,0.25,3,3,TGGGTTCCCTGTCCCAAGAT,0,4446568
yagB_insX_yagA_predicted,0.25,3,3,TGGGGGCGCTAATTGTACGG,0,4446430
yagB_insX_yagA_predicted,0.25,3,3,TGGGGGACTGTCGGTTTTAG,0,4458445
yagB_insX_yagA_predicted,0.25,3,3,TGGGGCTGACACGAGCTCGG,0,4438535
yagB_insX_yagA_predicted,0.25,3,3,TGGGCTTGTCGTGCACGGGG,0,4455970
yagB_insX_yagA_predicted,0.25,3,3,TGGGCGCCTCGAGACTTTCC,0,4464638
yagB_insX_yagA_predicted,0.25,3,3,TGGGCAGGACAACAAGCGCA,0,4439856
yagB_insX_yagA_predicted,0.25,3,3,TGGCTTAAAGCCCGCACCTG,0,4461220
yagB_insX_yagA_predicted,0.25,3,3,TGGCGTCCGCTCTATTTAGG,0,4437964
yagB_insX_yagA_predicted,0.25,3,3,TGGCGCTACTACTAGTCATT,0,4461103
yagB_insX_yagA_predicted,0.25,3,3,TGGAGGCGGAGGTTATCAAG,0,4461527
yagB_insX_yagA_predicted,0.25,3,3,TGGAGCCCGAAGTATACGGA,0,4445477
yagB_insX_yagA_predicted,0.25,3,3,TGGAGAAGTCCCTGATTCGC,0,4436748
yagB_insX_yagA_predicted,0.25,3,3,TGGACACGGTTTCTCCAGAA,0,4451612
yagB_insX_yagA_predicted,0.25,3,3,TGCTTTACCAAAGTGTTCAG,0,4470969
yagB_insX_yagA_predicted,0.25,3,3,TGCTTAGTCTTAGCGATATA,0,4450602
yagB_insX_yagA_predicted,0.25,3,3,TGCTGGCGACCCAGCCGGAC,0,4446434
yagB_insX_yagA_predicted,0.25,3,3,TGCTAAACGAGAAGACTACG,0,4468837
yagB_insX_yagA_predicted,0.25,3,3,TGCGGTGGTCACAATAGGAC,0,4447367
yagB_insX_yagA_predicted,0.25,3,3,TGCGGCTCTATATGTACCAT,0,4464102
yagB_insX_yagA_predicted,0.25,3,3,TGCGCGCGTGGTCCTCGAAG,0,4459424
yagB_insX_yagA_predicted,0.25,3,3,TGCCTTCCGTTAAAAAAGGA,0,4472053
yagB_insX_yagA_predicted,0.25,3,3,TGCCGAATTTTAGCGGCTTT,0,4471014
yagB_insX_yagA_predicted,0.25,3,3,TGCCAATGGCAGCTACCGCA,0,4465784
yagB_insX_yagA_predicted,0.25,3,3,TGCATCGGGCGGACGCGCGG,0,4465633
yagB_insX_yagA_predicted,0.25,3,3,TGCATCATGGTCACCCAGCA,0,4440747
yagB_insX_yagA_predicted,0.25,3,3,TGCAGTCAAGGTTATCCGCC,0,4461993
yagB_insX_yagA_predicted,0.25,3,3,TGCAGGAATAGAGGTTAACC,0,4460269
yagB_insX_yagA_predicted,0.25,3,3,TGCAGCCAGCTGCACTTTGG,0,4452926
yagB_insX_yagA_predicted,0.25,3,3,TGCACACTGATGGGTAGGCC,0,4455347
yagB_insX_yagA_predicted,0.25,3,3,TGCAAACCTTATAACAACTG,0,4471650
yagB_insX_yagA_predicted,0.25,3,3,TGATTTGTGAAATCTATTCG,0,4447125
yagB_insX_yagA_predicted,0.25,3,3,TGATTGGTTGCGTCGCTAAA,0,4461305
yagB_insX_yagA_predicted,0.25,3,3,TGATTAGATCCTTTGGCGCT,0,4444130
yagB_insX_yagA_predicted,0.25,3,3,TGATACCAGGAGGTTACGTT,0,4445684
yagB_insX_yagA_predicted,0.25,3,3,TGATAATCGTACGCCAGTGG,0,4437525
yagB_insX_yagA_predicted,0.25,3,3,TGAGTGAGAACGCTGTCCCC,0,4446084
yagB_insX_yagA_predicted,0.25,3,3,TGAGGTGGTAAAAGGACATA,0,4446088
yagB_insX_yagA_predicted,0.25,3,3,TGAGGCTCAAGTCGGTTGGC,0,4465322
yagB_insX_yagA_predicted,0.25,3,3,TGAGAGGCACTTTGCAGGAA,0,4467389
yagB_insX_yagA_predicted,0.25,3,3,TGACTGGAGGGTTTAAAGTG,0,4458904
yagB_insX_yagA_predicted,0.25,3,3,TGACGACCCACACTGCTCCC,0,4458376
yagB_insX_yagA_predicted,0.25,3,3,TGACGAATCAGTAAGTCAGG,0,4454847
yagB_insX_yagA_predicted,0.25,3,3,TGACACATAGTGGGAACCGA,0,4460453
yagB_insX_yagA_predicted,0.25,3,3,TGACAAACCGGCCCCCTCTT,0,4449452
yagB_insX_yagA_predicted,0.25,3,3,TCTTAGGTTTTAGGAGAGAT,0,4470883
yagB_insX_yagA_predicted,0.25,3,3,TCTGTTTGTAGATGACGGCC,0,4448606
yagB_insX_yagA_predicted,0.25,3,3,TCTGGCACCGCGTACGGAGC,0,4440633
yagB_insX_yagA_predicted,0.25,3,3,TCTGCGCAGTAGGTAACGAA,0,4472212
yagB_insX_yagA_predicted,0.25,3,3,TCTGATATTTCTGGAGGGTT,0,4456322
yagB_insX_yagA_predicted,0.25,3,3,TCTGACTGGGAGCATAGTCT,0,4448610
yagB_insX_yagA_predicted,0.25,3,3,TCTCCGGGGTTAGCCCAGGT,0,4466702
yagB_insX_yagA_predicted,0.25,3,3,TCTCCGAGAGTAGCATAAAT,0,4457311
yagB_insX_yagA_predicted,0.25,3,3,TCTCAGGTAGCATAGTAGTC,0,4436283
yagB_insX_yagA_predicted,0.25,3,3,TCTCACCTTAATAATGGAGG,0,4450426
yagB_insX_yagA_predicted,0.25,3,3,TCTCACATTTGATGCCAGCT,0,4465323
yagB_insX_yagA_predicted,0.25,3,3,TCTATAGTTAAACCTCGGTA,0,4459008
yagB_insX_yagA_predicted,0.25,3,3,TCTAGGCTCCGTTCCGACAT,0,4445260
yagB_insX_yagA_predicted,0.25,3,3,TCTACAGCCTAATAAATCAT,0,4451663
yagB_insX_yagA_predicted,0.25,3,3,TCGTTTCACCTCGAGGATCT,0,4470808
yagB_insX_yagA_predicted,0.25,3,3,TCGTTCAAATAATCGCTGTA,0,4467299
yagB_insX_yagA_predicted,0.25,3,3,TCGTGCCGGCCAGCAAACGC,0,4460092
yagB_insX_yagA_predicted,0.25,3,3,TCGTGAATGCTAAGCCGAAC,0,4446660
yagB_insX_yagA_predicted,0.25,3,3,TCGTGAAAACTGATACTACA,0,4457540
yagB_insX_yagA_predicted,0.25,3,3,TCGTCCGTACCCACGGTAAT,0,4449681
yagB_insX_yagA_predicted,0.25,3,3,TCGTCAGGGTCCGGATCGCT,0,4452626
yagB_insX_yagA_predicted,0.25,3,3,TCGTATGTTCAGTTGGTGGT,0,4449023
yagB_insX_yagA_predicted,0.25,3,3,TCGTAGGTTCATAGTAGGCT,0,4438106
yagB_insX_yagA_predicted,0.25,3,3,TCGTAGAACGATTTAGGGCG,0,4444198
yagB_insX_yagA_predicted,0.25,3,3,TCGTACGTCTTAGGAACATA,0,4447683
yagB_insX_yagA_predicted,0.25,3,3,TCGGGACGTGGCAGCAGCTC,0,4462286
yagB_insX_yagA_predicted,0.25,3,3,TCGGGACGATCCGTTTTACG,0,4455668
yagB_insX_yagA_predicted,0.25,3,3,TCGGGAATTCGGCCGAGAGG,0,4440983
yagB_insX_yagA_predicted,0.25,3,3,TCGCTATCTGGAATCACATA,0,4445493
yagB_insX_yagA_predicted,0.25,3,3,TCGCTAAGAGAGCGTTACGT,0,4457681
yagB_insX_yagA_predicted,0.25,3,3,TCGCGGCCCAGTGCCTATTC,0,4438155
yagB_insX_yagA_predicted,0.25,3,3,TCGCAGGCGAATGAGTTGAA,0,4459277
yagB_insX_yagA_predicted,0.25,3,3,TCGACGAGCCTTGGCCCCTC,0,4452634
yagB_insX_yagA_predicted,0.25,3,3,TCGACCCGGGTCTTTCCTGG,0,4449125
yagB_insX_yagA_predicted,0.25,3,3,TCCTTTATGCCCGGCGTACA,0,4451705
yagB_insX_yagA_predicted,0.25,3,3,TCCTAGTTCCATACCGACAA,0,4445047
yagB_insX_yagA_predicted,0.25,3,3,TCCTAAAAGGTCCGGGACCC,0,4444178
yagB_insX_yagA_predicted,0.25,3,3,TCCGTCGCCGTTAGATAAAT,0,4445240
yagB_insX_yagA_predicted,0.25,3,3,TCCGCGAGCTTGATCTCATA,0,4471661
yagB_insX_yagA_predicted,0.25,3,3,TCCGCGACATTAACCTACGT,0,4449738
yagB_insX_yagA_predicted,0.25,3,3,TCCCGAGACGTTGTTAATGA,0,4443716
yagB_insX_yagA_predicted,0.25,3,3,TCCCCACCACGGTCGTTATG,0,4451145
yagB_insX_yagA_predicted,0.25,3,3,TCCCCAATGCCTTTACTGAC,0,4449866
yagB_insX_yagA_predicted,0.25,3,3,TCCAGGTAGCCCGATCAGGG,0,4463861
yagB_insX_yagA_predicted,0.25,3,3,TCCAGGGCGGCACTTGGAAA,0,4446165
yagB_insX_yagA_predicted,0.25,3,3,TCCAGGAACTGTTGAGTGAT,0,4443344
yagB_insX_yagA_predicted,0.25,3,3,TCCAGCACTAATCTTGCGGA,0,4451792
yagB_insX_yagA_predicted,0.25,3,3,TCCACGTAATCAGGTCGAGA,0,4445448
yagB_insX_yagA_predicted,0.25,3,3,TCCACGGGAGTTTCTAAGCT,0,4451044
yagB_insX_yagA_predicted,0.25,3,3,TCCACGCCTTTGATCATGTG,0,4446309
yagB_insX_yagA_predicted,0.25,3,3,TCATTATACACATTCCAGGG,0,4438086
yagB_insX_yagA_predicted,0.25,3,3,TCATGGACGTCAGTCGAATA,0,4444591
yagB_insX_yagA_predicted,0.25,3,3,TCATGCCAAATTTACTCATG,0,4461302
yagB_insX_yagA_predicted,0.25,3,3,TCATGAGTCTGAAACGCAGG,0,4459145
yagB_insX_yagA_predicted,0.25,3,3,TCATCTTACACACAACTATA,0,4438982
yagB_insX_yagA_predicted,0.25,3,3,TCATCTACGGCAATAGCGCC,0,4456116
yagB_insX_yagA_predicted,0.25,3,3,TCAGTCGTGTGCAGCCTTTG,0,4454971
yagB_insX_yagA_predicted,0.25,3,3,TCAGCTCGTGCACAGTGAAT,0,4457036
yagB_insX_yagA_predicted,0.25,3,3,TCAGAATTTTCGTCTATCGA,0,4442679
yagB_insX_yagA_predicted,0.25,3,3,TCACTGTATAGGAACACAGT,0,4467444
yagB_insX_yagA_predicted,0.25,3,3,TCACGGGTACCGGACGTAAT,0,4465960
yagB_insX_yagA_predicted,0.25,3,3,TCACACGTGTCATTAGACTC,0,4454097
yagB_insX_yagA_predicted,0.25,3,3,TCAATTAGTTATTCGGTGTT,0,4456510
yagB_insX_yagA_predicted,0.25,3,3,TCAATGGTGCAGGGTCCGTT,0,4466300
yagB_insX_yagA_predicted,0.25,3,3,TCAATCTTGGCAAGAGAGTT,0,4445542
yagB_insX_yagA_predicted,0.25,3,3,TCAAGTTGACAACGTATATG,0,4449390
yagB_insX_yagA_predicted,0.25,3,3,TATTTTATTAACCATAAGCT,0,4450342
yagB_insX_yagA_predicted,0.25,3,3,TATTGTTCGCCGGCCAAGGT,0,4436622
yagB_insX_yagA_predicted,0.25,3,3,TATTGAGAGATTAAGTGTGC,0,4436143
yagB_insX_yagA_predicted,0.25,3,3,TATTCTCGTGCGCATATTAG,0,4444693
yagB_insX_yagA_predicted,0.25,3,3,TATTATCCAGTAGATTAGAC,0,4469066
yagB_insX_yagA_predicted,0.25,3,3,TATTACAAAAGTCGCCCGAG,0,4446291
yagB_insX_yagA_predicted,0.25,3,3,TATGTGCGTTCACCTCACGA,0,4442067
yagB_insX_yagA_predicted,0.25,3,3,TATGTATTGTGAGACGCTAC,0,4443364
yagB_insX_yagA_predicted,0.25,3,3,TATGTACTGACCGGCGAATA,0,4466289
yagB_insX_yagA_predicted,0.25,3,3,TATCTTCGTTTCCATCTTTA,0,4444778
yagB_insX_yagA_predicted,0.25,3,3,TATCTCGACGCCGGACTCCC,0,4443892
yagB_insX_yagA_predicted,0.25,3,3,TATCCATCGTACTACGTCAT,0,4447254
yagB_insX_yagA_predicted,0.25,3,3,TATCATTGACGGGCTAGCGT,0,4449437
yagB_insX_yagA_predicted,0.25,3,3,TATCAGCCCAGTAGAGATCA,0,4468179
yagB_insX_yagA_predicted,0.25,3,3,TATCACCCGCAGAGAGATTG,0,4444282
yagB_insX_yagA_predicted,0.25,3,3,TATATACAGCATGGCCCCCG,0,4462847
yagB_insX_yagA_predicted,0.25,3,3,TATAGTCGATTATGTATTGG,0,4467896
yagB_insX_yagA_predicted,0.25,3,3,TATAAGTTTACAAGGCAAGC,0,4465417
yagB_insX_yagA_predicted,0.25,3,3,TATAACACTGTCAAGGACCT,0,4445845
yagB_insX_yagA_predicted,0.25,3,3,TATAAATTGGAAGATCTCAT,0,4447632
yagB_insX_yagA_predicted,0.25,3,3,TAGGTATCAACATCTCTTAG,0,4436201
yagB_insX_yagA_predicted,0.25,3,3,TAGGTAGTTCAATACTCGGC,0,4455606
yagB_insX_yagA_predicted,0.25,3,3,TAGGGACTAAGAGTCAGTCA,0,4466449
yagB_insX_yagA_predicted,0.25,3,3,TAGGCTAGGTCGTCCTCATT,0,4470656
yagB_insX_yagA_predicted,0.25,3,3,TAGGCTACATATAACAAGCA,0,4450273
yagB_insX_yagA_predicted,0.25,3,3,TAGGCATCCTTCATTTTAAC,0,4451076
yagB_insX_yagA_predicted,0.25,3,3,TAGGAAGACAGCAAATAGGC,0,4440748
yagB_insX_yagA_predicted,0.25,3,3,TAGCTTTTGGATGGTTGCTG,0,4441013
yagB_insX_yagA_predicted,0.25,3,3,TAGCTATCTTCGCAGCAACG,0,4465122
yagB_insX_yagA_predicted,0.25,3,3,TAGCGGGTTGAGCTGCCAAG,0,4440578
yagB_insX_yagA_predicted,0.25,3,3,TAGCCGTGCTCAAGGTGCGA,0,4449630
yagB_insX_yagA_predicted,0.25,3,3,TAGCCGGTAGCGGCCATATT,0,4472281
yagB_insX_yagA_predicted,0.25,3,3,TAGCAGAGCCCAGTAGAACC,0,4450665
yagB_insX_yagA_predicted,0.25,3,3,TAGCAGACGTATCGCGAGCT,0,4445087
yagB_insX_yagA_predicted,0.25,3,3,TAGAGACTGTTCCCTTTCAG,0,4467970
yagB_insX_yagA_predicted,0.25,3,3,TAGAAGACTGGCCGAGCCAC,0,4456857
yagB_insX_yagA_predicted,0.25,3,3,TACTTTAAGGTCCTATTTCC,0,4449897
yagB_insX_yagA_predicted,0.25,3,3,TACTTCGACCTCAGAGCGTT,0,4460886
yagB_insX_yagA_predicted,0.25,3,3,TACTCTTGCAGTTTTTAATC,0,4456822
yagB_insX_yagA_predicted,0.25,3,3,TACTCATGTCTATTAGCCGA,0,4455690
yagB_insX_yagA_predicted,0.25,3,3,TACGCTTGCTCATTGTACGT,0,4471384
yagB_insX_yagA_predicted,0.25,3,3,TACGCGATCATTCTAAGAGT,0,4457006
yagB_insX_yagA_predicted,0.25,3,3,TACGCATAGGGGAAATTCCC,0,4465277
yagB_insX_yagA_predicted,0.25,3,3,TACCTGGTTTAATTTTCTCC,0,4445334
yagB_insX_yagA_predicted,0.25,3,3,TACCTCTCACAGTGGGCGAA,0,4452452
yagB_insX_yagA_predicted,0.25,3,3,TACCTCAATGGATGCGTCAT,0,4468897
yagB_insX_yagA_predicted,0.25,3,3,TACCTAACATATTACGTAGG,0,4458275
yagB_insX_yagA_predicted,0.25,3,3,TACCGGTTTCACATTGTGTG,0,4465453
yagB_insX_yagA_predicted,0.25,3,3,TACCGACGGGGGGTCAATAT,0,4468485
yagB_insX_yagA_predicted,0.25,3,3,TACCCGCGCTTGCGTAGAAC,0,4441225
yagB_insX_yagA_predicted,0.25,3,3,TACCATCAACTGATTTACTT,0,4446863
yagB_insX_yagA_predicted,0.25,3,3,TACAGTCCTCGAAAGCAATT,0,4439020
yagB_insX_yagA_predicted,0.25,3,3,TACAGGCGGGCGCACTTATA,0,4467272
yagB_insX_yagA_predicted,0.25,3,3,TACAGGAGATGCCCGTGGGG,0,4438545
yagB_insX_yagA_predicted,0.25,3,3,TACACGAGCCGCGGCTTATG,0,4451779
yagB_insX_yagA_predicted,0.25,3,3,TACAAGAAACATGGTATCTC,0,4465464
yagB_insX_yagA_predicted,0.25,3,3,TAATAGAGAGTCTATTTGTT,0,4447128
yagB_insX_yagA_predicted,0.25,3,3,TAATACTCCTTGTCACTCGG,0,4445786
yagB_insX_yagA_predicted,0.25,3,3,TAATACTACTCAATGTAATT,0,4438618
yagB_insX_yagA_predicted,0.25,3,3,TAAGTTATAGGGCTGATCCG,0,4442294
yagB_insX_yagA_predicted,0.25,3,3,TAAGGATGGTAGCGAGCGCA,0,4450246
yagB_insX_yagA_predicted,0.25,3,3,TAAGCTTCATAGATGTTAAA,0,4463924
yagB_insX_yagA_predicted,0.25,3,3,TAAGCGATTTCGGGTTCAAC,0,4443944
yagB_insX_yagA_predicted,0.25,3,3,TAAGATCCGCTAATTTATTG,0,4452685
yagB_insX_yagA_predicted,0.25,3,3,TAAGAATGCCCTCGGAGAGG,0,4462173
yagB_insX_yagA_predicted,0.25,3,3,TAACGCGCGATTCCGGAACT,0,4464862
yagB_insX_yagA_predicted,0.25,3,3,TAACCCTCATCGGATTTGAT,0,4442497
yagB_insX_yagA_predicted,0.25,3,3,TAACCAGCCACTGTTTGCCT,0,4471323
yagB_insX_yagA_predicted,0.25,3,3,TAACAGTGATCTCATACCAC,0,4469446
yagB_insX_yagA_predicted,0.25,3,3,TAAATTATGTACCGCTTTTG,0,4452623
yagB_insX_yagA_predicted,0.25,3,3,TAAAGTATTAACGCAACCGG,0,4464063
yagB_insX_yagA_predicted,0.25,3,3,TAAAGGCGGTCGCATTCGTG,0,4437462
yagB_insX_yagA_predicted,0.25,3,3,TAAAGAATATGGATGCGGTA,0,4467889
yagB_insX_yagA_predicted,0.25,3,3,TAAAATTTCCTACGGGATCG,0,4452067
yagB_insX_yagA_predicted,0.25,3,3,TAAAAAAAAAAACACGCGTG,0,4468259
yagB_insX_yagA_predicted,0.25,3,3,GTTTTTGTATTGCAATTTTC,0,4465319
yagB_insX_yagA_predicted,0.25,3,3,GTTTTGTGCAGCATATACAG,0,4443658
yagB_insX_yagA_predicted,0.25,3,3,GTTTGATCATTAGGCCTAGT,0,4469696
yagB_insX_yagA_predicted,0.25,3,3,GTTTCCTTTGTCCATTTCTC,0,4451920
yagB_insX_yagA_predicted,0.25,3,3,GTTTCCAGAAGCAGACGATG,0,4443563
yagB_insX_yagA_predicted,0.25,3,3,GTTGTTTACGCCATAAATGT,0,4454139
yagB_insX_yagA_predicted,0.25,3,3,GTTGGGCCGTACTTTCTTGG,0,4467933
yagB_insX_yagA_predicted,0.25,3,3,GTTGGATGCCGTACAATTGG,0,4449783
yagB_insX_yagA_predicted,0.25,3,3,GTTGCCACGTCCAGATAAAT,0,4458865
yagB_insX_yagA_predicted,0.25,3,3,GTTGATGGTCAAACAGGCTT,0,4447032
yagB_insX_yagA_predicted,0.25,3,3,GTTGATGGGCTGACTTGGTG,0,4448246
yagB_insX_yagA_predicted,0.25,3,3,GTTCTGAGACCGCTCGAGTG,0,4470962
yagB_insX_yagA_predicted,0.25,3,3,GTTAGGGCACGCGCCCGAGG,0,4452314
yagB_insX_yagA_predicted,0.25,3,3,GTTAGGCGCCTGGCCGGGTT,0,4442893
yagB_insX_yagA_predicted,0.25,3,3,GTTACCGAGCTCGACACTGC,0,4438334
yagB_insX_yagA_predicted,0.25,3,3,GTGTTGAACTACACTAATGC,0,4443050
yagB_insX_yagA_predicted,0.25,3,3,GTGTGCAGCATATGTTTCTT,0,4458101
yagB_insX_yagA_predicted,0.25,3,3,GTGTATAGTATAAAACAGAG,0,4453228
yagB_insX_yagA_predicted,0.25,3,3,GTGTAGCTGTCCTCCACCAC,0,4437614
yagB_insX_yagA_predicted,0.25,3,3,GTGGTTTTGGCCCACTGATA,0,4451769
yagB_insX_yagA_predicted,0.25,3,3,GTGGTTCCAAGTGAATGCAC,0,4469529
yagB_insX_yagA_predicted,0.25,3,3,GTGGGCTTTGACTTCACACG,0,4443683
yagB_insX_yagA_predicted,0.25,3,3,GTGGGAACTCCGGCTGGCGA,0,4458707
yagB_insX_yagA_predicted,0.25,3,3,GTGGCGATTGGCCTAAAATT,0,4455447
yagB_insX_yagA_predicted,0.25,3,3,GTGGATCTTAAATCCCCTCC,0,4467137
yagB_insX_yagA_predicted,0.25,3,3,GTGGAACCAGGGGGCAATGG,0,4446939
yagB_insX_yagA_predicted,0.25,3,3,GTGCGATCCGCCAATTTGGT,0,4446210
yagB_insX_yagA_predicted,0.25,3,3,GTGCGAGGATTACCCCGCGT,0,4437523
yagB_insX_yagA_predicted,0.25,3,3,GTGCCTAAGTCGGATTTAGA,0,4458977
yagB_insX_yagA_predicted,0.25,3,3,GTGCCACAGCCTCGGGTTGA,0,4470202
yagB_insX_yagA_predicted,0.25,3,3,GTGCAGTAATTGTGTGAGCC,0,4448062
yagB_insX_yagA_predicted,0.25,3,3,GTGATAGATATTCAATCCCT,0,4465117
yagB_insX_yagA_predicted,0.25,3,3,GTGAGTATTCGAAGAGCGAA,0,4443337
yagB_insX_yagA_predicted,0.25,3,3,GTGAGCCCATTATCTGTGAT,0,4445944
yagB_insX_yagA_predicted,0.25,3,3,GTGACTCAGGAACAACGTGC,0,4468004
yagB_insX_yagA_predicted,0.25,3,3,GTGAAAGTCGTTAAACGCAT,0,4443618
yagB_insX_yagA_predicted,0.25,3,3,GTCTTTTTAGGGATTGAAAG,0,4461468
yagB_insX_yagA_predicted,0.25,3,3,GTCTTGAACACTGTTCTACC,0,4460707
yagB_insX_yagA_predicted,0.25,3,3,GTCTTCATCAGTTGTGTCTC,0,4447998
yagB_insX_yagA_predicted,0.25,3,3,GTCTGTTGGCCAACTGGACC,0,4456824
yagB_insX_yagA_predicted,0.25,3,3,GTCTGTCGCGCGAGTTTATC,0,4465824
yagB_insX_yagA_predicted,0.25,3,3,GTCTGGGATGGGGTACCTAT,0,4451685
yagB_insX_yagA_predicted,0.25,3,3,GTCTCGCCTCTGAACCGCAT,0,4469797
yagB_insX_yagA_predicted,0.25,3,3,GTCGTTGATCGACAAAGTAT,0,4465642
yagB_insX_yagA_predicted,0.25,3,3,GTCGCGTATGCATAAATTTG,0,4448155
yagB_insX_yagA_predicted,0.25,3,3,GTCGCACCACCCCTTCGGGT,0,4470984
yagB_insX_yagA_predicted,0.25,3,3,GTCCTTCTACGTTATCCCGG,0,4447369
yagB_insX_yagA_predicted,0.25,3,3,GTCCTGGGGGGGCCGACTTC,0,4446500
yagB_insX_yagA_predicted,0.25,3,3,GTCCTGGGGCGACCAAGAGT,0,4441790
yagB_insX_yagA_predicted,0.25,3,3,GTCCTCCCCGTACGCAAACA,0,4455072
yagB_insX_yagA_predicted,0.25,3,3,GTCCGTCAAGGTGGGGGTCA,0,4449323
yagB_insX_yagA_predicted,0.25,3,3,GTCCGGATATATCTGCACGG,0,4466264
yagB_insX_yagA_predicted,0.25,3,3,GTCCACCTATTTCGGGACCA,0,4458698
yagB_insX_yagA_predicted,0.25,3,3,GTCCAAAAGTGCCCTCGGGG,0,4457068
yagB_insX_yagA_predicted,0.25,3,3,GTCATTCTATTTTTTTCCCG,0,4462123
yagB_insX_yagA_predicted,0.25,3,3,GTCATCCGAGGGTGTGTATT,0,4436979
yagB_insX_yagA_predicted,0.25,3,3,GTCACTTTGCGCGTGCTTCT,0,4468518
yagB_insX_yagA_predicted,0.25,3,3,GTCACTGTCCAGGTTAGACT,0,4441105
yagB_insX_yagA_predicted,0.25,3,3,GTCACCGCTTATCTAATCTC,0,4455117
yagB_insX_yagA_predicted,0.25,3,3,GTCACATCTGTAGGACTGAC,0,4443990
yagB_insX_yagA_predicted,0.25,3,3,GTCAAGAAGCTAGCATTCCG,0,4438866
yagB_insX_yagA_predicted,0.25,3,3,GTCAACATCGCCTAAACAGG,0,4464692
yagB_insX_yagA_predicted,0.25,3,3,GTATTGCTCGCGAAGGTGCT,0,4451371
yagB_insX_yagA_predicted,0.25,3,3,GTATCACTGACACGCCTACG,0,4464865
yagB_insX_yagA_predicted,0.25,3,3,GTATACATACAAAGTGCCCA,0,4451639
yagB_insX_yagA_predicted,0.25,3,3,GTAGCTCATAATATGGACGA,0,4443020
yagB_insX_yagA_predicted,0.25,3,3,GTAGCCATTCGACCAGGGCT,0,4453730
yagB_insX_yagA_predicted,0.25,3,3,GTACGTTAGTGCAGGGTCAT,0,4454667
yagB_insX_yagA_predicted,0.25,3,3,GTACGGATGGGGCGGCACTG,0,4441019
yagB_insX_yagA_predicted,0.25,3,3,GTACCTCATTGACCGGCTAG,0,4472314
yagB_insX_yagA_predicted,0.25,3,3,GTACCACCCTCTTCAGCTCT,0,4438592
yagB_insX_yagA_predicted,0.25,3,3,GTACATAAAAGGCATGTATC,0,4444775
yagB_insX_yagA_predicted,0.25,3,3,GTACAGGCACACGATAGTGG,0,4456715
yagB_insX_yagA_predicted,0.25,3,3,GTAATCGAAACTCCCCATAC,0,4459940
yagB_insX_yagA_predicted,0.25,3,3,GGTTTATTCCAAATGCATGG,0,4437569
yagB_insX_yagA_predicted,0.25,3,3,GGTTGGGCACCTCTAGCATA,0,4439237
yagB_insX_yagA_predicted,0.25,3,3,GGTTGCTCTCCAAATGCATT,0,4464302
yagB_insX_yagA_predicted,0.25,3,3,GGTTCGGCTTGGATTCCACA,0,4469341
yagB_insX_yagA_predicted,0.25,3,3,GGTTCGAACCTCTGGACCCT,0,4470365
yagB_insX_yagA_predicted,0.25,3,3,GGTGGGATGCTACGATTCAG,0,4452091
yagB_insX_yagA_predicted,0.25,3,3,GGTGATCATCAGTAGGAATG,0,4443455
yagB_insX_yagA_predicted,0.25,3,3,GGTCTTGGGACGTTGTTCGG,0,4466756
yagB_insX_yagA_predicted,0.25,3,3,GGTCTGGCACCTGTCCCCTT,0,4442790
yagB_insX_yagA_predicted,0.25,3,3,GGTCGTTCTGTAGAGCGCTA,0,4471225
yagB_insX_yagA_predicted,0.25,3,3,GGTCGGGTACTGATTCAACG,0,4458905
yagB_insX_yagA_predicted,0.25,3,3,GGTCGGGAAACAAGAGTTCT,0,4462617
yagB_insX_yagA_predicted,0.25,3,3,GGTCCGGTTTATCCCTGCAG,0,4457538
yagB_insX_yagA_predicted,0.25,3,3,GGTCCCCATAGGCCCAATGG,0,4462021
yagB_insX_yagA_predicted,0.25,3,3,GGTCACAGCTGGTGCCTGCG,0,4439405
yagB_insX_yagA_predicted,0.25,3,3,GGTAGGGTGGTCGTTAGAAG,0,4452239
yagB_insX_yagA_predicted,0.25,3,3,GGTAGATAATAAAGCGTCGT,0,4462766
yagB_insX_yagA_predicted,0.25,3,3,GGGTTTTATCGGCTGACCAC,0,4464366
yagB_insX_yagA_predicted,0.25,3,3,GGGTTTGATTGGTCGTAAGT,0,4470532
yagB_insX_yagA_predicted,0.25,3,3,GGGTGGCAAATGGACTTGGA,0,4460942
yagB_insX_yagA_predicted,0.25,3,3,GGGTAGTCGCCACAGCACAT,0,4454899
yagB_insX_yagA_predicted,0.25,3,3,GGGTACCCCCTGGGGTACAT,0,4445056
yagB_insX_yagA_predicted,0.25,3,3,GGGTAAAGGCAGCGTTGTGG,0,4446852
yagB_insX_yagA_predicted,0.25,3,3,GGGGTTGATTCGCAGAACTA,0,4445921
yagB_insX_yagA_predicted,0.25,3,3,GGGGCCGGGAAACTAGAGGT,0,4444097
yagB_insX_yagA_predicted,0.25,3,3,GGGCGCTCGTAGCTACCGGC,0,4468834
yagB_insX_yagA_predicted,0.25,3,3,GGGCGCGTGATTGAGACTGG,0,4456386
yagB_insX_yagA_predicted,0.25,3,3,GGGCGCCCGTTTCCCGGGGT,0,4461258
yagB_insX_yagA_predicted,0.25,3,3,GGGCCACTCTTAAGGAACAA,0,4443577
yagB_insX_yagA_predicted,0.25,3,3,GGCTGTATAGTTCGTAAACC,0,4470963
yagB_insX_yagA_predicted,0.25,3,3,GGCTGGCACAGGCCGTTGGA,0,4439420
yagB_insX_yagA_predicted,0.25,3,3,GGCGGTGTAAACGGAGATGG,0,4442395
yagB_insX_yagA_predicted,0.25,3,3,GGCGGACTGGGATTGAGCGG,0,4467778
yagB_insX_yagA_predicted,0.25,3,3,GGCGCCTTCTCGTCCTCACT,0,4461653
yagB_insX_yagA_predicted,0.25,3,3,GGCGCACGATATTGACCTAC,0,4454307
yagB_insX_yagA_predicted,0.25,3,3,GGCCTCTGAGTATTCGAGCT,0,4441757
yagB_insX_yagA_predicted,0.25,3,3,GGCCCCCGATCCAGAGTACT,0,4463402
yagB_insX_yagA_predicted,0.25,3,3,GGCCAACTGAACGTTGGCCA,0,4442985
yagB_insX_yagA_predicted,0.25,3,3,GGCAGGTCGTTTACATTACT,0,4466027
yagB_insX_yagA_predicted,0.25,3,3,GGCAGCTTACGTGCAGCCTC,0,4440133
yagB_insX_yagA_predicted,0.25,3,3,GGCACGCAAGCCAAGCGTCT,0,4453813
yagB_insX_yagA_predicted,0.25,3,3,GGCAAGAGGTCGGTAAAAAT,0,4454990
yagB_insX_yagA_predicted,0.25,3,3,GGATTTGCAAAGTAAGTGAT,0,4465212
yagB_insX_yagA_predicted,0.25,3,3,GGATTGTCCAAGTATTTGAA,0,4445414
yagB_insX_yagA_predicted,0.25,3,3,GGATTCATCGAAGCACGCGG,0,4455734
yagB_insX_yagA_predicted,0.25,3,3,GGATGGATTGTGTTGTATGT,0,4463959
yagB_insX_yagA_predicted,0.25,3,3,GGATGGAATACCAACGACTC,0,4461882
yagB_insX_yagA_predicted,0.25,3,3,GGATGACAGCGTCAGAGTCG,0,4463915
yagB_insX_yagA_predicted,0.25,3,3,GGATCGTAAAGCCTGATGTG,0,4461625
yagB_insX_yagA_predicted,0.25,3,3,GGATATACAGTCTTGGTACG,0,4444376
yagB_insX_yagA_predicted,0.25,3,3,GGATAGGAACTGTATAGACG,0,4455414
yagB_insX_yagA_predicted,0.25,3,3,GGAGTCTGGACTTAATACGA,0,4449352
yagB_insX_yagA_predicted,0.25,3,3,GGAGTCGGGTCTCAAAAAAA,0,4468959
yagB_insX_yagA_predicted,0.25,3,3,GGAGGTGCTATCTTGATCCC,0,4450504
yagB_insX_yagA_predicted,0.25,3,3,GGAGGGTGTGCTGACTAAAC,0,4455831
yagB_insX_yagA_predicted,0.25,3,3,GGAGCTTATGCGAAAGTATT,0,4463865
yagB_insX_yagA_predicted,0.25,3,3,GGAGAAAGGTAGCGCCTCCG,0,4469517
yagB_insX_yagA_predicted,0.25,3,3,GGACGATTATCTCATGTGAT,0,4440501
yagB_insX_yagA_predicted,0.25,3,3,GGACCTACTCGCGATATCAA,0,4459781
yagB_insX_yagA_predicted,0.25,3,3,GGAAGTTTTGACAGTTCATC,0,4453220
yagB_insX_yagA_predicted,0.25,3,3,GGAAGTCTTCGAGTAGCGTA,0,4439875
yagB_insX_yagA_predicted,0.25,3,3,GGAAGCATTCAACCACGAAT,0,4471755
yagB_insX_yagA_predicted,0.25,3,3,GGAAATCACGAGGCCAAAAA,0,4460005
yagB_insX_yagA_predicted,0.25,3,3,GCTTTGAGCCAGGTCCCGAC,0,4446041
yagB_insX_yagA_predicted,0.25,3,3,GCTTTAGGGTAATTTGGACC,0,4445641
yagB_insX_yagA_predicted,0.25,3,3,GCTTGGATCGAACTCTACGT,0,4468482
yagB_insX_yagA_predicted,0.25,3,3,GCTTGCTCTTATCGGCAGAA,0,4448313
yagB_insX_yagA_predicted,0.25,3,3,GCTTCTGCGACATGATACTA,0,4442272
yagB_insX_yagA_predicted,0.25,3,3,GCTTATTGCACCGTGCGCTA,0,4469567
yagB_insX_yagA_predicted,0.25,3,3,GCTGTGGACCGCGCTGGAAC,0,4441241
yagB_insX_yagA_predicted,0.25,3,3,GCTGCCATTTACGCGATATT,0,4469014
yagB_insX_yagA_predicted,0.25,3,3,GCTGAGGTTATCTTGAGCGG,0,4463243
yagB_insX_yagA_predicted,0.25,3,3,GCTGAGACAGAAATTATGAG,0,4436117
yagB_insX_yagA_predicted,0.25,3,3,GCTCTGACAAAAGCATGTTT,0,4471519
yagB_insX_yagA_predicted,0.25,3,3,GCTCGCATCGAAATTGAAGG,0,4451804
yagB_insX_yagA_predicted,0.25,3,3,GCTCGATGTGCCGTAGATCT,0,4436954
yagB_insX_yagA_predicted,0.25,3,3,GCTCCTGTCTATAATCGTGA,0,4440949
yagB_insX_yagA_predicted,0.25,3,3,GCTCATCCGATTTCACTAGG,0,4450331
yagB_insX_yagA_predicted,0.25,3,3,GCTCAGATTCAAACCGGCCT,0,4466982
yagB_insX_yagA_predicted,0.25,3,3,GCTATGCTACGTCGAAGAGT,0,4450405
yagB_insX_yagA_predicted,0.25,3,3,GCTACAATTAGAAAGGCTGT,0,4446224
yagB_insX_yagA_predicted,0.25,3,3,GCTAATCAGTAACAAGATGC,0,4439197
yagB_insX_yagA_predicted,0.25,3,3,GCGTCTGGACGTCTCGGAAT,0,4461210
yagB_insX_yagA_predicted,0.25,3,3,GCGGTTATCGGGTTAGCTAG,0,4457716
yagB_insX_yagA_predicted,0.25,3,3,GCGGTGCCCAGCGTACTCTG,0,4455866
yagB_insX_yagA_predicted,0.25,3,3,GCGGGTGATCTTCTCGGCGT,0,4455512
yagB_insX_yagA_predicted,0.25,3,3,GCGGCCCAGAAACGATGGGC,0,4455046
yagB_insX_yagA_predicted,0.25,3,3,GCGGCCAGAGACTAGACCAT,0,4444609
yagB_insX_yagA_predicted,0.25,3,3,GCGGAGGCGGTGTCGCGGGG,0,4458630
yagB_insX_yagA_predicted,0.25,3,3,GCGCTGGCCATGAAGCCACG,0,4469903
yagB_insX_yagA_predicted,0.25,3,3,GCGCGGCGCGGTTGCGAAGG,0,4450166
yagB_insX_yagA_predicted,0.25,3,3,GCGCGCTTTCAGAGTTGCGT,0,4459217
yagB_insX_yagA_predicted,0.25,3,3,GCGCGAGCTGAGAGTAAACC,0,4442387
yagB_insX_yagA_predicted,0.25,3,3,GCGCCGACCTATCTATACCA,0,4458986
yagB_insX_yagA_predicted,0.25,3,3,GCGATCGGGACTGTGTCCTC,0,4439539
yagB_insX_yagA_predicted,0.25,3,3,GCGACGCGGGCGGACGTGAA,0,4448516
yagB_insX_yagA_predicted,0.25,3,3,GCCTTGTGCTTAGCGGCTCG,0,4463696
yagB_insX_yagA_predicted,0.25,3,3,GCCTTCGATACTGCGACCTC,0,4451955
yagB_insX_yagA_predicted,0.25,3,3,GCCTGCCGTGCCATTGTAGT,0,4453493
yagB_insX_yagA_predicted,0.25,3,3,GCCTCAGAGAAAGCTGTGGA,0,4468233
yagB_insX_yagA_predicted,0.25,3,3,GCCGTCAATTAGAGTTATCT,0,4463949
yagB_insX_yagA_predicted,0.25,3,3,GCCGGTCTCATGGTCTTTGT,0,4469038
yagB_insX_yagA_predicted,0.25,3,3,GCCGGCCTTCCCGTGTCAGG,0,4451038
yagB_insX_yagA_predicted,0.25,3,3,GCCGGCACCTAGCACCTGGT,0,4464789
yagB_insX_yagA_predicted,0.25,3,3,GCCGGACCATTAATTCTTAT,0,4462501
yagB_insX_yagA_predicted,0.25,3,3,GCCGGACATCTTTGAGATGC,0,4465744
yagB_insX_yagA_predicted,0.25,3,3,GCCGAGCTTTTAGTCGATAT,0,4461949
yagB_insX_yagA_predicted,0.25,3,3,GCCGAAATTAAGTGGGGTGG,0,4466743
yagB_insX_yagA_predicted,0.25,3,3,GCCCGGAGTATGTAGTATAC,0,4442389
yagB_insX_yagA_predicted,0.25,3,3,GCCCCGTCACGCTATCGGCG,0,4443805
yagB_insX_yagA_predicted,0.25,3,3,GCCCCGGCATACGTCCTGTA,0,4466617
yagB_insX_yagA_predicted,0.25,3,3,GCCCCCCCTAGCGCAGCGCC,0,4453206
yagB_insX_yagA_predicted,0.25,3,3,GCCCCCAATAATGTACACCG,0,4447065
yagB_insX_yagA_predicted,0.25,3,3,GCCCAAGGTACACTCGCAAG,0,4446087
yagB_insX_yagA_predicted,0.25,3,3,GCCAGCTCGCAGGCTGACCT,0,4465603
yagB_insX_yagA_predicted,0.25,3,3,GCCAGCACACTAGGTGTTCC,0,4445083
yagB_insX_yagA_predicted,0.25,3,3,GCCAGATCGGGTACGCATGA,0,4471819
yagB_insX_yagA_predicted,0.25,3,3,GCCAGATCACATCCTACTAT,0,4462932
yagB_insX_yagA_predicted,0.25,3,3,GCCACCTTGATCTTGTAGGG,0,4454520
yagB_insX_yagA_predicted,0.25,3,3,GCCACCCGGGTTGTCCTTCT,0,4459938
yagB_insX_yagA_predicted,0.25,3,3,GCCACACGTTGTGGAAGTTC,0,4470079
yagB_insX_yagA_predicted,0.25,3,3,GCCACACATATTGTCACCGA,0,4448124
yagB_insX_yagA_predicted,0.25,3,3,GCCAAGATTAAACTAGGAAC,0,4464993
yagB_insX_yagA_predicted,0.25,3,3,GCATTGCCATCGTTTGAGCT,0,4447188
yagB_insX_yagA_predicted,0.25,3,3,GCATCGGTGCCGGGTGACCC,0,4466485
yagB_insX_yagA_predicted,0.25,3,3,GCAGTCTACAGAGACGCTCT,0,4456484
yagB_insX_yagA_predicted,0.25,3,3,GCAGGGCTCAAGTCCCGTGG,0,4450160
yagB_insX_yagA_predicted,0.25,3,3,GCAGACACGCCGTGCGACAG,0,4447413
yagB_insX_yagA_predicted,0.25,3,3,GCACGTATGACGCGCCACAA,0,4452197
yagB_insX_yagA_predicted,0.25,3,3,GCACCGGCTCGCCGCTACCG,0,4436358
yagB_insX_yagA_predicted,0.25,3,3,GCAATACGAGCATGCACAGA,0,4453588
yagB_insX_yagA_predicted,0.25,3,3,GCAAGTAAATAGAATGACTC,0,4462391
yagB_insX_yagA_predicted,0.25,3,3,GCAACACATAGAGGTCCGAG,0,4467766
yagB_insX_yagA_predicted,0.25,3,3,GATTTGCTGAATAGTTCGAA,0,4465214
yagB_insX_yagA_predicted,0.25,3,3,GATTTGCAAACAACGAGGTC,0,4464893
yagB_insX_yagA_predicted,0.25,3,3,GATTTACGTACTATAAGTCA,0,4445947
yagB_insX_yagA_predicted,0.25,3,3,GATTGATCCGGGTCCTTTGG,0,4457795
yagB_insX_yagA_predicted,0.25,3,3,GATTCGCGGGGGTATGTCTC,0,4453934
yagB_insX_yagA_predicted,0.25,3,3,GATTATTCACACCGACCATC,0,4464354
yagB_insX_yagA_predicted,0.25,3,3,GATGTTTGCCGGCGAGATTA,0,4454040
yagB_insX_yagA_predicted,0.25,3,3,GATGTTTCGGGTACGGCTTC,0,4448063
yagB_insX_yagA_predicted,0.25,3,3,GATGTGGACAGCGTCATCTT,0,4459179
yagB_insX_yagA_predicted,0.25,3,3,GATGGTCTTGCTTACTCTCG,0,4455153
yagB_insX_yagA_predicted,0.25,3,3,GATGGATGACTGTTCCAAGC,0,4444629
yagB_insX_yagA_predicted,0.25,3,3,GATGCGTATGGTGAGCGAAA,0,4441662
yagB_insX_yagA_predicted,0.25,3,3,GATGCATGATCACCGTAAGA,0,4441350
yagB_insX_yagA_predicted,0.25,3,3,GATGACCTGCTCCGCTCTTA,0,4470159
yagB_insX_yagA_predicted,0.25,3,3,GATGACACCTTACATAGCCT,0,4436724
yagB_insX_yagA_predicted,0.25,3,3,GATCGGTCAATGGCAGTCCT,0,4462430
yagB_insX_yagA_predicted,0.25,3,3,GATCGGGCCTAATCAAGTAA,0,4441948
yagB_insX_yagA_predicted,0.25,3,3,GATCGATTACGACCTGCAAG,0,4470138
yagB_insX_yagA_predicted,0.25,3,3,GATCGATGCACTAGCAGCCA,0,4440626
yagB_insX_yagA_predicted,0.25,3,3,GATCCCCGTATTAGCGTTGC,0,4471832
yagB_insX_yagA_predicted,0.25,3,3,GATCAGGAAAATGAAATGAC,0,4451734
yagB_insX_yagA_predicted,0.25,3,3,GATCACCATGTTATGACATC,0,4442439
yagB_insX_yagA_predicted,0.25,3,3,GATCACAACTCGGAATGCGC,0,4445830
yagB_insX_yagA_predicted,0.25,3,3,GATATATGGCTGGACATCTG,0,4460191
yagB_insX_yagA_predicted,0.25,3,3,GATAGGAGCTGAAGCTTCGG,0,4466482
yagB_insX_yagA_predicted,0.25,3,3,GATACTCCGGTCATGAACGA,0,4440771
yagB_insX_yagA_predicted,0.25,3,3,GATACATGCGTTGAGACCCT,0,4459463
yagB_insX_yagA_predicted,0.25,3,3,GATAAGCGTCCCAGGACAGG,0,4463726
yagB_insX_yagA_predicted,0.25,3,3,GATAAATGGCGACCCGCTAT,0,4449786
yagB_insX_yagA_predicted,0.25,3,3,GAGTGGCATGTAAACATACC,0,4443219
yagB_insX_yagA_predicted,0.25,3,3,GAGTGCGCCCCAGTAAGCGA,0,4447649
yagB_insX_yagA_predicted,0.25,3,3,GAGTATCCCAACGCAAAAGT,0,4469849
yagB_insX_yagA_predicted,0.25,3,3,GAGGGCAACTGGACAGAACT,0,4467114
yagB_insX_yagA_predicted,0.25,3,3,GAGGCTCAGACGTCTCGCTT,0,4462515
yagB_insX_yagA_predicted,0.25,3,3,GAGGACGGGAGGTGCGTGAC,0,4437767
yagB_insX_yagA_predicted,0.25,3,3,GAGCTGCACCCGGGGGGGAG,0,4438656
yagB_insX_yagA_predicted,0.25,3,3,GAGCGTGGTGAGCGGACATA,0,4436975
yagB_insX_yagA_predicted,0.25,3,3,GAGCGGTACTGTTGCTCGGG,0,4453724
yagB_insX_yagA_predicted,0.25,3,3,GAGCGCAGGTCTAAGGCGTA,0,4461889
yagB_insX_yagA_predicted,0.25,3,3,GAGCCTATAGGTTCAGCGGT,0,4462957
yagB_insX_yagA_predicted,0.25,3,3,GAGCCGGTGGCGGTTCTCCA,0,4448126
yagB_insX_yagA_predicted,0.25,3,3,GAGCATCTGTAACTATTCTA,0,4460360
yagB_insX_yagA_predicted,0.25,3,3,GAGCAGGTAGATTGTCTTCT,0,4440288
yagB_insX_yagA_predicted,0.25,3,3,GAGAGCGTGTCCCCGGCCCG,0,4450359
yagB_insX_yagA_predicted,0.25,3,3,GAGACTCGTCTACACTCAGG,0,4453859
yagB_insX_yagA_predicted,0.25,3,3,GAGACAGTGGTTCTCGCTAT,0,4452034
yagB_insX_yagA_predicted,0.25,3,3,GAGAAGTAGGTAGGCCATAT,0,4442461
yagB_insX_yagA_predicted,0.25,3,3,GACTTTAGCTGACCTTCTTC,0,4468318
yagB_insX_yagA_predicted,0.25,3,3,GACTGTGCGGAAAAGGTGTA,0,4468511
yagB_insX_yagA_predicted,0.25,3,3,GACGCGGCCGTCGAATGGAA,0,4452912
yagB_insX_yagA_predicted,0.25,3,3,GACGAGGCCTGGCGGTGCGA,0,4466782
yagB_insX_yagA_predicted,0.25,3,3,GACCTTCTATTGGATATCCA,0,4462546
yagB_insX_yagA_predicted,0.25,3,3,GACCGCCCATCGTGGTGTGT,0,4452074
yagB_insX_yagA_predicted,0.25,3,3,GACCGACACTTTGTCGAATC,0,4442496
yagB_insX_yagA_predicted,0.25,3,3,GACCCGAGTTGTGACCGTCC,0,4466544
yagB_insX_yagA_predicted,0.25,3,3,GACATAGCCGTAATTAGAGA,0,4440476
yagB_insX_yagA_predicted,0.25,3,3,GACAAGATTAAGAATAGTGC,0,4439851
yagB_insX_yagA_predicted,0.25,3,3,GACAACGAGATAGTACGGAC,0,4440514
yagB_insX_yagA_predicted,0.25,3,3,GAATTATGTCGCGCGTGGTC,0,4468782
yagB_insX_yagA_predicted,0.25,3,3,GAATGCCAGTGCCATTGATG,0,4469541
yagB_insX_yagA_predicted,0.25,3,3,GAATCCATGGTTTTGAACTC,0,4451760
yagB_insX_yagA_predicted,0.25,3,3,GAAGCTTGTTAGCCTAATAG,0,4471732
yagB_insX_yagA_predicted,0.25,3,3,GAACGGTTCAACTTCGAAAG,0,4472299
yagB_insX_yagA_predicted,0.25,3,3,GAACCTGCGAATTGTCGGGG,0,4436056
yagB_insX_yagA_predicted,0.25,3,3,GAACACTGGATCTCTCAATG,0,4466375
yagB_insX_yagA_predicted,0.25,3,3,GAAATTCGACCCAAGTTTCC,0,4446930
yagB_insX_yagA_predicted,0.25,3,3,GAAATCTCTAGGTGTCCTTT,0,4466030
yagB_insX_yagA_predicted,0.25,3,3,GAAATCGCCTTCCGAGCTAA,0,4449877
yagB_insX_yagA_predicted,0.25,3,3,GAAACTTCTCGTCTGTTCGT,0,4440556
yagB_insX_yagA_predicted,0.25,3,3,GAAACCGCTATCTTAGTACC,0,4460010
yagB_insX_yagA_predicted,0.25,3,3,GAAACACTGTGCATCGGCGG,0,4453513
yagB_insX_yagA_predicted,0.25,3,3,GAAAAAAGTTCCGCAACCAA,0,4449510
yagB_insX_yagA_predicted,0.25,3,3,CTTTTGTCCAGCAGCCTAAT,0,4450286
yagB_insX_yagA_predicted,0.25,3,3,CTTTTGTCCACTAAGACTAC,0,4436921
yagB_insX_yagA_predicted,0.25,3,3,CTTTGCCTCTAATGCTGTAG,0,4472019
yagB_insX_yagA_predicted,0.25,3,3,CTTTGCCAGACGGTAGTGAT,0,4454229
yagB_insX_yagA_predicted,0.25,3,3,CTTTCTCGCGACACTTTAGG,0,4452499
yagB_insX_yagA_predicted,0.25,3,3,CTTTCTACGCATCTCGATCG,0,4438474
yagB_insX_yagA_predicted,0.25,3,3,CTTTCGTTGACTACGTGAAA,0,4451173
yagB_insX_yagA_predicted,0.25,3,3,CTTTCCAGCGAGTCTGCGTG,0,4465715
yagB_insX_yagA_predicted,0.25,3,3,CTTTACCAGGCCGCGGTGCA,0,4448788
yagB_insX_yagA_predicted,0.25,3,3,CTTGGGTTAATTCAATGGAG,0,4466219
yagB_insX_yagA_predicted,0.25,3,3,CTTGCCAAGTGATGCCAAAT,0,4440861
yagB_insX_yagA_predicted,0.25,3,3,CTTCGTGTTGCGTGGAACCT,0,4436508
yagB_insX_yagA_predicted,0.25,3,3,CTTCGATTGGGTGTTTGAGA,0,4435970
yagB_insX_yagA_predicted,0.25,3,3,CTTCCTTGTACGCAGTAAAG,0,4436640
yagB_insX_yagA_predicted,0.25,3,3,CTTCCGGCGTGGACCCAGAT,0,4454156
yagB_insX_yagA_predicted,0.25,3,3,CTTCCGAGGGAATACGCTGG,0,4463065
yagB_insX_yagA_predicted,0.25,3,3,CTTCACCTGATAGGACTAAT,0,4455515
yagB_insX_yagA_predicted,0.25,3,3,CTTATTGGGTCATGTTAATA,0,4466891
yagB_insX_yagA_predicted,0.25,3,3,CTTATATACGCTATTATACA,0,4466876
yagB_insX_yagA_predicted,0.25,3,3,CTTAGTTAATAGGTTATGTA,0,4452683
yagB_insX_yagA_predicted,0.25,3,3,CTTAAGCCTGTGCAGCTCAC,0,4457649
yagB_insX_yagA_predicted,0.25,3,3,CTTAACACGTACCGCACTCA,0,4456233
yagB_insX_yagA_predicted,0.25,3,3,CTTAAAGGTAGCGCTAAACA,0,4437552
yagB_insX_yagA_predicted,0.25,3,3,CTGTTGCACATCCATCGAAT,0,4468267
yagB_insX_yagA_predicted,0.25,3,3,CTGTTACCGATACGCGGCAA,0,4438645
yagB_insX_yagA_predicted,0.25,3,3,CTGTGCCGATTGGCCGACGG,0,4466026
yagB_insX_yagA_predicted,0.25,3,3,CTGGTGCAGGCTGCACGTTA,0,4470275
yagB_insX_yagA_predicted,0.25,3,3,CTGGGTTATTACTATATAAA,0,4461817
yagB_insX_yagA_predicted,0.25,3,3,CTGGATCAGCAACGCATTGC,0,4456269
yagB_insX_yagA_predicted,0.25,3,3,CTGGAGGGATCACCACTCTC,0,4469940
yagB_insX_yagA_predicted,0.25,3,3,CTGCGCATACCCATAAGTCA,0,4448705
yagB_insX_yagA_predicted,0.25,3,3,CTGCACATCTACCAGTACGA,0,4452606
yagB_insX_yagA_predicted,0.25,3,3,CTGAGTACTTTCTTTGCTAG,0,4444926
yagB_insX_yagA_predicted,0.25,3,3,CTCTTTTACTTGTGGGCTCC,0,4453697
yagB_insX_yagA_predicted,0.25,3,3,CTCTTCGGTTTAAAGAGAGA,0,4444782
yagB_insX_yagA_predicted,0.25,3,3,CTCTTAGTCCTATGTCTCCC,0,4449934
yagB_insX_yagA_predicted,0.25,3,3,CTCTGCCGGGAACGCTCCGT,0,4460377
yagB_insX_yagA_predicted,0.25,3,3,CTCTGCAAACAGTAGACACA,0,4444749
yagB_insX_yagA_predicted,0.25,3,3,CTCTACGTAGGTCTGGACCT,0,4448093
yagB_insX_yagA_predicted,0.25,3,3,CTCTAATAGTGCTGAGTTTC,0,4447578
yagB_insX_yagA_predicted,0.25,3,3,CTCCTTTAGCTACGTTTTGC,0,4468484
yagB_insX_yagA_predicted,0.25,3,3,CTCCTTAAATCATCAAGCAA,0,4456825
yagB_insX_yagA_predicted,0.25,3,3,CTCCCTTTGGTTAGCCGGCA,0,4467150
yagB_insX_yagA_predicted,0.25,3,3,CTCCCCCACAATAGCAAATC,0,4469438
yagB_insX_yagA_predicted,0.25,3,3,CTCCCAGGTGTACCTCAGGA,0,4437691
yagB_insX_yagA_predicted,0.25,3,3,CTCCAAGCATCATCGGGCAT,0,4448701
yagB_insX_yagA_predicted,0.25,3,3,CTCATCGGTAGCGTTCGTTA,0,4458897
yagB_insX_yagA_predicted,0.25,3,3,CTCAGGGTGAGCTCTGGGAA,0,4438122
yagB_insX_yagA_predicted,0.25,3,3,CTCAGCGCTACGCTCAGCTA,0,4467588
yagB_insX_yagA_predicted,0.25,3,3,CTCACTGAGCGGTGCCCTCT,0,4449869
yagB_insX_yagA_predicted,0.25,3,3,CTCACCCGTTCATGCAAGAT,0,4447942
yagB_insX_yagA_predicted,0.25,3,3,CTATTGGGACAAATTGCGCC,0,4436830
yagB_insX_yagA_predicted,0.25,3,3,CTATTCGTACGATGTCTGGA,0,4462422
yagB_insX_yagA_predicted,0.25,3,3,CTATGTCAGTGCGAAGGGAA,0,4461178
yagB_insX_yagA_predicted,0.25,3,3,CTATGGTAGCAAACCAATCA,0,4456117
yagB_insX_yagA_predicted,0.25,3,3,CTATGACACATCACCGGTTT,0,4438944
yagB_insX_yagA_predicted,0.25,3,3,CTAGTAATAGTATCGGGGCA,0,4446308
yagB_insX_yagA_predicted,0.25,3,3,CTAGGTGCGCTATAAAGTGT,0,4472182
yagB_insX_yagA_predicted,0.25,3,3,CTAGAGTGAATTAGTTCAGC,0,4443835
yagB_insX_yagA_predicted,0.25,3,3,CTACTCAGCGAGGGGGTTAT,0,4458162
yagB_insX_yagA_predicted,0.25,3,3,CTACGCAGCGATTGCAGATA,0,4463546
yagB_insX_yagA_predicted,0.25,3,3,CTACCATTAAAGACAACGGA,0,4445073
yagB_insX_yagA_predicted,0.25,3,3,CTAATTGCCATGTGAACTTG,0,4457489
yagB_insX_yagA_predicted,0.25,3,3,CTAATCTCGGCTCTTGTCCT,0,4462636
yagB_insX_yagA_predicted,0.25,3,3,CTAAGCGGACAAATCAGACT,0,4449116
yagB_insX_yagA_predicted,0.25,3,3,CTAACCAACTACTCCGCAAG,0,4464305
yagB_insX_yagA_predicted,0.25,3,3,CTAAAGACGTTCATGGCCGG,0,4440876
yagB_insX_yagA_predicted,0.25,3,3,CGTTGTGTTTTATTGGGGAA,0,4455323
yagB_insX_yagA_predicted,0.25,3,3,CGTTGCATATGGGCTAAGGG,0,4462978
yagB_insX_yagA_predicted,0.25,3,3,CGTTCGCCAGGGCTAGCGGT,0,4451726
yagB_insX_yagA_predicted,0.25,3,3,CGTTCCGTTCGAAGTTGAAC,0,4454988
yagB_insX_yagA_predicted,0.25,3,3,CGTTCCAGTCCCTTGACTAC,0,4444824
yagB_insX_yagA_predicted,0.25,3,3,CGTTAGGATTGTATACGTTG,0,4450161
yagB_insX_yagA_predicted,0.25,3,3,CGTGTCTGCTTAGGTATCTA,0,4450372
yagB_insX_yagA_predicted,0.25,3,3,CGTGTCCGAGTCCCCTACAG,0,4449529
yagB_insX_yagA_predicted,0.25,3,3,CGTGGCACGTCAAGTCTATT,0,4469420
yagB_insX_yagA_predicted,0.25,3,3,CGTGCCGGGCGCTTTGCTCC,0,4472132
yagB_insX_yagA_predicted,0.25,3,3,CGTGCAGCATAGCCCGTTCA,0,4438175
yagB_insX_yagA_predicted,0.25,3,3,CGTGACGCATAAGACGATTC,0,4467871
yagB_insX_yagA_predicted,0.25,3,3,CGTGAAACTCAACACCGATA,0,4462782
yagB_insX_yagA_predicted,0.25,3,3,CGTCGTGGCCCTAAAGGAAA,0,4470473
yagB_insX_yagA_predicted,0.25,3,3,CGTAGTGCGAAACAGATGGC,0,4463043
yagB_insX_yagA_predicted,0.25,3,3,CGTAGCCTCCACAAACAAAC,0,4436888
yagB_insX_yagA_predicted,0.25,3,3,CGGTTATGAGCCGCGATCCG,0,4451405
yagB_insX_yagA_predicted,0.25,3,3,CGGTGTCACCCGTAAGTTCG,0,4471178
yagB_insX_yagA_predicted,0.25,3,3,CGGTGGACGCTCCAGGGTAC,0,4456600
yagB_insX_yagA_predicted,0.25,3,3,CGGTGAAGAGCGCATCATAT,0,4440918
yagB_insX_yagA_predicted,0.25,3,3,CGGTCTTAACAATTCGATGA,0,4436188
yagB_insX_yagA_predicted,0.25,3,3,CGGTCCGATGAGTTGACTAC,0,4452128
yagB_insX_yagA_predicted,0.25,3,3,CGGTCAGGTTGGATCATATA,0,4448143
yagB_insX_yagA_predicted,0.25,3,3,CGGTATCTGGTTTGGACTCA,0,4443443
yagB_insX_yagA_predicted,0.25,3,3,CGGGTAGTTCTATTGCCTAA,0,4468121
yagB_insX_yagA_predicted,0.25,3,3,CGGGGGGGCCGTATCTTAGC,0,4449104
yagB_insX_yagA_predicted,0.25,3,3,CGGGCTATCCCGCCGAGTAC,0,4454607
yagB_insX_yagA_predicted,0.25,3,3,CGGGCGACAAGCTACTCTCA,0,4440412
yagB_insX_yagA_predicted,0.25,3,3,CGGGATCATAACCGCGAAGG,0,4457070
yagB_insX_yagA_predicted,0.25,3,3,CGGGAGGAAAAAGAATCGGA,0,4441930
yagB_insX_yagA_predicted,0.25,3,3,CGGGAGCTCCTTTTGCGTCA,0,4437988
yagB_insX_yagA_predicted,0.25,3,3,CGGCTAAAAACAAGGCAGAG,0,4467798
yagB_insX_yagA_predicted,0.25,3,3,CGGCCCCTGTGCTTGCGGTC,0,4453100
yagB_insX_yagA_predicted,0.25,3,3,CGGCATAAAATGTACTCCGC,0,4455115
yagB_insX_yagA_predicted,0.25,3,3,CGGCAACCCACGTCGTGATC,0,4456367
yagB_insX_yagA_predicted,0.25,3,3,CGGATTATGCTTGTAAGTGT,0,4441430
yagB_insX_yagA_predicted,0.25,3,3,CGGATGTGAATCAACTCATA,0,4454102
yagB_insX_yagA_predicted,0.25,3,3,CGGATATCCAGGTCTGCAAA,0,4447414
yagB_insX_yagA_predicted,0.25,3,3,CGGATATATCAACCTGATGA,0,4463716
yagB_insX_yagA_predicted,0.25,3,3,CGGAGATGGCGTTGTGGCTA,0,4452700
yagB_insX_yagA_predicted,0.25,3,3,CGGAAATGAAGCTTCGGCAA,0,4470587
yagB_insX_yagA_predicted,0.25,3,3,CGCTTCAAAGCAGATGGATA,0,4447582
yagB_insX_yagA_predicted,0.25,3,3,CGCTCGTTTAAAGCGAGCTT,0,4445356
yagB_insX_yagA_predicted,0.25,3,3,CGCTAATCTGAGGGGACGGG,0,4465651
yagB_insX_yagA_predicted,0.25,3,3,CGCGTGTACGTCATATTCCT,0,4457194
yagB_insX_yagA_predicted,0.25,3,3,CGCGTGCCGCCAAGAGACAC,0,4453379
yagB_insX_yagA_predicted,0.25,3,3,CGCGGGACATGTTACACAGT,0,4457332
yagB_insX_yagA_predicted,0.25,3,3,CGCGATACACCGGTGCGGGG,0,4449247
yagB_insX_yagA_predicted,0.25,3,3,CGCCGTTGAATGTTACGAGT,0,4454435
yagB_insX_yagA_predicted,0.25,3,3,CGCCGTCAGGTTGAACCTCC,0,4441782
yagB_insX_yagA_predicted,0.25,3,3,CGCCGCTTCATGTTCGCACC,0,4457061
yagB_insX_yagA_predicted,0.25,3,3,CGCCGCAACGGGTATCTTTA,0,4470923
yagB_insX_yagA_predicted,0.25,3,3,CGCCCGGGTGACGGAAGATT,0,4469824
yagB_insX_yagA_predicted,0.25,3,3,CGCCATTGAGGCTGGTGCTA,0,4461955
yagB_insX_yagA_predicted,0.25,3,3,CGCATTTAAACCTGGGCACC,0,4453324
yagB_insX_yagA_predicted,0.25,3,3,CGCAGGTATAAGCCGCTCCC,0,4449024
yagB_insX_yagA_predicted,0.25,3,3,CGCAGACGGCCTAGGCGGTC,0,4464016
yagB_insX_yagA_predicted,0.25,3,3,CGCAGAACCATGGGATGAAA,0,4438896
yagB_insX_yagA_predicted,0.25,3,3,CGATTGTATCGGTTGATGTA,0,4444810
yagB_insX_yagA_predicted,0.25,3,3,CGATTCCGAAGCATGCTTTA,0,4457450
yagB_insX_yagA_predicted,0.25,3,3,CGATTAACGCATACGCGTTT,0,4439271
yagB_insX_yagA_predicted,0.25,3,3,CGATGGTTTCCCCTGCATTT,0,4461327
yagB_insX_yagA_predicted,0.25,3,3,CGATGGCTTCAAACAATCGC,0,4449908
yagB_insX_yagA_predicted,0.25,3,3,CGATGCTAGCCTTTCTCGGT,0,4454934
yagB_insX_yagA_predicted,0.25,3,3,CGATCGAACTTGCGGGTCCT,0,4462431
yagB_insX_yagA_predicted,0.25,3,3,CGATAACACATGAATACGCG,0,4450552
yagB_insX_yagA_predicted,0.25,3,3,CGAGTTGATTACTTATACAG,0,4452622
yagB_insX_yagA_predicted,0.25,3,3,CGAGAGGTCCGTCAACCGAA,0,4450004
yagB_insX_yagA_predicted,0.25,3,3,CGAGAGGACTCGCCCCACGC,0,4445265
yagB_insX_yagA_predicted,0.25,3,3,CGAGACATGTTTCACGGTGG,0,4470867
yagB_insX_yagA_predicted,0.25,3,3,CGAGACATAGTCCTTCGGGC,0,4440181
yagB_insX_yagA_predicted,0.25,3,3,CGACGCTTTTGAAGCATACA,0,4436529
yagB_insX_yagA_predicted,0.25,3,3,CGACGACCAAAACAAGGCGC,0,4458699
yagB_insX_yagA_predicted,0.25,3,3,CGAATAAGTTCGCGACGTTT,0,4471046
yagB_insX_yagA_predicted,0.25,3,3,CGAAGGTCTGTCCATCTGAG,0,4444228
yagB_insX_yagA_predicted,0.25,3,3,CGAAATCGCTGTAAAGCCAA,0,4468899
yagB_insX_yagA_predicted,0.25,3,3,CGAAAAGATCCGAGGGGTTT,0,4437202
yagB_insX_yagA_predicted,0.25,3,3,CCTTTCTTCGAAATCCAGAC,0,4451104
yagB_insX_yagA_predicted,0.25,3,3,CCTTTCTCTGAGATCCTATT,0,4457463
yagB_insX_yagA_predicted,0.25,3,3,CCTTGCCCGTCTCGCTTTAG,0,4471057
yagB_insX_yagA_predicted,0.25,3,3,CCTGTCGGTGTCCCCCTTAA,0,4442658
yagB_insX_yagA_predicted,0.25,3,3,CCTGGATAATCATTGAACAT,0,4439220
yagB_insX_yagA_predicted,0.25,3,3,CCTGGAGAGCGATAAGAATA,0,4440716
yagB_insX_yagA_predicted,0.25,3,3,CCTGCTCAGCTTCTGCCATA,0,4460835
yagB_insX_yagA_predicted,0.25,3,3,CCTGCGGAATGCGCGGAGTA,0,4436540
yagB_insX_yagA_predicted,0.25,3,3,CCTGCGCAAATCGATTGGAC,0,4444998
yagB_insX_yagA_predicted,0.25,3,3,CCTCTGAGTTAATAGACAAA,0,4444727
yagB_insX_yagA_predicted,0.25,3,3,CCTCGGCGTCACAAGCGAGA,0,4454863
yagB_insX_yagA_predicted,0.25,3,3,CCTATACGGAGCAAACAACT,0,4460914
yagB_insX_yagA_predicted,0.25,3,3,CCTAGTACGCCGGGTTACTC,0,4450205
yagB_insX_yagA_predicted,0.25,3,3,CCTAGGGTAGACATAGCATT,0,4436423
yagB_insX_yagA_predicted,0.25,3,3,CCTAGAACGTGTAGCCAGGC,0,4459204
yagB_insX_yagA_predicted,0.25,3,3,CCTAAGCTATGATACAAGGT,0,4440360
yagB_insX_yagA_predicted,0.25,3,3,CCGTCGTGTTTGTAGCTTTA,0,4438156
yagB_insX_yagA_predicted,0.25,3,3,CCGTCCCTCGCAACAGGCAG,0,4465120
yagB_insX_yagA_predicted,0.25,3,3,CCGGAGTACGCTCAGGACTC,0,4440166
yagB_insX_yagA_predicted,0.25,3,3,CCGGAAATAGTTAAAGCAGT,0,4464756
yagB_insX_yagA_predicted,0.25,3,3,CCGGAAATAGCTGATTATAA,0,4468877
yagB_insX_yagA_predicted,0.25,3,3,CCGCGTTGTAGGTAGCTATA,0,4455775
yagB_insX_yagA_predicted,0.25,3,3,CCGCGGAAGAAGATCGTAAA,0,4444543
yagB_insX_yagA_predicted,0.25,3,3,CCGCCGCGTGCACCGTCAGT,0,4471082
yagB_insX_yagA_predicted,0.25,3,3,CCGCCAGGATTTAGCGACCT,0,4444002
yagB_insX_yagA_predicted,0.25,3,3,CCGCATGTGCCAGGGAAGGA,0,4448383
yagB_insX_yagA_predicted,0.25,3,3,CCGATTCCGGGTTCTCCAAA,0,4449756
yagB_insX_yagA_predicted,0.25,3,3,CCGAGTGGTTAGTTTCCTGG,0,4451252
yagB_insX_yagA_predicted,0.25,3,3,CCGAGGGGGAGATCGATGAC,0,4436757
yagB_insX_yagA_predicted,0.25,3,3,CCGAAAACTGTAGCGAAAGT,0,4443768
yagB_insX_yagA_predicted,0.25,3,3,CCCTGGTGAGAGAGTCTAGC,0,4448388
yagB_insX_yagA_predicted,0.25,3,3,CCCTGCCGTTTGTCAGCTTA,0,4439111
yagB_insX_yagA_predicted,0.25,3,3,CCCGTTTATTGCTGTTGAAC,0,4471204
yagB_insX_yagA_predicted,0.25,3,3,CCCGTCGTCGGGGGATTTGA,0,4444872
yagB_insX_yagA_predicted,0.25,3,3,CCCGTAGGCTGTCTGTACTT,0,4450921
yagB_insX_yagA_predicted,0.25,3,3,CCCATCGTAGATGCCGAAGT,0,4460125
yagB_insX_yagA_predicted,0.25,3,3,CCCATACAACACTACCGTCT,0,4452078
yagB_insX_yagA_predicted,0.25,3,3,CCCAGCCTGATTTTTGCGTC,0,4447829
yagB_insX_yagA_predicted,0.25,3,3,CCCACTGGCCACGCCAATCA,0,4455004
yagB_insX_yagA_predicted,0.25,3,3,CCCACGGGAAAAGCACATAT,0,4460187
yagB_insX_yagA_predicted,0.25,3,3,CCATTTAAAGATTTTCATTA,0,4451669
yagB_insX_yagA_predicted,0.25,3,3,CCATTCTTCGGAAAGCAAAC,0,4445197
yagB_insX_yagA_predicted,0.25,3,3,CCATGGGTAATCCCCCTTAG,0,4441648
yagB_insX_yagA_predicted,0.25,3,3,CCATCTGAGCAAAATTTTTC,0,4461023
yagB_insX_yagA_predicted,0.25,3,3,CCATATCCCGCCACTAAGCT,0,4453652
yagB_insX_yagA_predicted,0.25,3,3,CCAGTTGACTGGAGTGAACA,0,4464702
yagB_insX_yagA_predicted,0.25,3,3,CCAGGTGAGTAGCGGCCAAA,0,4455659
yagB_insX_yagA_predicted,0.25,3,3,CCAGGCGTTTGGAGGTTTCA,0,4445955
yagB_insX_yagA_predicted,0.25,3,3,CCAGGCAAGGAGATCACGTA,0,4438526
yagB_insX_yagA_predicted,0.25,3,3,CCAGATAGTTAATAATGTTG,0,4460342
yagB_insX_yagA_predicted,0.25,3,3,CCACGCGCCCCTCAGGGTGG,0,4468487
yagB_insX_yagA_predicted,0.25,3,3,CCAATGTTTGTAGGGTCTAC,0,4453156
yagB_insX_yagA_predicted,0.25,3,3,CCAATAAGTAATACAATGGC,0,4447246
yagB_insX_yagA_predicted,0.25,3,3,CCAAGAGTAGAAAAAGTCTA,0,4466546
yagB_insX_yagA_predicted,0.25,3,3,CCAAGAAGGATCCTAATCCA,0,4454007
yagB_insX_yagA_predicted,0.25,3,3,CCAACTCGGCAGCTTTTTAG,0,4442532
yagB_insX_yagA_predicted,0.25,3,3,CCAAATGCGAAGTCGAGTGG,0,4437316
yagB_insX_yagA_predicted,0.25,3,3,CCAAAGTATCAGAGCGTTGT,0,4464887
yagB_insX_yagA_predicted,0.25,3,3,CATTCGGCCTGCCTAAGTTT,0,4468935
yagB_insX_yagA_predicted,0.25,3,3,CATTCACGTTTTCCGTAGAA,0,4458644
yagB_insX_yagA_predicted,0.25,3,3,CATGGATACCCTTCTTTACA,0,4439146
yagB_insX_yagA_predicted,0.25,3,3,CATGCGAACGTTATGTAGGT,0,4447058
yagB_insX_yagA_predicted,0.25,3,3,CATGCATCTCAATACGAATG,0,4436140
yagB_insX_yagA_predicted,0.25,3,3,CATGACCACCTGGCAAAGCT,0,4455889
yagB_insX_yagA_predicted,0.25,3,3,CATGACATGAATTAGGACCC,0,4453971
yagB_insX_yagA_predicted,0.25,3,3,CATCCTGGAAGCCTGGCGAG,0,4460617
yagB_insX_yagA_predicted,0.25,3,3,CATCAGCCACGCCTATAAGT,0,4438979
yagB_insX_yagA_predicted,0.25,3,3,CATCAACTAAAACTTACGTT,0,4436062
yagB_insX_yagA_predicted,0.25,3,3,CATATGGGCTGCGGGTCGTT,0,4437431
yagB_insX_yagA_predicted,0.25,3,3,CATATCAATCGGATCGCGGG,0,4442580
yagB_insX_yagA_predicted,0.25,3,3,CATATAGGTATGTGCTGCGG,0,4462794
yagB_insX_yagA_predicted,0.25,3,3,CATAGTATGAACCGTAACCT,0,4464017
yagB_insX_yagA_predicted,0.25,3,3,CATAGGACCGACTCCGTTCT,0,4451674
yagB_insX_yagA_predicted,0.25,3,3,CATACTCAGCGGAAGGTGCA,0,4448711
yagB_insX_yagA_predicted,0.25,3,3,CATACATGTAGTTTGACAGG,0,4437182
yagB_insX_yagA_predicted,0.25,3,3,CATACAGTGTTCTGAGAACT,0,4471385
yagB_insX_yagA_predicted,0.25,3,3,CATAATCGATGTGGGCCTTT,0,4452114
yagB_insX_yagA_predicted,0.25,3,3,CATAACCTACAGGTGTCATA,0,4436290
yagB_insX_yagA_predicted,0.25,3,3,CAGTTATATTATAGAGAAGA,0,4458139
yagB_insX_yagA_predicted,0.25,3,3,CAGTTACCAGACGGTGCGAG,0,4455824
yagB_insX_yagA_predicted,0.25,3,3,CAGTGTCTGAGCGAGCCCTA,0,4464462
yagB_insX_yagA_predicted,0.25,3,3,CAGTGATACAAAGTCTTGCT,0,4459919
yagB_insX_yagA_predicted,0.25,3,3,CAGTAGCACTACATCATCAT,0,4466397
yagB_insX_yagA_predicted,0.25,3,3,CAGTAGCAATCGTACTGACA,0,4471206
yagB_insX_yagA_predicted,0.25,3,3,CAGGTAGAGGTCAACTAGCT,0,4461145
yagB_insX_yagA_predicted,0.25,3,3,CAGGCCGGTTTACAGTAAGC,0,4440449
yagB_insX_yagA_predicted,0.25,3,3,CAGGCCCAAGGATGAAGCTC,0,4451372
yagB_insX_yagA_predicted,0.25,3,3,CAGGAGCCGTTTATAAATTG,0,4453250
yagB_insX_yagA_predicted,0.25,3,3,CAGGACTCGTAAACGGTCAT,0,4461402
yagB_insX_yagA_predicted,0.25,3,3,CAGGAAACAAGAAAATGGGA,0,4465447
yagB_insX_yagA_predicted,0.25,3,3,CAGCTATACGAGTACATTTA,0,4451190
yagB_insX_yagA_predicted,0.25,3,3,CAGCTAGCGGTAATCAGAGA,0,4468684
yagB_insX_yagA_predicted,0.25,3,3,CAGCGTTCTCCACGTTGGCA,0,4440602
yagB_insX_yagA_predicted,0.25,3,3,CAGCGTGTTTTATTGCTCGT,0,4445079
yagB_insX_yagA_predicted,0.25,3,3,CAGCGTGAGACCTGGGGAAA,0,4443102
yagB_insX_yagA_predicted,0.25,3,3,CAGCCGTTTGGTCTCATAGA,0,4469781
yagB_insX_yagA_predicted,0.25,3,3,CAGCATGTACAGCAACAATT,0,4466467
yagB_insX_yagA_predicted,0.25,3,3,CAGAGCTAACTGGTTCTGTG,0,4453629
yagB_insX_yagA_predicted,0.25,3,3,CAGACATATATGAAGTCATC,0,4460643
yagB_insX_yagA_predicted,0.25,3,3,CACTTTGTGGTACCTAATCG,0,4464210
yagB_insX_yagA_predicted,0.25,3,3,CACTTATCGGCTTGTTCAAG,0,4452183
yagB_insX_yagA_predicted,0.25,3,3,CACTTAGATTCGGTATCAGC,0,4453382
yagB_insX_yagA_predicted,0.25,3,3,CACTGTTTATAGGGCAAGGC,0,4446376
yagB_insX_yagA_predicted,0.25,3,3,CACTACCATTTTGTTTTGCA,0,4448322
yagB_insX_yagA_predicted,0.25,3,3,CACGGGCCCGAAGGGGAGAT,0,4469338
yagB_insX_yagA_predicted,0.25,3,3,CACGGCTAATCTGTATCGTT,0,4465112
yagB_insX_yagA_predicted,0.25,3,3,CACGGCCAGTCAACTCAGTA,0,4447127
yagB_insX_yagA_predicted,0.25,3,3,CACGCGATTTCCTACCTTGT,0,4458112
yagB_insX_yagA_predicted,0.25,3,3,CACCTAAGAAGCTCTGCACA,0,4453152
yagB_insX_yagA_predicted,0.25,3,3,CACCGAAACACGTTTCGTTC,0,4452324
yagB_insX_yagA_predicted,0.25,3,3,CACCCGATGGGCTGTCCTCA,0,4455981
yagB_insX_yagA_predicted,0.25,3,3,CACAGTGTTTAATCACTTCG,0,4450578
yagB_insX_yagA_predicted,0.25,3,3,CACACGTTCTATCGCAGAGA,0,4442322
yagB_insX_yagA_predicted,0.25,3,3,CACACAGTTGATTTCTCAGA,0,4459607
yagB_insX_yagA_predicted,0.25,3,3,CACACACAAGAGAAGGATGT,0,4461490
yagB_insX_yagA_predicted,0.25,3,3,CACAAATTTTTCCGTTGACG,0,4437100
yagB_insX_yagA_predicted,0.25,3,3,CAATTGATGGGCTTTTGATT,0,4445809
yagB_insX_yagA_predicted,0.25,3,3,CAATGGGACCTGATACTACA,0,4450261
yagB_insX_yagA_predicted,0.25,3,3,CAATGCTTTGTCACTGGCTT,0,4442929
yagB_insX_yagA_predicted,0.25,3,3,CAATAGGGCGATCGTCGTCC,0,4441928
yagB_insX_yagA_predicted,0.25,3,3,CAATACAACCTCCGGTCAGG,0,4436800
yagB_insX_yagA_predicted,0.25,3,3,CAATAAATAAATCTGCTCCC,0,4463186
yagB_insX_yagA_predicted,0.25,3,3,CAAGGGATCTTACCTGGGAT,0,4459242
yagB_insX_yagA_predicted,0.25,3,3,CAAGATGGGACAGTCCCAGC,0,4463216
yagB_insX_yagA_predicted,0.25,3,3,CAACGCCCGTGATCTCCTTG,0,4436976
yagB_insX_yagA_predicted,0.25,3,3,CAACCAGACTCGAATATTAG,0,4462738
yagB_insX_yagA_predicted,0.25,3,3,CAACATTCACTATTCGATCG,0,4467972
yagB_insX_yagA_predicted,0.25,3,3,CAACATAAATCTCTTTAAGC,0,4455901
yagB_insX_yagA_predicted,0.25,3,3,ATTTTCATGCACGAGTCGCC,0,4449175
yagB_insX_yagA_predicted,0.25,3,3,ATTTCCCGATTAAGTCTATA,0,4438731
yagB_insX_yagA_predicted,0.25,3,3,ATTGTTTTGATAAGACCTAT,0,4451963
yagB_insX_yagA_predicted,0.25,3,3,ATTGCCTTTTCGCTCCTCGC,0,4449701
yagB_insX_yagA_predicted,0.25,3,3,ATTGCCAGAACATGTCGTAA,0,4454032
yagB_insX_yagA_predicted,0.25,3,3,ATTGACCGGTTGTGACGATG,0,4451571
yagB_insX_yagA_predicted,0.25,3,3,ATTCGTGGTGGCGCGTCTGA,0,4451501
yagB_insX_yagA_predicted,0.25,3,3,ATTCATCCGAGGCGAGACAG,0,4437802
yagB_insX_yagA_predicted,0.25,3,3,ATTCAATGAGAGCACAATCT,0,4449903
yagB_insX_yagA_predicted,0.25,3,3,ATTACATTGCAAGAGCTGGG,0,4453768
yagB_insX_yagA_predicted,0.25,3,3,ATGTTCTCATGAATTCCCAT,0,4468374
yagB_insX_yagA_predicted,0.25,3,3,ATGTTCCTCAAACAACGGCT,0,4467601
yagB_insX_yagA_predicted,0.25,3,3,ATGTTATGCCGGAATGGCCT,0,4467675
yagB_insX_yagA_predicted,0.25,3,3,ATGTTAGACCGCCCTGTTAA,0,4456614
yagB_insX_yagA_predicted,0.25,3,3,ATGTGGCGGTATCAAATTTT,0,4450683
yagB_insX_yagA_predicted,0.25,3,3,ATGTCTTGCACGCTTACTCA,0,4461009
yagB_insX_yagA_predicted,0.25,3,3,ATGTCTATAGTTAGTCTGGC,0,4452293
yagB_insX_yagA_predicted,0.25,3,3,ATGTCCTCTTAAATCAAGTT,0,4444656
yagB_insX_yagA_predicted,0.25,3,3,ATGTATATTATAAAGCTGAA,0,4460944
yagB_insX_yagA_predicted,0.25,3,3,ATGGTGAACGAATTGATACC,0,4442325
yagB_insX_yagA_predicted,0.25,3,3,ATGGCCACGGGACTGTATGA,0,4466926
yagB_insX_yagA_predicted,0.25,3,3,ATGGATATGAGGTCCAAGGC,0,4458695
yagB_insX_yagA_predicted,0.25,3,3,ATGCTGAAAGTGGAGCCGCT,0,4443685
yagB_insX_yagA_predicted,0.25,3,3,ATGCCGGGAGACTGTTATAA,0,4450909
yagB_insX_yagA_predicted,0.25,3,3,ATGCCCAACCCGAGCTAGAG,0,4446281
yagB_insX_yagA_predicted,0.25,3,3,ATGCACTTAAACACTTATTG,0,4440598
yagB_insX_yagA_predicted,0.25,3,3,ATGATGGTGTTAGGAGTTCT,0,4464235
yagB_insX_yagA_predicted,0.25,3,3,ATGATCGCTTAAGGAGGCTT,0,4461632
yagB_insX_yagA_predicted,0.25,3,3,ATCTTACTATAATGGTGCAA,0,4437093
yagB_insX_yagA_predicted,0.25,3,3,ATCGTGCAGCACAGGGAAAG,0,4446641
yagB_insX_yagA_predicted,0.25,3,3,ATCGTAGGGGCCTGATCGAG,0,4448036
yagB_insX_yagA_predicted,0.25,3,3,ATCGGAAAACAAGGGTGGCA,0,4448041
yagB_insX_yagA_predicted,0.25,3,3,ATCGCTTCTTCGATAACTTC,0,4467638
yagB_insX_yagA_predicted,0.25,3,3,ATCGATTATATATCTTGCGT,0,4471186
yagB_insX_yagA_predicted,0.25,3,3,ATCGAATAAACTTTTATAAT,0,4450425
yagB_insX_yagA_predicted,0.25,3,3,ATCCGTCGGTTGAGTTCCTA,0,4451096
yagB_insX_yagA_predicted,0.25,3,3,ATCAGGATGTGAGTCCGAAA,0,4468370
yagB_insX_yagA_predicted,0.25,3,3,ATCAGCCGACTCTTGTACAG,0,4470339
yagB_insX_yagA_predicted,0.25,3,3,ATCACTTACCCGGACATGAA,0,4470297
yagB_insX_yagA_predicted,0.25,3,3,ATATGTCATCAAGACGAAAA,0,4444400
yagB_insX_yagA_predicted,0.25,3,3,ATATGTACTGAAACCGAGAG,0,4454084
yagB_insX_yagA_predicted,0.25,3,3,ATATGGTGGTATGCATGAAA,0,4467204
yagB_insX_yagA_predicted,0.25,3,3,ATATGCAGTTGGATGTCGGA,0,4463374
yagB_insX_yagA_predicted,0.25,3,3,ATATGACCGAGATCGGCTGC,0,4457675
yagB_insX_yagA_predicted,0.25,3,3,ATATCTCTAAATCCTGTCAT,0,4436651
yagB_insX_yagA_predicted,0.25,3,3,ATATCAAAGAGTCGAAGCTA,0,4468226
yagB_insX_yagA_predicted,0.25,3,3,ATAGTCAGGACTACGGGGCA,0,4467926
yagB_insX_yagA_predicted,0.25,3,3,ATAGTACAGGTGTGTGGTGG,0,4462373
yagB_insX_yagA_predicted,0.25,3,3,ATAGGTAGGCTGTTGGCCAC,0,4437083
yagB_insX_yagA_predicted,0.25,3,3,ATAGGGACTATGATGAAGAG,0,4463436
yagB_insX_yagA_predicted,0.25,3,3,ATAGCGGAAGTTTCTGTTAA,0,4447090
yagB_insX_yagA_predicted,0.25,3,3,ATAGACCAACCAGGTGGGCG,0,4451291
yagB_insX_yagA_predicted,0.25,3,3,ATAGACACGTGTCAGGTACA,0,4440330
yagB_insX_yagA_predicted,0.25,3,3,ATACGTGGATTTCCTCGTAT,0,4437447
yagB_insX_yagA_predicted,0.25,3,3,ATACGGCCCCATGAATGCGG,0,4451214
yagB_insX_yagA_predicted,0.25,3,3,ATACGAACTGGCTACATCCC,0,4439594
yagB_insX_yagA_predicted,0.25,3,3,ATAATAGCCCTGTATTCGTT,0,4450460
yagB_insX_yagA_predicted,0.25,3,3,ATAAGCATGGTAGGGACAAG,0,4464252
yagB_insX_yagA_predicted,0.25,3,3,ATAACTGTGTTAAGTACACC,0,4465660
yagB_insX_yagA_predicted,0.25,3,3,ATAACCCTGATGCGCTCCAC,0,4449439
yagB_insX_yagA_predicted,0.25,3,3,AGTTGCGCAGTGCTGAAGGC,0,4436598
yagB_insX_yagA_predicted,0.25,3,3,AGTTCCGAGCAGAACGAGTC,0,4450311
yagB_insX_yagA_predicted,0.25,3,3,AGTTCCAAGTTGCCTCGAGG,0,4460424
yagB_insX_yagA_predicted,0.25,3,3,AGTTACTAACCCTTCTCGGG,0,4471546
yagB_insX_yagA_predicted,0.25,3,3,AGTTACGGTTGCGGCCGTAA,0,4471817
yagB_insX_yagA_predicted,0.25,3,3,AGTGTTACATTTACCGATCT,0,4455486
yagB_insX_yagA_predicted,0.25,3,3,AGTGGCTCAGTTGTCTCGAT,0,4436269
yagB_insX_yagA_predicted,0.25,3,3,AGTGGCGAGGGGAGTGGAAT,0,4436893
yagB_insX_yagA_predicted,0.25,3,3,AGTGGAGATACAAGGGGCCC,0,4463352
yagB_insX_yagA_predicted,0.25,3,3,AGTGCAGCGGCCTTTGATAT,0,4447457
yagB_insX_yagA_predicted,0.25,3,3,AGTCTACTTCGCTGCACTAG,0,4445718
yagB_insX_yagA_predicted,0.25,3,3,AGTCGAGTGTAACGGGGATT,0,4443883
yagB_insX_yagA_predicted,0.25,3,3,AGTCCGATTTAAGAGACTGT,0,4470684
yagB_insX_yagA_predicted,0.25,3,3,AGTCCAGCAAGATGTCAAAT,0,4442009
yagB_insX_yagA_predicted,0.25,3,3,AGTCACAGTGTGGGCTTACG,0,4459913
yagB_insX_yagA_predicted,0.25,3,3,AGTACGTCAAATTCCACTTG,0,4461571
yagB_insX_yagA_predicted,0.25,3,3,AGTACGCATAATATGGAAAG,0,4443026
yagB_insX_yagA_predicted,0.25,3,3,AGTAACGCTTTACGGCGCTG,0,4461428
yagB_insX_yagA_predicted,0.25,3,3,AGGTTTCCTAGTAGAAGATT,0,4456129
yagB_insX_yagA_predicted,0.25,3,3,AGGTTGTATTCAAGGGGCTT,0,4446348
yagB_insX_yagA_predicted,0.25,3,3,AGGTTGGGCCAACACTGAAT,0,4459734
yagB_insX_yagA_predicted,0.25,3,3,AGGTGAATCGCCCGGTCCAG,0,4458912
yagB_insX_yagA_predicted,0.25,3,3,AGGGGCCTAGTAGAGTGGCG,0,4448470
yagB_insX_yagA_predicted,0.25,3,3,AGGGGAGTAGTTTAATGGAC,0,4442927
yagB_insX_yagA_predicted,0.25,3,3,AGGGATTCGCGCGCACTCAA,0,4438081
yagB_insX_yagA_predicted,0.25,3,3,AGGGATCGACGTGTCATAAA,0,4443501
yagB_insX_yagA_predicted,0.25,3,3,AGGGAGGGCTAGCCTAAAAA,0,4437164
yagB_insX_yagA_predicted,0.25,3,3,AGGCTGAAAAATTTAGGTTT,0,4442169
yagB_insX_yagA_predicted,0.25,3,3,AGGCTCGTCCTACCTTTAGT,0,4456042
yagB_insX_yagA_predicted,0.25,3,3,AGGCTAAAATGATCACATAG,0,4467755
yagB_insX_yagA_predicted,0.25,3,3,AGGCGTCATGTCATAAGCTC,0,4454497
yagB_insX_yagA_predicted,0.25,3,3,AGGCGCCTATTTCTCGAATT,0,4446564
yagB_insX_yagA_predicted,0.25,3,3,AGGCGCACGCCTTGATATCT,0,4459777
yagB_insX_yagA_predicted,0.25,3,3,AGGCCCGAGTTAATGCGCGC,0,4439847
yagB_insX_yagA_predicted,0.25,3,3,AGGCCATAAAGAGGGACAGT,0,4457351
yagB_insX_yagA_predicted,0.25,3,3,AGGATGGCTGCGCGCCGAGT,0,4464227
yagB_insX_yagA_predicted,0.25,3,3,AGGACTTCGTTCATAGCCTC,0,4446830
yagB_insX_yagA_predicted,0.25,3,3,AGGACTACAGGGCACGGGAA,0,4472393
yagB_insX_yagA_predicted,0.25,3,3,AGGACACGTGTCTCTGAACT,0,4459163
yagB_insX_yagA_predicted,0.25,3,3,AGCTGTTTGGTTCTACGGAG,0,4461181
yagB_insX_yagA_predicted,0.25,3,3,AGCTGGGCGAAAAGACGGCC,0,4466648
yagB_insX_yagA_predicted,0.25,3,3,AGCTCTAATTGTGGTGATTG,0,4459546
yagB_insX_yagA_predicted,0.25,3,3,AGCTCTAACAACATGTTCGA,0,4468348
yagB_insX_yagA_predicted,0.25,3,3,AGCTCCGTACTAAGTAAGTT,0,4460491
yagB_insX_yagA_predicted,0.25,3,3,AGCTACATCACCGGCGGCGC,0,4447853
yagB_insX_yagA_predicted,0.25,3,3,AGCGTTGGCAGTTTGGAGAT,0,4448003
yagB_insX_yagA_predicted,0.25,3,3,AGCGGGCCTACACCCCACAA,0,4470696
yagB_insX_yagA_predicted,0.25,3,3,AGCGATACATACGTCTGCTG,0,4439066
yagB_insX_yagA_predicted,0.25,3,3,AGCCTTCACATTCTTTGTAG,0,4472306
yagB_insX_yagA_predicted,0.25,3,3,AGCCTTAACGATGCCTGATC,0,4461276
yagB_insX_yagA_predicted,0.25,3,3,AGCCTGACAGGGAGGCAGCT,0,4437091
yagB_insX_yagA_predicted,0.25,3,3,AGCATTACCGGCGGTCCCTG,0,4452823
yagB_insX_yagA_predicted,0.25,3,3,AGCATAGTTTAGGCAATGGA,0,4468765
yagB_insX_yagA_predicted,0.25,3,3,AGCATACCAATGGGATGGTC,0,4464281
yagB_insX_yagA_predicted,0.25,3,3,AGCAGGGGACGGAAGCTACC,0,4446617
yagB_insX_yagA_predicted,0.25,3,3,AGCACTGTGATCATATCAGC,0,4449880
yagB_insX_yagA_predicted,0.25,3,3,AGCACGTATCACCACGACGG,0,4464018
yagB_insX_yagA_predicted,0.25,3,3,AGCAAACTTGAGTCTGTAGC,0,4448097
yagB_insX_yagA_predicted,0.25,3,3,AGATGTGAGTATTGCATTAA,0,4471769
yagB_insX_yagA_predicted,0.25,3,3,AGATCTAAGGTAATGATGCA,0,4456393
yagB_insX_yagA_predicted,0.25,3,3,AGATCAAGCGGGATTAGGAA,0,4461498
yagB_insX_yagA_predicted,0.25,3,3,AGATAGGGGAACCAGAAGAG,0,4460147
yagB_insX_yagA_predicted,0.25,3,3,AGATAATCCTGCTGAATTGA,0,4450262
yagB_insX_yagA_predicted,0.25,3,3,AGAGTGATGCACTTAGGCAC,0,4445454
yagB_insX_yagA_predicted,0.25,3,3,AGAGTGATCCGGTTACCGGA,0,4469183
yagB_insX_yagA_predicted,0.25,3,3,AGAGGATCCGTTCTGCTCAC,0,4472296
yagB_insX_yagA_predicted,0.25,3,3,AGAGCTGTCAGTTAATACTA,0,4439533
yagB_insX_yagA_predicted,0.25,3,3,AGAGAAGTTCGGATTCTGCG,0,4445949
yagB_insX_yagA_predicted,0.25,3,3,AGAGAAAGTTCAAAATCATT,0,4441020
yagB_insX_yagA_predicted,0.25,3,3,AGACTCTTGCAATGGAACGT,0,4467968
yagB_insX_yagA_predicted,0.25,3,3,AGACTATTTCTAGGGGGTGC,0,4465539
yagB_insX_yagA_predicted,0.25,3,3,AGACTATAAGACATCGATAG,0,4447251
yagB_insX_yagA_predicted,0.25,3,3,AGACTAATCGGATTCCACAT,0,4455710
yagB_insX_yagA_predicted,0.25,3,3,AGACCAGACCCTGGCCTCGT,0,4451599
yagB_insX_yagA_predicted,0.25,3,3,AGACACTGAGGCCACATTCA,0,4463469
yagB_insX_yagA_predicted,0.25,3,3,AGAACGGATTTTTTTCTCCA,0,4448751
yagB_insX_yagA_predicted,0.25,3,3,AGAACCGCCGAGGGTGTTAT,0,4439790
yagB_insX_yagA_predicted,0.25,3,3,ACTTGATCGCGCTCTGTGTG,0,4455633
yagB_insX_yagA_predicted,0.25,3,3,ACTTGAAGCCCGATCCCGAA,0,4456161
yagB_insX_yagA_predicted,0.25,3,3,ACTTCGAATTCCGGAGAGCC,0,4462520
yagB_insX_yagA_predicted,0.25,3,3,ACTTCCTCTAAATCGGCGGC,0,4440399
yagB_insX_yagA_predicted,0.25,3,3,ACTTACGGAAGGATTTACGT,0,4444509
yagB_insX_yagA_predicted,0.25,3,3,ACTGCCTCTTGGAGTGGCTA,0,4442681
yagB_insX_yagA_predicted,0.25,3,3,ACTGCCCTGCCTGCGGCTGT,0,4444774
yagB_insX_yagA_predicted,0.25,3,3,ACTGAAAGGGTAGCCAATAT,0,4459639
yagB_insX_yagA_predicted,0.25,3,3,ACTCTAGCACGAGTCGCTGT,0,4447344
yagB_insX_yagA_predicted,0.25,3,3,ACTCCTATACAATGATCAGG,0,4472233
yagB_insX_yagA_predicted,0.25,3,3,ACTCCGGTCTGTGCCGGCCA,0,4459338
yagB_insX_yagA_predicted,0.25,3,3,ACTCCATTAACGTGACTAGC,0,4455675
yagB_insX_yagA_predicted,0.25,3,3,ACTCATGTTCATAAGTGTCC,0,4442196
yagB_insX_yagA_predicted,0.25,3,3,ACTCATCGCAAGGCGCTAAT,0,4464387
yagB_insX_yagA_predicted,0.25,3,3,ACTCAAGATGACCTACCCCG,0,4456351
yagB_insX_yagA_predicted,0.25,3,3,ACTCAACTCATCTTCAAAAC,0,4450761
yagB_insX_yagA_predicted,0.25,3,3,ACTAGAGCTCTCGACAGATG,0,4444202
yagB_insX_yagA_predicted,0.25,3,3,ACTACACGTCTACGGATCTG,0,4465065
yagB_insX_yagA_predicted,0.25,3,3,ACGTTGCCCTGCGGTGTCTC,0,4441992
yagB_insX_yagA_predicted,0.25,3,3,ACGTTCATGGGGAATAGGCT,0,4446823
yagB_insX_yagA_predicted,0.25,3,3,ACGTTAGTCCGCGCGGGTCG,0,4448408
yagB_insX_yagA_predicted,0.25,3,3,ACGTCAGTTCGGCTCGGCGG,0,4440923
yagB_insX_yagA_predicted,0.25,3,3,ACGTATTAGCCGGGGCATTC,0,4453060
yagB_insX_yagA_predicted,0.25,3,3,ACGTAACTTATAAAAGGTTC,0,4451035
yagB_insX_yagA_predicted,0.25,3,3,ACGGAGCGCCTGTGGGGGGA,0,4441094
yagB_insX_yagA_predicted,0.25,3,3,ACGCGTTACAGATGCAATGT,0,4460365
yagB_insX_yagA_predicted,0.25,3,3,ACGATATCGATGAGAGAATA,0,4467096
yagB_insX_yagA_predicted,0.25,3,3,ACGAGGTATGCATAGGCGTT,0,4456673
yagB_insX_yagA_predicted,0.25,3,3,ACGAGGGAACGCTAACTAAT,0,4468610
yagB_insX_yagA_predicted,0.25,3,3,ACGAGAGGGGCGATTGTCAC,0,4445973
yagB_insX_yagA_predicted,0.25,3,3,ACGACCTGGTCTTCTCAAGT,0,4457992
yagB_insX_yagA_predicted,0.25,3,3,ACGAATAATTACTTTCGCCA,0,4442855
yagB_insX_yagA_predicted,0.25,3,3,ACGAAAGGCAGGGCTCTCCC,0,4450288
yagB_insX_yagA_predicted,0.25,3,3,ACCTTCGCTAACACGGAGCG,0,4454507
yagB_insX_yagA_predicted,0.25,3,3,ACCTTCAAGGTGACCATGTG,0,4454158
yagB_insX_yagA_predicted,0.25,3,3,ACCTTAGTCCAGCTTTCAAG,0,4451042
yagB_insX_yagA_predicted,0.25,3,3,ACCTGAACTGAATAGTCCAC,0,4465669
yagB_insX_yagA_predicted,0.25,3,3,ACCGCTACAGCTCTCAGATA,0,4459332
yagB_insX_yagA_predicted,0.25,3,3,ACCCTCAAGGTTAGATGTGA,0,4452271
yagB_insX_yagA_predicted,0.25,3,3,ACCCGTGTCAAGTCCTTCTA,0,4448449
yagB_insX_yagA_predicted,0.25,3,3,ACCAGCTCGCCTAGAGCGAC,0,4462908
yagB_insX_yagA_predicted,0.25,3,3,ACCACGTAGGGTCATCGATC,0,4444546
yagB_insX_yagA_predicted,0.25,3,3,ACCAATGGCTTGGTGGGAAG,0,4443859
yagB_insX_yagA_predicted,0.25,3,3,ACATTGGTGTCAGATTAGCC,0,4445617
yagB_insX_yagA_predicted,0.25,3,3,ACATTCTGTGTTCGCTCTCA,0,4450669
yagB_insX_yagA_predicted,0.25,3,3,ACATGCCTTGGAGCTCGTGC,0,4454550
yagB_insX_yagA_predicted,0.25,3,3,ACATGATCATGCCGGAAGTC,0,4438264
yagB_insX_yagA_predicted,0.25,3,3,ACATATCACAATACAGCGGC,0,4464242
yagB_insX_yagA_predicted,0.25,3,3,ACATAGAAAGATGCTTGCTA,0,4440860
yagB_insX_yagA_predicted,0.25,3,3,ACAGGTTTTCGCTCGTTGGT,0,4469975
yagB_insX_yagA_predicted,0.25,3,3,ACAGGGATACTTCCTTAACT,0,4459646
yagB_insX_yagA_predicted,0.25,3,3,ACAGCTGAACAGTACCTAAC,0,4457773
yagB_insX_yagA_predicted,0.25,3,3,ACAGCAACTGGTGGCCATTG,0,4450351
yagB_insX_yagA_predicted,0.25,3,3,ACAGACAATGCATGCGAGAG,0,4447076
yagB_insX_yagA_predicted,0.25,3,3,ACACCAAGGGATAGACGTTA,0,4469945
yagB_insX_yagA_predicted,0.25,3,3,ACACAGGGGGAAGAAACGAT,0,4455542
yagB_insX_yagA_predicted,0.25,3,3,ACAATATGTTGTAAGGTGGA,0,4451134
yagB_insX_yagA_predicted,0.25,3,3,ACAAGTGCAGAGCATCATGA,0,4470788
yagB_insX_yagA_predicted,0.25,3,3,ACAAGGGGAATGACCAATTT,0,4449195
yagB_insX_yagA_predicted,0.25,3,3,ACAAGATTGCCGTGATCGGT,0,4438239
yagB_insX_yagA_predicted,0.25,3,3,ACAACGACATGTTTCTTCCG,0,4437010
yagB_insX_yagA_predicted,0.25,3,3,ACAACCTTAGAAACCGACCA,0,4449794
yagB_insX_yagA_predicted,0.25,3,3,ACAACCGTGCGAACAGCATG,0,4454194
yagB_insX_yagA_predicted,0.25,3,3,ACAACCAGCCGCACCTCGTG,0,4446173
yagB_insX_yagA_predicted,0.25,3,3,ACAACAAGGAGTATCTGTGG,0,4441239
yagB_insX_yagA_predicted,0.25,3,3,ACAAACCCCTAACCGCAGTC,0,4464433
yagB_insX_yagA_predicted,0.25,3,3,AATTGATTCCAGACAAAGCT,0,4468982
yagB_insX_yagA_predicted,0.25,3,3,AATTCCGCTTTTGGAGGGAT,0,4465632
yagB_insX_yagA_predicted,0.25,3,3,AATTCAGTTAACTAGGCGTG,0,4471604
yagB_insX_yagA_predicted,0.25,3,3,AATGCTCAAAGCCGTATTTA,0,4456040
yagB_insX_yagA_predicted,0.25,3,3,AATGACCATGAGTTCCTGAC,0,4456605
yagB_insX_yagA_predicted,0.25,3,3,AATCGGTCCTTTTTCAAGAT,0,4464458
yagB_insX_yagA_predicted,0.25,3,3,AATCAGGCAATCCTTGGGTG,0,4459796
yagB_insX_yagA_predicted,0.25,3,3,AATCACCCTACCATGCTAAT,0,4470529
yagB_insX_yagA_predicted,0.25,3,3,AATAGAACAGGTAGCGATCG,0,4439978
yagB_insX_yagA_predicted,0.25,3,3,AATACGTTTTCACCCCTACC,0,4442401
yagB_insX_yagA_predicted,0.25,3,3,AATACGGACTACGGAGGATG,0,4468491
yagB_insX_yagA_predicted,0.25,3,3,AATAATAAGTCCGTGATTCA,0,4447021
yagB_insX_yagA_predicted,0.25,3,3,AATAACCCGTCTGCTCACGG,0,4449781
yagB_insX_yagA_predicted,0.25,3,3,AATAACCCATATGGGGCGGC,0,4451205
yagB_insX_yagA_predicted,0.25,3,3,AAGTTATGTTGATGGATGTG,0,4440719
yagB_insX_yagA_predicted,0.25,3,3,AAGGTATCTCTCGCCGAGAA,0,4471165
yagB_insX_yagA_predicted,0.25,3,3,AAGGGCCAGAACGCGTTGCG,0,4451319
yagB_insX_yagA_predicted,0.25,3,3,AAGGAAGCTATTCCACATAG,0,4450834
yagB_insX_yagA_predicted,0.25,3,3,AAGCAATTGATCACGCGGGA,0,4454903
yagB_insX_yagA_predicted,0.25,3,3,AAGATGCCGCGAATGCCCAC,0,4439246
yagB_insX_yagA_predicted,0.25,3,3,AAGATATGATGTAGCGCATA,0,4467722
yagB_insX_yagA_predicted,0.25,3,3,AAGAGTGGGTGTCGCAGGGT,0,4454392
yagB_insX_yagA_predicted,0.25,3,3,AAGACGAACACAGTCGAACA,0,4439991
yagB_insX_yagA_predicted,0.25,3,3,AAGACCCAGTTCCCCCGAGC,0,4444367
yagB_insX_yagA_predicted,0.25,3,3,AAGAAAGAAGAGTGATCCTT,0,4450289
yagB_insX_yagA_predicted,0.25,3,3,AACTTGTCCATTCTCCTCAT,0,4471013
yagB_insX_yagA_predicted,0.25,3,3,AACTTACATCGAGCGAGGGT,0,4448845
yagB_insX_yagA_predicted,0.25,3,3,AACTATCGTTCTTCTGGAGA,0,4443373
yagB_insX_yagA_predicted,0.25,3,3,AACTAGAGGGGCACAAAACA,0,4465171
yagB_insX_yagA_predicted,0.25,3,3,AACGGCAGTCTTACGGAAGG,0,4461176
yagB_insX_yagA_predicted,0.25,3,3,AACGATACCGGGGCGCTTCT,0,4454174
yagB_insX_yagA_predicted,0.25,3,3,AACGAGCCTACGAGGCATGA,0,4455676
yagB_insX_yagA_predicted,0.25,3,3,AACGACCGTTTTTCCTCGAG,0,4452201
yagB_insX_yagA_predicted,0.25,3,3,AACGAAGAGTGTAGGAGACA,0,4460709
yagB_insX_yagA_predicted,0.25,3,3,AACCTGGATAGTGTATTCGA,0,4440646
yagB_insX_yagA_predicted,0.25,3,3,AACCGTACCGGTACGGCTTA,0,4453172
yagB_insX_yagA_predicted,0.25,3,3,AACCCTGGGATGGCCGTATG,0,4470497
yagB_insX_yagA_predicted,0.25,3,3,AACCAACTGTATATTCCTAC,0,4460573
yagB_insX_yagA_predicted,0.25,3,3,AACATTGCGTAATCTACGTG,0,4451151
yagB_insX_yagA_predicted,0.25,3,3,AACATATGGGCGACCCCATG,0,4442415
yagB_insX_yagA_predicted,0.25,3,3,AACAGTCGAGACCCTTTGTA,0,4457601
yagB_insX_yagA_predicted,0.25,3,3,AACAGCGTGTAAGTAGACTC,0,4458289
yagB_insX_yagA_predicted,0.25,3,3,AACAATCACGGCGAGTTCAA,0,4456957
yagB_insX_yagA_predicted,0.25,3,3,AACAAGAGTATTTCGATGTG,0,4469426
yagB_insX_yagA_predicted,0.25,3,3,AAATTGTGCAAACGCGTTAA,0,4462646
yagB_insX_yagA_predicted,0.25,3,3,AAATGGTCCTCAAGCGATCA,0,4444174
yagB_insX_yagA_predicted,0.25,3,3,AAATGGGGCTTAATGAGTTC,0,4448749
yagB_insX_yagA_predicted,0.25,3,3,AAATATTGTACTTGATATAG,0,4465834
yagB_insX_yagA_predicted,0.25,3,3,AAATATTCGCTGTAAAGTTG,0,4441110
yagB_insX_yagA_predicted,0.25,3,3,AAAGTTTGGTCCTTCATAGC,0,4445655
yagB_insX_yagA_predicted,0.25,3,3,AAAGTCAGTAACGGTTTATA,0,4439906
yagB_insX_yagA_predicted,0.25,3,3,AAAGTAAAGGCCAACCTTTC,0,4467146
yagB_insX_yagA_predicted,0.25,3,3,AAAGGTGGAATGGACAGGTA,0,4442076
yagB_insX_yagA_predicted,0.25,3,3,AAAGGGGTCAAATCTCGGAC,0,4437120
yagB_insX_yagA_predicted,0.25,3,3,AAAGCTGCAGGATCTTACGC,0,4460867
yagB_insX_yagA_predicted,0.25,3,3,AAACTTTGTCGTCGCGTCCA,0,4448588
yagB_insX_yagA_predicted,0.25,3,3,AAACGATGCAGAGTGGGCTC,0,4443540
yagB_insX_yagA_predicted,0.25,3,3,AAACCGAATACGGTTGCAAT,0,4461092
yagB_insX_yagA_predicted,0.25,3,3,AAACATAGCTCAATGTAGGC,0,4444590
yagB_insX_yagA_predicted,0.25,3,3,AAACAGTGGGACCTCACGTC,0,4445112
yagB_insX_yagA_predicted,0.25,3,3,AAACAGCCTATTTTAGGATC,0,4436783
yagB_insX_yagA_predicted,0.3333333333333333,2,2,TTTTGTTCAATTGTCCGCCC,0,4442116
yagB_insX_yagA_predicted,0.3333333333333333,2,2,TTTTCGTTTGATAGGCCGGT,0,4457672
yagB_insX_yagA_predicted,0.3333333333333333,2,2,TTTTCGACATTGCGGTAGAT,0,4468307
yagB_insX_yagA_predicted,0.3333333333333333,2,2,TTTTATATTGCACACCATTC,0,4454680
yagB_insX_yagA_predicted,0.3333333333333333,2,2,TTTTAATTGGCAACAAGGGT,0,4457839
yagB_insX_yagA_predicted,0.3333333333333333,2,2,TTTGGGTAACATATGACCGT,0,4448719
yagB_insX_yagA_predicted,0.3333333333333333,2,2,TTTGCATACTCGGTGCGGAA,0,4461516
yagB_insX_yagA_predicted,0.3333333333333333,2,2,TTTGAGATCGTGTTTTCGAA,0,4444553
yagB_insX_yagA_predicted,0.3333333333333333,2,2,TTTCTAACATAACGAATGCT,0,4450466
yagB_insX_yagA_predicted,0.3333333333333333,2,2,TTTCGGCGGAATGCGCTTGT,0,4445008
yagB_insX_yagA_predicted,0.3333333333333333,2,2,TTTCCAATCGCGCCGGGGAT,0,4457647
yagB_insX_yagA_predicted,0.3333333333333333,2,2,TTTAGTCCTGGAAAGCAATG,0,4440939
yagB_insX_yagA_predicted,0.3333333333333333,2,2,TTTAGAGAATCAAGAGTCCC,0,4441585
yagB_insX_yagA_predicted,0.3333333333333333,2,2,TTTAGAACCTAGCGTACTCG,0,4456530
yagB_insX_yagA_predicted,0.3333333333333333,2,2,TTTACCCCCTGTGGAAGCCG,0,4451390
yagB_insX_yagA_predicted,0.3333333333333333,2,2,TTTACACCAAATATGCTCTC,0,4439353
yagB_insX_yagA_predicted,0.3333333333333333,2,2,TTGTTCCTTTAGCATCCGGT,0,4447276
yagB_insX_yagA_predicted,0.3333333333333333,2,2,TTGTCTGCCCAATTATAATA,0,4462688
yagB_insX_yagA_predicted,0.3333333333333333,2,2,TTGTATTCGAGAGTGCAGTA,0,4436901
yagB_insX_yagA_predicted,0.3333333333333333,2,2,TTGTAGTTCGGATATATGAT,0,4443093
yagB_insX_yagA_predicted,0.3333333333333333,2,2,TTGTACACGGCGCGCCTTCT,0,4458144
yagB_insX_yagA_predicted,0.3333333333333333,2,2,TTGGTTTTAAGGAATCGTGT,0,4462429
yagB_insX_yagA_predicted,0.3333333333333333,2,2,TTGGTCCAAGGTTGATTCCT,0,4463260
yagB_insX_yagA_predicted,0.3333333333333333,2,2,TTGGTAAACTATGCATACAC,0,4439200
yagB_insX_yagA_predicted,0.3333333333333333,2,2,TTGGGGCGTAAGGGGTTACA,0,4438763
yagB_insX_yagA_predicted,0.3333333333333333,2,2,TTGGATTCCATAGACTTTCA,0,4460919
yagB_insX_yagA_predicted,0.3333333333333333,2,2,TTGGATGTCAAACTACATAG,0,4452536
yagB_insX_yagA_predicted,0.3333333333333333,2,2,TTGGATCATAAAGGCACAAT,0,4461987
yagB_insX_yagA_predicted,0.3333333333333333,2,2,TTGGATACATCCTTGTGTAA,0,4462590
yagB_insX_yagA_predicted,0.3333333333333333,2,2,TTGGAGGGTGGGGTAGCCCT,0,4455116
yagB_insX_yagA_predicted,0.3333333333333333,2,2,TTGGAAAACCCTGAGGAATC,0,4454938
yagB_insX_yagA_predicted,0.3333333333333333,2,2,TTGCGGTGGTCCTGCGTCTA,0,4467565
yagB_insX_yagA_predicted,0.3333333333333333,2,2,TTGCCCGTTCACTACTCGGG,0,4456808
yagB_insX_yagA_predicted,0.3333333333333333,2,2,TTGCATCCTTACGAGGTTCA,0,4456009
yagB_insX_yagA_predicted,0.3333333333333333,2,2,TTGCAGACGCCACGTATGAA,0,4455270
yagB_insX_yagA_predicted,0.3333333333333333,2,2,TTGCAACGGAGGTGGGGACC,0,4440008
yagB_insX_yagA_predicted,0.3333333333333333,2,2,TTGAGACCAATGCCTCATTT,0,4464646
yagB_insX_yagA_predicted,0.3333333333333333,2,2,TTGAGAAAAGAGATAAATCA,0,4471888
yagB_insX_yagA_predicted,0.3333333333333333,2,2,TTGACGTTAGGCCTTAACTA,0,4466461
yagB_insX_yagA_predicted,0.3333333333333333,2,2,TTGACGCTAGATGATCCCTG,0,4470062
yagB_insX_yagA_predicted,0.3333333333333333,2,2,TTCTTACAAGCCCCGCCACA,0,4449226
yagB_insX_yagA_predicted,0.3333333333333333,2,2,TTCTCGTGCATGAATACCGA,0,4439302
yagB_insX_yagA_predicted,0.3333333333333333,2,2,TTCTCGAAAGGAAATTCTCC,0,4436045
yagB_insX_yagA_predicted,0.3333333333333333,2,2,TTCTCACAGGACCATTGCAA,0,4461696
yagB_insX_yagA_predicted,0.3333333333333333,2,2,TTCTACATTGGTTGCTGGCT,0,4470001
yagB_insX_yagA_predicted,0.3333333333333333,2,2,TTCGACCGTTTAAGTTTAAT,0,4457898
yagB_insX_yagA_predicted,0.3333333333333333,2,2,TTCCTACATATCAGCCCCGC,0,4443043
yagB_insX_yagA_predicted,0.3333333333333333,2,2,TTCCGGTTTTAGCTGCGCGA,0,4466517
yagB_insX_yagA_predicted,0.3333333333333333,2,2,TTCCCGATATTTGACAAGAC,0,4471693
yagB_insX_yagA_predicted,0.3333333333333333,2,2,TTCCCAGGAAAAAGGGTTAT,0,4464298
yagB_insX_yagA_predicted,0.3333333333333333,2,2,TTCATTACGTCATTTGGTCC,0,4445725
yagB_insX_yagA_predicted,0.3333333333333333,2,2,TTCATAGTAGTGTTGGCTGC,0,4449138
yagB_insX_yagA_predicted,0.3333333333333333,2,2,TTCACTGTTCCGGCTTCACT,0,4447643
yagB_insX_yagA_predicted,0.3333333333333333,2,2,TTATTTAGAAAACTGCATTC,0,4438819
yagB_insX_yagA_predicted,0.3333333333333333,2,2,TTATTCGGCCGACTTTTATA,0,4465168
yagB_insX_yagA_predicted,0.3333333333333333,2,2,TTATGAATCTTGTTTGGTGA,0,4463457
yagB_insX_yagA_predicted,0.3333333333333333,2,2,TTATAGTACATTAGGACGGG,0,4456217
yagB_insX_yagA_predicted,0.3333333333333333,2,2,TTAGTACAAACGGAGGGTTC,0,4436750
yagB_insX_yagA_predicted,0.3333333333333333,2,2,TTAGATTCTTCGTTGATATT,0,4467797
yagB_insX_yagA_predicted,0.3333333333333333,2,2,TTAGACGTTACCCGCTATGG,0,4471657
yagB_insX_yagA_predicted,0.3333333333333333,2,2,TTAGACGTAGAAATCATAAT,0,4448590
yagB_insX_yagA_predicted,0.3333333333333333,2,2,TTAGAAGTTTAATACGCTGT,0,4459512
yagB_insX_yagA_predicted,0.3333333333333333,2,2,TTACGCGGAAGATTGGTCCA,0,4438248
yagB_insX_yagA_predicted,0.3333333333333333,2,2,TTACCGACGTCGTTACTTGC,0,4463746
yagB_insX_yagA_predicted,0.3333333333333333,2,2,TTACAACACGGGTCGTGTAC,0,4463594
yagB_insX_yagA_predicted,0.3333333333333333,2,2,TTAATATTCATCTTGAAAAG,0,4451169
yagB_insX_yagA_predicted,0.3333333333333333,2,2,TTAATATTATGTTGTTACGG,0,4463317
yagB_insX_yagA_predicted,0.3333333333333333,2,2,TTAAGTAGAGTTCGGAAGTC,0,4442040
yagB_insX_yagA_predicted,0.3333333333333333,2,2,TTAAGGCTAAACCCGAATGG,0,4456352
yagB_insX_yagA_predicted,0.3333333333333333,2,2,TTAAGGCAGGTCAGCCTAGC,0,4442061
yagB_insX_yagA_predicted,0.3333333333333333,2,2,TTAAGAAGTTCACACCTGCA,0,4463422
yagB_insX_yagA_predicted,0.3333333333333333,2,2,TTAAAGTTAGCTAATATCGC,0,4468363
yagB_insX_yagA_predicted,0.3333333333333333,2,2,TTAAACATCTTCCGTGCAAC,0,4439792
yagB_insX_yagA_predicted,0.3333333333333333,2,2,TGTTTTCATTATCTTTAAGC,0,4470694
yagB_insX_yagA_predicted,0.3333333333333333,2,2,TGTTTAGGCGGATTCGTTTG,0,4467910
yagB_insX_yagA_predicted,0.3333333333333333,2,2,TGTTGTGATCGAATTTGGCT,0,4468552
yagB_insX_yagA_predicted,0.3333333333333333,2,2,TGTGTTGGGAGTTACCCCGT,0,4445971
yagB_insX_yagA_predicted,0.3333333333333333,2,2,TGTGGTGGGGTGGCCCTCAG,0,4461475
yagB_insX_yagA_predicted,0.3333333333333333,2,2,TGTGCACGCCAGGACTGCAG,0,4466490
yagB_insX_yagA_predicted,0.3333333333333333,2,2,TGTCTAACCAAGAGATGACG,0,4454744
yagB_insX_yagA_predicted,0.3333333333333333,2,2,TGTCGCCAAAATTTTTCACT,0,4444022
yagB_insX_yagA_predicted,0.3333333333333333,2,2,TGTCCGCCACCGCTGCCTAT,0,4466980
yagB_insX_yagA_predicted,0.3333333333333333,2,2,TGTCCACTCGGCATCTTTGA,0,4453915
yagB_insX_yagA_predicted,0.3333333333333333,2,2,TGTCAAGCTGCTATTCTTGA,0,4451694
yagB_insX_yagA_predicted,0.3333333333333333,2,2,TGTATCATTACGGTATCGAA,0,4446941
yagB_insX_yagA_predicted,0.3333333333333333,2,2,TGTAGTGGGCGGTCGAAACC,0,4447525
yagB_insX_yagA_predicted,0.3333333333333333,2,2,TGGTTAAGATAGTGTCGGGG,0,4468005
yagB_insX_yagA_predicted,0.3333333333333333,2,2,TGGTGGAGGCCTTATTGGTG,0,4450339
yagB_insX_yagA_predicted,0.3333333333333333,2,2,TGGTGAAGGGAGAACTCCCT,0,4463665
yagB_insX_yagA_predicted,0.3333333333333333,2,2,TGGTCATATGCGCAGTCCGG,0,4438091
yagB_insX_yagA_predicted,0.3333333333333333,2,2,TGGTCATAAATCTTCCAGCC,0,4438855
yagB_insX_yagA_predicted,0.3333333333333333,2,2,TGGTAGGAATCATATGGGGA,0,4450952
yagB_insX_yagA_predicted,0.3333333333333333,2,2,TGGGTGTGGAAACCCTTTCG,0,4464528
yagB_insX_yagA_predicted,0.3333333333333333,2,2,TGGGTCAGTATCTAGCCACT,0,4443779
yagB_insX_yagA_predicted,0.3333333333333333,2,2,TGGGGATGCTCCATCGGTCC,0,4452018
yagB_insX_yagA_predicted,0.3333333333333333,2,2,TGGGCAGAATCGACAGGATC,0,4440930
yagB_insX_yagA_predicted,0.3333333333333333,2,2,TGGCTTAGGGTGCGGCTTCG,0,4455528
yagB_insX_yagA_predicted,0.3333333333333333,2,2,TGGCTGGTCGCCAGCTGTTA,0,4446488
yagB_insX_yagA_predicted,0.3333333333333333,2,2,TGGCTGCCAGGGCATCCCCA,0,4437746
yagB_insX_yagA_predicted,0.3333333333333333,2,2,TGGCTCCCTCCTGTTCAAGC,0,4442190
yagB_insX_yagA_predicted,0.3333333333333333,2,2,TGGCGTTGCGAGGTGCTACG,0,4455249
yagB_insX_yagA_predicted,0.3333333333333333,2,2,TGGCGTACTACCGGAATAGG,0,4436040
yagB_insX_yagA_predicted,0.3333333333333333,2,2,TGGCGCATCGTAGATGCAAG,0,4455166
yagB_insX_yagA_predicted,0.3333333333333333,2,2,TGGCCTCGCAGTTAAAGGAT,0,4446256
yagB_insX_yagA_predicted,0.3333333333333333,2,2,TGGCCGATCTAGAGGATGCA,0,4466841
yagB_insX_yagA_predicted,0.3333333333333333,2,2,TGGCCCTAAGGGAACGGTTA,0,4439534
yagB_insX_yagA_predicted,0.3333333333333333,2,2,TGGAGTGGGGTCAACATTTT,0,4469527
yagB_insX_yagA_predicted,0.3333333333333333,2,2,TGGACTTAACCAGCACGTTT,0,4459980
yagB_insX_yagA_predicted,0.3333333333333333,2,2,TGCTGCAGCAGGGTCTGGGT,0,4440996
yagB_insX_yagA_predicted,0.3333333333333333,2,2,TGCTGACCCGTCCACGTGGC,0,4436910
yagB_insX_yagA_predicted,0.3333333333333333,2,2,TGCTCATACCCGGTCACGTC,0,4450085
yagB_insX_yagA_predicted,0.3333333333333333,2,2,TGCTAGGCGGGGCCGTCGAG,0,4451382
yagB_insX_yagA_predicted,0.3333333333333333,2,2,TGCGTGTCCGCTAAAGTGGA,0,4463475
yagB_insX_yagA_predicted,0.3333333333333333,2,2,TGCGTACGTCTTTGGCCGTC,0,4462187
yagB_insX_yagA_predicted,0.3333333333333333,2,2,TGCGGATAGGACTCTAAAAT,0,4455742
yagB_insX_yagA_predicted,0.3333333333333333,2,2,TGCGCCTGCTCAGGTAATGC,0,4460739
yagB_insX_yagA_predicted,0.3333333333333333,2,2,TGCGCCCGGTGGAGGTCGCA,0,4469561
yagB_insX_yagA_predicted,0.3333333333333333,2,2,TGCGCCCAGGCAATGAGCCC,0,4457330
yagB_insX_yagA_predicted,0.3333333333333333,2,2,TGCCGTTGTCCGTAGCTGGC,0,4470682
yagB_insX_yagA_predicted,0.3333333333333333,2,2,TGCCGCGTGGGAGTTTGGCG,0,4471464
yagB_insX_yagA_predicted,0.3333333333333333,2,2,TGCCACGGAGACGGTTTGGA,0,4435939
yagB_insX_yagA_predicted,0.3333333333333333,2,2,TGCATCTAAACTTTACCCAA,0,4445113
yagB_insX_yagA_predicted,0.3333333333333333,2,2,TGCATCGCACAGCATTATCA,0,4442972
yagB_insX_yagA_predicted,0.3333333333333333,2,2,TGCATACTCAATACTTATAC,0,4468748
yagB_insX_yagA_predicted,0.3333333333333333,2,2,TGCACAGAAAACGTACAAGG,0,4436098
yagB_insX_yagA_predicted,0.3333333333333333,2,2,TGCAAGGGTGAGCCCCCATA,0,4460497
yagB_insX_yagA_predicted,0.3333333333333333,2,2,TGCAAAATATTGACGATAGT,0,4469093
yagB_insX_yagA_predicted,0.3333333333333333,2,2,TGATGTGCTGATCGAAAGCG,0,4443183
yagB_insX_yagA_predicted,0.3333333333333333,2,2,TGATGGGATATAAGAGACAA,0,4468755
yagB_insX_yagA_predicted,0.3333333333333333,2,2,TGATGATAGTGTTACCAGTG,0,4457739
yagB_insX_yagA_predicted,0.3333333333333333,2,2,TGATCCAGGGGTTGCGGGAG,0,4457095
yagB_insX_yagA_predicted,0.3333333333333333,2,2,TGAGCGAGAGATGTCAGCTG,0,4468614
yagB_insX_yagA_predicted,0.3333333333333333,2,2,TGAGACGTAACGAAAAGGGA,0,4472355
yagB_insX_yagA_predicted,0.3333333333333333,2,2,TGACTCGTTAATCAAGAGGA,0,4442533
yagB_insX_yagA_predicted,0.3333333333333333,2,2,TGACAGGTAGTTTCGCAACC,0,4469228
yagB_insX_yagA_predicted,0.3333333333333333,2,2,TGAAGAGGCACGACGTAAGT,0,4447536
yagB_insX_yagA_predicted,0.3333333333333333,2,2,TCTTTGAGCCGGAACCTCAA,0,4468589
yagB_insX_yagA_predicted,0.3333333333333333,2,2,TCTTGCACCCGCTCACGACT,0,4462198
yagB_insX_yagA_predicted,0.3333333333333333,2,2,TCTTGAGACGCTTACCGCGA,0,4456998
yagB_insX_yagA_predicted,0.3333333333333333,2,2,TCTTCGCCTATGAGAATTAT,0,4437840
yagB_insX_yagA_predicted,0.3333333333333333,2,2,TCTTACCCACTGAAGATGCT,0,4460034
yagB_insX_yagA_predicted,0.3333333333333333,2,2,TCTGGGGTTTCATTAGGGTT,0,4446831
yagB_insX_yagA_predicted,0.3333333333333333,2,2,TCTCTTATACGCTAACTTGT,0,4465251
yagB_insX_yagA_predicted,0.3333333333333333,2,2,TCTCCGCTCGTTCAATTACG,0,4441426
yagB_insX_yagA_predicted,0.3333333333333333,2,2,TCTCCGAACAGTCTCACTCA,0,4472116
yagB_insX_yagA_predicted,0.3333333333333333,2,2,TCTCATGCGCGGCGCCCGGA,0,4437159
yagB_insX_yagA_predicted,0.3333333333333333,2,2,TCTATAGGTACATGCAAAAG,0,4469694
yagB_insX_yagA_predicted,0.3333333333333333,2,2,TCTAGCATCCCCGGTCTTGT,0,4435983
yagB_insX_yagA_predicted,0.3333333333333333,2,2,TCTACTTGATAAGGTCTTTT,0,4459650
yagB_insX_yagA_predicted,0.3333333333333333,2,2,TCTACCTAAAGAGTCGGTTC,0,4464610
yagB_insX_yagA_predicted,0.3333333333333333,2,2,TCTAAGTAATTTAACTTGTG,0,4442798
yagB_insX_yagA_predicted,0.3333333333333333,2,2,TCGTTGAGAAGCAAGGGGGC,0,4448585
yagB_insX_yagA_predicted,0.3333333333333333,2,2,TCGTTCCGGTTGATTGAATG,0,4450772
yagB_insX_yagA_predicted,0.3333333333333333,2,2,TCGTGTAACGAAACACCTAT,0,4441944
yagB_insX_yagA_predicted,0.3333333333333333,2,2,TCGTGATACTGACTCGTATG,0,4450525
yagB_insX_yagA_predicted,0.3333333333333333,2,2,TCGTCCGGTAATTGTCGATG,0,4443110
yagB_insX_yagA_predicted,0.3333333333333333,2,2,TCGGTCATTGCCTACTTCCA,0,4468272
yagB_insX_yagA_predicted,0.3333333333333333,2,2,TCGGGTGGAGTCTACTTCGT,0,4458053
yagB_insX_yagA_predicted,0.3333333333333333,2,2,TCGGGCCGAACCATGGTATC,0,4451596
yagB_insX_yagA_predicted,0.3333333333333333,2,2,TCGGCTTGGCGCAAAGTCCA,0,4468207
yagB_insX_yagA_predicted,0.3333333333333333,2,2,TCGGATGTAGCGCCAGGCTT,0,4466077
yagB_insX_yagA_predicted,0.3333333333333333,2,2,TCGGAACCGAGTGCGAATTT,0,4437455
yagB_insX_yagA_predicted,0.3333333333333333,2,2,TCGCTGGCGGTGGCGGAGTT,0,4465978
yagB_insX_yagA_predicted,0.3333333333333333,2,2,TCGCTAGGTTTACTAATTAG,0,4449765
yagB_insX_yagA_predicted,0.3333333333333333,2,2,TCGCGTATCGTCACATTGGA,0,4466649
yagB_insX_yagA_predicted,0.3333333333333333,2,2,TCGCCATAATCGCCGATGTG,0,4451924
yagB_insX_yagA_predicted,0.3333333333333333,2,2,TCGCCAAGAGGGTGAAACTC,0,4443688
yagB_insX_yagA_predicted,0.3333333333333333,2,2,TCGCAATTAGTGGTAAATGA,0,4462243
yagB_insX_yagA_predicted,0.3333333333333333,2,2,TCGACTAGGGGGGTTTTAGG,0,4445917
yagB_insX_yagA_predicted,0.3333333333333333,2,2,TCGACATTAGGCTACTTCCT,0,4469244
yagB_insX_yagA_predicted,0.3333333333333333,2,2,TCGAATGATAAGACGTATGA,0,4450110
yagB_insX_yagA_predicted,0.3333333333333333,2,2,TCGAAGTACCCCGAGCCGTG,0,4453908
yagB_insX_yagA_predicted,0.3333333333333333,2,2,TCGAAATCCGGCAAGTGATG,0,4436495
yagB_insX_yagA_predicted,0.3333333333333333,2,2,TCGAAAAGGCAATAGGTATC,0,4441586
yagB_insX_yagA_predicted,0.3333333333333333,2,2,TCCTTGGACATAGTCGGAAT,0,4465503
yagB_insX_yagA_predicted,0.3333333333333333,2,2,TCCTGCTGTTTGACACATTG,0,4451715
yagB_insX_yagA_predicted,0.3333333333333333,2,2,TCCTGCTCATCCACCAGCGT,0,4456096
yagB_insX_yagA_predicted,0.3333333333333333,2,2,TCCTGCCCTGGCCCACCCTA,0,4444149
yagB_insX_yagA_predicted,0.3333333333333333,2,2,TCCTGAGTCTGAGAGGAACT,0,4442508
yagB_insX_yagA_predicted,0.3333333333333333,2,2,TCCTCGAGAGATCTTGTAAA,0,4450371
yagB_insX_yagA_predicted,0.3333333333333333,2,2,TCCTCACACGGAGCTTGGAA,0,4471147
yagB_insX_yagA_predicted,0.3333333333333333,2,2,TCCTATGTAGCTATGCAGGG,0,4464178
yagB_insX_yagA_predicted,0.3333333333333333,2,2,TCCTATCCCGTACCTTTCAA,0,4435973
yagB_insX_yagA_predicted,0.3333333333333333,2,2,TCCGTGCAGGATAATAAAGT,0,4437712
yagB_insX_yagA_predicted,0.3333333333333333,2,2,TCCGTACAGTCTCGATAACT,0,4449353
yagB_insX_yagA_predicted,0.3333333333333333,2,2,TCCGGGTTATGTGCTAAGAT,0,4448790
yagB_insX_yagA_predicted,0.3333333333333333,2,2,TCCGGCAGGGACCTGGCAAT,0,4468201
yagB_insX_yagA_predicted,0.3333333333333333,2,2,TCCGAATACCGCGAGCGGCT,0,4465840
yagB_insX_yagA_predicted,0.3333333333333333,2,2,TCCCTACCTGGGCCTGAGAT,0,4458793
yagB_insX_yagA_predicted,0.3333333333333333,2,2,TCCCGGGTGCGGTGGTTGTG,0,4469201
yagB_insX_yagA_predicted,0.3333333333333333,2,2,TCCCCCCAAGAACTCCTTTC,0,4459718
yagB_insX_yagA_predicted,0.3333333333333333,2,2,TCCATGGAGACCCACGTTCC,0,4450975
yagB_insX_yagA_predicted,0.3333333333333333,2,2,TCCATGCCGCGTCGTGCCTT,0,4457447
yagB_insX_yagA_predicted,0.3333333333333333,2,2,TCCATCACAATGGGGACACG,0,4460077
yagB_insX_yagA_predicted,0.3333333333333333,2,2,TCCAGCACGTAGTGCTCCCA,0,4463566
yagB_insX_yagA_predicted,0.3333333333333333,2,2,TCCACAACTGCACTTAATAT,0,4452959
yagB_insX_yagA_predicted,0.3333333333333333,2,2,TCCAAGATACCTTAGGATTA,0,4467529
yagB_insX_yagA_predicted,0.3333333333333333,2,2,TCCAAAAAGCGACGTTCACC,0,4440850
yagB_insX_yagA_predicted,0.3333333333333333,2,2,TCATTGAGGGCTGGTGAAGT,0,4471658
yagB_insX_yagA_predicted,0.3333333333333333,2,2,TCATGGGCCTATGGTGCATT,0,4438107
yagB_insX_yagA_predicted,0.3333333333333333,2,2,TCATGCCGCTGCGACAGTTA,0,4460171
yagB_insX_yagA_predicted,0.3333333333333333,2,2,TCATCTCGGTTTGTCGCTAC,0,4460807
yagB_insX_yagA_predicted,0.3333333333333333,2,2,TCATAGACATATGGAGTACA,0,4441388
yagB_insX_yagA_predicted,0.3333333333333333,2,2,TCAGTCGGTAATACCGTCCA,0,4454370
yagB_insX_yagA_predicted,0.3333333333333333,2,2,TCAGCTCCGTGCAAAACATT,0,4441890
yagB_insX_yagA_predicted,0.3333333333333333,2,2,TCAGCTAAAAATCGCTACGG,0,4467769
yagB_insX_yagA_predicted,0.3333333333333333,2,2,TCAGACGGATATGTTGATGT,0,4464389
yagB_insX_yagA_predicted,0.3333333333333333,2,2,TCAGAACGACACTGAAATAT,0,4447544
yagB_insX_yagA_predicted,0.3333333333333333,2,2,TCACGGAGTTACCACCAATC,0,4456542
yagB_insX_yagA_predicted,0.3333333333333333,2,2,TCACACGCGGGACTCGTCGT,0,4444340
yagB_insX_yagA_predicted,0.3333333333333333,2,2,TCAAGCGGAGAAGCGTCAAC,0,4461385
yagB_insX_yagA_predicted,0.3333333333333333,2,2,TCAACTGTTATGACCGGAAC,0,4450634
yagB_insX_yagA_predicted,0.3333333333333333,2,2,TCAAACACCGTCTGAAGGCT,0,4440113
yagB_insX_yagA_predicted,0.3333333333333333,2,2,TATTTTGTGGTGGGAGGCTA,0,4448758
yagB_insX_yagA_predicted,0.3333333333333333,2,2,TATTTTCACTACTGCTAGTC,0,4456709
yagB_insX_yagA_predicted,0.3333333333333333,2,2,TATTTGGGACCTTACTCCCA,0,4459762
yagB_insX_yagA_predicted,0.3333333333333333,2,2,TATTTCGTAGCGCAGCACTG,0,4454488
yagB_insX_yagA_predicted,0.3333333333333333,2,2,TATTGGCCGTCTCAGCCGTG,0,4437391
yagB_insX_yagA_predicted,0.3333333333333333,2,2,TATTCGGTCATTGGTGGCCT,0,4450399
yagB_insX_yagA_predicted,0.3333333333333333,2,2,TATTCGGGGTGGTCGGTAGT,0,4459240
yagB_insX_yagA_predicted,0.3333333333333333,2,2,TATGTTACCTTCGCCTCTTC,0,4465213
yagB_insX_yagA_predicted,0.3333333333333333,2,2,TATGTAGGGGGATTTGAGCG,0,4440368
yagB_insX_yagA_predicted,0.3333333333333333,2,2,TATGTAGGAAATGGTACCCC,0,4440305
yagB_insX_yagA_predicted,0.3333333333333333,2,2,TATGCGTAGGGAGACCGGCG,0,4465704
yagB_insX_yagA_predicted,0.3333333333333333,2,2,TATGCGCCCACACGATTTCC,0,4456218
yagB_insX_yagA_predicted,0.3333333333333333,2,2,TATGACGAGATGCTAGGTAG,0,4451004
yagB_insX_yagA_predicted,0.3333333333333333,2,2,TATCGGTAATACGTAGGGTG,0,4465238
yagB_insX_yagA_predicted,0.3333333333333333,2,2,TATCGGACCTATACCACGCA,0,4452915
yagB_insX_yagA_predicted,0.3333333333333333,2,2,TATCCGCCATTAGTGTAGAC,0,4458645
yagB_insX_yagA_predicted,0.3333333333333333,2,2,TATATGTCATTGTCAGGTTA,0,4439775
yagB_insX_yagA_predicted,0.3333333333333333,2,2,TATATCCATTGAACTGCCAG,0,4457135
yagB_insX_yagA_predicted,0.3333333333333333,2,2,TATATAAAAGTAAGCAGGCA,0,4458835
yagB_insX_yagA_predicted,0.3333333333333333,2,2,TATACTCCCCGTAGCACGTG,0,4469913
yagB_insX_yagA_predicted,0.3333333333333333,2,2,TATACGTGCTAACTCCAGGT,0,4464827
yagB_insX_yagA_predicted,0.3333333333333333,2,2,TATACCCCAAGTGTGACTTA,0,4439669
yagB_insX_yagA_predicted,0.3333333333333333,2,2,TATAACAGGCGGTACATCTG,0,4446270
yagB_insX_yagA_predicted,0.3333333333333333,2,2,TAGTTAGGTAGTAAGATGGT,0,4446472
yagB_insX_yagA_predicted,0.3333333333333333,2,2,TAGGTGTGGTGGAAATACTA,0,4449329
yagB_insX_yagA_predicted,0.3333333333333333,2,2,TAGGCTGGCTTGCGAGAGGG,0,4449619
yagB_insX_yagA_predicted,0.3333333333333333,2,2,TAGGCGTGACGACAGTTCAA,0,4468203
yagB_insX_yagA_predicted,0.3333333333333333,2,2,TAGGACAGGGAACTTATTAA,0,4436645
yagB_insX_yagA_predicted,0.3333333333333333,2,2,TAGGAAGACCACTGTACGCT,0,4443062
yagB_insX_yagA_predicted,0.3333333333333333,2,2,TAGCTGAGGTCTGTAAAGAT,0,4466567
yagB_insX_yagA_predicted,0.3333333333333333,2,2,TAGCGAACATCAGAGGAGCT,0,4450749
yagB_insX_yagA_predicted,0.3333333333333333,2,2,TAGCAGCCAAAGCCTTTGAC,0,4457424
yagB_insX_yagA_predicted,0.3333333333333333,2,2,TAGCACTGTCATCAGGGCGA,0,4456918
yagB_insX_yagA_predicted,0.3333333333333333,2,2,TAGATTACGTACAGCACCAC,0,4455679
yagB_insX_yagA_predicted,0.3333333333333333,2,2,TAGAGCGTTCTTCATCGAAG,0,4471347
yagB_insX_yagA_predicted,0.3333333333333333,2,2,TAGAACTGCCTTAGATTCAT,0,4437233
yagB_insX_yagA_predicted,0.3333333333333333,2,2,TAGAACCGACTTTGGACCTA,0,4443044
yagB_insX_yagA_predicted,0.3333333333333333,2,2,TACTTATGTTTTCTGGCTGA,0,4445681
yagB_insX_yagA_predicted,0.3333333333333333,2,2,TACGCGTGTTCGATCCGCTC,0,4442482
yagB_insX_yagA_predicted,0.3333333333333333,2,2,TACGATTTTTCTTGTCCATA,0,4452438
yagB_insX_yagA_predicted,0.3333333333333333,2,2,TACGACACATTTGAATAAGT,0,4457965
yagB_insX_yagA_predicted,0.3333333333333333,2,2,TACCCCCTTCTCTGAACCGT,0,4439867
yagB_insX_yagA_predicted,0.3333333333333333,2,2,TACCAGTGTCAGATACTTGG,0,4451823
yagB_insX_yagA_predicted,0.3333333333333333,2,2,TACCAATAAGAGTAATCGGC,0,4447747
yagB_insX_yagA_predicted,0.3333333333333333,2,2,TACATTTAGGAACCAGGAAT,0,4444859
yagB_insX_yagA_predicted,0.3333333333333333,2,2,TACAGATAGCCGTTACAAAT,0,4456297
yagB_insX_yagA_predicted,0.3333333333333333,2,2,TACACCAACCGGCTACTGAA,0,4444658
yagB_insX_yagA_predicted,0.3333333333333333,2,2,TACACATTGGGAATGTTTCT,0,4463361
yagB_insX_yagA_predicted,0.3333333333333333,2,2,TACAAGGTTTAGCGGTTGTC,0,4468979
yagB_insX_yagA_predicted,0.3333333333333333,2,2,TAATTTGCCTGTGGGTTGAC,0,4448373
yagB_insX_yagA_predicted,0.3333333333333333,2,2,TAATTTCTTACATCTCATTG,0,4440841
yagB_insX_yagA_predicted,0.3333333333333333,2,2,TAATTTCGGCCCGCGTAACA,0,4465613
yagB_insX_yagA_predicted,0.3333333333333333,2,2,TAATTGGTTTATCGCGTCTA,0,4457034
yagB_insX_yagA_predicted,0.3333333333333333,2,2,TAATTAGCAGCTGATCGACA,0,4454482
yagB_insX_yagA_predicted,0.3333333333333333,2,2,TAATGGCAAGGTTATGGGAC,0,4462717
yagB_insX_yagA_predicted,0.3333333333333333,2,2,TAATATTTTTCACGTCCTTA,0,4472073
yagB_insX_yagA_predicted,0.3333333333333333,2,2,TAATAATCTAAACCGCGTCA,0,4450408
yagB_insX_yagA_predicted,0.3333333333333333,2,2,TAAGTTGTTTCGCGCTCGCG,0,4467888
yagB_insX_yagA_predicted,0.3333333333333333,2,2,TAAGTGCGCTATATGGCAAT,0,4464369
yagB_insX_yagA_predicted,0.3333333333333333,2,2,TAAGTGAGACGACGCGCTTG,0,4438728
yagB_insX_yagA_predicted,0.3333333333333333,2,2,TAAGGTACGTATCGCCACAC,0,4460473
yagB_insX_yagA_predicted,0.3333333333333333,2,2,TAAGCGCTGTTCAGGTGTCA,0,4452761
yagB_insX_yagA_predicted,0.3333333333333333,2,2,TAAGCATGGTTTTCATGTGT,0,4468407
yagB_insX_yagA_predicted,0.3333333333333333,2,2,TAAGATGACACTGGTTGCAC,0,4458405
yagB_insX_yagA_predicted,0.3333333333333333,2,2,TAAGATCGAGAATAGGTGGG,0,4439400
yagB_insX_yagA_predicted,0.3333333333333333,2,2,TAACTCTTGGCCGGAACCGG,0,4457964
yagB_insX_yagA_predicted,0.3333333333333333,2,2,TAAATTGCGGTAGGTGTGGT,0,4454664
yagB_insX_yagA_predicted,0.3333333333333333,2,2,TAAACTTTCGTTAAGATCTT,0,4460393
yagB_insX_yagA_predicted,0.3333333333333333,2,2,TAAAACCTGACCCGTGCCCA,0,4465037
yagB_insX_yagA_predicted,0.3333333333333333,2,2,GTTTTCTCTCGCACCTTCAT,0,4453262
yagB_insX_yagA_predicted,0.3333333333333333,2,2,GTTTGCTCCTTTACTAGATG,0,4454045
yagB_insX_yagA_predicted,0.3333333333333333,2,2,GTTGGGCCCGCGCCTCCCAA,0,4444705
yagB_insX_yagA_predicted,0.3333333333333333,2,2,GTTGGCCTGACGCGGAGGTG,0,4443323
yagB_insX_yagA_predicted,0.3333333333333333,2,2,GTTGCTTATACCACGAGGAT,0,4436718
yagB_insX_yagA_predicted,0.3333333333333333,2,2,GTTCTGAATGTATCTACACA,0,4454933
yagB_insX_yagA_predicted,0.3333333333333333,2,2,GTTCGTACACTGTAAAATGC,0,4440102
yagB_insX_yagA_predicted,0.3333333333333333,2,2,GTTCCTTATCCCGTCCTGTA,0,4456068
yagB_insX_yagA_predicted,0.3333333333333333,2,2,GTTCCTGTATGACCGACTCT,0,4461872
yagB_insX_yagA_predicted,0.3333333333333333,2,2,GTTCCTAGTTCACTAGACCC,0,4457127
yagB_insX_yagA_predicted,0.3333333333333333,2,2,GTTCCGATTCTTAAAGAATA,0,4438920
yagB_insX_yagA_predicted,0.3333333333333333,2,2,GTTCAAGAAGGTTTACGGCC,0,4458171
yagB_insX_yagA_predicted,0.3333333333333333,2,2,GTTACTGTCTGAATTAATAT,0,4439798
yagB_insX_yagA_predicted,0.3333333333333333,2,2,GTTACACGTCGGATAAAGCT,0,4456349
yagB_insX_yagA_predicted,0.3333333333333333,2,2,GTTAAGTTAGAGTAGGGTAT,0,4445837
yagB_insX_yagA_predicted,0.3333333333333333,2,2,GTTAAGTCGGACACTTGGAT,0,4437189
yagB_insX_yagA_predicted,0.3333333333333333,2,2,GTTAAAACCATCTTTGGTTA,0,4440739
yagB_insX_yagA_predicted,0.3333333333333333,2,2,GTGTGGCAGTGAGGGTGTGT,0,4456686
yagB_insX_yagA_predicted,0.3333333333333333,2,2,GTGTCTTGGATTGAGCTATG,0,4435941
yagB_insX_yagA_predicted,0.3333333333333333,2,2,GTGTAACGTTGTGTTTAATT,0,4435960
yagB_insX_yagA_predicted,0.3333333333333333,2,2,GTGGTATAACTGATTCTTTG,0,4454094
yagB_insX_yagA_predicted,0.3333333333333333,2,2,GTGGCTTTGCAGCGTCACTA,0,4444279
yagB_insX_yagA_predicted,0.3333333333333333,2,2,GTGGCTCCCGTACCGGCCCA,0,4468850
yagB_insX_yagA_predicted,0.3333333333333333,2,2,GTGGCCTAAATGTCTTGACC,0,4469575
yagB_insX_yagA_predicted,0.3333333333333333,2,2,GTGGATAACCGGTATTGCAA,0,4468732
yagB_insX_yagA_predicted,0.3333333333333333,2,2,GTGGACAGAATCCGGTCAAC,0,4439477
yagB_insX_yagA_predicted,0.3333333333333333,2,2,GTGCTCATACGAGCTCGTGT,0,4463826
yagB_insX_yagA_predicted,0.3333333333333333,2,2,GTGCGTTGAGGATTCATTCA,0,4449210
yagB_insX_yagA_predicted,0.3333333333333333,2,2,GTGATTCTGTAATGAAGTAG,0,4446710
yagB_insX_yagA_predicted,0.3333333333333333,2,2,GTGAGTAGGCCACTTCAATC,0,4456078
yagB_insX_yagA_predicted,0.3333333333333333,2,2,GTGAGGATGATCCATTGTCC,0,4442102
yagB_insX_yagA_predicted,0.3333333333333333,2,2,GTGACATGACGTCGATTGAG,0,4438227
yagB_insX_yagA_predicted,0.3333333333333333,2,2,GTGAAAGCTCGACACAGTGT,0,4471331
yagB_insX_yagA_predicted,0.3333333333333333,2,2,GTCTGACTGTAACGGGCGTT,0,4448227
yagB_insX_yagA_predicted,0.3333333333333333,2,2,GTCTCTAAAGGACAGTGTCC,0,4460540
yagB_insX_yagA_predicted,0.3333333333333333,2,2,GTCTCAGTCTAGGTGGCACC,0,4436823
yagB_insX_yagA_predicted,0.3333333333333333,2,2,GTCTAGTTGGTCGCACTCTC,0,4455295
yagB_insX_yagA_predicted,0.3333333333333333,2,2,GTCGGCGTGTATCAACTACT,0,4442115
yagB_insX_yagA_predicted,0.3333333333333333,2,2,GTCGGACATCGTTTTGCTCA,0,4458933
yagB_insX_yagA_predicted,0.3333333333333333,2,2,GTCCGGTAACCGCAAAACAC,0,4454851
yagB_insX_yagA_predicted,0.3333333333333333,2,2,GTCCGCTCCGGTACTCACAC,0,4451424
yagB_insX_yagA_predicted,0.3333333333333333,2,2,GTCCCGCACGGTAGGTAAGC,0,4455864
yagB_insX_yagA_predicted,0.3333333333333333,2,2,GTCAGGGGTGTGGTGCTGCC,0,4463491
yagB_insX_yagA_predicted,0.3333333333333333,2,2,GTCAGAGAGTGACACAGTCC,0,4448963
yagB_insX_yagA_predicted,0.3333333333333333,2,2,GTCACGATTGGCAACCCTTT,0,4451133
yagB_insX_yagA_predicted,0.3333333333333333,2,2,GTATTACATATGCCTTATGC,0,4453964
yagB_insX_yagA_predicted,0.3333333333333333,2,2,GTATTAACCGGACGGACCCT,0,4464836
yagB_insX_yagA_predicted,0.3333333333333333,2,2,GTATGGGTACATTTCCTGTA,0,4465641
yagB_insX_yagA_predicted,0.3333333333333333,2,2,GTATCCTCGAACTTCGGAGG,0,4454578
yagB_insX_yagA_predicted,0.3333333333333333,2,2,GTATATGAACGTCTCGTCCA,0,4465069
yagB_insX_yagA_predicted,0.3333333333333333,2,2,GTAGTTGAGACGGGCTAGCC,0,4437704
yagB_insX_yagA_predicted,0.3333333333333333,2,2,GTAGGGAATCGGTCGATTGC,0,4453962
yagB_insX_yagA_predicted,0.3333333333333333,2,2,GTACTGCGGATCACTCTCTG,0,4457075
yagB_insX_yagA_predicted,0.3333333333333333,2,2,GTACTACCTGGCTTCTAATG,0,4446330
yagB_insX_yagA_predicted,0.3333333333333333,2,2,GTACCTCTTTATTGGCTAAT,0,4453874
yagB_insX_yagA_predicted,0.3333333333333333,2,2,GTACCAAAGTCGAAGATCGA,0,4448479
yagB_insX_yagA_predicted,0.3333333333333333,2,2,GTAATCGTGAGTATGGTTGC,0,4448879
yagB_insX_yagA_predicted,0.3333333333333333,2,2,GTAATAGCCACCGGATGGCA,0,4464779
yagB_insX_yagA_predicted,0.3333333333333333,2,2,GGTTTTCCCGGACTTAAGCA,0,4470407
yagB_insX_yagA_predicted,0.3333333333333333,2,2,GGTTTGCTCTAAGGAATAGG,0,4443868
yagB_insX_yagA_predicted,0.3333333333333333,2,2,GGTTTAGGTGTAACCGAGTG,0,4459747
yagB_insX_yagA_predicted,0.3333333333333333,2,2,GGTTCCAACAAGAGTACTAG,0,4449680
yagB_insX_yagA_predicted,0.3333333333333333,2,2,GGTTAGAGCTGTACAAGAGG,0,4458047
yagB_insX_yagA_predicted,0.3333333333333333,2,2,GGTTAGACGTGGCAAAGGCG,0,4460571
yagB_insX_yagA_predicted,0.3333333333333333,2,2,GGTGTGCAACCTTAGGGGCG,0,4452334
yagB_insX_yagA_predicted,0.3333333333333333,2,2,GGTGTCCTTCCGTTTTCACT,0,4464754
yagB_insX_yagA_predicted,0.3333333333333333,2,2,GGTGTCCGCAGAGTTCTGGT,0,4436643
yagB_insX_yagA_predicted,0.3333333333333333,2,2,GGTGCTGGAACAAGTACCTC,0,4444387
yagB_insX_yagA_predicted,0.3333333333333333,2,2,GGTGCCCTGCTTACCGCGTG,0,4443517
yagB_insX_yagA_predicted,0.3333333333333333,2,2,GGTGCCCCGTTCTCCTCCTC,0,4453862
yagB_insX_yagA_predicted,0.3333333333333333,2,2,GGTCTATCAAGGCGGGGAAG,0,4468566
yagB_insX_yagA_predicted,0.3333333333333333,2,2,GGTCGATTTCGCCGCAAAGG,0,4471467
yagB_insX_yagA_predicted,0.3333333333333333,2,2,GGTCGAGCTATGCTTGCATT,0,4466087
yagB_insX_yagA_predicted,0.3333333333333333,2,2,GGTCCTGGATCCGTGTGATC,0,4462928
yagB_insX_yagA_predicted,0.3333333333333333,2,2,GGTCCTACATACGATCACGC,0,4447558
yagB_insX_yagA_predicted,0.3333333333333333,2,2,GGTCAAGCATTATTAGTGTT,0,4447479
yagB_insX_yagA_predicted,0.3333333333333333,2,2,GGTATTTCCCTTAATACATG,0,4439928
yagB_insX_yagA_predicted,0.3333333333333333,2,2,GGTAATGGGGGTGGTTAGGC,0,4437017
yagB_insX_yagA_predicted,0.3333333333333333,2,2,GGTAAGGTTCAACGGTAATC,0,4447926
yagB_insX_yagA_predicted,0.3333333333333333,2,2,GGGTTTCTGGGACATCGAAT,0,4442276
yagB_insX_yagA_predicted,0.3333333333333333,2,2,GGGTTCCGCTACCCAGGAAT,0,4442852
yagB_insX_yagA_predicted,0.3333333333333333,2,2,GGGTTCAGACGCTAGAGACG,0,4470485
yagB_insX_yagA_predicted,0.3333333333333333,2,2,GGGTTAGAGCCGCGTGTCGG,0,4458251
yagB_insX_yagA_predicted,0.3333333333333333,2,2,GGGTGGCCGCTTCCTCAACG,0,4442125
yagB_insX_yagA_predicted,0.3333333333333333,2,2,GGGTGATCGGGGATATGAGA,0,4450030
yagB_insX_yagA_predicted,0.3333333333333333,2,2,GGGTCGCGAACGAGTTCTCG,0,4448925
yagB_insX_yagA_predicted,0.3333333333333333,2,2,GGGTATCGGTCAGGCTCTAC,0,4459029
yagB_insX_yagA_predicted,0.3333333333333333,2,2,GGGTAAAGACAGAAGTGAGT,0,4466064
yagB_insX_yagA_predicted,0.3333333333333333,2,2,GGGGTTGATGAAGGAATTTT,0,4437505
yagB_insX_yagA_predicted,0.3333333333333333,2,2,GGGGGTCCTGGCAAACATCG,0,4455232
yagB_insX_yagA_predicted,0.3333333333333333,2,2,GGGGCTGTTAACCGCATTAT,0,4468575
yagB_insX_yagA_predicted,0.3333333333333333,2,2,GGGGCATCGACTGTGTTTCT,0,4446949
yagB_insX_yagA_predicted,0.3333333333333333,2,2,GGGGATCGGCACCCCTGAAT,0,4469405
yagB_insX_yagA_predicted,0.3333333333333333,2,2,GGGCTTGCCGGTTCTGGTGC,0,4439862
yagB_insX_yagA_predicted,0.3333333333333333,2,2,GGGCTTCCTAGGCTTAGCCC,0,4457960
yagB_insX_yagA_predicted,0.3333333333333333,2,2,GGGCTATCGCGGCTTTGCTT,0,4462649
yagB_insX_yagA_predicted,0.3333333333333333,2,2,GGGCGTCTTACCACCAGTGT,0,4452245
yagB_insX_yagA_predicted,0.3333333333333333,2,2,GGGCGCGTGGCGCAGCTGCC,0,4442932
yagB_insX_yagA_predicted,0.3333333333333333,2,2,GGGCGACAAGGCCCCGCTAT,0,4463338
yagB_insX_yagA_predicted,0.3333333333333333,2,2,GGGCCTACCTTAGCAAAATG,0,4443270
yagB_insX_yagA_predicted,0.3333333333333333,2,2,GGGCCGACGAGTCGTGTCAC,0,4463387
yagB_insX_yagA_predicted,0.3333333333333333,2,2,GGGCCCCGTACTAACCTTTT,0,4446914
yagB_insX_yagA_predicted,0.3333333333333333,2,2,GGGCATAAGCTGTTGGAGTA,0,4458799
yagB_insX_yagA_predicted,0.3333333333333333,2,2,GGGATTTGCAGTCTGAGTCC,0,4450417
yagB_insX_yagA_predicted,0.3333333333333333,2,2,GGGATTGAATAATGATGACA,0,4442598
yagB_insX_yagA_predicted,0.3333333333333333,2,2,GGGACAAGGCGCACAGCCGC,0,4438233
yagB_insX_yagA_predicted,0.3333333333333333,2,2,GGGAATGGCAAAGACTTTAC,0,4469735
yagB_insX_yagA_predicted,0.3333333333333333,2,2,GGGAAAGGCGCGATGCATAC,0,4456858
yagB_insX_yagA_predicted,0.3333333333333333,2,2,GGCTTTCGGTCCTAAAGGTG,0,4454467
yagB_insX_yagA_predicted,0.3333333333333333,2,2,GGCTTGAAGGAGAGGTGACA,0,4465246
yagB_insX_yagA_predicted,0.3333333333333333,2,2,GGCTGGGTCGGTATTGATGA,0,4437675
yagB_insX_yagA_predicted,0.3333333333333333,2,2,GGCTGCTTGTCTCGGTACGG,0,4443567
yagB_insX_yagA_predicted,0.3333333333333333,2,2,GGCTCCGGTTGACAGGTCAC,0,4472134
yagB_insX_yagA_predicted,0.3333333333333333,2,2,GGCTCATGTCTCCTATGCCT,0,4462718
yagB_insX_yagA_predicted,0.3333333333333333,2,2,GGCTACCAAATCGGTTTAGA,0,4445009
yagB_insX_yagA_predicted,0.3333333333333333,2,2,GGCGGGGCCTAACCCCATCG,0,4439110
yagB_insX_yagA_predicted,0.3333333333333333,2,2,GGCGGCGCTGATACTTCATT,0,4441663
yagB_insX_yagA_predicted,0.3333333333333333,2,2,GGCGCGGCTCGATGCATCTT,0,4436226
yagB_insX_yagA_predicted,0.3333333333333333,2,2,GGCGCAGTGGTATAGCCGCT,0,4464656
yagB_insX_yagA_predicted,0.3333333333333333,2,2,GGCCTGTGTGATAGGCTTCG,0,4454941
yagB_insX_yagA_predicted,0.3333333333333333,2,2,GGCCGAGAATTGTTATCAAT,0,4463902
yagB_insX_yagA_predicted,0.3333333333333333,2,2,GGCCCGCCGTCCTTAGGATC,0,4463378
yagB_insX_yagA_predicted,0.3333333333333333,2,2,GGCCCGAGGGCTATTCAGTA,0,4453301
yagB_insX_yagA_predicted,0.3333333333333333,2,2,GGCCCGAGGCGTTCGTGTTG,0,4453765
yagB_insX_yagA_predicted,0.3333333333333333,2,2,GGCCCCGAACGTTCTCTGAG,0,4452973
yagB_insX_yagA_predicted,0.3333333333333333,2,2,GGCCCCCCCTATCGCTGCTG,0,4467911
yagB_insX_yagA_predicted,0.3333333333333333,2,2,GGCCAGAAGGATTCGCCGCT,0,4462461
yagB_insX_yagA_predicted,0.3333333333333333,2,2,GGCATAAACGTTTGAGAATG,0,4450378
yagB_insX_yagA_predicted,0.3333333333333333,2,2,GGCAATTTCCGCACGTAGTC,0,4459988
yagB_insX_yagA_predicted,0.3333333333333333,2,2,GGATTTTCTTATAGATCGGC,0,4453708
yagB_insX_yagA_predicted,0.3333333333333333,2,2,GGATTGACGGGTAAATACCT,0,4451631
yagB_insX_yagA_predicted,0.3333333333333333,2,2,GGATGGACCTTAACTTATGC,0,4465422
yagB_insX_yagA_predicted,0.3333333333333333,2,2,GGATGCGCTCAAGCTTCAAG,0,4470618
yagB_insX_yagA_predicted,0.3333333333333333,2,2,GGATGAGGGCAACACAAGGG,0,4442661
yagB_insX_yagA_predicted,0.3333333333333333,2,2,GGATCTATGAGAGCCCTTAC,0,4470274
yagB_insX_yagA_predicted,0.3333333333333333,2,2,GGATATTTAGTCTCACCGCT,0,4455738
yagB_insX_yagA_predicted,0.3333333333333333,2,2,GGATAGCTTGGTCCTCACGG,0,4441462
yagB_insX_yagA_predicted,0.3333333333333333,2,2,GGAGTACGAGTGTGTACTTG,0,4469738
yagB_insX_yagA_predicted,0.3333333333333333,2,2,GGAGTACGAACAAGACTTTA,0,4448006
yagB_insX_yagA_predicted,0.3333333333333333,2,2,GGAGCCTTGCTAGAATCTCT,0,4462504
yagB_insX_yagA_predicted,0.3333333333333333,2,2,GGACATTACATTTTGAAGAG,0,4442013
yagB_insX_yagA_predicted,0.3333333333333333,2,2,GGACACGCGTCTGTCTGGTT,0,4468176
yagB_insX_yagA_predicted,0.3333333333333333,2,2,GGACAATTGCTTACAGAGAC,0,4465657
yagB_insX_yagA_predicted,0.3333333333333333,2,2,GGAATGGACACGCCGTTATA,0,4439863
yagB_insX_yagA_predicted,0.3333333333333333,2,2,GGAATGGAAACAGGTACGGA,0,4442240
yagB_insX_yagA_predicted,0.3333333333333333,2,2,GGAATCTCCTTGAGGGCGGT,0,4453084
yagB_insX_yagA_predicted,0.3333333333333333,2,2,GGAATACGGATAGATAGAAA,0,4441053
yagB_insX_yagA_predicted,0.3333333333333333,2,2,GGAAGTCCTAGTGTACTCTT,0,4460322
yagB_insX_yagA_predicted,0.3333333333333333,2,2,GGAAGACGCGCAGTGCCATT,0,4455220
yagB_insX_yagA_predicted,0.3333333333333333,2,2,GGAACCAAGAGTAAGTCCCA,0,4452096
yagB_insX_yagA_predicted,0.3333333333333333,2,2,GGAACACCAGCCAACGAATC,0,4449160
yagB_insX_yagA_predicted,0.3333333333333333,2,2,GGAAAGCTATTAGGGGTTCT,0,4470671
yagB_insX_yagA_predicted,0.3333333333333333,2,2,GGAAAAAATCGGCTCTTGGG,0,4468907
yagB_insX_yagA_predicted,0.3333333333333333,2,2,GCTTTTCATAACGGGTCCTG,0,4469188
yagB_insX_yagA_predicted,0.3333333333333333,2,2,GCTTTCCGGAGGATGTCCCG,0,4471312
yagB_insX_yagA_predicted,0.3333333333333333,2,2,GCTTTATTATCTGGGTAGAA,0,4439474
yagB_insX_yagA_predicted,0.3333333333333333,2,2,GCTTTACTAGGGACAAGATA,0,4471298
yagB_insX_yagA_predicted,0.3333333333333333,2,2,GCTTGATATACAAGAATAGC,0,4466017
yagB_insX_yagA_predicted,0.3333333333333333,2,2,GCTTGACCGAGCCAAATTAA,0,4442951
yagB_insX_yagA_predicted,0.3333333333333333,2,2,GCTTACACGAATAGCGCCTG,0,4439346
yagB_insX_yagA_predicted,0.3333333333333333,2,2,GCTGTCAATCCATTCTGGCA,0,4436187
yagB_insX_yagA_predicted,0.3333333333333333,2,2,GCTGATGCTGTTCTGGCCCA,0,4472418
yagB_insX_yagA_predicted,0.3333333333333333,2,2,GCTCTCAACTGTATGTTCGG,0,4462640
yagB_insX_yagA_predicted,0.3333333333333333,2,2,GCTCGGGCCATTAATTCTTG,0,4472112
yagB_insX_yagA_predicted,0.3333333333333333,2,2,GCTCGCTATCCTTATAAAGC,0,4439215
yagB_insX_yagA_predicted,0.3333333333333333,2,2,GCTCGAATTTATATCTGCGA,0,4465756
yagB_insX_yagA_predicted,0.3333333333333333,2,2,GCTCAGTGTGAGTGAGCTGC,0,4465116
yagB_insX_yagA_predicted,0.3333333333333333,2,2,GCTCAAGCCAGATATCAAAG,0,4452395
yagB_insX_yagA_predicted,0.3333333333333333,2,2,GCTAGGGTCTCGTGCAAGAG,0,4470110
yagB_insX_yagA_predicted,0.3333333333333333,2,2,GCTACACCTTGGTACTCGTA,0,4447891
yagB_insX_yagA_predicted,0.3333333333333333,2,2,GCTAATTAATATCCAATTCA,0,4452005
yagB_insX_yagA_predicted,0.3333333333333333,2,2,GCTAAGACAGCCGGCTAATA,0,4464688
yagB_insX_yagA_predicted,0.3333333333333333,2,2,GCTAAGAACCCGCTGTCAAA,0,4460539
yagB_insX_yagA_predicted,0.3333333333333333,2,2,GCTAAAACCTTGGACTGGCC,0,4442811
yagB_insX_yagA_predicted,0.3333333333333333,2,2,GCTAAAACATACCGTTCATA,0,4456196
yagB_insX_yagA_predicted,0.3333333333333333,2,2,GCGTTTCCTTCACCATAGCA,0,4459276
yagB_insX_yagA_predicted,0.3333333333333333,2,2,GCGTGTTCGCTAGTATTAAA,0,4454245
yagB_insX_yagA_predicted,0.3333333333333333,2,2,GCGTGGAATACTGGGCTGTA,0,4466754
yagB_insX_yagA_predicted,0.3333333333333333,2,2,GCGTGCAACAGTTAATAATC,0,4436897
yagB_insX_yagA_predicted,0.3333333333333333,2,2,GCGTCTTTCAGCCTTTCAGA,0,4449285
yagB_insX_yagA_predicted,0.3333333333333333,2,2,GCGTCCCGTCGCTTCTGCAC,0,4469018
yagB_insX_yagA_predicted,0.3333333333333333,2,2,GCGTATTATGACTAATCTTT,0,4463659
yagB_insX_yagA_predicted,0.3333333333333333,2,2,GCGTATCCGAAGTCATCCTG,0,4464346
yagB_insX_yagA_predicted,0.3333333333333333,2,2,GCGGTTAATATGTTTTCACG,0,4468851
yagB_insX_yagA_predicted,0.3333333333333333,2,2,GCGGTGGTATCGTTTTGGCC,0,4444028
yagB_insX_yagA_predicted,0.3333333333333333,2,2,GCGGTAAGCACACTTGTATT,0,4440131
yagB_insX_yagA_predicted,0.3333333333333333,2,2,GCGGGTCAACACTATGTCGT,0,4449716
yagB_insX_yagA_predicted,0.3333333333333333,2,2,GCGGGCATTGGATGTTAAGT,0,4460130
yagB_insX_yagA_predicted,0.3333333333333333,2,2,GCGGGCAATAAGAATTGCGG,0,4446616
yagB_insX_yagA_predicted,0.3333333333333333,2,2,GCGCTGGTTACATTTGCCAA,0,4460756
yagB_insX_yagA_predicted,0.3333333333333333,2,2,GCGCTCAATTGGTCCAGGTG,0,4466283
yagB_insX_yagA_predicted,0.3333333333333333,2,2,GCGCCTCTCTCGATCTCGTA,0,4455963
yagB_insX_yagA_predicted,0.3333333333333333,2,2,GCGCATCTTACATTTGCATT,0,4450357
yagB_insX_yagA_predicted,0.3333333333333333,2,2,GCGATCTTTTACCGCCAGAT,0,4452296
yagB_insX_yagA_predicted,0.3333333333333333,2,2,GCGACGCTAAGTTTAAGGCG,0,4471296
yagB_insX_yagA_predicted,0.3333333333333333,2,2,GCGACAAGCCCAGAGGGGAG,0,4472211
yagB_insX_yagA_predicted,0.3333333333333333,2,2,GCGAAGCGGGCCATCGGGCG,0,4444328
yagB_insX_yagA_predicted,0.3333333333333333,2,2,GCGAACTTGGATTGCGAGCA,0,4459117
yagB_insX_yagA_predicted,0.3333333333333333,2,2,GCGAAAGTCCAGTCCAACTT,0,4454203
yagB_insX_yagA_predicted,0.3333333333333333,2,2,GCCTTTACGTATGCATGGTT,0,4438004
yagB_insX_yagA_predicted,0.3333333333333333,2,2,GCCTTAGTTGATTGGTCGGA,0,4471719
yagB_insX_yagA_predicted,0.3333333333333333,2,2,GCCTCACCAGCTGCTATGTA,0,4452795
yagB_insX_yagA_predicted,0.3333333333333333,2,2,GCCTACTTCTACCAAGCGAT,0,4471190
yagB_insX_yagA_predicted,0.3333333333333333,2,2,GCCTAACATGTGGACCATTC,0,4464950
yagB_insX_yagA_predicted,0.3333333333333333,2,2,GCCGTTTTTAAATCTGTTCA,0,4470724
yagB_insX_yagA_predicted,0.3333333333333333,2,2,GCCGGTATGTTATCCAGTCG,0,4456278
yagB_insX_yagA_predicted,0.3333333333333333,2,2,GCCCGTGGTAAGCGAACCCA,0,4444286
yagB_insX_yagA_predicted,0.3333333333333333,2,2,GCCCAGAGAGAGTCATGGAA,0,4461609
yagB_insX_yagA_predicted,0.3333333333333333,2,2,GCCATCCGTGTAGCTGTACT,0,4462440
yagB_insX_yagA_predicted,0.3333333333333333,2,2,GCCAGTAGGCAATCAGAAAT,0,4452804
yagB_insX_yagA_predicted,0.3333333333333333,2,2,GCCACATTGCCTATATGAAT,0,4440957
yagB_insX_yagA_predicted,0.3333333333333333,2,2,GCCACATAGTATAACACGAA,0,4439217
yagB_insX_yagA_predicted,0.3333333333333333,2,2,GCCAATTTGTTCAGACAGAG,0,4438047
yagB_insX_yagA_predicted,0.3333333333333333,2,2,GCATGCCTCTTACACAGATC,0,4447441
yagB_insX_yagA_predicted,0.3333333333333333,2,2,GCATCCGGGCTCCCTTGTAA,0,4454980
yagB_insX_yagA_predicted,0.3333333333333333,2,2,GCATCCCCTATAGACATGGC,0,4437574
yagB_insX_yagA_predicted,0.3333333333333333,2,2,GCATCATGATGACTATACAA,0,4449648
yagB_insX_yagA_predicted,0.3333333333333333,2,2,GCATATGAATCGGCTTGTGC,0,4444125
yagB_insX_yagA_predicted,0.3333333333333333,2,2,GCAGTTCGAAGCACTCATAG,0,4468553
yagB_insX_yagA_predicted,0.3333333333333333,2,2,GCAGTCCGTTAGCGTTGAAT,0,4443646
yagB_insX_yagA_predicted,0.3333333333333333,2,2,GCAGTCCATGAAACTTTGTA,0,4450630
yagB_insX_yagA_predicted,0.3333333333333333,2,2,GCAGGGGAACGATTGTCTCG,0,4470214
yagB_insX_yagA_predicted,0.3333333333333333,2,2,GCAGCGTTTTAGACTAGGCT,0,4454558
yagB_insX_yagA_predicted,0.3333333333333333,2,2,GCAGCCAACGCATGGAGCAG,0,4447261
yagB_insX_yagA_predicted,0.3333333333333333,2,2,GCAGCAAGGCATATTGGCGG,0,4458716
yagB_insX_yagA_predicted,0.3333333333333333,2,2,GCAGACAGTCATTTACCCCT,0,4466755
yagB_insX_yagA_predicted,0.3333333333333333,2,2,GCACTGCGGTTTTCTACGGA,0,4456345
yagB_insX_yagA_predicted,0.3333333333333333,2,2,GCACGGACATCGTGTTTGCG,0,4449443
yagB_insX_yagA_predicted,0.3333333333333333,2,2,GCACGCTGGACATCGCAATA,0,4447724
yagB_insX_yagA_predicted,0.3333333333333333,2,2,GCACCTTGCAGAGACGATAG,0,4470466
yagB_insX_yagA_predicted,0.3333333333333333,2,2,GCACCCTCTCTAGGATCCCA,0,4463632
yagB_insX_yagA_predicted,0.3333333333333333,2,2,GCACCCAGCGATGCGGGGCT,0,4448899
yagB_insX_yagA_predicted,0.3333333333333333,2,2,GCACAATCAGGTCAACATGA,0,4468980
yagB_insX_yagA_predicted,0.3333333333333333,2,2,GCAACTAGGAGATCTGGGTA,0,4461106
yagB_insX_yagA_predicted,0.3333333333333333,2,2,GCAACATCATGGTTTGCCGG,0,4460534
yagB_insX_yagA_predicted,0.3333333333333333,2,2,GCAACAGCATAATACCTAGA,0,4458990
yagB_insX_yagA_predicted,0.3333333333333333,2,2,GCAACACTGCCTTCATGGAT,0,4464743
yagB_insX_yagA_predicted,0.3333333333333333,2,2,GCAAAGGCCGCCCGTAAATT,0,4460274
yagB_insX_yagA_predicted,0.3333333333333333,2,2,GATTTTTATTTCTAGATGAC,0,4470448
yagB_insX_yagA_predicted,0.3333333333333333,2,2,GATTTGTGGTATATCCATAC,0,4453639
yagB_insX_yagA_predicted,0.3333333333333333,2,2,GATTTCTTTCCAGGCGCTGG,0,4440655
yagB_insX_yagA_predicted,0.3333333333333333,2,2,GATTGGTGAGTGGTGAAGGT,0,4461311
yagB_insX_yagA_predicted,0.3333333333333333,2,2,GATTGAAACAAGCTCGGGAG,0,4458959
yagB_insX_yagA_predicted,0.3333333333333333,2,2,GATTAATACATCGGTGACTA,0,4436803
yagB_insX_yagA_predicted,0.3333333333333333,2,2,GATGTTTACCCGGTGCGTTT,0,4467266
yagB_insX_yagA_predicted,0.3333333333333333,2,2,GATGTTATCAGTCCCTGAGG,0,4441494
yagB_insX_yagA_predicted,0.3333333333333333,2,2,GATGTCTTCGAGTTCGCCTT,0,4456299
yagB_insX_yagA_predicted,0.3333333333333333,2,2,GATCTTATGTAGCTGAGCCC,0,4460845
yagB_insX_yagA_predicted,0.3333333333333333,2,2,GATCGGAGGTACTGAACCCC,0,4448029
yagB_insX_yagA_predicted,0.3333333333333333,2,2,GATCCGTTATATAAATAATA,0,4438015
yagB_insX_yagA_predicted,0.3333333333333333,2,2,GATCATAGTGGCTTTACTCT,0,4453346
yagB_insX_yagA_predicted,0.3333333333333333,2,2,GATATTCGATAGCCGCCCCT,0,4442973
yagB_insX_yagA_predicted,0.3333333333333333,2,2,GATATAGGGTACCGCCGCTA,0,4448112
yagB_insX_yagA_predicted,0.3333333333333333,2,2,GATAGGCTGTCCGGCCGCGG,0,4464894
yagB_insX_yagA_predicted,0.3333333333333333,2,2,GATAATGCAACAGCTAGAGT,0,4448952
yagB_insX_yagA_predicted,0.3333333333333333,2,2,GATAACGGTCTCCGTCCCTA,0,4444236
yagB_insX_yagA_predicted,0.3333333333333333,2,2,GATAAATGTCCTTGCTAAAT,0,4469745
yagB_insX_yagA_predicted,0.3333333333333333,2,2,GAGTTTGACGCCTCGGGTGT,0,4436720
yagB_insX_yagA_predicted,0.3333333333333333,2,2,GAGTTTCGCGCGATTAGTAC,0,4462036
yagB_insX_yagA_predicted,0.3333333333333333,2,2,GAGTTAGCTTCAGTCCAAAG,0,4462647
yagB_insX_yagA_predicted,0.3333333333333333,2,2,GAGTGCATATAGCAGTTGTG,0,4437208
yagB_insX_yagA_predicted,0.3333333333333333,2,2,GAGTCTGCTTGGTTGTCGAT,0,4442599
yagB_insX_yagA_predicted,0.3333333333333333,2,2,GAGTCCCGCTTCTAGTAGCA,0,4437648
yagB_insX_yagA_predicted,0.3333333333333333,2,2,GAGTCCATAACTTTTAAATG,0,4460140
yagB_insX_yagA_predicted,0.3333333333333333,2,2,GAGTACTCCATGTTCAGATT,0,4436114
yagB_insX_yagA_predicted,0.3333333333333333,2,2,GAGTAAAACCCCGATCCTGA,0,4459510
yagB_insX_yagA_predicted,0.3333333333333333,2,2,GAGGTTCGTACCTGAGGAGA,0,4448846
yagB_insX_yagA_predicted,0.3333333333333333,2,2,GAGGTTCCATGGAAGAGGGG,0,4442627
yagB_insX_yagA_predicted,0.3333333333333333,2,2,GAGGTGAAAAAAGCTTGATC,0,4443724
yagB_insX_yagA_predicted,0.3333333333333333,2,2,GAGGTAGATAATCATGTACT,0,4439340
yagB_insX_yagA_predicted,0.3333333333333333,2,2,GAGGATCTGTCGATTGGTCT,0,4449828
yagB_insX_yagA_predicted,0.3333333333333333,2,2,GAGGAGTAACTGCCTTGTCA,0,4461515
yagB_insX_yagA_predicted,0.3333333333333333,2,2,GAGCGGCATCAGGAAAGAGT,0,4443789
yagB_insX_yagA_predicted,0.3333333333333333,2,2,GAGCGCGGGAGGTGGAATAG,0,4461306
yagB_insX_yagA_predicted,0.3333333333333333,2,2,GAGCCAAGAAAAGTAACTTC,0,4440597
yagB_insX_yagA_predicted,0.3333333333333333,2,2,GAGATCGTGTGTGCTGACAC,0,4465998
yagB_insX_yagA_predicted,0.3333333333333333,2,2,GAGATCCTTATGTAGGAACC,0,4451662
yagB_insX_yagA_predicted,0.3333333333333333,2,2,GAGAGGGTATTAGTGTGTGA,0,4463085
yagB_insX_yagA_predicted,0.3333333333333333,2,2,GAGACGGGTCTTCACGTCTA,0,4459500
yagB_insX_yagA_predicted,0.3333333333333333,2,2,GAGACGCTTGACGAAGATGC,0,4441356
yagB_insX_yagA_predicted,0.3333333333333333,2,2,GAGACCCGGATTCGTGGCCC,0,4438971
yagB_insX_yagA_predicted,0.3333333333333333,2,2,GAGAAGAGAGTACCAAGGTT,0,4444742
yagB_insX_yagA_predicted,0.3333333333333333,2,2,GACTTTAAGTCTAGCTGGGA,0,4446487
yagB_insX_yagA_predicted,0.3333333333333333,2,2,GACTTGGGCAAGACCTTGAC,0,4467864
yagB_insX_yagA_predicted,0.3333333333333333,2,2,GACTTCGGGTTATCAGCTAC,0,4442864
yagB_insX_yagA_predicted,0.3333333333333333,2,2,GACTTCCTATTACTACGGGG,0,4447186
yagB_insX_yagA_predicted,0.3333333333333333,2,2,GACTTCAAGAGGTCGCGGAT,0,4471586
yagB_insX_yagA_predicted,0.3333333333333333,2,2,GACTATCGAGCCTCTAAGGA,0,4460920
yagB_insX_yagA_predicted,0.3333333333333333,2,2,GACTATATCGCATCCCTACC,0,4446721
yagB_insX_yagA_predicted,0.3333333333333333,2,2,GACGGGTTCACGTTTCGGCG,0,4442410
yagB_insX_yagA_predicted,0.3333333333333333,2,2,GACGAAGAGTGTGACTCCGG,0,4450284
yagB_insX_yagA_predicted,0.3333333333333333,2,2,GACGAAAGAACTGGGGTTTG,0,4472242
yagB_insX_yagA_predicted,0.3333333333333333,2,2,GACCTAGGGAGTTGGACCTA,0,4462153
yagB_insX_yagA_predicted,0.3333333333333333,2,2,GACCCTTCCGAACCACGGAC,0,4437326
yagB_insX_yagA_predicted,0.3333333333333333,2,2,GACCCGGTGGGCGCGTTACG,0,4466712
yagB_insX_yagA_predicted,0.3333333333333333,2,2,GACCCCTATGAGAACTACAA,0,4458190
yagB_insX_yagA_predicted,0.3333333333333333,2,2,GACCCAAAGTTCCGGGTTGT,0,4459644
yagB_insX_yagA_predicted,0.3333333333333333,2,2,GACCATCGTTCAAAATGATC,0,4469040
yagB_insX_yagA_predicted,0.3333333333333333,2,2,GACCAGGGGTTACCGACGTA,0,4447883
yagB_insX_yagA_predicted,0.3333333333333333,2,2,GACCACGATTTACGATGTCA,0,4467883
yagB_insX_yagA_predicted,0.3333333333333333,2,2,GACATGGCTCGCTTTCAGTG,0,4460909
yagB_insX_yagA_predicted,0.3333333333333333,2,2,GACATCTCAGATAAGAGAAG,0,4439375
yagB_insX_yagA_predicted,0.3333333333333333,2,2,GACATCAATTGCACCTTCGC,0,4470936
yagB_insX_yagA_predicted,0.3333333333333333,2,2,GACACTATGGAGCCCCAAGT,0,4467367
yagB_insX_yagA_predicted,0.3333333333333333,2,2,GACACCAAGCTCATTCCATC,0,4469011
yagB_insX_yagA_predicted,0.3333333333333333,2,2,GACAAGACAGTTACGGGTGA,0,4437654
yagB_insX_yagA_predicted,0.3333333333333333,2,2,GAATTTGTGTATATCATTGG,0,4470516
yagB_insX_yagA_predicted,0.3333333333333333,2,2,GAATTTGTAGGACCGTCAGA,0,4453357
yagB_insX_yagA_predicted,0.3333333333333333,2,2,GAATTATAGCAAGCGCCATA,0,4455926
yagB_insX_yagA_predicted,0.3333333333333333,2,2,GAATGTTAGGGAGTAGTTGA,0,4461185
yagB_insX_yagA_predicted,0.3333333333333333,2,2,GAATCGTTATATCTGGTCCT,0,4444204
yagB_insX_yagA_predicted,0.3333333333333333,2,2,GAATCACCCCATGAGATAAG,0,4451120
yagB_insX_yagA_predicted,0.3333333333333333,2,2,GAAGTCCGATGGGATGGCCC,0,4469762
yagB_insX_yagA_predicted,0.3333333333333333,2,2,GAAGGTGTATTCTCTTCAAC,0,4437925
yagB_insX_yagA_predicted,0.3333333333333333,2,2,GAAGGGTCCATACTATGAGT,0,4452600
yagB_insX_yagA_predicted,0.3333333333333333,2,2,GAAGGCGTTCAGGCTTCCTA,0,4447958
yagB_insX_yagA_predicted,0.3333333333333333,2,2,GAACTCGGGAATGAACCCAC,0,4454436
yagB_insX_yagA_predicted,0.3333333333333333,2,2,GAACGTAACAGGACTTTTTG,0,4446490
yagB_insX_yagA_predicted,0.3333333333333333,2,2,GAACCACCGCCCGCCAGAGA,0,4436632
yagB_insX_yagA_predicted,0.3333333333333333,2,2,GAAATGAAGACCTCATGGAG,0,4436749
yagB_insX_yagA_predicted,0.3333333333333333,2,2,GAAATCTACTCAGGACATAA,0,4472205
yagB_insX_yagA_predicted,0.3333333333333333,2,2,GAAATCATCAGAAAATCTTT,0,4458672
yagB_insX_yagA_predicted,0.3333333333333333,2,2,CTTTTTCCTGGGGAATCTCG,0,4457560
yagB_insX_yagA_predicted,0.3333333333333333,2,2,CTTTTGCTAGTATCAAATAT,0,4446156
yagB_insX_yagA_predicted,0.3333333333333333,2,2,CTTTGGAACCCTCACATTAA,0,4467955
yagB_insX_yagA_predicted,0.3333333333333333,2,2,CTTGTCTTAAGTCCGTCCTC,0,4465928
yagB_insX_yagA_predicted,0.3333333333333333,2,2,CTTGTCTCAACAGCAAAGTT,0,4471760
yagB_insX_yagA_predicted,0.3333333333333333,2,2,CTTGTCATGTTGGAAGATAA,0,4464567
yagB_insX_yagA_predicted,0.3333333333333333,2,2,CTTGGGTTCTGCCAAGACCC,0,4464348
yagB_insX_yagA_predicted,0.3333333333333333,2,2,CTTGCTCCGCGGTACGAGTC,0,4438553
yagB_insX_yagA_predicted,0.3333333333333333,2,2,CTTGCTACTCCCCATATGCA,0,4438397
yagB_insX_yagA_predicted,0.3333333333333333,2,2,CTTGCGACCTTGCGGGAAGG,0,4468433
yagB_insX_yagA_predicted,0.3333333333333333,2,2,CTTGACGTAAATTTATGGCT,0,4443113
yagB_insX_yagA_predicted,0.3333333333333333,2,2,CTTCTAACCCTGTTTTCGAA,0,4447154
yagB_insX_yagA_predicted,0.3333333333333333,2,2,CTTCAGACCGACTCGGGGTC,0,4468073
yagB_insX_yagA_predicted,0.3333333333333333,2,2,CTTATGGGGGAACGATTCCT,0,4453994
yagB_insX_yagA_predicted,0.3333333333333333,2,2,CTTACTCCCAAATATTCTCC,0,4469562
yagB_insX_yagA_predicted,0.3333333333333333,2,2,CTTACGTGGGGAAGTTCTAA,0,4467038
yagB_insX_yagA_predicted,0.3333333333333333,2,2,CTTAATTGACTACTTCAGAT,0,4455660
yagB_insX_yagA_predicted,0.3333333333333333,2,2,CTTAATACCTCTGTGCGGAC,0,4445232
yagB_insX_yagA_predicted,0.3333333333333333,2,2,CTTAAGTGTCTTCCCGTTAT,0,4448882
yagB_insX_yagA_predicted,0.3333333333333333,2,2,CTGTTTAGCGGTCTGTTCTA,0,4454593
yagB_insX_yagA_predicted,0.3333333333333333,2,2,CTGTGGCCGAATTGGCGGTT,0,4461823
yagB_insX_yagA_predicted,0.3333333333333333,2,2,CTGTGATCGTTTCTAGGATT,0,4459272
yagB_insX_yagA_predicted,0.3333333333333333,2,2,CTGTCGTATGTATCTAGTAT,0,4464897
yagB_insX_yagA_predicted,0.3333333333333333,2,2,CTGTAACTCAACTCTATCTA,0,4458341
yagB_insX_yagA_predicted,0.3333333333333333,2,2,CTGGTTGCACAAATATCACA,0,4445312
yagB_insX_yagA_predicted,0.3333333333333333,2,2,CTGGTATATATATGGATGGT,0,4457487
yagB_insX_yagA_predicted,0.3333333333333333,2,2,CTGGGACTGAGTAATTTATT,0,4464952
yagB_insX_yagA_predicted,0.3333333333333333,2,2,CTGGCTAGCGGTTCTGATAG,0,4443189
yagB_insX_yagA_predicted,0.3333333333333333,2,2,CTGGCCTAAGAACTTTGAAA,0,4441194
yagB_insX_yagA_predicted,0.3333333333333333,2,2,CTGGACAAGACACCCCACAT,0,4453313
yagB_insX_yagA_predicted,0.3333333333333333,2,2,CTGCTCTGTTGTATAGCAAT,0,4444821
yagB_insX_yagA_predicted,0.3333333333333333,2,2,CTGCGCGGTCGGGAAGTCTT,0,4461933
yagB_insX_yagA_predicted,0.3333333333333333,2,2,CTGCGAATAACAGTGATTAC,0,4462176
yagB_insX_yagA_predicted,0.3333333333333333,2,2,CTGCCTCAGAGCTATCGAGA,0,4450995
yagB_insX_yagA_predicted,0.3333333333333333,2,2,CTGAGCCACAGTTTGAGCCC,0,4451380
yagB_insX_yagA_predicted,0.3333333333333333,2,2,CTGACAACATGGTTCGGTGA,0,4461027
yagB_insX_yagA_predicted,0.3333333333333333,2,2,CTGAATAATAGTAGGTAGGA,0,4445465
yagB_insX_yagA_predicted,0.3333333333333333,2,2,CTGAAGTTCAGTATCGTAGC,0,4463388
yagB_insX_yagA_predicted,0.3333333333333333,2,2,CTGAAACTGATGTACCGTCC,0,4439068
yagB_insX_yagA_predicted,0.3333333333333333,2,2,CTGAAACGCGTCGAGGCATG,0,4457913
yagB_insX_yagA_predicted,0.3333333333333333,2,2,CTCTTTCAGAGCGAGGTGAG,0,4446756
yagB_insX_yagA_predicted,0.3333333333333333,2,2,CTCTTTACTCCCCAATATAT,0,4436601
yagB_insX_yagA_predicted,0.3333333333333333,2,2,CTCTGAGGGGCGTTGGCCTG,0,4456747
yagB_insX_yagA_predicted,0.3333333333333333,2,2,CTCTGACGTCATCCTTCTTT,0,4448565
yagB_insX_yagA_predicted,0.3333333333333333,2,2,CTCTAATCTGGACCCCTTAG,0,4447960
yagB_insX_yagA_predicted,0.3333333333333333,2,2,CTCGTCCTATTTGAGTACCT,0,4457903
yagB_insX_yagA_predicted,0.3333333333333333,2,2,CTCGCAGCGATAGCCTTTGG,0,4450605
yagB_insX_yagA_predicted,0.3333333333333333,2,2,CTCCTCACAGAACGTGCGAC,0,4441838
yagB_insX_yagA_predicted,0.3333333333333333,2,2,CTCCTAGTACAGTAGGATAC,0,4452459
yagB_insX_yagA_predicted,0.3333333333333333,2,2,CTCCGCTACTATTGGCCTCT,0,4469547
yagB_insX_yagA_predicted,0.3333333333333333,2,2,CTCCGCCCGGTGCGCACTCG,0,4454704
yagB_insX_yagA_predicted,0.3333333333333333,2,2,CTCCCCTCACTACTCCCCAC,0,4454723
yagB_insX_yagA_predicted,0.3333333333333333,2,2,CTCCACTCAGCAAGCGATCC,0,4451701
yagB_insX_yagA_predicted,0.3333333333333333,2,2,CTCAGTATGTGTGCAATATA,0,4461104
yagB_insX_yagA_predicted,0.3333333333333333,2,2,CTCACTTACCCTAGCGACTT,0,4442082
yagB_insX_yagA_predicted,0.3333333333333333,2,2,CTCACTACATGGCTTTATAA,0,4462485
yagB_insX_yagA_predicted,0.3333333333333333,2,2,CTATTTAAAGCTCGCGGTAC,0,4470298
yagB_insX_yagA_predicted,0.3333333333333333,2,2,CTATTCGCTTAGGTAGCTTC,0,4448225
yagB_insX_yagA_predicted,0.3333333333333333,2,2,CTATTACGAAAATAACAAGA,0,4469644
yagB_insX_yagA_predicted,0.3333333333333333,2,2,CTATGCGCAGATATTGCAAA,0,4471282
yagB_insX_yagA_predicted,0.3333333333333333,2,2,CTATGCGACACCTCACCAGG,0,4446646
yagB_insX_yagA_predicted,0.3333333333333333,2,2,CTATAGGAGGTGATCAGATT,0,4443065
yagB_insX_yagA_predicted,0.3333333333333333,2,2,CTATACGTGGCGTCGTGCTT,0,4467382
yagB_insX_yagA_predicted,0.3333333333333333,2,2,CTAGGTTAGGCGTATGAACG,0,4439169
yagB_insX_yagA_predicted,0.3333333333333333,2,2,CTAGCTGATAATATAAGATT,0,4456338
yagB_insX_yagA_predicted,0.3333333333333333,2,2,CTAGCGCTACCTGTAAAGTT,0,4440486
yagB_insX_yagA_predicted,0.3333333333333333,2,2,CTAGACATGGACACTCGTCA,0,4439666
yagB_insX_yagA_predicted,0.3333333333333333,2,2,CTACTCGGAAAGGCTTGCTT,0,4471745
yagB_insX_yagA_predicted,0.3333333333333333,2,2,CTACTAGGGCGTGCTAACCT,0,4439475
yagB_insX_yagA_predicted,0.3333333333333333,2,2,CTACGCGTCAATTCATGTAT,0,4457933
yagB_insX_yagA_predicted,0.3333333333333333,2,2,CTACGCCGTTTGGTAGGAGG,0,4456630
yagB_insX_yagA_predicted,0.3333333333333333,2,2,CTACGATCAGATCACCTTCA,0,4448221
yagB_insX_yagA_predicted,0.3333333333333333,2,2,CTACCAAAATGACCAGAGGA,0,4468885
yagB_insX_yagA_predicted,0.3333333333333333,2,2,CTAAGGCAGTTGCCTGTACA,0,4448872
yagB_insX_yagA_predicted,0.3333333333333333,2,2,CTAACTGAGGCATATCGTCC,0,4456054
yagB_insX_yagA_predicted,0.3333333333333333,2,2,CTAACGGTAGTGTTCCAGTG,0,4457705
yagB_insX_yagA_predicted,0.3333333333333333,2,2,CTAACAGGTAGCTGACATGT,0,4448420
yagB_insX_yagA_predicted,0.3333333333333333,2,2,CTAAATCCGTGAGATTCGCT,0,4437837
yagB_insX_yagA_predicted,0.3333333333333333,2,2,CTAAAGGGCTTCAATTCCAT,0,4450283
yagB_insX_yagA_predicted,0.3333333333333333,2,2,CTAAACGTACTTGAGGAGTC,0,4450754
yagB_insX_yagA_predicted,0.3333333333333333,2,2,CGTTTGACAGCGGCGGGTTA,0,4452961
yagB_insX_yagA_predicted,0.3333333333333333,2,2,CGTTGTCGGCATGTTAAGTT,0,4471030
yagB_insX_yagA_predicted,0.3333333333333333,2,2,CGTTGTAATCTTCAGTGGGA,0,4455218
yagB_insX_yagA_predicted,0.3333333333333333,2,2,CGTTGGGCCAACTCTGGGCA,0,4455188
yagB_insX_yagA_predicted,0.3333333333333333,2,2,CGTTGAGTGCCCTTATGCCC,0,4461988
yagB_insX_yagA_predicted,0.3333333333333333,2,2,CGTTCGTACTTTTCGGCTGT,0,4467692
yagB_insX_yagA_predicted,0.3333333333333333,2,2,CGTTCGGAAGGTCTATCCAT,0,4468799
yagB_insX_yagA_predicted,0.3333333333333333,2,2,CGTTCGCCGTCCGCTCTAAG,0,4444248
yagB_insX_yagA_predicted,0.3333333333333333,2,2,CGTTCCAGGGACTACAGTAG,0,4458134
yagB_insX_yagA_predicted,0.3333333333333333,2,2,CGTGTTGTACGGCAGTTCGT,0,4437420
yagB_insX_yagA_predicted,0.3333333333333333,2,2,CGTGTGAGGGAAGTTTCGCA,0,4441201
yagB_insX_yagA_predicted,0.3333333333333333,2,2,CGTGTCCTTGTGGGCGCCGG,0,4462195
yagB_insX_yagA_predicted,0.3333333333333333,2,2,CGTGCTGCTCCATACGCAAA,0,4456714
yagB_insX_yagA_predicted,0.3333333333333333,2,2,CGTGATCAGCATTGTACGTT,0,4464929
yagB_insX_yagA_predicted,0.3333333333333333,2,2,CGTCTCATGCTATGATCCCA,0,4465972
yagB_insX_yagA_predicted,0.3333333333333333,2,2,CGTATACCACAGTGTTGTCT,0,4467278
yagB_insX_yagA_predicted,0.3333333333333333,2,2,CGTAGTCTTGTTGTGATCAG,0,4466513
yagB_insX_yagA_predicted,0.3333333333333333,2,2,CGTAGGAATCCGTGGGGAAA,0,4442089
yagB_insX_yagA_predicted,0.3333333333333333,2,2,CGTACGTGGATTAAGCGCGT,0,4462100
yagB_insX_yagA_predicted,0.3333333333333333,2,2,CGTAATGAAATCGAAGTGTG,0,4455490
yagB_insX_yagA_predicted,0.3333333333333333,2,2,CGTAAGGGTAGAGCGTTTGA,0,4455609
yagB_insX_yagA_predicted,0.3333333333333333,2,2,CGTAACGTTCTGCTCGCGTT,0,4472286
yagB_insX_yagA_predicted,0.3333333333333333,2,2,CGTAACGTATTCTCCCGACC,0,4457454
yagB_insX_yagA_predicted,0.3333333333333333,2,2,CGGTTTATTATTGAAAAGGT,0,4464600
yagB_insX_yagA_predicted,0.3333333333333333,2,2,CGGTTCCCAACCATGCTTCT,0,4463191
yagB_insX_yagA_predicted,0.3333333333333333,2,2,CGGTTACCTCGCGCAAAACT,0,4441703
yagB_insX_yagA_predicted,0.3333333333333333,2,2,CGGTGGGATTTCCCATCGTA,0,4459991
yagB_insX_yagA_predicted,0.3333333333333333,2,2,CGGTCCACGGCTTGGCATAT,0,4464496
yagB_insX_yagA_predicted,0.3333333333333333,2,2,CGGTCAGACGTGGTGCGAAT,0,4459073
yagB_insX_yagA_predicted,0.3333333333333333,2,2,CGGTACGGGTCACAACATTA,0,4441160
yagB_insX_yagA_predicted,0.3333333333333333,2,2,CGGGTGTGTTTGTTAAGAGC,0,4442150
yagB_insX_yagA_predicted,0.3333333333333333,2,2,CGGGTGGAAGCTTTTATAAA,0,4446433
yagB_insX_yagA_predicted,0.3333333333333333,2,2,CGGGTAAACTGCTTACGGTA,0,4465794
yagB_insX_yagA_predicted,0.3333333333333333,2,2,CGGGGCCATCTAACGCTTGC,0,4457751
yagB_insX_yagA_predicted,0.3333333333333333,2,2,CGGGCACCGTTAATACATCG,0,4460648
yagB_insX_yagA_predicted,0.3333333333333333,2,2,CGGCGGGGGGTATTACTTTT,0,4443418
yagB_insX_yagA_predicted,0.3333333333333333,2,2,CGGCGCCACTGGCGCCGGGC,0,4443520
yagB_insX_yagA_predicted,0.3333333333333333,2,2,CGGCCGACAACGGGGGCATG,0,4446946
yagB_insX_yagA_predicted,0.3333333333333333,2,2,CGGCCCATAGGTTGCTGCTC,0,4448145
yagB_insX_yagA_predicted,0.3333333333333333,2,2,CGGCAAGCCGAGTTCATCTA,0,4460437
yagB_insX_yagA_predicted,0.3333333333333333,2,2,CGGATGAGCACGAGATGCAT,0,4463614
yagB_insX_yagA_predicted,0.3333333333333333,2,2,CGGATGACCAAGGCAGATCT,0,4449339
yagB_insX_yagA_predicted,0.3333333333333333,2,2,CGGATCTCCCTGTATGGCAA,0,4453122
yagB_insX_yagA_predicted,0.3333333333333333,2,2,CGGAGCCACGTTGCACTACA,0,4463598
yagB_insX_yagA_predicted,0.3333333333333333,2,2,CGGACCTAGCCTTGTTGAAT,0,4450928
yagB_insX_yagA_predicted,0.3333333333333333,2,2,CGGAACATCGAGGCGATTGA,0,4462048
yagB_insX_yagA_predicted,0.3333333333333333,2,2,CGGAAACACTTGGTAGAATT,0,4441500
yagB_insX_yagA_predicted,0.3333333333333333,2,2,CGCTTTTCCCTGGGTACCGA,0,4453921
yagB_insX_yagA_predicted,0.3333333333333333,2,2,CGCTTTTAGGCATTAGTCCG,0,4467363
yagB_insX_yagA_predicted,0.3333333333333333,2,2,CGCTTGGCCTGGGTAGCCAG,0,4446687
yagB_insX_yagA_predicted,0.3333333333333333,2,2,CGCTTGCTTGACCGATTGGC,0,4456387
yagB_insX_yagA_predicted,0.3333333333333333,2,2,CGCTTCCCTTACGTTATATA,0,4462212
yagB_insX_yagA_predicted,0.3333333333333333,2,2,CGCTCTGGAGGAGCACAGAG,0,4454732
yagB_insX_yagA_predicted,0.3333333333333333,2,2,CGCTCCTTTACGCAAAATGA,0,4454420
yagB_insX_yagA_predicted,0.3333333333333333,2,2,CGCTCAGTTTTCTCAAGATC,0,4456010
yagB_insX_yagA_predicted,0.3333333333333333,2,2,CGCGTTATTGACGCACAATC,0,4459400
yagB_insX_yagA_predicted,0.3333333333333333,2,2,CGCGTGTTCCGAAGGTTAAG,0,4469798
yagB_insX_yagA_predicted,0.3333333333333333,2,2,CGCGTCGAAACTGGCGTTTC,0,4460649
yagB_insX_yagA_predicted,0.3333333333333333,2,2,CGCGCGTCGGAGGCTGCAAT,0,4448868
yagB_insX_yagA_predicted,0.3333333333333333,2,2,CGCGCCTTGCGTTGGACATA,0,4466556
yagB_insX_yagA_predicted,0.3333333333333333,2,2,CGCGCCCCGCCCTAGGTTCA,0,4442898
yagB_insX_yagA_predicted,0.3333333333333333,2,2,CGCGAACTGGTAAATTAAAT,0,4463769
yagB_insX_yagA_predicted,0.3333333333333333,2,2,CGCCTTTCGATGTGGTGTTA,0,4436413
yagB_insX_yagA_predicted,0.3333333333333333,2,2,CGCCTTGCAGAAGCGCGGGG,0,4461209
yagB_insX_yagA_predicted,0.3333333333333333,2,2,CGCCTTAATGTTGAAGAGGT,0,4449956
yagB_insX_yagA_predicted,0.3333333333333333,2,2,CGCCTACAAAGAAACATAGC,0,4459408
yagB_insX_yagA_predicted,0.3333333333333333,2,2,CGCCGTGTAGACCTATACTG,0,4451040
yagB_insX_yagA_predicted,0.3333333333333333,2,2,CGCCGGGTGGGTTCTGTATT,0,4449967
yagB_insX_yagA_predicted,0.3333333333333333,2,2,CGCCCCGTCTTTACAAATGG,0,4451127
yagB_insX_yagA_predicted,0.3333333333333333,2,2,CGCCACTCGCGCGCTCTGTA,0,4459789
yagB_insX_yagA_predicted,0.3333333333333333,2,2,CGCCAATCGCGGCCAATGTC,0,4472328
yagB_insX_yagA_predicted,0.3333333333333333,2,2,CGCAGCAAGTGCTATAAAAC,0,4463212
yagB_insX_yagA_predicted,0.3333333333333333,2,2,CGCACGGTGGAGTCGCTTCC,0,4447949
yagB_insX_yagA_predicted,0.3333333333333333,2,2,CGCACCCTGTGCTCTCGCGC,0,4466654
yagB_insX_yagA_predicted,0.3333333333333333,2,2,CGATTCATATCTTAGCTGAG,0,4461241
yagB_insX_yagA_predicted,0.3333333333333333,2,2,CGATGTAATCGAACGTGAAC,0,4438644
yagB_insX_yagA_predicted,0.3333333333333333,2,2,CGATGCCCGCCCAGAGAAAG,0,4465797
yagB_insX_yagA_predicted,0.3333333333333333,2,2,CGATGAAGATGAGTAGGTGG,0,4456283
yagB_insX_yagA_predicted,0.3333333333333333,2,2,CGATCAACTTCTGTACAGGA,0,4464108
yagB_insX_yagA_predicted,0.3333333333333333,2,2,CGAGTTGTCACTCGGAAGCA,0,4460521
yagB_insX_yagA_predicted,0.3333333333333333,2,2,CGAGTGGGCTAGCCTCGAGT,0,4470844
yagB_insX_yagA_predicted,0.3333333333333333,2,2,CGAGTCTTTGCCCAGACAAA,0,4449628
yagB_insX_yagA_predicted,0.3333333333333333,2,2,CGAGTCATCTCGGCGCCCAT,0,4439711
yagB_insX_yagA_predicted,0.3333333333333333,2,2,CGAGGCTTATACGGACGTGC,0,4459508
yagB_insX_yagA_predicted,0.3333333333333333,2,2,CGAGGAAGATGGCAACCTTC,0,4470016
yagB_insX_yagA_predicted,0.3333333333333333,2,2,CGAGAAGTCAGACAACTACG,0,4466227
yagB_insX_yagA_predicted,0.3333333333333333,2,2,CGACGTTACTGACCCTTATC,0,4462548
yagB_insX_yagA_predicted,0.3333333333333333,2,2,CGACCCGCGGTACCCACGGT,0,4453270
yagB_insX_yagA_predicted,0.3333333333333333,2,2,CGACCAAGGTAGGGTGTATC,0,4455320
yagB_insX_yagA_predicted,0.3333333333333333,2,2,CGACCAAACATCCCCACGAA,0,4445513
yagB_insX_yagA_predicted,0.3333333333333333,2,2,CGAAGGGTATAGCTCGACTA,0,4462637
yagB_insX_yagA_predicted,0.3333333333333333,2,2,CGAAAAGGGTTTCATGAAGA,0,4456097
yagB_insX_yagA_predicted,0.3333333333333333,2,2,CCTTGCGGCGACGACCGCCG,0,4446749
yagB_insX_yagA_predicted,0.3333333333333333,2,2,CCTTGCGACCCTTTCGCACG,0,4464343
yagB_insX_yagA_predicted,0.3333333333333333,2,2,CCTTCGGTAATTCGTACTAG,0,4440403
yagB_insX_yagA_predicted,0.3333333333333333,2,2,CCTGTGGTTTGATCTTTGTA,0,4451407
yagB_insX_yagA_predicted,0.3333333333333333,2,2,CCTGTGCTTCTAGGTACGAC,0,4447819
yagB_insX_yagA_predicted,0.3333333333333333,2,2,CCTGAGACTACGCAGGACGA,0,4449896
yagB_insX_yagA_predicted,0.3333333333333333,2,2,CCTCTCCCGTGTCTGGGCCA,0,4449433
yagB_insX_yagA_predicted,0.3333333333333333,2,2,CCTCGGATAACGACCTTGCG,0,4469832
yagB_insX_yagA_predicted,0.3333333333333333,2,2,CCTCATCGAAGCTAGGCTTA,0,4448238
yagB_insX_yagA_predicted,0.3333333333333333,2,2,CCTAGTCCCCCGCACGTCTC,0,4471804
yagB_insX_yagA_predicted,0.3333333333333333,2,2,CCTACGTTTAGTTCTTTAAG,0,4441314
yagB_insX_yagA_predicted,0.3333333333333333,2,2,CCTACGATGCAAAAATACCA,0,4472159
yagB_insX_yagA_predicted,0.3333333333333333,2,2,CCTACCAAAAGTGAGCGAGA,0,4463081
yagB_insX_yagA_predicted,0.3333333333333333,2,2,CCTAAGTGGTGACTACAGCG,0,4454279
yagB_insX_yagA_predicted,0.3333333333333333,2,2,CCTAACCTCTTGGGTACACT,0,4453477
yagB_insX_yagA_predicted,0.3333333333333333,2,2,CCGTGCCTCATCACGCGCAT,0,4457650
yagB_insX_yagA_predicted,0.3333333333333333,2,2,CCGTCTTCTCAGTTGAGCCT,0,4449997
yagB_insX_yagA_predicted,0.3333333333333333,2,2,CCGTCGATGCCTAATCATTG,0,4451056
yagB_insX_yagA_predicted,0.3333333333333333,2,2,CCGTATGCTTTCGTTGAAAA,0,4439530
yagB_insX_yagA_predicted,0.3333333333333333,2,2,CCGGTGCTTCCACGGCATTC,0,4446149
yagB_insX_yagA_predicted,0.3333333333333333,2,2,CCGGGGGGGGTCCAGCGGAT,0,4444052
yagB_insX_yagA_predicted,0.3333333333333333,2,2,CCGGGATATCCTAGAAGGCC,0,4438601
yagB_insX_yagA_predicted,0.3333333333333333,2,2,CCGGCGGGCCTAATCAATCA,0,4465743
yagB_insX_yagA_predicted,0.3333333333333333,2,2,CCGGATGCGAAACTACTATG,0,4452559
yagB_insX_yagA_predicted,0.3333333333333333,2,2,CCGCCCGTCGCCGTCACGGC,0,4454252
yagB_insX_yagA_predicted,0.3333333333333333,2,2,CCGCCCGATTTCCGAGCCGT,0,4458639
yagB_insX_yagA_predicted,0.3333333333333333,2,2,CCGAGGGATCATCCGGCACG,0,4469166
yagB_insX_yagA_predicted,0.3333333333333333,2,2,CCGAGGGAGGGAGACGCGAC,0,4451756
yagB_insX_yagA_predicted,0.3333333333333333,2,2,CCGAGAGCCCCAATATTTCC,0,4464386
yagB_insX_yagA_predicted,0.3333333333333333,2,2,CCGACCCATACAGATTGTAA,0,4441588
yagB_insX_yagA_predicted,0.3333333333333333,2,2,CCGAATGCCCCTATTGCCAC,0,4452951
yagB_insX_yagA_predicted,0.3333333333333333,2,2,CCCTCAGTTCCTCTAGGAGG,0,4441054
yagB_insX_yagA_predicted,0.3333333333333333,2,2,CCCTATGAAATGTGTGCGCG,0,4446085
yagB_insX_yagA_predicted,0.3333333333333333,2,2,CCCTATCTGAGCGCGGTTGG,0,4472107
yagB_insX_yagA_predicted,0.3333333333333333,2,2,CCCTAAGGACTACACAAGTA,0,4445501
yagB_insX_yagA_predicted,0.3333333333333333,2,2,CCCGTTTCGACGGGACTGGC,0,4445595
yagB_insX_yagA_predicted,0.3333333333333333,2,2,CCCGGTCTAGACGCAGGGCG,0,4436705
yagB_insX_yagA_predicted,0.3333333333333333,2,2,CCCGGAAGAGCAAAAATCCA,0,4455975
yagB_insX_yagA_predicted,0.3333333333333333,2,2,CCCGGAACTGAGTTACGAGG,0,4440355
yagB_insX_yagA_predicted,0.3333333333333333,2,2,CCCGGAACGACTCAACCGTT,0,4437080
yagB_insX_yagA_predicted,0.3333333333333333,2,2,CCCGCTGGCTTGGCAAACCA,0,4449204
yagB_insX_yagA_predicted,0.3333333333333333,2,2,CCCGAGGAGAAAGTCTGGTA,0,4459738
yagB_insX_yagA_predicted,0.3333333333333333,2,2,CCCGACGCGTCAGCAAAAAA,0,4463980
yagB_insX_yagA_predicted,0.3333333333333333,2,2,CCCGAAGGCGGTACCAATCA,0,4456913
yagB_insX_yagA_predicted,0.3333333333333333,2,2,CCCCCGACCTGACTTTGGGG,0,4468917
yagB_insX_yagA_predicted,0.3333333333333333,2,2,CCCCCACTTGGGTCCGGTCG,0,4453910
yagB_insX_yagA_predicted,0.3333333333333333,2,2,CCCCAGAGCCTTAGTGGGGC,0,4439320
yagB_insX_yagA_predicted,0.3333333333333333,2,2,CCCAGCGCGAAACTCAAATT,0,4464945
yagB_insX_yagA_predicted,0.3333333333333333,2,2,CCCACTATGCATATTTGACA,0,4463025
yagB_insX_yagA_predicted,0.3333333333333333,2,2,CCCAAATCTCCACATTATAC,0,4467045
yagB_insX_yagA_predicted,0.3333333333333333,2,2,CCATGTCTAGATCACGAAAT,0,4466929
yagB_insX_yagA_predicted,0.3333333333333333,2,2,CCATGAGTCACTAAACTATG,0,4439690
yagB_insX_yagA_predicted,0.3333333333333333,2,2,CCATCATAAGTTTAAAGCTT,0,4438100
yagB_insX_yagA_predicted,0.3333333333333333,2,2,CCATCACTCAGGGGTCGGAT,0,4449906
yagB_insX_yagA_predicted,0.3333333333333333,2,2,CCATAGCGCTCGAGACTTGT,0,4438571
yagB_insX_yagA_predicted,0.3333333333333333,2,2,CCAGTTGGGCCGACTGCCGT,0,4459517
yagB_insX_yagA_predicted,0.3333333333333333,2,2,CCAGTGGCTAGGATCAGGCC,0,4461022
yagB_insX_yagA_predicted,0.3333333333333333,2,2,CCAGTGATCTCTGGCTCACC,0,4438702
yagB_insX_yagA_predicted,0.3333333333333333,2,2,CCAGGTAGTTTCCCCGATAA,0,4440439
yagB_insX_yagA_predicted,0.3333333333333333,2,2,CCAGGCTCGAGTACGAGGAA,0,4439178
yagB_insX_yagA_predicted,0.3333333333333333,2,2,CCAGCGAAGAGTTGTACCAA,0,4437915
yagB_insX_yagA_predicted,0.3333333333333333,2,2,CCAGCACGTAACATCCGCAT,0,4463039
yagB_insX_yagA_predicted,0.3333333333333333,2,2,CCAGATCCTCCCGACCAAAA,0,4445051
yagB_insX_yagA_predicted,0.3333333333333333,2,2,CCAGATAAAGTGCTTGGCCT,0,4456586
yagB_insX_yagA_predicted,0.3333333333333333,2,2,CCACCGGCGCTAACTCCAAC,0,4446517
yagB_insX_yagA_predicted,0.3333333333333333,2,2,CCACAGCATAACTCACGCTG,0,4466016
yagB_insX_yagA_predicted,0.3333333333333333,2,2,CCAAGGGGCTTGGTCACGAT,0,4456859
yagB_insX_yagA_predicted,0.3333333333333333,2,2,CCAAGAGCGATAGACGCATA,0,4460821
yagB_insX_yagA_predicted,0.3333333333333333,2,2,CCAACCGAACAAATCTGAAA,0,4439327
yagB_insX_yagA_predicted,0.3333333333333333,2,2,CCAAATCATCTGTTACAGTT,0,4444826
yagB_insX_yagA_predicted,0.3333333333333333,2,2,CATTTCTGGAAGTATACACA,0,4457398
yagB_insX_yagA_predicted,0.3333333333333333,2,2,CATTTAGTATCCTACCGGAT,0,4439322
yagB_insX_yagA_predicted,0.3333333333333333,2,2,CATTTAAAGCGGCAGCACTT,0,4467539
yagB_insX_yagA_predicted,0.3333333333333333,2,2,CATTGTTATGGGCTCCTTGG,0,4459441
yagB_insX_yagA_predicted,0.3333333333333333,2,2,CATTGGGTTGTGACGGCTAA,0,4458192
yagB_insX_yagA_predicted,0.3333333333333333,2,2,CATTGCCTTTAATCCGGGCG,0,4452460
yagB_insX_yagA_predicted,0.3333333333333333,2,2,CATTATGCAGTTAGGCCTTG,0,4447543
yagB_insX_yagA_predicted,0.3333333333333333,2,2,CATGTTCTGCCATCAAGAAT,0,4453966
yagB_insX_yagA_predicted,0.3333333333333333,2,2,CATGTTAAGTCTTCCACGCA,0,4468461
yagB_insX_yagA_predicted,0.3333333333333333,2,2,CATCGTAAATTGGATCGTTC,0,4464583
yagB_insX_yagA_predicted,0.3333333333333333,2,2,CATAGACTCACCAATACAAC,0,4469070
yagB_insX_yagA_predicted,0.3333333333333333,2,2,CATACGATCATTGTAGCGAC,0,4440669
yagB_insX_yagA_predicted,0.3333333333333333,2,2,CATAAGAATCGCTGGGGACT,0,4467142
yagB_insX_yagA_predicted,0.3333333333333333,2,2,CATAAATCTGTAAGCAGGCA,0,4437812
yagB_insX_yagA_predicted,0.3333333333333333,2,2,CAGTTTCATAGTGAGCGGGT,0,4448198
yagB_insX_yagA_predicted,0.3333333333333333,2,2,CAGTTCTCAAAGCTCATTGC,0,4466237
yagB_insX_yagA_predicted,0.3333333333333333,2,2,CAGTTCGATGACGCTTGCTT,0,4443509
yagB_insX_yagA_predicted,0.3333333333333333,2,2,CAGTGTACGGATGAAGTCAT,0,4464863
yagB_insX_yagA_predicted,0.3333333333333333,2,2,CAGTGCCGGTAGACATGGAC,0,4446516
yagB_insX_yagA_predicted,0.3333333333333333,2,2,CAGTCAAGTGAGCACCGGGA,0,4471070
yagB_insX_yagA_predicted,0.3333333333333333,2,2,CAGGTCTGTGAAGTTACTCA,0,4445897
yagB_insX_yagA_predicted,0.3333333333333333,2,2,CAGGTCATCTGTATTCCGAA,0,4465423
yagB_insX_yagA_predicted,0.3333333333333333,2,2,CAGGGTGTCCCTAAAGAAAA,0,4441792
yagB_insX_yagA_predicted,0.3333333333333333,2,2,CAGGAGAGTAGTTTCTCAAG,0,4446777
yagB_insX_yagA_predicted,0.3333333333333333,2,2,CAGCTGTCACGAGGTGTCGT,0,4451901
yagB_insX_yagA_predicted,0.3333333333333333,2,2,CAGCGCAGGGTTACCCTCTG,0,4440207
yagB_insX_yagA_predicted,0.3333333333333333,2,2,CAGCCTTGTTTTCACACCCA,0,4466562
yagB_insX_yagA_predicted,0.3333333333333333,2,2,CAGCAACAACATGTGCTAGT,0,4456092
yagB_insX_yagA_predicted,0.3333333333333333,2,2,CAGAGGGGGCGTTGTTGTCG,0,4466199
yagB_insX_yagA_predicted,0.3333333333333333,2,2,CAGAGCAAAAGGTATTCTTA,0,4472047
yagB_insX_yagA_predicted,0.3333333333333333,2,2,CAGAGACGGAGAAGAAAGTT,0,4471895
yagB_insX_yagA_predicted,0.3333333333333333,2,2,CAGACCCGTGGCCCACGGAC,0,4457258
yagB_insX_yagA_predicted,0.3333333333333333,2,2,CAGACACACAAATAGATGAC,0,4459550
yagB_insX_yagA_predicted,0.3333333333333333,2,2,CAGAACTCCCCGATAGGTAG,0,4453509
yagB_insX_yagA_predicted,0.3333333333333333,2,2,CAGAACAGTAGAGCCAGACC,0,4446519
yagB_insX_yagA_predicted,0.3333333333333333,2,2,CAGAAATTCAAACTCTCATA,0,4439674
yagB_insX_yagA_predicted,0.3333333333333333,2,2,CACTTCTTTTCAACTTCAAG,0,4438080
yagB_insX_yagA_predicted,0.3333333333333333,2,2,CACTATGCTCAATTATCCCA,0,4439015
yagB_insX_yagA_predicted,0.3333333333333333,2,2,CACTAAGAACTTTTTACACA,0,4459561
yagB_insX_yagA_predicted,0.3333333333333333,2,2,CACGTACCGCGCTGTTTAAG,0,4445499
yagB_insX_yagA_predicted,0.3333333333333333,2,2,CACGGTAGGGGTGGCCTTTG,0,4446360
yagB_insX_yagA_predicted,0.3333333333333333,2,2,CACGCGCGGCCGAAGAAAAA,0,4453231
yagB_insX_yagA_predicted,0.3333333333333333,2,2,CACGAGTGGTTGGGAAATTC,0,4462346
yagB_insX_yagA_predicted,0.3333333333333333,2,2,CACCGTGCCATGAGACACTT,0,4436061
yagB_insX_yagA_predicted,0.3333333333333333,2,2,CACCCGGTCGAATATTGGGG,0,4469041
yagB_insX_yagA_predicted,0.3333333333333333,2,2,CACCCCCCGGTACTACGTTC,0,4466450
yagB_insX_yagA_predicted,0.3333333333333333,2,2,CACCCAATACTGTTTTCAGA,0,4445003
yagB_insX_yagA_predicted,0.3333333333333333,2,2,CACCATCAATGCAACATAAC,0,4452753
yagB_insX_yagA_predicted,0.3333333333333333,2,2,CACATCTCCGCCCGCGCTGT,0,4450930
yagB_insX_yagA_predicted,0.3333333333333333,2,2,CACAGTCGAGGAAACTGACA,0,4440769
yagB_insX_yagA_predicted,0.3333333333333333,2,2,CACACTTTTCAAGACGTACC,0,4441706
yagB_insX_yagA_predicted,0.3333333333333333,2,2,CAATTTAGCGAGGGTAAAAG,0,4441975
yagB_insX_yagA_predicted,0.3333333333333333,2,2,CAATCCGATAGAGTGTCGCA,0,4451668
yagB_insX_yagA_predicted,0.3333333333333333,2,2,CAATCCCGTCCGTGCGTGTA,0,4454289
yagB_insX_yagA_predicted,0.3333333333333333,2,2,CAATAAGCCATCTCTGACCT,0,4470240
yagB_insX_yagA_predicted,0.3333333333333333,2,2,CAAGTCGCTCCGTTCTCCTC,0,4469957
yagB_insX_yagA_predicted,0.3333333333333333,2,2,CAAGGTCTGCCTTCTCAGAA,0,4450354
yagB_insX_yagA_predicted,0.3333333333333333,2,2,CAAGGCCATCTATGCGTTTT,0,4453969
yagB_insX_yagA_predicted,0.3333333333333333,2,2,CAAGAAGCCCGGGCACCTGA,0,4455399
yagB_insX_yagA_predicted,0.3333333333333333,2,2,CAACTCGGACAGGCCTTTTG,0,4459324
yagB_insX_yagA_predicted,0.3333333333333333,2,2,CAACGTGAGCGAAGGCCGAG,0,4461537
yagB_insX_yagA_predicted,0.3333333333333333,2,2,CAACGACCTGTGCTCAAATA,0,4439601
yagB_insX_yagA_predicted,0.3333333333333333,2,2,CAACCTTCAGGAACTCACCA,0,4446370
yagB_insX_yagA_predicted,0.3333333333333333,2,2,CAACCGCTATGACCTTCGAT,0,4472008
yagB_insX_yagA_predicted,0.3333333333333333,2,2,CAACATATGCCCGCACGGTG,0,4444869
yagB_insX_yagA_predicted,0.3333333333333333,2,2,CAACAGCTTCGTAAATTCCA,0,4455946
yagB_insX_yagA_predicted,0.3333333333333333,2,2,CAACAATCCTACACTTTTGA,0,4464098
yagB_insX_yagA_predicted,0.3333333333333333,2,2,CAAAGTGAACGCTCTGTGCT,0,4438964
yagB_insX_yagA_predicted,0.3333333333333333,2,2,CAAACGAAAGGGATCGGAAT,0,4443636
yagB_insX_yagA_predicted,0.3333333333333333,2,2,CAAACAAGGACCTGATTTAT,0,4446979
yagB_insX_yagA_predicted,0.3333333333333333,2,2,CAAAAGGCCGCCCTATTCAC,0,4456289
yagB_insX_yagA_predicted,0.3333333333333333,2,2,CAAAACAACCGCCGTTTCGA,0,4451822
yagB_insX_yagA_predicted,0.3333333333333333,2,2,ATTTTTGATCAAGAGCTCCG,0,4463466
yagB_insX_yagA_predicted,0.3333333333333333,2,2,ATTTGGAAGTAGTAACCAAA,0,4451672
yagB_insX_yagA_predicted,0.3333333333333333,2,2,ATTTGCTAGTAGACGACTAG,0,4442837
yagB_insX_yagA_predicted,0.3333333333333333,2,2,ATTTCGAGAGCGCCAACCCG,0,4451341
yagB_insX_yagA_predicted,0.3333333333333333,2,2,ATTTACGCAAGGGGGAGTAA,0,4457865
yagB_insX_yagA_predicted,0.3333333333333333,2,2,ATTTACCGAGATTCTACGAC,0,4436208
yagB_insX_yagA_predicted,0.3333333333333333,2,2,ATTGTTTAACCGAAGAGCCG,0,4457557
yagB_insX_yagA_predicted,0.3333333333333333,2,2,ATTGTGCTAAATACTTTGGT,0,4440515
yagB_insX_yagA_predicted,0.3333333333333333,2,2,ATTGTGATGTGGCAACATTC,0,4436638
yagB_insX_yagA_predicted,0.3333333333333333,2,2,ATTGTCCTGGTTTTGTAGCT,0,4448380
yagB_insX_yagA_predicted,0.3333333333333333,2,2,ATTGTATTTTGATTATACAC,0,4436514
yagB_insX_yagA_predicted,0.3333333333333333,2,2,ATTGTAAGTCCTAGGCGCAA,0,4452841
yagB_insX_yagA_predicted,0.3333333333333333,2,2,ATTGGCACAGATTCCCAAAG,0,4470405
yagB_insX_yagA_predicted,0.3333333333333333,2,2,ATTGCTTTAGGCTCATCTCG,0,4464613
yagB_insX_yagA_predicted,0.3333333333333333,2,2,ATTGCTCATTTGTTAATACT,0,4443707
yagB_insX_yagA_predicted,0.3333333333333333,2,2,ATTGCAGCGTTCAGCCCAGA,0,4462813
yagB_insX_yagA_predicted,0.3333333333333333,2,2,ATTGCACTCTAGTGTCCGCA,0,4446104
yagB_insX_yagA_predicted,0.3333333333333333,2,2,ATTGAGGCTTGGGCGGTATC,0,4445678
yagB_insX_yagA_predicted,0.3333333333333333,2,2,ATTGACGTCTTGTGTTCTGT,0,4456154
yagB_insX_yagA_predicted,0.3333333333333333,2,2,ATTCTTTGGGTAAGACGGTC,0,4446567
yagB_insX_yagA_predicted,0.3333333333333333,2,2,ATTCTATTGGGTCCTTTGTG,0,4446411
yagB_insX_yagA_predicted,0.3333333333333333,2,2,ATTCTATGTTTTAACCGAAA,0,4451167
yagB_insX_yagA_predicted,0.3333333333333333,2,2,ATTCTAAATCGGGACAATGA,0,4444925
yagB_insX_yagA_predicted,0.3333333333333333,2,2,ATTCGAATTAATAGGTGGAC,0,4446145
yagB_insX_yagA_predicted,0.3333333333333333,2,2,ATTCCTCGCCTACGTGTCGT,0,4443825
yagB_insX_yagA_predicted,0.3333333333333333,2,2,ATTCCGCTTATGTACATTTC,0,4457161
yagB_insX_yagA_predicted,0.3333333333333333,2,2,ATTCCGATGTAAAACTGGTG,0,4438852
yagB_insX_yagA_predicted,0.3333333333333333,2,2,ATTCCCAATTTCGGATACTT,0,4462222
yagB_insX_yagA_predicted,0.3333333333333333,2,2,ATTCACCACGACGGGTTGAT,0,4452849
yagB_insX_yagA_predicted,0.3333333333333333,2,2,ATTAGTTTGGATCAGGCCAT,0,4467024
yagB_insX_yagA_predicted,0.3333333333333333,2,2,ATTAGTGTTGAGATTGTTAT,0,4443769
yagB_insX_yagA_predicted,0.3333333333333333,2,2,ATTAGTACTCACCGGACAGT,0,4468556
yagB_insX_yagA_predicted,0.3333333333333333,2,2,ATTACCGATGAGACCTCATC,0,4445127
yagB_insX_yagA_predicted,0.3333333333333333,2,2,ATTACAGAATAGACGTGGTG,0,4449381
yagB_insX_yagA_predicted,0.3333333333333333,2,2,ATGTTTCCCGACTTGAGCTC,0,4466583
yagB_insX_yagA_predicted,0.3333333333333333,2,2,ATGTTGTCGGCGCATGGTCG,0,4466835
yagB_insX_yagA_predicted,0.3333333333333333,2,2,ATGTTGACCGCGCAGCACTT,0,4453499
yagB_insX_yagA_predicted,0.3333333333333333,2,2,ATGTGTCAGGTGCCCGCGTC,0,4457900
yagB_insX_yagA_predicted,0.3333333333333333,2,2,ATGTCGTTGAGTCGATAGAA,0,4463495
yagB_insX_yagA_predicted,0.3333333333333333,2,2,ATGTATTGAGATGATCTAAG,0,4450916
yagB_insX_yagA_predicted,0.3333333333333333,2,2,ATGTAGCACGCGAAGTAGCA,0,4466858
yagB_insX_yagA_predicted,0.3333333333333333,2,2,ATGTACTGACGCGCACATAC,0,4452262
yagB_insX_yagA_predicted,0.3333333333333333,2,2,ATGGTTATTGTTTCACTTAT,0,4449447
yagB_insX_yagA_predicted,0.3333333333333333,2,2,ATGGGGCAGTTGATAAAGGG,0,4444748
yagB_insX_yagA_predicted,0.3333333333333333,2,2,ATGGGGATGAATAACTGAAG,0,4447352
yagB_insX_yagA_predicted,0.3333333333333333,2,2,ATGGGCAGGAGTAGCCCTTT,0,4442591
yagB_insX_yagA_predicted,0.3333333333333333,2,2,ATGGCGCATCCGACCTGCTA,0,4436249
yagB_insX_yagA_predicted,0.3333333333333333,2,2,ATGGAGAAACCTGAACCATC,0,4467752
yagB_insX_yagA_predicted,0.3333333333333333,2,2,ATGCTAGCAGACACGTGATG,0,4465291
yagB_insX_yagA_predicted,0.3333333333333333,2,2,ATGCGTTTCCTCACCAACAC,0,4444126
yagB_insX_yagA_predicted,0.3333333333333333,2,2,ATGCGGGTTAAAATGTTAAA,0,4454840
yagB_insX_yagA_predicted,0.3333333333333333,2,2,ATGCGAGATAATCTGGCAGT,0,4458424
yagB_insX_yagA_predicted,0.3333333333333333,2,2,ATGCCGACATTCACGTCGGC,0,4454067
yagB_insX_yagA_predicted,0.3333333333333333,2,2,ATGCCGACACTATTCATGAT,0,4450606
yagB_insX_yagA_predicted,0.3333333333333333,2,2,ATGCCCGAAGTTCTGCCGAC,0,4467585
yagB_insX_yagA_predicted,0.3333333333333333,2,2,ATGCATGCATTTATGATCAT,0,4462564
yagB_insX_yagA_predicted,0.3333333333333333,2,2,ATGCATACGTGCAGGACCTG,0,4452099
yagB_insX_yagA_predicted,0.3333333333333333,2,2,ATGATCTCCGCGTATCCTGA,0,4441246
yagB_insX_yagA_predicted,0.3333333333333333,2,2,ATGATAACTTTAATGCACAG,0,4443424
yagB_insX_yagA_predicted,0.3333333333333333,2,2,ATGAGTTTATTCCAACAAGG,0,4466718
yagB_insX_yagA_predicted,0.3333333333333333,2,2,ATGAGATAGCGTAACCGAAT,0,4456742
yagB_insX_yagA_predicted,0.3333333333333333,2,2,ATGAACCAAATATTGGTACA,0,4470818
yagB_insX_yagA_predicted,0.3333333333333333,2,2,ATCTTGCCGTAGGAATCTGT,0,4472086
yagB_insX_yagA_predicted,0.3333333333333333,2,2,ATCTGTCCGCATTGTAAGAC,0,4470519
yagB_insX_yagA_predicted,0.3333333333333333,2,2,ATCTGACTACTCTGATTAGT,0,4466205
yagB_insX_yagA_predicted,0.3333333333333333,2,2,ATCTGACCATCTTGCCTCCA,0,4455152
yagB_insX_yagA_predicted,0.3333333333333333,2,2,ATCTATACTGAATATATAGG,0,4440935
yagB_insX_yagA_predicted,0.3333333333333333,2,2,ATCTAGTAAGACTCGACGGC,0,4438444
yagB_insX_yagA_predicted,0.3333333333333333,2,2,ATCGTTGCTGGCCGGTACCT,0,4459054
yagB_insX_yagA_predicted,0.3333333333333333,2,2,ATCGGCTATGCAGTAAAACC,0,4439955
yagB_insX_yagA_predicted,0.3333333333333333,2,2,ATCGGATAGCCGTATGATCG,0,4452309
yagB_insX_yagA_predicted,0.3333333333333333,2,2,ATCGCTTAGATGTTGTGAAG,0,4461451
yagB_insX_yagA_predicted,0.3333333333333333,2,2,ATCGCCACGGGGGTTCAGTT,0,4456840
yagB_insX_yagA_predicted,0.3333333333333333,2,2,ATCCGATGGGTGAATGCCTC,0,4439672
yagB_insX_yagA_predicted,0.3333333333333333,2,2,ATCCCCTCAGCGAAGTCAGT,0,4463185
yagB_insX_yagA_predicted,0.3333333333333333,2,2,ATCCAGCCAATGCGCTGGCT,0,4453298
yagB_insX_yagA_predicted,0.3333333333333333,2,2,ATCCAGCAGACGTAGAGCTA,0,4459861
yagB_insX_yagA_predicted,0.3333333333333333,2,2,ATCATGATTATTATCGCCAT,0,4450395
yagB_insX_yagA_predicted,0.3333333333333333,2,2,ATCAGGAAGCTAAATCAGAA,0,4441413
yagB_insX_yagA_predicted,0.3333333333333333,2,2,ATCAGAACCTCTCCAACAGA,0,4464648
yagB_insX_yagA_predicted,0.3333333333333333,2,2,ATCACTATTAATGGGGCGAG,0,4466589
yagB_insX_yagA_predicted,0.3333333333333333,2,2,ATATTTAACCATAGAAGATC,0,4453797
yagB_insX_yagA_predicted,0.3333333333333333,2,2,ATATCGTGCAGTGAGAAGGT,0,4460874
yagB_insX_yagA_predicted,0.3333333333333333,2,2,ATATCCTTACTAGCTCGACT,0,4463790
yagB_insX_yagA_predicted,0.3333333333333333,2,2,ATATATTCGGTCACCCCTAC,0,4448674
yagB_insX_yagA_predicted,0.3333333333333333,2,2,ATATAGTCTAAGGTGGCAAA,0,4464219
yagB_insX_yagA_predicted,0.3333333333333333,2,2,ATATACTCCTTTTTAGACTC,0,4466748
yagB_insX_yagA_predicted,0.3333333333333333,2,2,ATAGCCCTGGTTGTAAGCCC,0,4451553
yagB_insX_yagA_predicted,0.3333333333333333,2,2,ATAGAGTCAATCGTCCATTA,0,4449907
yagB_insX_yagA_predicted,0.3333333333333333,2,2,ATACTTGCCTTTCATCTGGG,0,4461089
yagB_insX_yagA_predicted,0.3333333333333333,2,2,ATACTGTATGGAATCTGTCT,0,4459653
yagB_insX_yagA_predicted,0.3333333333333333,2,2,ATACTACCTTGGTGCTTACA,0,4442354
yagB_insX_yagA_predicted,0.3333333333333333,2,2,ATACGTGCGTGGCAAGCCCC,0,4471835
yagB_insX_yagA_predicted,0.3333333333333333,2,2,ATACGTCGCACGGCCCCCAG,0,4443703
yagB_insX_yagA_predicted,0.3333333333333333,2,2,ATACGTCATTTCCGCAACGA,0,4446078
yagB_insX_yagA_predicted,0.3333333333333333,2,2,ATACCAACAATGCTGTTATA,0,4442747
yagB_insX_yagA_predicted,0.3333333333333333,2,2,ATACATGCCTCAGTCCTCTT,0,4451454
yagB_insX_yagA_predicted,0.3333333333333333,2,2,ATAATTATTACGCAATAGTC,0,4452831
yagB_insX_yagA_predicted,0.3333333333333333,2,2,ATAAGGGAGGGCGGGTCAAT,0,4471159
yagB_insX_yagA_predicted,0.3333333333333333,2,2,ATAACTATTGAACTGCCTCA,0,4461064
yagB_insX_yagA_predicted,0.3333333333333333,2,2,ATAACCTCGAAGTAGTCTTT,0,4453613
yagB_insX_yagA_predicted,0.3333333333333333,2,2,ATAAAGACAACTGAACTCCC,0,4450945
yagB_insX_yagA_predicted,0.3333333333333333,2,2,ATAAACTACAGAAATACCGG,0,4462438
yagB_insX_yagA_predicted,0.3333333333333333,2,2,ATAAAACCTTGAAACGCATG,0,4451013
yagB_insX_yagA_predicted,0.3333333333333333,2,2,ATAAAAAACGGGTAAGGCTG,0,4467660
yagB_insX_yagA_predicted,0.3333333333333333,2,2,AGTTTTCCTTCGGGGGCACG,0,4460413
yagB_insX_yagA_predicted,0.3333333333333333,2,2,AGTTTTAGGCCACCGTGGTA,0,4453769
yagB_insX_yagA_predicted,0.3333333333333333,2,2,AGTTGGTTCTCGTATGGTCC,0,4459663
yagB_insX_yagA_predicted,0.3333333333333333,2,2,AGTTATTACAGTAGCTTGCC,0,4456710
yagB_insX_yagA_predicted,0.3333333333333333,2,2,AGTTACCGCGGATAGGACGA,0,4466426
yagB_insX_yagA_predicted,0.3333333333333333,2,2,AGTGGATCTTTAAGTCGTGC,0,4454640
yagB_insX_yagA_predicted,0.3333333333333333,2,2,AGTGCTACACAACAAATCGC,0,4447328
yagB_insX_yagA_predicted,0.3333333333333333,2,2,AGTGCGAGAAACCGGCGTGG,0,4460746
yagB_insX_yagA_predicted,0.3333333333333333,2,2,AGTGCATATGATGGCAGGCA,0,4455890
yagB_insX_yagA_predicted,0.3333333333333333,2,2,AGTGCAGATTTCAGCATGAC,0,4465559
yagB_insX_yagA_predicted,0.3333333333333333,2,2,AGTGAGGGGCTCAAGCGAGG,0,4459710
yagB_insX_yagA_predicted,0.3333333333333333,2,2,AGTCATGCCGAGGACGTCTT,0,4472202
yagB_insX_yagA_predicted,0.3333333333333333,2,2,AGTATGGGCACCGTAGCTAC,0,4445795
yagB_insX_yagA_predicted,0.3333333333333333,2,2,AGTATAGACTTTCCCGGGAT,0,4459562
yagB_insX_yagA_predicted,0.3333333333333333,2,2,AGTATAATGCTGCGAGCCAC,0,4470063
yagB_insX_yagA_predicted,0.3333333333333333,2,2,AGTACGTCACATGGCGGCTC,0,4464411
yagB_insX_yagA_predicted,0.3333333333333333,2,2,AGTACCTCGTCGGTGTAGAG,0,4463375
yagB_insX_yagA_predicted,0.3333333333333333,2,2,AGTAAGAGGGATCCGGGTCA,0,4464015
yagB_insX_yagA_predicted,0.3333333333333333,2,2,AGGTTTTTGGGCTAAGGCGG,0,4454556
yagB_insX_yagA_predicted,0.3333333333333333,2,2,AGGTTTGTTACATGTATGTG,0,4456806
yagB_insX_yagA_predicted,0.3333333333333333,2,2,AGGTTGCAACTTACCTAAAG,0,4447164
yagB_insX_yagA_predicted,0.3333333333333333,2,2,AGGTTCTAATGGGAGTCTAA,0,4462705
yagB_insX_yagA_predicted,0.3333333333333333,2,2,AGGTTCGTTGGCCGCAGCAG,0,4456251
yagB_insX_yagA_predicted,0.3333333333333333,2,2,AGGTGCTCAATGTAGGGAAG,0,4466935
yagB_insX_yagA_predicted,0.3333333333333333,2,2,AGGTCGTCCAAGGCAAAGAC,0,4450448
yagB_insX_yagA_predicted,0.3333333333333333,2,2,AGGGTGCATCCTAATAAGCC,0,4454205
yagB_insX_yagA_predicted,0.3333333333333333,2,2,AGGGCTTGGTGTCTGGCTGG,0,4440267
yagB_insX_yagA_predicted,0.3333333333333333,2,2,AGGGCTCTCCTGTACAGCAG,0,4450029
yagB_insX_yagA_predicted,0.3333333333333333,2,2,AGGGCGCGGCGTAACTTCCG,0,4452491
yagB_insX_yagA_predicted,0.3333333333333333,2,2,AGGGATAAACCCAGTGAATA,0,4443028
yagB_insX_yagA_predicted,0.3333333333333333,2,2,AGGGACCCTCTTAACTGTGC,0,4457876
yagB_insX_yagA_predicted,0.3333333333333333,2,2,AGGGAATGGTTAATCATTCA,0,4472213
yagB_insX_yagA_predicted,0.3333333333333333,2,2,AGGCTGAGTTAAAATGGCCT,0,4470531
yagB_insX_yagA_predicted,0.3333333333333333,2,2,AGGCGCTGCTGAAGCCGGGT,0,4469372
yagB_insX_yagA_predicted,0.3333333333333333,2,2,AGGCGCATCGAAAGGCGTAT,0,4444574
yagB_insX_yagA_predicted,0.3333333333333333,2,2,AGGATGTTAACGAATTGCAA,0,4443932
yagB_insX_yagA_predicted,0.3333333333333333,2,2,AGGATGGGACAATTTCGCAG,0,4469531
yagB_insX_yagA_predicted,0.3333333333333333,2,2,AGGATGCTTTTACCACCTTA,0,4461384
yagB_insX_yagA_predicted,0.3333333333333333,2,2,AGGAGGGGCCTGCGGCAGGT,0,4450360
yagB_insX_yagA_predicted,0.3333333333333333,2,2,AGGAGCAAGTGGCAAGGCCT,0,4443202
yagB_insX_yagA_predicted,0.3333333333333333,2,2,AGGAGAGACATTAAGGCATG,0,4446294
yagB_insX_yagA_predicted,0.3333333333333333,2,2,AGGAGACGCCAGTCTAGGCA,0,4465176
yagB_insX_yagA_predicted,0.3333333333333333,2,2,AGGACCTGTTCTTTTGTTCA,0,4458457
yagB_insX_yagA_predicted,0.3333333333333333,2,2,AGGAACCGGGGTGTGGAGTA,0,4455150
yagB_insX_yagA_predicted,0.3333333333333333,2,2,AGCTTTGCAGTCCGGTGAGT,0,4456124
yagB_insX_yagA_predicted,0.3333333333333333,2,2,AGCTGAAGATTGGGACTATG,0,4469158
yagB_insX_yagA_predicted,0.3333333333333333,2,2,AGCTCCCTCAAATCCGTGGT,0,4469332
yagB_insX_yagA_predicted,0.3333333333333333,2,2,AGCGTTGGGTTGCTGCTGGA,0,4444864
yagB_insX_yagA_predicted,0.3333333333333333,2,2,AGCGTAGAGTCAGTTCGGCA,0,4448662
yagB_insX_yagA_predicted,0.3333333333333333,2,2,AGCGATCAGGCGGTCATCAC,0,4454712
yagB_insX_yagA_predicted,0.3333333333333333,2,2,AGCGATAGCTAGTAATTTCC,0,4441323
yagB_insX_yagA_predicted,0.3333333333333333,2,2,AGCGACTGTCAGCACGTATG,0,4472000
yagB_insX_yagA_predicted,0.3333333333333333,2,2,AGCCCGGTCTCCGCTCACCG,0,4469225
yagB_insX_yagA_predicted,0.3333333333333333,2,2,AGCATTCCGGCCAACGGAAG,0,4452585
yagB_insX_yagA_predicted,0.3333333333333333,2,2,AGCAGTCCTCTGGGGTGTGA,0,4457444
yagB_insX_yagA_predicted,0.3333333333333333,2,2,AGCAGTATTACGGCGTAAGG,0,4469516
yagB_insX_yagA_predicted,0.3333333333333333,2,2,AGCAGCACATGTGGATCCTG,0,4448370
yagB_insX_yagA_predicted,0.3333333333333333,2,2,AGCAAGCTTATCCAAGAGCT,0,4460753
yagB_insX_yagA_predicted,0.3333333333333333,2,2,AGATTTCTCCGGCGGCAGGG,0,4454429
yagB_insX_yagA_predicted,0.3333333333333333,2,2,AGATTCTACGACTGATCACT,0,4468704
yagB_insX_yagA_predicted,0.3333333333333333,2,2,AGATGGTTGACGGATAAAAA,0,4455223
yagB_insX_yagA_predicted,0.3333333333333333,2,2,AGATAGTAACCAGCCAATGC,0,4462291
yagB_insX_yagA_predicted,0.3333333333333333,2,2,AGAGGGTCACTTTCACCCAT,0,4470575
yagB_insX_yagA_predicted,0.3333333333333333,2,2,AGAGGAAGATGAGAGTTTTC,0,4436373
yagB_insX_yagA_predicted,0.3333333333333333,2,2,AGAGCCCACGGCCTCCCCCT,0,4469280
yagB_insX_yagA_predicted,0.3333333333333333,2,2,AGACTTCAGAAGTCTCCGCT,0,4455370
yagB_insX_yagA_predicted,0.3333333333333333,2,2,AGACTGGCCCCTAGGTGTTG,0,4440452
yagB_insX_yagA_predicted,0.3333333333333333,2,2,AGACGGAACACGGCTGGTTC,0,4459990
yagB_insX_yagA_predicted,0.3333333333333333,2,2,AGACGATCGGCTGTCTGTGG,0,4451538
yagB_insX_yagA_predicted,0.3333333333333333,2,2,AGACGAACTAACCTGTACTC,0,4462929
yagB_insX_yagA_predicted,0.3333333333333333,2,2,AGACGAACCGGATAAGTCAA,0,4459407
yagB_insX_yagA_predicted,0.3333333333333333,2,2,AGACATGTCTCTTAGCTTTG,0,4445997
yagB_insX_yagA_predicted,0.3333333333333333,2,2,AGACATCGTCGTCCACTATG,0,4462125
yagB_insX_yagA_predicted,0.3333333333333333,2,2,AGACACCGTCCTCGAGAAAA,0,4450889
yagB_insX_yagA_predicted,0.3333333333333333,2,2,AGACACCAGGACCTTGTTGC,0,4450089
yagB_insX_yagA_predicted,0.3333333333333333,2,2,AGAAGATCTCCTGGAGTGTA,0,4447790
yagB_insX_yagA_predicted,0.3333333333333333,2,2,AGAAACCGGAGGATTCCCGG,0,4452328
yagB_insX_yagA_predicted,0.3333333333333333,2,2,AGAAACCAGTGTATCAAATC,0,4444871
yagB_insX_yagA_predicted,0.3333333333333333,2,2,ACTTGGCTTGTTAGAGTCCT,0,4441211
yagB_insX_yagA_predicted,0.3333333333333333,2,2,ACTTCTTGTGCCAAAAGACA,0,4469977
yagB_insX_yagA_predicted,0.3333333333333333,2,2,ACTTCCTTCTAGAAACGGTT,0,4459183
yagB_insX_yagA_predicted,0.3333333333333333,2,2,ACTTCATACGGAACCAAATC,0,4453354
yagB_insX_yagA_predicted,0.3333333333333333,2,2,ACTTCAGACATCGCCGCCAC,0,4459924
yagB_insX_yagA_predicted,0.3333333333333333,2,2,ACTTATTCTATATGTGTAGG,0,4439733
yagB_insX_yagA_predicted,0.3333333333333333,2,2,ACTTATTCCTTTGTCTCCAA,0,4437355
yagB_insX_yagA_predicted,0.3333333333333333,2,2,ACTGTGTTGAGGATATAACT,0,4443672
yagB_insX_yagA_predicted,0.3333333333333333,2,2,ACTGTCGCTTGGAATACCAA,0,4451736
yagB_insX_yagA_predicted,0.3333333333333333,2,2,ACTGTAGCGTGTAATCCCCT,0,4440132
yagB_insX_yagA_predicted,0.3333333333333333,2,2,ACTGGGATTATCTCGTTGAG,0,4460241
yagB_insX_yagA_predicted,0.3333333333333333,2,2,ACTGGCCCGAGACGGCGGTC,0,4468686
yagB_insX_yagA_predicted,0.3333333333333333,2,2,ACTGGACACAAGCATACCCT,0,4450934
yagB_insX_yagA_predicted,0.3333333333333333,2,2,ACTGCTTCGAGACGAAGAGG,0,4470863
yagB_insX_yagA_predicted,0.3333333333333333,2,2,ACTGAGACTGCCAGCAGGGT,0,4456651
yagB_insX_yagA_predicted,0.3333333333333333,2,2,ACTCTTTCCGCTAGTTATAA,0,4456760
yagB_insX_yagA_predicted,0.3333333333333333,2,2,ACTCTGTCCAAATGCGCACT,0,4445974
yagB_insX_yagA_predicted,0.3333333333333333,2,2,ACTCTGGAGCGGGTCAGGGA,0,4463313
yagB_insX_yagA_predicted,0.3333333333333333,2,2,ACTCTCATGCTTTGGCAAGT,0,4438739
yagB_insX_yagA_predicted,0.3333333333333333,2,2,ACTCTATCCGAGAATTGTGA,0,4455257
yagB_insX_yagA_predicted,0.3333333333333333,2,2,ACTCCAATCGCAAAAGACTG,0,4471952
yagB_insX_yagA_predicted,0.3333333333333333,2,2,ACTCATTAAGTTCAATAAAA,0,4450716
yagB_insX_yagA_predicted,0.3333333333333333,2,2,ACTACCGCGATACGAGCGGA,0,4454634
yagB_insX_yagA_predicted,0.3333333333333333,2,2,ACTACAGTATCATAGTGTTT,0,4437529
yagB_insX_yagA_predicted,0.3333333333333333,2,2,ACGTTGATGGTTCATTGCCT,0,4462484
yagB_insX_yagA_predicted,0.3333333333333333,2,2,ACGTTACCCAGTGCATTCAG,0,4461096
yagB_insX_yagA_predicted,0.3333333333333333,2,2,ACGTGTGTGTTGCCGTAGAT,0,4469117
yagB_insX_yagA_predicted,0.3333333333333333,2,2,ACGTGACCCAGTGCCAAGTC,0,4438528
yagB_insX_yagA_predicted,0.3333333333333333,2,2,ACGTCTGCTGTGATCTCGTT,0,4437436
yagB_insX_yagA_predicted,0.3333333333333333,2,2,ACGTCGTAACATCCCGCGAT,0,4437778
yagB_insX_yagA_predicted,0.3333333333333333,2,2,ACGGTTGCTTAATACGGTAT,0,4449289
yagB_insX_yagA_predicted,0.3333333333333333,2,2,ACGGTCCACGCGAATTCAAG,0,4456601
yagB_insX_yagA_predicted,0.3333333333333333,2,2,ACGGTCAATCGAGAAGCCTA,0,4450910
yagB_insX_yagA_predicted,0.3333333333333333,2,2,ACGGAATCGCCAGTAATGTT,0,4461752
yagB_insX_yagA_predicted,0.3333333333333333,2,2,ACGGAAATAATGAGCAATTA,0,4456193
yagB_insX_yagA_predicted,0.3333333333333333,2,2,ACGCTCGTTGATCAATCCTC,0,4437643
yagB_insX_yagA_predicted,0.3333333333333333,2,2,ACGCTAATTGAGCCACGCTG,0,4467053
yagB_insX_yagA_predicted,0.3333333333333333,2,2,ACGCGCGCAATTTTTAGTCT,0,4459774
yagB_insX_yagA_predicted,0.3333333333333333,2,2,ACGCGCATCCCCCCACCAAT,0,4445135
yagB_insX_yagA_predicted,0.3333333333333333,2,2,ACGCGAGCAGATGCAGCTAA,0,4469885
yagB_insX_yagA_predicted,0.3333333333333333,2,2,ACGCAGTGCGAGTGCAAGGA,0,4445864
yagB_insX_yagA_predicted,0.3333333333333333,2,2,ACGAGGTTATATCGTACCCT,0,4460452
yagB_insX_yagA_predicted,0.3333333333333333,2,2,ACGAGGTCGATCTGGACTAC,0,4448205
yagB_insX_yagA_predicted,0.3333333333333333,2,2,ACGAGGGACCGTCCGGCTCA,0,4466616
yagB_insX_yagA_predicted,0.3333333333333333,2,2,ACGACGGGCCTGTCACCAAC,0,4449142
yagB_insX_yagA_predicted,0.3333333333333333,2,2,ACGACAGAGCTGTCCTCACA,0,4443599
yagB_insX_yagA_predicted,0.3333333333333333,2,2,ACGACACTCGCTTTCCAGTG,0,4463132
yagB_insX_yagA_predicted,0.3333333333333333,2,2,ACCTGGTTTACGCGAAGTGC,0,4436782
yagB_insX_yagA_predicted,0.3333333333333333,2,2,ACCTGAGCTTCCGGCCCGTT,0,4454105
yagB_insX_yagA_predicted,0.3333333333333333,2,2,ACCTCGCTCGCCCTGGATAC,0,4461436
yagB_insX_yagA_predicted,0.3333333333333333,2,2,ACCTCCCAGACGCCGGTTCT,0,4445286
yagB_insX_yagA_predicted,0.3333333333333333,2,2,ACCGTCCGTACCCCGGCAAT,0,4455462
yagB_insX_yagA_predicted,0.3333333333333333,2,2,ACCGCGAGCAGGATATAACT,0,4437659
yagB_insX_yagA_predicted,0.3333333333333333,2,2,ACCGATGGCGGCCGTGTCTC,0,4443487
yagB_insX_yagA_predicted,0.3333333333333333,2,2,ACCGAGAAACTGTCAATGTT,0,4458753
yagB_insX_yagA_predicted,0.3333333333333333,2,2,ACCCTGTCCCGTGCCCAGGT,0,4468561
yagB_insX_yagA_predicted,0.3333333333333333,2,2,ACCCCCGGATCAACAGGCAT,0,4460295
yagB_insX_yagA_predicted,0.3333333333333333,2,2,ACCAGGTTGTAAGGAGCTCC,0,4451279
yagB_insX_yagA_predicted,0.3333333333333333,2,2,ACCAGACGCCACGGTACTCC,0,4457671
yagB_insX_yagA_predicted,0.3333333333333333,2,2,ACCACGGGGAGTCGAGCAGC,0,4459401
yagB_insX_yagA_predicted,0.3333333333333333,2,2,ACCAATACCGAGGAAGACTA,0,4440057
yagB_insX_yagA_predicted,0.3333333333333333,2,2,ACCAAGTGCTGCGAACGCTC,0,4458513
yagB_insX_yagA_predicted,0.3333333333333333,2,2,ACCAAACGACGATAGTCGTA,0,4455240
yagB_insX_yagA_predicted,0.3333333333333333,2,2,ACATTACTCACGCTAATCTT,0,4466342
yagB_insX_yagA_predicted,0.3333333333333333,2,2,ACATCGATCTCTCATTCGGA,0,4456939
yagB_insX_yagA_predicted,0.3333333333333333,2,2,ACATAGTGATTTAATTGTCC,0,4448231
yagB_insX_yagA_predicted,0.3333333333333333,2,2,ACATACCGAAACGGCGGTGT,0,4448740
yagB_insX_yagA_predicted,0.3333333333333333,2,2,ACAGGTGACGTTGATCCGCA,0,4444460
yagB_insX_yagA_predicted,0.3333333333333333,2,2,ACAGGTCCTGACGACATAGT,0,4463597
yagB_insX_yagA_predicted,0.3333333333333333,2,2,ACAGCATGAGTTAAAGTAAA,0,4470376
yagB_insX_yagA_predicted,0.3333333333333333,2,2,ACAGCAGGCTCTATAAAACG,0,4440446
yagB_insX_yagA_predicted,0.3333333333333333,2,2,ACAGATCTACGGTAAAATTA,0,4449799
yagB_insX_yagA_predicted,0.3333333333333333,2,2,ACAGAAATCCATGCTCAAGG,0,4462310
yagB_insX_yagA_predicted,0.3333333333333333,2,2,ACAGAAACCTTTTGCAAACA,0,4439270
yagB_insX_yagA_predicted,0.3333333333333333,2,2,ACACGTAATATGAACATTCC,0,4466550
yagB_insX_yagA_predicted,0.3333333333333333,2,2,ACACCGGAAAAATTCTGGTA,0,4452248
yagB_insX_yagA_predicted,0.3333333333333333,2,2,ACACAAGGCCATATAGTAAG,0,4445661
yagB_insX_yagA_predicted,0.3333333333333333,2,2,ACACAAAAGGGAGTTCTAGA,0,4453299
yagB_insX_yagA_predicted,0.3333333333333333,2,2,ACAAGGATGCATGTGCAGTT,0,4447389
yagB_insX_yagA_predicted,0.3333333333333333,2,2,ACAACGACAGTTTACCCACA,0,4462090
yagB_insX_yagA_predicted,0.3333333333333333,2,2,AATTTACGGGAAAGTTCCGA,0,4442377
yagB_insX_yagA_predicted,0.3333333333333333,2,2,AATTGTTACCCGAACGTCTC,0,4445305
yagB_insX_yagA_predicted,0.3333333333333333,2,2,AATTGTCGCCTGGATGACTC,0,4443178
yagB_insX_yagA_predicted,0.3333333333333333,2,2,AATTGCGGATTGGATTCGAC,0,4437760
yagB_insX_yagA_predicted,0.3333333333333333,2,2,AATTGAGGCACATGGGATGG,0,4444372
yagB_insX_yagA_predicted,0.3333333333333333,2,2,AATTGAAATTCATGTTTAAG,0,4462493
yagB_insX_yagA_predicted,0.3333333333333333,2,2,AATTCCACTCAAGGTCCCAA,0,4456219
yagB_insX_yagA_predicted,0.3333333333333333,2,2,AATTCATTGCGGGACAGGGT,0,4459314
yagB_insX_yagA_predicted,0.3333333333333333,2,2,AATTCAGGGGAAGGTTCCCC,0,4454917
yagB_insX_yagA_predicted,0.3333333333333333,2,2,AATGTCGTTCCAACGGGGAC,0,4438512
yagB_insX_yagA_predicted,0.3333333333333333,2,2,AATGTCAGCGGGTGGGAACT,0,4455384
yagB_insX_yagA_predicted,0.3333333333333333,2,2,AATGGTTCTGGGCGCATCCA,0,4462084
yagB_insX_yagA_predicted,0.3333333333333333,2,2,AATGGATAACGACGATAACT,0,4436295
yagB_insX_yagA_predicted,0.3333333333333333,2,2,AATGCGCCCAAGGGCCAGAC,0,4446306
yagB_insX_yagA_predicted,0.3333333333333333,2,2,AATCGTGCTTACTTATCAGT,0,4449741
yagB_insX_yagA_predicted,0.3333333333333333,2,2,AATCCCAACAGGATGTTTGT,0,4464065
yagB_insX_yagA_predicted,0.3333333333333333,2,2,AATCATTATGCAGAAAAAAG,0,4453571
yagB_insX_yagA_predicted,0.3333333333333333,2,2,AATCAGGATTGGATTTTCGG,0,4448382
yagB_insX_yagA_predicted,0.3333333333333333,2,2,AATATGAAGGTCGTACGGGA,0,4444325
yagB_insX_yagA_predicted,0.3333333333333333,2,2,AATACATCGGCTTTTTTCTG,0,4447559
yagB_insX_yagA_predicted,0.3333333333333333,2,2,AAGTTGGCTGGGATGTGTTT,0,4454658
yagB_insX_yagA_predicted,0.3333333333333333,2,2,AAGTGAGGTGTGCCCCGTTG,0,4461676
yagB_insX_yagA_predicted,0.3333333333333333,2,2,AAGGTGTGGACTGTGAGCAA,0,4458618
yagB_insX_yagA_predicted,0.3333333333333333,2,2,AAGGGTTGCCCCGCTCACAA,0,4436335
yagB_insX_yagA_predicted,0.3333333333333333,2,2,AAGGGTCTTGCTTACGTAGC,0,4467528
yagB_insX_yagA_predicted,0.3333333333333333,2,2,AAGGAACTTTCGAGTAAGCG,0,4472345
yagB_insX_yagA_predicted,0.3333333333333333,2,2,AAGCTAACCGTAGATCACCA,0,4461518
yagB_insX_yagA_predicted,0.3333333333333333,2,2,AAGCGTCAAACTTAATGCCC,0,4443662
yagB_insX_yagA_predicted,0.3333333333333333,2,2,AAGCGTATGCGCGCCGACCA,0,4461359
yagB_insX_yagA_predicted,0.3333333333333333,2,2,AAGCCAAACCGTACGGGATA,0,4469578
yagB_insX_yagA_predicted,0.3333333333333333,2,2,AAGATTGAGATTCAGCCTAC,0,4459793
yagB_insX_yagA_predicted,0.3333333333333333,2,2,AAGAGGGTCGGGGCTATGCA,0,4470135
yagB_insX_yagA_predicted,0.3333333333333333,2,2,AAGAGGCGTTAATAAGCCCC,0,4447888
yagB_insX_yagA_predicted,0.3333333333333333,2,2,AAGAGCCAGTATAGGCCGCG,0,4460464
yagB_insX_yagA_predicted,0.3333333333333333,2,2,AAGAATCAACCTTCTTGCCG,0,4464382
yagB_insX_yagA_predicted,0.3333333333333333,2,2,AAGAAACGTCAAATAGGCCT,0,4451425
yagB_insX_yagA_predicted,0.3333333333333333,2,2,AACTTACGCTGATTCTCTGT,0,4470114
yagB_insX_yagA_predicted,0.3333333333333333,2,2,AACTATCGACACTGGACACT,0,4454812
yagB_insX_yagA_predicted,0.3333333333333333,2,2,AACTAACGTTGGCTGCCCTG,0,4443194
yagB_insX_yagA_predicted,0.3333333333333333,2,2,AACGTGCCTCCGCGGTGGAG,0,4465831
yagB_insX_yagA_predicted,0.3333333333333333,2,2,AACGCTTTCTGCATTACATG,0,4455630
yagB_insX_yagA_predicted,0.3333333333333333,2,2,AACGCATTTTGGGCCATTCA,0,4459388
yagB_insX_yagA_predicted,0.3333333333333333,2,2,AACGACTCCCGATCACAGTG,0,4447017
yagB_insX_yagA_predicted,0.3333333333333333,2,2,AACCTTGACACTTGTCCCGC,0,4463139
yagB_insX_yagA_predicted,0.3333333333333333,2,2,AACCGTAGTGCCAATATGTG,0,4472104
yagB_insX_yagA_predicted,0.3333333333333333,2,2,AACCGGATACATTATGTGGG,0,4458402
yagB_insX_yagA_predicted,0.3333333333333333,2,2,AACCGACAGGTATGTGTGGT,0,4443049
yagB_insX_yagA_predicted,0.3333333333333333,2,2,AACCCGTGAGGCGGTGTGTT,0,4448356
yagB_insX_yagA_predicted,0.3333333333333333,2,2,AACAGGCATGTTGTGGACCA,0,4445223
yagB_insX_yagA_predicted,0.3333333333333333,2,2,AACACCGGAGAGGAACGGAT,0,4471831
yagB_insX_yagA_predicted,0.3333333333333333,2,2,AAATTTGGCTGAACTTGAAC,0,4455607
yagB_insX_yagA_predicted,0.3333333333333333,2,2,AAATTTAAGCCATGTGGTTA,0,4454636
yagB_insX_yagA_predicted,0.3333333333333333,2,2,AAATGTCGTGCGGCACCGTG,0,4449754
yagB_insX_yagA_predicted,0.3333333333333333,2,2,AAATCCGTCACGATTGTAGC,0,4458555
yagB_insX_yagA_predicted,0.3333333333333333,2,2,AAAGGTGCCGCGTAAATCAT,0,4456159
yagB_insX_yagA_predicted,0.3333333333333333,2,2,AAAGGTCGCCATAGTTCTAT,0,4443643
yagB_insX_yagA_predicted,0.3333333333333333,2,2,AAAGCGGCTTTGCTTGACTA,0,4456177
yagB_insX_yagA_predicted,0.3333333333333333,2,2,AAAGATAGTCCTCGCATTTG,0,4442138
yagB_insX_yagA_predicted,0.3333333333333333,2,2,AAACTCGGCCGGATGTCGCA,0,4443080
yagB_insX_yagA_predicted,0.3333333333333333,2,2,AAACGGGGATAATCGCTGGG,0,4458617
yagB_insX_yagA_predicted,0.3333333333333333,2,2,AAACCAAAACTGATCAGTCG,0,4456471
yagB_insX_yagA_predicted,0.3333333333333333,2,2,AAAATTCGGGATGCCAAGAC,0,4462608
yagB_insX_yagA_predicted,0.5,1,1,TTTTTGTCTGCCTTCCTTTG,0,4441082
yagB_insX_yagA_predicted,0.5,1,1,TTTTTCCCGTCCCCGCAGTA,0,4458782
yagB_insX_yagA_predicted,0.5,1,1,TTTTTAGGGATACTAGGCCT,0,4448441
yagB_insX_yagA_predicted,0.5,1,1,TTTTGAGGCGGATTTCGCTA,0,4462229
yagB_insX_yagA_predicted,0.5,1,1,TTTTCTCTGTGCAGATGGAT,0,4467941
yagB_insX_yagA_predicted,0.5,1,1,TTTTCCCTTCGATTGTTCTT,0,4471780
yagB_insX_yagA_predicted,0.5,1,1,TTTTATCCGGTAACGGCCGA,0,4471800
yagB_insX_yagA_predicted,0.5,1,1,TTTGTGCACGTTAGTCGTGA,0,4471790
yagB_insX_yagA_predicted,0.5,1,1,TTTGGTCCCTGACAACTGTC,0,4461285
yagB_insX_yagA_predicted,0.5,1,1,TTTGGCGTACAGCACCCGCA,0,4465473
yagB_insX_yagA_predicted,0.5,1,1,TTTGCCTTACAAGGGACCCA,0,4453039
yagB_insX_yagA_predicted,0.5,1,1,TTTGAGTAACTCATGGATGC,0,4437739
yagB_insX_yagA_predicted,0.5,1,1,TTTCTATAGGCTTCTTTGAT,0,4468268
yagB_insX_yagA_predicted,0.5,1,1,TTTCGTCATTACTTCATTTA,0,4439050
yagB_insX_yagA_predicted,0.5,1,1,TTTCGGGCGCGGCCGACTTG,0,4451172
yagB_insX_yagA_predicted,0.5,1,1,TTTCGGCAGTTATTTATGGT,0,4461445
yagB_insX_yagA_predicted,0.5,1,1,TTTCGGAGCACCGATCGCGT,0,4439409
yagB_insX_yagA_predicted,0.5,1,1,TTTCCCCCCGTGAAGCGCTA,0,4462731
yagB_insX_yagA_predicted,0.5,1,1,TTTCATAGGGGGCGGTGTTC,0,4454889
yagB_insX_yagA_predicted,0.5,1,1,TTTCACCACTCTCGTGATAC,0,4466006
yagB_insX_yagA_predicted,0.5,1,1,TTTCACCACGCTAGGTGACA,0,4453443
yagB_insX_yagA_predicted,0.5,1,1,TTTATATGCTTGCATCGTTC,0,4455271
yagB_insX_yagA_predicted,0.5,1,1,TTTAGGTTCTCGCGCGGATC,0,4469709
yagB_insX_yagA_predicted,0.5,1,1,TTTAGGCATAATGCTCCGGT,0,4445713
yagB_insX_yagA_predicted,0.5,1,1,TTTACATTGTCGCCATAACC,0,4445207
yagB_insX_yagA_predicted,0.5,1,1,TTGTTATACTGGAGCCCCAA,0,4451165
yagB_insX_yagA_predicted,0.5,1,1,TTGTGTTGGTCGGAACTTCA,0,4460589
yagB_insX_yagA_predicted,0.5,1,1,TTGTGGGGCGCCCTGCTATA,0,4464803
yagB_insX_yagA_predicted,0.5,1,1,TTGTGGACCTGTGGACGCAC,0,4441352
yagB_insX_yagA_predicted,0.5,1,1,TTGTCTAAATATTTCAGTGG,0,4446004
yagB_insX_yagA_predicted,0.5,1,1,TTGTCGTATATACGAATACC,0,4452089
yagB_insX_yagA_predicted,0.5,1,1,TTGTCAGTCCAACCCGGCAC,0,4438886
yagB_insX_yagA_predicted,0.5,1,1,TTGTATGGGCCATGGCGAGT,0,4456531
yagB_insX_yagA_predicted,0.5,1,1,TTGGGTTTATCGTTTTTCAG,0,4467942
yagB_insX_yagA_predicted,0.5,1,1,TTGGGGTGAGTGTAGTTGCT,0,4454029
yagB_insX_yagA_predicted,0.5,1,1,TTGGGGGTCACGACTCACTC,0,4451711
yagB_insX_yagA_predicted,0.5,1,1,TTGGGGCACGCTGGGGGGGT,0,4465444
yagB_insX_yagA_predicted,0.5,1,1,TTGGCGAAGATGGCCGCAAT,0,4439719
yagB_insX_yagA_predicted,0.5,1,1,TTGGATCGGGGAGCTTGGGC,0,4459497
yagB_insX_yagA_predicted,0.5,1,1,TTGGAGGACTCACCGCGCGA,0,4457500
yagB_insX_yagA_predicted,0.5,1,1,TTGGAGCGGATGCACAGACC,0,4467967
yagB_insX_yagA_predicted,0.5,1,1,TTGCTGACAGCACCGGTTAT,0,4455245
yagB_insX_yagA_predicted,0.5,1,1,TTGCCGGACCTCACGGTAGT,0,4465976
yagB_insX_yagA_predicted,0.5,1,1,TTGATTGAGACACCGTTTCT,0,4455868
yagB_insX_yagA_predicted,0.5,1,1,TTGATGGGGGAGATGCACAG,0,4439980
yagB_insX_yagA_predicted,0.5,1,1,TTGAGTTTAAAATCACGACG,0,4464543
yagB_insX_yagA_predicted,0.5,1,1,TTGACGGGTTTAAGTGAACA,0,4465258
yagB_insX_yagA_predicted,0.5,1,1,TTGACAAAAAATTGCCTTAC,0,4459648
yagB_insX_yagA_predicted,0.5,1,1,TTGAAGGTACAGGCCCACTC,0,4468594
yagB_insX_yagA_predicted,0.5,1,1,TTGAACTATAGTGGATCATT,0,4455616
yagB_insX_yagA_predicted,0.5,1,1,TTGAACCCTTGACCCGCACA,0,4463840
yagB_insX_yagA_predicted,0.5,1,1,TTGAAAGGCGTTTCTAATGC,0,4437151
yagB_insX_yagA_predicted,0.5,1,1,TTGAAAACACTCTCTACAAG,0,4461521
yagB_insX_yagA_predicted,0.5,1,1,TTCTTTTGAGGGGTTACGGT,0,4453793
yagB_insX_yagA_predicted,0.5,1,1,TTCTTGGCTGACATCTCGGA,0,4438605
yagB_insX_yagA_predicted,0.5,1,1,TTCTTAGCACGAGCCCCTAC,0,4439720
yagB_insX_yagA_predicted,0.5,1,1,TTCTGCCCCAGACGAGTAAT,0,4455272
yagB_insX_yagA_predicted,0.5,1,1,TTCTGAAGGTAAGGCCAATG,0,4436155
yagB_insX_yagA_predicted,0.5,1,1,TTCTGAAAGCACTTATCAAA,0,4470966
yagB_insX_yagA_predicted,0.5,1,1,TTCTAGCGGACATGCCCAGA,0,4450925
yagB_insX_yagA_predicted,0.5,1,1,TTCGTCGGTGTTTGCCTATG,0,4441607
yagB_insX_yagA_predicted,0.5,1,1,TTCGTCGCTCCCGTGCGCCG,0,4460152
yagB_insX_yagA_predicted,0.5,1,1,TTCGGGGGACAATTCAAGCG,0,4447202
yagB_insX_yagA_predicted,0.5,1,1,TTCGGAATAGCTCCTTTGTT,0,4449370
yagB_insX_yagA_predicted,0.5,1,1,TTCGCGTAGTTCGAGGATAC,0,4446631
yagB_insX_yagA_predicted,0.5,1,1,TTCGAATTATGCCACAGGTT,0,4458659
yagB_insX_yagA_predicted,0.5,1,1,TTCCTGCGCAAAGAGTGGAA,0,4449588
yagB_insX_yagA_predicted,0.5,1,1,TTCCTCTTATCAGGAATTCA,0,4470410
yagB_insX_yagA_predicted,0.5,1,1,TTCCGTTAGTACTTCAGGTT,0,4449606
yagB_insX_yagA_predicted,0.5,1,1,TTCCGATTAAAAGGCCGTAA,0,4447114
yagB_insX_yagA_predicted,0.5,1,1,TTCCAATGTGGGTTGGTATT,0,4459580
yagB_insX_yagA_predicted,0.5,1,1,TTCATCGCACCCCGGTCTCC,0,4458627
yagB_insX_yagA_predicted,0.5,1,1,TTCAGTCGCGGATTGCGAAC,0,4454728
yagB_insX_yagA_predicted,0.5,1,1,TTCAGTCACAATAGGCTAGA,0,4441429
yagB_insX_yagA_predicted,0.5,1,1,TTCAGGCTTGATCATTCTGC,0,4439254
yagB_insX_yagA_predicted,0.5,1,1,TTCACGTCGGTTGATGGTCA,0,4437259
yagB_insX_yagA_predicted,0.5,1,1,TTCACGGATTGGGATCTAAT,0,4459469
yagB_insX_yagA_predicted,0.5,1,1,TTCACGCTATACTGCATGTA,0,4472439
yagB_insX_yagA_predicted,0.5,1,1,TTATTTCTCCCTGGCACGAG,0,4446753
yagB_insX_yagA_predicted,0.5,1,1,TTATCCGGTGGCATAGCAGG,0,4442813
yagB_insX_yagA_predicted,0.5,1,1,TTATATTCGCCCAGCGTCAC,0,4452284
yagB_insX_yagA_predicted,0.5,1,1,TTATATACCCCAATATTACG,0,4441821
yagB_insX_yagA_predicted,0.5,1,1,TTATAAATTCGCCACGGTTC,0,4447050
yagB_insX_yagA_predicted,0.5,1,1,TTAGTAGTATTAATAATGGT,0,4448959
yagB_insX_yagA_predicted,0.5,1,1,TTAGGTCCGACCAGCCTGGT,0,4459811
yagB_insX_yagA_predicted,0.5,1,1,TTAGCTCCGAGGATAGGTGT,0,4450377
yagB_insX_yagA_predicted,0.5,1,1,TTAGATGGGCTCATGCGTCC,0,4436670
yagB_insX_yagA_predicted,0.5,1,1,TTAGAATGGTCACCCTCATA,0,4459538
yagB_insX_yagA_predicted,0.5,1,1,TTACTGATCGATCAGATAGT,0,4462238
yagB_insX_yagA_predicted,0.5,1,1,TTACTACTTATGAAATAACT,0,4467123
yagB_insX_yagA_predicted,0.5,1,1,TTACGCTAACCCTACCAGGC,0,4472087
yagB_insX_yagA_predicted,0.5,1,1,TTACCTTCTAGATGCTAAAA,0,4442362
yagB_insX_yagA_predicted,0.5,1,1,TTACCGATGCAAAGGATATT,0,4461431
yagB_insX_yagA_predicted,0.5,1,1,TTACATTGAGAGACGGTCGG,0,4441480
yagB_insX_yagA_predicted,0.5,1,1,TTAATCCTGTGAATGACCCC,0,4472224
yagB_insX_yagA_predicted,0.5,1,1,TTAATCCCTCAGGGATAACG,0,4465414
yagB_insX_yagA_predicted,0.5,1,1,TTAATATTCTATGTATGCGA,0,4436684
yagB_insX_yagA_predicted,0.5,1,1,TTAAGGGTAAAATCACTCTT,0,4471811
yagB_insX_yagA_predicted,0.5,1,1,TTAAGGAAAGATAGAGAGGG,0,4449365
yagB_insX_yagA_predicted,0.5,1,1,TTAAGCTATTGTTCCCAGAG,0,4443348
yagB_insX_yagA_predicted,0.5,1,1,TTAACATGTGCGCGAGCAAG,0,4463490
yagB_insX_yagA_predicted,0.5,1,1,TTAAATGGGACCTGTTTGCA,0,4436663
yagB_insX_yagA_predicted,0.5,1,1,TTAAACAGCCTCGTAGGATT,0,4446250
yagB_insX_yagA_predicted,0.5,1,1,TGTTTTTGTCAATGCTAACA,0,4445697
yagB_insX_yagA_predicted,0.5,1,1,TGTTTTGCTTTTAGCCGGGG,0,4447311
yagB_insX_yagA_predicted,0.5,1,1,TGTTTGGGCGCGCTGGAACT,0,4449684
yagB_insX_yagA_predicted,0.5,1,1,TGTTTCTGTCGCGAGGGGTG,0,4447607
yagB_insX_yagA_predicted,0.5,1,1,TGTTGCGGGCGGAAAGACAC,0,4441521
yagB_insX_yagA_predicted,0.5,1,1,TGTTCGTCCCGGGTAAATAA,0,4451387
yagB_insX_yagA_predicted,0.5,1,1,TGTTCCACTTACGGGTATCG,0,4472025
yagB_insX_yagA_predicted,0.5,1,1,TGTTCACCTGCTATAAGGGA,0,4471677
yagB_insX_yagA_predicted,0.5,1,1,TGTGTTTGTAAGATTTGAAT,0,4464483
yagB_insX_yagA_predicted,0.5,1,1,TGTGCTACAGAATGATGCCA,0,4450506
yagB_insX_yagA_predicted,0.5,1,1,TGTGCTAACATATACCTCAT,0,4458756
yagB_insX_yagA_predicted,0.5,1,1,TGTGCGCTCAGTATTACTGG,0,4460791
yagB_insX_yagA_predicted,0.5,1,1,TGTGCCGCCGAACCATCAAA,0,4444874
yagB_insX_yagA_predicted,0.5,1,1,TGTGATCTGGGCTTTGTCTG,0,4442771
yagB_insX_yagA_predicted,0.5,1,1,TGTGAACAATCGCTGAACCA,0,4466665
yagB_insX_yagA_predicted,0.5,1,1,TGTCGCAGGGTTGGATAACG,0,4455119
yagB_insX_yagA_predicted,0.5,1,1,TGTCGATTTAGTTAGATAAA,0,4463702
yagB_insX_yagA_predicted,0.5,1,1,TGTATTTGCTTCGAAGCGAC,0,4466650
yagB_insX_yagA_predicted,0.5,1,1,TGTATTGCAGTGATGGTAAA,0,4466046
yagB_insX_yagA_predicted,0.5,1,1,TGTAGGTTTAATCGCGGTAT,0,4470932
yagB_insX_yagA_predicted,0.5,1,1,TGTACCGGACGTGGATGCCG,0,4439170
yagB_insX_yagA_predicted,0.5,1,1,TGTAATTCCATGATCTGGTA,0,4448090
yagB_insX_yagA_predicted,0.5,1,1,TGTAATCTTGAGTGGTGCAT,0,4469657
yagB_insX_yagA_predicted,0.5,1,1,TGTAACAGGAAGACAGAATC,0,4457473
yagB_insX_yagA_predicted,0.5,1,1,TGGTTTGGAAGCTTACCCGT,0,4448263
yagB_insX_yagA_predicted,0.5,1,1,TGGTTCGAGCCTTAAGATGT,0,4453803
yagB_insX_yagA_predicted,0.5,1,1,TGGTGTGCTGGTCTAGGTCC,0,4437272
yagB_insX_yagA_predicted,0.5,1,1,TGGTGTCGTTTTAGTAAACA,0,4450035
yagB_insX_yagA_predicted,0.5,1,1,TGGTGGTCCTCACATACTAC,0,4463626
yagB_insX_yagA_predicted,0.5,1,1,TGGTGACGGTATGGCAGCAT,0,4446781
yagB_insX_yagA_predicted,0.5,1,1,TGGTCGCTCAGTCAGTTCAT,0,4452102
yagB_insX_yagA_predicted,0.5,1,1,TGGTCCCGCAAAACCCAGTT,0,4471179
yagB_insX_yagA_predicted,0.5,1,1,TGGTATCGCAGTGCCGTGAT,0,4438000
yagB_insX_yagA_predicted,0.5,1,1,TGGTAGCCCGATGATCTGTG,0,4466979
yagB_insX_yagA_predicted,0.5,1,1,TGGGTTGGAAAGTCAAGCTG,0,4466769
yagB_insX_yagA_predicted,0.5,1,1,TGGGTCAAATACGGTGCGGC,0,4463776
yagB_insX_yagA_predicted,0.5,1,1,TGGGTAAAAGCAAGAGCAGT,0,4451816
yagB_insX_yagA_predicted,0.5,1,1,TGGGGGTTGGAAGCGGAGCT,0,4468469
yagB_insX_yagA_predicted,0.5,1,1,TGGGCTTGTTTTCCTGACAC,0,4436253
yagB_insX_yagA_predicted,0.5,1,1,TGGGCCGCGTAAACAGGTTT,0,4460414
yagB_insX_yagA_predicted,0.5,1,1,TGGGCCATGCTTGATGCGCT,0,4438375
yagB_insX_yagA_predicted,0.5,1,1,TGGGATGCTACGCCCAACTT,0,4461994
yagB_insX_yagA_predicted,0.5,1,1,TGGGATCTGACTCAGAGAGT,0,4457249
yagB_insX_yagA_predicted,0.5,1,1,TGGGAGAGTGGCTGATTCAT,0,4435995
yagB_insX_yagA_predicted,0.5,1,1,TGGGAGAGGCGACAACCAAC,0,4458836
yagB_insX_yagA_predicted,0.5,1,1,TGGCGATTGGTGCGATACTA,0,4467357
yagB_insX_yagA_predicted,0.5,1,1,TGGCCGCCCGACATCCCAAA,0,4463275
yagB_insX_yagA_predicted,0.5,1,1,TGGCCATCCACCTCACCATG,0,4472068
yagB_insX_yagA_predicted,0.5,1,1,TGGATTAGAAGCCATCACAA,0,4451568
yagB_insX_yagA_predicted,0.5,1,1,TGGAGCAGGAACATCTTATG,0,4436554
yagB_insX_yagA_predicted,0.5,1,1,TGGACTTGCGTATAGCCTTT,0,4468800
yagB_insX_yagA_predicted,0.5,1,1,TGGACCGGTGCTCATCTATT,0,4459788
yagB_insX_yagA_predicted,0.5,1,1,TGGAATCGATGAGGCCTGGC,0,4440896
yagB_insX_yagA_predicted,0.5,1,1,TGGAAATAGGGGCATATGTA,0,4466230
yagB_insX_yagA_predicted,0.5,1,1,TGCTTCACCATTGTCCGAAC,0,4466254
yagB_insX_yagA_predicted,0.5,1,1,TGCTGCATTAGCCTACCATT,0,4445352
yagB_insX_yagA_predicted,0.5,1,1,TGCTGAGCACGCGTAGGTAC,0,4460588
yagB_insX_yagA_predicted,0.5,1,1,TGCTATTGTGAAATCTCGAT,0,4453515
yagB_insX_yagA_predicted,0.5,1,1,TGCGTCGCAGAAGAGCAGAT,0,4470826
yagB_insX_yagA_predicted,0.5,1,1,TGCGGTGTGATGTGGTTCAT,0,4463836
yagB_insX_yagA_predicted,0.5,1,1,TGCGGGGACCTCGTTCTCTT,0,4439809
yagB_insX_yagA_predicted,0.5,1,1,TGCGGGCTCCACATATCATT,0,4459293
yagB_insX_yagA_predicted,0.5,1,1,TGCGGAGGTATCAGGCCAGA,0,4449868
yagB_insX_yagA_predicted,0.5,1,1,TGCCTTTGTGATCATAAACA,0,4439570
yagB_insX_yagA_predicted,0.5,1,1,TGCCGTGATACACGCACTTG,0,4443957
yagB_insX_yagA_predicted,0.5,1,1,TGCCCGAACAAGATACCAAT,0,4461718
yagB_insX_yagA_predicted,0.5,1,1,TGCCAAATCGCAAGTTGCAT,0,4462888
yagB_insX_yagA_predicted,0.5,1,1,TGCATGTATAGAGCCATGAC,0,4459947
yagB_insX_yagA_predicted,0.5,1,1,TGCATGCCCACCGTCGGCTT,0,4463919
yagB_insX_yagA_predicted,0.5,1,1,TGCATGAGTGTCATAGAGCA,0,4466590
yagB_insX_yagA_predicted,0.5,1,1,TGCATCTTATGCTTGGCCGT,0,4439358
yagB_insX_yagA_predicted,0.5,1,1,TGCATCGGTCGAGGGTGATG,0,4452238
yagB_insX_yagA_predicted,0.5,1,1,TGCAGGTCCGTTCATTTTCA,0,4467000
yagB_insX_yagA_predicted,0.5,1,1,TGCAGAGGACCTCGCAAATG,0,4469724
yagB_insX_yagA_predicted,0.5,1,1,TGCACTACACTTCGATAATG,0,4439397
yagB_insX_yagA_predicted,0.5,1,1,TGCACCGTATGTAAACGTGA,0,4454506
yagB_insX_yagA_predicted,0.5,1,1,TGCACATTTTGGACGTACCT,0,4443548
yagB_insX_yagA_predicted,0.5,1,1,TGCAACCCAGTGACTACATG,0,4447557
yagB_insX_yagA_predicted,0.5,1,1,TGCAACACTATGGGTCGGCC,0,4450573
yagB_insX_yagA_predicted,0.5,1,1,TGATTCCCAGGGCGCGCAAT,0,4449535
yagB_insX_yagA_predicted,0.5,1,1,TGATGCGAAGCCGCAGATGC,0,4469151
yagB_insX_yagA_predicted,0.5,1,1,TGATGACGAGGCAGTGGGAT,0,4440252
yagB_insX_yagA_predicted,0.5,1,1,TGATCTTGTTTATCATCTAG,0,4445824
yagB_insX_yagA_predicted,0.5,1,1,TGATATGACGGATTTTTCGA,0,4445413
yagB_insX_yagA_predicted,0.5,1,1,TGATAGACGGGTGGCCCGTC,0,4446728
yagB_insX_yagA_predicted,0.5,1,1,TGAGGACGAGTAGTCCTATA,0,4453600
yagB_insX_yagA_predicted,0.5,1,1,TGAGGAATCCCACTTTAAGC,0,4459130
yagB_insX_yagA_predicted,0.5,1,1,TGAGCTCCGGGTGTTGCGTT,0,4436968
yagB_insX_yagA_predicted,0.5,1,1,TGAGACGCATTACCGACGGT,0,4464800
yagB_insX_yagA_predicted,0.5,1,1,TGACTTCTTTAGGCGACCAG,0,4437256
yagB_insX_yagA_predicted,0.5,1,1,TGACTTCGCGGAATATAGCG,0,4459720
yagB_insX_yagA_predicted,0.5,1,1,TGACTTAAATTCCCCGACGA,0,4457656
yagB_insX_yagA_predicted,0.5,1,1,TGACTCGTAGGTTCAGACAA,0,4455120
yagB_insX_yagA_predicted,0.5,1,1,TGACTAAACTCGTCACTCTT,0,4472123
yagB_insX_yagA_predicted,0.5,1,1,TGACGTGCGTCAATAGCGCA,0,4452337
yagB_insX_yagA_predicted,0.5,1,1,TGACGCGCTACGAAGCCCAA,0,4470101
yagB_insX_yagA_predicted,0.5,1,1,TGACCTTGGATCGTGAAGTC,0,4454038
yagB_insX_yagA_predicted,0.5,1,1,TGACCGTCCGTATTGAGTGG,0,4439018
yagB_insX_yagA_predicted,0.5,1,1,TGACCCTCGATATCTCGGTA,0,4447192
yagB_insX_yagA_predicted,0.5,1,1,TGACCATTGCGCTACTTCTA,0,4459702
yagB_insX_yagA_predicted,0.5,1,1,TGACCATACAGGTCCCGCCG,0,4462056
yagB_insX_yagA_predicted,0.5,1,1,TGACACACATGGTTCATTAG,0,4443798
yagB_insX_yagA_predicted,0.5,1,1,TGAATAGGGTAGTTGAGTAC,0,4466223
yagB_insX_yagA_predicted,0.5,1,1,TGAAGGGCTCGGAAAAACTT,0,4447682
yagB_insX_yagA_predicted,0.5,1,1,TGAAGGGAAGGCTGCCTTCG,0,4439078
yagB_insX_yagA_predicted,0.5,1,1,TGAAGATTTTGAGGTGCGAG,0,4448057
yagB_insX_yagA_predicted,0.5,1,1,TGAACTGTGTGTACATATCG,0,4445836
yagB_insX_yagA_predicted,0.5,1,1,TGAAACCGTACTAAATTACT,0,4451730
yagB_insX_yagA_predicted,0.5,1,1,TGAAACACATCAGCGCAAGC,0,4454072
yagB_insX_yagA_predicted,0.5,1,1,TCTTTTCCGGGTATCATTAG,0,4460787
yagB_insX_yagA_predicted,0.5,1,1,TCTTTCTGAACCAGGGGGCT,0,4470864
yagB_insX_yagA_predicted,0.5,1,1,TCTTCTTGTTCGAGTGCACC,0,4463824
yagB_insX_yagA_predicted,0.5,1,1,TCTTCGCGGGTGTTCTGATA,0,4442408
yagB_insX_yagA_predicted,0.5,1,1,TCTTACCGTTAAACTGAGTT,0,4457825
yagB_insX_yagA_predicted,0.5,1,1,TCTTAACGTATTTGTCTATC,0,4442039
yagB_insX_yagA_predicted,0.5,1,1,TCTGGTGGTAGAAATGGTAG,0,4451873
yagB_insX_yagA_predicted,0.5,1,1,TCTGCTCAAGTATCCGTGAT,0,4441896
yagB_insX_yagA_predicted,0.5,1,1,TCTGCCTGGGGAGAGGGACG,0,4439974
yagB_insX_yagA_predicted,0.5,1,1,TCTGATCTCCGACTGACCGA,0,4462805
yagB_insX_yagA_predicted,0.5,1,1,TCTGAGAAGGATCGTCGTTG,0,4459559
yagB_insX_yagA_predicted,0.5,1,1,TCTCCCGTAGCGAAAGGGGA,0,4449514
yagB_insX_yagA_predicted,0.5,1,1,TCTCCAGGCTTAGTACAACC,0,4471872
yagB_insX_yagA_predicted,0.5,1,1,TCTAGGTGTACGCGCTCGTG,0,4437222
yagB_insX_yagA_predicted,0.5,1,1,TCTAGACGGTTGCACCAGCC,0,4471056
yagB_insX_yagA_predicted,0.5,1,1,TCTAATCTGGCGCAGTTTGG,0,4470471
yagB_insX_yagA_predicted,0.5,1,1,TCGTTTTCTCATGTGCTGCT,0,4442197
yagB_insX_yagA_predicted,0.5,1,1,TCGTTTACGCGGCACCTTGT,0,4466246
yagB_insX_yagA_predicted,0.5,1,1,TCGTTGTTATGGAGTAATTC,0,4436935
yagB_insX_yagA_predicted,0.5,1,1,TCGTTGATCTTGAGCTCCTG,0,4452367
yagB_insX_yagA_predicted,0.5,1,1,TCGTTACCGCGGCGGGATCC,0,4438544
yagB_insX_yagA_predicted,0.5,1,1,TCGTGTGGTGTGGGTGACGG,0,4468297
yagB_insX_yagA_predicted,0.5,1,1,TCGTGTGGGGGCTATTGCAA,0,4447859
yagB_insX_yagA_predicted,0.5,1,1,TCGTCTGGAACCAGTCCTAA,0,4444642
yagB_insX_yagA_predicted,0.5,1,1,TCGTCTGCTTGTAGAAAACT,0,4462592
yagB_insX_yagA_predicted,0.5,1,1,TCGTCGTTCACGCTCCTACT,0,4457899
yagB_insX_yagA_predicted,0.5,1,1,TCGTCACTGTGGGTTAAAAC,0,4446108
yagB_insX_yagA_predicted,0.5,1,1,TCGGTGACATATATGAGTAC,0,4467502
yagB_insX_yagA_predicted,0.5,1,1,TCGGTGAATAGTAAGAATCA,0,4462018
yagB_insX_yagA_predicted,0.5,1,1,TCGGTCGTTTTCCAATGATT,0,4462697
yagB_insX_yagA_predicted,0.5,1,1,TCGGGCGACATTTGTGCGTC,0,4444159
yagB_insX_yagA_predicted,0.5,1,1,TCGGGAATACTTTCCCAAAT,0,4464069
yagB_insX_yagA_predicted,0.5,1,1,TCGGGAAAATGTACAGTCCA,0,4455526
yagB_insX_yagA_predicted,0.5,1,1,TCGGCGTTCTCAGTAAACGA,0,4464031
yagB_insX_yagA_predicted,0.5,1,1,TCGGCGTACAGAAAAGGGCA,0,4446134
yagB_insX_yagA_predicted,0.5,1,1,TCGGCCCGCTGGCGCTAGGC,0,4466220
yagB_insX_yagA_predicted,0.5,1,1,TCGGATTCCCGTCAGTAAGT,0,4452025
yagB_insX_yagA_predicted,0.5,1,1,TCGGATCGCGACTACTACAG,0,4460481
yagB_insX_yagA_predicted,0.5,1,1,TCGGAAAGCCCTCGCAAACT,0,4454884
yagB_insX_yagA_predicted,0.5,1,1,TCGCTCATAGATTGGAGTTT,0,4447698
yagB_insX_yagA_predicted,0.5,1,1,TCGCGCTTTCTTACAGTATG,0,4455750
yagB_insX_yagA_predicted,0.5,1,1,TCGCCTGTCTAACAAAGCTG,0,4460499
yagB_insX_yagA_predicted,0.5,1,1,TCGCCCGGGTGTGATAGCGT,0,4448623
yagB_insX_yagA_predicted,0.5,1,1,TCGCAGGTAGTGGCTGGCCT,0,4447710
yagB_insX_yagA_predicted,0.5,1,1,TCGAGTACTGCGATTGACAG,0,4447795
yagB_insX_yagA_predicted,0.5,1,1,TCGACCCTCGTGTTCCATTA,0,4472419
yagB_insX_yagA_predicted,0.5,1,1,TCGACAGAAATCCGTGCCAG,0,4456506
yagB_insX_yagA_predicted,0.5,1,1,TCGACACTGCCCTTGCCACT,0,4442754
yagB_insX_yagA_predicted,0.5,1,1,TCGAACTCGGGCTAGATGGG,0,4464040
yagB_insX_yagA_predicted,0.5,1,1,TCCTGTCTGGGACAGAATAA,0,4444470
yagB_insX_yagA_predicted,0.5,1,1,TCCTGGCCGCCCGAGGAAAA,0,4459209
yagB_insX_yagA_predicted,0.5,1,1,TCCTAGTTAACCTTGTACAT,0,4446638
yagB_insX_yagA_predicted,0.5,1,1,TCCGTTGAGAACAGCAAGAA,0,4466175
yagB_insX_yagA_predicted,0.5,1,1,TCCGTATTAGGCGCCTACGT,0,4461497
yagB_insX_yagA_predicted,0.5,1,1,TCCGGTGCGATGAGCCATGC,0,4451943
yagB_insX_yagA_predicted,0.5,1,1,TCCGGGACCTCCTTTCTCCT,0,4442769
yagB_insX_yagA_predicted,0.5,1,1,TCCGGCTTTACCATAGTTGG,0,4437282
yagB_insX_yagA_predicted,0.5,1,1,TCCGGACATACGGGATTCGG,0,4438523
yagB_insX_yagA_predicted,0.5,1,1,TCCGCTACAAACAACACTTA,0,4455206
yagB_insX_yagA_predicted,0.5,1,1,TCCGCATCAGTTTGCAGGGG,0,4445095
yagB_insX_yagA_predicted,0.5,1,1,TCCGATGCCCCTCAATAACG,0,4448541
yagB_insX_yagA_predicted,0.5,1,1,TCCCTGTTTGACTTCATAAT,0,4448983
yagB_insX_yagA_predicted,0.5,1,1,TCCCTACTAACCAGATACAC,0,4462510
yagB_insX_yagA_predicted,0.5,1,1,TCCCCCTCCTATGGCCAACC,0,4444975
yagB_insX_yagA_predicted,0.5,1,1,TCCCCATTCGAGTAATAAGT,0,4444330
yagB_insX_yagA_predicted,0.5,1,1,TCCCAGCTTCGCGCCCCCTT,0,4442296
yagB_insX_yagA_predicted,0.5,1,1,TCCCAGACCTCACATGACAG,0,4449083
yagB_insX_yagA_predicted,0.5,1,1,TCCATGCACGGCTAGGTCAC,0,4461639
yagB_insX_yagA_predicted,0.5,1,1,TCCATCAGTGTCCTGACCAC,0,4452885
yagB_insX_yagA_predicted,0.5,1,1,TCCAGACGATTTTAAGACTC,0,4456003
yagB_insX_yagA_predicted,0.5,1,1,TCCAACAAAAAGTCCCCCGT,0,4464444
yagB_insX_yagA_predicted,0.5,1,1,TCATGTTAATGCAGAGCTTC,0,4445721
yagB_insX_yagA_predicted,0.5,1,1,TCATGTGCCTGAATCTGAGC,0,4465409
yagB_insX_yagA_predicted,0.5,1,1,TCAGTTTTGGTGTGTAAGGT,0,4447123
yagB_insX_yagA_predicted,0.5,1,1,TCAGTGTCGATACAGTACCG,0,4460027
yagB_insX_yagA_predicted,0.5,1,1,TCAGGTCGTGGTGCAGTCGT,0,4467482
yagB_insX_yagA_predicted,0.5,1,1,TCAGGCTCCAAGCCAAAAGG,0,4438514
yagB_insX_yagA_predicted,0.5,1,1,TCAGGCTACCTAGGGTAAGA,0,4445192
yagB_insX_yagA_predicted,0.5,1,1,TCAGCTTGCAACGTATAAAC,0,4450032
yagB_insX_yagA_predicted,0.5,1,1,TCAGCTAACCGAAACTATAA,0,4470861
yagB_insX_yagA_predicted,0.5,1,1,TCAATCTCTCGTTCGCGCGT,0,4452827
yagB_insX_yagA_predicted,0.5,1,1,TCAATCCCATGATCTAATCA,0,4464381
yagB_insX_yagA_predicted,0.5,1,1,TCAAGCCTTTCGGCGCTCAA,0,4467184
yagB_insX_yagA_predicted,0.5,1,1,TCAACGCTCCATCCGTGACA,0,4443988
yagB_insX_yagA_predicted,0.5,1,1,TCAAATCTTGGAGGGGCGGA,0,4453650
yagB_insX_yagA_predicted,0.5,1,1,TATTTTCTCACTCAAGATGT,0,4451479
yagB_insX_yagA_predicted,0.5,1,1,TATTGTTCCAAGTCCGTGCG,0,4450319
yagB_insX_yagA_predicted,0.5,1,1,TATTGAACGATTTCCTCTTA,0,4444464
yagB_insX_yagA_predicted,0.5,1,1,TATTCACTTTACAGCCTAAC,0,4445988
yagB_insX_yagA_predicted,0.5,1,1,TATGTTTGTGCTCGAAAGGT,0,4453160
yagB_insX_yagA_predicted,0.5,1,1,TATGTCAATCGAACCTAGGA,0,4459352
yagB_insX_yagA_predicted,0.5,1,1,TATGGTAACACGCGGACGTA,0,4455224
yagB_insX_yagA_predicted,0.5,1,1,TATGGCTACTGCATAGAATC,0,4467975
yagB_insX_yagA_predicted,0.5,1,1,TATCTGATAGGGATCCATGG,0,4449665
yagB_insX_yagA_predicted,0.5,1,1,TATCGGACGGGACCCACTAA,0,4454838
yagB_insX_yagA_predicted,0.5,1,1,TATCCTCATTAAGCCTTCAG,0,4457263
yagB_insX_yagA_predicted,0.5,1,1,TATCATTTCATTATGATCGA,0,4472342
yagB_insX_yagA_predicted,0.5,1,1,TATCAGAGCCCGATGCCGAA,0,4456163
yagB_insX_yagA_predicted,0.5,1,1,TATATACATAGTTAAGGGGC,0,4438581
yagB_insX_yagA_predicted,0.5,1,1,TATAGTCGGAAGGCACGACC,0,4445303
yagB_insX_yagA_predicted,0.5,1,1,TATACTATTCCTATTTACGT,0,4450881
yagB_insX_yagA_predicted,0.5,1,1,TATACACTCGCCATCTAGAA,0,4467639
yagB_insX_yagA_predicted,0.5,1,1,TATAAGCCCCTCAAACATAC,0,4436747
yagB_insX_yagA_predicted,0.5,1,1,TAGTAAGCCAAAGCGCCTCA,0,4467887
yagB_insX_yagA_predicted,0.5,1,1,TAGGTTCGGCCGTAGGCATG,0,4453770
yagB_insX_yagA_predicted,0.5,1,1,TAGGTTATGGGTTATGTTGT,0,4450265
yagB_insX_yagA_predicted,0.5,1,1,TAGGTCGTATCGTTGACTGA,0,4461010
yagB_insX_yagA_predicted,0.5,1,1,TAGGGGTATACTTGCATACC,0,4468961
yagB_insX_yagA_predicted,0.5,1,1,TAGGGCCGGGATTTTTCCGA,0,4453611
yagB_insX_yagA_predicted,0.5,1,1,TAGGCGTCTATTAACACCTG,0,4448841
yagB_insX_yagA_predicted,0.5,1,1,TAGGCCCCTTGATAACGATC,0,4459829
yagB_insX_yagA_predicted,0.5,1,1,TAGGCACCAGCGATTGAACT,0,4439551
yagB_insX_yagA_predicted,0.5,1,1,TAGCGGTGAACTCGATGGTA,0,4466894
yagB_insX_yagA_predicted,0.5,1,1,TAGCCCGCTAGAACTTGCTT,0,4436538
yagB_insX_yagA_predicted,0.5,1,1,TAGATAGAGGCTGATTCAAT,0,4459684
yagB_insX_yagA_predicted,0.5,1,1,TAGAGTTCATTCTCACTCTG,0,4466519
yagB_insX_yagA_predicted,0.5,1,1,TAGAGATGCTGGTCGCTTTT,0,4444059
yagB_insX_yagA_predicted,0.5,1,1,TAGACGAGTGTGGCGGGTGC,0,4438176
yagB_insX_yagA_predicted,0.5,1,1,TAGACAAGAAATGAAACGTA,0,4451207
yagB_insX_yagA_predicted,0.5,1,1,TAGAATTATGACTAGAGTAA,0,4464181
yagB_insX_yagA_predicted,0.5,1,1,TACGCATTAATAATGACTGG,0,4445178
yagB_insX_yagA_predicted,0.5,1,1,TACGAAGTCGCAACGTGTGC,0,4457935
yagB_insX_yagA_predicted,0.5,1,1,TACCCTTCTACTATGTTAGA,0,4436089
yagB_insX_yagA_predicted,0.5,1,1,TACCACAAATTAAAAATCGA,0,4471869
yagB_insX_yagA_predicted,0.5,1,1,TACCAAGCCTCTTTGGCGGT,0,4457355
yagB_insX_yagA_predicted,0.5,1,1,TACATGCGAGCTGTGAATTG,0,4439565
yagB_insX_yagA_predicted,0.5,1,1,TACACTTTGGAGCGTCAAGC,0,4467697
yagB_insX_yagA_predicted,0.5,1,1,TACACGTGATGAACCTGCAG,0,4466327
yagB_insX_yagA_predicted,0.5,1,1,TACAATAAGCGGAAGATGCA,0,4466025
yagB_insX_yagA_predicted,0.5,1,1,TAATTGTGTCAAAAGTTAGT,0,4456224
yagB_insX_yagA_predicted,0.5,1,1,TAATTGCAGTCTTTGCGCGC,0,4456744
yagB_insX_yagA_predicted,0.5,1,1,TAATTCGACTGGAATACTCC,0,4448032
yagB_insX_yagA_predicted,0.5,1,1,TAATGTTGCACTCAAAAGGT,0,4446526
yagB_insX_yagA_predicted,0.5,1,1,TAATGGCTCACTTGTAGATT,0,4471717
yagB_insX_yagA_predicted,0.5,1,1,TAATCAGGTTGGAATCGGCG,0,4446005
yagB_insX_yagA_predicted,0.5,1,1,TAATAGCGTATGATCCGTCA,0,4446784
yagB_insX_yagA_predicted,0.5,1,1,TAATACTGACAGTTACTCCG,0,4469265
yagB_insX_yagA_predicted,0.5,1,1,TAATAATACCCAGCCAAACC,0,4443773
yagB_insX_yagA_predicted,0.5,1,1,TAATAAAAGCTCGGTAGCTC,0,4449392
yagB_insX_yagA_predicted,0.5,1,1,TAAGGTGCAGGCTGCAGCCT,0,4445922
yagB_insX_yagA_predicted,0.5,1,1,TAAGGCTGGTCCAAATTCTT,0,4456875
yagB_insX_yagA_predicted,0.5,1,1,TAAGCAGGTCGGTTCCTCCC,0,4462799
yagB_insX_yagA_predicted,0.5,1,1,TAAGCACCGCAAAGATTCTC,0,4460327
yagB_insX_yagA_predicted,0.5,1,1,TAAGATGGGGGATCATAAGT,0,4444484
yagB_insX_yagA_predicted,0.5,1,1,TAAATTATTACAGAGTTGTG,0,4468120
yagB_insX_yagA_predicted,0.5,1,1,TAAATCCGACTCGGGCAAGA,0,4445134
yagB_insX_yagA_predicted,0.5,1,1,TAAAGTCCACTAGGACCACA,0,4465045
yagB_insX_yagA_predicted,0.5,1,1,TAAAGCGCACGGTTCTCCAT,0,4454653
yagB_insX_yagA_predicted,0.5,1,1,TAAACGATAGTAACGACTGC,0,4471246
yagB_insX_yagA_predicted,0.5,1,1,TAAAATTTGTTTCATGTCGG,0,4445659
yagB_insX_yagA_predicted,0.5,1,1,GTTTGTCACATGTGCGGGAG,0,4436895
yagB_insX_yagA_predicted,0.5,1,1,GTTTGGCCTGTGAAGAAGAA,0,4440229
yagB_insX_yagA_predicted,0.5,1,1,GTTTCTTTTCTACATTGAGG,0,4470470
yagB_insX_yagA_predicted,0.5,1,1,GTTTCGAAGCTTCAATCATA,0,4447329
yagB_insX_yagA_predicted,0.5,1,1,GTTTATCCGAGGTTTTCGAT,0,4468423
yagB_insX_yagA_predicted,0.5,1,1,GTTGTTAACGGCTGAACGGA,0,4448464
yagB_insX_yagA_predicted,0.5,1,1,GTTGCAAGAAGGCAGTTGCA,0,4458045
yagB_insX_yagA_predicted,0.5,1,1,GTTGAGTTCAGAAGGAACGT,0,4445165
yagB_insX_yagA_predicted,0.5,1,1,GTTGAGTCATATCATTCCAG,0,4458250
yagB_insX_yagA_predicted,0.5,1,1,GTTGACGTTTCAGCCATGAG,0,4467705
yagB_insX_yagA_predicted,0.5,1,1,GTTCTTGTGCACACAAAACT,0,4469037
yagB_insX_yagA_predicted,0.5,1,1,GTTCTAGGTTTCGTTGCTTG,0,4458489
yagB_insX_yagA_predicted,0.5,1,1,GTTCGGTACGCTTCCATATC,0,4454224
yagB_insX_yagA_predicted,0.5,1,1,GTTCGCCGAGATGAAAGTGT,0,4447637
yagB_insX_yagA_predicted,0.5,1,1,GTTCGATTGTTAGTCGTCCA,0,4441818
yagB_insX_yagA_predicted,0.5,1,1,GTTCGATCAGTTGCCTTAAT,0,4456069
yagB_insX_yagA_predicted,0.5,1,1,GTTATTTTGGATCTAATGCA,0,4442783
yagB_insX_yagA_predicted,0.5,1,1,GTTATTAAATGAATCTTGAG,0,4467187
yagB_insX_yagA_predicted,0.5,1,1,GTTATCGACTGTCCTTTAAA,0,4456580
yagB_insX_yagA_predicted,0.5,1,1,GTTACAATTCTGGCGGGACA,0,4458091
yagB_insX_yagA_predicted,0.5,1,1,GTTAATGCTGCTGGTTTATT,0,4467844
yagB_insX_yagA_predicted,0.5,1,1,GTTAAGAACGTGGTTGCCTC,0,4465478
yagB_insX_yagA_predicted,0.5,1,1,GTGTTGGGCCAGTTTTCGTC,0,4460593
yagB_insX_yagA_predicted,0.5,1,1,GTGTGCGGAAGCCTCTTGGG,0,4445432
yagB_insX_yagA_predicted,0.5,1,1,GTGTGAAGCCGTAAGTCACT,0,4454533
yagB_insX_yagA_predicted,0.5,1,1,GTGTCCTCTTGCACGTGGAG,0,4443077
yagB_insX_yagA_predicted,0.5,1,1,GTGTATGCGCTCACCGTTGG,0,4458241
yagB_insX_yagA_predicted,0.5,1,1,GTGTAGCCGGTTGAGACCGA,0,4447923
yagB_insX_yagA_predicted,0.5,1,1,GTGGTCCGCTCTCCGCTCAC,0,4448040
yagB_insX_yagA_predicted,0.5,1,1,GTGGGGTTAGCTCCCACTAA,0,4437048
yagB_insX_yagA_predicted,0.5,1,1,GTGGCGTCGAACTGACAGCA,0,4458154
yagB_insX_yagA_predicted,0.5,1,1,GTGGACCCCATCGTGCATCA,0,4455200
yagB_insX_yagA_predicted,0.5,1,1,GTGCTCGACCCTGCCACGCG,0,4440103
yagB_insX_yagA_predicted,0.5,1,1,GTGCTCATCGCTGGCGTGAA,0,4447517
yagB_insX_yagA_predicted,0.5,1,1,GTGCGAGTCTGCACAACCCC,0,4446994
yagB_insX_yagA_predicted,0.5,1,1,GTGCCTAGACTAAGAAGATT,0,4464132
yagB_insX_yagA_predicted,0.5,1,1,GTGCAGGGCCATAGAACACC,0,4463038
yagB_insX_yagA_predicted,0.5,1,1,GTGCAAGGGCTCACTCCTAT,0,4448217
yagB_insX_yagA_predicted,0.5,1,1,GTGCAAAGGCCTAAGGAAGT,0,4464534
yagB_insX_yagA_predicted,0.5,1,1,GTGATTCCAGGATGGATGGG,0,4467885
yagB_insX_yagA_predicted,0.5,1,1,GTGATGTGACTGCAAAATCT,0,4469434
yagB_insX_yagA_predicted,0.5,1,1,GTGATGATGTGCGTCAACGA,0,4472403
yagB_insX_yagA_predicted,0.5,1,1,GTGAGCTTCATAGTTTGAGT,0,4439393
yagB_insX_yagA_predicted,0.5,1,1,GTGACGCCTCCGCAATTACC,0,4471169
yagB_insX_yagA_predicted,0.5,1,1,GTGAATCATCGGGAGTTCCG,0,4464927
yagB_insX_yagA_predicted,0.5,1,1,GTGAATCAATAATTTATTGG,0,4455685
yagB_insX_yagA_predicted,0.5,1,1,GTCTTGATAACCACGCTTAG,0,4463114
yagB_insX_yagA_predicted,0.5,1,1,GTCTTATCCGAGGAAACTCT,0,4456574
yagB_insX_yagA_predicted,0.5,1,1,GTCTGGCTAACAAACGATTT,0,4453151
yagB_insX_yagA_predicted,0.5,1,1,GTCTGCCCCCTAGTCGGCGT,0,4449960
yagB_insX_yagA_predicted,0.5,1,1,GTCTATTATTTGAACCGTGG,0,4451299
yagB_insX_yagA_predicted,0.5,1,1,GTCGCGCCGGGGGCGGCAAA,0,4452131
yagB_insX_yagA_predicted,0.5,1,1,GTCGATGGCAACTTTTTATA,0,4449208
yagB_insX_yagA_predicted,0.5,1,1,GTCCTTCCATTCTTATGTCA,0,4448412
yagB_insX_yagA_predicted,0.5,1,1,GTCCGGGTCAGTCGTCAGGT,0,4470439
yagB_insX_yagA_predicted,0.5,1,1,GTCCGGAAGATGACAAAGAG,0,4445439
yagB_insX_yagA_predicted,0.5,1,1,GTCCGCGAGGTCGCTCGAGG,0,4466167
yagB_insX_yagA_predicted,0.5,1,1,GTCCATATCTTGGGGCGATG,0,4450632
yagB_insX_yagA_predicted,0.5,1,1,GTCATTTATGTCGCGAAAGA,0,4451724
yagB_insX_yagA_predicted,0.5,1,1,GTCAGGTTCAAGTCCAGAGC,0,4440561
yagB_insX_yagA_predicted,0.5,1,1,GTCAATATGCGCTACTGTTC,0,4442447
yagB_insX_yagA_predicted,0.5,1,1,GTCAAGTTCTAAACGGAATG,0,4455867
yagB_insX_yagA_predicted,0.5,1,1,GTCAAGTCACTCAACTCGGT,0,4469435
yagB_insX_yagA_predicted,0.5,1,1,GTATTATGGGAAGCGTTACC,0,4464971
yagB_insX_yagA_predicted,0.5,1,1,GTATGGTGTCATCGAATTGC,0,4462270
yagB_insX_yagA_predicted,0.5,1,1,GTATGCATGATACCAAGTTG,0,4457657
yagB_insX_yagA_predicted,0.5,1,1,GTATCGCCGGCTTAGGGTAA,0,4448657
yagB_insX_yagA_predicted,0.5,1,1,GTATAGGAAGTGGCCTTAAC,0,4454515
yagB_insX_yagA_predicted,0.5,1,1,GTATACCCGCCATATCGTCT,0,4460095
yagB_insX_yagA_predicted,0.5,1,1,GTAGTGCAACCTACCTTTAT,0,4446367
yagB_insX_yagA_predicted,0.5,1,1,GTAGTCGCATTTCTCGGTTT,0,4457826
yagB_insX_yagA_predicted,0.5,1,1,GTAGGTTTATCGAGCGGCGA,0,4464889
yagB_insX_yagA_predicted,0.5,1,1,GTAGGCAGTATCCTTTTCAA,0,4458666
yagB_insX_yagA_predicted,0.5,1,1,GTAGGACATATAAGTTCACA,0,4449498
yagB_insX_yagA_predicted,0.5,1,1,GTAGCAAGTATCATCCAAAC,0,4448255
yagB_insX_yagA_predicted,0.5,1,1,GTAGAGCGATCGATACCCAG,0,4451540
yagB_insX_yagA_predicted,0.5,1,1,GTAGAAGCGCAAACCAATAA,0,4462541
yagB_insX_yagA_predicted,0.5,1,1,GTACTTTGAAATGTCCCCTC,0,4464955
yagB_insX_yagA_predicted,0.5,1,1,GTACGAAGGCAGGTTGCGAA,0,4458696
yagB_insX_yagA_predicted,0.5,1,1,GTACCTACGAACCACTGTTA,0,4459175
yagB_insX_yagA_predicted,0.5,1,1,GTACCGAGGAGGCAGTTAGG,0,4447397
yagB_insX_yagA_predicted,0.5,1,1,GTAATTTAAAGGCAGGCAGT,0,4467816
yagB_insX_yagA_predicted,0.5,1,1,GTAATGCGCAGAATTGCGGA,0,4436980
yagB_insX_yagA_predicted,0.5,1,1,GTAATCATTTGAGGGCAGCC,0,4457532
yagB_insX_yagA_predicted,0.5,1,1,GTAAGCATCACACAGAGGGA,0,4444284
yagB_insX_yagA_predicted,0.5,1,1,GTAACTAGGTGCACTGGTTG,0,4444299
yagB_insX_yagA_predicted,0.5,1,1,GTAACATCCATGCAGCATAA,0,4460921
yagB_insX_yagA_predicted,0.5,1,1,GTAAATAGATGCGTCTCGGG,0,4463428
yagB_insX_yagA_predicted,0.5,1,1,GGTTTTAAGGTTCCCCACGG,0,4467545
yagB_insX_yagA_predicted,0.5,1,1,GGTTGGCCAATATAACATGC,0,4453112
yagB_insX_yagA_predicted,0.5,1,1,GGTTCTTACATTGCCCTTCA,0,4436929
yagB_insX_yagA_predicted,0.5,1,1,GGTTCTAGTCACCGGAGGTT,0,4458693
yagB_insX_yagA_predicted,0.5,1,1,GGTTCCCTCCTCTCCAGCAA,0,4438317
yagB_insX_yagA_predicted,0.5,1,1,GGTTCATTGGATTTTATAAC,0,4442219
yagB_insX_yagA_predicted,0.5,1,1,GGTGTCTCCGACAGACGGAA,0,4457613
yagB_insX_yagA_predicted,0.5,1,1,GGTGTATCCAGGCTACGATC,0,4445010
yagB_insX_yagA_predicted,0.5,1,1,GGTGGCATTCTTAATTTAGT,0,4445920
yagB_insX_yagA_predicted,0.5,1,1,GGTGGACGCGAGCATAGGGG,0,4447008
yagB_insX_yagA_predicted,0.5,1,1,GGTGCTCCGCCCCACCAACA,0,4458367
yagB_insX_yagA_predicted,0.5,1,1,GGTGCCTTAGAAGGCCAGAA,0,4447196
yagB_insX_yagA_predicted,0.5,1,1,GGTCTGTTCAATCGTTCATT,0,4472243
yagB_insX_yagA_predicted,0.5,1,1,GGTCCTTATCTGGGGCCGGG,0,4461172
yagB_insX_yagA_predicted,0.5,1,1,GGTCACATTCCAAGTTCCCT,0,4441374
yagB_insX_yagA_predicted,0.5,1,1,GGTCAATCGCCGCAGACGCC,0,4438226
yagB_insX_yagA_predicted,0.5,1,1,GGTAGTGCAGTGCGAGTCCT,0,4456652
yagB_insX_yagA_predicted,0.5,1,1,GGTAGAAAAAAAGTAGACTC,0,4468361
yagB_insX_yagA_predicted,0.5,1,1,GGTACGGCAGGGCCTACCAG,0,4439468
yagB_insX_yagA_predicted,0.5,1,1,GGTACATCATACGGAGTCAT,0,4462678
yagB_insX_yagA_predicted,0.5,1,1,GGTACATAGATGTTTCCTCG,0,4464793
yagB_insX_yagA_predicted,0.5,1,1,GGTAATCCAGACTTCAAATC,0,4449368
yagB_insX_yagA_predicted,0.5,1,1,GGTAAGGTCGAGCCTTCATT,0,4441444
yagB_insX_yagA_predicted,0.5,1,1,GGGTTTGCTAAGCTGCTAGG,0,4469194
yagB_insX_yagA_predicted,0.5,1,1,GGGTTGTACCCCCACCGGGG,0,4455075
yagB_insX_yagA_predicted,0.5,1,1,GGGTTAGCTCGTAGTATTTT,0,4440433
yagB_insX_yagA_predicted,0.5,1,1,GGGTTACAGTCTTGGAGGCC,0,4460774
yagB_insX_yagA_predicted,0.5,1,1,GGGTGGCCGGCACCCTAGTA,0,4464735
yagB_insX_yagA_predicted,0.5,1,1,GGGTGCTTGATAGTATAGCA,0,4448954
yagB_insX_yagA_predicted,0.5,1,1,GGGTCCAAGAGGCTCCAGAT,0,4461094
yagB_insX_yagA_predicted,0.5,1,1,GGGTACGATGAGATAATACA,0,4443135
yagB_insX_yagA_predicted,0.5,1,1,GGGTAAGAATGTCAGAATCT,0,4458095
yagB_insX_yagA_predicted,0.5,1,1,GGGGTTCCGACGCAGCGGGA,0,4448398
yagB_insX_yagA_predicted,0.5,1,1,GGGGTGTATCCGAGTACGAG,0,4470992
yagB_insX_yagA_predicted,0.5,1,1,GGGGTCGTGGTGGCCACCTG,0,4457029
yagB_insX_yagA_predicted,0.5,1,1,GGGGTCCTACGGCTCGAGGC,0,4437343
yagB_insX_yagA_predicted,0.5,1,1,GGGGGCGGGCTAAATTTCGT,0,4443140
yagB_insX_yagA_predicted,0.5,1,1,GGGGGCGCCACGGGGAACGC,0,4462028
yagB_insX_yagA_predicted,0.5,1,1,GGGGGAGTGAACACACTTAC,0,4440622
yagB_insX_yagA_predicted,0.5,1,1,GGGGCCATTATCATGCAAAG,0,4460206
yagB_insX_yagA_predicted,0.5,1,1,GGGGACTCAATCTGATCTTT,0,4455084
yagB_insX_yagA_predicted,0.5,1,1,GGGGAACGTGTGGAAAGGCA,0,4440109
yagB_insX_yagA_predicted,0.5,1,1,GGGCTGCCGCCCGTAGACTT,0,4448374
yagB_insX_yagA_predicted,0.5,1,1,GGGCGTGAATCCAATATCTG,0,4442234
yagB_insX_yagA_predicted,0.5,1,1,GGGCGGTGAGGGCAACACCT,0,4442685
yagB_insX_yagA_predicted,0.5,1,1,GGGCGATTTGCGTGAGCATT,0,4443882
yagB_insX_yagA_predicted,0.5,1,1,GGGCCGGTTAATCGGGTGAT,0,4448027
yagB_insX_yagA_predicted,0.5,1,1,GGGCACCTTCCAACCAGCGC,0,4454729
yagB_insX_yagA_predicted,0.5,1,1,GGGCACCGTCAGTAGCCATG,0,4440176
yagB_insX_yagA_predicted,0.5,1,1,GGGCAAGGCATTCTGAGGAC,0,4463223
yagB_insX_yagA_predicted,0.5,1,1,GGGATGTGGCAAGGGGCTTC,0,4449481
yagB_insX_yagA_predicted,0.5,1,1,GGGATAACACAAGCCATGAT,0,4470313
yagB_insX_yagA_predicted,0.5,1,1,GGGAGATAGCGTAGATTTCA,0,4467826
yagB_insX_yagA_predicted,0.5,1,1,GGGACTTTCGCGTCCACGTC,0,4449115
yagB_insX_yagA_predicted,0.5,1,1,GGGACGCTTAGTGCAATAGA,0,4457721
yagB_insX_yagA_predicted,0.5,1,1,GGGACCAGGCCACAGGATAG,0,4444139
yagB_insX_yagA_predicted,0.5,1,1,GGGACCAAGCGTTGTAAGGA,0,4436046
yagB_insX_yagA_predicted,0.5,1,1,GGGAATCTTACCCCAGGTGT,0,4452537
yagB_insX_yagA_predicted,0.5,1,1,GGGAAGGCGGGATCGTCGTA,0,4463476
yagB_insX_yagA_predicted,0.5,1,1,GGGAACATTCTAGTGTATGG,0,4445543
yagB_insX_yagA_predicted,0.5,1,1,GGGAAAACATATTAGACCAC,0,4464262
yagB_insX_yagA_predicted,0.5,1,1,GGCTGGGAGCACATCGAATT,0,4443959
yagB_insX_yagA_predicted,0.5,1,1,GGCTATTGTGTTCGCTGGGT,0,4437150
yagB_insX_yagA_predicted,0.5,1,1,GGCTACAGGTACCATCACCT,0,4457864
yagB_insX_yagA_predicted,0.5,1,1,GGCGTGTGCTACATCAAAGC,0,4459323
yagB_insX_yagA_predicted,0.5,1,1,GGCGTGCTCACGGTAGTTTT,0,4446737
yagB_insX_yagA_predicted,0.5,1,1,GGCGTATACGTGTCACCGTA,0,4454016
yagB_insX_yagA_predicted,0.5,1,1,GGCGGTTTTAAGAGTGTTTA,0,4458985
yagB_insX_yagA_predicted,0.5,1,1,GGCGGCTACAAGGAATTCGG,0,4451138
yagB_insX_yagA_predicted,0.5,1,1,GGCGGCCGAGTAGCTAGCTA,0,4436267
yagB_insX_yagA_predicted,0.5,1,1,GGCGGCACCCGCAGCGTTAC,0,4440443
yagB_insX_yagA_predicted,0.5,1,1,GGCGCGGCTAGATTACCTAA,0,4455349
yagB_insX_yagA_predicted,0.5,1,1,GGCGATGCACAGAACATAGT,0,4467586
yagB_insX_yagA_predicted,0.5,1,1,GGCCCGCCGTCCCCCAAGCC,0,4467253
yagB_insX_yagA_predicted,0.5,1,1,GGCCCATTTTAGCTGGCAAA,0,4454710
yagB_insX_yagA_predicted,0.5,1,1,GGCCAAGGTCTACCTGTGGG,0,4443499
yagB_insX_yagA_predicted,0.5,1,1,GGCAGTTAGTACTTCAAGTG,0,4454234
yagB_insX_yagA_predicted,0.5,1,1,GGCAGGCCGATACGCATCGA,0,4470436
yagB_insX_yagA_predicted,0.5,1,1,GGCACTGTGTTCGAAATGTG,0,4468560
yagB_insX_yagA_predicted,0.5,1,1,GGCAACCCATGATGCGATGT,0,4465492
yagB_insX_yagA_predicted,0.5,1,1,GGATTGAGGTTATCAATCCT,0,4461318
yagB_insX_yagA_predicted,0.5,1,1,GGATGGAGTCACTCACATCA,0,4441730
yagB_insX_yagA_predicted,0.5,1,1,GGATGATTTGCTACGGCGGA,0,4456454
yagB_insX_yagA_predicted,0.5,1,1,GGATGATGAACACCAGCCCT,0,4450447
yagB_insX_yagA_predicted,0.5,1,1,GGATATTGTCTAAGCCTCGG,0,4466885
yagB_insX_yagA_predicted,0.5,1,1,GGAGGTCCCCAACGTGTTTT,0,4452874
yagB_insX_yagA_predicted,0.5,1,1,GGAGACGCTAGGCTCAAGAT,0,4464170
yagB_insX_yagA_predicted,0.5,1,1,GGAGACGCCAAATACAGCAC,0,4436523
yagB_insX_yagA_predicted,0.5,1,1,GGAGACAATGGCATGCCTCT,0,4436752
yagB_insX_yagA_predicted,0.5,1,1,GGACGACCGAGTCAGGGTCG,0,4464810
yagB_insX_yagA_predicted,0.5,1,1,GGACGAAAAGGTTCTGCGGT,0,4455524
yagB_insX_yagA_predicted,0.5,1,1,GGACCGTCCAGGTGGAGCTT,0,4451478
yagB_insX_yagA_predicted,0.5,1,1,GGACCGAATGGCGTCATCTG,0,4445384
yagB_insX_yagA_predicted,0.5,1,1,GGACCCCGCGGCGAAGAACT,0,4437347
yagB_insX_yagA_predicted,0.5,1,1,GGAAGGTAACATTTTCGACA,0,4449586
yagB_insX_yagA_predicted,0.5,1,1,GGAACGCAGTCACCCTTCTG,0,4455672
yagB_insX_yagA_predicted,0.5,1,1,GGAAACCGGGCTCGGCCTTA,0,4465935
yagB_insX_yagA_predicted,0.5,1,1,GCTTTACACAAAAGTGCGAG,0,4458549
yagB_insX_yagA_predicted,0.5,1,1,GCTTGTGCAGAACCAGTCTA,0,4463567
yagB_insX_yagA_predicted,0.5,1,1,GCTTCTAATATCACCCCCAG,0,4468427
yagB_insX_yagA_predicted,0.5,1,1,GCTTCGGATAAGTCAGGGCA,0,4459603
yagB_insX_yagA_predicted,0.5,1,1,GCTTCAGTGGCTGGTGCGAA,0,4457723
yagB_insX_yagA_predicted,0.5,1,1,GCTTCAGCACTTGGCTTTTA,0,4439446
yagB_insX_yagA_predicted,0.5,1,1,GCTTATCCATCTGGTGAGTC,0,4463138
yagB_insX_yagA_predicted,0.5,1,1,GCTTAGACATCAGAGGCGTC,0,4441935
yagB_insX_yagA_predicted,0.5,1,1,GCTTACGTATTATATGGATC,0,4460454
yagB_insX_yagA_predicted,0.5,1,1,GCTTAAAGGTCTACCTTGAG,0,4457044
yagB_insX_yagA_predicted,0.5,1,1,GCTGTCTTAAGGTCTAACAC,0,4454854
yagB_insX_yagA_predicted,0.5,1,1,GCTGTAGGCGTATTCGCGCG,0,4468559
yagB_insX_yagA_predicted,0.5,1,1,GCTGTACCGTGTTAGAGCGT,0,4460673
yagB_insX_yagA_predicted,0.5,1,1,GCTGCCCGTACCTTGTTCTA,0,4461890
yagB_insX_yagA_predicted,0.5,1,1,GCTGCAATTAAGTGATGCCG,0,4450338
yagB_insX_yagA_predicted,0.5,1,1,GCTGATAGGCGCCTGGTAGC,0,4462167
yagB_insX_yagA_predicted,0.5,1,1,GCTCTCTTTTTCTAGAGCAT,0,4461651
yagB_insX_yagA_predicted,0.5,1,1,GCTCTATTACGTCTCTCCTG,0,4452903
yagB_insX_yagA_predicted,0.5,1,1,GCTCCGCGTGACGCGGTGAT,0,4461006
yagB_insX_yagA_predicted,0.5,1,1,GCTCCGCACTGGCATCCGGA,0,4441135
yagB_insX_yagA_predicted,0.5,1,1,GCTCACACCATCCTAGGAGC,0,4445048
yagB_insX_yagA_predicted,0.5,1,1,GCTATACATCTTTATGATCC,0,4449870
yagB_insX_yagA_predicted,0.5,1,1,GCTAGTTACCGGCCTCAATT,0,4448548
yagB_insX_yagA_predicted,0.5,1,1,GCTACCGGGCACCTCCTTGA,0,4472017
yagB_insX_yagA_predicted,0.5,1,1,GCTAATAAGGTGATAATTGC,0,4459091
yagB_insX_yagA_predicted,0.5,1,1,GCTAACCACAGCACGCGCCT,0,4460561
yagB_insX_yagA_predicted,0.5,1,1,GCGTTTTAACTTTCCTCGGC,0,4459654
yagB_insX_yagA_predicted,0.5,1,1,GCGTTGCGCGGGATGGCACT,0,4449172
yagB_insX_yagA_predicted,0.5,1,1,GCGTTACAACGCCACGATTG,0,4446394
yagB_insX_yagA_predicted,0.5,1,1,GCGTACACTAGAGCTTCTCT,0,4467255
yagB_insX_yagA_predicted,0.5,1,1,GCGGTTTAAAGAGTCCAGCC,0,4466963
yagB_insX_yagA_predicted,0.5,1,1,GCGGGATAAGATTCTGGTGT,0,4449850
yagB_insX_yagA_predicted,0.5,1,1,GCGGGAGGTGGGGCAAGACG,0,4453651
yagB_insX_yagA_predicted,0.5,1,1,GCGGGACTGTCTACAGTCAC,0,4463134
yagB_insX_yagA_predicted,0.5,1,1,GCGCGGGATGCAGTAGTTCG,0,4469229
yagB_insX_yagA_predicted,0.5,1,1,GCGCGCGCTTCGGCGGCAAA,0,4472304
yagB_insX_yagA_predicted,0.5,1,1,GCGCCTAGACTTCGGTACCC,0,4467098
yagB_insX_yagA_predicted,0.5,1,1,GCGATCTCCGCGGTCATCAA,0,4470426
yagB_insX_yagA_predicted,0.5,1,1,GCGATCGTTGATTTGATTGG,0,4440672
yagB_insX_yagA_predicted,0.5,1,1,GCGATCAAAGAACACATCCA,0,4472372
yagB_insX_yagA_predicted,0.5,1,1,GCGAGGATAGGGATATAACC,0,4461184
yagB_insX_yagA_predicted,0.5,1,1,GCCTCTGAAGCGGAAAAGGT,0,4444240
yagB_insX_yagA_predicted,0.5,1,1,GCCGTTTCCTGTAACCGAAG,0,4446491
yagB_insX_yagA_predicted,0.5,1,1,GCCGTTGATGGGGCAAGCGA,0,4446803
yagB_insX_yagA_predicted,0.5,1,1,GCCGTCTAGCTTCTATCAAC,0,4468945
yagB_insX_yagA_predicted,0.5,1,1,GCCGGTGTTCAACTTGGTTC,0,4463011
yagB_insX_yagA_predicted,0.5,1,1,GCCGGGGGAAAGCAGGTTAG,0,4458200
yagB_insX_yagA_predicted,0.5,1,1,GCCGGCCGCCGCGCTCTGCT,0,4444686
yagB_insX_yagA_predicted,0.5,1,1,GCCGATCTATCGCAGCGCTA,0,4439659
yagB_insX_yagA_predicted,0.5,1,1,GCCGAACAGTGCGAGCGCGG,0,4447404
yagB_insX_yagA_predicted,0.5,1,1,GCCCTCCTGTCTCTTTTGGG,0,4449235
yagB_insX_yagA_predicted,0.5,1,1,GCCCGTTCATAGTTAACGTC,0,4453504
yagB_insX_yagA_predicted,0.5,1,1,GCCCATCATCCACTCTCGAT,0,4448119
yagB_insX_yagA_predicted,0.5,1,1,GCCCATCATAGGGCTGCTGG,0,4446320
yagB_insX_yagA_predicted,0.5,1,1,GCCCACGGCCTTCGGTTGCA,0,4451043
yagB_insX_yagA_predicted,0.5,1,1,GCCATAGTGGGGCTCCAGGA,0,4451611
yagB_insX_yagA_predicted,0.5,1,1,GCCATAAGCGCACTAAGAGA,0,4450719
yagB_insX_yagA_predicted,0.5,1,1,GCCACTCATGAGACATAATA,0,4442018
yagB_insX_yagA_predicted,0.5,1,1,GCCAACCGATCAGGTGGACC,0,4471863
yagB_insX_yagA_predicted,0.5,1,1,GCATGGTAATAACTTCCGAT,0,4441581
yagB_insX_yagA_predicted,0.5,1,1,GCATGCGCCAGCGGGACTGT,0,4438052
yagB_insX_yagA_predicted,0.5,1,1,GCATGCAAGTCAGGCGCATG,0,4439048
yagB_insX_yagA_predicted,0.5,1,1,GCATCGTCCACAATTTAAGA,0,4452406
yagB_insX_yagA_predicted,0.5,1,1,GCATCAGTCACCAGTTTTTC,0,4471665
yagB_insX_yagA_predicted,0.5,1,1,GCATATTGGACGGGTCATCT,0,4451074
yagB_insX_yagA_predicted,0.5,1,1,GCATACTTAGATGTACAACA,0,4469816
yagB_insX_yagA_predicted,0.5,1,1,GCATAAGGGATTACGGGTTC,0,4462528
yagB_insX_yagA_predicted,0.5,1,1,GCAGGGATTTAAACGCGTAC,0,4462610
yagB_insX_yagA_predicted,0.5,1,1,GCAGGGACTGGGTTGTAGTA,0,4448710
yagB_insX_yagA_predicted,0.5,1,1,GCAGGCACGTTTGAGTACGG,0,4465033
yagB_insX_yagA_predicted,0.5,1,1,GCAGCTGACCTTCTAAAAGC,0,4469626
yagB_insX_yagA_predicted,0.5,1,1,GCAGCTCCTCGATGTCACAG,0,4452001
yagB_insX_yagA_predicted,0.5,1,1,GCAGCGATACGGTAGTTCGG,0,4467379
yagB_insX_yagA_predicted,0.5,1,1,GCAGATTACTGTCCACGCTC,0,4452940
yagB_insX_yagA_predicted,0.5,1,1,GCAGAAGAAACGGTGCACCA,0,4447718
yagB_insX_yagA_predicted,0.5,1,1,GCACTGTTTCCTAGGATGGA,0,4440184
yagB_insX_yagA_predicted,0.5,1,1,GCACCGTTTCAACCCTGGGG,0,4446046
yagB_insX_yagA_predicted,0.5,1,1,GCACCGGGAGCCTCACAAGC,0,4469721
yagB_insX_yagA_predicted,0.5,1,1,GCACATCCTTCTTCTCCGGC,0,4446825
yagB_insX_yagA_predicted,0.5,1,1,GCACACTACCTCTAATCGGT,0,4466286
yagB_insX_yagA_predicted,0.5,1,1,GCAATTTAACGCGGACTTAA,0,4461659
yagB_insX_yagA_predicted,0.5,1,1,GCAATTAACAAACGATTCCG,0,4470064
yagB_insX_yagA_predicted,0.5,1,1,GCAATATGTTGTAGTGATAA,0,4446129
yagB_insX_yagA_predicted,0.5,1,1,GCAAGCGCAGAAGCAGTCAG,0,4460312
yagB_insX_yagA_predicted,0.5,1,1,GCAAGAAATTTAGGAAGCGG,0,4471444
yagB_insX_yagA_predicted,0.5,1,1,GCAACGAGTCCTTGTGCCCA,0,4438967
yagB_insX_yagA_predicted,0.5,1,1,GCAACGAACTGTCCCTCCTT,0,4439692
yagB_insX_yagA_predicted,0.5,1,1,GCAACAAAAGGGGCATAAAT,0,4442524
yagB_insX_yagA_predicted,0.5,1,1,GATTTTTGAGAACAGCAGTT,0,4466725
yagB_insX_yagA_predicted,0.5,1,1,GATTTGGTTCAACCAGCGCG,0,4464506
yagB_insX_yagA_predicted,0.5,1,1,GATTGGCAAGATCATCCCAT,0,4470784
yagB_insX_yagA_predicted,0.5,1,1,GATTGGACCTTGGTTGGGAG,0,4441484
yagB_insX_yagA_predicted,0.5,1,1,GATTGCGCATTTGGGACACG,0,4452852
yagB_insX_yagA_predicted,0.5,1,1,GATTGATCTGTTCCAATCGC,0,4471098
yagB_insX_yagA_predicted,0.5,1,1,GATTGAGTATTAAAGCGATC,0,4447001
yagB_insX_yagA_predicted,0.5,1,1,GATTCACAGTTATAATAAGG,0,4470968
yagB_insX_yagA_predicted,0.5,1,1,GATTATTGGGGTTATGTGGC,0,4464341
yagB_insX_yagA_predicted,0.5,1,1,GATTACCTTGGCTTCACCTC,0,4459014
yagB_insX_yagA_predicted,0.5,1,1,GATGTTCTGCGTGGCCATGT,0,4458819
yagB_insX_yagA_predicted,0.5,1,1,GATGGTGACGCTAGTGCGTC,0,4456940
yagB_insX_yagA_predicted,0.5,1,1,GATGGGGAACGGTCAGATTG,0,4448900
yagB_insX_yagA_predicted,0.5,1,1,GATGATTTGGGGGAGACTCC,0,4452306
yagB_insX_yagA_predicted,0.5,1,1,GATGAGTTAACCTCGCTTCT,0,4437493
yagB_insX_yagA_predicted,0.5,1,1,GATGAGGGAACCCCCATCGT,0,4467221
yagB_insX_yagA_predicted,0.5,1,1,GATCTAGTATTAGTGGGTAC,0,4456205
yagB_insX_yagA_predicted,0.5,1,1,GATCTAGGCCCCTAGTGGAA,0,4469274
yagB_insX_yagA_predicted,0.5,1,1,GATCGTCTGCTTAGAAACTT,0,4464829
yagB_insX_yagA_predicted,0.5,1,1,GATCGCATTTGGGTCACGAT,0,4453876
yagB_insX_yagA_predicted,0.5,1,1,GATCATTGATCGGATTTCGT,0,4448796
yagB_insX_yagA_predicted,0.5,1,1,GATCAACGGAACACCCGTTC,0,4445518
yagB_insX_yagA_predicted,0.5,1,1,GATATACGCCACGGATACGT,0,4446037
yagB_insX_yagA_predicted,0.5,1,1,GATATAACTGGCGCATGAGT,0,4451253
yagB_insX_yagA_predicted,0.5,1,1,GATATAAATCTATGTGCATT,0,4453663
yagB_insX_yagA_predicted,0.5,1,1,GATACTCTAGCGTTCTCCAC,0,4436946
yagB_insX_yagA_predicted,0.5,1,1,GATACGGTGTAACCTAATGG,0,4455754
yagB_insX_yagA_predicted,0.5,1,1,GATAAGCACTGCTATGGAGA,0,4443006
yagB_insX_yagA_predicted,0.5,1,1,GATAACTTTTCCAGTCGGTG,0,4439394
yagB_insX_yagA_predicted,0.5,1,1,GATAAACAATCGGAAATAGT,0,4457306
yagB_insX_yagA_predicted,0.5,1,1,GAGTTCATTTCCTCCGCAAT,0,4441457
yagB_insX_yagA_predicted,0.5,1,1,GAGTGGTTCCGTTGTTTTGT,0,4451971
yagB_insX_yagA_predicted,0.5,1,1,GAGTGACAATTACTAAAAAC,0,4449047
yagB_insX_yagA_predicted,0.5,1,1,GAGTCTAGATTTCCAAGGAT,0,4437059
yagB_insX_yagA_predicted,0.5,1,1,GAGGTGCGGCTCAAAGGTGA,0,4441880
yagB_insX_yagA_predicted,0.5,1,1,GAGGTCAACTCTCATCCCAG,0,4444961
yagB_insX_yagA_predicted,0.5,1,1,GAGGATGAGGGTGCAGGATT,0,4470773
yagB_insX_yagA_predicted,0.5,1,1,GAGCTTAAGACGGCGTGCTC,0,4467804
yagB_insX_yagA_predicted,0.5,1,1,GAGCTGCAGTGCAGTTACAC,0,4447693
yagB_insX_yagA_predicted,0.5,1,1,GAGCTGCAAGTAACAGCTGC,0,4448252
yagB_insX_yagA_predicted,0.5,1,1,GAGCGTGGGCGATCCAATAT,0,4438310
yagB_insX_yagA_predicted,0.5,1,1,GAGCGTCACCTAAGCGGCCA,0,4446389
yagB_insX_yagA_predicted,0.5,1,1,GAGCAATGAACCCATGGGTC,0,4436896
yagB_insX_yagA_predicted,0.5,1,1,GAGAGGACCTGCTGATCATA,0,4458459
yagB_insX_yagA_predicted,0.5,1,1,GAGAGCCCACAGGACGAGTC,0,4442617
yagB_insX_yagA_predicted,0.5,1,1,GAGAGCAAGGTCAATAGACC,0,4461252
yagB_insX_yagA_predicted,0.5,1,1,GAGAGAGTTTGAAGCCCCAT,0,4466905
yagB_insX_yagA_predicted,0.5,1,1,GAGACAAGCAACGTCGAAGT,0,4444498
yagB_insX_yagA_predicted,0.5,1,1,GAGAATGGTATGGAAAATCT,0,4453811
yagB_insX_yagA_predicted,0.5,1,1,GAGAATCCAAAATAGTTTGA,0,4438558
yagB_insX_yagA_predicted,0.5,1,1,GAGAAGCATCCGCAAGCCCG,0,4469462
yagB_insX_yagA_predicted,0.5,1,1,GACTTATAGGCATCCAGGTT,0,4458243
yagB_insX_yagA_predicted,0.5,1,1,GACTCCCGTCATGGGATCCT,0,4456119
yagB_insX_yagA_predicted,0.5,1,1,GACGTGGAGACTGCGATTCA,0,4460104
yagB_insX_yagA_predicted,0.5,1,1,GACGTGAGAGTTCTGCCTTA,0,4455171
yagB_insX_yagA_predicted,0.5,1,1,GACGGGGTTGGGGCTTCACG,0,4466779
yagB_insX_yagA_predicted,0.5,1,1,GACGCTGAGCTGCGAACTAC,0,4465577
yagB_insX_yagA_predicted,0.5,1,1,GACGATTATTTTCTCAGCAT,0,4449260
yagB_insX_yagA_predicted,0.5,1,1,GACGACGAAGTGACTGATAC,0,4470208
yagB_insX_yagA_predicted,0.5,1,1,GACCGGCATAGTTTCGGTTA,0,4436934
yagB_insX_yagA_predicted,0.5,1,1,GACCGGACGTCGTAAGCCGC,0,4462631
yagB_insX_yagA_predicted,0.5,1,1,GACCGCGTGGTGTGTTTGGG,0,4465279
yagB_insX_yagA_predicted,0.5,1,1,GACCACTACAACGTACGGGA,0,4454584
yagB_insX_yagA_predicted,0.5,1,1,GACATCTGTGGACACGCCTA,0,4446138
yagB_insX_yagA_predicted,0.5,1,1,GACAGGTAGCGGTGCAACAA,0,4469987
yagB_insX_yagA_predicted,0.5,1,1,GACACTCCTTCGGCTCTAAC,0,4455427
yagB_insX_yagA_predicted,0.5,1,1,GACACCGGGAGTGATAGTGG,0,4468320
yagB_insX_yagA_predicted,0.5,1,1,GACACCATCGGGGTAGCAAT,0,4468853
yagB_insX_yagA_predicted,0.5,1,1,GACAACAGATTCCGAATAAC,0,4438302
yagB_insX_yagA_predicted,0.5,1,1,GAATTATGATAGTTTCGGAA,0,4437127
yagB_insX_yagA_predicted,0.5,1,1,GAATGCGATTTCGACTCACT,0,4470315
yagB_insX_yagA_predicted,0.5,1,1,GAATGCACAAGTCACCCACG,0,4460692
yagB_insX_yagA_predicted,0.5,1,1,GAATGAAAGAAGCGACGTTC,0,4456215
yagB_insX_yagA_predicted,0.5,1,1,GAATCGGCAACAAAGATAAA,0,4468549
yagB_insX_yagA_predicted,0.5,1,1,GAAGTCGAGAGAAAACTGAC,0,4452481
yagB_insX_yagA_predicted,0.5,1,1,GAAGGCCCATTGGAGAGTTC,0,4438509
yagB_insX_yagA_predicted,0.5,1,1,GAAGCTCGCGGTTTCATTCG,0,4465388
yagB_insX_yagA_predicted,0.5,1,1,GAAGATGACAATATCTCTCG,0,4452679
yagB_insX_yagA_predicted,0.5,1,1,GAACTCTCGCGGATTGGTCA,0,4465165
yagB_insX_yagA_predicted,0.5,1,1,GAACTCTATGGCCTTGCGCT,0,4437576
yagB_insX_yagA_predicted,0.5,1,1,GAACGTTCAATTAGGGTTAT,0,4456286
yagB_insX_yagA_predicted,0.5,1,1,GAACGTGCAGTCTGCAGGCA,0,4440387
yagB_insX_yagA_predicted,0.5,1,1,GAACGGAAGACAACACGACA,0,4459606
yagB_insX_yagA_predicted,0.5,1,1,GAACGCTAAGTGGTCGGGTG,0,4447835
yagB_insX_yagA_predicted,0.5,1,1,GAACGACTTTGGGCGGGCTA,0,4450814
yagB_insX_yagA_predicted,0.5,1,1,GAACCGCCGACTTTTTAATG,0,4442158
yagB_insX_yagA_predicted,0.5,1,1,GAACCAGCTCTAACCGATTG,0,4441041
yagB_insX_yagA_predicted,0.5,1,1,GAACATGCGGGAATATAGGA,0,4438868
yagB_insX_yagA_predicted,0.5,1,1,GAACAGGGGAACGATTCCAA,0,4440422
yagB_insX_yagA_predicted,0.5,1,1,GAACACTTTCAGTCATCTCA,0,4447976
yagB_insX_yagA_predicted,0.5,1,1,GAAAGACGCCCTCATAAGGG,0,4458866
yagB_insX_yagA_predicted,0.5,1,1,GAAAGACCGTGTCCCCGTAA,0,4465500
yagB_insX_yagA_predicted,0.5,1,1,GAAACATTTAGGCATGCAGC,0,4449388
yagB_insX_yagA_predicted,0.5,1,1,CTTTTGGCCATCTGTGGTAT,0,4465549
yagB_insX_yagA_predicted,0.5,1,1,CTTTTCTATTACATCACAGA,0,4465533
yagB_insX_yagA_predicted,0.5,1,1,CTTTTCTAGGCGGTGCAGTA,0,4437306
yagB_insX_yagA_predicted,0.5,1,1,CTTTTACACGTTTTCGGAAG,0,4447330
yagB_insX_yagA_predicted,0.5,1,1,CTTTGGATTATGTATCAGGC,0,4458032
yagB_insX_yagA_predicted,0.5,1,1,CTTTGCGTAACACGCTATGT,0,4452688
yagB_insX_yagA_predicted,0.5,1,1,CTTTGCCTTTTTTCTCGGCT,0,4443377
yagB_insX_yagA_predicted,0.5,1,1,CTTTGAATGAGATAGAGATT,0,4463334
yagB_insX_yagA_predicted,0.5,1,1,CTTTCTAATTGAGCCAGGAG,0,4466393
yagB_insX_yagA_predicted,0.5,1,1,CTTTCGGTCTTACGATGATT,0,4456200
yagB_insX_yagA_predicted,0.5,1,1,CTTTCCTCTTAGACGTGAGA,0,4449171
yagB_insX_yagA_predicted,0.5,1,1,CTTTAGTCTCGGAGTCCGTC,0,4442502
yagB_insX_yagA_predicted,0.5,1,1,CTTTAAGAACAACTGTGAAC,0,4436592
yagB_insX_yagA_predicted,0.5,1,1,CTTGTGAGAGGGATGGGCAT,0,4468569
yagB_insX_yagA_predicted,0.5,1,1,CTTGTAACCAGCCTAGAGGA,0,4460086
yagB_insX_yagA_predicted,0.5,1,1,CTTGGCTCTTTCTGGCAAGA,0,4470360
yagB_insX_yagA_predicted,0.5,1,1,CTTGGATTTGTGCTCACCCG,0,4449589
yagB_insX_yagA_predicted,0.5,1,1,CTTGGACTCCAGATTCCCAT,0,4460300
yagB_insX_yagA_predicted,0.5,1,1,CTTGCACTGACCTTACGCGT,0,4444861
yagB_insX_yagA_predicted,0.5,1,1,CTTCGTATGTACAATGATGT,0,4469067
yagB_insX_yagA_predicted,0.5,1,1,CTTCGCCAACTGGCATGTTA,0,4453121
yagB_insX_yagA_predicted,0.5,1,1,CTTCCCAGAGTTTGGACTCC,0,4446261
yagB_insX_yagA_predicted,0.5,1,1,CTTATAGCCTTGCCTCATAG,0,4457305
yagB_insX_yagA_predicted,0.5,1,1,CTTACATATTGGATCCCATC,0,4442008
yagB_insX_yagA_predicted,0.5,1,1,CTTACAGTTAGTGCTCGGGA,0,4444669
yagB_insX_yagA_predicted,0.5,1,1,CTTAACGTAGCGGTAGTTGT,0,4458066
yagB_insX_yagA_predicted,0.5,1,1,CTGTTTTGTAGGTTCGGTGG,0,4447978
yagB_insX_yagA_predicted,0.5,1,1,CTGTTTGACCAAAAGAGCGA,0,4453581
yagB_insX_yagA_predicted,0.5,1,1,CTGTTTCGCGCGTTCCCTAA,0,4456371
yagB_insX_yagA_predicted,0.5,1,1,CTGTTAATTCTGAGCTTGCT,0,4451397
yagB_insX_yagA_predicted,0.5,1,1,CTGTGTGGTGAATTACTCAC,0,4444701
yagB_insX_yagA_predicted,0.5,1,1,CTGTCTAATGGGGGCAACGG,0,4453943
yagB_insX_yagA_predicted,0.5,1,1,CTGTCCAGCTGTTCGCGGAG,0,4457577
yagB_insX_yagA_predicted,0.5,1,1,CTGTACGGGGAATTATGGAC,0,4456608
yagB_insX_yagA_predicted,0.5,1,1,CTGTAAGCCTAACCCGTCAC,0,4452829
yagB_insX_yagA_predicted,0.5,1,1,CTGGTGCGGTCGCACGAGGC,0,4449865
yagB_insX_yagA_predicted,0.5,1,1,CTGGTAATTCAGGGAGTTAA,0,4453267
yagB_insX_yagA_predicted,0.5,1,1,CTGGCCGGGCTTAGTTTTTA,0,4463744
yagB_insX_yagA_predicted,0.5,1,1,CTGGCCACCTGGCTCGTCTA,0,4457406
yagB_insX_yagA_predicted,0.5,1,1,CTGGAGAATGTGGAGAGCCC,0,4462434
yagB_insX_yagA_predicted,0.5,1,1,CTGCTGGTAGCAAGCCGCCC,0,4463676
yagB_insX_yagA_predicted,0.5,1,1,CTGCTCATGGAACGAACGCT,0,4436535
yagB_insX_yagA_predicted,0.5,1,1,CTGCGTTGTTACCTCCCAAT,0,4467429
yagB_insX_yagA_predicted,0.5,1,1,CTGCCGCCCCGGTTTCTAAC,0,4467727
yagB_insX_yagA_predicted,0.5,1,1,CTGCCGCAATAGAGGCTTTC,0,4466174
yagB_insX_yagA_predicted,0.5,1,1,CTGATGTTTACAATACGTTT,0,4441051
yagB_insX_yagA_predicted,0.5,1,1,CTGATCTGGCCGTAACAGGT,0,4437224
yagB_insX_yagA_predicted,0.5,1,1,CTGATATCAGAGTTAATTAG,0,4454179
yagB_insX_yagA_predicted,0.5,1,1,CTGAGGGACAATACTAAACT,0,4439683
yagB_insX_yagA_predicted,0.5,1,1,CTGAGAGGGGTAGTTGCCCA,0,4465025
yagB_insX_yagA_predicted,0.5,1,1,CTGACGTGGCTGTAGGAAGT,0,4470073
yagB_insX_yagA_predicted,0.5,1,1,CTGACCTGAGAAGGCAGCGC,0,4445762
yagB_insX_yagA_predicted,0.5,1,1,CTGACCGAACAACGCCTCGT,0,4449135
yagB_insX_yagA_predicted,0.5,1,1,CTCTTGTTCGATATGGTTGA,0,4445044
yagB_insX_yagA_predicted,0.5,1,1,CTCTTGGTTCCCGATCTCAT,0,4460559
yagB_insX_yagA_predicted,0.5,1,1,CTCTTCTAGAAGCTACGAGC,0,4444496
yagB_insX_yagA_predicted,0.5,1,1,CTCTGGTCTCAACAGGAGAT,0,4448704
yagB_insX_yagA_predicted,0.5,1,1,CTCGGTTCTGTGCTGTGTCC,0,4436833
yagB_insX_yagA_predicted,0.5,1,1,CTCGACGTAACCTGAGCATT,0,4452522
yagB_insX_yagA_predicted,0.5,1,1,CTCGAATGGCGCGTCGGATC,0,4465532
yagB_insX_yagA_predicted,0.5,1,1,CTCGAAGAAGTGCGAGTCAT,0,4444349
yagB_insX_yagA_predicted,0.5,1,1,CTCCTCAAGCGTTCTACCTT,0,4466060
yagB_insX_yagA_predicted,0.5,1,1,CTCCTAGTAGGTTCGTCTGG,0,4440340
yagB_insX_yagA_predicted,0.5,1,1,CTCCTAGGTAGCCAAAAAGG,0,4469034
yagB_insX_yagA_predicted,0.5,1,1,CTCCTACCTGCGTGTGGCTG,0,4455971
yagB_insX_yagA_predicted,0.5,1,1,CTCCTAAGGTAAGTAGTGGG,0,4448247
yagB_insX_yagA_predicted,0.5,1,1,CTCCAGGTGTAGGGCCAACC,0,4453094
yagB_insX_yagA_predicted,0.5,1,1,CTCATCCACTGCCGATTAAA,0,4463768
yagB_insX_yagA_predicted,0.5,1,1,CTCAGCTTAAGCCGGTGACT,0,4438658
yagB_insX_yagA_predicted,0.5,1,1,CTCAATCCGGTCTTTGCTAC,0,4448079
yagB_insX_yagA_predicted,0.5,1,1,CTATTGGCCGGTCTTATAAG,0,4449855
yagB_insX_yagA_predicted,0.5,1,1,CTATTGGACAGACTTTCAGT,0,4450438
yagB_insX_yagA_predicted,0.5,1,1,CTATGCGGGGACATAGCGTG,0,4444331
yagB_insX_yagA_predicted,0.5,1,1,CTATGCCAAAGGTCAAGTAT,0,4461663
yagB_insX_yagA_predicted,0.5,1,1,CTATCGGTCAGAGGCTTCTT,0,4467842
yagB_insX_yagA_predicted,0.5,1,1,CTATAGCCTGCAATCCGGAG,0,4466973
yagB_insX_yagA_predicted,0.5,1,1,CTATACCGTGTGTAACAACA,0,4450763
yagB_insX_yagA_predicted,0.5,1,1,CTATAACAGGAAGATGGCGC,0,4467300
yagB_insX_yagA_predicted,0.5,1,1,CTAGTTGGGGTCATCATCTC,0,4455391
yagB_insX_yagA_predicted,0.5,1,1,CTAGTACGCGGCATGTGTGA,0,4457417
yagB_insX_yagA_predicted,0.5,1,1,CTAGGTGATTTAGATGACGG,0,4463366
yagB_insX_yagA_predicted,0.5,1,1,CTAGCTCTCGACCGAGCTTG,0,4439224
yagB_insX_yagA_predicted,0.5,1,1,CTAGCGTTCAGTGCGAAATG,0,4438160
yagB_insX_yagA_predicted,0.5,1,1,CTAGCCCTCTCAAAGCTATC,0,4459058
yagB_insX_yagA_predicted,0.5,1,1,CTAGATACACAGGGAGCAAC,0,4467661
yagB_insX_yagA_predicted,0.5,1,1,CTACTGACTAGGCAGTTAGC,0,4453229
yagB_insX_yagA_predicted,0.5,1,1,CTACGTGTCTTTTGTGGTAC,0,4467016
yagB_insX_yagA_predicted,0.5,1,1,CTACCCACGGATATCCGCAT,0,4438996
yagB_insX_yagA_predicted,0.5,1,1,CTACACGAGTCCATCTCAAT,0,4461566
yagB_insX_yagA_predicted,0.5,1,1,CTACAAGGTCATAAAAGGGC,0,4460373
yagB_insX_yagA_predicted,0.5,1,1,CTAATCGACACGACCCATAC,0,4452430
yagB_insX_yagA_predicted,0.5,1,1,CTAAGTTACCGAAAAGTAAT,0,4451569
yagB_insX_yagA_predicted,0.5,1,1,CTAACTTGCCCGATTCAAGC,0,4452979
yagB_insX_yagA_predicted,0.5,1,1,CTAACAGGAGACTACTCGGC,0,4464129
yagB_insX_yagA_predicted,0.5,1,1,CTAACACGCGGGACTACACG,0,4444580
yagB_insX_yagA_predicted,0.5,1,1,CTAACAAACCCCAACCCGAA,0,4455285
yagB_insX_yagA_predicted,0.5,1,1,CTAAACAGGAACACCTTTCG,0,4471584
yagB_insX_yagA_predicted,0.5,1,1,CTAAACAAACCAAGTCAGCC,0,4461179
yagB_insX_yagA_predicted,0.5,1,1,CGTTTCAGACTACGCCTTCG,0,4465752
yagB_insX_yagA_predicted,0.5,1,1,CGTTGACCTCTCCCATTGGT,0,4454674
yagB_insX_yagA_predicted,0.5,1,1,CGTTGACCCTTGATTGAGTG,0,4444393
yagB_insX_yagA_predicted,0.5,1,1,CGTTCTTGCTTGGCTTAACT,0,4447657
yagB_insX_yagA_predicted,0.5,1,1,CGTTCGTTACATCATGACAA,0,4442799
yagB_insX_yagA_predicted,0.5,1,1,CGTTCATTGCTGTAGCTTTC,0,4464885
yagB_insX_yagA_predicted,0.5,1,1,CGTTACCGCTGGAGTCAAGT,0,4459440
yagB_insX_yagA_predicted,0.5,1,1,CGTGTTGTATTTGCCGGATA,0,4462912
yagB_insX_yagA_predicted,0.5,1,1,CGTGTTCATGAAATACGCGT,0,4466444
yagB_insX_yagA_predicted,0.5,1,1,CGTGTCAGTCGTGGAGAATA,0,4445683
yagB_insX_yagA_predicted,0.5,1,1,CGTGGGATATAGGCCTTAAA,0,4450412
yagB_insX_yagA_predicted,0.5,1,1,CGTGGCGGAGATGGCACAGT,0,4442979
yagB_insX_yagA_predicted,0.5,1,1,CGTGGCATGCGATTAGAAAG,0,4439325
yagB_insX_yagA_predicted,0.5,1,1,CGTGCTTGGGGGTATGAGAC,0,4469649
yagB_insX_yagA_predicted,0.5,1,1,CGTGCCTGGCTGTCTAATCG,0,4456823
yagB_insX_yagA_predicted,0.5,1,1,CGTGAGCACGTTGTGAAGTT,0,4461925
yagB_insX_yagA_predicted,0.5,1,1,CGTGAGAAACGCGCATTTTG,0,4463316
yagB_insX_yagA_predicted,0.5,1,1,CGTGAACGAGTATACTATGA,0,4460847
yagB_insX_yagA_predicted,0.5,1,1,CGTCTTGCGTGTTCATGTCA,0,4467892
yagB_insX_yagA_predicted,0.5,1,1,CGTCTCACAGTCTAATTGAG,0,4441972
yagB_insX_yagA_predicted,0.5,1,1,CGTCTAGATCACCTGACCAC,0,4440929
yagB_insX_yagA_predicted,0.5,1,1,CGTCGTCCACAGATTAATGC,0,4440737
yagB_insX_yagA_predicted,0.5,1,1,CGTCGTAAAAAGCTAGCTAC,0,4454633
yagB_insX_yagA_predicted,0.5,1,1,CGTCGATCCTGGATGCTGCC,0,4459419
yagB_insX_yagA_predicted,0.5,1,1,CGTCGAGGCGCGATTTGGAC,0,4440740
yagB_insX_yagA_predicted,0.5,1,1,CGTCCTTCGATTCTATGATT,0,4458199
yagB_insX_yagA_predicted,0.5,1,1,CGTCATAGCTCGCATTTAAT,0,4452015
yagB_insX_yagA_predicted,0.5,1,1,CGTCATAAACCCATCCCCTT,0,4467524
yagB_insX_yagA_predicted,0.5,1,1,CGTCAACTCTCACGGCAATT,0,4470116
yagB_insX_yagA_predicted,0.5,1,1,CGTCAACAAGTGCTAGGATG,0,4448253
yagB_insX_yagA_predicted,0.5,1,1,CGTATCTTGAATGGGCTAGA,0,4452200
yagB_insX_yagA_predicted,0.5,1,1,CGTATAGTCTAATATGATGT,0,4441204
yagB_insX_yagA_predicted,0.5,1,1,CGTACGACGCATACCGCCCC,0,4457983
yagB_insX_yagA_predicted,0.5,1,1,CGTACCGCACACGATGAATA,0,4464802
yagB_insX_yagA_predicted,0.5,1,1,CGTAATCGGAATGCACCTAT,0,4443987
yagB_insX_yagA_predicted,0.5,1,1,CGGTGTTTTTGTACCTACCA,0,4464649
yagB_insX_yagA_predicted,0.5,1,1,CGGTGTGTCTCAATGGGCTA,0,4470990
yagB_insX_yagA_predicted,0.5,1,1,CGGTGTGTAACTGACACCAT,0,4456158
yagB_insX_yagA_predicted,0.5,1,1,CGGTCGTAAAGTACAGGAGT,0,4460498
yagB_insX_yagA_predicted,0.5,1,1,CGGTCCGATGGAGTTTTACT,0,4460892
yagB_insX_yagA_predicted,0.5,1,1,CGGTCACTTATCTGTGTGGT,0,4447403
yagB_insX_yagA_predicted,0.5,1,1,CGGGTGTGCACTGCGAGATT,0,4449074
yagB_insX_yagA_predicted,0.5,1,1,CGGGCGGTCTGTGTTTGTGT,0,4462462
yagB_insX_yagA_predicted,0.5,1,1,CGGGCAATGGATGGTACGTT,0,4443649
yagB_insX_yagA_predicted,0.5,1,1,CGGGATACAATTCAAATACG,0,4442596
yagB_insX_yagA_predicted,0.5,1,1,CGGCTTTCATACGTATTCGT,0,4468354
yagB_insX_yagA_predicted,0.5,1,1,CGGCTTAAGTTTAATTTCAG,0,4469820
yagB_insX_yagA_predicted,0.5,1,1,CGGCTGGCCGCCTTAGGATC,0,4444076
yagB_insX_yagA_predicted,0.5,1,1,CGGCGTGCTCTTAGAGTTGA,0,4450255
yagB_insX_yagA_predicted,0.5,1,1,CGGCGTCACTGATTCCGGTG,0,4452217
yagB_insX_yagA_predicted,0.5,1,1,CGGCGTAGCTGCTTACTGCC,0,4436004
yagB_insX_yagA_predicted,0.5,1,1,CGGCGGCCCCTTTATGTGAT,0,4456654
yagB_insX_yagA_predicted,0.5,1,1,CGGCGACCTGATGACATCAT,0,4462275
yagB_insX_yagA_predicted,0.5,1,1,CGGCGAAGGCATCTTAATGT,0,4468404
yagB_insX_yagA_predicted,0.5,1,1,CGGCCACAGAAGCGGAAATC,0,4464384
yagB_insX_yagA_predicted,0.5,1,1,CGGCAGTTCGACCCGTTTTG,0,4457750
yagB_insX_yagA_predicted,0.5,1,1,CGGCACGCCCATTTACCGGG,0,4445583
yagB_insX_yagA_predicted,0.5,1,1,CGGATCCCGGACACCGTTCA,0,4439756
yagB_insX_yagA_predicted,0.5,1,1,CGGATAGGGAAAGCGTGAGA,0,4469429
yagB_insX_yagA_predicted,0.5,1,1,CGGAGCTCAGGCGGTGTGAT,0,4437154
yagB_insX_yagA_predicted,0.5,1,1,CGGACTTTATAGAGATTCCC,0,4440124
yagB_insX_yagA_predicted,0.5,1,1,CGGACTCATTAAAGATTTGG,0,4454129
yagB_insX_yagA_predicted,0.5,1,1,CGGACACGGCAGAGTAGGTG,0,4461692
yagB_insX_yagA_predicted,0.5,1,1,CGGAACGAGAGGTGTCTTGT,0,4452030
yagB_insX_yagA_predicted,0.5,1,1,CGCTGTCAGATACCTCCCGT,0,4471844
yagB_insX_yagA_predicted,0.5,1,1,CGCTGGGGGAAAGTGGCAGC,0,4447647
yagB_insX_yagA_predicted,0.5,1,1,CGCTAACCAAATTTGACGTT,0,4447569
yagB_insX_yagA_predicted,0.5,1,1,CGCGTATTCGGATAGTCACA,0,4450780
yagB_insX_yagA_predicted,0.5,1,1,CGCGTATGCTGCCATCTTCA,0,4444264
yagB_insX_yagA_predicted,0.5,1,1,CGCGTACTCGGGGACAAACG,0,4451926
yagB_insX_yagA_predicted,0.5,1,1,CGCGGTGTCTCAAGTACGAG,0,4462519
yagB_insX_yagA_predicted,0.5,1,1,CGCGGGTGGACAGATATCCT,0,4460897
yagB_insX_yagA_predicted,0.5,1,1,CGCGGGATCTCACACTATTG,0,4440465
yagB_insX_yagA_predicted,0.5,1,1,CGCGCTGCCGGCCAGCAGGA,0,4439827
yagB_insX_yagA_predicted,0.5,1,1,CGCGCGTAGTTCCGTGTATC,0,4455277
yagB_insX_yagA_predicted,0.5,1,1,CGCGCGAGTCAACCTGGAGC,0,4449309
yagB_insX_yagA_predicted,0.5,1,1,CGCCTGAAAGTGTCCATGGA,0,4449527
yagB_insX_yagA_predicted,0.5,1,1,CGCCGTGCCGTGGTAGTTAG,0,4449355
yagB_insX_yagA_predicted,0.5,1,1,CGCCGATAGCGGCATTTCAT,0,4459131
yagB_insX_yagA_predicted,0.5,1,1,CGCCCGTAAGGTAATCATTA,0,4459620
yagB_insX_yagA_predicted,0.5,1,1,CGCCAAGTAAATCATAGATC,0,4442682
yagB_insX_yagA_predicted,0.5,1,1,CGCATTTGGAGCAGCCGTGC,0,4461246
yagB_insX_yagA_predicted,0.5,1,1,CGCATCGCCAAACTCAGGCA,0,4450047
yagB_insX_yagA_predicted,0.5,1,1,CGCAGCTACTTCCTAGCACC,0,4457069
yagB_insX_yagA_predicted,0.5,1,1,CGCACTCTGATCCATCGTAG,0,4452765
yagB_insX_yagA_predicted,0.5,1,1,CGCAATCGGACGGTAAGCGG,0,4450821
yagB_insX_yagA_predicted,0.5,1,1,CGCAAGTGACGGTATACCAC,0,4436300
yagB_insX_yagA_predicted,0.5,1,1,CGCAAAGCGGAGGGTTTACA,0,4446267
yagB_insX_yagA_predicted,0.5,1,1,CGCAAAGAACTTATGGGCCG,0,4442653
yagB_insX_yagA_predicted,0.5,1,1,CGATTGCTAAGTACTGTTTG,0,4442707
yagB_insX_yagA_predicted,0.5,1,1,CGATGTATGGACCCATTCCC,0,4467856
yagB_insX_yagA_predicted,0.5,1,1,CGATCTCATATAATAGCCGC,0,4456331
yagB_insX_yagA_predicted,0.5,1,1,CGATCGGTATGGTAATCATT,0,4443711
yagB_insX_yagA_predicted,0.5,1,1,CGATCGGGGAGGTTTGTAGC,0,4463778
yagB_insX_yagA_predicted,0.5,1,1,CGATCGCGCAGAGATGGAGT,0,4461474
yagB_insX_yagA_predicted,0.5,1,1,CGATCCACGACTTCAATCAT,0,4455402
yagB_insX_yagA_predicted,0.5,1,1,CGATATGCACGTGCACCCGG,0,4470205
yagB_insX_yagA_predicted,0.5,1,1,CGATAGGTGCAGTTCCCGCG,0,4444511
yagB_insX_yagA_predicted,0.5,1,1,CGATAACCGGGTCCGAAGGC,0,4461024
yagB_insX_yagA_predicted,0.5,1,1,CGAGTTCCACGCAAGATAGA,0,4453032
yagB_insX_yagA_predicted,0.5,1,1,CGAGTCTACTGTGCTAACCC,0,4444164
yagB_insX_yagA_predicted,0.5,1,1,CGAGTCCCGCTGACTCACAA,0,4446805
yagB_insX_yagA_predicted,0.5,1,1,CGAGGTCTAGTAATGGACTT,0,4460838
yagB_insX_yagA_predicted,0.5,1,1,CGAGGGGTTCTTAAATCGAT,0,4465016
yagB_insX_yagA_predicted,0.5,1,1,CGAGGCGTTGGACTGGGCAG,0,4455346
yagB_insX_yagA_predicted,0.5,1,1,CGAGCGGTAATAATTCCGGG,0,4457181
yagB_insX_yagA_predicted,0.5,1,1,CGAGCCGTAGAGCTGCGATC,0,4472141
yagB_insX_yagA_predicted,0.5,1,1,CGAGCAGTTCGCTGTACACA,0,4462898
yagB_insX_yagA_predicted,0.5,1,1,CGAGCAGGACTAGCAACCGC,0,4456404
yagB_insX_yagA_predicted,0.5,1,1,CGAGATTGCGGTAACTTGAA,0,4461847
yagB_insX_yagA_predicted,0.5,1,1,CGAGATCTGGTTACCGGGAT,0,4440335
yagB_insX_yagA_predicted,0.5,1,1,CGAGAGAGTCAGTACTGGAG,0,4440228
yagB_insX_yagA_predicted,0.5,1,1,CGACGTTCATATCCGGTTAG,0,4461473
yagB_insX_yagA_predicted,0.5,1,1,CGACGCTACTGTCTCGCTGG,0,4437368
yagB_insX_yagA_predicted,0.5,1,1,CGACCGAAGCCCAGTATGTG,0,4449140
yagB_insX_yagA_predicted,0.5,1,1,CGACAAAAGTCTTTTCGACT,0,4453088
yagB_insX_yagA_predicted,0.5,1,1,CGAATGACGTTCGCTCGGGA,0,4452777
yagB_insX_yagA_predicted,0.5,1,1,CGAATCAAACGGTGCGGTAC,0,4465310
yagB_insX_yagA_predicted,0.5,1,1,CGAACGGAACCGCAAGAGCC,0,4441049
yagB_insX_yagA_predicted,0.5,1,1,CGAACCTTTGTCTTCAGGTA,0,4443670
yagB_insX_yagA_predicted,0.5,1,1,CGAACCTAGCGAAGGAATAT,0,4444231
yagB_insX_yagA_predicted,0.5,1,1,CGAAATGTAGGAGTATTCAG,0,4454761
yagB_insX_yagA_predicted,0.5,1,1,CCTTTATGTGAGCAAGACGT,0,4445766
yagB_insX_yagA_predicted,0.5,1,1,CCTTTACGGTCTTTTTCAAC,0,4470602
yagB_insX_yagA_predicted,0.5,1,1,CCTTGTAGATTACGTATGAC,0,4446096
yagB_insX_yagA_predicted,0.5,1,1,CCTTGAAGGCTGCGTTAAAT,0,4458888
yagB_insX_yagA_predicted,0.5,1,1,CCTTCAGCCGGAGGGTCAAG,0,4465166
yagB_insX_yagA_predicted,0.5,1,1,CCTGTTCCGGAAAATGCTTC,0,4463110
yagB_insX_yagA_predicted,0.5,1,1,CCTGGGTTAGTACGGTCAAG,0,4464839
yagB_insX_yagA_predicted,0.5,1,1,CCTGGGGGGGCGGTATACTT,0,4455996
yagB_insX_yagA_predicted,0.5,1,1,CCTGCTTTAGTGGCGTTACG,0,4471148
yagB_insX_yagA_predicted,0.5,1,1,CCTGCTTGCTTCGCACGAAT,0,4460745
yagB_insX_yagA_predicted,0.5,1,1,CCTGCTGCGGTGAAGCCCAC,0,4466774
yagB_insX_yagA_predicted,0.5,1,1,CCTGATCCCCGGTTCTATCG,0,4449255
yagB_insX_yagA_predicted,0.5,1,1,CCTGAAGAGGAGTTGGTCAT,0,4468369
yagB_insX_yagA_predicted,0.5,1,1,CCTGAACCGTCTAGTCTAGT,0,4447638
yagB_insX_yagA_predicted,0.5,1,1,CCTCGATGCTCCTCGTCTGC,0,4467772
yagB_insX_yagA_predicted,0.5,1,1,CCTCCTGGCACTCCCTGGGC,0,4453516
yagB_insX_yagA_predicted,0.5,1,1,CCTCCCGCGGCTAAAGTCCA,0,4437051
yagB_insX_yagA_predicted,0.5,1,1,CCTCCCCAAGACGCATGTAT,0,4435943
yagB_insX_yagA_predicted,0.5,1,1,CCTCAAGGATCGCGAATTCC,0,4463543
yagB_insX_yagA_predicted,0.5,1,1,CCTAGGCTTTCCGACTGTAC,0,4441545
yagB_insX_yagA_predicted,0.5,1,1,CCTAGATCCGAGCAGCGACT,0,4453949
yagB_insX_yagA_predicted,0.5,1,1,CCTAGACTGCCACTCAAGGG,0,4461922
yagB_insX_yagA_predicted,0.5,1,1,CCTAAGAGGAGCCGCTTCCG,0,4436192
yagB_insX_yagA_predicted,0.5,1,1,CCTAACTAGCGACGACGTTT,0,4444465
yagB_insX_yagA_predicted,0.5,1,1,CCGTTGGGAAGTCTGTTAGG,0,4446670
yagB_insX_yagA_predicted,0.5,1,1,CCGTCCTGGGCCTGAACTGA,0,4469242
yagB_insX_yagA_predicted,0.5,1,1,CCGTCCGGGCCGCCCGGATC,0,4465515
yagB_insX_yagA_predicted,0.5,1,1,CCGTCCCCGCCGGTCTATTC,0,4446543
yagB_insX_yagA_predicted,0.5,1,1,CCGTAGTTAATCACCCTGGG,0,4467655
yagB_insX_yagA_predicted,0.5,1,1,CCGGTTGTCTCATGCCCGTT,0,4453263
yagB_insX_yagA_predicted,0.5,1,1,CCGGTTGACAGATGTGTAAA,0,4447117
yagB_insX_yagA_predicted,0.5,1,1,CCGGTGATCTCATTGACAGA,0,4444025
yagB_insX_yagA_predicted,0.5,1,1,CCGGTCACAATGAACAAGGC,0,4466108
yagB_insX_yagA_predicted,0.5,1,1,CCGGGGTTTGTTCTTTGTTA,0,4459568
yagB_insX_yagA_predicted,0.5,1,1,CCGGGACTCGGCGAGTTATG,0,4436820
yagB_insX_yagA_predicted,0.5,1,1,CCGGCTATATCTTATGGGGA,0,4468428
yagB_insX_yagA_predicted,0.5,1,1,CCGGAATCGCACCTTTGGCC,0,4460683
yagB_insX_yagA_predicted,0.5,1,1,CCGCTCACGGCATTCAGCCT,0,4466138
yagB_insX_yagA_predicted,0.5,1,1,CCGCGCCGTGGCCGTGCGCT,0,4471660
yagB_insX_yagA_predicted,0.5,1,1,CCGAGCGGTAGACGAAGGCG,0,4469076
yagB_insX_yagA_predicted,0.5,1,1,CCGAAGCGGCGACTCAACGG,0,4460477
yagB_insX_yagA_predicted,0.5,1,1,CCCTGTCGTCAGAGCCGCCT,0,4443410
yagB_insX_yagA_predicted,0.5,1,1,CCCTGGACATCGCACACGTA,0,4446806
yagB_insX_yagA_predicted,0.5,1,1,CCCTCATACTGCGAATAGGT,0,4455388
yagB_insX_yagA_predicted,0.5,1,1,CCCTCAGGGCATCCGTTCAA,0,4442846
yagB_insX_yagA_predicted,0.5,1,1,CCCTACGGGTCCGTAACCTC,0,4436029
yagB_insX_yagA_predicted,0.5,1,1,CCCGTCCCTTGTAGGGGCAT,0,4468276
yagB_insX_yagA_predicted,0.5,1,1,CCCGTAAATCTGTAGTCTCG,0,4448625
yagB_insX_yagA_predicted,0.5,1,1,CCCGGCTTGGAAGGCCTCCG,0,4471250
yagB_insX_yagA_predicted,0.5,1,1,CCCGGCTCCGGTCGAATCCA,0,4462287
yagB_insX_yagA_predicted,0.5,1,1,CCCGCGTCTTCCTAGTGATG,0,4458492
yagB_insX_yagA_predicted,0.5,1,1,CCCGAATCTTTATAGAGATG,0,4466856
yagB_insX_yagA_predicted,0.5,1,1,CCCCTTCCAATCCTCGGCCA,0,4449206
yagB_insX_yagA_predicted,0.5,1,1,CCCCGAATTTGTACATTGCC,0,4462527
yagB_insX_yagA_predicted,0.5,1,1,CCCCCTGGCAACATCGAGAC,0,4450240
yagB_insX_yagA_predicted,0.5,1,1,CCCCCGATGTGAAGTGCGCC,0,4465649
yagB_insX_yagA_predicted,0.5,1,1,CCCCCCTATCCTGCACGATC,0,4440022
yagB_insX_yagA_predicted,0.5,1,1,CCCCATGAAATTGGGCCGTT,0,4465010
yagB_insX_yagA_predicted,0.5,1,1,CCCCACGTACACATCGTCTG,0,4458000
yagB_insX_yagA_predicted,0.5,1,1,CCCATTGTGAGGTTTATCCG,0,4451409
yagB_insX_yagA_predicted,0.5,1,1,CCCATTCAGAATTGTACTAG,0,4462741
yagB_insX_yagA_predicted,0.5,1,1,CCCATTAGTATAAAAAGCAT,0,4454140
yagB_insX_yagA_predicted,0.5,1,1,CCCATCGACACGCGGACGTG,0,4454913
yagB_insX_yagA_predicted,0.5,1,1,CCCAATAGATAGTATTTGTC,0,4446033
yagB_insX_yagA_predicted,0.5,1,1,CCCAACTGGACTCACAATGG,0,4442034
yagB_insX_yagA_predicted,0.5,1,1,CCATGGGTCGGTCACCACAT,0,4441690
yagB_insX_yagA_predicted,0.5,1,1,CCATATGGGTTACCTTAAAT,0,4471812
yagB_insX_yagA_predicted,0.5,1,1,CCATAAAGTCTGGATTCAAT,0,4462488
yagB_insX_yagA_predicted,0.5,1,1,CCAGCTCTGCGAAGCCGTCT,0,4448492
yagB_insX_yagA_predicted,0.5,1,1,CCAGCGAATGCAGATTTCAA,0,4439935
yagB_insX_yagA_predicted,0.5,1,1,CCAGCACGATTGCCCTGGCC,0,4454946
yagB_insX_yagA_predicted,0.5,1,1,CCACTATGCTTTTATCTCCC,0,4451729
yagB_insX_yagA_predicted,0.5,1,1,CCACGTCGAGTCTTGACGGC,0,4469862
yagB_insX_yagA_predicted,0.5,1,1,CCACATGCATTCTGAAGTAG,0,4439379
yagB_insX_yagA_predicted,0.5,1,1,CCAATTTTTCATATTTTCTC,0,4469938
yagB_insX_yagA_predicted,0.5,1,1,CCAATCCCGATCGGTAAGTG,0,4454583
yagB_insX_yagA_predicted,0.5,1,1,CCAAGCGGGTTGGTTCCCAT,0,4447061
yagB_insX_yagA_predicted,0.5,1,1,CCAAGAGTATAGCTCGAATT,0,4451559
yagB_insX_yagA_predicted,0.5,1,1,CCAAAATGTGTACGCGCGCT,0,4466376
yagB_insX_yagA_predicted,0.5,1,1,CATTGTCGTGACACAGCATT,0,4441498
yagB_insX_yagA_predicted,0.5,1,1,CATTGCGCAAACTGGAGAAA,0,4456653
yagB_insX_yagA_predicted,0.5,1,1,CATTCTGTTAGTGGCGTGGG,0,4447865
yagB_insX_yagA_predicted,0.5,1,1,CATTCAGGCTGTCAATAGGG,0,4464136
yagB_insX_yagA_predicted,0.5,1,1,CATTAAAGACGTTTGCCCGA,0,4436571
yagB_insX_yagA_predicted,0.5,1,1,CATGTTAACCCTGACCAAAG,0,4451069
yagB_insX_yagA_predicted,0.5,1,1,CATGTCGGAACCCGAGGCAA,0,4442571
yagB_insX_yagA_predicted,0.5,1,1,CATGTCAAGTTCCTAACTCG,0,4447980
yagB_insX_yagA_predicted,0.5,1,1,CATGGTGATGTCTCCGTTGT,0,4442947
yagB_insX_yagA_predicted,0.5,1,1,CATGGGACCGTTGTCCGCGT,0,4451199
yagB_insX_yagA_predicted,0.5,1,1,CATGGCCCCGTTAATCCAAG,0,4470725
yagB_insX_yagA_predicted,0.5,1,1,CATGCGCGATACACCGACTT,0,4441021
yagB_insX_yagA_predicted,0.5,1,1,CATGCAGGGTTAGGATTCAT,0,4437312
yagB_insX_yagA_predicted,0.5,1,1,CATGATTGAGGTGGGGTGGT,0,4469083
yagB_insX_yagA_predicted,0.5,1,1,CATGATCCCTCCCGAACGTG,0,4460176
yagB_insX_yagA_predicted,0.5,1,1,CATGAGACCTCTGACCTGTG,0,4464064
yagB_insX_yagA_predicted,0.5,1,1,CATGACCCTTATACCTTTGC,0,4440755
yagB_insX_yagA_predicted,0.5,1,1,CATCTCGGCCAGCTGAAGGG,0,4466501
yagB_insX_yagA_predicted,0.5,1,1,CATCTCAGGGTCGGTCGATT,0,4438001
yagB_insX_yagA_predicted,0.5,1,1,CATCCTCACGCCTATAGGAC,0,4445411
yagB_insX_yagA_predicted,0.5,1,1,CATCCGGCGGATAGAGATGC,0,4444506
yagB_insX_yagA_predicted,0.5,1,1,CATCATCCTGTCCTGGGTCG,0,4443696
yagB_insX_yagA_predicted,0.5,1,1,CATCACGCACAGCTTTCCGT,0,4441260
yagB_insX_yagA_predicted,0.5,1,1,CATATTTTGATTAGTCCACA,0,4461124
yagB_insX_yagA_predicted,0.5,1,1,CATATCGGAGCCGCGGCATA,0,4467847
yagB_insX_yagA_predicted,0.5,1,1,CATACTAGAGGCTATTTAAT,0,4448997
yagB_insX_yagA_predicted,0.5,1,1,CATACGTTGATGGATCTTCG,0,4461508
yagB_insX_yagA_predicted,0.5,1,1,CATACGTATGGTAAGAAAAA,0,4461846
yagB_insX_yagA_predicted,0.5,1,1,CATACAGGGAAGGCGAACAT,0,4447147
yagB_insX_yagA_predicted,0.5,1,1,CATAAGGGAAGGCTTGTAGG,0,4456282
yagB_insX_yagA_predicted,0.5,1,1,CATAAGGCGCTTGCACCGTC,0,4445257
yagB_insX_yagA_predicted,0.5,1,1,CAGTTGGATGTGGACTGTAA,0,4464487
yagB_insX_yagA_predicted,0.5,1,1,CAGTGTTACCGAGGCGAATT,0,4460595
yagB_insX_yagA_predicted,0.5,1,1,CAGTCCTTACACACGGAGTT,0,4446217
yagB_insX_yagA_predicted,0.5,1,1,CAGTCCCGATGATCAATGCC,0,4457421
yagB_insX_yagA_predicted,0.5,1,1,CAGTATCGCATCGGCCCGCA,0,4466480
yagB_insX_yagA_predicted,0.5,1,1,CAGTAGCTTGAGGCTACTGG,0,4451052
yagB_insX_yagA_predicted,0.5,1,1,CAGGTACATTAAGGTGGGAA,0,4436247
yagB_insX_yagA_predicted,0.5,1,1,CAGGGGGCTGAGACTGGTAT,0,4471734
yagB_insX_yagA_predicted,0.5,1,1,CAGGCTGACGGACCCCTTTA,0,4454912
yagB_insX_yagA_predicted,0.5,1,1,CAGGCTGACGACAATACAAA,0,4437313
yagB_insX_yagA_predicted,0.5,1,1,CAGGCTATAGGGGTAAAGCA,0,4450663
yagB_insX_yagA_predicted,0.5,1,1,CAGGCATAAGGCGGCTCCCC,0,4469690
yagB_insX_yagA_predicted,0.5,1,1,CAGGACCCTCCGAGCCCAAC,0,4467998
yagB_insX_yagA_predicted,0.5,1,1,CAGGAACCGTGGGTTGGAGG,0,4455686
yagB_insX_yagA_predicted,0.5,1,1,CAGCGTTCCTGGACGAGTTC,0,4437213
yagB_insX_yagA_predicted,0.5,1,1,CAGCGACGGAAGGGAGCCAT,0,4448977
yagB_insX_yagA_predicted,0.5,1,1,CAGCCTCGGGGAGATCTGCA,0,4453692
yagB_insX_yagA_predicted,0.5,1,1,CAGCCGCCAAAGTCACGGTC,0,4463314
yagB_insX_yagA_predicted,0.5,1,1,CAGCATAAGAACGATCGCTA,0,4452159
yagB_insX_yagA_predicted,0.5,1,1,CAGATACTGGGCAGACCTTA,0,4441981
yagB_insX_yagA_predicted,0.5,1,1,CAGATAACCATGGGGCCTAA,0,4447764
yagB_insX_yagA_predicted,0.5,1,1,CAGACTGCTATGACGACCCT,0,4448818
yagB_insX_yagA_predicted,0.5,1,1,CAGACACAGGAATAAACGGG,0,4459071
yagB_insX_yagA_predicted,0.5,1,1,CAGAACAACGATAACGGTTT,0,4437519
yagB_insX_yagA_predicted,0.5,1,1,CAGAAAACCCGCTCTTGTGA,0,4443992
yagB_insX_yagA_predicted,0.5,1,1,CACTTGGCATATATTACCCA,0,4458481
yagB_insX_yagA_predicted,0.5,1,1,CACTCCTTTCATTGTGCCCT,0,4456332
yagB_insX_yagA_predicted,0.5,1,1,CACTCCTAGCCTCGAACGAA,0,4459754
yagB_insX_yagA_predicted,0.5,1,1,CACTCCATGCCAGTATGATA,0,4439201
yagB_insX_yagA_predicted,0.5,1,1,CACTAGGCTAATCTGTTGGT,0,4451322
yagB_insX_yagA_predicted,0.5,1,1,CACTACATCCCGCACGGAGA,0,4452950
yagB_insX_yagA_predicted,0.5,1,1,CACGGCCCTGAAGTCAATAT,0,4458310
yagB_insX_yagA_predicted,0.5,1,1,CACGGAACAGCTGCTGCTTT,0,4465056
yagB_insX_yagA_predicted,0.5,1,1,CACGCCGTATTAAGGTACTC,0,4457097
yagB_insX_yagA_predicted,0.5,1,1,CACGATCATATGGAGCGCAA,0,4465204
yagB_insX_yagA_predicted,0.5,1,1,CACCTTTTACTGCACGCTCC,0,4455815
yagB_insX_yagA_predicted,0.5,1,1,CACCCGCGTTGCGACCGCGT,0,4446943
yagB_insX_yagA_predicted,0.5,1,1,CACCCGATAATCTGGCTTAC,0,4459394
yagB_insX_yagA_predicted,0.5,1,1,CACCCGACGCACTGTTAGGT,0,4464590
yagB_insX_yagA_predicted,0.5,1,1,CACAGTGGCGTACCATACAG,0,4456522
yagB_insX_yagA_predicted,0.5,1,1,CACAGGGCCTCACATATCAT,0,4457530
yagB_insX_yagA_predicted,0.5,1,1,CACAGATCATACGACCTAAG,0,4463301
yagB_insX_yagA_predicted,0.5,1,1,CACACGGGGGGGTTATTGTG,0,4457441
yagB_insX_yagA_predicted,0.5,1,1,CACAATTTGAAATAATTGTT,0,4452855
yagB_insX_yagA_predicted,0.5,1,1,CAATTTCCAGGGTATACGAT,0,4441258
yagB_insX_yagA_predicted,0.5,1,1,CAATTCCGCCTAAAAGTATT,0,4438448
yagB_insX_yagA_predicted,0.5,1,1,CAATTCACACGAAAGTCCCA,0,4454874
yagB_insX_yagA_predicted,0.5,1,1,CAATGATAGAGGGTAACGTT,0,4448146
yagB_insX_yagA_predicted,0.5,1,1,CAATATTAATGACACATTGG,0,4461866
yagB_insX_yagA_predicted,0.5,1,1,CAATAGCGCAATACGCGAGC,0,4446174
yagB_insX_yagA_predicted,0.5,1,1,CAATAACTGCAAAACCTCAT,0,4465162
yagB_insX_yagA_predicted,0.5,1,1,CAAGTTGTTCGGCGGATTAA,0,4455689
yagB_insX_yagA_predicted,0.5,1,1,CAAGTTAATTTGGTAGGTAA,0,4437445
yagB_insX_yagA_predicted,0.5,1,1,CAAGTCTCCGCGATAGACGC,0,4442686
yagB_insX_yagA_predicted,0.5,1,1,CAAGTCCAGGTTTCCCATAG,0,4438994
yagB_insX_yagA_predicted,0.5,1,1,CAAGTCACCTCTTAGTTGTA,0,4448874
yagB_insX_yagA_predicted,0.5,1,1,CAAGGTGATCACGAGGCAGC,0,4453594
yagB_insX_yagA_predicted,0.5,1,1,CAAGGGACGGCCACTTAGCA,0,4440511
yagB_insX_yagA_predicted,0.5,1,1,CAAGGCCCTGCGTCTGGTTT,0,4448753
yagB_insX_yagA_predicted,0.5,1,1,CAAGCGCGTACCTTATTGAC,0,4448087
yagB_insX_yagA_predicted,0.5,1,1,CAAGAATAGCCTCAAGTTTC,0,4436527
yagB_insX_yagA_predicted,0.5,1,1,CAACTGGAATCGATTTAATC,0,4439871
yagB_insX_yagA_predicted,0.5,1,1,CAACGACCAATAAAATCGGG,0,4466049
yagB_insX_yagA_predicted,0.5,1,1,CAACCTCTTCTAGTTGGAGG,0,4436035
yagB_insX_yagA_predicted,0.5,1,1,CAACAATGAGGACGTGTTTT,0,4465654
yagB_insX_yagA_predicted,0.5,1,1,CAAAGCATACCCCCTTTCCT,0,4469667
yagB_insX_yagA_predicted,0.5,1,1,CAAACTTGGGCTAAATGAAA,0,4469579
yagB_insX_yagA_predicted,0.5,1,1,CAAACTCTTCACCAAGGTTA,0,4469614
yagB_insX_yagA_predicted,0.5,1,1,CAAACCCGTAAATGCGTTCT,0,4462772
yagB_insX_yagA_predicted,0.5,1,1,CAAAAGGGGGCTAAAGTGTA,0,4456745
yagB_insX_yagA_predicted,0.5,1,1,CAAAAACCGTGAGCGGATTT,0,4468713
yagB_insX_yagA_predicted,0.5,1,1,ATTTTCATACGTACGCGACT,0,4448360
yagB_insX_yagA_predicted,0.5,1,1,ATTTGAGGTTTCGGTCAATC,0,4442574
yagB_insX_yagA_predicted,0.5,1,1,ATTTAATTCTCATGGTGTGA,0,4461570
yagB_insX_yagA_predicted,0.5,1,1,ATTGTAAGTATTGCCACCTG,0,4468862
yagB_insX_yagA_predicted,0.5,1,1,ATTGCCCGACGTGGTCAATC,0,4457091
yagB_insX_yagA_predicted,0.5,1,1,ATTGAGGATTGCCCTTCGTT,0,4458347
yagB_insX_yagA_predicted,0.5,1,1,ATTGAGAAGACTCGCTGGGA,0,4446587
yagB_insX_yagA_predicted,0.5,1,1,ATTGAAAGAGGCCAGTCACT,0,4438110
yagB_insX_yagA_predicted,0.5,1,1,ATTCTATCGACTCAGTTAGA,0,4461244
yagB_insX_yagA_predicted,0.5,1,1,ATTCGGGGGTTTCACCATAT,0,4456100
yagB_insX_yagA_predicted,0.5,1,1,ATTCAGTCGTGTATGTTCGC,0,4456977
yagB_insX_yagA_predicted,0.5,1,1,ATTCAGAATCATGTTAAACA,0,4460689
yagB_insX_yagA_predicted,0.5,1,1,ATTATTGCACAGAGATAGGT,0,4443829
yagB_insX_yagA_predicted,0.5,1,1,ATTATAGTCATTGACTCTTA,0,4447659
yagB_insX_yagA_predicted,0.5,1,1,ATTATAATCCCGTGACCGGA,0,4442286
yagB_insX_yagA_predicted,0.5,1,1,ATTAGGTATGTGGTGAGGAT,0,4447564
yagB_insX_yagA_predicted,0.5,1,1,ATTAGGAGCGCTGTCCTATC,0,4468981
yagB_insX_yagA_predicted,0.5,1,1,ATTACCTCCCAAGGCTTGGG,0,4464349
yagB_insX_yagA_predicted,0.5,1,1,ATTACCCGTAATTAAGGAGG,0,4466516
yagB_insX_yagA_predicted,0.5,1,1,ATTACAACCGCTTATATCTG,0,4444694
yagB_insX_yagA_predicted,0.5,1,1,ATTAATAAGAAACGGACTAA,0,4462040
yagB_insX_yagA_predicted,0.5,1,1,ATTAACGTGGTTTTTCCTGG,0,4470198
yagB_insX_yagA_predicted,0.5,1,1,ATTAAATGTGCTGCCCATGG,0,4450095
yagB_insX_yagA_predicted,0.5,1,1,ATGTGTGATCGCGGACGGAT,0,4449185
yagB_insX_yagA_predicted,0.5,1,1,ATGTGATTGGCTATTTAGTT,0,4438787
yagB_insX_yagA_predicted,0.5,1,1,ATGTCTGATTTAAATCACTC,0,4437412
yagB_insX_yagA_predicted,0.5,1,1,ATGTAGCCCTACGCACTTCA,0,4467581
yagB_insX_yagA_predicted,0.5,1,1,ATGGTCCTAAGTCTTATAGT,0,4444614
yagB_insX_yagA_predicted,0.5,1,1,ATGGTCATACGTGTTTATCA,0,4469149
yagB_insX_yagA_predicted,0.5,1,1,ATGGGCTTTAGTTGGCCAGT,0,4443652
yagB_insX_yagA_predicted,0.5,1,1,ATGGGCTCAAGGGCTTAGCG,0,4457074
yagB_insX_yagA_predicted,0.5,1,1,ATGGGATTACCTTCACGGAA,0,4437764
yagB_insX_yagA_predicted,0.5,1,1,ATGGGACAGGACATATAGCG,0,4467225
yagB_insX_yagA_predicted,0.5,1,1,ATGCGTTGATTGGTGTACTT,0,4446959
yagB_insX_yagA_predicted,0.5,1,1,ATGCCCAACCAAAGCTTGTT,0,4436532
yagB_insX_yagA_predicted,0.5,1,1,ATGCATAATATCATTAAACA,0,4451019
yagB_insX_yagA_predicted,0.5,1,1,ATGCAGATGATAGGGAGGCC,0,4458899
yagB_insX_yagA_predicted,0.5,1,1,ATGATGTCTGTCCCTTTAAA,0,4438823
yagB_insX_yagA_predicted,0.5,1,1,ATGATCTGCGGACGTAAATC,0,4446485
yagB_insX_yagA_predicted,0.5,1,1,ATGAGTGCACTTCTCCTACA,0,4444035
yagB_insX_yagA_predicted,0.5,1,1,ATGAGATTGGTCGGACCAGT,0,4440494
yagB_insX_yagA_predicted,0.5,1,1,ATCTTCCGGACTTATCTCTA,0,4456412
yagB_insX_yagA_predicted,0.5,1,1,ATCTTATGACGGCTAATGTG,0,4456093
yagB_insX_yagA_predicted,0.5,1,1,ATCTCGCCAGAACGGCATCT,0,4470551
yagB_insX_yagA_predicted,0.5,1,1,ATCTCAGATGCGTGGGCTTG,0,4454525
yagB_insX_yagA_predicted,0.5,1,1,ATCGTCATTCGCTCGCCACA,0,4451352
yagB_insX_yagA_predicted,0.5,1,1,ATCGTAGAACCCGCGACAGG,0,4443465
yagB_insX_yagA_predicted,0.5,1,1,ATCGGTTGAGATGGGTACTT,0,4460073
yagB_insX_yagA_predicted,0.5,1,1,ATCGCGCATCTTACTAACCC,0,4446225
yagB_insX_yagA_predicted,0.5,1,1,ATCGCCACTTGAGAATTAGA,0,4439141
yagB_insX_yagA_predicted,0.5,1,1,ATCGATGATAGATGTTCGTT,0,4459682
yagB_insX_yagA_predicted,0.5,1,1,ATCCTTGTTCGCACCCTCGG,0,4468678
yagB_insX_yagA_predicted,0.5,1,1,ATCCTGTCTGCAGTTTAACA,0,4455510
yagB_insX_yagA_predicted,0.5,1,1,ATCCGGGCCTGGCCCGTGGG,0,4440959
yagB_insX_yagA_predicted,0.5,1,1,ATCCCGGAAGAAGCATAAGT,0,4447415
yagB_insX_yagA_predicted,0.5,1,1,ATCCATCGGTACTGCGCAGT,0,4465880
yagB_insX_yagA_predicted,0.5,1,1,ATCCAGCCGTCCGGTAATTT,0,4444736
yagB_insX_yagA_predicted,0.5,1,1,ATCCACCGACTTGAATTGCG,0,4440108
yagB_insX_yagA_predicted,0.5,1,1,ATCATGAAGAATAGGTCGCA,0,4447015
yagB_insX_yagA_predicted,0.5,1,1,ATCAGGCAAATGGCATGGGG,0,4472024
yagB_insX_yagA_predicted,0.5,1,1,ATCACGAGGCCGTCCGCTTC,0,4459432
yagB_insX_yagA_predicted,0.5,1,1,ATCAATAGGTGGAAGGTGTC,0,4448611
yagB_insX_yagA_predicted,0.5,1,1,ATATTGGCAGTTACCCGGAT,0,4446422
yagB_insX_yagA_predicted,0.5,1,1,ATATTATTAGGCGGTTGCCT,0,4467169
yagB_insX_yagA_predicted,0.5,1,1,ATATCCCAACGGTTGTACGA,0,4448614
yagB_insX_yagA_predicted,0.5,1,1,ATATCAAGGGCTCGTCTCGA,0,4447191
yagB_insX_yagA_predicted,0.5,1,1,ATATATCTATGTCACGAAGT,0,4459159
yagB_insX_yagA_predicted,0.5,1,1,ATATAAAAACATACACTTTG,0,4436892
yagB_insX_yagA_predicted,0.5,1,1,ATAGTTGGTTTATTGTTCAG,0,4457106
yagB_insX_yagA_predicted,0.5,1,1,ATAGTTGAGGTGGGTCTACA,0,4442489
yagB_insX_yagA_predicted,0.5,1,1,ATAGTGAGCCTGGAGCGGGA,0,4449748
yagB_insX_yagA_predicted,0.5,1,1,ATAGGCGGACGACACTGTGA,0,4445605
yagB_insX_yagA_predicted,0.5,1,1,ATAGACGCCGATAAGATACT,0,4443327
yagB_insX_yagA_predicted,0.5,1,1,ATACTTCGACTTCGGTAGTA,0,4461419
yagB_insX_yagA_predicted,0.5,1,1,ATACTGTGTTGCATCATGTT,0,4451258
yagB_insX_yagA_predicted,0.5,1,1,ATACGTCGCTGGCAACGCGA,0,4458211
yagB_insX_yagA_predicted,0.5,1,1,ATACGCGACACCGATAGTAG,0,4466497
yagB_insX_yagA_predicted,0.5,1,1,ATACCTCATTGGCCCCACCG,0,4465339
yagB_insX_yagA_predicted,0.5,1,1,ATAATGCCTTGGCTCTACCC,0,4467677
yagB_insX_yagA_predicted,0.5,1,1,ATAATACTATACAAACGGCG,0,4469668
yagB_insX_yagA_predicted,0.5,1,1,ATAAGTCAGGATTATAACCA,0,4467307
yagB_insX_yagA_predicted,0.5,1,1,ATAACCAAAGGTAGTTTGCT,0,4461723
yagB_insX_yagA_predicted,0.5,1,1,AGTTTGCTAGTGAAGGGATT,0,4444223
yagB_insX_yagA_predicted,0.5,1,1,AGTTGTTGCCTTCCCGGCGC,0,4445298
yagB_insX_yagA_predicted,0.5,1,1,AGTTGGGAAGGGGATTGCTG,0,4451009
yagB_insX_yagA_predicted,0.5,1,1,AGTTCCTAGCAAGCAAAGAC,0,4462041
yagB_insX_yagA_predicted,0.5,1,1,AGTTCCGAGTTCTCCATGGT,0,4461449
yagB_insX_yagA_predicted,0.5,1,1,AGTTCACGAAACTCCAGAGA,0,4452071
yagB_insX_yagA_predicted,0.5,1,1,AGTTAAACATTAGTACATAC,0,4458012
yagB_insX_yagA_predicted,0.5,1,1,AGTGCGGTGTGTGGATGCTA,0,4465679
yagB_insX_yagA_predicted,0.5,1,1,AGTGCGGTCTAGGATCCAGG,0,4458087
yagB_insX_yagA_predicted,0.5,1,1,AGTGCGCCAGGTGCCCTAAC,0,4454685
yagB_insX_yagA_predicted,0.5,1,1,AGTGCAGGCAGGTTGGGGCT,0,4465362
yagB_insX_yagA_predicted,0.5,1,1,AGTGCACGGGCTTCATTGCC,0,4455466
yagB_insX_yagA_predicted,0.5,1,1,AGTGAGCTCGTGTACATGAA,0,4461899
yagB_insX_yagA_predicted,0.5,1,1,AGTGAATGCCGGTACGGGAA,0,4443081
yagB_insX_yagA_predicted,0.5,1,1,AGTCCGTCATGGAGGTGGGT,0,4464529
yagB_insX_yagA_predicted,0.5,1,1,AGTCAGCCTTTGGCTGAATT,0,4457631
yagB_insX_yagA_predicted,0.5,1,1,AGTCAGCCCATTGGGGTACA,0,4436428
yagB_insX_yagA_predicted,0.5,1,1,AGTCAAACGGGAACAGAATG,0,4448419
yagB_insX_yagA_predicted,0.5,1,1,AGTATCTGACGGCAAACATC,0,4438207
yagB_insX_yagA_predicted,0.5,1,1,AGTAGTTTATCATGCTGGCT,0,4441570
yagB_insX_yagA_predicted,0.5,1,1,AGTAGTCACACCAGATCTAG,0,4447140
yagB_insX_yagA_predicted,0.5,1,1,AGTAGACTTCAGCCTCAGTC,0,4436280
yagB_insX_yagA_predicted,0.5,1,1,AGTACAAATAGGGAAAGCTC,0,4451389
yagB_insX_yagA_predicted,0.5,1,1,AGTAATTCCCAGTTGGATAA,0,4471971
yagB_insX_yagA_predicted,0.5,1,1,AGTAAGGGTAGCGAAGTAGA,0,4447903
yagB_insX_yagA_predicted,0.5,1,1,AGTAACTCGTGAAGATCGAC,0,4440173
yagB_insX_yagA_predicted,0.5,1,1,AGGTTCAGTATCCACAGCGT,0,4457177
yagB_insX_yagA_predicted,0.5,1,1,AGGTGCGGCATTACAAGGAC,0,4436826
yagB_insX_yagA_predicted,0.5,1,1,AGGTCACTTCTATAAATACT,0,4469983
yagB_insX_yagA_predicted,0.5,1,1,AGGTAGTGGAGGTGCAAGTT,0,4469231
yagB_insX_yagA_predicted,0.5,1,1,AGGGTACAAAGTGTCTTCTT,0,4438625
yagB_insX_yagA_predicted,0.5,1,1,AGGGTAACCGTGGGATTGGA,0,4463730
yagB_insX_yagA_predicted,0.5,1,1,AGGGGTCCCGCTTTACTATT,0,4461837
yagB_insX_yagA_predicted,0.5,1,1,AGGGCTTGCATTAACTGATA,0,4436452
yagB_insX_yagA_predicted,0.5,1,1,AGGGCTCAACGGGCAAAACA,0,4440722
yagB_insX_yagA_predicted,0.5,1,1,AGGGCGATGAGGACAGAAAC,0,4453977
yagB_insX_yagA_predicted,0.5,1,1,AGGGCATGTAACCCTCCCTC,0,4452236
yagB_insX_yagA_predicted,0.5,1,1,AGGGCAGGTGGAACGGTTAA,0,4469339
yagB_insX_yagA_predicted,0.5,1,1,AGGGAATTGTATTTTTTATA,0,4451580
yagB_insX_yagA_predicted,0.5,1,1,AGGCTTAGGTATACCTTTTC,0,4464790
yagB_insX_yagA_predicted,0.5,1,1,AGGCTGAGACGACCTGCCTC,0,4471438
yagB_insX_yagA_predicted,0.5,1,1,AGGCTCCCATTAGATTCGTA,0,4461911
yagB_insX_yagA_predicted,0.5,1,1,AGGCGTTGGGGGATTGAGTC,0,4461411
yagB_insX_yagA_predicted,0.5,1,1,AGGCCCATGGCCCCACACCC,0,4438897
yagB_insX_yagA_predicted,0.5,1,1,AGGCCCAGGTCGTATGAAAA,0,4437118
yagB_insX_yagA_predicted,0.5,1,1,AGGCCATGGGGCGGTGCTAA,0,4471969
yagB_insX_yagA_predicted,0.5,1,1,AGGAGGTTGCACGTTCTGAG,0,4462781
yagB_insX_yagA_predicted,0.5,1,1,AGGACGACACCTGATACTGA,0,4454813
yagB_insX_yagA_predicted,0.5,1,1,AGGAATGATATTATCATGGC,0,4445245
yagB_insX_yagA_predicted,0.5,1,1,AGGAACCCGCCACAAGAGGC,0,4460070
yagB_insX_yagA_predicted,0.5,1,1,AGGAAAAGCGGAATGTTCAT,0,4443491
yagB_insX_yagA_predicted,0.5,1,1,AGCTTCTCGAGAGCGCCCGA,0,4463259
yagB_insX_yagA_predicted,0.5,1,1,AGCTGTTGGATCAGGGGATC,0,4471184
yagB_insX_yagA_predicted,0.5,1,1,AGCTCGCATGCTCCCCGTGA,0,4444241
yagB_insX_yagA_predicted,0.5,1,1,AGCTAGTCGTTGGTCTATAA,0,4446341
yagB_insX_yagA_predicted,0.5,1,1,AGCTAGGTAGCGATGTAAAA,0,4460440
yagB_insX_yagA_predicted,0.5,1,1,AGCGTTAGCCTGACATTCGC,0,4448613
yagB_insX_yagA_predicted,0.5,1,1,AGCGGTTCGCAGTATATGCA,0,4443632
yagB_insX_yagA_predicted,0.5,1,1,AGCGGGTAACCACATCATAT,0,4442015
yagB_insX_yagA_predicted,0.5,1,1,AGCGCGACTTGTGCATCTGT,0,4463022
yagB_insX_yagA_predicted,0.5,1,1,AGCGAAGAATGGGACAAATT,0,4448490
yagB_insX_yagA_predicted,0.5,1,1,AGCCTGCATCGCCCTGGATC,0,4472313
yagB_insX_yagA_predicted,0.5,1,1,AGCCTCTATTCATATAATCT,0,4446570
yagB_insX_yagA_predicted,0.5,1,1,AGCCGTGGGTACCTAACAAC,0,4467634
yagB_insX_yagA_predicted,0.5,1,1,AGCCGTGAGTTAAAAGGTAC,0,4470513
yagB_insX_yagA_predicted,0.5,1,1,AGCATGGCTGCCCCGCAGTT,0,4454280
yagB_insX_yagA_predicted,0.5,1,1,AGCATACGTCTCTGCTACTT,0,4459983
yagB_insX_yagA_predicted,0.5,1,1,AGCAGCTCCCGACGTTGTTG,0,4455829
yagB_insX_yagA_predicted,0.5,1,1,AGCAGCCTGTCTGTAATGGT,0,4469583
yagB_insX_yagA_predicted,0.5,1,1,AGATTTACTGTTCTCACCCT,0,4440718
yagB_insX_yagA_predicted,0.5,1,1,AGATTGCTGATGCGTGTTGC,0,4445609
yagB_insX_yagA_predicted,0.5,1,1,AGATGCTCTTTCAGACAGCA,0,4459422
yagB_insX_yagA_predicted,0.5,1,1,AGATGCGGTCGTCTCGGATG,0,4455708
yagB_insX_yagA_predicted,0.5,1,1,AGATCCTAAATAGTGTTGAC,0,4454437
yagB_insX_yagA_predicted,0.5,1,1,AGATATGTAGCATTTGGATC,0,4437153
yagB_insX_yagA_predicted,0.5,1,1,AGATAAGGGTAGCCCTACAT,0,4447556
yagB_insX_yagA_predicted,0.5,1,1,AGAGTGTAGGGGCATCGATG,0,4462601
yagB_insX_yagA_predicted,0.5,1,1,AGAGGGTGGCTCCTATTGTT,0,4442288
yagB_insX_yagA_predicted,0.5,1,1,AGAGCCCGTATAAAACCGCG,0,4445341
yagB_insX_yagA_predicted,0.5,1,1,AGAGCCATAGAACGTTATCG,0,4438296
yagB_insX_yagA_predicted,0.5,1,1,AGAGACGGCTATTCCCATAA,0,4448458
yagB_insX_yagA_predicted,0.5,1,1,AGAGAATCTAGTTCATTGGA,0,4463321
yagB_insX_yagA_predicted,0.5,1,1,AGAATGCCTCAATACCGCTA,0,4468266
yagB_insX_yagA_predicted,0.5,1,1,AGAACCTTTTCAATCTTGCT,0,4445107
yagB_insX_yagA_predicted,0.5,1,1,AGAACAATTTCACCAAAGAG,0,4461577
yagB_insX_yagA_predicted,0.5,1,1,AGAACAATGTTGTCAGTGGA,0,4462587
yagB_insX_yagA_predicted,0.5,1,1,ACTTTACTGGCTTACCTTAT,0,4469468
yagB_insX_yagA_predicted,0.5,1,1,ACTTAGCTCAAAGAGGAGAG,0,4458430
yagB_insX_yagA_predicted,0.5,1,1,ACTGGGTTCAGCCCAACACT,0,4446403
yagB_insX_yagA_predicted,0.5,1,1,ACTGGATCGGGAGGTAGTCC,0,4444781
yagB_insX_yagA_predicted,0.5,1,1,ACTGCTCATGGAGGAAAACC,0,4464616
yagB_insX_yagA_predicted,0.5,1,1,ACTGCTAGTATTGATTTGTG,0,4465296
yagB_insX_yagA_predicted,0.5,1,1,ACTGCGTTGGCCGGGTCGGT,0,4443770
yagB_insX_yagA_predicted,0.5,1,1,ACTGCGCTCGAGATACCTTA,0,4471252
yagB_insX_yagA_predicted,0.5,1,1,ACTGCGACGGTCGCACCCTC,0,4467125
yagB_insX_yagA_predicted,0.5,1,1,ACTGCCAGAGAGGGTCAATT,0,4456017
yagB_insX_yagA_predicted,0.5,1,1,ACTCTGGCGGCACCCGGTAC,0,4450520
yagB_insX_yagA_predicted,0.5,1,1,ACTCTCTGGAGGCCGCGGAA,0,4461055
yagB_insX_yagA_predicted,0.5,1,1,ACTCTCCCGGGGTAATATTA,0,4449779
yagB_insX_yagA_predicted,0.5,1,1,ACTCGTCGAAACGAAAACAG,0,4458142
yagB_insX_yagA_predicted,0.5,1,1,ACTCCTACGGTCTGTCATAC,0,4470136
yagB_insX_yagA_predicted,0.5,1,1,ACTCCCTTCGTGCATACTAC,0,4439356
yagB_insX_yagA_predicted,0.5,1,1,ACTCATCTTCTCGGTACTCC,0,4446352
yagB_insX_yagA_predicted,0.5,1,1,ACTACCGTGCGTCCATGTAC,0,4441778
yagB_insX_yagA_predicted,0.5,1,1,ACTACAGCATATTACGAGTC,0,4437616
yagB_insX_yagA_predicted,0.5,1,1,ACTAATCCCCGTTTGCAGTG,0,4445360
yagB_insX_yagA_predicted,0.5,1,1,ACGTGGTCGTTTTACTCCAT,0,4443505
yagB_insX_yagA_predicted,0.5,1,1,ACGTGGCGACTGGACTTTAA,0,4441402
yagB_insX_yagA_predicted,0.5,1,1,ACGTCAATTGGTTTTCATAA,0,4472307
yagB_insX_yagA_predicted,0.5,1,1,ACGTCAATCATCATTCGCAA,0,4450007
yagB_insX_yagA_predicted,0.5,1,1,ACGTATTATCTACTATGTTG,0,4470273
yagB_insX_yagA_predicted,0.5,1,1,ACGTATCGCTCGGACTGTAT,0,4456134
yagB_insX_yagA_predicted,0.5,1,1,ACGGGCAGTACATAGGAAGC,0,4446354
yagB_insX_yagA_predicted,0.5,1,1,ACGCTCTACTATTAATATTA,0,4454790
yagB_insX_yagA_predicted,0.5,1,1,ACGCCTCTGCAAGTTGTCAA,0,4441171
yagB_insX_yagA_predicted,0.5,1,1,ACGCCGGTTACAGGTTCCGG,0,4457758
yagB_insX_yagA_predicted,0.5,1,1,ACGCACCGGGAACTGAGAAA,0,4456405
yagB_insX_yagA_predicted,0.5,1,1,ACGATCTTCGTGCGTGCACT,0,4459000
yagB_insX_yagA_predicted,0.5,1,1,ACGATCCCTGGCAGAGTTCA,0,4442157
yagB_insX_yagA_predicted,0.5,1,1,ACGATATATTTTACACTCCA,0,4466260
yagB_insX_yagA_predicted,0.5,1,1,ACGACGAGGTTAGTTCGATT,0,4466679
yagB_insX_yagA_predicted,0.5,1,1,ACGACCGGCGGTTCTACGAC,0,4447447
yagB_insX_yagA_predicted,0.5,1,1,ACGAATTTCGTCCGGATTGT,0,4469555
yagB_insX_yagA_predicted,0.5,1,1,ACGAACTGGAGTAGGTTATT,0,4449389
yagB_insX_yagA_predicted,0.5,1,1,ACGAACCACAGAGCACGGAT,0,4462289
yagB_insX_yagA_predicted,0.5,1,1,ACGAAATCTCATTCCCGGCA,0,4449801
yagB_insX_yagA_predicted,0.5,1,1,ACGAAAATGCCATGTAACGC,0,4468632
yagB_insX_yagA_predicted,0.5,1,1,ACCTGAACGCTGTGATAGCA,0,4457745
yagB_insX_yagA_predicted,0.5,1,1,ACCTCTTTTGACGCACTGCG,0,4450128
yagB_insX_yagA_predicted,0.5,1,1,ACCTCGAAAGGTAGGCCCCA,0,4442522
yagB_insX_yagA_predicted,0.5,1,1,ACCTATTCCAGACACTGCTA,0,4443137
yagB_insX_yagA_predicted,0.5,1,1,ACCGTACGGAGGGTGGAGAA,0,4466528
yagB_insX_yagA_predicted,0.5,1,1,ACCGGGTCTACATAAAGCAG,0,4443214
yagB_insX_yagA_predicted,0.5,1,1,ACCGGGCACGTTGATCTTTT,0,4448193
yagB_insX_yagA_predicted,0.5,1,1,ACCGCACCCTGCGGAGTCTT,0,4458296
yagB_insX_yagA_predicted,0.5,1,1,ACCGACTGTCACGCGACACA,0,4446105
yagB_insX_yagA_predicted,0.5,1,1,ACCCTTATGGATAGGGGACG,0,4440757
yagB_insX_yagA_predicted,0.5,1,1,ACCCTGTACTTATTTCATAG,0,4470860
yagB_insX_yagA_predicted,0.5,1,1,ACCCGCTTAGCGAATTGTGT,0,4471892
yagB_insX_yagA_predicted,0.5,1,1,ACCCGCCAAGCGTTTCGCAA,0,4453880
yagB_insX_yagA_predicted,0.5,1,1,ACCCGAGGAACGTGGGTCAC,0,4466642
yagB_insX_yagA_predicted,0.5,1,1,ACCCCACATTCACACCTAGA,0,4447221
yagB_insX_yagA_predicted,0.5,1,1,ACCCATTGGGGGCATAGAGT,0,4462891
yagB_insX_yagA_predicted,0.5,1,1,ACCCATGGATGTAAGAAGGG,0,4443565
yagB_insX_yagA_predicted,0.5,1,1,ACCCACGTCCGTTCTAATTG,0,4439119
yagB_insX_yagA_predicted,0.5,1,1,ACCCAAGATCCTGCGCTTTG,0,4467641
yagB_insX_yagA_predicted,0.5,1,1,ACCATTGAATAGTGAAGTGC,0,4465807
yagB_insX_yagA_predicted,0.5,1,1,ACCATCAGCCAAGTAGCACA,0,4448939
yagB_insX_yagA_predicted,0.5,1,1,ACCAGTCATCCTCCTTAAAG,0,4458914
yagB_insX_yagA_predicted,0.5,1,1,ACCAATCTGGAACCAGGCTA,0,4438530
yagB_insX_yagA_predicted,0.5,1,1,ACATTGTCTAATGCTCAAAA,0,4453011
yagB_insX_yagA_predicted,0.5,1,1,ACATTACATGGGAGTAAATA,0,4468337
yagB_insX_yagA_predicted,0.5,1,1,ACATCGTCAGTTGGCAATTT,0,4467819
yagB_insX_yagA_predicted,0.5,1,1,ACATCCGACTGCGAGGAGAG,0,4465920
yagB_insX_yagA_predicted,0.5,1,1,ACATCCACGTCAACAGGGAA,0,4449278
yagB_insX_yagA_predicted,0.5,1,1,ACATAACATCCTGTATGGAC,0,4446482
yagB_insX_yagA_predicted,0.5,1,1,ACAGTGTCAGTCTGCGTTTG,0,4446592
yagB_insX_yagA_predicted,0.5,1,1,ACAGTGAGCGAGCGGGCGTT,0,4446826
yagB_insX_yagA_predicted,0.5,1,1,ACAGTCAGGGATTGTCTATT,0,4454562
yagB_insX_yagA_predicted,0.5,1,1,ACAGGGGGGACACTGCATGT,0,4451581
yagB_insX_yagA_predicted,0.5,1,1,ACAGGGCAGCTCGTCTATGA,0,4439927
yagB_insX_yagA_predicted,0.5,1,1,ACAGCCGGGCGGCACCGATC,0,4454510
yagB_insX_yagA_predicted,0.5,1,1,ACAGCCACGCGTAAAAGGCG,0,4460085
yagB_insX_yagA_predicted,0.5,1,1,ACAGCAATATATATGGTCAA,0,4455798
yagB_insX_yagA_predicted,0.5,1,1,ACACTTATCGGGTTTCCCTG,0,4453164
yagB_insX_yagA_predicted,0.5,1,1,ACACGGTTTGCTATAGTGAC,0,4451153
yagB_insX_yagA_predicted,0.5,1,1,ACACCACTGTTGAGCCGCAG,0,4460123
yagB_insX_yagA_predicted,0.5,1,1,ACACCACACCAGCTGCCGGG,0,4454367
yagB_insX_yagA_predicted,0.5,1,1,ACAATGCCAGGATTACTGTT,0,4453218
yagB_insX_yagA_predicted,0.5,1,1,ACAAGTTGTGATGAGATTAT,0,4441052
yagB_insX_yagA_predicted,0.5,1,1,ACAAGATTTAAAGGGCCGGT,0,4447378
yagB_insX_yagA_predicted,0.5,1,1,ACAACGTATTGCCGTACAGC,0,4453523
yagB_insX_yagA_predicted,0.5,1,1,ACAAAATTGGCTCATACGAG,0,4449964
yagB_insX_yagA_predicted,0.5,1,1,AATTGTCATACAACAGCGGG,0,4463325
yagB_insX_yagA_predicted,0.5,1,1,AATTGCGGTTTGTCTACGTC,0,4441141
yagB_insX_yagA_predicted,0.5,1,1,AATTGCCGAGACTCTGTGCA,0,4448518
yagB_insX_yagA_predicted,0.5,1,1,AATTCGCCGGCTGAGCAATC,0,4454866
yagB_insX_yagA_predicted,0.5,1,1,AATTCCGCCTACAAACGAGG,0,4453582
yagB_insX_yagA_predicted,0.5,1,1,AATTCCCCCATACCGTACCA,0,4467473
yagB_insX_yagA_predicted,0.5,1,1,AATGTGCCAAGATAACTATA,0,4468675
yagB_insX_yagA_predicted,0.5,1,1,AATGGTCCGAAGGTGATTTG,0,4438104
yagB_insX_yagA_predicted,0.5,1,1,AATGCGCTGCTATAAGGCAC,0,4447605
yagB_insX_yagA_predicted,0.5,1,1,AATGAGTTGGGGGGCAATCT,0,4447515
yagB_insX_yagA_predicted,0.5,1,1,AATGAGAGTTGGGGATTCAC,0,4463413
yagB_insX_yagA_predicted,0.5,1,1,AATGACGCAGTGGCCCCTAT,0,4456091
yagB_insX_yagA_predicted,0.5,1,1,AATCTCTCCACACGTCAGCG,0,4440993
yagB_insX_yagA_predicted,0.5,1,1,AATCTCTAGTGTGTTGAATT,0,4466986
yagB_insX_yagA_predicted,0.5,1,1,AATCGGATTTCCAGGCGAGG,0,4468996
yagB_insX_yagA_predicted,0.5,1,1,AATCCGATGACTATACCGAC,0,4465716
yagB_insX_yagA_predicted,0.5,1,1,AATCCAATGGATGAATAGAC,0,4461932
yagB_insX_yagA_predicted,0.5,1,1,AATCCAAGGGCACTATAGTC,0,4454987
yagB_insX_yagA_predicted,0.5,1,1,AATCACTTCTATGATATGCG,0,4438434
yagB_insX_yagA_predicted,0.5,1,1,AATAGCGTAGAGCAAGTGCG,0,4467414
yagB_insX_yagA_predicted,0.5,1,1,AATACGAGGACTTGTACGCA,0,4469542
yagB_insX_yagA_predicted,0.5,1,1,AATACAGGACTCATTAAGCT,0,4442991
yagB_insX_yagA_predicted,0.5,1,1,AATAATGTTATGCATAAAGT,0,4457238
yagB_insX_yagA_predicted,0.5,1,1,AATAAGAAAGACACATGTTA,0,4438913
yagB_insX_yagA_predicted,0.5,1,1,AATAACAAATAAGGGAGTGG,0,4462161
yagB_insX_yagA_predicted,0.5,1,1,AAGTTGTGTTGGCCTCCGAT,0,4437025
yagB_insX_yagA_predicted,0.5,1,1,AAGTTGGATGGACCTGCGGT,0,4469640
yagB_insX_yagA_predicted,0.5,1,1,AAGTTGATTGCTGCCATCCG,0,4447822
yagB_insX_yagA_predicted,0.5,1,1,AAGTTCTTTATTGCGAGAAC,0,4446528
yagB_insX_yagA_predicted,0.5,1,1,AAGTGGATCCGAATAAGAGA,0,4438642
yagB_insX_yagA_predicted,0.5,1,1,AAGTGGAATCGGGACAGGAG,0,4463318
yagB_insX_yagA_predicted,0.5,1,1,AAGTGCCACAGTCCCGAAAA,0,4449840
yagB_insX_yagA_predicted,0.5,1,1,AAGTCTGCCTTAACCAGACA,0,4437876
yagB_insX_yagA_predicted,0.5,1,1,AAGTCTCAGTCCAGCCATAC,0,4454083
yagB_insX_yagA_predicted,0.5,1,1,AAGTCCCGCTCATTTGGGGT,0,4442741
yagB_insX_yagA_predicted,0.5,1,1,AAGTATTCTTCGGGATGGAG,0,4461465
yagB_insX_yagA_predicted,0.5,1,1,AAGTAATGGGAACTCATGTT,0,4450574
yagB_insX_yagA_predicted,0.5,1,1,AAGGTAGCTGTTCGCGGGGG,0,4469197
yagB_insX_yagA_predicted,0.5,1,1,AAGGTAGCCTTAGAGTGTTA,0,4440043
yagB_insX_yagA_predicted,0.5,1,1,AAGGGTTCTGATCCGTGTTT,0,4445027
yagB_insX_yagA_predicted,0.5,1,1,AAGGGGGTCCTATGTCAGTA,0,4439384
yagB_insX_yagA_predicted,0.5,1,1,AAGGGCGCCACACTCCGACT,0,4462960
yagB_insX_yagA_predicted,0.5,1,1,AAGGGCAATTATAGGTCGTA,0,4449286
yagB_insX_yagA_predicted,0.5,1,1,AAGGGACGTCGAGGAGTCCA,0,4462182
yagB_insX_yagA_predicted,0.5,1,1,AAGGCGTAGGCGTCACGATT,0,4449882
yagB_insX_yagA_predicted,0.5,1,1,AAGGATGTCCTGGGACGCAG,0,4453401
yagB_insX_yagA_predicted,0.5,1,1,AAGGAACACGGGCACATTGG,0,4451909
yagB_insX_yagA_predicted,0.5,1,1,AAGCTGGTCCACTCTGTTTA,0,4441347
yagB_insX_yagA_predicted,0.5,1,1,AAGCTGATGGTCAAATCTAG,0,4437369
yagB_insX_yagA_predicted,0.5,1,1,AAGCGCTTAGATCCTTCTTC,0,4460744
yagB_insX_yagA_predicted,0.5,1,1,AAGCGATTCCCTAAAAGCTG,0,4438667
yagB_insX_yagA_predicted,0.5,1,1,AAGATCGGACTCTCTAAACC,0,4448570
yagB_insX_yagA_predicted,0.5,1,1,AAGACTGTCGGCCTTATTTT,0,4467101
yagB_insX_yagA_predicted,0.5,1,1,AAGACCTGGGCCACCCCTGG,0,4465561
yagB_insX_yagA_predicted,0.5,1,1,AAGACCAAGAGTCTGTCGTG,0,4447983
yagB_insX_yagA_predicted,0.5,1,1,AAGACAGCGGCTAAAGTTAT,0,4459978
yagB_insX_yagA_predicted,0.5,1,1,AAGACAGCCCTGGACTGTTT,0,4471885
yagB_insX_yagA_predicted,0.5,1,1,AAGAACTATTGGTAGAATTC,0,4450957
yagB_insX_yagA_predicted,0.5,1,1,AAGAACCCAGCCGAGGGGCG,0,4469236
yagB_insX_yagA_predicted,0.5,1,1,AACTGGTACCGCCGCTTTGT,0,4458623
yagB_insX_yagA_predicted,0.5,1,1,AACTGGCGTGGGGATTGGAC,0,4439575
yagB_insX_yagA_predicted,0.5,1,1,AACTCTTATGCCACTCGCTA,0,4466111
yagB_insX_yagA_predicted,0.5,1,1,AACTCAGGAGCTACGCTATA,0,4456671
yagB_insX_yagA_predicted,0.5,1,1,AACTAGACTTCTTTGCGTAT,0,4443259
yagB_insX_yagA_predicted,0.5,1,1,AACGTTGTCTAGCCCTTTGG,0,4467725
yagB_insX_yagA_predicted,0.5,1,1,AACGTCCAGTTAAGCATCGT,0,4448757
yagB_insX_yagA_predicted,0.5,1,1,AACGGCAGTTTACATATCCT,0,4471302
yagB_insX_yagA_predicted,0.5,1,1,AACGCCCGGTGTGTCATGCT,0,4438980
yagB_insX_yagA_predicted,0.5,1,1,AACGAGTAAACGCGCTCCCA,0,4438425
yagB_insX_yagA_predicted,0.5,1,1,AACCTCGTGAGCTTATCATG,0,4448141
yagB_insX_yagA_predicted,0.5,1,1,AACCCCTTCAATAATCACTT,0,4462114
yagB_insX_yagA_predicted,0.5,1,1,AACCATTGTAAGAATGCTTA,0,4463224
yagB_insX_yagA_predicted,0.5,1,1,AACCATACGTAGGCCTGAAT,0,4451070
yagB_insX_yagA_predicted,0.5,1,1,AACATGTCTATTTAATCCAT,0,4457905
yagB_insX_yagA_predicted,0.5,1,1,AACATGGAGATGTGTAACAC,0,4442121
yagB_insX_yagA_predicted,0.5,1,1,AACATCCATCAACACTCGTA,0,4439428
yagB_insX_yagA_predicted,0.5,1,1,AACATACTACTGTATTCATA,0,4452298
yagB_insX_yagA_predicted,0.5,1,1,AACAGTAACGTTTTCGGCCC,0,4447444
yagB_insX_yagA_predicted,0.5,1,1,AACACTGTAGCATCAGGCTG,0,4469992
yagB_insX_yagA_predicted,0.5,1,1,AACAAGCTATACCCCAGTCA,0,4455123
yagB_insX_yagA_predicted,0.5,1,1,AAATGCGCATAAGTCTCCAC,0,4445052
yagB_insX_yagA_predicted,0.5,1,1,AAATCTCAAAATAGCCGGCG,0,4443901
yagB_insX_yagA_predicted,0.5,1,1,AAAGTTGGCCATAGGCCCAA,0,4470744
yagB_insX_yagA_predicted,0.5,1,1,AAAGTTGCAAGTGACATGCA,0,4447446
yagB_insX_yagA_predicted,0.5,1,1,AAAGTGTCTAATTGGATGTC,0,4458030
yagB_insX_yagA_predicted,0.5,1,1,AAAGGACATGTATTTCGAAG,0,4470223
yagB_insX_yagA_predicted,0.5,1,1,AAAGCTTACTTCATGGCCCT,0,4450335
yagB_insX_yagA_predicted,0.5,1,1,AAAGCTGTAAGCGCTCGGCG,0,4443653
yagB_insX_yagA_predicted,0.5,1,1,AAAGCGTACTTTGGATCTAA,0,4463163
yagB_insX_yagA_predicted,0.5,1,1,AAAGCGGTCGCGTTACCCCC,0,4462435
yagB_insX_yagA_predicted,0.5,1,1,AAAGAGAATCGACGCCTCCT,0,4465103
yagB_insX_yagA_predicted,0.5,1,1,AAAGAAATTTAAATCCCAGC,0,4455113
yagB_insX_yagA_predicted,0.5,1,1,AAACAACCAGCTATATCTTG,0,4438068
yagB_insX_yagA_predicted,0.5,1,1,AAACAAAAGTTACTGACGGG,0,4464546
yagB_insX_yagA_predicted,0.5,1,1,AAAATTTTTCGTTGCCACTG,0,4449750
yagB_insX_yagA_predicted,0.5,1,1,AAAATGCTCGAATGGGTATT,0,4469195
yagB_insX_yagA_predicted,0.5,1,1,AAAATCATGCCGGTCTCCGT,0,4466819
yagB_insX_yagA_predicted,0.5,1,1,AAAATATGGGATCTCTGTGC,0,4458242
yagB_insX_yagA_predicted,0.5,1,1,AAAAGCACGTAAACTCCTTG,0,4462802
yagB_insX_yagA_predicted,0.5,1,1,AAAACGGGGCAGAAGGAGGT,0,4439908
yagB_insX_yagA_predicted,382.0,381,0,ACGACGAGCGACCGTATGCT,381,4440394
yagB_insX_yagA_predicted,377.0,376,0,AAATGAGCGACGTTTAGATA,376,4455256
yagB_insX_yagA_predicted,342.0,341,0,TCCTTGTTCAACCGTTTGAA,341,4441759
yagB_insX_yagA_predicted,332.0,331,0,GAGGGGCAGGTTGATCTCCT,331,4436063
yagB_insX_yagA_predicted,309.0,308,0,GCATTCAGCCACAGTGTTAT,308,4444078
yagB_insX_yagA_predicted,263.0,262,0,ATGTTGCAATGTTTAAACCT,262,4443725
yagB_insX_yagA_predicted,166.0,165,0,CGCACAAAATGACAGCCATA,165,4466698
yagB_insX_yagA_predicted,140.0,139,0,TGGGGTACGCTCTCGTGAGT,139,4466573
yagB_insX_yagA_predicted,134.0,133,0,AGCCATCTCATAAGCGCTTT,133,4453510
yagB_insX_yagA_predicted,103.0,102,0,CTCCTCCGAGTCGTATCTGC,102,4464776
yagB_insX_yagA_predicted,101.0,100,0,GTAAGTTGTTCAAATGTGGT,100,4471731
yagB_insX_yagA_predicted,6.0,5,0,GATTCGCCTCCCCCAAGAGT,5,4450646
yagB_insX_yagA_predicted,2.0,1,0,TTTTTTAGAAGCACAGGGCT,1,4459547
yagB_insX_yagA_predicted,2.0,1,0,TTGGAGCGAGTTACGAGGGA,1,4436070
yagB_insX_yagA_predicted,2.0,1,0,TTACGATCTGACGTTATCTG,1,4441951
yagB_insX_yagA_predicted,2.0,1,0,TGTTGAAGAGAACTCTTTTT,1,4451871
yagB_insX_yagA_predicted,2.0,1,0,TGGTGGGTAATTACGGGCAG,1,4439435
yagB_insX_yagA_predicted,2.0,1,0,TCTTGCAGTCCGGCGTGACT,1,4454313
yagB_insX_yagA_predicted,2.0,1,0,TCGGGTCTCCGGCTCGCCCC,1,4443604
yagB_insX_yagA_predicted,2.0,1,0,TCAGACTCACACCTTGCTAA,1,4459692
yagB_insX_yagA_predicted,2.0,1,0,TATCGTACCAAGGTGTTAGG,1,4445728
yagB_insX_yagA_predicted,2.0,1,0,TACTTCCTCATAGGGATTTT,1,4457798
yagB_insX_yagA_predicted,2.0,1,0,TAATCACCCAGACTTGCCTC,1,4466625
yagB_insX_yagA_predicted,2.0,1,0,GCTAATCCGTGGAGGTTGGC,1,4467230
yagB_insX_yagA_predicted,2.0,1,0,GCCTGGGGGGACCAGCCGCA,1,4459056
yagB_insX_yagA_predicted,2.0,1,0,GCAACACCGCTTGCCTTTCT,1,4442400
yagB_insX_yagA_predicted,2.0,1,0,CTGCATCAGGGTCGCAATGG,1,4457871
yagB_insX_yagA_predicted,2.0,1,0,CTCCACCGGCTTCCTCTAGG,1,4461948
yagB_insX_yagA_predicted,2.0,1,0,CGGCAGGCAGCATGCCAGCC,1,4450579
yagB_insX_yagA_predicted,2.0,1,0,CCATTAGCGCGCGGATAGTA,1,4438097
yagB_insX_yagA_predicted,2.0,1,0,ATGCGTTTCTGGTGTCGTAT,1,4466266
yagB_insX_yagA_predicted,2.0,1,0,ACGTGCGAGGCCAAATAGAC,1,4460946
