name,relative_counts,ct,ct_0,barcode,ct_1,barcode_ind
ompRp3,0.024844720496894408,163,160,GCCGTTCAGCGTTGTGATTA,3,2860984
ompRp3,3.2,523,124,TACTAGGGACGCTAATCCCC,399,2900615
ompRp3,0.034782608695652174,117,114,CTGGGCAAGTACTCCGGAAG,3,2860834
ompRp3,0.6576576576576577,182,110,GAAACGTAAGGGATAGAAGT,72,2894880
ompRp3,0.020618556701030927,97,96,CGAAAGCGAAAGGGTTGTAA,1,2886368
ompRp3,5.130434782608695,562,91,GGATGTACTCCCCCCGGTCC,471,2901527
ompRp3,0.02247191011235955,89,88,TGCATATTGGTTCCTTAAGG,1,2860867
ompRp3,0.2840909090909091,111,87,CACCACTGCAGCGAACCTAA,24,2877177
ompRp3,0.024096385542168676,83,82,GTCCTCTTTAGTCTGACGAG,1,2867498
ompRp3,2.0121951219512195,245,81,CGGTAAGCAGTGTAAGGCCA,164,2861201
ompRp3,2.493827160493827,281,80,CCTAGTATCAAGTAAGGAAG,201,2888105
ompRp3,3.7625,379,79,TTAACTCTACCGGTATCTGT,300,2862786
ompRp3,0.025,80,79,TGATGCCATTATAGTGTAGA,1,2869756
ompRp3,0.65,130,79,ACGTAGCCACCTCGTAGTAA,51,2874002
ompRp3,0.038461538461538464,79,77,ATCCGGTGACTTATTCTGTA,2,2877966
ompRp3,3.460526315789474,337,75,CGCCTGGTAATCGCGGGTTG,262,2872423
ompRp3,0.0273972602739726,73,72,CCGTTAGGGAGCCACGTCCA,1,2867459
ompRp3,0.05555555555555555,74,71,TAGCCTCGTGTAACTTTCGA,3,2885134
ompRp3,1.6056338028169015,183,70,CCTCCCGCCGACACCAGCGA,113,2861466
ompRp3,0.04285714285714286,71,69,AACTCACTTAGGGTTATTTA,2,2872787
ompRp3,0.028985507246376812,69,68,TAGCGCATCACTATCGTGAT,1,2882886
ompRp3,0.9565217391304348,133,68,GGACAGCCGTATTTCGGGCT,65,2866591
ompRp3,1.4852941176470589,167,67,AGCCCATACAATTAGCGATT,100,2898137
ompRp3,0.34328358208955223,88,66,ACGGCTAACTGCGTTGGATA,22,2871948
ompRp3,0.06060606060606061,68,65,GCAACTCCTCAATGTTCGCG,3,2871848
ompRp3,2.803030303030303,249,65,CACAAGTGGTTCATTAGGCA,184,2866508
ompRp3,0.030303030303030304,66,65,ATTGCACTCGGATTCCTGTC,1,2891697
ompRp3,0.48484848484848486,96,65,ACCAATACGGGCCGCCCCCA,31,2872202
ompRp3,5.6,427,64,AGAACCACGCGTACTTACAG,363,2861705
ompRp3,0.06153846153846154,67,64,ACACTTTTCCCAAGGTTGAT,3,2861383
ompRp3,0.03125,64,63,CACGCGCGCCACGCAAACAT,1,2866130
ompRp3,1.203125,139,63,ACGAATGGAGTTCCCCGTTC,76,2886996
ompRp3,6.412698412698413,465,62,TCAGCGTTTTTGTTCGGGAG,403,2897595
ompRp3,4.758064516129032,355,61,CTGGTCTGCTATGCTGCTAC,294,2891556
ompRp3,0.03278688524590164,61,60,TCGTGCGGGCAGAGTCGGGG,1,2877212
ompRp3,4.573770491803279,338,60,TATGACTTTAGCGACGTTAA,278,2883820
ompRp3,0.03278688524590164,61,60,CGCCCACCCAACGGTCATCA,1,2897355
ompRp3,4.065573770491803,307,60,CAAGTAGTAAGTGCCCGCCT,247,2870245
ompRp3,10.9,712,59,TAGGTTTTGATCACATGCAT,653,2892813
ompRp3,0.03333333333333333,60,59,GATCGCGCGGGATTATCAGT,1,2873354
ompRp3,0.03389830508474576,59,58,GTTAGCAAACGTAACCTAGT,1,2870971
ompRp3,3.864406779661017,285,58,GAAGGTGTCACTGTTCGTAA,227,2870159
ompRp3,0.05172413793103448,59,57,TGTGGAAGTCCGAATCTCAG,2,2907480
ompRp3,0.03508771929824561,57,56,AGACTGTGGAGAAAGAGAAA,1,2872425
ompRp3,0.03571428571428571,56,55,AAAACCCTCCGGATGCCAAG,1,2878971
ompRp3,0.42592592592592593,75,53,TCGTCCTAGAAAATCTTTCG,22,2895583
ompRp3,4.111111111111111,274,53,CGCTACGGGCTATATCCATG,221,2901053
ompRp3,4.509433962264151,290,52,TTTGCGAGTAATGAATATAG,238,2902822
ompRp3,2.0754716981132075,161,52,GATGCGTGCCCTCTGACAAG,109,2874642
ompRp3,0.038461538461538464,52,51,TCGGCTGATCGTATTGCATT,1,2866365
ompRp3,0.038461538461538464,52,51,TAACGCTCGAGTTGTCAATT,1,2868015
ompRp3,1.8653846153846154,147,51,GTGTTCGTTAATTTTCTAAA,96,2894175
ompRp3,5.480769230769231,335,51,GGTAGAACGCGGAAATACCA,284,2895829
ompRp3,6.826923076923077,405,51,CATATGCGAGATCGAGCCAT,354,2871534
ompRp3,0.038461538461538464,52,51,ACTGGCGGGTTACAGACGGA,1,2863718
ompRp3,0.0392156862745098,51,50,GCAGCCTCTTGGAACCACTT,1,2882865
ompRp3,3.784313725490196,242,50,CATCCGACCTCCGATGCGAT,192,2866364
ompRp3,0.0392156862745098,51,50,AAAATAATAAGGCCACCATT,1,2863997
ompRp3,1.98,147,49,TCTCGCTAGTAAGTGTGCGA,98,2899454
ompRp3,3.56,226,49,TCACTCGTTAATCGTTTATA,177,2867186
ompRp3,0.4,68,49,GTCCCCTACAGGACCCTATG,19,2862890
ompRp3,0.06,51,49,GTACGCCCGAGGTAAGGGTG,2,2895980
ompRp3,4.08,252,49,CTCAAACAAGGATCTTAGCC,203,2906811
ompRp3,0.06,51,49,CCTTACCATTACACGGAAAT,2,2866980
ompRp3,0.04,50,49,AAGAAGGACCAGTGGAGTCG,1,2885540
ompRp3,2.0816326530612246,149,48,TTACTCTAAGAAAGGTGTAA,101,2891386
ompRp3,0.04081632653061224,49,48,CGTCGCGTGGATACAACGGA,1,2881880
ompRp3,0.04081632653061224,49,48,CCGAGAAGACTCTTGCTGCA,1,2880457
ompRp3,5.775510204081633,330,48,AGAATAGTTTCCCATGAATG,282,2898119
ompRp3,2.7916666666666665,180,47,TCCCTCACGCACTATGCTAA,133,2877903
ompRp3,5.291666666666667,300,47,TAATCCCGTCTGGTGCATCA,253,2862576
ompRp3,1.4166666666666667,114,47,GAAAGATTTAGGTGCACGTT,67,2891519
ompRp3,0.0625,49,47,CTTGTACGAACCAGAACCCA,2,2862458
ompRp3,0.0625,49,47,CCGTCTGGATTGAGGAGCTA,2,2875211
ompRp3,0.5,70,47,CCAGTGCAGGTGGGCAATGA,23,2899267
ompRp3,0.041666666666666664,48,47,ATCACAGTACGAGGGTTCTT,1,2870111
ompRp3,17.375,880,47,AGGAGAACCGACTATGATTG,833,2900819
ompRp3,7.333333333333333,398,47,AGAGGCATTGCTGGAGACAC,351,2900538
ompRp3,1.1458333333333333,101,47,AAGCCGGATATTGCTCCCAC,54,2864417
ompRp3,6.8936170212765955,369,46,CGTCCGACTGTTAAATGTGA,323,2865836
ompRp3,3.9574468085106385,231,46,CATGCAGATACCCCTGTTGA,185,2878569
ompRp3,7.23404255319149,385,46,AGGTTGATGTGATTACGATA,339,2886409
ompRp3,1.2391304347826086,101,45,TAATTTTACTGCATACTAAT,56,2868198
ompRp3,6.804347826086956,357,45,GCTCAGTCAGTTAGCGACCA,312,2898816
ompRp3,0.043478260869565216,46,45,CTGGACCCAGGTTCGTGAAA,1,2887286
ompRp3,0.06521739130434782,47,45,CTATACAGCCTGATGGTCAT,2,2906167
ompRp3,5.673913043478261,305,45,CCTCTTGTAAGCGAAGATTG,260,2872033
ompRp3,0.043478260869565216,46,45,CAAGGAACGGGGTAGGATTA,1,2881821
ompRp3,8.41304347826087,431,45,ATTATAGTGATGGCACAGAG,386,2883737
ompRp3,7.2444444444444445,369,44,TGCGTAGTAAATCTTACTGA,325,2868283
ompRp3,3.3777777777777778,195,44,GTGAGTGTCAAACCGTGTGG,151,2901863
ompRp3,3.022222222222222,179,44,AGGCGACTTCGTTCTCCTAC,135,2902945
ompRp3,2.840909090909091,167,43,CGACGTGGAATTCGCCGATT,124,2861047
ompRp3,0.045454545454545456,44,43,AGTTGCACTTTCCTACGTCA,1,2863331
ompRp3,5.590909090909091,288,43,AGGATGGTGTTTATTTCAAA,245,2860861
ompRp3,0.045454545454545456,44,43,ACTTACGGCAGATTCGGTGT,1,2882328
ompRp3,12.25,581,43,ACTAGATGATGGGGTCGTTG,538,2904321
ompRp3,0.045454545454545456,44,43,ACCCTAGTACTGGTTTAAGA,1,2905762
ompRp3,0.046511627906976744,43,42,TGCGCTGCCGGCCCATCATG,1,2863415
ompRp3,0.046511627906976744,43,42,TGCCCTGGGCACCGGCCAGA,1,2904159
ompRp3,6.767441860465116,332,42,GTTTACGGCACGTTGACCAC,290,2876063
ompRp3,3.2093023255813953,179,42,GTATGTATGACCCCCTATGA,137,2877214
ompRp3,0.06976744186046512,44,42,GGTTTCCATGTGATGAGACC,2,2863826
ompRp3,5.930232558139535,296,42,GACCGCAAAGGGCAGGGCCT,254,2880013
ompRp3,12.953488372093023,598,42,CTGCGAGCTTCACGCTTGGG,556,2899234
ompRp3,0.046511627906976744,43,42,CGGAGTTACTTCATGACCTG,1,2862596
ompRp3,0.7906976744186046,75,42,CCACGGATGCTAGTATCATT,33,2906370
ompRp3,0.046511627906976744,43,42,CACATTTGCATTTCAGGGAC,1,2892286
ompRp3,13.093023255813954,604,42,ATTTAAGGCGAAAACGCGTC,562,2883884
ompRp3,0.046511627906976744,43,42,AGGGGGAAAATTTGCATTTC,1,2887075
ompRp3,7.9523809523809526,374,41,TAGGTACGTTTAGGCTAAGC,333,2895849
ompRp3,0.047619047619047616,42,41,GCGACTGGTGCTTTCGCATA,1,2900293
ompRp3,0.047619047619047616,42,41,GATGGGGATGCTATGGGGAT,1,2867080
ompRp3,6.833333333333333,327,41,CGGGCTCACTTCGGCATTGT,286,2864815
ompRp3,8.142857142857142,382,41,CCGCGTCACCTTTCACCTAT,341,2898348
ompRp3,0.047619047619047616,42,41,CATGGGCTAAGGTCTATTTT,1,2898581
ompRp3,5.476190476190476,270,41,ATGGTACTTTGCACTGGGAG,229,2879869
ompRp3,9.0,418,41,ATCCTGTAAGAACGGTTAAT,377,2862495
ompRp3,0.04878048780487805,41,40,TTGCGGTGTTAAACTTTGCA,1,2890799
ompRp3,0.04878048780487805,41,40,TCGAGGAGCTGCCTCAAAGA,1,2866100
ompRp3,0.07317073170731707,42,40,GGCTGTGACTTGACACTGGG,2,2879853
ompRp3,0.04878048780487805,41,40,GGCGCACCGGCTTAATCCTA,1,2879083
ompRp3,5.341463414634147,258,40,GGACGAAGGTAATTAATGTA,218,2900697
ompRp3,0.04878048780487805,41,40,GCAATTGCGAATTGAAAATG,1,2904560
ompRp3,5.0,244,40,CTAGGGGTTTCACTTCAACT,204,2878363
ompRp3,0.04878048780487805,41,40,CGCCTGACGAAGCACGGGTG,1,2900497
ompRp3,1.1951219512195121,88,40,CCCGCACTGTGAGCATGTTA,48,2865316
ompRp3,0.07317073170731707,42,40,CAAGCCAGGGGTCTTTAAAA,2,2862391
ompRp3,10.975609756097562,489,40,CAAAGCCCAGTAAAGGGTTA,449,2893523
ompRp3,0.05,40,39,TCGAATAGGTTAGGGTCGCC,1,2890060
ompRp3,3.8,190,39,GTTATACCTGGTTACATCCT,151,2902124
ompRp3,14.725,627,39,CGGATACGACTATATACTCA,588,2881443
ompRp3,7.55,340,39,CCCGTGCGCTATTGACGGTC,301,2864196
ompRp3,0.05128205128205128,39,38,TTGCTGGAAATCTGCACTAG,1,2870576
ompRp3,4.0,193,38,TGCATGAGTATTTAGGTCAT,155,2883342
ompRp3,0.07692307692307693,40,38,TAAGGCAGCTTTCCCTCTAA,2,2862832
ompRp3,10.333333333333334,440,38,GGTTCGCCACTTCTAAGCCG,402,2881406
ompRp3,1.6153846153846154,100,38,GGAGCACAATCGTGTCTCGA,62,2871055
ompRp3,5.435897435897436,249,38,CTCCCAATTTCATCTGAAGC,211,2881848
ompRp3,9.41025641025641,404,38,CCAGCATGTGTCTAGAATGT,366,2882021
ompRp3,7.358974358974359,324,38,ATCATTTCAGACTGAGATTG,286,2860782
ompRp3,11.0,466,38,ATAGTGGACGTCCCATTCCT,428,2904320
ompRp3,4.7105263157894735,215,37,TGTCGTTGCGGAATGGTTCC,178,2894210
ompRp3,0.05263157894736842,38,37,TCCAGGTCGAGGTGGACTAA,1,2861515
ompRp3,0.05263157894736842,38,37,TAACCGGTTTTATCGGCGAG,1,2864710
ompRp3,10.368421052631579,430,37,CGCTTGTAATGTCTAACGTA,393,2873521
ompRp3,4.894736842105263,222,37,ATTTTCAAAGATATGAATAG,185,2894985
ompRp3,2.3947368421052633,127,37,ATTAGGCTGGTCCACCGCTC,90,2880522
ompRp3,0.5263157894736842,56,37,ATAGGCGCACGACCTGGCCT,19,2860890
ompRp3,9.210526315789474,386,37,ACTTAACCTCCACCTCCAAA,349,2896543
ompRp3,4.552631578947368,209,37,ACCCATCGCAACTTAAGTTA,172,2894821
ompRp3,0.05263157894736842,38,37,ACACGGTAGTTTTTACAAGC,1,2864766
ompRp3,0.05263157894736842,38,37,AACCCTGGCAACCAAGGCGA,1,2865488
ompRp3,9.378378378378379,382,36,TGTAGTGGAAAGTGCCGCTG,346,2868988
ompRp3,0.05405405405405406,37,36,TCAATTTTGGGTGGGCGTTG,1,2876123
ompRp3,3.810810810810811,176,36,GCTGCAATGTTGCTCCCTTT,140,2865058
ompRp3,0.05405405405405406,37,36,GCGCCCGGCTGCGGTCGGTG,1,2863320
ompRp3,0.05405405405405406,37,36,CGGCCCAATCTCCGTGGGAT,1,2898358
ompRp3,10.45945945945946,422,36,CAGCCTGGCATAACAAAGGT,386,2896520
ompRp3,0.05405405405405406,37,36,ATTCTACTGGGATTCAATCT,1,2872288
ompRp3,4.378378378378378,197,36,AGGTATTAACGCTAGACCGT,161,2896270
ompRp3,0.05405405405405406,37,36,ACTCATTCAGACGCGCTACA,1,2885304
ompRp3,0.05555555555555555,36,35,GGACAGTAAGATGTGATAGT,1,2881538
ompRp3,7.083333333333333,289,35,GATAAGTACCGGGCTTGAGT,254,2869369
ompRp3,3.4444444444444446,158,35,CTTTCGGCTTGGAAGCATTC,123,2881877
ompRp3,4.861111111111111,209,35,CAACGGATACAAGCCTCGAA,174,2884111
ompRp3,7.388888888888889,300,35,ATTTGCTTTAGGCTATGGTA,265,2877336
ompRp3,4.972222222222222,213,35,ATGGGAATGGCACTCTGTAA,178,2867128
ompRp3,0.05555555555555555,36,35,AGTCTCCGGGTGCTAATTCG,1,2899800
ompRp3,4.828571428571428,202,34,TGTCTGAAACTTCTGAAACA,168,2885163
ompRp3,3.085714285714286,141,34,GTGAGGTAGGACCCTAATCA,107,2896451
ompRp3,10.857142857142858,413,34,GGGCTTAATACGTATGATAT,379,2874686
ompRp3,0.5714285714285714,53,34,GCTCCGAAGAAGTAGGTGAT,19,2894941
ompRp3,0.08571428571428572,36,34,GAAGGGGCTAACAGTGGGGG,2,2887607
ompRp3,0.08571428571428572,36,34,CCCTTGTAGGCAAACTTCAT,2,2875557
ompRp3,0.05714285714285714,35,34,CACGTACAGAAGGCCGAGAT,1,2866764
ompRp3,2.257142857142857,112,34,ACCTCGAAGTCTGCTCAAAT,78,2901235
ompRp3,5.6571428571428575,231,34,ACCAGTATTAACGACCGAAA,197,2888879
ompRp3,6.588235294117647,256,33,TTGATACCGATCGTCCACGT,223,2861986
ompRp3,1.0,66,33,TGGCTAGGACCGTGCACCTT,33,2881519
ompRp3,0.058823529411764705,34,33,TCTGAACTCGTGTCAAGGTG,1,2878128
ompRp3,0.5882352941176471,52,33,TCGTACGGTGAATCGCTTCG,19,2863212
ompRp3,0.058823529411764705,34,33,TATGCGCTGTCATGGAGCCT,1,2874945
ompRp3,0.058823529411764705,34,33,TATATGAGGGGGGGAAAGTA,1,2900021
ompRp3,5.4411764705882355,217,33,TACACTCAGGTTAACCAATA,184,2903493
ompRp3,0.058823529411764705,34,33,GTAAAAAACGACAGATGGAT,1,2876382
ompRp3,8.970588235294118,337,33,GGTGAACGCGTGGTCATTAA,304,2890356
ompRp3,0.058823529411764705,34,33,GGGAGGGGTAGGGAAGTCCC,1,2894251
ompRp3,10.323529411764707,383,33,GCCTGCTCATCGGCCTCCGT,350,2866516
ompRp3,0.08823529411764706,35,33,CGGATGCTGAGCTACGCCAC,2,2869582
ompRp3,5.205882352941177,209,33,CGCGCGCTATACGACACTTA,176,2879441
ompRp3,0.08823529411764706,35,33,CCGGACGTTCAACCGCGACG,2,2885958
ompRp3,9.352941176470589,350,33,CAGGCTCCGTTTTTGAGGAT,317,2899538
ompRp3,0.058823529411764705,34,33,CACCTAACGTATAGTCCGGT,1,2863098
ompRp3,15.411764705882353,556,33,CACAGTCCCCCCGTCAGCTT,523,2873713
ompRp3,1.1176470588235294,70,33,AGGGCTGTCGTTCCAGGGCT,37,2871749
ompRp3,0.058823529411764705,34,33,ACATGGCTATGGAGTATTAC,1,2872361
ompRp3,0.058823529411764705,34,33,AAAGTACACAGAGTGGCTTC,1,2862698
ompRp3,8.878787878787879,324,32,TTTGCGTGCATGTAACTCAT,292,2877392
ompRp3,3.242424242424242,138,32,TCTATTATATGACTGTATGT,106,2870160
ompRp3,0.06060606060606061,33,32,TCCCACATCGGTGCGAAGAA,1,2868651
ompRp3,0.06060606060606061,33,32,TCCAGCATATTCGAAAGTAT,1,2903319
ompRp3,12.424242424242424,441,32,GGCTACCGCTTTTGCTGGTG,409,2870248
ompRp3,1.5454545454545454,82,32,GGAGGGCTCAGAACATCCGA,50,2862383
ompRp3,0.06060606060606061,33,32,GCATGGACATCCTTATATCA,1,2875781
ompRp3,1.7878787878787878,90,32,GCAGGAACCTCAGCTGCCCT,58,2868748
ompRp3,0.06060606060606061,33,32,GAGACGTGCACGACCCGATT,1,2894883
ompRp3,5.96969696969697,228,32,GAATGCAGCACGCGCGATCA,196,2896505
ompRp3,0.06060606060606061,33,32,CGCGGGTACGGGGACCAAGT,1,2872650
ompRp3,0.12121212121212122,35,32,CGACCGCACGACCTCATACG,3,2871568
ompRp3,11.878787878787879,423,32,CCTCGTACGGGAGACGTTTG,391,2871445
ompRp3,0.0625,32,31,TGCTACTGTTCGACCAAGAA,1,2892155
ompRp3,0.0625,32,31,TGCGTTCTTGGAAAGCCGCA,1,2870811
ompRp3,7.15625,259,31,TCCCCAAGGCGTTGAGACGG,228,2868752
ompRp3,11.0625,384,31,TATACCTGGTCAATGTATTA,353,2871885
ompRp3,13.15625,451,31,TACGCTCAGGGAAATGAGTA,420,2890096
ompRp3,0.0625,32,31,GTTCTGAGAACTTCTAAATA,1,2904588
ompRp3,3.375,138,31,GTGGCTGGCTGTTGGAACGA,107,2873169
ompRp3,8.5625,304,31,GGTTCACGGACATTCAGTGC,273,2860716
ompRp3,0.0625,32,31,GCCTGGCTCAACCTGTCGGT,1,2865005
ompRp3,2.34375,105,31,GAGACAGGTGAGGTTACGCA,74,2890129
ompRp3,2.125,98,31,CTGAGCGGCGGCTTTAGATC,67,2887574
ompRp3,0.0625,32,31,CTCTGGCGCTCGACACATAT,1,2873829
ompRp3,0.0625,32,31,CTAGCACGGTAAACGTACTT,1,2900104
ompRp3,0.0625,32,31,CGGATACTAAAAGTCGTACC,1,2899744
ompRp3,19.59375,657,31,CCTTCCGACTTCGGCGCCAG,626,2897442
ompRp3,0.0625,32,31,CCGCTCGACACGGGCATTGG,1,2893201
ompRp3,9.46875,333,31,CCCAGCTCCAATGATGCGGA,302,2893063
ompRp3,5.875,218,31,AGATACCTGGTTCAGTGATT,187,2902723
ompRp3,3.78125,151,31,ACAGTGACTGCGAGGAACGT,120,2873358
ompRp3,4.161290322580645,158,30,TGACGGGGCATTTCAAGCCA,128,2877726
ompRp3,6.645161290322581,235,30,TCCGTAGACCCCACGTTAAT,205,2867327
ompRp3,4.935483870967742,182,30,GTCTAATAACCTCAAGCAGG,152,2862702
ompRp3,0.06451612903225806,31,30,GATTGGCACTTTGTAACGAT,1,2883015
ompRp3,0.06451612903225806,31,30,GAGTTAGGTGTAATCGCGCT,1,2874031
ompRp3,0.06451612903225806,31,30,CTGGCTTGAGTCTGTTGGTT,1,2875852
ompRp3,0.06451612903225806,31,30,CGGGATTACGTACGTAAGGG,1,2904181
ompRp3,0.06451612903225806,31,30,CGCCGGAGTAAACTTTTATC,1,2882114
ompRp3,0.06451612903225806,31,30,CCTACAACCTACGGAGCGAT,1,2879370
ompRp3,14.709677419354838,485,30,CCGCAACAACTCACCGTGAC,455,2864831
ompRp3,11.580645161290322,388,30,CCAGTGACGTAGTAAAAGAA,358,2897953
ompRp3,5.806451612903226,209,30,CCAGGAGTGTCCCACCGTTT,179,2882164
ompRp3,19.322580645161292,628,30,ATGAGGAACTGGAATGAGGA,598,2862231
ompRp3,0.06451612903225806,31,30,ACTCATCCTGTATAAAAGGT,1,2867870
ompRp3,0.0967741935483871,32,30,ACTAAGCGCACAGTTTACAT,2,2885281
ompRp3,0.06451612903225806,31,30,ACACTGTCATCGTCGCGGAA,1,2904342
ompRp3,4.3,157,29,TCCCCAACTTACTCATAGCT,128,2868242
ompRp3,12.833333333333334,413,29,TAGTGACGATACACGTCTTG,384,2896250
ompRp3,0.06666666666666667,30,29,GTCGGTAAAAGGATCAAAGC,1,2901547
ompRp3,0.06666666666666667,30,29,GTACGAGGTGGCACAAACGG,1,2874948
ompRp3,11.666666666666666,378,29,GTAAATCGCGGACACTGTGC,349,2888055
ompRp3,0.06666666666666667,30,29,GGAGCAAAATTCGTCACCTG,1,2891753
ompRp3,0.5666666666666667,45,29,GCAGTCTTCGTGAGCAAATG,16,2868711
ompRp3,9.166666666666666,303,29,GCAATCAAGTTAGTACACTA,274,2903329
ompRp3,2.7666666666666666,111,29,GATATAACTACAACTGCGAA,82,2863529
ompRp3,8.633333333333333,287,29,GAGAATACCGTCAAACACGT,258,2883515
ompRp3,0.06666666666666667,30,29,CTATCGCTTCCTCCATCTAA,1,2883463
ompRp3,11.733333333333333,380,29,CGGTCGGCTCCGCCAGACTT,351,2887582
ompRp3,3.466666666666667,132,29,CGGTAAGATACGCACTATCA,103,2893824
ompRp3,0.5333333333333333,44,29,CGATTTGTTCTCGATCTCTT,15,2868552
ompRp3,9.133333333333333,302,29,CCGATGTGGGATGATGCCCA,273,2868332
ompRp3,0.06666666666666667,30,29,CCCTGTATCCCACTCGGTAA,1,2862316
ompRp3,0.06666666666666667,30,29,CATTCTACTGGCCAATATGT,1,2885357
ompRp3,5.833333333333333,203,29,CATAAGGAAGGTTTCACTGG,174,2873076
ompRp3,5.666666666666667,198,29,ACATTGGAGTACGCGAGGCC,169,2879653
ompRp3,13.633333333333333,437,29,AACAAGCGGGCAAGGTTGTC,408,2861297
ompRp3,0.06896551724137931,29,28,TTGGGTAACAGAAACAACTG,1,2900016
ompRp3,0.13793103448275862,31,28,TTGGAGCCGGGCGAAGCCAT,3,2875266
ompRp3,5.137931034482759,176,28,TTCGTTAGCTTTCCCGGTAA,148,2866759
ompRp3,9.689655172413794,308,28,TTCGCCTTCTCGATCGGTAG,280,2875152
ompRp3,0.06896551724137931,29,28,TGTAATAGCTGTTCATGGCC,1,2903212
ompRp3,8.379310344827585,270,28,TCTACGAGGGGCTCTTCAGG,242,2902460
ompRp3,15.068965517241379,464,28,TCGGGTTCGACTCGGTAGAT,436,2897431
ompRp3,0.06896551724137931,29,28,TCGGCCGTTGGTCTGATGCT,1,2877541
ompRp3,0.06896551724137931,29,28,TACTCGTGGTAACCGAGCGA,1,2887030
ompRp3,10.517241379310345,332,28,CTTAAGCGTCACAGACTACA,304,2883259
ompRp3,14.620689655172415,451,28,CTGGTCTCAAAGTAAATACT,423,2877673
ompRp3,0.10344827586206896,30,28,CGACATACTCGTTCAGTAAT,2,2885829
ompRp3,0.06896551724137931,29,28,CCGGCATCGTCGGGTGTGCC,1,2874529
ompRp3,0.06896551724137931,29,28,CCGCTAGCGACGACTCGAAG,1,2882862
ompRp3,9.689655172413794,308,28,ATTTTATTGTGGACCCGGGC,280,2866144
ompRp3,0.06896551724137931,29,28,ACATATTGAAGGCCTGGTAG,1,2903461
ompRp3,14.357142857142858,428,27,TTCCCGCCTACGGATGAGCA,401,2899642
ompRp3,0.07142857142857142,28,27,TGTTCTAGAAGCAATTAAAC,1,2899876
ompRp3,6.857142857142857,218,27,TCGTCTCTCCTCAGGGGTCC,191,2876780
ompRp3,6.178571428571429,199,27,GGGCTATCGAAGACCAGGTA,172,2884980
ompRp3,3.4285714285714284,122,27,CTGGTAAATAGGGGTTGTTG,95,2906742
ompRp3,0.10714285714285714,29,27,CTATTGTGTCTACGGTTTGA,2,2873940
ompRp3,6.785714285714286,216,27,CTAAAACCCCACAGCTCGTG,189,2873489
ompRp3,0.07142857142857142,28,27,CGTCTAAGGTTACAGCCAGT,1,2861416
ompRp3,3.0,110,27,CGGGCGACCTCCAAGCTCGG,83,2864780
ompRp3,0.14285714285714285,30,27,ATTTTCAACTACGCGCGTAT,3,2866645
ompRp3,6.785714285714286,216,27,AGCCCCGCATAAGCCCAAGT,189,2888572
ompRp3,0.07142857142857142,28,27,AGAAATTCGCGTCCGGATTT,1,2872393
ompRp3,0.07142857142857142,28,27,ACCCTTATGAATAGGCTTGT,1,2874000
ompRp3,0.07142857142857142,28,27,AACTTAGCCTTAATGTAACC,1,2879811
ompRp3,0.07407407407407407,27,26,TTGGAGAACGAGTACCAAGG,1,2873443
ompRp3,0.07407407407407407,27,26,TTATATTGAGGTCATTGGAA,1,2898876
ompRp3,0.07407407407407407,27,26,TGATACACAGTTGCGCGTAT,1,2875251
ompRp3,0.07407407407407407,27,26,TCCACTATCCAAAATGGCGG,1,2877242
ompRp3,14.555555555555555,418,26,TATTCCCTATTTGATGTCGT,392,2870503
ompRp3,0.07407407407407407,27,26,GTCCAGGACTGCCCGCGACA,1,2881703
ompRp3,6.518518518518518,201,26,CGGACCTGTCGGTATCGTAG,175,2861807
ompRp3,6.296296296296297,195,26,CCTGCGGTCCTGTCTATTTT,169,2901399
ompRp3,0.07407407407407407,27,26,CCTCCCCCTTGTGCCTCGTG,1,2879995
ompRp3,0.07407407407407407,27,26,CCTAAGATGTACGCCCGGCG,1,2904870
ompRp3,13.407407407407407,387,26,CCCTACAACATACAGAGAGG,361,2869108
ompRp3,0.07407407407407407,27,26,CATTTGCGCAACCTCGAATG,1,2877967
ompRp3,8.74074074074074,261,26,CATACCGCCCTTGGTCTGTG,235,2861681
ompRp3,0.07407407407407407,27,26,CACGTGTTCGGCATAGCCAC,1,2885340
ompRp3,9.444444444444445,280,26,ATACATGCGGTGAATCGTTT,254,2903384
ompRp3,0.07407407407407407,27,26,AGTCGTGTTGGTACAAAAAC,1,2876235
ompRp3,0.07407407407407407,27,26,ACGGTTACCTATTTCTGAAG,1,2866779
ompRp3,0.07407407407407407,27,26,ACAATCACGGGTGCACAGGG,1,2893134
ompRp3,0.14814814814814814,29,26,AATAAACCCCTCGTCCCACT,3,2879196
ompRp3,5.37037037037037,170,26,AAGGGGGTTGATTGAGTCTC,144,2874402
ompRp3,0.07692307692307693,26,25,TTGGCAATGGCCGGATCCCG,1,2879155
ompRp3,1.5384615384615385,64,25,TTATATCAGATCGATAATTC,39,2891671
ompRp3,13.153846153846153,366,25,TGATATACATTGCCTATCCT,341,2900081
ompRp3,1.3076923076923077,58,25,TCTGGTCACAAAATCGTTGA,33,2872068
ompRp3,0.07692307692307693,26,25,TCTGGGACAGGCTCCCGATC,1,2867330
ompRp3,0.07692307692307693,26,25,TCGAGTCTGGATTGCAAACA,1,2867027
ompRp3,0.07692307692307693,26,25,TATTCAGCACCCTTGGGGTC,1,2864194
ompRp3,0.07692307692307693,26,25,TATGACGTTGTTTTTCCATG,1,2885762
ompRp3,0.11538461538461539,27,25,TAGCCTATGCGATCGGTGAG,2,2900251
ompRp3,11.192307692307692,315,25,GCAGCCCTACTTCTGCACAG,290,2882414
ompRp3,0.07692307692307693,26,25,GAGAGCCTAAACCGATTCTC,1,2860751
ompRp3,0.07692307692307693,26,25,GACGTCAAGGACCACCTAAC,1,2895400
ompRp3,0.07692307692307693,26,25,CTGGTGTTATAAACAACTAG,1,2879157
ompRp3,6.269230769230769,187,25,CTCACGTCCTCATCGCCCAT,162,2882294
ompRp3,0.11538461538461539,27,25,CCTATGTTATAGAAAACGGA,2,2900440
ompRp3,0.11538461538461539,27,25,CCGACTAAGTTATTCAAGTG,2,2895245
ompRp3,0.07692307692307693,26,25,CAAACGAGCCGGAGAAACGA,1,2902516
ompRp3,6.115384615384615,183,25,ATCCTGAATTATGGCGAATC,158,2875768
ompRp3,0.07692307692307693,26,25,ATCAGTTTGTAAGCTCATAC,1,2871220
ompRp3,0.07692307692307693,26,25,ATAAGTACATTCCTAGTCTG,1,2897468
ompRp3,0.07692307692307693,26,25,AGTGGCCTCGCAGATCTCAT,1,2862384
ompRp3,0.07692307692307693,26,25,AGTCCCAAATCGCATCTCGG,1,2880171
ompRp3,9.884615384615385,281,25,AGCAAACTGACAATTAGATC,256,2892738
ompRp3,4.384615384615385,138,25,ACTAACACTCCCGTCCCAAC,113,2898449
ompRp3,5.64,164,24,TTTGTACCGGCCATACGGCT,140,2882863
ompRp3,0.08,25,24,TCACAGCAGATAACATAGCG,1,2871315
ompRp3,9.88,270,24,TACGTAATCGCAACGCGCAT,246,2895095
ompRp3,0.08,25,24,TACGAGACCACGATAGTAGT,1,2877508
ompRp3,4.88,145,24,GTTTCAAGCAGTGATCTCTG,121,2902685
ompRp3,0.08,25,24,GTTGCTGGCCCGCATCGGAT,1,2870023
ompRp3,0.12,26,24,GTCCTACAGTTCTTTCCGAC,2,2876811
ompRp3,10.08,275,24,GGTTCTCTTGAACGTTATTC,251,2861475
ompRp3,0.08,25,24,GGGTCTCAAGGGTAGCCCAG,1,2881888
ompRp3,9.0,248,24,GCCACCCAAGGAGATGGCTG,224,2868872
ompRp3,8.12,226,24,GCATCCAGGGCTGTAGGCCC,202,2900331
ompRp3,0.08,25,24,CAACCGCGGGCATATAGACT,1,2883118
ompRp3,14.2,378,24,ATGTAATAAAGTTACCATGC,354,2890846
ompRp3,14.0,373,24,AGTGCCGACTCCGTGCATCA,349,2900436
ompRp3,5.8,168,24,AGCTGGTAGCAACCTAAGCG,144,2896247
ompRp3,0.08,25,24,AGCAACCCGTGGGGAACAAG,1,2872391
ompRp3,26.0,673,24,AGAAACTCTGGTCACGGCCT,649,2862182
ompRp3,0.08,25,24,ACGCCGGCTTAAATCGCTGA,1,2877335
ompRp3,4.24,129,24,ACATTTAGTGCGTACAATTT,105,2862928
ompRp3,2.44,84,24,ACATTAGGGTCACCCAGGTC,60,2864238
ompRp3,0.08,25,24,ACACAGGTGGTCAAACCGTA,1,2869663
ompRp3,2.6,88,24,AATGGAGGGCATGGAACAAG,64,2889296
ompRp3,12.52,336,24,AAAGCAGCTTCGATCCTCCG,312,2873867
ompRp3,2.375,79,23,TTGCGTTGTGGTGACAATAT,56,2871533
ompRp3,0.08333333333333333,24,23,TGCAACAGATCTGCTTCAAA,1,2873844
ompRp3,8.416666666666666,224,23,TCCGTTGACAAGTTCCTGTT,201,2886646
ompRp3,0.08333333333333333,24,23,TCACCCTGTATACCATCAAG,1,2862347
ompRp3,0.08333333333333333,24,23,TAGCGGACAACAATGCCCAA,1,2904871
ompRp3,0.08333333333333333,24,23,GTTGTCTGGCAAAGGGGACC,1,2861498
ompRp3,12.25,316,23,GTTATGGTTAGTTCAACATA,293,2882602
ompRp3,0.08333333333333333,24,23,GGTGACCACGCTGTGGGAAG,1,2881537
ompRp3,0.08333333333333333,24,23,GGCGGTTCGCTCGGCCGGTT,1,2895853
ompRp3,0.08333333333333333,24,23,GGCGGAACATATGTGGTGTA,1,2898472
ompRp3,0.125,25,23,GGAATATGTCACGCGAGGAG,2,2907116
ompRp3,6.5,178,23,GCGTAAGGCACAAAGGGCGC,155,2877677
ompRp3,0.08333333333333333,24,23,GATGGTAGCTATTTTGATCA,1,2904175
ompRp3,8.916666666666666,236,23,GAGTAAGATTAAAATCTTTC,213,2898032
ompRp3,14.041666666666666,359,23,GAGCACACGTATCCATTTGA,336,2867030
ompRp3,0.08333333333333333,24,23,GACCGGCGACCACGGGTAAG,1,2861636
ompRp3,13.375,343,23,GACACAACGTCTTCCAAAAA,320,2906951
ompRp3,6.0,166,23,CTTGGGGCTTGAGGCATTTC,143,2887718
ompRp3,0.08333333333333333,24,23,CTGTACTCAGTGGACAACAA,1,2872443
ompRp3,3.3333333333333335,102,23,CGGCGCAATTGCCAAAACGC,79,2884010
ompRp3,0.08333333333333333,24,23,CGAAGAACTTATCGAGACAC,1,2875227
ompRp3,0.08333333333333333,24,23,CCGCGGTCGGCCTCTCAAGG,1,2899615
ompRp3,0.5833333333333334,36,23,CACTAATTATGTCATTAATA,13,2904329
ompRp3,0.08333333333333333,24,23,ATTGAAACATAGTTAGCGAA,1,2906202
ompRp3,10.041666666666666,263,23,ATAACGGCGGGCGTTGTGCC,240,2896298
ompRp3,0.08333333333333333,24,23,AGTTACCGAGTATGTCACAA,1,2882061
ompRp3,11.625,301,23,AGGTATTCCTAATCGTGACA,278,2886189
ompRp3,13.25,340,23,AGAGGGGGCAGGGTTGAAGC,317,2866336
ompRp3,14.291666666666666,365,23,AGAACTGCAGGAATTTATTG,342,2873390
ompRp3,16.583333333333332,420,23,ACCTCAGACTGTTGGCATGC,397,2894645
ompRp3,0.08333333333333333,24,23,AATTGCTGTAATTACGCGCA,1,2895665
ompRp3,7.541666666666667,203,23,AAGGGACGCGCTATCGAGAC,180,2881269
ompRp3,0.08333333333333333,24,23,AAATAGCTTGGAAGCATCTA,1,2880014
ompRp3,0.08333333333333333,24,23,AAATAACGCTTGGCGTCCCC,1,2877870
ompRp3,0.5652173913043478,34,22,TGTGTCTCAAGATTAAGTCA,12,2890546
ompRp3,0.08695652173913043,23,22,TCCAAAAAGGCTCCTGGGCA,1,2871908
ompRp3,3.9130434782608696,111,22,TATGTATGAAGAATGATATC,89,2897074
ompRp3,0.08695652173913043,23,22,GGTGTTATTTGAATCGACTG,1,2861396
ompRp3,0.08695652173913043,23,22,GGTGCGCTATCGCAGGAGCA,1,2871964
ompRp3,2.5652173913043477,80,22,GCGATGAGCCTCCGTTAGGG,58,2875270
ompRp3,0.08695652173913043,23,22,GCAGCGTTAAAGAATGAGTG,1,2893061
ompRp3,9.217391304347826,233,22,GAAGATCGAGCATGGAAGAG,211,2877262
ompRp3,25.47826086956522,607,22,GAACGCTCCTAAGGTTCTCG,585,2895834
ompRp3,7.695652173913044,198,22,CTCCTTACGCCGTGAAACGT,176,2868025
ompRp3,9.608695652173912,242,22,CGAAGTCTTGGTGCACCTAG,220,2899321
ompRp3,6.478260869565218,170,22,CCTAAAAAAAATATCGTGAT,148,2875494
ompRp3,8.91304347826087,226,22,CCGGGACCAACTCACCGGCA,204,2880251
ompRp3,0.13043478260869565,24,22,CAGGAGGACCGGGGTAGTAG,2,2869631
ompRp3,0.08695652173913043,23,22,ATCGTGCACATAATTAGTTA,1,2885737
ompRp3,0.08695652173913043,23,22,ATCGTATCACGAAAGGAGAG,1,2862735
ompRp3,0.08695652173913043,23,22,AGAATTCCATTCAACGGCGT,1,2895249
ompRp3,0.08695652173913043,23,22,ACTCGCGAAACGTGGCTGTT,1,2862254
ompRp3,10.347826086956522,259,22,ACAAACTACTTCGTAGAAAG,237,2873944
ompRp3,0.08695652173913043,23,22,AATGTTCGGGAAATGTCAAA,1,2888051
ompRp3,7.954545454545454,195,21,TTGGCCGGTGCAACCAAGGT,174,2905048
ompRp3,2.227272727272727,69,21,TTCAATGTCTTCGAGAATGA,48,2872362
ompRp3,0.09090909090909091,22,21,TGGTGGTGTGAAACAGACGA,1,2881048
ompRp3,14.909090909090908,348,21,TGGTGGCCGGCTACCTTCTT,327,2866552
ompRp3,6.363636363636363,160,21,TGAGGCCACCGCAATGTCGA,139,2875373
ompRp3,1.5,53,21,TCTAAAAACAGAGTTCACAC,32,2873217
ompRp3,8.636363636363637,210,21,TATACCAGTAACTATGAGTT,189,2877254
ompRp3,0.09090909090909091,22,21,TAAACTCTGATCAAAACTCA,1,2882729
ompRp3,11.545454545454545,274,21,GTTCGGGGTCATACCAAATC,253,2871366
ompRp3,10.454545454545455,250,21,GTCACAGGGGTAAGAGCCAC,229,2903704
ompRp3,9.272727272727273,224,21,GGGATGCGATCCCCTCGAAC,203,2875112
ompRp3,0.09090909090909091,22,21,GCTTAGCTGAGAACTTCTCA,1,2888646
ompRp3,0.13636363636363635,23,21,GCGTGCTTATAAAAATTGTG,2,2893273
ompRp3,0.6363636363636364,34,21,GACCCTCTCGCACCCTGCGT,13,2895843
ompRp3,18.363636363636363,424,21,CTTAGATTGTTGTTTCTTGA,403,2898319
ompRp3,0.09090909090909091,22,21,CTCCCTGCTATCGGGACCGA,1,2875368
ompRp3,0.09090909090909091,22,21,CTATAATTGAAGATTCACTG,1,2874916
ompRp3,10.181818181818182,244,21,CGGACATGTTATACACTTGT,223,2861707
ompRp3,7.681818181818182,189,21,CGCTTACTCGCCTTGTTATA,168,2876016
ompRp3,0.09090909090909091,22,21,CGCCCTGCTTAGAGAACTGG,1,2876178
ompRp3,0.09090909090909091,22,21,CCGGCTGGTTCATTTTTGCG,1,2891805
ompRp3,0.09090909090909091,22,21,CCAATTACACGGTGTATCTC,1,2864138
ompRp3,7.7727272727272725,191,21,CAGCCCCGTCCTGTGAATCT,170,2870339
ompRp3,12.909090909090908,304,21,CACTATATTAGTCCAAAAAC,283,2872474
ompRp3,6.136363636363637,155,21,CAACGCTAGACGTACCCAAC,134,2863435
ompRp3,0.09090909090909091,22,21,ATTGCGGACTAGGGGGCGAG,1,2870275
ompRp3,0.09090909090909091,22,21,ATCCCCAGGGTTACAATTCG,1,2863056
ompRp3,0.09090909090909091,22,21,AGGCCCTTGATAATTTTGTA,1,2884862
ompRp3,0.22727272727272727,25,21,AGCGAAAATTGAGTAGAATC,4,2866134
ompRp3,0.09090909090909091,22,21,AGCACGGGATGAGTTACAGT,1,2890480
ompRp3,0.09090909090909091,22,21,ACTGCGCTCGAATGGAGGTT,1,2876299
ompRp3,5.909090909090909,150,21,ACCGACCGAACCTCAAGCCA,129,2872253
ompRp3,0.09090909090909091,22,21,ACACGAGCTTATATGAATGT,1,2874495
ompRp3,0.09523809523809523,21,20,TTTGAGAGATGCACGCTGAC,1,2878217
ompRp3,16.80952380952381,372,20,GTCGAGGGGCGGCAAATTCG,352,2875531
ompRp3,3.5238095238095237,93,20,GGGGCAGTCAGTAGGGCCTT,73,2864967
ompRp3,0.09523809523809523,21,20,GGCGTCTGACGACGACGCCG,1,2869440
ompRp3,0.09523809523809523,21,20,GGAGATTGCATCCAATGAGG,1,2887856
ompRp3,0.09523809523809523,21,20,GCTGATCGGTACCTTTATCC,1,2900779
ompRp3,0.09523809523809523,21,20,GCGGCCTATGTAACGGGCTT,1,2902128
ompRp3,16.476190476190474,365,20,GCGGCCAGTGCGGCAATGGT,345,2873088
ompRp3,0.09523809523809523,21,20,GCCGACCGCAGATATGGACT,1,2867372
ompRp3,7.619047619047619,179,20,GACGAACTCAACTCAGGAAG,159,2884037
ompRp3,0.09523809523809523,21,20,GACATCAGAGCCGACTTTCA,1,2867395
ompRp3,0.09523809523809523,21,20,CTGTAAGCCTACGCTCGGTT,1,2869302
ompRp3,5.809523809523809,141,20,CTCCAGGGAGTAACGTCAAT,121,2901703
ompRp3,0.09523809523809523,21,20,CGCTTTCTTGGGGAGCATCT,1,2891231
ompRp3,3.7142857142857144,97,20,CGCGTGGCCGTAGCCTGTGT,77,2895864
ompRp3,0.09523809523809523,21,20,CGACGAAGCAAATCAAGAAC,1,2875083
ompRp3,0.14285714285714285,22,20,CCTAGATAGTAGTATTACTT,2,2869858
ompRp3,0.09523809523809523,21,20,CCTAGACCGTTGTAAGCACC,1,2903494
ompRp3,11.619047619047619,263,20,CCGGATAATCCGTGCTTTTT,243,2862437
ompRp3,14.857142857142858,331,20,CCAGTCGGGCAACAGCTGGA,311,2870171
ompRp3,0.09523809523809523,21,20,CAGTGCACCTGATAATGAAA,1,2867082
ompRp3,10.095238095238095,231,20,CACCCGGCAACCAGAAACAC,211,2862462
ompRp3,4.523809523809524,114,20,CAAATCAGTAAATGGGTTCT,94,2890699
ompRp3,0.09523809523809523,21,20,ATACCGACTAAGCAACCGCT,1,2894695
ompRp3,0.14285714285714285,22,20,AGCCCGGACGCATCACGAAA,2,2900823
ompRp3,5.571428571428571,136,20,ACCCTTTGTTTTTTTTAAGT,116,2874197
ompRp3,4.523809523809524,114,20,AATCCGAGGACGTGTACAAT,94,2888818
ompRp3,8.333333333333334,194,20,AACACGTGCCCACAGAGTAT,174,2890911
ompRp3,7.4,166,19,TTATCAAACCAATTGTAGCT,147,2880248
ompRp3,6.45,147,19,TCGCTCCTATACGTACCCCT,128,2887477
ompRp3,4.85,115,19,TCAAAGGCTACGGTGAGGCG,96,2887813
ompRp3,0.1,20,19,TAACATCGCGGCACTGGTGA,1,2872067
ompRp3,0.1,20,19,TAACACAGTTAAGCCGGCTG,1,2862327
ompRp3,13.85,295,19,GGCTTGCCGTAGTGTTTTTC,276,2883531
ompRp3,13.5,288,19,GACATAGACTTTTGTTCCCA,269,2874955
ompRp3,12.15,261,19,GACACTACCGGGTATAACCA,242,2901236
ompRp3,0.1,20,19,CTACGGGCATCGGTTGTGGG,1,2863323
ompRp3,0.1,20,19,CGTCCAGAAGATAATCGAAG,1,2871433
ompRp3,0.15,21,19,CCTATATTTCTCCATTACGT,2,2894053
ompRp3,8.8,194,19,CCGGCTGATGTCATTAGGTT,175,2862185
ompRp3,18.4,386,19,CCGAGGTCTCTTAGTTCAAT,367,2871417
ompRp3,0.1,20,19,CCCTCGGTCCTGGTATACGA,1,2862352
ompRp3,0.1,20,19,CCCGTGTGCGATTCAGGCCG,1,2861259
ompRp3,0.1,20,19,CACTTTCCAACCTTATCATT,1,2887439
ompRp3,0.1,20,19,CAACTGAATACCAGTAAAGT,1,2861026
ompRp3,0.45,27,19,ATGTTAATAAGTTACGCTGG,8,2882597
ompRp3,9.4,206,19,ATCAGGATGAGCGATCGATG,187,2887355
ompRp3,0.1,20,19,AGTGAACACACTGATTCCTT,1,2893616
ompRp3,5.45,127,19,AGCGCGAAGCCCTTACATTG,108,2886230
ompRp3,18.6,390,19,AGCCATATCACATTCGGTAG,371,2880060
ompRp3,7.3,164,19,ACTGTGGAGCATACGCGTCC,145,2877478
ompRp3,11.6,250,19,ACACACCAACCGCATTACGG,231,2872790
ompRp3,9.5,208,19,AAGTCGCTCGTGCAGCGAAA,189,2897348
ompRp3,12.45,267,19,AAAAACCTCGGCCAATAATG,248,2891229
ompRp3,2.526315789473684,65,18,TTTCCCGGTATTAAAAACGC,47,2889178
ompRp3,7.105263157894737,152,18,TTTACGGCTGATTTTGATGT,134,2867380
ompRp3,0.10526315789473684,19,18,TTCCAAGTACTAGGTGATTT,1,2864620
ompRp3,0.10526315789473684,19,18,TAGGTTCTTAAGGTCCAGGA,1,2872055
ompRp3,0.10526315789473684,19,18,GTGTTCGCGATCCCCAGATT,1,2902517
ompRp3,0.10526315789473684,19,18,GTATCGTAGGACGGAAAGGT,1,2888692
ompRp3,9.31578947368421,194,18,GGTACCTTTCTTTGCAGTCA,176,2897357
ompRp3,0.10526315789473684,19,18,GGGATCCCATTGCGCGACGT,1,2889794
ompRp3,0.10526315789473684,19,18,GGGAAAGTCCCAGGACCCAA,1,2896261
ompRp3,0.10526315789473684,19,18,GGCTAAAGGTAAAAACTGGG,1,2861177
ompRp3,15.789473684210526,317,18,GCGTATACCATGAGCTTACA,299,2866701
ompRp3,0.10526315789473684,19,18,GCCTAATCGTTTGGTGGTCC,1,2898392
ompRp3,0.10526315789473684,19,18,CTGCTTCACCCCTACCTTGG,1,2881594
ompRp3,17.842105263157894,356,18,CGTGCCGCTCAAATTATAGT,338,2885827
ompRp3,7.2631578947368425,155,18,CGCACGGTTTCCCTTACAAT,137,2890930
ompRp3,18.789473684210527,374,18,CATACAGCGTGTAAGTAATT,356,2899216
ompRp3,6.894736842105263,148,18,CACCCGGGCCATTAGAGAAT,130,2885133
ompRp3,0.10526315789473684,19,18,ATTTATACTGCGTGCAAGCT,1,2907490
ompRp3,18.842105263157894,375,18,ATGAGTACCTGTTAGAGATA,357,2887584
ompRp3,0.10526315789473684,19,18,ATCGACCTTCCAGTTGACCA,1,2878065
ompRp3,17.42105263157895,348,18,AGTGTTCGTCTCTCGGGATC,330,2903134
ompRp3,0.10526315789473684,19,18,AGGCAGGGCGTATGGCACAG,1,2871393
ompRp3,7.315789473684211,156,18,ACTAACTTAGCTAATAATGA,138,2883856
ompRp3,8.789473684210526,184,18,ACGGTGTAGATCAGGCCATA,166,2880839
ompRp3,0.15789473684210525,20,18,AAGTTGTATACCCCTAAGCA,2,2889677
ompRp3,7.2105263157894735,154,18,AAGTTAACTCGCCACATTAG,136,2871851
ompRp3,0.10526315789473684,19,18,AAGGCAAACCTTCACTACCC,1,2881131
ompRp3,0.10526315789473684,19,18,AAGACGGCGATTAATACTTA,1,2863203
ompRp3,0.2631578947368421,22,18,AACGGCAAGAATCCACATTT,4,2893920
ompRp3,0.10526315789473684,19,18,AAATCTGGAGTGGGACTGTA,1,2865054
ompRp3,21.22222222222222,398,17,TTTTGAACAGACTGGCTCCA,381,2891292
ompRp3,16.61111111111111,315,17,TTTACACGCGTCCCCATAAA,298,2870405
ompRp3,0.1111111111111111,18,17,TTGCACGACGCAACAATTGA,1,2869053
ompRp3,0.1111111111111111,18,17,TTCGTGTGGACCTTAGACTG,1,2871301
ompRp3,2.0,52,17,TGGATCATAGGCACCAGAAC,35,2869960
ompRp3,1.5555555555555556,44,17,TGCCGCGAGAGCGGCGTTCA,27,2868170
ompRp3,6.833333333333333,139,17,TGCAGAATTTATTGGTCACT,122,2868356
ompRp3,0.1111111111111111,18,17,TCTTTACCAGGGATCAAGTG,1,2868016
ompRp3,0.1111111111111111,18,17,TCTGGCGGTACACCACCCGA,1,2892085
ompRp3,0.1111111111111111,18,17,TAAATCCATTTCATGACTTA,1,2887085
ompRp3,0.1111111111111111,18,17,GTACTAGAGCGGAGTTATCT,1,2874892
ompRp3,0.1111111111111111,18,17,GGAGACTGCAGCGATCCTTT,1,2867414
ompRp3,11.5,223,17,GGACCGTGAGGTTATGTAGA,206,2877658
ompRp3,0.1111111111111111,18,17,GCTGGTTATAATCTAAGTCC,1,2867618
ompRp3,7.722222222222222,155,17,GATTTCGTGGATTGGTTATT,138,2871789
ompRp3,0.1111111111111111,18,17,GATAATCATAGGCGATTCCT,1,2873172
ompRp3,9.777777777777779,192,17,GAGGTCCCTGTATATAAAAT,175,2873949
ompRp3,14.88888888888889,284,17,CTTCGGCAATATTTAGGTGA,267,2903062
ompRp3,6.277777777777778,129,17,CTTATATCCTCTAAGACGTT,112,2884678
ompRp3,18.61111111111111,351,17,CTATAGACCTGTGTCCGAAG,334,2887283
ompRp3,0.16666666666666666,19,17,CGCTAACTGAACATACCCCT,2,2900972
ompRp3,14.0,268,17,CCTTTACGACGGAGCACAGG,251,2870410
ompRp3,0.1111111111111111,18,17,CCGTGCCGTGGGAGTGGGAG,1,2899951
ompRp3,12.5,241,17,CATTATACTAACTTCCACAC,224,2864193
ompRp3,0.1111111111111111,18,17,CAGGTCTCCACAGGCGACGC,1,2875758
ompRp3,7.944444444444445,159,17,CACGGAAGGAATCGACTCTA,142,2894824
ompRp3,5.388888888888889,113,17,CAATTTGAACCACTGGGTAT,96,2877681
ompRp3,0.1111111111111111,18,17,ATTCGGAACCTGTACGTACA,1,2889468
ompRp3,13.166666666666666,253,17,ATTATTGGCCACCCAAAAAT,236,2894533
ompRp3,0.1111111111111111,18,17,AGTACTGACGGTTCATCCGT,1,2897992
ompRp3,0.1111111111111111,18,17,AGCCCGTAAAGCGGAGATTG,1,2865772
ompRp3,0.16666666666666666,19,17,ACTGAGATGTCGGTGCCCAA,2,2880180
ompRp3,0.1111111111111111,18,17,ACGTGACCACTTCGTATTCA,1,2874328
ompRp3,0.1111111111111111,18,17,ACGTAGGTACTCGTTCTTGT,1,2881661
ompRp3,4.444444444444445,96,17,ACGCCATCAATCCAACTAAA,79,2900165
ompRp3,31.944444444444443,591,17,ACCCGGTGTCCGCATTTCCA,574,2864422
ompRp3,5.222222222222222,110,17,AAGTGCATTCCTCATTAGAG,93,2900194
ompRp3,6.705882352941177,129,16,TTTCATCCCGTGGGTGGGAA,113,2874433
ompRp3,13.823529411764707,250,16,TGGATTTCAAACACTTCAGT,234,2879062
ompRp3,0.11764705882352941,17,16,TGAGTTCCTTAAACGTTCTA,1,2878043
ompRp3,21.058823529411764,373,16,TGAGGGTGTCGTTATACCGA,357,2875550
ompRp3,2.6470588235294117,60,16,TATCTTCCACGCCGGTCACT,44,2882396
ompRp3,0.11764705882352941,17,16,TACCGTTGGGTTGAGAGACT,1,2873232
ompRp3,0.7058823529411765,27,16,TAAGAGAGAACATTCGAACA,11,2885752
ompRp3,0.11764705882352941,17,16,GTTCCTGGACTGCTGAGTCG,1,2889939
ompRp3,17.58823529411765,314,16,GTCGTAGCTCGTTATCCGTC,298,2862919
ompRp3,21.823529411764707,386,16,GTACTGGTTATCAGACGGGA,370,2907306
ompRp3,0.11764705882352941,17,16,GGTAGCTCGACTGCTGGTAT,1,2867758
ompRp3,12.823529411764707,233,16,GGGTTCTTTGGTGTCCGTAA,217,2893501
ompRp3,0.11764705882352941,17,16,GGGAGGATACTTTGTCGGCC,1,2888783
ompRp3,0.11764705882352941,17,16,GCTTACGCGATCCTGACCAT,1,2874556
ompRp3,0.11764705882352941,17,16,GCTCTTCGTTTTCTACCGTC,1,2888108
ompRp3,0.17647058823529413,18,16,GAGCGTGTAGTTTAAGGCCT,2,2886954
ompRp3,0.11764705882352941,17,16,GAGATTTGTTATGTAAGGCT,1,2874376
ompRp3,0.11764705882352941,17,16,GACTTTTGCGTCCGAAATAA,1,2904984
ompRp3,0.11764705882352941,17,16,CTGAATCCAGGGATACGCAT,1,2871950
ompRp3,19.470588235294116,346,16,CTCATATTAAAAATTGTGCA,330,2903015
ompRp3,8.058823529411764,152,16,CCTTTGTAAACTATCGAGAC,136,2869590
ompRp3,0.17647058823529413,18,16,CCTGCATACTGAGGACGACA,2,2868369
ompRp3,6.764705882352941,130,16,CACTCCCTGAAACCCTTGCT,114,2897805
ompRp3,7.647058823529412,145,16,ATTCCGCGCCGCATCAACTA,129,2901342
ompRp3,14.941176470588236,269,16,ATGGACCCTTATGGAGAGTA,253,2894439
ompRp3,5.235294117647059,104,16,AGTTCCGTGCACCCATAGGT,88,2865532
ompRp3,26.647058823529413,468,16,AGCTGGACATACTTTATCCT,452,2862258
ompRp3,19.0,338,16,AGCCGCGCCCTGGGGTATAT,322,2867361
ompRp3,7.705882352941177,146,16,ACCGCTTTCTAAGTGACATG,130,2884967
ompRp3,0.11764705882352941,17,16,ACCCTGTACCGTACGTTTCT,1,2867917
ompRp3,0.11764705882352941,17,16,ACAGGTGAATAATGTTGGGC,1,2863061
ompRp3,0.4375,21,15,TTGTGTTTCTTACGTATTTT,6,2903872
ompRp3,0.25,18,15,TTCTGACGTGATGTAGTGCA,3,2899017
ompRp3,0.125,16,15,TGTAATGAGACATCAGGGGA,1,2879265
ompRp3,0.125,16,15,TGGGTAGTCCTTCGCCACCA,1,2888882
ompRp3,11.6875,201,15,TGGAACCTTTATATTGGCCG,186,2878715
ompRp3,16.25,274,15,TGCACTTTTTACCGTCTTCC,259,2903826
ompRp3,0.125,16,15,GTGCATTGGAAACTTATAGG,1,2905935
ompRp3,0.25,18,15,GTATTAGCTCTCGGTCCGAT,3,2885961
ompRp3,17.375,292,15,GGTCGGGAGCCCGCGATGCA,277,2886239
ompRp3,25.25,418,15,GGTAGGAGCCTGTGCTTCAG,403,2865791
ompRp3,23.5625,391,15,GGGTTGCTCAGTCTGCGGGT,376,2902818
ompRp3,8.875,156,15,GGCTGTTTTGTGCACCATTG,141,2871357
ompRp3,0.1875,17,15,GGCGGCCGAACCACACGGTA,2,2877483
ompRp3,9.25,162,15,GACTGGACACGGTTATACAA,147,2863902
ompRp3,10.125,176,15,GAACTGGAACCGATAGGGTA,161,2903260
ompRp3,17.5625,295,15,CTCTCATGCACCTCAGTCAC,280,2874986
ompRp3,0.125,16,15,CGCTTTCTAACCTGTTGTTA,1,2878229
ompRp3,16.625,280,15,CGATACACGATCTGTTGCCT,265,2882203
ompRp3,0.125,16,15,CGACCACGAAAGCCTAGCTA,1,2860943
ompRp3,16.875,284,15,CCGACTCATCGAACGAATGG,269,2884413
ompRp3,12.125,208,15,CCATGTGACCCTACGAACTA,193,2901668
ompRp3,11.9375,205,15,CAGCGGCGAGTGGTCCGCGC,190,2895093
ompRp3,11.375,196,15,CAGCAAGTAATAATATATTT,181,2905117
ompRp3,0.125,16,15,ATAGACGGTCAAGAAGCGAA,1,2876760
ompRp3,14.0625,239,15,AGGGTGTAGCTGACCGCAAT,224,2876599
ompRp3,15.25,258,15,AGCTTCGTTCTGGGTAGTTT,243,2866643
ompRp3,22.75,378,15,ACTCGTTGATCGGGTATACA,363,2870493
ompRp3,20.5,342,15,ACCCCATTTGCGGCATGACA,327,2870161
ompRp3,0.125,16,15,AAGAGGTGCATAGACGTTAT,1,2901999
ompRp3,9.466666666666667,155,14,TTTCAGCGTCGCCCCACTGC,141,2881031
ompRp3,6.4,109,14,TTTAAGTTCGTCGCGTCTCT,95,2875101
ompRp3,9.266666666666667,152,14,TTTAAGGTGAGGAATTAGTT,138,2868815
ompRp3,9.8,160,14,TTTAAGAAATAGTGGTTCCT,146,2893718
ompRp3,0.13333333333333333,15,14,TTCTAATGTCTCTGGTACAC,1,2896836
ompRp3,15.533333333333333,246,14,TGTGACTCAGACCTGTGCCT,232,2879755
ompRp3,17.733333333333334,279,14,TGGAAGCCCCCGAGCCTCAC,265,2895486
ompRp3,0.13333333333333333,15,14,TGAAGCGCGAATTCCTTTCG,1,2899573
ompRp3,0.2,16,14,TCTCGGTTAGAGCCTCGGGA,2,2860932
ompRp3,18.0,283,14,TCAACCCGATGCACCACATT,269,2896213
ompRp3,11.2,181,14,TACGTCCCAGACATATCGAT,167,2895112
ompRp3,0.13333333333333333,15,14,TACAGTGTGCGAGTTCGACC,1,2886033
ompRp3,2.0,43,14,TAACAGCTCTCAGCACCTGA,29,2895098
ompRp3,37.53333333333333,576,14,TAAAACGTCGAAGGCTCGTT,562,2875365
ompRp3,0.13333333333333333,15,14,GTGACCGGCTCACAGACCAT,1,2888146
ompRp3,9.466666666666667,155,14,GGTGTTGTATGCGACGGACT,141,2901693
ompRp3,23.933333333333334,372,14,GGCTCACACATTCGCTAGGG,358,2871737
ompRp3,17.4,274,14,GGCTATAGCTTACCCGTAAA,260,2876196
ompRp3,0.6666666666666666,23,14,GGCAAGACAGAACACTAAGC,9,2866128
ompRp3,18.333333333333332,288,14,GCCCGTTCTTTGCAGCGCTA,274,2864201
ompRp3,0.13333333333333333,15,14,GCATCCCCGAATGGCCGATG,1,2874802
ompRp3,15.466666666666667,245,14,GAAGTAAAGTTGCCTGAGTT,231,2890585
ompRp3,17.466666666666665,275,14,CTCGAAAAGCAGATGTCAAG,261,2870198
ompRp3,0.13333333333333333,15,14,CTCCGTATTCATGCAGTTCA,1,2886710
ompRp3,0.13333333333333333,15,14,CTAGGGGCGTAGAGTCCGTT,1,2880404
ompRp3,7.8,130,14,CTAAGTATTGACCAGACGGA,116,2863572
ompRp3,23.466666666666665,365,14,CGTATGCTCAGGATCGTTTC,351,2903414
ompRp3,0.13333333333333333,15,14,CGCCATTTTGGGCTCAAAAG,1,2879009
ompRp3,20.733333333333334,324,14,CGACCATTGGTGTTTACCCT,310,2891381
ompRp3,23.933333333333334,372,14,CCCTAAAGTACTCGTGCATT,358,2887527
ompRp3,0.13333333333333333,15,14,CCCCTCAAGGACATGAGTCT,1,2872034
ompRp3,7.6,127,14,CCATTGCGACAGAAGGTTAT,113,2885261
ompRp3,11.066666666666666,179,14,CCATAACCTGGACGTACGGT,165,2861771
ompRp3,0.13333333333333333,15,14,CCACCTAAACATGTCGCATG,1,2871859
ompRp3,0.2,16,14,CATGTTCGTTCGGCCTGCGA,2,2876758
ompRp3,13.666666666666666,218,14,CATAGGGCGTTCCGGATCAA,204,2868708
ompRp3,13.866666666666667,221,14,CACGAGGACTATATTAGCTA,207,2900623
ompRp3,0.13333333333333333,15,14,CAACACAGGGGTAGACTTCA,1,2899416
ompRp3,11.066666666666666,179,14,ATGTGGATCGTTGAGTACGG,165,2870938
ompRp3,25.066666666666666,389,14,ATGTATACCATAGGTAAAGA,375,2868000
ompRp3,12.266666666666667,197,14,ATGCACAGGAAAGAAATATC,183,2864562
ompRp3,0.13333333333333333,15,14,ATCTAAAGGCCCTGTCTCAA,1,2874949
ompRp3,13.6,217,14,ATATGAAAATTTAGGGTTTG,203,2889122
ompRp3,22.066666666666666,344,14,ATACAAGCGAGTACCCTTTG,330,2864195
ompRp3,0.2,16,14,ATAAATAGGTGAAGAGTAGA,2,2885717
ompRp3,13.4,214,14,AGCGCTGACGGTCAGCTCGT,200,2906415
ompRp3,2.8666666666666667,56,14,AGAACCTGGGCTCGTTGCTA,42,2862844
ompRp3,10.8,175,14,ACTTCACGAATTTGCAGGAG,161,2907128
ompRp3,0.13333333333333333,15,14,ACTCATGCCAAAGATAGACC,1,2903140
ompRp3,0.13333333333333333,15,14,ACGGATGCATTAGAGGTAGT,1,2876438
ompRp3,0.13333333333333333,15,14,ACGCCGCTGGGGTTAACCAC,1,2879870
ompRp3,9.533333333333333,156,14,ACCAAGCAGGCGCGCTGCGC,142,2887697
ompRp3,6.2,106,14,AACTGTATTCAAATAGTGAC,92,2871952
ompRp3,16.933333333333334,267,14,AACCAAACCCCAGGTTCCTA,253,2878882
ompRp3,0.13333333333333333,15,14,AAACTTAGTTCCTCCAGTCT,1,2899995
ompRp3,1.6428571428571428,35,13,TTTTGTATACTAGAATTGCG,22,2868482
ompRp3,9.5,145,13,TTTGGAGGGGCTGCAACCGA,132,2862967
ompRp3,0.14285714285714285,14,13,TTGGTTGGGCTTTGGACGGA,1,2894514
ompRp3,20.571428571428573,300,13,TTATGAGGAATATACGGACA,287,2887752
ompRp3,2.2857142857142856,44,13,TTACTGTGAGGGGCTGGTAC,31,2901113
ompRp3,9.071428571428571,139,13,TGTTGTGCGCGAGACTTGAA,126,2878403
ompRp3,0.14285714285714285,14,13,TGTGTCCATAGGTGCCATGA,1,2874859
ompRp3,24.357142857142858,353,13,TGTGGGCAAGTATGAGTGAA,340,2880859
ompRp3,5.928571428571429,95,13,TGTGCATAATTCCTAGCCAT,82,2864365
ompRp3,24.571428571428573,356,13,TGCGTCCGGAACCCACTATC,343,2906950
ompRp3,0.2857142857142857,16,13,TGATACCCGTCCACAAGACT,3,2871938
ompRp3,0.14285714285714285,14,13,TGAAAAATACAGGCGTCGTA,1,2889422
ompRp3,14.357142857142858,213,13,TCTAAGCCTGGCTCACCGAG,200,2903054
ompRp3,13.785714285714286,205,13,TCGTCGATTAATTTAGACTT,192,2903439
ompRp3,0.14285714285714285,14,13,TCGTAGCAGTTTCCCAGAGA,1,2877845
ompRp3,16.642857142857142,245,13,TCGTACCCTTTGTGAAGACT,232,2885866
ompRp3,0.14285714285714285,14,13,TCGGGTTAGACTATCTGATG,1,2876541
ompRp3,0.14285714285714285,14,13,TCAGGCGGTCGGAGCGCATA,1,2862202
ompRp3,0.14285714285714285,14,13,TACGAAGGTAAGTTGGCATC,1,2872165
ompRp3,17.142857142857142,252,13,TAATTGGTGAAATGTGATTG,239,2887901
ompRp3,7.785714285714286,121,13,TAAGCTAGGGACAGTGGACA,108,2880853
ompRp3,0.14285714285714285,14,13,GTGTTCGTGCTAGGGTCCGC,1,2869138
ompRp3,4.071428571428571,69,13,GTGACACTTACTTCACGTCT,56,2867824
ompRp3,0.14285714285714285,14,13,GGTCAAGCAAGCTCCTATCT,1,2889319
ompRp3,0.14285714285714285,14,13,GGCTTACTTGGGGTATCGTT,1,2891618
ompRp3,0.14285714285714285,14,13,GGCTCAACGCAGAATTCGGG,1,2890156
ompRp3,13.142857142857142,196,13,GGATAGGATCAGGATGTTAG,183,2904334
ompRp3,30.357142857142858,437,13,GCAGGCTAAAATACAGAATC,424,2880175
ompRp3,19.0,278,13,CTCCCACGAGCTCAGTTCTC,265,2894437
ompRp3,7.0,110,13,CTACGCGCTTGACCCCGTGT,97,2899245
ompRp3,0.14285714285714285,14,13,CTAAACATTAAGCGAACGGA,1,2868483
ompRp3,0.14285714285714285,14,13,CGTTGTGAATTTAGACCATC,1,2904103
ompRp3,0.14285714285714285,14,13,CGTTATCTACTAACGCAATA,1,2889940
ompRp3,0.14285714285714285,14,13,CGTGCTACCCTTCGACGAGT,1,2902450
ompRp3,0.14285714285714285,14,13,CGGTATGCGGGTATAAGAGT,1,2862099
ompRp3,0.14285714285714285,14,13,CGAGGCGGCCGGGTTCCTAG,1,2893264
ompRp3,17.5,257,13,CCTTGGAGCCGAAACCGCAA,244,2881922
ompRp3,3.4285714285714284,60,13,CCTCAGACCTTCACCTAACA,47,2902112
ompRp3,0.14285714285714285,14,13,CCCTTACAATCATACCAAGT,1,2897995
ompRp3,24.214285714285715,351,13,CCCGCTGGAAAGGCTACTCA,338,2876675
ompRp3,0.6428571428571429,21,13,CAGGATGCCAGTTTAAACAG,8,2907150
ompRp3,15.857142857142858,234,13,CAGCCTTCATGTCGGTCTGA,221,2886576
ompRp3,0.14285714285714285,14,13,CACTTCCGATTCTCAAGTCG,1,2874426
ompRp3,0.14285714285714285,14,13,ATGTATCGAAGTCATTACAA,1,2901864
ompRp3,12.714285714285714,190,13,ATGGACGCCCCTAATGTTTA,177,2903048
ompRp3,0.14285714285714285,14,13,ATCATTACACGCGTAGACAC,1,2886186
ompRp3,26.785714285714285,387,13,ATATATCACGGTCTGGACGT,374,2862305
ompRp3,0.14285714285714285,14,13,AGTACCGCTGTCACGGATAC,1,2890263
ompRp3,25.357142857142858,367,13,AGGTTAATTAAGGGATTCGT,354,2882556
ompRp3,28.642857142857142,413,13,AGGGGCCGAAGCTCCTTTAT,400,2906031
ompRp3,0.14285714285714285,14,13,AGGGACGAGTGCTAAGAGTA,1,2872793
ompRp3,25.0,362,13,AGGAAGGTCGTGTGTGTTGC,349,2903575
ompRp3,0.14285714285714285,14,13,AGCTTGCTGTCACCGCGCCT,1,2869270
ompRp3,7.142857142857143,112,13,AGCATCAATCATCTAGATTC,99,2862033
ompRp3,0.21428571428571427,15,13,ACCGCCCACGCGTGTAGCAG,2,2893449
ompRp3,0.14285714285714285,14,13,ACAAGATCGAATTGATTGGA,1,2866368
ompRp3,0.14285714285714285,14,13,AATCCCTTGCGTCCCAAAGG,1,2897017
ompRp3,0.14285714285714285,14,13,AACGTGGTGAACTCTCGCCA,1,2875762
ompRp3,0.15384615384615385,13,12,TTCTGTTCTCCCCATTTTGC,1,2903677
ompRp3,0.23076923076923078,14,12,TTCTAAATAATAGCTCTAAG,2,2869583
ompRp3,4.615384615384615,71,12,TGTGGCAAATTGGTTCAATT,59,2889795
ompRp3,0.15384615384615385,13,12,TGCGTTTCAAATACCGGCCT,1,2869243
ompRp3,0.15384615384615385,13,12,TCGGGGCTAGCCAGACGTGA,1,2862848
ompRp3,0.15384615384615385,13,12,TCGGCCTTAGTAGCCTTCTA,1,2872711
ompRp3,0.15384615384615385,13,12,TCCATGTAGACCGACGAGCA,1,2885603
ompRp3,6.6923076923076925,98,12,TATCCTTGCACGTTGGGAGA,86,2885832
ompRp3,5.384615384615385,81,12,TACAGGTGACGTACAGGTAT,69,2889459
ompRp3,0.15384615384615385,13,12,TAATAGTGAGTTACCCTTGT,1,2888516
ompRp3,0.15384615384615385,13,12,TAAGGCATGCAACCTCGGCA,1,2888851
ompRp3,33.38461538461539,445,12,GTACTGTCGATCATTGCACA,433,2902948
ompRp3,15.923076923076923,218,12,GGGGAGAGAGGGCTGTTGCT,206,2894212
ompRp3,16.23076923076923,222,12,GGAGCGCGTTTGTGACATAC,210,2879577
ompRp3,0.23076923076923078,14,12,GGACATTTGGTTGAATCTAC,2,2902548
ompRp3,0.15384615384615385,13,12,GGAATGGACCGAAGTATGGT,1,2881320
ompRp3,5.6923076923076925,85,12,GCTCCAGGCCTAATTAATGA,73,2864258
ompRp3,0.23076923076923078,14,12,GATACATAGGAACAGATTGT,2,2888697
ompRp3,0.23076923076923078,14,12,GACGTATATTATAATATCAC,2,2867345
ompRp3,0.15384615384615385,13,12,GAACGAGGCCGACACACCCG,1,2864723
ompRp3,0.15384615384615385,13,12,CGTACGGGACGATGGCTATC,1,2866765
ompRp3,0.15384615384615385,13,12,CGCTGTTAGTTCTCAGTCAT,1,2901492
ompRp3,0.15384615384615385,13,12,CGAGCGGTACCTGGAGCGGG,1,2883695
ompRp3,25.53846153846154,343,12,CGAATGTGCTGTACCAGATC,331,2893806
ompRp3,0.15384615384615385,13,12,CCTCGAGAACGATTAGTTCC,1,2898413
ompRp3,0.15384615384615385,13,12,CCGTGCTCTGGTTTAACGAG,1,2891875
ompRp3,7.461538461538462,108,12,CCCGAAGCCCGGATTAGTAG,96,2892815
ompRp3,0.15384615384615385,13,12,CCACAAGCATGTCAAATGCT,1,2876879
ompRp3,30.0,401,12,CAGATCGGCTTATCATATGT,389,2861925
ompRp3,14.076923076923077,194,12,CACGGCTAAATCCAGTTACA,182,2866085
ompRp3,0.15384615384615385,13,12,CAACGCGTCTGGCGTGTCGG,1,2880101
ompRp3,16.23076923076923,222,12,ATTGGTTGATTAATTATCGA,210,2888821
ompRp3,0.15384615384615385,13,12,ATTATGACAGGGCGTAACGT,1,2902855
ompRp3,0.15384615384615385,13,12,ATCGCATTCTAGACCGTTAT,1,2903975
ompRp3,15.307692307692308,210,12,ATCAAATATTTAGTTTCATT,198,2868295
ompRp3,11.076923076923077,155,12,AGGGTATGATGGCAGGGTGT,143,2873709
ompRp3,7.153846153846154,104,12,AGACAAATCCGCCCTGAGTC,92,2892273
ompRp3,0.15384615384615385,13,12,ACTTAATGGGGCACAGATAT,1,2873743
ompRp3,35.23076923076923,469,12,ACGTTATACTGCTCAATCAC,457,2869758
ompRp3,0.15384615384615385,13,12,ACCTGTCGGAACGAGAACCA,1,2904446
ompRp3,0.3076923076923077,15,12,ACCTCTATTCGTGCTTATGC,3,2904494
ompRp3,0.15384615384615385,13,12,ACCACAACAACAATGTGAAT,1,2904330
ompRp3,0.15384615384615385,13,12,ACAGCCACGAAGTGGTGAAA,1,2870276
ompRp3,17.076923076923077,233,12,ACAAACTTAACTTCTAGCAT,221,2905988
ompRp3,0.15384615384615385,13,12,AAGGCAGGAAATCTTGTGGT,1,2880886
ompRp3,0.15384615384615385,13,12,AAGACATATTTCATACTTCC,1,2901111
ompRp3,0.15384615384615385,13,12,AAGACAACTACGTTATAACT,1,2864803
ompRp3,23.846153846153847,321,12,AACTTGGTCTTGTCTCCGTC,309,2886516
ompRp3,13.307692307692308,184,12,AACTCTGCGGCAATTCACTA,172,2904899
ompRp3,0.15384615384615385,13,12,AAATACTGTTTTAAGTCGTA,1,2885310
ompRp3,29.166666666666668,360,11,TTGATCCTGAATAGTACCAG,349,2894978
ompRp3,0.16666666666666666,12,11,TTACGAGTTACCAGCCGTGA,1,2880749
ompRp3,0.16666666666666666,12,11,TGGTCCTCCCGACACCGCTA,1,2882775
ompRp3,0.25,13,11,TGCGAAATGTGTGAAACGTT,2,2877676
ompRp3,6.916666666666667,93,11,TGATCGGGCTCTCTAACCCG,82,2890885
ompRp3,19.25,241,11,TCTATAACCCGACGGGTCAG,230,2868133
ompRp3,42.583333333333336,521,11,TCGCTAGCCATAAAGGATGC,510,2898975
ompRp3,0.16666666666666666,12,11,TCCGATTACACTGCCTCTTG,1,2869673
ompRp3,30.166666666666668,372,11,TCCATAAACGAGCGGGGCTA,361,2895170
ompRp3,12.583333333333334,161,11,TATGAGTGCGCTGGCAGTAG,150,2877056
ompRp3,31.416666666666668,387,11,TATAAATAACGGAAACTATT,376,2868024
ompRp3,3.75,55,11,TAGTTGCTTCGCAATACTAT,44,2884316
ompRp3,0.16666666666666666,12,11,GTGTAGTGGGGCTGTGCCAT,1,2874947
ompRp3,18.25,229,11,GTAGTCTGCGCGAATTTGAC,218,2901661
ompRp3,18.25,229,11,GGGCGTATATTTACTTATAA,218,2904143
ompRp3,2.25,37,11,GGATTTTACCTGCTTGGTAC,26,2901998
ompRp3,0.16666666666666666,12,11,GGACTCCGTATGATTGAAAA,1,2907254
ompRp3,53.75,655,11,GGAACCTCCCAAGAGACCAG,644,2898333
ompRp3,4.0,58,11,GCTAATCCTGCCCCCCCAGG,47,2896971
ompRp3,18.583333333333332,233,11,GCGACGTTAGTCACGGATGC,222,2884892
ompRp3,0.16666666666666666,12,11,GCCTTCTTGACGGACGTCTC,1,2892234
ompRp3,8.166666666666666,108,11,GCCTCTCGGACTTGATCGCG,97,2902632
ompRp3,10.666666666666666,138,11,GATACGATTCGGAGGGTACT,127,2872809
ompRp3,11.5,148,11,GAGGCCTCGTGTGCAGCTTG,137,2904596
ompRp3,0.16666666666666666,12,11,CTAGTTTGGATTCTGTACGG,1,2872896
ompRp3,3.0833333333333335,47,11,CTACTGATACACGCTACTAT,36,2861580
ompRp3,24.166666666666668,300,11,CGGGGCCTCCCTTACTGATC,289,2898772
ompRp3,0.16666666666666666,12,11,CGGGCAATGGCTTGCGTTGT,1,2866285
ompRp3,0.16666666666666666,12,11,CGGATTCCGGGGTCGATTTG,1,2894250
ompRp3,13.75,175,11,CGAGTAGGCTGGATGTCAAT,164,2896594
ompRp3,0.16666666666666666,12,11,CGAATGGTTCCTATGTTTTA,1,2879239
ompRp3,16.583333333333332,209,11,CCTTAGGCTAAGGGGCGGAA,198,2865102
ompRp3,0.16666666666666666,12,11,CCGTGAGTGATGAGGTCACC,1,2882550
ompRp3,0.16666666666666666,12,11,CCCTATGCTTTAAGCGCATA,1,2876464
ompRp3,13.166666666666666,168,11,CCCCCGACAGAGGCCGCGCC,157,2870272
ompRp3,32.916666666666664,405,11,CCCATTAGTATTGGGGCACA,394,2883611
ompRp3,0.16666666666666666,12,11,CATCGAGAAGAGTGCTCTAC,1,2881539
ompRp3,14.0,178,11,CAGACATCCCCTGGAAGCTA,167,2879866
ompRp3,4.166666666666667,60,11,CACGGGAACGCCTCGCATTC,49,2889217
ompRp3,33.333333333333336,410,11,ATACCGGGCTGCCGCTCTCC,399,2866079
ompRp3,22.166666666666668,276,11,AGTCGTGGACGATCCACGCT,265,2868372
ompRp3,16.583333333333332,209,11,AGGGCTAGGCTAGGTCAGCC,198,2870960
ompRp3,0.16666666666666666,12,11,AGATTTCTTGCACGTCGAAG,1,2894478
ompRp3,16.083333333333332,203,11,ACTTCTGCACACCAACTATT,192,2883896
ompRp3,0.16666666666666666,12,11,AACTTCTGTGGCACGCCCGA,1,2894127
ompRp3,0.18181818181818182,11,10,TTTTCCTGAGATTGTGACTA,1,2894012
ompRp3,0.18181818181818182,11,10,TTGTCACGGCAGTCGCGGAA,1,2883215
ompRp3,5.2727272727272725,67,10,TTGCACGTACCAGGATCTAA,57,2865701
ompRp3,0.2727272727272727,12,10,TTGATGGGATTGATTTGGGG,2,2862938
ompRp3,35.09090909090909,395,10,TTGAACATCACCCGAAGAGA,385,2871806
ompRp3,0.18181818181818182,11,10,TTATGAGGCATGAACTCACG,1,2884937
ompRp3,0.18181818181818182,11,10,TGGCCGATAAATGCACGGCT,1,2899949
ompRp3,22.727272727272727,259,10,TGGATTAGAACCGTTAAACA,249,2897585
ompRp3,8.272727272727273,100,10,TGGAGATCAGACACGGCGTA,90,2875707
ompRp3,0.2727272727272727,12,10,TGCGAGGCGGGAAGATCGTA,2,2905321
ompRp3,0.18181818181818182,11,10,TGAGTTCAGTCGTTTAGTCA,1,2881247
ompRp3,0.18181818181818182,11,10,TCTTTGCCCGACATAAATAA,1,2870071
ompRp3,17.454545454545453,201,10,TCTGGGAGCCCAGATAGGAT,191,2883026
ompRp3,12.454545454545455,146,10,TCTCCATGTTCGGTTGTGAG,136,2889730
ompRp3,5.454545454545454,69,10,TCTCACGCCCTGGAGTTAAA,59,2884358
ompRp3,0.18181818181818182,11,10,TATGTAGTTCCTACCCACTG,1,2883708
ompRp3,13.909090909090908,162,10,TATCTCCTACTTCATAAGAC,152,2883411
ompRp3,0.18181818181818182,11,10,TATAACGTTAAATGAAATAT,1,2899055
ompRp3,0.18181818181818182,11,10,TAGAGCCACGGGGGTTAGAG,1,2885876
ompRp3,0.18181818181818182,11,10,TACTCAGGAGCAAGGTTACG,1,2873061
ompRp3,0.2727272727272727,12,10,TACGTGATCGCTACCCGTGA,2,2894983
ompRp3,3.272727272727273,45,10,TAAGTAGAGTCATAGGCAGT,35,2865325
ompRp3,1.5454545454545454,26,10,TAAATATCTTAAAAAACTTG,16,2870506
ompRp3,23.181818181818183,264,10,GTGCTGGGAGGAAAGCGCTG,254,2895173
ompRp3,28.181818181818183,319,10,GTGCGGGATCTGCCCAAGTG,309,2899621
ompRp3,0.18181818181818182,11,10,GTGAAATAATTCGTCCTCCG,1,2871857
ompRp3,13.909090909090908,162,10,GTATTACGCTCCCAACTGGG,152,2905518
ompRp3,19.0,218,10,GTAAAGTATGTACAGCGACC,208,2904403
ompRp3,0.18181818181818182,11,10,GGTTCCAGATGTAGAGCACG,1,2895097
ompRp3,0.18181818181818182,11,10,GGCAAATCGCAAACGTGGAC,1,2899782
ompRp3,12.818181818181818,150,10,GGACGATATTTTGGTTCCTT,140,2891205
ompRp3,27.636363636363637,313,10,GCGGCGCATAGGTGTTATAC,303,2899441
ompRp3,0.18181818181818182,11,10,GCGGATTAGTTTCGTTGATG,1,2889342
ompRp3,0.18181818181818182,11,10,GCGACCTGCAGTTGTTTTAG,1,2907593
ompRp3,14.090909090909092,164,10,GCATAGTGTCCGATGGGTAA,154,2873177
ompRp3,0.18181818181818182,11,10,GCAGTCTTGCGGCCACACGC,1,2888792
ompRp3,0.18181818181818182,11,10,GCACTCATCGGACGAAAACG,1,2886931
ompRp3,0.18181818181818182,11,10,GATTCTTCAACCGCGACGGA,1,2891957
ompRp3,0.18181818181818182,11,10,GATAAACTATGATATTGTCG,1,2882866
ompRp3,12.272727272727273,144,10,GAGTTGAATAGAAAGCGGGC,134,2905517
ompRp3,0.18181818181818182,11,10,GACTCCTCACCATGAGGTCA,1,2887459
ompRp3,23.181818181818183,264,10,CTTTCAGGACTGTGGAGGAC,254,2865842
ompRp3,0.18181818181818182,11,10,CTCCTCCGCGTATGCACCAA,1,2887809
ompRp3,0.18181818181818182,11,10,CTCAAATTATCTGGAAGCAG,1,2880188
ompRp3,12.909090909090908,151,10,CTAATGTTCTCGGATACCTG,141,2879754
ompRp3,0.18181818181818182,11,10,CGTGAAATGTTTTGGTAGCT,1,2898625
ompRp3,4.090909090909091,54,10,CGTATACGAGGATCCTCCGG,44,2864144
ompRp3,16.181818181818183,187,10,CCGTACTCCGTGACTGGCGT,177,2877666
ompRp3,31.09090909090909,351,10,CCATTACGGTGTGTCAATCG,341,2884046
ompRp3,0.18181818181818182,11,10,CATAGCACTGACGAACCGGA,1,2868841
ompRp3,17.90909090909091,206,10,CATAGATGTATTCGTCACAC,196,2882032
ompRp3,0.18181818181818182,11,10,CAGGTCTGATTGATCATGGA,1,2877729
ompRp3,0.6363636363636364,16,10,CAGCATCTAATCTTCACCGC,6,2876629
ompRp3,16.90909090909091,195,10,CACTTATGTTTTCACTCGTC,185,2879469
ompRp3,0.18181818181818182,11,10,CACGTTGCCAGCAAAGAATC,1,2890797
ompRp3,26.454545454545453,300,10,CACCGCACTCAGCATCGAAG,290,2900895
ompRp3,32.09090909090909,362,10,ATTGAGACTTGTACGGTGCT,352,2893356
ompRp3,7.636363636363637,93,10,ATTCAGGTCGGGGCACACGT,83,2898720
ompRp3,0.18181818181818182,11,10,ATGCATCTTACACCGATCTT,1,2865955
ompRp3,0.18181818181818182,11,10,ATGACTCCTTATTTTGTTCC,1,2893861
ompRp3,0.18181818181818182,11,10,ATATTTATGACCAAGTATCA,1,2863431
ompRp3,0.18181818181818182,11,10,ATATAATCCCAGTTCATATG,1,2900797
ompRp3,0.18181818181818182,11,10,ATAGACTCTGTTAGGGTTTT,1,2892852
ompRp3,0.18181818181818182,11,10,AGTTGACGGAAGGCGGACAG,1,2907245
ompRp3,4.636363636363637,60,10,AGTGCTACATGAATCTTATA,50,2863075
ompRp3,0.18181818181818182,11,10,AGGGTCTCGTCTGATAATGA,1,2907524
ompRp3,0.18181818181818182,11,10,AGAAGTAGACGGGCGCCGGC,1,2884310
ompRp3,0.18181818181818182,11,10,ACTATGCTATTCAGCGGCGG,1,2884087
ompRp3,0.18181818181818182,11,10,ACGCGGGCGTTCATTAACAC,1,2890506
ompRp3,0.18181818181818182,11,10,ACCCTCTTAAACAAAATAAC,1,2864421
ompRp3,16.818181818181817,194,10,ACATCAACCTGGGGCGGGGC,184,2872056
ompRp3,0.18181818181818182,11,10,ACACTCACCCTTAGGGACGA,1,2905390
ompRp3,0.18181818181818182,11,10,AATGGAGGGCATGAAGACCA,1,2879317
ompRp3,0.18181818181818182,11,10,AATGACGAGCACGGGCAGGA,1,2861340
ompRp3,0.2727272727272727,12,10,AATCATGTGAGTGTAGTGAT,2,2873013
ompRp3,3.3636363636363638,46,10,AAGTAAGCAATCCTTTCATT,36,2874497
ompRp3,0.18181818181818182,11,10,AACGTAAGACACAGGCTTAA,1,2871712
ompRp3,8.090909090909092,98,10,AAAGAGCCGGTCCTCGTCAT,88,2862359
ompRp3,0.2,10,9,TTGAAGGAGAATTCGAAGCA,1,2863046
ompRp3,0.2,10,9,TTCATTTGGCCGCTGCATTA,1,2898600
ompRp3,0.2,10,9,TTCACCTTATGAAATAATAG,1,2884047
ompRp3,0.2,10,9,TTATAGTCACAGCAACCGGT,1,2903191
ompRp3,41.9,427,9,TTACGAGCCCTGCAAAGAGT,418,2891645
ompRp3,14.8,156,9,TGTTCTCAAATTAAGTACAC,147,2883020
ompRp3,36.2,370,9,TGGCCGCACACCAGGTGTTG,361,2889445
ompRp3,17.7,185,9,TGGCAGAAGTTCCATCGGGT,176,2861741
ompRp3,6.8,76,9,TGGAAGGACTGATTTCAGAC,67,2876381
ompRp3,24.7,255,9,TGCTGCTTCACACAAGCATA,246,2879214
ompRp3,10.7,115,9,TGCGTACAGCAATTGTAGAG,106,2895669
ompRp3,40.5,413,9,TCCGTGTTCCTTACCTCAGT,404,2873194
ompRp3,14.2,150,9,TCCCTAAAAGACTTGCTCGG,141,2892790
ompRp3,40.1,409,9,TAAGGCACCAAGAGTAATAA,400,2889015
ompRp3,20.9,217,9,TAAGGATCGGGACCCCTGAC,208,2861992
ompRp3,4.8,56,9,GTGGAAGGCTCCAGCTTGGT,47,2883854
ompRp3,0.2,10,9,GTATCCTGGAACCAGGATCA,1,2882239
ompRp3,8.5,93,9,GTAATTGCTCTACCATACGG,84,2872297
ompRp3,4.2,50,9,GGTTATTCCTACCAGGTAAA,41,2885348
ompRp3,0.2,10,9,GGCCCAAAACGGCCTTCCAA,1,2870317
ompRp3,29.7,305,9,GGCAAAAATAACGAACAACT,296,2893438
ompRp3,18.5,193,9,GGAATCTTTTTACGATCCGC,184,2880070
ompRp3,0.2,10,9,GCCCTCGTCAGGGGAATCGC,1,2863231
ompRp3,24.1,249,9,GCCAAGGAATGGACTCAGCC,240,2889699
ompRp3,23.8,246,9,GATTAATGAATATGTACGCC,237,2896951
ompRp3,0.2,10,9,GACGCATACATTGCACACTT,1,2860824
ompRp3,0.2,10,9,CTGGCGTCACGCTATTTGAA,1,2898394
ompRp3,14.1,149,9,CTGCGCATGGCTACGTGAGA,140,2899493
ompRp3,0.4,12,9,CTCTCATTGAGTCAAGTGAG,3,2885562
ompRp3,0.3,11,9,CGTTACACCTGGTGTGTTTA,2,2897093
ompRp3,0.2,10,9,CGGTAAGATCCCACCGCGCG,1,2900679
ompRp3,0.2,10,9,CGCTATTACACGACTAGCGG,1,2875840
ompRp3,19.9,207,9,CGACGTGCAAGTTCACAAGC,198,2889614
ompRp3,17.3,181,9,CCTTCGACGGCATGATGCCA,172,2890698
ompRp3,20.1,209,9,CCTATGTCTTAATGTGCATC,200,2902856
ompRp3,0.2,10,9,CCGTCTCCGGGGTATCAAAG,1,2902041
ompRp3,0.2,10,9,CCCTAACAACTCAACGGATG,1,2886038
ompRp3,9.2,100,9,CCCCTTGCCGTCCCAGTTTA,91,2900481
ompRp3,0.2,10,9,CCAGTTATCGAGCCAGTCTT,1,2895936
ompRp3,12.6,134,9,CATCTCAGTGGACGGGGGCG,125,2879024
ompRp3,0.2,10,9,CAGCGCAACGGTAAAGATCA,1,2893564
ompRp3,17.5,183,9,CACCAGGCTGTTAGTGACCA,174,2871860
ompRp3,0.2,10,9,CAATTAAGTCAAGTGTCTCT,1,2864427
ompRp3,27.2,280,9,ATTAAAGGAGGGAATTACAA,271,2884581
ompRp3,21.3,221,9,ATGTCTCTCTGTCGGCAGTT,212,2897837
ompRp3,29.3,301,9,ATCTCTATACTGAGGTGCTT,292,2876643
ompRp3,0.2,10,9,ATATTAAGGCCATTAACACC,1,2870852
ompRp3,0.2,10,9,AGTTCACGGCTAGTTAACGA,1,2898831
ompRp3,0.2,10,9,AGTGCGGTAGCTGTAGAGTC,1,2904458
ompRp3,6.9,77,9,AGGGTTAATAACATGACAGA,68,2864515
ompRp3,13.3,141,9,AGAAGTTCATAATGCCCCTA,132,2874991
ompRp3,19.9,207,9,ACTGACGGCTGCTAAACTAG,198,2889571
ompRp3,0.2,10,9,ACGAGTACGATGATGCTGAC,1,2902222
ompRp3,20.5,213,9,ACCCTAGGTATGAGATTGCT,204,2871622
ompRp3,0.2,10,9,ACATGGACTACGGGACGAGT,1,2873051
ompRp3,16.7,175,9,AATTTATCTCACTTGTAACT,166,2891809
ompRp3,6.6,74,9,AATAGTCGTTCGGACTTGCA,65,2870801
ompRp3,0.4,12,9,AACATATGAACTAGAAGGGC,3,2907360
ompRp3,26.1,269,9,AACACCTGAATCGAGGCCCC,260,2883824
ompRp3,0.2,10,9,AAAATGCCATCAACGTTTTA,1,2870361
ompRp3,39.22222222222222,360,8,TTTAGCGGCGCTTTCGGGAC,352,2899193
ompRp3,0.2222222222222222,9,8,TGACAGGACGTGATAATTTT,1,2893816
ompRp3,0.2222222222222222,9,8,TCTCTTATGATATTGACTCC,1,2862476
ompRp3,14.222222222222221,135,8,TCTCTGCGCAGTGAATAAGG,127,2886825
ompRp3,21.444444444444443,200,8,TCGTGATCATTCATAACGCT,192,2885718
ompRp3,0.2222222222222222,9,8,TCGCTTTTTATGCGGTACGT,1,2901320
ompRp3,43.333333333333336,397,8,TCCCCCACTTGGGGCATCCT,389,2871910
ompRp3,22.77777777777778,212,8,TCAAGAGTCCAGGGCCTATG,204,2903873
ompRp3,0.2222222222222222,9,8,TAATCAGACTGCATAGCCAG,1,2885726
ompRp3,7.111111111111111,71,8,TAACTGTTTTATTGGTACAT,63,2868755
ompRp3,0.2222222222222222,9,8,TAACCACCTGGTCGTATATA,1,2880669
ompRp3,0.4444444444444444,11,8,GTGAGCCTGATCTAGAGAGA,3,2874801
ompRp3,0.2222222222222222,9,8,GTCTGGGGGGCACATGATTA,1,2883135
ompRp3,23.22222222222222,216,8,GTACACATGGGCGCGAGTCT,208,2870472
ompRp3,0.4444444444444444,11,8,GGTCTGTAAGTATCTGAAAT,3,2879950
ompRp3,0.2222222222222222,9,8,GGCATCAGAGCCACTTAAAG,1,2864975
ompRp3,45.0,412,8,GGACATGCGGTCGCCTTACA,404,2866096
ompRp3,0.2222222222222222,9,8,GCGTAGAAATGGATCCGTCA,1,2868900
ompRp3,19.333333333333332,181,8,GCCGTTTCCTTTGCGCGTTT,173,2863561
ompRp3,0.2222222222222222,9,8,GCCACTACCGAGATGGCACT,1,2905024
ompRp3,68.44444444444444,623,8,GAGCTACCGCTGAAACCTCA,615,2876147
ompRp3,0.2222222222222222,9,8,GAGACTTTCTGCAGTTGCGC,1,2876227
ompRp3,21.555555555555557,201,8,GAAGTAACAGGACTCCCGGG,193,2869340
ompRp3,42.666666666666664,391,8,GAAAATCCAGCCTCGCAACA,383,2898322
ompRp3,0.2222222222222222,9,8,CTGGTAATCATCCTCAAATC,1,2881429
ompRp3,0.2222222222222222,9,8,CTATATGTTCACAGTGAGCA,1,2863187
ompRp3,37.666666666666664,346,8,CGTCCTGGAGACGTGGAACA,338,2890172
ompRp3,0.2222222222222222,9,8,CGCATTCCCTATATTCTCCG,1,2861847
ompRp3,46.77777777777778,428,8,CGACTGGAAATGTCCAACCG,420,2861988
ompRp3,18.666666666666668,175,8,CCTGCCCGTTGAAATGTGGT,167,2875967
ompRp3,25.555555555555557,237,8,CCGTTGTGGGAGTGAGATTC,229,2862684
ompRp3,0.2222222222222222,9,8,CCGTCTGTCCTGGACATTCC,1,2864721
ompRp3,0.2222222222222222,9,8,CCGGCACGTCCACATACGGT,1,2879929
ompRp3,0.2222222222222222,9,8,CCCAGCTGGCGATCTAGAAG,1,2906908
ompRp3,18.555555555555557,174,8,CATAACGAAGAATATCCGCC,166,2876466
ompRp3,22.333333333333332,208,8,CACAACTGAACTCGGGCTTA,200,2898815
ompRp3,47.55555555555556,435,8,CAAGCCATGGCTGAGAAGAG,427,2868289
ompRp3,24.555555555555557,228,8,CAACGGTTAATACATCGGAA,220,2890611
ompRp3,27.666666666666668,256,8,ATTGTTATCCTCAGAAATTT,248,2904963
ompRp3,22.22222222222222,207,8,ATTATATCCCATACTAGGAG,199,2875549
ompRp3,0.2222222222222222,9,8,ATGTCCCATCGCGGTTGAAC,1,2884708
ompRp3,0.3333333333333333,10,8,ATGGGTGCCAATCCAACTGG,2,2879382
ompRp3,18.555555555555557,174,8,ATCGCGGCTTTGCACGGTAT,166,2901032
ompRp3,18.0,169,8,ATATTTCGGGCGTCCGCGCG,161,2899510
ompRp3,0.2222222222222222,9,8,AGTGTATGTGTAGTAGCGCT,1,2860963
ompRp3,7.0,70,8,AGGTCAAAACATTTGTGTCA,62,2906955
ompRp3,0.2222222222222222,9,8,AGATGGCTAGTTTTCATACT,1,2881319
ompRp3,0.2222222222222222,9,8,AGAACGGGTGACTTAAGGAG,1,2885367
ompRp3,0.2222222222222222,9,8,ACTTTGGGACAAGGTACGAA,1,2876267
ompRp3,33.666666666666664,310,8,ACGTAGAAGCATGTCTACCA,302,2864219
ompRp3,42.77777777777778,392,8,ACAGGCAGTTATCATTAGAT,384,2898845
ompRp3,0.2222222222222222,9,8,ACAGCTAGCCCGCGAAAGGT,1,2886385
ompRp3,0.2222222222222222,9,8,ACAGCAGTGTTGGCCTGAAT,1,2886402
ompRp3,0.2222222222222222,9,8,AAGGGAACGGGCGATTCAGT,1,2904996
ompRp3,0.2222222222222222,9,8,AACTCCGCCATCTTCCGTTG,1,2892213
ompRp3,27.77777777777778,257,8,AACGTCAGATTACCCGTTTA,249,2889669
ompRp3,17.555555555555557,165,8,AACACCGGATGGCATAAACA,157,2892447
ompRp3,0.25,8,7,TTTTTGCGAGGGCTCACGTA,1,2905699
ompRp3,21.75,180,7,TTTGAGCGTTCGGGGGATAA,173,2866145
ompRp3,33.5,274,7,TTTCCACGGTACTTTTTTTA,267,2875001
ompRp3,30.0,246,7,TTATCGGAAAGAGAAATATC,239,2894098
ompRp3,0.5,10,7,TTACATCAGTGTAGATAGCT,3,2886810
ompRp3,32.5,266,7,TTAAGACCAGCTAAAAAGCT,259,2877417
ompRp3,33.625,275,7,TGTCGTTAATCAGGAAGCTT,268,2901673
ompRp3,24.5,202,7,TGGGAGCTCTCAAAGGAACG,195,2894434
ompRp3,0.25,8,7,TGCATCACTGTGGTCCGTTT,1,2874436
ompRp3,0.25,8,7,TCTCGAGCCGTCGGTATCGA,1,2862483
ompRp3,0.25,8,7,TCCCACCCTCTGGAAGAAAC,1,2882683
ompRp3,0.25,8,7,TCATCACAACGAAGGTCGTG,1,2904876
ompRp3,33.625,275,7,TATTCTCACCCCCAAGGCGC,268,2877104
ompRp3,7.125,63,7,TATGGCAGGCAGAGTTTAGT,56,2864017
ompRp3,0.25,8,7,TAGGAAGCAATCTAATGGAC,1,2869247
ompRp3,14.625,123,7,TACGAACATTGAGACGTCCT,116,2898183
ompRp3,2.0,22,7,TAATCCGGCATACCAAAACG,15,2868601
ompRp3,11.75,100,7,GTTTATATTACTGGACGGGG,93,2871931
ompRp3,30.0,246,7,GTGGCTCCAGATGGGTTCAA,239,2900824
ompRp3,0.25,8,7,GGTATTCGAATGCGCACTAT,1,2879477
ompRp3,0.25,8,7,GGGTGACTAAGGGGAGCTAA,1,2863217
ompRp3,20.75,172,7,GGCGAACGGTGTGAAAAACT,165,2863147
ompRp3,0.25,8,7,GCGGATTAGTTCGTCATTTT,1,2895913
ompRp3,36.5,298,7,GCCAACGGTCCGACGCATTA,291,2871911
ompRp3,0.25,8,7,GCAGGTAATCTGGCGTAGTC,1,2863028
ompRp3,0.25,8,7,GACCAAGCGTTAAGGCCAGG,1,2863214
ompRp3,43.875,357,7,GAATAATGGCATCCGTGAGT,350,2871890
ompRp3,0.25,8,7,CTGTGCACTCGAAAGGCTGG,1,2862059
ompRp3,14.125,119,7,CTGTCATCCCGCGCACAGAC,112,2874793
ompRp3,1.875,21,7,CTGGTTTCTAACGGCATTCC,14,2885130
ompRp3,0.25,8,7,CTGGGTACGGCCTTGGACCC,1,2863622
ompRp3,0.25,8,7,CTAGTATGTGATCCCTTGGG,1,2906814
ompRp3,0.25,8,7,CGTCGCTGCTAACCCCACTC,1,2885751
ompRp3,23.375,193,7,CGGTCTGATGTAACTCGGCT,186,2883412
ompRp3,21.625,179,7,CGATGTCGTATCTTCGCCGA,172,2874284
ompRp3,0.25,8,7,CCTGGCCATAACACAGTTGG,1,2868960
ompRp3,47.125,383,7,CCTCAGGTTGAATCTGTACA,376,2885491
ompRp3,36.625,299,7,CCGATCGAATAGAGACATTG,292,2884922
ompRp3,38.25,312,7,CCCTGGCCGAAGAACTTACC,305,2870580
ompRp3,0.25,8,7,CCATTTCGAAGGGCTAAGGG,1,2887053
ompRp3,29.375,241,7,CCAGGGTGGCATTACACTAA,234,2887789
ompRp3,28.375,233,7,CCACTTGAGCGGAATTAGCT,226,2876402
ompRp3,20.0,166,7,CAGTGTACCCGCTCTATCGG,159,2886964
ompRp3,38.25,312,7,CAGCCGTAGCAGCCTGAATT,305,2898543
ompRp3,0.25,8,7,CACCGGTACCTCAAAACCCT,1,2893922
ompRp3,3.125,31,7,CAATGTCCCGGGACTCAGGA,24,2906740
ompRp3,27.375,225,7,ATTTTCTTGCTTGGGGAAGA,218,2888585
ompRp3,0.25,8,7,ATTGTAACATCACCAGTGAC,1,2880834
ompRp3,0.25,8,7,ATTAAGTTGCCAAGTCGCCG,1,2891099
ompRp3,0.25,8,7,ATGAAGGCGGCCGTTACGCT,1,2886502
ompRp3,27.5,226,7,ATCACAGCTCGATCTCGGGA,219,2892021
ompRp3,25.75,212,7,ATACAAGCGCAGGACATATT,205,2876648
ompRp3,34.125,279,7,AGTTAGTAGTAGCGCTCCGC,272,2900680
ompRp3,47.625,387,7,AGTGCGTAGCACTAACTGGG,380,2887892
ompRp3,53.5,434,7,AGCCCCCTTTGCGGGCCATA,427,2872723
ompRp3,0.25,8,7,AGAACGCGGACGGTAAGCTG,1,2896878
ompRp3,25.625,211,7,ACTCCTTTGGACCAGGCGAC,204,2880842
ompRp3,36.0,294,7,ACTAGCCCCGCACTGTTTTG,287,2899663
ompRp3,6.5,58,7,AATTTACATCGTGGTCCGGG,51,2864262
ompRp3,42.0,342,7,AATGCATTAGTGGAATACCA,335,2881718
ompRp3,33.75,276,7,AAGATCGACAGGGCATTCGG,269,2891434
ompRp3,35.875,293,7,AAGACACCGTAACAAGTGCC,286,2895711
ompRp3,38.42857142857143,274,6,TTTTCGCTTATGCTTACCCT,268,2863135
ompRp3,21.0,152,6,TTTGGACAGATCCGAGGCTA,146,2897899
ompRp3,4.285714285714286,35,6,TTCCGCTTTAATGTACTCTG,29,2876856
ompRp3,28.571428571428573,205,6,TTCCCGAGGTGGCTTCCAAC,199,2860718
ompRp3,21.428571428571427,155,6,TTATCCATGATATTTGTATT,149,2891501
ompRp3,44.0,313,6,TGTAGGGTCGTAGGGTAGAA,307,2883593
ompRp3,0.2857142857142857,7,6,TGACCCCAAGTTTGCATCTA,1,2891813
ompRp3,34.285714285714285,245,6,TCTTAACTCGGCTCCTGGTT,239,2875671
ompRp3,41.857142857142854,298,6,TCTGGTATCGTGAAAGGTGA,292,2862979
ompRp3,16.142857142857142,118,6,TCGTACTTCGCTGGCGGGTT,112,2891444
ompRp3,26.857142857142858,193,6,TCCTTACGTCTAATGGGTTT,187,2885088
ompRp3,6.571428571428571,51,6,TCCAGTCGGTTGTACAGTAG,45,2863806
ompRp3,26.714285714285715,192,6,TCACGTACCGCTCGGACGTT,186,2883343
ompRp3,11.142857142857142,83,6,TATTGTATAAAATTACCTGC,77,2887593
ompRp3,14.571428571428571,107,6,TATAAGCATGGTCAGTGCAG,101,2883219
ompRp3,5.714285714285714,45,6,TAGAATCCATTCTGGCCACT,39,2862194
ompRp3,0.2857142857142857,7,6,TACGGGCAGCGGTTGCGCCT,1,2877828
ompRp3,0.2857142857142857,7,6,TAATTCTTCTATTTACTCTC,1,2890463
ompRp3,46.714285714285715,332,6,TAAGAACCCGTAGCAACAAC,326,2868118
ompRp3,42.714285714285715,304,6,GTGATTGTAGTGGGCCGCCG,298,2892962
ompRp3,0.2857142857142857,7,6,GGTGTCGCCCAGACAAGAAG,1,2882655
ompRp3,10.857142857142858,81,6,GGGGATCCAACAAGCCTGCA,75,2882181
ompRp3,0.2857142857142857,7,6,GGCCCGAAGGATCTGTAGTG,1,2887059
ompRp3,0.2857142857142857,7,6,GGACCGATTAGCGCGATACC,1,2873038
ompRp3,0.2857142857142857,7,6,GGAACATCTCCTTATTAGAA,1,2903866
ompRp3,0.2857142857142857,7,6,GGAACAGCGAGAGTGCCCAT,1,2873861
ompRp3,0.2857142857142857,7,6,GCTATGTTCTCGTTCCCGTT,1,2883023
ompRp3,52.285714285714285,371,6,GCGGTCTTTTAATACTAATT,365,2891085
ompRp3,19.428571428571427,141,6,GCGGCGAGATCGATACACAA,135,2868115
ompRp3,6.571428571428571,51,6,GCGCCTAATTTGAGCTTTAC,45,2870682
ompRp3,2.4285714285714284,22,6,GATTTATTCATGGTGCCACT,16,2904492
ompRp3,20.571428571428573,149,6,GATCGTGAAAGTCAGGCGTG,143,2885276
ompRp3,0.2857142857142857,7,6,GAGCGAAGACTTGGCAAGTC,1,2891563
ompRp3,0.2857142857142857,7,6,GAGCCCCGCAGGTTCTATAT,1,2890703
ompRp3,46.57142857142857,331,6,GAGAGTCTGTGTCCGCGATG,325,2866703
ompRp3,17.285714285714285,126,6,GACCTCATGCTCCTCTCTGT,120,2884015
ompRp3,42.42857142857143,302,6,GACAACTTGACCTCCATCAA,296,2870202
ompRp3,30.571428571428573,219,6,CTGGGCAGCTGTCCACGCGG,213,2870247
ompRp3,0.5714285714285714,9,6,CTGAGTGGGCGGCACAGAAT,3,2884323
ompRp3,0.2857142857142857,7,6,CGGTGTAGTTATTCCTGGAC,1,2902194
ompRp3,54.142857142857146,384,6,CCCTTATTTTAGGATGTTAT,378,2897822
ompRp3,0.2857142857142857,7,6,CCAAGCCCTGCGCTACCTTG,1,2875374
ompRp3,50.857142857142854,361,6,CCAAATGTAAGCGTCAGTCC,355,2870452
ompRp3,14.0,103,6,CATGACATACTTAGTAAGAT,97,2869749
ompRp3,22.571428571428573,163,6,CATATAACGGGCATTTTCGC,157,2901616
ompRp3,0.2857142857142857,7,6,CAAGGCATTGATTTTGCGCT,1,2869630
ompRp3,32.42857142857143,232,6,CAACTTACCCACGTGGAAAC,226,2873039
ompRp3,0.2857142857142857,7,6,ATTCTTTACTGGGTGATCAA,1,2902595
ompRp3,30.714285714285715,220,6,ATGTACACCGAGTACGATGC,214,2901670
ompRp3,13.0,96,6,ATGCGGGGTGCCTCACCTTT,90,2887838
ompRp3,54.714285714285715,388,6,ATCGGTGTCTAGCCTGCCAA,382,2879313
ompRp3,14.428571428571429,106,6,ATCAGGCCGGTATGTTAATT,100,2906600
ompRp3,0.2857142857142857,7,6,ATAAGGTCACGGGCGGTGCC,1,2873886
ompRp3,0.2857142857142857,7,6,AGGCATAGGCACGATAAATT,1,2898804
ompRp3,41.714285714285715,297,6,AGCACCCCCAGTCTGTACAA,291,2901343
ompRp3,0.2857142857142857,7,6,AGACCAAGGTCTGCGAGTCC,1,2882751
ompRp3,39.0,278,6,AGACAGTTGATCTGTCGATT,272,2882036
ompRp3,0.2857142857142857,7,6,ACTGAGTACAAGTTAGCACT,1,2899839
ompRp3,0.2857142857142857,7,6,AAGTGCGCTAACTTTCGCAT,1,2900691
ompRp3,52.57142857142857,373,6,AACTTTATAGACCGTCGTAG,367,2883051
ompRp3,28.857142857142858,207,6,AACCCAATTCGTGCTACCCC,201,2878611
ompRp3,0.2857142857142857,7,6,AACCATTGTACTTAACGGCC,1,2885830
ompRp3,0.6666666666666666,8,5,TTGTTAGGGGGAGGACCTGT,3,2872803
ompRp3,29.833333333333332,183,5,TTAGGATCAAATTGGCAGTA,178,2891928
ompRp3,0.3333333333333333,6,5,TTAAGCAAAGACGTATAGGC,1,2874607
ompRp3,52.333333333333336,318,5,TGTTACAAGCACGCCCCCGA,313,2880311
ompRp3,34.166666666666664,209,5,TGCCTATTCTGGGGACCTAC,204,2881184
ompRp3,36.0,220,5,TGACTCTTACCGCCGTGTAA,215,2902464
ompRp3,46.0,280,5,TGAATTTACCCTTCCCGTTT,275,2882750
ompRp3,58.166666666666664,353,5,TCTCACTAAATAGAGGTTTG,348,2891876
ompRp3,17.166666666666668,107,5,TCGGAACACACCGAAGACGA,102,2898342
ompRp3,12.833333333333334,81,5,TCACGGTCTCATGACAGGCA,76,2891207
ompRp3,0.3333333333333333,6,5,TATGAAAGGCGCCGTCCGGC,1,2897673
ompRp3,12.5,79,5,TATCTGCGGGAACAGTCCTT,74,2897911
ompRp3,52.333333333333336,318,5,TAGCGCGTCTTGTAGGCGAA,313,2863373
ompRp3,0.3333333333333333,6,5,TACTCCTGCCATCTGGAAGC,1,2870080
ompRp3,0.3333333333333333,6,5,TAAGGATTGGCTACTCTCGA,1,2896807
ompRp3,32.5,199,5,GTGTCAGGATGGTTAATAGC,194,2898070
ompRp3,0.3333333333333333,6,5,GTCGCCATAAATGAGACATT,1,2888432
ompRp3,0.3333333333333333,6,5,GTCAGTACGATAAGCTTTGA,1,2870586
ompRp3,25.166666666666668,155,5,GTCAACGATGTTTGATTGCC,150,2900871
ompRp3,0.3333333333333333,6,5,GGTGAATACAAGGGTGGAGG,1,2864418
ompRp3,0.3333333333333333,6,5,GCCCCCTGCCACCCCAGGTC,1,2865768
ompRp3,0.3333333333333333,6,5,GATAGCCGCATATACATTGA,1,2861139
ompRp3,41.666666666666664,254,5,GAGTTTGAATCAGGGAACAT,249,2907402
ompRp3,57.0,346,5,GAGAGCCTTCGAGGTTTTCA,341,2890058
ompRp3,36.5,223,5,GAAGGCGATCTTGCTTTGCT,218,2892792
ompRp3,31.833333333333332,195,5,CTGCGTCAGGCCGGTAGCCG,190,2888855
ompRp3,0.3333333333333333,6,5,CTCGCGCCAGTCCGTGACGG,1,2865900
ompRp3,29.166666666666668,179,5,CTCGCCCTTATGCCAGGCAG,174,2865515
ompRp3,0.3333333333333333,6,5,CGTTAGTTGGCGCATGAGTC,1,2869859
ompRp3,57.166666666666664,347,5,CGTTAGGCTTTCGGTATCCA,342,2889344
ompRp3,38.333333333333336,234,5,CGCGCAGGCCTCGAAAGCGT,229,2870367
ompRp3,0.3333333333333333,6,5,CGACTACTTCTGGTGCCCGA,1,2870337
ompRp3,0.3333333333333333,6,5,CCTTAATTCACAGAACGACA,1,2877925
ompRp3,0.3333333333333333,6,5,CCGTCCTTTGTATTAACTCC,1,2872533
ompRp3,45.833333333333336,279,5,CCGGTAGTCACGGGGCGTGC,274,2900195
ompRp3,51.166666666666664,311,5,CCCAATCGCCCGTTGTGGGG,306,2869759
ompRp3,0.3333333333333333,6,5,CCACTTGCACCAAAAAGATT,1,2863690
ompRp3,0.3333333333333333,6,5,CCACACGAGTGGTGTATTAA,1,2899052
ompRp3,0.3333333333333333,6,5,CAGGTAACGGCTACAAGAAC,1,2877596
ompRp3,0.3333333333333333,6,5,CAGCATACCACCTTTAGGAG,1,2884161
ompRp3,0.3333333333333333,6,5,CACTCAGACAGGCGGAAACC,1,2885139
ompRp3,63.5,385,5,CAACGTTCTATAATGAACTA,380,2861337
ompRp3,0.3333333333333333,6,5,ATGTGACGCCACACAGTCCC,1,2899187
ompRp3,18.5,115,5,ATCCCCGAGGTGAAACCCCC,110,2888138
ompRp3,0.3333333333333333,6,5,ATAAGATTTGTCTTTTGCTG,1,2863839
ompRp3,0.3333333333333333,6,5,AGGTGTCAGGGTATACCCTT,1,2869005
ompRp3,51.166666666666664,311,5,AGGCCCGGTCCGGAAATTTC,306,2894417
ompRp3,0.3333333333333333,6,5,AATTCAGAAGTGTCTTTCGT,1,2885453
ompRp3,54.166666666666664,329,5,AAAGTGCTTTATCTTATACA,324,2872818
ompRp3,11.833333333333334,75,5,AAAACCTGCTTCCCTGGGTG,70,2889437
ompRp3,34.4,175,4,TTTTGAGTCAAGAGGGCTAT,171,2891615
ompRp3,80.6,406,4,TTTCGCATAAAACATAACCT,402,2881096
ompRp3,29.8,152,4,TTCAGGCCACGCCCAGAAAT,148,2887377
ompRp3,0.4,5,4,TTAGAATTATAGCATCGGCA,1,2869557
ompRp3,0.4,5,4,TGCCCTGTGTGGCTCTTAGG,1,2874179
ompRp3,0.4,5,4,TCTTAATCTGGTTTCATGAA,1,2864635
ompRp3,58.2,294,4,TCTGATGCAAGTTGCTTGAC,290,2891678
ompRp3,0.4,5,4,TCTATATCTAATCCCGGCGA,1,2868273
ompRp3,5.6,31,4,TCCCCATTGCGCTCATACTC,27,2872211
ompRp3,105.0,528,4,TATGGCTCATCCCCATTCGG,524,2870246
ompRp3,0.4,5,4,TAGGGCAATTCAATTTGTGC,1,2878657
ompRp3,0.4,5,4,TACTTCCTGGTTGTACATCA,1,2892585
ompRp3,51.0,258,4,TAATCCAAGGCAAAATGACG,254,2889390
ompRp3,37.8,192,4,GTTCGCGGACATCCAGCCGT,188,2880907
ompRp3,31.6,161,4,GTTACAGCGGAGAATTCTTC,157,2899154
ompRp3,0.4,5,4,GTCATTAAGTACTGTTCGGG,1,2869423
ompRp3,0.4,5,4,GTCACAATGCAGGGGAGAGC,1,2882005
ompRp3,26.8,137,4,GGAAACTAGAGGCTGCCCCC,133,2887857
ompRp3,51.0,258,4,GCTTCCCTGAGTAGTTCTAA,254,2907601
ompRp3,14.4,75,4,GCTAACTAACGCATCACCGA,71,2868756
ompRp3,0.4,5,4,GCGACGGTCCCTCACTAACA,1,2893874
ompRp3,7.4,40,4,GCCGTACTGTTAGGCTCCCC,36,2879578
ompRp3,0.4,5,4,GCCCGATTAGATTCCTCAGT,1,2895712
ompRp3,56.6,286,4,GCCATGTCATCTCTATGTCC,282,2888605
ompRp3,64.8,327,4,GATGCCACAGCCTGCGATCA,323,2885877
ompRp3,0.4,5,4,GATCTGGTTAAGGTGGGTAG,1,2894397
ompRp3,0.4,5,4,CTTGCATCGTGGACCGCATA,1,2894926
ompRp3,0.4,5,4,CTGGTGGGCAAAGTCTTGTT,1,2875622
ompRp3,6.0,33,4,CTGAACACAATCAATCTTAA,29,2875864
ompRp3,0.4,5,4,CTGAAACTAAGGCACCACCG,1,2890016
ompRp3,0.4,5,4,CTCGGCGATTTGATAAGTGT,1,2906373
ompRp3,0.4,5,4,CGGTGACGTGACCTATTCTT,1,2895688
ompRp3,36.2,184,4,CCTCCAAGGATGAAAACGAG,180,2885843
ompRp3,48.0,243,4,CCGACCGCTTTACTCACCTT,239,2879373
ompRp3,53.6,271,4,CCCTTGTAGAAGCCCGCCTA,267,2897799
ompRp3,37.0,188,4,CCCTACCTCAGAGTTTAATT,184,2876465
ompRp3,7.8,42,4,CCATCCCTCCTACATCCCCT,38,2864124
ompRp3,0.4,5,4,CCAGGGCTGCCGGGCGGCCA,1,2898838
ompRp3,0.4,5,4,CCACCGATAAACGGGTGCAA,1,2895062
ompRp3,67.4,340,4,CCAAATTTCCCTTAAACAGC,336,2898731
ompRp3,0.4,5,4,CAGGGTCATGGGCACAAGTC,1,2866016
ompRp3,0.4,5,4,CAGAATTCTAATGATAAGTA,1,2881166
ompRp3,41.0,208,4,CACTTAGCGGCACTAGCCAT,204,2894750
ompRp3,0.4,5,4,CACAAGTGGAATCGTGTAAG,1,2863229
ompRp3,65.8,332,4,ATGGGTCTTACAACGTTACT,328,2868284
ompRp3,0.4,5,4,ATAGAGGGATATTTGGGTCT,1,2907290
ompRp3,86.8,437,4,AGTGGACGGCGTTTGAGTAA,433,2906612
ompRp3,0.4,5,4,AGTGAAGAATGTCCCACGAG,1,2881647
ompRp3,0.4,5,4,ACTCTGGTCACTTCCTGAGC,1,2897276
ompRp3,0.4,5,4,ACGAGCCGCGCTGTAACTGA,1,2879850
ompRp3,0.4,5,4,ACCACTCCTCTAAGGCGACC,1,2892670
ompRp3,63.0,318,4,ACATGACGGCTACGCCGCTC,314,2900375
ompRp3,22.2,114,4,ACACCGAGAAAATGGCTTAT,110,2879961
ompRp3,0.4,5,4,AAGATATTGCCTCTATGTGT,1,2887360
ompRp3,39.2,199,4,AACATAGCATATTGCTTCAC,195,2864695
ompRp3,37.75,153,3,TTTGAGGTGACTGCATGCAA,150,2867783
ompRp3,33.5,136,3,TTGCTCTAAAACATACGCCC,133,2892888
ompRp3,0.5,4,3,TTGATGCCATCACGCCGGGT,1,2863015
ompRp3,78.75,317,3,TTCCGTAGACACCCAACTCG,314,2863922
ompRp3,0.5,4,3,TTAGGGGCGGCTCTTTACGT,1,2900389
ompRp3,0.5,4,3,TTACACCAGTATCAAAGACT,1,2867708
ompRp3,0.5,4,3,TTAAGGTATGCGACCGCTCA,1,2895983
ompRp3,78.5,316,3,TCCGGGCCTTTATTCCGACT,313,2867879
ompRp3,0.5,4,3,TCCCGCATTTACTCGGCACA,1,2896654
ompRp3,6.75,29,3,TCCACACAACTGAGCGGGCA,26,2895445
ompRp3,51.0,206,3,TCATCCGGCTTGGATGTTCG,203,2892156
ompRp3,60.75,245,3,TATCATGAGTGCCAGCCAAC,242,2880830
ompRp3,0.5,4,3,TACGAACATTGTTCCGTACG,1,2863801
ompRp3,0.5,4,3,TACGAACAATTTAAATATGT,1,2901401
ompRp3,0.5,4,3,GTTGACCGTCATGATCTATA,1,2876993
ompRp3,41.75,169,3,GGTCTCTAGGACAGTCGCGG,166,2892955
ompRp3,45.5,184,3,GGAGATGGTTAACTTTCGCT,181,2905974
ompRp3,0.5,4,3,GGACTTTGTTGCGGCCGTGT,1,2885625
ompRp3,1.0,6,3,GCGAGCCAAATTTGGTCTTA,3,2883828
ompRp3,0.5,4,3,GCAGCTCACGGCAGAGTTAA,1,2907288
ompRp3,38.5,156,3,CTTGTGAGCAGCGTAACGGG,153,2897108
ompRp3,55.75,225,3,CTGTTCCGAATGTCGGCAGG,222,2880844
ompRp3,0.5,4,3,CTGGTAAACGGTCAAGCGAG,1,2867767
ompRp3,0.5,4,3,CTCGGGCTTCCGGACATGAT,1,2863282
ompRp3,0.5,4,3,CGGCGTGAGGGCAGTCATTG,1,2893628
ompRp3,16.5,68,3,CGAAATGGCTTACTACAATC,65,2874423
ompRp3,21.0,86,3,CATTCGTCTACGATAGTCCT,83,2868959
ompRp3,53.0,214,3,CATACTCCGTGACGCACACA,211,2878167
ompRp3,0.5,4,3,CAACGGGATAAGGAACCAGT,1,2862507
ompRp3,1.25,7,3,ATGTTTACTTCCAGAACGGT,4,2868877
ompRp3,42.5,172,3,ATGCCTCGGTGCTGCCTAAA,169,2893818
ompRp3,0.5,4,3,ATATTAACGTTACGCACTGA,1,2890130
ompRp3,0.5,4,3,AGTGATTGGCTGCCAAAGAG,1,2875330
ompRp3,0.5,4,3,AGTCTGTGCCTCCTTACATT,1,2871619
ompRp3,79.5,320,3,AGCACTCTGTCTATCCGAAA,317,2890939
ompRp3,0.5,4,3,ACTTCGTCGAAGACATGAAC,1,2897676
ompRp3,106.75,429,3,ACTCTCCACGCAGTTCGTAC,426,2900166
ompRp3,114.75,461,3,ACAGTTCCACACAGGGCTAG,458,2887381
ompRp3,20.5,84,3,ACACTAGGTCGCCCATGGGA,81,2869428
ompRp3,79.5,320,3,ACAAGGCTTCCGGAATCGCC,317,2894253
ompRp3,89.25,359,3,AATCTAAATTTTTTATCGTA,356,2902653
ompRp3,0.6666666666666666,3,2,TTCTTTGTGCACTATGTGAC,1,2867215
ompRp3,79.33333333333333,239,2,TTAGCCTGCATGCAATGATA,237,2872348
ompRp3,0.6666666666666666,3,2,TTAATTAGTATGATTAAGCA,1,2883986
ompRp3,21.333333333333332,65,2,TGTTGTCAATCACATCATTG,63,2891191
ompRp3,216.66666666666666,651,2,TGTGAGTCATATATCCTGAC,649,2902761
ompRp3,12.666666666666666,39,2,TGTCACACGAATGGTTTTGA,37,2868875
ompRp3,0.6666666666666666,3,2,TCTGGAATAGAAGTAGGCTC,1,2905173
ompRp3,0.6666666666666666,3,2,TCACGTAGCATGTAGTAGGT,1,2890646
ompRp3,67.33333333333333,203,2,TATCAGTATGAACTCTCTGA,201,2901237
ompRp3,88.0,265,2,TATACCTATTCCCGTGTCCG,263,2888611
ompRp3,0.6666666666666666,3,2,GTTCCGACAGAGTTGCGATC,1,2868550
ompRp3,0.6666666666666666,3,2,GTGACCTTGAGCTGACGCGT,1,2898952
ompRp3,53.666666666666664,162,2,GTCAAGGTAGACCCGCGCGG,160,2897420
ompRp3,90.66666666666667,273,2,GTAGGATGATGAGTGAGACG,271,2871550
ompRp3,56.333333333333336,170,2,GTACGCATTAAGGTTGCGTT,168,2871416
ompRp3,29.0,88,2,GGTCTTTCCCTTTGAAACAG,86,2890713
ompRp3,0.6666666666666666,3,2,GGGTAGGTTGGTATCTACGA,1,2900555
ompRp3,24.333333333333332,74,2,GGGGAGCGAAGGCCGAAATC,72,2882837
ompRp3,70.0,211,2,GGATCTCAGGGATTCGCTAA,209,2893652
ompRp3,101.33333333333333,305,2,GCATCGACCCAAGTTTCCTG,303,2863878
ompRp3,0.6666666666666666,3,2,GCACCGTGCATTGAGTGTGA,1,2869306
ompRp3,15.0,46,2,GATCGACATTGACATAGATT,44,2907293
ompRp3,0.6666666666666666,3,2,GAATGCAATTGTTCTGGGGG,1,2884793
ompRp3,41.333333333333336,125,2,CTCTCCAGCTCAACTCCTTC,123,2886772
ompRp3,98.0,295,2,CTCTATTGTTCTTTTGTGCT,293,2897445
ompRp3,0.6666666666666666,3,2,CTAATTCGCCCAATTTACTT,1,2902014
ompRp3,0.6666666666666666,3,2,CGATAAGCCAGGTGTTTTGA,1,2879332
ompRp3,0.6666666666666666,3,2,CGACTCCCTAGTCACAATCT,1,2893695
ompRp3,47.0,142,2,CCACGTTTGTCACTCTGCTG,140,2899202
ompRp3,44.0,133,2,CACCAGCGCCCCCGGGGGGA,131,2865545
ompRp3,66.33333333333333,200,2,CACAATGGCCGAGGACTCCG,198,2869189
ompRp3,0.6666666666666666,3,2,ATTCTAACCGACTATGGAAA,1,2863587
ompRp3,129.0,388,2,ATTATACAAGGACCGTCATT,386,2884018
ompRp3,1.0,4,2,ATCTCAGGGGATTACTCTCG,2,2905246
ompRp3,0.6666666666666666,3,2,ATCGCACCAAAAAGCGGGTT,1,2863908
ompRp3,8.333333333333334,26,2,AGTTGGGACTTCGATAACGC,24,2896165
ompRp3,0.6666666666666666,3,2,AGTTAGCAGCCTCTAAATAC,1,2868193
ompRp3,0.6666666666666666,3,2,AGGTATCATCCCCGCATCCC,1,2870717
ompRp3,31.666666666666668,96,2,ACGTCCCTCTACGCTATCGG,94,2860931
ompRp3,103.66666666666667,312,2,ACCATTCTAGCACTCCAGAT,310,2893533
ompRp3,0.6666666666666666,3,2,ACACAAGTAACCGGTCGTGT,1,2898707
ompRp3,121.66666666666667,366,2,ACAATTATGGAATACGTGCA,364,2875116
ompRp3,59.333333333333336,179,2,AATTTGAATCGGGCGGTGAT,177,2865851
ompRp3,0.6666666666666666,3,2,AACTGAATGCTTGATTTACG,1,2868956
ompRp3,132.33333333333334,398,2,AACCAGAGCGTTCTTCAGCA,396,2893742
ompRp3,1.0,2,1,TTTCGTGGGGAACTCCCGCT,1,2862995
ompRp3,1.0,2,1,TTTCCGGTGGGATAGAGCAT,1,2898877
ompRp3,116.0,232,1,TTGTCAAACGGACCTAGGCT,231,2904902
ompRp3,1.0,2,1,TTGGGAGCTGTCTATGAGGA,1,2895556
ompRp3,135.5,271,1,TTCTACAGAAGGAGTCGCAA,270,2870481
ompRp3,1.0,2,1,TTCGAGTACCTCGCGTCGAT,1,2905871
ompRp3,1.0,2,1,TTATTTCCCCTCTCAGTCCT,1,2888736
ompRp3,1.0,2,1,TTATGGATAATAGTACGGGT,1,2901063
ompRp3,1.0,2,1,TGCTTTAAGGGCCTAGATCA,1,2896232
ompRp3,1.0,2,1,TCTTCCAGGACCTTATGCCA,1,2890127
ompRp3,96.0,192,1,TCTAGGGTCCATACGAGTCC,191,2899675
ompRp3,1.0,2,1,TCACTAGGGCAGGTAGATGA,1,2880565
ompRp3,1.0,2,1,GTTTCGCAGTTTGCCTTTGT,1,2904274
ompRp3,84.0,168,1,GTTTACCTGGTCGGCAACCC,167,2886057
ompRp3,1.0,2,1,GTGTACCACTAATACGTTAT,1,2883165
ompRp3,97.0,194,1,GTATTCAACCCAAGGCGCTA,193,2867408
ompRp3,1.5,3,1,GGTAACCGTTCAAATTTAAA,2,2868251
ompRp3,191.0,382,1,GGCGGCCTCGGTTGTTGTCA,381,2901895
ompRp3,120.0,240,1,GGATGCTAACTAACTGTACC,239,2904324
ompRp3,1.0,2,1,GATCCTCTAGCTACTACATC,1,2871544
ompRp3,113.5,227,1,GAGGTTTCGCTGGACCGCCA,226,2892876
ompRp3,186.0,372,1,GACGGACAACGTCGCCCCAC,371,2870311
ompRp3,51.5,103,1,GACGATATGTACATTCGGAT,102,2881890
ompRp3,1.0,2,1,CTTGGTCTGAGTACGGACCC,1,2869185
ompRp3,68.0,136,1,CTGACTCCCTACGCCGAGGT,135,2868292
ompRp3,24.0,48,1,CTCGGACGTTGCCTCCCTTC,47,2886809
ompRp3,71.5,143,1,CTATCGCGGCGATCAGGGCC,142,2873960
ompRp3,1.0,2,1,CGTGAATCGTCCGTCAGGTA,1,2880665
ompRp3,145.5,291,1,CGGTACTTAAATACAAGTTT,290,2876603
ompRp3,1.0,2,1,CCCGGATCGATCTGGTCGGT,1,2867918
ompRp3,114.5,229,1,CCCCTTAACGAATATCGTCA,228,2883344
ompRp3,180.0,360,1,CCCAACGCTTCATGCGAAGG,359,2888790
ompRp3,1.0,2,1,CCCAAATTGCACTAAAACGG,1,2861299
ompRp3,70.5,141,1,CCATGTGTCGGTTGAGTACG,140,2878399
ompRp3,73.0,146,1,CCATCGGGACCTTGGCTATC,145,2891787
ompRp3,131.5,263,1,CACGACCATTTCGGCACAGT,262,2874475
ompRp3,1.0,2,1,CAAGGGTAAGCATCTCACGA,1,2896638
ompRp3,95.5,191,1,ATGTAATTCCTAAAGATATC,190,2880587
ompRp3,106.0,212,1,ATACCCCTGCTGCCTTAGTG,211,2873080
ompRp3,126.5,253,1,AGTTTGGTTTACAAGTACTG,252,2892827
ompRp3,193.0,386,1,AGTAGGGCAGAGTCAGCAGA,385,2900304
ompRp3,60.5,121,1,AGGATCGGGAACCCGTTGGG,120,2867747
ompRp3,1.0,2,1,AGGACTGTGAAACCCCCGTA,1,2897084
ompRp3,1.0,2,1,AGAGCCGAGATTTGTTACTT,1,2894544
ompRp3,91.0,182,1,ACTGGACCCCGGCGGGGAGC,181,2893087
ompRp3,1.0,2,1,ACGGCTGAGCTAAACCAATC,1,2866430
ompRp3,1.0,2,1,AATTTGGTATACGCTCAATC,1,2876182
ompRp3,121.0,242,1,AAGATCCCAACACGGCCCTC,241,2881086
ompRp3,1.0,2,1,AAGATATCAGCGCGATTCTC,1,2898399
ompRp3,200.5,401,1,AACCTAGCCGGTTTCACAAA,400,2902600
ompRp3,41.0,82,1,AAATGTTAACTCGAGTATTT,81,2902628
ompRp3,0.007407407407407408,134,134,CCGAGAGGGGGATAAGCATT,0,2873036
ompRp3,0.008130081300813009,122,122,CGGGGGCTCTTATAAATCTT,0,2872048
ompRp3,0.008403361344537815,118,118,GTAGTTGTGGAAAACGCCTT,0,2861382
ompRp3,0.009708737864077669,102,102,CAAACGCCCCTCAATGCCTT,0,2863009
ompRp3,0.010309278350515464,96,96,TACAAGACTGCATCACAATT,0,2868203
ompRp3,0.010638297872340425,93,93,TAATGCCGTACCATGTAGAG,0,2861514
ompRp3,0.010638297872340425,93,93,GCAAGACGCGGCTATCGTCC,0,2884423
ompRp3,0.010869565217391304,91,91,TAAGATGTTTCCTACGCTTG,0,2889541
ompRp3,0.01098901098901099,90,90,TCTCCAATGTACCGTAGGGA,0,2861017
ompRp3,0.011111111111111112,89,89,ATACTGTCTACGTTCTGAAT,0,2873289
ompRp3,0.011494252873563218,86,86,AGCCAACTTAAGGTCGCTTA,0,2863414
ompRp3,0.011764705882352941,84,84,CGCCTGCACAACCTCGGAAA,0,2888421
ompRp3,0.0125,79,79,GTGGGTCATGCTGCGAAGCT,0,2888852
ompRp3,0.0125,79,79,AGTTAAGCCCCTGCCACTGT,0,2876923
ompRp3,0.012658227848101266,78,78,CCCGGCGTTCGTAAATGATA,0,2861414
ompRp3,0.01282051282051282,77,77,CAGGTCCAGAGCCGGGCACT,0,2890883
ompRp3,0.01282051282051282,77,77,AGCCGGACAGCATGTAAATA,0,2883656
ompRp3,0.013333333333333334,74,74,ATACTGGCCATGTCTTGCAG,0,2860714
ompRp3,0.0136986301369863,72,72,GCGTACGCACTCGAAAATCT,0,2887468
ompRp3,0.013888888888888888,71,71,CCGGAGCGACCTACGCGGGA,0,2887686
ompRp3,0.014084507042253521,70,70,ATTTAATTAGACTGGACAGA,0,2889176
ompRp3,0.014285714285714285,69,69,CACGTACACCCTATCTGAAT,0,2863545
ompRp3,0.014285714285714285,69,69,ATCAACCAGGCGCCGTATGT,0,2879225
ompRp3,0.014285714285714285,69,69,AGGCGGGTTGACGATCAACC,0,2867048
ompRp3,0.014492753623188406,68,68,CTGCATATTACAGGGGGATG,0,2888465
ompRp3,0.014705882352941176,67,67,CTAAACGATCCGAGGTCTCA,0,2868779
ompRp3,0.014925373134328358,66,66,TGAACAGCCTAAACAGCATC,0,2893193
ompRp3,0.014925373134328358,66,66,AAAGTGTCATGTTGTTTCGG,0,2873020
ompRp3,0.015151515151515152,65,65,TGCTCAAACTCCTTGCGAAA,0,2869798
ompRp3,0.015384615384615385,64,64,TACCGTATGAGTTTTGCGCA,0,2906204
ompRp3,0.015384615384615385,64,64,GCTCCCAGCTTGAGACATCG,0,2867237
ompRp3,0.015384615384615385,64,64,GCGGGATGATGTTTGAACTA,0,2878254
ompRp3,0.015384615384615385,64,64,ACCGGGGAAAGGAACTCATA,0,2884871
ompRp3,0.015873015873015872,62,62,TCTAGGGTATACTTTGCTTT,0,2879050
ompRp3,0.015873015873015872,62,62,GCGGTCAGGTGGTAGGCGGT,0,2868249
ompRp3,0.016129032258064516,61,61,CTGATTCCCAGCGTCGTATA,0,2888024
ompRp3,0.016129032258064516,61,61,CCCCCCGCTGTCATTAAGGT,0,2892875
ompRp3,0.016129032258064516,61,61,CAGTCCACTAGCAGAAGAGC,0,2875410
ompRp3,0.01639344262295082,60,60,TGGCATTCACAGGTCAGGAT,0,2872750
ompRp3,0.01639344262295082,60,60,TCAGAATACGGTCCGCTCGA,0,2869391
ompRp3,0.01639344262295082,60,60,GGCAGGGAATTTGGCTGCGT,0,2900915
ompRp3,0.01639344262295082,60,60,GATAGCGGCCCGCTTGAGGG,0,2869770
ompRp3,0.01639344262295082,60,60,CAGCGCTGGTCGGATCAGCT,0,2873978
ompRp3,0.01639344262295082,60,60,CACGGCGTCGTGACGTACCG,0,2883784
ompRp3,0.01639344262295082,60,60,AAGGTTTTAGTCATTTCGCA,0,2873207
ompRp3,0.016666666666666666,59,59,TACACCTATCAAGGAATGGT,0,2874256
ompRp3,0.016666666666666666,59,59,CGGCGAGTCCCGGCCTCTTT,0,2865484
ompRp3,0.016666666666666666,59,59,CCCGGGTGTGACGTCTCAAT,0,2866669
ompRp3,0.016666666666666666,59,59,AGCAAAGATTTGGCCTGGCC,0,2865201
ompRp3,0.01694915254237288,58,58,TACTGGTGCCGGGATATGGA,0,2861563
ompRp3,0.01694915254237288,58,58,CGAAACCCTTTAACGGTCGT,0,2867047
ompRp3,0.01694915254237288,58,58,CCACAAAGTAGGTTCAGGTC,0,2893009
ompRp3,0.017241379310344827,57,57,GTTTAGCTGACACTGCTCAT,0,2862733
ompRp3,0.017241379310344827,57,57,CGCGCATCCGACGGGGAAGA,0,2871703
ompRp3,0.017241379310344827,57,57,CAGACCTCGTAGACATGAAG,0,2861880
ompRp3,0.017241379310344827,57,57,ACAGCCTGGACTCGGATCGA,0,2865318
ompRp3,0.017543859649122806,56,56,TAACCGCGACCAATACGCAT,0,2872251
ompRp3,0.017543859649122806,56,56,GCAGGATGGCTTTTCATAAA,0,2893374
ompRp3,0.017543859649122806,56,56,CTCTGGTCGGCAATGTTCCA,0,2864586
ompRp3,0.017543859649122806,56,56,AGGAAGTAGAAGGCACATTG,0,2863832
ompRp3,0.017857142857142856,55,55,CCCGATAAGAAGAGGGCCAA,0,2877399
ompRp3,0.017857142857142856,55,55,CCCATCGTGCTCATGTCGTA,0,2889716
ompRp3,0.017857142857142856,55,55,CAGATGGTAGCATCAGTAAA,0,2876327
ompRp3,0.017857142857142856,55,55,ATGAATAGACCATATGCGTT,0,2885014
ompRp3,0.017857142857142856,55,55,AGGAAGCGGGTGCGACTCGG,0,2887832
ompRp3,0.017857142857142856,55,55,ACGGCCGCTCCGGACACCCG,0,2884767
ompRp3,0.01818181818181818,54,54,TCGCAACAAACACTTTCAAA,0,2873777
ompRp3,0.01818181818181818,54,54,TCGACCGAGTGGAACGACTT,0,2889444
ompRp3,0.01818181818181818,54,54,GGTAGTATAGGACATGGGGA,0,2882489
ompRp3,0.01818181818181818,54,54,GGGGTGCTTAGCCCTTTTTT,0,2881159
ompRp3,0.01818181818181818,54,54,GGAAGCGGCTAGGGGCGGTA,0,2871884
ompRp3,0.01818181818181818,54,54,AACGCTTTGGACAGTGCGAG,0,2869995
ompRp3,0.018518518518518517,53,53,GTATTCGCTAGCCGGGTTAG,0,2869698
ompRp3,0.018518518518518517,53,53,GGTTTGTGACTACGTTGGGA,0,2863054
ompRp3,0.018518518518518517,53,53,GGGCAGCAAATTGGCGAGAA,0,2871387
ompRp3,0.018518518518518517,53,53,GCTGAGGTGGATCATCAAGC,0,2866880
ompRp3,0.018518518518518517,53,53,CTCCACCGGAGTCGTCCCCG,0,2875439
ompRp3,0.018518518518518517,53,53,CCGCATGCTACGGCGTTCAC,0,2876320
ompRp3,0.018518518518518517,53,53,CCATGGAGTATCTTAGGTCA,0,2870190
ompRp3,0.018518518518518517,53,53,ACCGAAGGTCCGACGGTCCC,0,2862664
ompRp3,0.018867924528301886,52,52,GCTTGATATTCGGATCGCAT,0,2903227
ompRp3,0.018867924528301886,52,52,GATGTAAATTGCGGTGGCAT,0,2861215
ompRp3,0.018867924528301886,52,52,CTGTGCTCCGGACGGTGTCT,0,2860781
ompRp3,0.018867924528301886,52,52,AGCCCGTGTACAATTGCCCG,0,2893318
ompRp3,0.019230769230769232,51,51,TATACATGGGGTAAAAACAC,0,2880484
ompRp3,0.019230769230769232,51,51,GGTACAAAGTTGTAGGATGA,0,2860926
ompRp3,0.019230769230769232,51,51,GGGAGGACGCATCTTCATTA,0,2885373
ompRp3,0.019230769230769232,51,51,GACGTACTGCAACTGTAGGA,0,2862464
ompRp3,0.019230769230769232,51,51,CCGATGCTCATTTTCGGAGC,0,2866371
ompRp3,0.019230769230769232,51,51,AGTTCGATTCAATACATATT,0,2892117
ompRp3,0.019230769230769232,51,51,AATAAACTGTGACATTAAAA,0,2901195
ompRp3,0.0196078431372549,50,50,TGGCATTGTCTTCGCCGGTT,0,2893565
ompRp3,0.0196078431372549,50,50,GCACCTCCTGGCTCGTCATG,0,2884640
ompRp3,0.0196078431372549,50,50,GACTACTCAGCACAAGGTGC,0,2904929
ompRp3,0.0196078431372549,50,50,CGCCTCAAGCTTTAATCGCC,0,2878305
ompRp3,0.0196078431372549,50,50,CGCCCCGTGGCGTAGGGGAT,0,2870305
ompRp3,0.0196078431372549,50,50,CCATGATTCTAGATAGATTG,0,2886525
ompRp3,0.0196078431372549,50,50,AATACTTGCTTTCATCCTGG,0,2862346
ompRp3,0.0196078431372549,50,50,AACTATCAAAGGCCCTCTGT,0,2868619
ompRp3,0.0196078431372549,50,50,AAAGGTTTTTAGGACACTCA,0,2867554
ompRp3,0.02,49,49,TTTGGCACCAGGGGTGATGC,0,2864979
ompRp3,0.02,49,49,TGGTTTGCTCGGGCTTATGT,0,2897664
ompRp3,0.02,49,49,GGCGGGTTGGGATTTCTTCA,0,2886126
ompRp3,0.02,49,49,CTCGCCTTTATACAAGCAAG,0,2883915
ompRp3,0.02,49,49,CGGAGGTCCGTCGCCCGAAG,0,2903735
ompRp3,0.02,49,49,CGCTCATCAGGTAGGTTAAG,0,2880493
ompRp3,0.02,49,49,ATTTGCGAAACTGAGACTAG,0,2872364
ompRp3,0.02,49,49,ATCCGGGATTGTAGCGCCCT,0,2888722
ompRp3,0.02,49,49,AGCAGTGAGTGACTCTTCTA,0,2872828
ompRp3,0.02,49,49,AAACGGTGGATTATTGGTGG,0,2862129
ompRp3,0.02040816326530612,48,48,TAAGTACAGGTGCTCCGGTA,0,2893058
ompRp3,0.02040816326530612,48,48,GAATGTATACTGAGCGAGAT,0,2890545
ompRp3,0.02040816326530612,48,48,CGAGCCGATCCGTGCTCCAT,0,2868573
ompRp3,0.02040816326530612,48,48,CAGCAAGTTCGCGGCTGGCC,0,2865240
ompRp3,0.02040816326530612,48,48,ATCCACACGCCTTGAAAATA,0,2865099
ompRp3,0.02040816326530612,48,48,AGGCCCGTAAGCCAAGTTGC,0,2877128
ompRp3,0.02040816326530612,48,48,ACTGGGGCGGGCACGTGTAT,0,2886645
ompRp3,0.02040816326530612,48,48,ACGGCTGGTGCCGTGGTCCA,0,2895605
ompRp3,0.020833333333333332,47,47,GCTGTCTTCCGCCCTCAGCT,0,2862976
ompRp3,0.020833333333333332,47,47,GCTGGAGGAGCAGTCTCGCT,0,2903235
ompRp3,0.020833333333333332,47,47,GCGCAAGATTAACGTATAAT,0,2897670
ompRp3,0.020833333333333332,47,47,CGTGGGTTTCGTGGAGCTTA,0,2871300
ompRp3,0.020833333333333332,47,47,CGGCTCCAAATAGTACGCAA,0,2865474
ompRp3,0.020833333333333332,47,47,CCTTACCGGGGTGTTATTTG,0,2867996
ompRp3,0.020833333333333332,47,47,ATTGTATATGCGTCGTGTGA,0,2885406
ompRp3,0.02127659574468085,46,46,TGTAGTGATTAGCAGTAAAG,0,2883337
ompRp3,0.02127659574468085,46,46,TCATTACGGCATGGTGCTTT,0,2877873
ompRp3,0.02127659574468085,46,46,TATTAGGTAGGCACCCCTCA,0,2862097
ompRp3,0.02127659574468085,46,46,TATGCTGTATATGTACAGAA,0,2870945
ompRp3,0.02127659574468085,46,46,TACATGATGCCACCTTGCGT,0,2871021
ompRp3,0.02127659574468085,46,46,GGTGTACACCGGCGTTATTT,0,2883579
ompRp3,0.02127659574468085,46,46,GGCAGGGCTAAAGTGTCGGC,0,2861948
ompRp3,0.02127659574468085,46,46,GCTCGGAACGCGACCGGTAA,0,2903410
ompRp3,0.02127659574468085,46,46,GCTAACCCACTTAGAAAACA,0,2870895
ompRp3,0.02127659574468085,46,46,GACGAGGTCATCAGACCATG,0,2875483
ompRp3,0.02127659574468085,46,46,CTGGTCCGCACATATAGGAA,0,2899057
ompRp3,0.02127659574468085,46,46,CGATGCCTGCCGAGAAGAGT,0,2866210
ompRp3,0.02127659574468085,46,46,CAGGGCAAGTAGAACTGTCT,0,2880377
ompRp3,0.02127659574468085,46,46,AGAGGTAGCTGGTCTAATGG,0,2861176
ompRp3,0.02127659574468085,46,46,ACCATCACTACGTTCGTCAT,0,2873800
ompRp3,0.02127659574468085,46,46,AAATGTTGCAGTCCGAACTT,0,2867659
ompRp3,0.021739130434782608,45,45,TACAGACTTAGGAATGATTG,0,2871753
ompRp3,0.021739130434782608,45,45,GTGCATCGGACTGAGGTAAT,0,2904768
ompRp3,0.021739130434782608,45,45,GCGGAGTACCCCTGGACCAA,0,2862946
ompRp3,0.021739130434782608,45,45,GAGGAGTTGAGACTGTAATC,0,2885337
ompRp3,0.021739130434782608,45,45,CTAGAAGCGGCTGTTCCCTA,0,2876124
ompRp3,0.021739130434782608,45,45,CTACGGGTTATATCTCGCGA,0,2895643
ompRp3,0.021739130434782608,45,45,CGCTCTTACGGTCTTCGGCT,0,2860925
ompRp3,0.021739130434782608,45,45,CGACCGCGGCACCTTGGAAC,0,2868853
ompRp3,0.021739130434782608,45,45,AAGTGGGCTACTGGTCCGTA,0,2873214
ompRp3,0.022222222222222223,44,44,TTCCAGGAAACGCTCTAACT,0,2866616
ompRp3,0.022222222222222223,44,44,TCCGTCCTCTGGTGGTTTTT,0,2873481
ompRp3,0.022222222222222223,44,44,TAGGATGGTAGCAGCCAGAC,0,2865785
ompRp3,0.022222222222222223,44,44,GTTATGTTTCTAAAAGTGAG,0,2869237
ompRp3,0.022222222222222223,44,44,GTCTAGGGCAGGGCTAAGCA,0,2886079
ompRp3,0.022222222222222223,44,44,GCTGTCTGAGACGCATGGCT,0,2863260
ompRp3,0.022222222222222223,44,44,GCCTGTGTCAATCCTAGCTG,0,2893375
ompRp3,0.022222222222222223,44,44,GCAACGGGGCAAGGGGTTAA,0,2885201
ompRp3,0.022222222222222223,44,44,CTTCTTACTGGGAGCGAAGA,0,2862392
ompRp3,0.022222222222222223,44,44,CTGCAAAAACGTAAGAATAG,0,2874681
ompRp3,0.022222222222222223,44,44,CGGTGACTTCGGTAAAGTTG,0,2874918
ompRp3,0.022222222222222223,44,44,CGGGGTTTTGGCATGAAGAA,0,2860721
ompRp3,0.022222222222222223,44,44,CGAACTCGGGGGCTTGGTCT,0,2888589
ompRp3,0.022222222222222223,44,44,CGAACCTCAGCGGACAGCTA,0,2894879
ompRp3,0.022222222222222223,44,44,ATTCGTAGACATGGGCGATA,0,2903865
ompRp3,0.022222222222222223,44,44,ACGACGTTCTTAATCGAGAT,0,2873620
ompRp3,0.022222222222222223,44,44,AATGGGAGGTATTCTGTGGT,0,2873806
ompRp3,0.022222222222222223,44,44,AAAAATGACTCTTTGGCCCC,0,2879194
ompRp3,0.022727272727272728,43,43,TAAAGGGCTGTGACGATTTA,0,2883967
ompRp3,0.022727272727272728,43,43,GTGTCTTCCAGTGTTTCGAG,0,2873843
ompRp3,0.022727272727272728,43,43,GGACATTGTATTGAATGGGT,0,2875548
ompRp3,0.022727272727272728,43,43,GCGGTTTAGTTGGGATGCCA,0,2880998
ompRp3,0.022727272727272728,43,43,GATCGAGGTGGAAGAGTGCA,0,2874391
ompRp3,0.022727272727272728,43,43,GAAATCATTGGGTGTAATCC,0,2888689
ompRp3,0.022727272727272728,43,43,CTCAACCAGTCACGCTTCAA,0,2870972
ompRp3,0.022727272727272728,43,43,CAAGCTACTCGTGAGTTATT,0,2874952
ompRp3,0.022727272727272728,43,43,CAAACTAGAATGACACATGG,0,2888675
ompRp3,0.022727272727272728,43,43,AGGTGACGGAGTCAGTATGT,0,2894490
ompRp3,0.023255813953488372,42,42,TGTAGCTTACGTGTCCCTGC,0,2891493
ompRp3,0.023255813953488372,42,42,TGGCAAGCGGCAAGTAGACA,0,2884550
ompRp3,0.023255813953488372,42,42,TATGGATCAGTCACATTGCA,0,2865675
ompRp3,0.023255813953488372,42,42,GTTCTTGCCCCTTATTTCAG,0,2888449
ompRp3,0.023255813953488372,42,42,GTCTTAGACGGCAGTGGGGA,0,2903404
ompRp3,0.023255813953488372,42,42,GAGCGGCAATCTATTTACCA,0,2872447
ompRp3,0.023255813953488372,42,42,CGGGATACAGCTAGCCAGGA,0,2876452
ompRp3,0.023255813953488372,42,42,CGACACTGTAGTGCCGATGT,0,2883916
ompRp3,0.023255813953488372,42,42,CGAAGTCCAAAGATTAAACG,0,2900344
ompRp3,0.023255813953488372,42,42,CATTGGTTGCGACAAAGCGT,0,2884694
ompRp3,0.023255813953488372,42,42,CAGATGTTCCAGGCAGTGAG,0,2895287
ompRp3,0.023255813953488372,42,42,ATGACTCACTCGTGTCAGTG,0,2881542
ompRp3,0.023255813953488372,42,42,AGTTGGACCTCTAACTGCCC,0,2861833
ompRp3,0.023255813953488372,42,42,AGCGCGGCACTACGAGCGAT,0,2878796
ompRp3,0.023255813953488372,42,42,ACTTAGCCCGACTTTGAGGT,0,2893697
ompRp3,0.023255813953488372,42,42,ACTCCTCATTAAGTATATAT,0,2861140
ompRp3,0.023255813953488372,42,42,ACATAGCTAGGCCTGTGCCA,0,2904985
ompRp3,0.023255813953488372,42,42,AATACCTGTCCACGTACGTA,0,2876064
ompRp3,0.023255813953488372,42,42,AAGTCATCATTCGACCAGAT,0,2861298
ompRp3,0.023255813953488372,42,42,AAAGGCACCCCGATTTACAT,0,2874689
ompRp3,0.023809523809523808,41,41,TTTTAGTGTAACAGCCCGCT,0,2880406
ompRp3,0.023809523809523808,41,41,TGTCTGGTGCACGAGAGCCC,0,2897579
ompRp3,0.023809523809523808,41,41,TGGATCGAGGAAATGGGTGT,0,2895440
ompRp3,0.023809523809523808,41,41,TCAGCGTCGGCTCTAAGCGG,0,2882641
ompRp3,0.023809523809523808,41,41,GTGTATAACATCCCCTGAAG,0,2861679
ompRp3,0.023809523809523808,41,41,GGAGAATTCACCCTCTGTGA,0,2893568
ompRp3,0.023809523809523808,41,41,GCGCGTCTACGACGGGTTTT,0,2902870
ompRp3,0.023809523809523808,41,41,GAGGTTCACGAGATGGCCGA,0,2881822
ompRp3,0.023809523809523808,41,41,CGCACTTGGGACTGGGCCTG,0,2874030
ompRp3,0.023809523809523808,41,41,AGCAGGATATGTGATCAACT,0,2874807
ompRp3,0.023809523809523808,41,41,ACTGTAATCCCACAGCTCTG,0,2886925
ompRp3,0.023809523809523808,41,41,AACTTGCATAAAGCCGATCT,0,2880216
ompRp3,0.024390243902439025,40,40,TGGCACCGGGGCATCACGCT,0,2891201
ompRp3,0.024390243902439025,40,40,TGACCCGGACGTGCACACTG,0,2901614
ompRp3,0.024390243902439025,40,40,TCCCCGGTGAGTTCGGTGGT,0,2874078
ompRp3,0.024390243902439025,40,40,GGGTTCCAATTGAATCGTCA,0,2865930
ompRp3,0.024390243902439025,40,40,GATGTATTCGGGTTTTAAAA,0,2888455
ompRp3,0.024390243902439025,40,40,GATGGTAGTACCAGCGACAA,0,2894347
ompRp3,0.024390243902439025,40,40,GAGCCAATTGCACTCCTATC,0,2865267
ompRp3,0.024390243902439025,40,40,CTTTGGGTTACGGGTATTAT,0,2878676
ompRp3,0.024390243902439025,40,40,CTACGCGAGCGTCAGGGTGC,0,2896504
ompRp3,0.024390243902439025,40,40,CGCCAATCTGGAGGTATTTT,0,2873168
ompRp3,0.024390243902439025,40,40,CGATTTAAAGTGAACATTTA,0,2870442
ompRp3,0.024390243902439025,40,40,CCCACGACTAGCGCTGTGCG,0,2863295
ompRp3,0.024390243902439025,40,40,CATCGAGGCGTATCATTGGC,0,2871641
ompRp3,0.024390243902439025,40,40,ATTACAGCATTCATAACAAA,0,2904461
ompRp3,0.024390243902439025,40,40,ACCCGCTAGTAACTACATGA,0,2906781
ompRp3,0.024390243902439025,40,40,AAACATAAGAGTGTGCCAAT,0,2902171
ompRp3,0.025,39,39,TTTATCTAGGGAATGGGTGT,0,2892009
ompRp3,0.025,39,39,TTCGTCGGGAACTCTTACGA,0,2897884
ompRp3,0.025,39,39,TGACGTCCACGGAGGCCATT,0,2896796
ompRp3,0.025,39,39,TCGACTCTGGTCGCAGTTAC,0,2881476
ompRp3,0.025,39,39,TCCGTTCCTGTGGTTAGCCA,0,2875525
ompRp3,0.025,39,39,TCCGATGGACCTTCAAGTTT,0,2877277
ompRp3,0.025,39,39,TATCTTGGACCTTAGGGACC,0,2882580
ompRp3,0.025,39,39,TAGCTTTGGAGGAGACTCAT,0,2872094
ompRp3,0.025,39,39,GTTGTGGGGGCCGATGTAAC,0,2907657
ompRp3,0.025,39,39,GCGAAGGGAATTCTATGGCA,0,2861745
ompRp3,0.025,39,39,GAATACAGGTACGACTTCGA,0,2862386
ompRp3,0.025,39,39,CGCTTATATGGGCCAGTATA,0,2888670
ompRp3,0.025,39,39,CGACAAAAATCATCCAGAAG,0,2867103
ompRp3,0.025,39,39,CCGCCTCATCAATCTCGTGT,0,2884638
ompRp3,0.025,39,39,CCCGCCGCAGGCCCGCGAAT,0,2862739
ompRp3,0.025,39,39,CAGATTGTTGGTCGAACCAA,0,2865723
ompRp3,0.025,39,39,CACACAATTAAAAATCTCCT,0,2863108
ompRp3,0.025,39,39,CAATCAATACGGTGCTTGAT,0,2906543
ompRp3,0.025,39,39,ATAGGGGGCTACATAAGGAG,0,2872085
ompRp3,0.025,39,39,AGCGTTGTATCGGCCCCTAC,0,2870899
ompRp3,0.025,39,39,AGCATAGCTGGACCCGGAGC,0,2893674
ompRp3,0.025,39,39,ACGTATAAGGTACAAACCGT,0,2905439
ompRp3,0.025,39,39,AATAGGCTTAAGCCGTCTAG,0,2866661
ompRp3,0.025,39,39,AAGATCTATTCCCTTAGGAG,0,2863682
ompRp3,0.02564102564102564,38,38,TTGAAGACAGTGACGGACGT,0,2904930
ompRp3,0.02564102564102564,38,38,TAATCCGTAGGACCCCGAAC,0,2886124
ompRp3,0.02564102564102564,38,38,GTTGAGACCAAGGTACGATT,0,2864357
ompRp3,0.02564102564102564,38,38,GCCTTTCGCGAAGCGAGAGA,0,2887950
ompRp3,0.02564102564102564,38,38,CTGCAGCTTGTCATCCAAGC,0,2869878
ompRp3,0.02564102564102564,38,38,CTCTGTAACCAACAGATTGT,0,2867995
ompRp3,0.02564102564102564,38,38,CTCCAAAGCTCACGAGTCCA,0,2882924
ompRp3,0.02564102564102564,38,38,CGGCCCCCCGAGGTTCGAGG,0,2868622
ompRp3,0.02564102564102564,38,38,CGGACGCGGTATAGTTAATA,0,2861065
ompRp3,0.02564102564102564,38,38,CGCGATGAACATCCGGTTTG,0,2878517
ompRp3,0.02564102564102564,38,38,CGCCCCACGCCACTAGCTTC,0,2866177
ompRp3,0.02564102564102564,38,38,CGAGGCGCAAGGCTCTCACG,0,2869541
ompRp3,0.02564102564102564,38,38,CACTGTGCATGTTCCAGTAT,0,2875703
ompRp3,0.02564102564102564,38,38,CAACTGAATAGGTTTTGCCC,0,2898888
ompRp3,0.02564102564102564,38,38,ATTCATTTTAGCGAGCTTAC,0,2867359
ompRp3,0.02564102564102564,38,38,ATTACGGTATTCCGAGGACA,0,2876121
ompRp3,0.02564102564102564,38,38,ATGGCTTGCTCGGATCCAGT,0,2865199
ompRp3,0.02564102564102564,38,38,AGTCGAGCCTAGGGACAATG,0,2903317
ompRp3,0.02564102564102564,38,38,AGTAAGCAATGAGGGTTCTT,0,2897081
ompRp3,0.02564102564102564,38,38,AGGTTCTACGGCTTTGCAAG,0,2880172
ompRp3,0.02564102564102564,38,38,ACTCAATTCTTCACCAACGT,0,2892511
ompRp3,0.02564102564102564,38,38,ACCCCGAGGGGTTTTAATGA,0,2862842
ompRp3,0.02564102564102564,38,38,ACAGCGCGCGTGCCATTCTT,0,2894094
ompRp3,0.02631578947368421,37,37,TTCATACGAACGTAAGCGGA,0,2869223
ompRp3,0.02631578947368421,37,37,TTAGACAGTCCAGACCTAAC,0,2869542
ompRp3,0.02631578947368421,37,37,TGTTAGCGATCCCGCGCAAT,0,2874073
ompRp3,0.02631578947368421,37,37,TCGGCATGCTGTGAGCATCT,0,2895404
ompRp3,0.02631578947368421,37,37,TCCCCGTGAGCGTTTATTGC,0,2881127
ompRp3,0.02631578947368421,37,37,TCAGTATTCGCTTAAGGGAT,0,2893305
ompRp3,0.02631578947368421,37,37,TAGCAGCTTACGTTGGACCT,0,2886881
ompRp3,0.02631578947368421,37,37,TAGAAGTGTTAACTTAGTAA,0,2870445
ompRp3,0.02631578947368421,37,37,GTCGCAAGCGTAAACCATTA,0,2872785
ompRp3,0.02631578947368421,37,37,GTCAAATTGAGGCTCCTGAT,0,2873771
ompRp3,0.02631578947368421,37,37,GGGACGCATTTGTGCAATGG,0,2882197
ompRp3,0.02631578947368421,37,37,GCCTTTACTCTCAAGGATCA,0,2878396
ompRp3,0.02631578947368421,37,37,CGAAAAGGCAAACGGTTTTA,0,2868099
ompRp3,0.02631578947368421,37,37,CCCCCCGTTGGGCTGATTGT,0,2871539
ompRp3,0.02631578947368421,37,37,CAGATCCTGGAGTACGCCAC,0,2907510
ompRp3,0.02631578947368421,37,37,CACCATTCTACTGCCGGCCC,0,2872555
ompRp3,0.02631578947368421,37,37,ATGCACCAGTTAGGGAAAGG,0,2872943
ompRp3,0.02631578947368421,37,37,AGTTCCTCGCCGGCGAATGC,0,2897001
ompRp3,0.02631578947368421,37,37,AGTATTGAGTTCGCGGTTCC,0,2895292
ompRp3,0.02631578947368421,37,37,AGGGGAGCGCCGGATCTTGA,0,2875233
ompRp3,0.02631578947368421,37,37,AGGCTGCTGAAAAGTGTAAT,0,2901038
ompRp3,0.02631578947368421,37,37,AGAGTTCAGCCTACATATAA,0,2892288
ompRp3,0.02631578947368421,37,37,AATGGCCAGTTGTGACGTGT,0,2895536
ompRp3,0.02631578947368421,37,37,AAATTTCGGGTTCACTGTTG,0,2889216
ompRp3,0.02631578947368421,37,37,AAATTAAGATAAACGAGGCT,0,2874290
ompRp3,0.02702702702702703,36,36,TGTTGTTGTTTGGTGGCCTA,0,2887386
ompRp3,0.02702702702702703,36,36,TGGTATGAATTAAGTTCGGA,0,2864585
ompRp3,0.02702702702702703,36,36,TCTTGACCAGTAAAATGACA,0,2866006
ompRp3,0.02702702702702703,36,36,TCTCTCAGGTATGATAATCA,0,2889072
ompRp3,0.02702702702702703,36,36,TCACATCTAGACGGGCCAGG,0,2861175
ompRp3,0.02702702702702703,36,36,TATCAGCGCGCAATCAAGTC,0,2886546
ompRp3,0.02702702702702703,36,36,TATAGGTTTCAATCCATAGT,0,2861543
ompRp3,0.02702702702702703,36,36,GTTCTGCTCCTTGCTGATAC,0,2906840
ompRp3,0.02702702702702703,36,36,GTGGTTCACTAAGGCTTTGG,0,2887833
ompRp3,0.02702702702702703,36,36,GGTCACGCTTCTTAGGCGCT,0,2884935
ompRp3,0.02702702702702703,36,36,GGAATAAGACAAAGACCGCT,0,2902796
ompRp3,0.02702702702702703,36,36,GCGAGGTGATGGTGGAAGAC,0,2886766
ompRp3,0.02702702702702703,36,36,GCAGGCGAGCAGGACCTAGA,0,2879597
ompRp3,0.02702702702702703,36,36,GATACCGGTCTCGGGGGCTC,0,2884108
ompRp3,0.02702702702702703,36,36,CTGGATCATATAGTTTCCCA,0,2876380
ompRp3,0.02702702702702703,36,36,CTCTAGAGCAAACCGTTCTT,0,2874804
ompRp3,0.02702702702702703,36,36,CTATTGCGTGCGAATCCACT,0,2875028
ompRp3,0.02702702702702703,36,36,CTAGATGTTTCAATACCATA,0,2887683
ompRp3,0.02702702702702703,36,36,CTAGATGATTCCACTATGTT,0,2877116
ompRp3,0.02702702702702703,36,36,CGTGGAGGCACCATTACGAC,0,2871090
ompRp3,0.02702702702702703,36,36,CGGTCTAGGCCGATTCTGGC,0,2876025
ompRp3,0.02702702702702703,36,36,CGAGAAGGGACGCACGTGTA,0,2883338
ompRp3,0.02702702702702703,36,36,CCTGTTCCGGAGGGAGAATT,0,2864110
ompRp3,0.02702702702702703,36,36,CCTAGTGAAAGTACTCGTTT,0,2861518
ompRp3,0.02702702702702703,36,36,CATATTGTATCCAAGTTATG,0,2873798
ompRp3,0.02702702702702703,36,36,CACTGAACCTGGGCTTGTAG,0,2877109
ompRp3,0.02702702702702703,36,36,AGCACCAGCAGTTCGTTTGT,0,2906063
ompRp3,0.02702702702702703,36,36,AGAACATCAGAAACCCTGCC,0,2866046
ompRp3,0.02702702702702703,36,36,ACCTGCGATTGTTTGGGGAA,0,2878773
ompRp3,0.02702702702702703,36,36,AACAACTGCTTCCGTGAATG,0,2887239
ompRp3,0.027777777777777776,35,35,TTTCCCGTAACCTTAATTCA,0,2887700
ompRp3,0.027777777777777776,35,35,TGTCTGCGGCTCCCACCTAA,0,2897956
ompRp3,0.027777777777777776,35,35,TGAGTCTAGGTATCCAAGGG,0,2868080
ompRp3,0.027777777777777776,35,35,TGAGCATACTTGTTCGTAGG,0,2886770
ompRp3,0.027777777777777776,35,35,TAACTCACGTTCTGAGAACA,0,2890697
ompRp3,0.027777777777777776,35,35,TAACCGCGTCACCCTTGATG,0,2874348
ompRp3,0.027777777777777776,35,35,GTTGCGGCGGGCATGAGTCA,0,2891345
ompRp3,0.027777777777777776,35,35,GAGGACATGCCACGTTGGGA,0,2875495
ompRp3,0.027777777777777776,35,35,CGTTGACTCTAACTGGTTCC,0,2886472
ompRp3,0.027777777777777776,35,35,CGTCGGTTCTCGGTGCACCC,0,2894884
ompRp3,0.027777777777777776,35,35,CGGGGTGCTATAGTGCAGAT,0,2883666
ompRp3,0.027777777777777776,35,35,CGGGGGTGCCGATTCCCCCC,0,2887524
ompRp3,0.027777777777777776,35,35,CCTCTTCAGAAATATCGGAT,0,2884095
ompRp3,0.027777777777777776,35,35,CCGATGGAGTGCCGGCCTAG,0,2881986
ompRp3,0.027777777777777776,35,35,CCGAGGACAAATAAGTCCAC,0,2876869
ompRp3,0.027777777777777776,35,35,CCCGGGGCTAGGCCATTATT,0,2880919
ompRp3,0.027777777777777776,35,35,CATCTTCGAATCGAGCCGTT,0,2879371
ompRp3,0.027777777777777776,35,35,CATATCTAGCACGGGTGGAC,0,2882860
ompRp3,0.027777777777777776,35,35,CAGGGAAGGGGCCTTATCCT,0,2881797
ompRp3,0.027777777777777776,35,35,CAGGCAGAATCGCTTCGTAA,0,2862891
ompRp3,0.027777777777777776,35,35,CAACTCATCTGCAAATCACG,0,2879810
ompRp3,0.027777777777777776,35,35,ATTTAACAGCCATGCAGCTA,0,2893897
ompRp3,0.027777777777777776,35,35,ATGATATCGCTTGGTGGAGA,0,2866622
ompRp3,0.027777777777777776,35,35,ATATGTTTTGGATAGAAGGA,0,2870543
ompRp3,0.027777777777777776,35,35,AGGTATGCTTCAGTAGATTT,0,2875663
ompRp3,0.027777777777777776,35,35,AGGCGACGAATTAATATCGC,0,2891344
ompRp3,0.027777777777777776,35,35,AGAATGCGGTCTCATGCGTA,0,2867781
ompRp3,0.027777777777777776,35,35,ACGAGAGTATTACGAGGTTG,0,2866005
ompRp3,0.027777777777777776,35,35,ACCTGATGTTAGAACTCGGT,0,2874798
ompRp3,0.027777777777777776,35,35,ACCATCCCTGCCGTCTGTGG,0,2875938
ompRp3,0.02857142857142857,34,34,TGGTTGGCCTGACTTAATTA,0,2899097
ompRp3,0.02857142857142857,34,34,TGCGCTCGAGTAGTGCGTGT,0,2890051
ompRp3,0.02857142857142857,34,34,TATCCGAGATAAGAAACGCT,0,2869708
ompRp3,0.02857142857142857,34,34,TACCTTGGGAGACGGTATCT,0,2877176
ompRp3,0.02857142857142857,34,34,TACAGCATAAGGCGTAGGAC,0,2873803
ompRp3,0.02857142857142857,34,34,TACACTTCGATTACGAATTT,0,2887285
ompRp3,0.02857142857142857,34,34,TAAGTGGCGTAGCTCAGGGA,0,2870306
ompRp3,0.02857142857142857,34,34,GTTGAGTCGTAAGGCTAGAC,0,2872734
ompRp3,0.02857142857142857,34,34,GTTAATAGGTTTTCTTTTTA,0,2892424
ompRp3,0.02857142857142857,34,34,GTGTGTGGCGTCAGAGTACA,0,2880078
ompRp3,0.02857142857142857,34,34,GGTCTTTTTGGCTCACCTTT,0,2879513
ompRp3,0.02857142857142857,34,34,GGGCTCGGTACGGCTCCACC,0,2902868
ompRp3,0.02857142857142857,34,34,GGAGGCTCTCCAGGGATATC,0,2902527
ompRp3,0.02857142857142857,34,34,GCGTACAGATTTGTGAGGAC,0,2874558
ompRp3,0.02857142857142857,34,34,GAATGCTGGGAAGCCCGCTT,0,2891951
ompRp3,0.02857142857142857,34,34,CTTGGTTTAGTCAAGAGAAC,0,2863358
ompRp3,0.02857142857142857,34,34,CGTAACCCCTAACCGTATTT,0,2892153
ompRp3,0.02857142857142857,34,34,CGAGTCTAGGGGAGCCGGCT,0,2870721
ompRp3,0.02857142857142857,34,34,CGAGTATGGGATAGTGATAT,0,2902463
ompRp3,0.02857142857142857,34,34,CCTGTAGGGTCAGTTATACC,0,2866693
ompRp3,0.02857142857142857,34,34,CCGGAGCCAAACCATAATTA,0,2885413
ompRp3,0.02857142857142857,34,34,CCGATCATACCTCCAGGCCA,0,2888408
ompRp3,0.02857142857142857,34,34,CCCCTCGAGTAGAAAGATTA,0,2867416
ompRp3,0.02857142857142857,34,34,CATGGCGGTGTGGGACCCCA,0,2887387
ompRp3,0.02857142857142857,34,34,CATCTCCGCGTGTTCCTAAG,0,2878721
ompRp3,0.02857142857142857,34,34,CAGTTTATTACTGTCAGGCC,0,2867873
ompRp3,0.02857142857142857,34,34,CACCATGGTTTCGGGCGGAA,0,2869504
ompRp3,0.02857142857142857,34,34,ATATACCCATAAGAATGTTA,0,2865021
ompRp3,0.02857142857142857,34,34,AGGCGGCTTCAAAGAGTCAA,0,2869348
ompRp3,0.02857142857142857,34,34,AGCGTGTGGTGGATAGACAG,0,2872740
ompRp3,0.02857142857142857,34,34,AGCGGACACTTTTCATCACG,0,2862459
ompRp3,0.02857142857142857,34,34,ACGGACCCTGGGTTAATTTT,0,2865862
ompRp3,0.029411764705882353,33,33,TTTGCAGCGTGGGCGTGAGT,0,2867287
ompRp3,0.029411764705882353,33,33,TTTCCTCAACAGATTCAGCG,0,2904454
ompRp3,0.029411764705882353,33,33,TTCCCGTGGGACAAAATGCG,0,2864617
ompRp3,0.029411764705882353,33,33,TTACAACAACCCGGGGCTAA,0,2902275
ompRp3,0.029411764705882353,33,33,TCATTTGAGTTGCTGGGAGA,0,2896172
ompRp3,0.029411764705882353,33,33,TCAACCGACCAACATAGCCC,0,2890774
ompRp3,0.029411764705882353,33,33,TAGCGCTCCCTCTGCGGCTT,0,2889435
ompRp3,0.029411764705882353,33,33,GTTGCTGCAGACACATCTTC,0,2866594
ompRp3,0.029411764705882353,33,33,GTCGGCGTTGTCCTTCAAAT,0,2867749
ompRp3,0.029411764705882353,33,33,GTAAAATACTACGTCGTGCT,0,2872534
ompRp3,0.029411764705882353,33,33,GGGGACTCGGCATTCACGCG,0,2888302
ompRp3,0.029411764705882353,33,33,GGCTATGCTCACACAGGCAA,0,2882968
ompRp3,0.029411764705882353,33,33,GCGTTAGTGCCGGTACCACT,0,2892375
ompRp3,0.029411764705882353,33,33,GCGTCGGTTTTTTCGTATAT,0,2870649
ompRp3,0.029411764705882353,33,33,GAATGCTCGACTAATTCTCG,0,2897049
ompRp3,0.029411764705882353,33,33,CTTCGATGACGAGGGTCTTG,0,2880652
ompRp3,0.029411764705882353,33,33,CTTCCGTACTCTGGTATAAA,0,2904140
ompRp3,0.029411764705882353,33,33,CTTAGGAGCGACGTCGGTAT,0,2880936
ompRp3,0.029411764705882353,33,33,CTGGCCCCGCCCGTCCACAT,0,2899900
ompRp3,0.029411764705882353,33,33,CTCCTCCCACTATGCGATTC,0,2903079
ompRp3,0.029411764705882353,33,33,CTAGTCAGTCAACGACATTG,0,2869268
ompRp3,0.029411764705882353,33,33,CGTGTATCGCTTGAGATGTT,0,2888083
ompRp3,0.029411764705882353,33,33,CGGGTTAGGGGGTTCCACTG,0,2869958
ompRp3,0.029411764705882353,33,33,CGGCTAGGCGGGAGTATCAT,0,2888902
ompRp3,0.029411764705882353,33,33,CCTGTGTCATTATCTTCTCC,0,2899431
ompRp3,0.029411764705882353,33,33,CCTCGCATTAAAGTACGTCC,0,2864010
ompRp3,0.029411764705882353,33,33,CCTAATGGTACCGTCACCGT,0,2905999
ompRp3,0.029411764705882353,33,33,CCGTAAGGGCGCCCGTCAAG,0,2896892
ompRp3,0.029411764705882353,33,33,CCCTCCTTGCCTAGATAAGA,0,2880586
ompRp3,0.029411764705882353,33,33,CCATACTGTGAGGTCGCTGA,0,2889105
ompRp3,0.029411764705882353,33,33,CATCCGGTTGAGACCTATCG,0,2893353
ompRp3,0.029411764705882353,33,33,CATATTGACTGACCCCCCAT,0,2867251
ompRp3,0.029411764705882353,33,33,ATCTCTCTGTCTGTCGGGAT,0,2876757
ompRp3,0.029411764705882353,33,33,ATACGACCAACAGACAGATG,0,2879238
ompRp3,0.029411764705882353,33,33,AGGTCTTCCAGTACTTGGCC,0,2861660
ompRp3,0.029411764705882353,33,33,AGGTACGTGGTTCTGGGATA,0,2861264
ompRp3,0.029411764705882353,33,33,AGCGATTTATAAAGCTTAGA,0,2865865
ompRp3,0.029411764705882353,33,33,ACGGGCTGGAAGGGGAATAT,0,2868942
ompRp3,0.029411764705882353,33,33,AATGGGCCTTGTACTGTAAA,0,2861663
ompRp3,0.029411764705882353,33,33,AATCTGCCCACCCAGTCCCG,0,2902907
ompRp3,0.029411764705882353,33,33,AAGTGGGGTGTCAATGGGAA,0,2893899
ompRp3,0.030303030303030304,32,32,TGTTGGGGCAGGTTTGGGAA,0,2890408
ompRp3,0.030303030303030304,32,32,TGTCATGAAGTCGGAAGAAT,0,2892466
ompRp3,0.030303030303030304,32,32,TCTTTGTATGGTCCGCTTTA,0,2887500
ompRp3,0.030303030303030304,32,32,TCGAATGAGTGGAGAATCGA,0,2872589
ompRp3,0.030303030303030304,32,32,TCACGTCGGGCGTTATCGGA,0,2877164
ompRp3,0.030303030303030304,32,32,TCACCTACGCGGTCTACTGT,0,2883539
ompRp3,0.030303030303030304,32,32,TCACCCAGATGATCCCACTT,0,2880754
ompRp3,0.030303030303030304,32,32,TATTTAGCGAAATTAAAACA,0,2883470
ompRp3,0.030303030303030304,32,32,TATTGACAGACCGGTGCGGG,0,2874559
ompRp3,0.030303030303030304,32,32,GTTTGAAGAGGCTTATAACA,0,2861097
ompRp3,0.030303030303030304,32,32,GTGGTGCTCCTTCAGTATGA,0,2864800
ompRp3,0.030303030303030304,32,32,GCTACAGCCGTTTCACAGAG,0,2893159
ompRp3,0.030303030303030304,32,32,GCGTATACACCAGTGAAAAA,0,2886465
ompRp3,0.030303030303030304,32,32,GCCAAAATCCTAAGAGGTTC,0,2885168
ompRp3,0.030303030303030304,32,32,GAGTTCCTATGACACGCATT,0,2898611
ompRp3,0.030303030303030304,32,32,GAAGTTCCGCCTCCTTTTGT,0,2876726
ompRp3,0.030303030303030304,32,32,CTCAGCGGGCTATTACGACA,0,2905736
ompRp3,0.030303030303030304,32,32,CTAGGGGCAAAACTCCGGGT,0,2895336
ompRp3,0.030303030303030304,32,32,CTAAGCTGGTATTGTAAGGA,0,2889171
ompRp3,0.030303030303030304,32,32,CGTCCTCGGTAAGCGAATTC,0,2881690
ompRp3,0.030303030303030304,32,32,CGTCAAAGGTTATCGCCATC,0,2861093
ompRp3,0.030303030303030304,32,32,CGGGTGCATTTAAGGTAGCT,0,2865056
ompRp3,0.030303030303030304,32,32,CGGGCGCTGAATTAGATGAC,0,2888515
ompRp3,0.030303030303030304,32,32,CGGGCACTTAGGGTTGGGAC,0,2887795
ompRp3,0.030303030303030304,32,32,CGGCTACAGCGGGCGGGGTA,0,2893497
ompRp3,0.030303030303030304,32,32,CGCTAGCCGACGTTTTAATG,0,2891677
ompRp3,0.030303030303030304,32,32,CGATCACGCATCATTCATGA,0,2877035
ompRp3,0.030303030303030304,32,32,CGAAATATTCGTAGCGCCGT,0,2863294
ompRp3,0.030303030303030304,32,32,CCGATAACATTCCTTCTGGA,0,2899848
ompRp3,0.030303030303030304,32,32,CCCGGCCACAGAGAACGATA,0,2866399
ompRp3,0.030303030303030304,32,32,CATTTTCAACGTGATGGCTA,0,2904055
ompRp3,0.030303030303030304,32,32,ATCTGAAGGGGCAGCCGGTC,0,2877243
ompRp3,0.030303030303030304,32,32,ATCATTCTTACTTCCTTCAC,0,2896670
ompRp3,0.030303030303030304,32,32,ATAGAATGACTAAAAGCGCC,0,2901087
ompRp3,0.030303030303030304,32,32,AGTGTGTCAATAGCGCATTC,0,2904237
ompRp3,0.030303030303030304,32,32,AGGTCCAGCAGAACCGAAGC,0,2863210
ompRp3,0.030303030303030304,32,32,AGGCGCTGGTGACTAGCGTC,0,2870072
ompRp3,0.030303030303030304,32,32,ACTAATTCTTTTGAGGTTGC,0,2864317
ompRp3,0.030303030303030304,32,32,ACGCAGGAGAAATTCTCCTT,0,2881619
ompRp3,0.030303030303030304,32,32,ACAATAATTAGCGTAGTGTG,0,2873293
ompRp3,0.030303030303030304,32,32,AATCACCGTCCTCCCGTCTG,0,2862387
ompRp3,0.030303030303030304,32,32,AAGGCCGGGATCTAGTACTT,0,2889628
ompRp3,0.030303030303030304,32,32,AACTCTCCGGGCAACCTACT,0,2866276
ompRp3,0.030303030303030304,32,32,AACAGGAGGCCAGTCCCGCT,0,2879801
ompRp3,0.03125,31,31,TTGCAACCGGTACGAAAGAG,0,2876700
ompRp3,0.03125,31,31,TTGACAGGTATTAGGTAGGT,0,2876565
ompRp3,0.03125,31,31,TGTTCGTATTCAAATTGCTG,0,2876813
ompRp3,0.03125,31,31,TGTCATGTGGTGCGGAGAGT,0,2898538
ompRp3,0.03125,31,31,TGGGTATTCAATGAACGAAA,0,2886899
ompRp3,0.03125,31,31,TGCGTCTGTGTGGACACTTT,0,2876317
ompRp3,0.03125,31,31,TGATGGATGACGGGACTCAG,0,2891247
ompRp3,0.03125,31,31,TGATCGCTAAAAAGTTCGGG,0,2873387
ompRp3,0.03125,31,31,TGATAGCTATGCACCATTCT,0,2898134
ompRp3,0.03125,31,31,TCTGTTTCGGATTAAGCGCT,0,2869301
ompRp3,0.03125,31,31,TCGGGGTATTCTGGACAATT,0,2905243
ompRp3,0.03125,31,31,TCGCGCTAGTAGCGAGGTGA,0,2864671
ompRp3,0.03125,31,31,TCCAGGGAACATAAGCCTCT,0,2904646
ompRp3,0.03125,31,31,TCAGGCTACCTTTTACATGT,0,2874291
ompRp3,0.03125,31,31,TATTACTTAAGGATCGGTTG,0,2860952
ompRp3,0.03125,31,31,TATATGGTTAACGGCTTTAG,0,2896271
ompRp3,0.03125,31,31,TACCGGCTCTGGCTCCGCAT,0,2873974
ompRp3,0.03125,31,31,TAACGATCCTCCCACCCTGT,0,2865381
ompRp3,0.03125,31,31,GTCTCTCCGGCACGAGTAGT,0,2868243
ompRp3,0.03125,31,31,GGTTTTGTTGGAGGCGAATG,0,2879817
ompRp3,0.03125,31,31,GGTATTACCAAGCTTTTAGA,0,2904840
ompRp3,0.03125,31,31,GGGACTCCTATTCCTTCGCA,0,2903209
ompRp3,0.03125,31,31,GGCATGACAAGCGGAGAAAG,0,2875149
ompRp3,0.03125,31,31,GCTTTCCACATAGATGGGTC,0,2869449
ompRp3,0.03125,31,31,GCTGGTTAGCTACCTCACCG,0,2874765
ompRp3,0.03125,31,31,GCTCTGTAACTTGCTATTGA,0,2875472
ompRp3,0.03125,31,31,GCCGTCCATCCTGTCGATCA,0,2894025
ompRp3,0.03125,31,31,GAGAAGGGCCATCCAGTTTA,0,2868415
ompRp3,0.03125,31,31,GACCCGTGCTGTATGCCAAC,0,2891428
ompRp3,0.03125,31,31,CTTTGTCAGAAATCCGGTTG,0,2900912
ompRp3,0.03125,31,31,CTGGGGCGTACGCATCGCAA,0,2904496
ompRp3,0.03125,31,31,CTCGCGCACGGCCAGGTGCT,0,2894674
ompRp3,0.03125,31,31,CTCATCGACACCGTTATCTT,0,2905216
ompRp3,0.03125,31,31,CTATGATGGAGACTTGCGGT,0,2864519
ompRp3,0.03125,31,31,CTAGTTATCTCGGAGCTTTG,0,2889910
ompRp3,0.03125,31,31,CTAATTCTGAACAACGTGGC,0,2867430
ompRp3,0.03125,31,31,CGTTAGGGCTACTCTGTTAG,0,2907178
ompRp3,0.03125,31,31,CGGCACATCATTTTCTCGAT,0,2864374
ompRp3,0.03125,31,31,CGGACGAGAGGCGGTGCGCT,0,2885852
ompRp3,0.03125,31,31,CGCGGCGGTTCCCATCGCGT,0,2880878
ompRp3,0.03125,31,31,CGCGAAACGCTGGTTCCGCA,0,2869544
ompRp3,0.03125,31,31,CGACGTGAAACAGAAGTCGC,0,2868030
ompRp3,0.03125,31,31,CCTGCGAAGCACTGAAATCT,0,2870674
ompRp3,0.03125,31,31,CCGAGCCCATAGTGGTTGGA,0,2861417
ompRp3,0.03125,31,31,CCAGTAGCGCTGCGATCTTC,0,2861062
ompRp3,0.03125,31,31,CCAATCGGCTCGGAGTAGTG,0,2888822
ompRp3,0.03125,31,31,CACCTAGGGGGATGTGGCGT,0,2897308
ompRp3,0.03125,31,31,ATGCTCCTGATCGCACTGCG,0,2862858
ompRp3,0.03125,31,31,ATGCGATATTCTCTATACAA,0,2882769
ompRp3,0.03125,31,31,AGTGATCAACTGAATGCGAT,0,2906666
ompRp3,0.03125,31,31,AGTAAAAAACTGTGCCCACA,0,2873184
ompRp3,0.03125,31,31,AGAAGCAGCAAGAGATCTTG,0,2900747
ompRp3,0.03125,31,31,ACTGAGGAAAGCCGTCGCAG,0,2871488
ompRp3,0.03125,31,31,ACAGACTGTGCGACTACATC,0,2865055
ompRp3,0.03125,31,31,AATGGTGAGGACGCGGCCTA,0,2889696
ompRp3,0.03125,31,31,AATCGTTTATGCGCTCGTCA,0,2894729
ompRp3,0.03125,31,31,AAGGGCAAGAGATGCCTCGA,0,2871435
ompRp3,0.03125,31,31,AAGCTTATTCCGCTTGACAT,0,2891028
ompRp3,0.03125,31,31,AAATGTAACCGAGGTGTCTC,0,2897216
ompRp3,0.03125,31,31,AAACTCCTAGAGCGTTGGAA,0,2893978
ompRp3,0.03125,31,31,AAACGACAGTGAAGATCCTG,0,2862257
ompRp3,0.03225806451612903,30,30,TTTGCTCATTGCACGGATTC,0,2891250
ompRp3,0.03225806451612903,30,30,TTGGTTCCTACGCTTAAGTC,0,2894766
ompRp3,0.03225806451612903,30,30,TCTCATAAACTTTTAAGATT,0,2861607
ompRp3,0.03225806451612903,30,30,TCTATGAGCCGGTAATTAAA,0,2868480
ompRp3,0.03225806451612903,30,30,TATAAACGTTTTCAGATAAT,0,2891088
ompRp3,0.03225806451612903,30,30,TAAGTATATAATTTTTTACA,0,2886078
ompRp3,0.03225806451612903,30,30,TAACCGTCCATACGTGTTGA,0,2883919
ompRp3,0.03225806451612903,30,30,GTATGCACCGGCCCCTTCTG,0,2861871
ompRp3,0.03225806451612903,30,30,GGGGTTGGGACATGACGCCA,0,2899670
ompRp3,0.03225806451612903,30,30,GCCTGGCGTACAGCTGAGTA,0,2879515
ompRp3,0.03225806451612903,30,30,GCAGTTGGTTATATTTCCAT,0,2896546
ompRp3,0.03225806451612903,30,30,GCACCCTCACTCGTGCTACA,0,2887750
ompRp3,0.03225806451612903,30,30,GAACCCTATGTATCACGTTA,0,2868870
ompRp3,0.03225806451612903,30,30,GAAAGTCCTCTATTATCGAG,0,2884382
ompRp3,0.03225806451612903,30,30,CTTGTACCGTTAAGACGTAG,0,2884528
ompRp3,0.03225806451612903,30,30,CTTCAGTACCTAAGGTTAAC,0,2903169
ompRp3,0.03225806451612903,30,30,CTGGTTCCGCACCATTTCCC,0,2862324
ompRp3,0.03225806451612903,30,30,CTCTTTTCATAGCCTCCAGG,0,2896158
ompRp3,0.03225806451612903,30,30,CGTGAAAGACTATCTGGACG,0,2906055
ompRp3,0.03225806451612903,30,30,CGTCCAGGTTTCACAGACGA,0,2864557
ompRp3,0.03225806451612903,30,30,CGGTCCGTACGCCATCGGAT,0,2877077
ompRp3,0.03225806451612903,30,30,CGAATCATGTAAATTATCAT,0,2894919
ompRp3,0.03225806451612903,30,30,CGAAGTTCCTAACAGGTAAA,0,2886155
ompRp3,0.03225806451612903,30,30,CCTTCCAGTTGGATACACGT,0,2877795
ompRp3,0.03225806451612903,30,30,CCTTACAGGCCCCGCCAAGC,0,2902968
ompRp3,0.03225806451612903,30,30,CCTAACATTGTCGTATGGCC,0,2860923
ompRp3,0.03225806451612903,30,30,CCGTTTCAATGGACATGGGT,0,2887829
ompRp3,0.03225806451612903,30,30,CCCGTATTTGGCACTCCGCT,0,2901554
ompRp3,0.03225806451612903,30,30,CCCATAAATTCAAGTTAACG,0,2872630
ompRp3,0.03225806451612903,30,30,CATCCTCGGGATCGGAACAC,0,2900075
ompRp3,0.03225806451612903,30,30,CAGCCGGCAACGCTTCACGT,0,2861249
ompRp3,0.03225806451612903,30,30,CACGGGAAGCGTTGTCATTC,0,2872639
ompRp3,0.03225806451612903,30,30,CAACCACTCTGCGCGCCAGG,0,2878451
ompRp3,0.03225806451612903,30,30,ATTAGCACCTTTTTTTGTTG,0,2892814
ompRp3,0.03225806451612903,30,30,ATGTGCCGAGTTGATAGGAA,0,2889223
ompRp3,0.03225806451612903,30,30,ATAGAGGGTCAGCTCATGAG,0,2864308
ompRp3,0.03225806451612903,30,30,AGCGCTTACTTCGTAGCGCA,0,2899121
ompRp3,0.03225806451612903,30,30,AGATCACTGATCCCCTGCCG,0,2895546
ompRp3,0.03225806451612903,30,30,AGATCACACAATCGACTGAC,0,2889501
ompRp3,0.03225806451612903,30,30,AGAGCAGGTGATGTTTTGCT,0,2873742
ompRp3,0.03225806451612903,30,30,AGAAGGGCTGGGCAACAGGT,0,2881211
ompRp3,0.03225806451612903,30,30,ACCCGGATAGGAAGAGAAAG,0,2893412
ompRp3,0.03225806451612903,30,30,ACAGTCTAGGAGTTATAAGA,0,2869510
ompRp3,0.03225806451612903,30,30,ACAGACCGAACGGGGGAGCA,0,2885716
ompRp3,0.03225806451612903,30,30,AATGCGGGCTGGACTATGCT,0,2886248
ompRp3,0.03225806451612903,30,30,AATACGGCTTTTCGTGCCTA,0,2891920
ompRp3,0.03225806451612903,30,30,AATACAGGTCGTGTCGGTCC,0,2897525
ompRp3,0.03225806451612903,30,30,AACGCGTGACTATGGGGGCT,0,2884579
ompRp3,0.03225806451612903,30,30,AAATTAGCAAAATGCCTCGT,0,2902159
ompRp3,0.03333333333333333,29,29,TTTAGGCCCCTTCTACTGTT,0,2871432
ompRp3,0.03333333333333333,29,29,TTGAGGAGAGAACAGAGCGC,0,2879311
ompRp3,0.03333333333333333,29,29,TGTTTGGCTAAAATTCTGCT,0,2871499
ompRp3,0.03333333333333333,29,29,TGGTCCCTTATGTGAGACAC,0,2905212
ompRp3,0.03333333333333333,29,29,TCTATCCGCAAAGCGATCAT,0,2871538
ompRp3,0.03333333333333333,29,29,TCCGAGCCCACCCACGCAGG,0,2891785
ompRp3,0.03333333333333333,29,29,TCCAGATAGTACGGATGCGG,0,2886841
ompRp3,0.03333333333333333,29,29,TCAAGGGAATTTTGGGTTCA,0,2864470
ompRp3,0.03333333333333333,29,29,TATGCTACGGTCGAGTCCTA,0,2876668
ompRp3,0.03333333333333333,29,29,TACGCAAGGCACTCAGTATT,0,2861638
ompRp3,0.03333333333333333,29,29,TACCAATCGACGAAGGATAC,0,2876417
ompRp3,0.03333333333333333,29,29,TACATCGGGATCTGGTCTAT,0,2877280
ompRp3,0.03333333333333333,29,29,TAAGATGTGATTTCGTGCTG,0,2895243
ompRp3,0.03333333333333333,29,29,GTCGCCGGTATAGGTGGAAA,0,2889549
ompRp3,0.03333333333333333,29,29,GGTGTGATCCCGTGTCGGGA,0,2901913
ompRp3,0.03333333333333333,29,29,GGTACTTTGAGTTTAGTGAA,0,2891959
ompRp3,0.03333333333333333,29,29,GGGGCAACAACATTTTATTA,0,2866673
ompRp3,0.03333333333333333,29,29,GCCTAACTTCTCTGGAGGCG,0,2883647
ompRp3,0.03333333333333333,29,29,GCCAAAATTGTAATAGCCAT,0,2899530
ompRp3,0.03333333333333333,29,29,GCACAGAGGCACGGTTAGTA,0,2903573
ompRp3,0.03333333333333333,29,29,GATATGCGAGTCACATCGTA,0,2885095
ompRp3,0.03333333333333333,29,29,GATAGTCCCCTGTTACGAGT,0,2869267
ompRp3,0.03333333333333333,29,29,CTTGCTCGGATCGCCGCATA,0,2904932
ompRp3,0.03333333333333333,29,29,CTTCAGTCTAAGTCAATCAC,0,2897009
ompRp3,0.03333333333333333,29,29,CTCCCCGTAGCACCACGGAG,0,2875148
ompRp3,0.03333333333333333,29,29,CGTAAGGCTGCCCATACAGC,0,2872856
ompRp3,0.03333333333333333,29,29,CGGATCTATCATATCTCTTC,0,2871059
ompRp3,0.03333333333333333,29,29,CGGACCGGATTGAGTGTCAC,0,2904001
ompRp3,0.03333333333333333,29,29,CGCCTTCACGGGGAGTGGGG,0,2896834
ompRp3,0.03333333333333333,29,29,CGCATCTTATATCTCTAGTT,0,2888815
ompRp3,0.03333333333333333,29,29,CGAACACTCTCCGCAAAGTT,0,2891999
ompRp3,0.03333333333333333,29,29,CCTAGATAAATGGAACTCGT,0,2873035
ompRp3,0.03333333333333333,29,29,CCCAAAGGCCCACGTCTGGA,0,2891762
ompRp3,0.03333333333333333,29,29,CCATGGACCAACCGTCTATT,0,2878045
ompRp3,0.03333333333333333,29,29,CATGTTTGGGCGCGTCCGCG,0,2878125
ompRp3,0.03333333333333333,29,29,CATGGGTGCTTTCCGCAGTT,0,2882064
ompRp3,0.03333333333333333,29,29,CACTAAAAAGGGTCCGCGCG,0,2879570
ompRp3,0.03333333333333333,29,29,CAAGAGATAAGGATTTACTA,0,2887932
ompRp3,0.03333333333333333,29,29,ATTCATTGAGTAATCGACGC,0,2879762
ompRp3,0.03333333333333333,29,29,ATGGGTGCAAGGGCGTAATG,0,2883119
ompRp3,0.03333333333333333,29,29,ATACTCATAGATAAAGCATA,0,2862661
ompRp3,0.03333333333333333,29,29,AGGCAGGGAGGGGCAATTGG,0,2866042
ompRp3,0.03333333333333333,29,29,AGCATGGTGTTGGATTCCTA,0,2885605
ompRp3,0.03333333333333333,29,29,AGATAATTTCATCGCTATAA,0,2888278
ompRp3,0.03333333333333333,29,29,AGAGCAAGGTTTTGGGTTGG,0,2871484
ompRp3,0.03333333333333333,29,29,AAGCATGACGGATCGTTTCC,0,2866698
ompRp3,0.034482758620689655,28,28,TTTCGAGATGAGCAGTTTTG,0,2862293
ompRp3,0.034482758620689655,28,28,TTGCCGACGGTGCTAGCGTA,0,2905947
ompRp3,0.034482758620689655,28,28,TTATTTGGGCACGTCTCGTT,0,2891382
ompRp3,0.034482758620689655,28,28,TTATGTACAAAGATCCACAA,0,2876946
ompRp3,0.034482758620689655,28,28,TGTAGGTGGTAACAGGGGAT,0,2878516
ompRp3,0.034482758620689655,28,28,TGGGTTATTCTTCGGTCAGG,0,2904068
ompRp3,0.034482758620689655,28,28,TGGGAGTATAGACAGGATAT,0,2905862
ompRp3,0.034482758620689655,28,28,TGCTGACGTGGCCGTCTCGA,0,2873023
ompRp3,0.034482758620689655,28,28,TGCGTGAACGCTTGCAGAGG,0,2868576
ompRp3,0.034482758620689655,28,28,TCTGCGGGCCAGTGTTGTAT,0,2887842
ompRp3,0.034482758620689655,28,28,TATCACTTAAGTGGAGACTA,0,2888458
ompRp3,0.034482758620689655,28,28,TACCGTCGAATAGTAGAGAT,0,2872381
ompRp3,0.034482758620689655,28,28,TACATTCTTTGCTATATACG,0,2864828
ompRp3,0.034482758620689655,28,28,GTTAGTTGATTTCCTGTATT,0,2882158
ompRp3,0.034482758620689655,28,28,GTGGCCCAGTGTGGCCCAGA,0,2896251
ompRp3,0.034482758620689655,28,28,GTGCCCTTATAAGTGTAATT,0,2882622
ompRp3,0.034482758620689655,28,28,GTCTCGCTACAGTAACAATC,0,2871930
ompRp3,0.034482758620689655,28,28,GTCAATGGATTTGAAGGGAC,0,2890557
ompRp3,0.034482758620689655,28,28,GGTGGACCGTAGCGGCTATT,0,2888385
ompRp3,0.034482758620689655,28,28,GGTCTCTAGCCAAGCGAGCC,0,2902292
ompRp3,0.034482758620689655,28,28,GGGGTATAGCCACCACGAGA,0,2868452
ompRp3,0.034482758620689655,28,28,GGCATTGGTAAAGAGATCTC,0,2884313
ompRp3,0.034482758620689655,28,28,GGAGGTGGCAGGTGCAAAGT,0,2895461
ompRp3,0.034482758620689655,28,28,GCGTTGATTGTTTAGGGCAA,0,2869073
ompRp3,0.034482758620689655,28,28,GCGCGTCTAAGATTATGCGA,0,2890521
ompRp3,0.034482758620689655,28,28,GCCTCGTTATATTGTACCTT,0,2886032
ompRp3,0.034482758620689655,28,28,GCCTATTACTAGGAGTAGAG,0,2887441
ompRp3,0.034482758620689655,28,28,GCCGCACAGTGCACGGGGTC,0,2884280
ompRp3,0.034482758620689655,28,28,GCATTAACTTGGCGGCGTTC,0,2891328
ompRp3,0.034482758620689655,28,28,GCACGAGACTCCATACAAAT,0,2884527
ompRp3,0.034482758620689655,28,28,GACCATGCGTCCCGATGAGT,0,2900137
ompRp3,0.034482758620689655,28,28,GACAATAGGGACCAGTACTA,0,2867613
ompRp3,0.034482758620689655,28,28,GAAACGGCGCGCACATTATG,0,2877394
ompRp3,0.034482758620689655,28,28,CTTCCCGGAAGCGGACGACG,0,2863326
ompRp3,0.034482758620689655,28,28,CTGGCCGGGAATAGGCGGGT,0,2900368
ompRp3,0.034482758620689655,28,28,CTCGTCATGCGAGCTAGCTT,0,2878684
ompRp3,0.034482758620689655,28,28,CTCGGGACCAACATTACTTG,0,2906777
ompRp3,0.034482758620689655,28,28,CTCCACGCCGCTGCCTCTGT,0,2885674
ompRp3,0.034482758620689655,28,28,CTAAGGCATGACCACATTTA,0,2864907
ompRp3,0.034482758620689655,28,28,CGTTTAGTCCAGCCAATCCA,0,2877946
ompRp3,0.034482758620689655,28,28,CGGTGGCTTACGTTCGATGA,0,2895205
ompRp3,0.034482758620689655,28,28,CGCCACACGCGGATCAGGTA,0,2869424
ompRp3,0.034482758620689655,28,28,CGCAAAAAGTTAGTCCTGCT,0,2897151
ompRp3,0.034482758620689655,28,28,CGAGATCGGACTCCGTGTCC,0,2890511
ompRp3,0.034482758620689655,28,28,CCTCGGTATGACAAGGATTT,0,2885312
ompRp3,0.034482758620689655,28,28,CCGGGCCTCATGCTTCCGTG,0,2885896
ompRp3,0.034482758620689655,28,28,CCACTCGCCACGAGGCTAGC,0,2893225
ompRp3,0.034482758620689655,28,28,CCAACGGAGGGGAACGCAAT,0,2880941
ompRp3,0.034482758620689655,28,28,CATTCCAAGCTACCACCGAT,0,2864026
ompRp3,0.034482758620689655,28,28,CATGCAACGCAATAGAGGCA,0,2904294
ompRp3,0.034482758620689655,28,28,CAACACATAGCTTTAGATTC,0,2890364
ompRp3,0.034482758620689655,28,28,ATCTATAGTCGGCTGGTACT,0,2904886
ompRp3,0.034482758620689655,28,28,AGTAAGTGATGTTCCAGGAC,0,2875497
ompRp3,0.034482758620689655,28,28,AGGTCCGTGTTTATACCCTG,0,2880591
ompRp3,0.034482758620689655,28,28,AGGGGGCCTGGCTAGGAGGT,0,2862357
ompRp3,0.034482758620689655,28,28,AGCACTTCAGCCGGTATATT,0,2896106
ompRp3,0.034482758620689655,28,28,ACTTTAGAGCGCCCGAAAGG,0,2883407
ompRp3,0.034482758620689655,28,28,ACTCGAACGCGGGTATGGAG,0,2880933
ompRp3,0.034482758620689655,28,28,ACGTCCGATGAAGGGTACCC,0,2868427
ompRp3,0.034482758620689655,28,28,ACATTCGGATTTCAGATCTC,0,2873441
ompRp3,0.034482758620689655,28,28,AAGTTGAGCCGCTATGGTAA,0,2892745
ompRp3,0.034482758620689655,28,28,AACCTATGGCCCCTCTCATG,0,2861335
ompRp3,0.034482758620689655,28,28,AAAATCTCTTGATGTTGCTA,0,2866548
ompRp3,0.03571428571428571,27,27,TTTTGCGGTAGTCTCTGGAC,0,2902689
ompRp3,0.03571428571428571,27,27,TTTCATATGGGAAATGGACT,0,2861238
ompRp3,0.03571428571428571,27,27,TTGACTCGTTCATCGAAGAT,0,2863055
ompRp3,0.03571428571428571,27,27,TTGACGCGTTTTGATTGCAG,0,2895117
ompRp3,0.03571428571428571,27,27,TGTGGAAGCGGGAAAGTCAT,0,2873662
ompRp3,0.03571428571428571,27,27,TGTCCCGGGTATGGAAACGA,0,2872179
ompRp3,0.03571428571428571,27,27,TGTAAGTGGCGAGAAAAGAG,0,2865324
ompRp3,0.03571428571428571,27,27,TGAGGTAGCGACGAGGGCTA,0,2879418
ompRp3,0.03571428571428571,27,27,TCTTGTCCAGTTAATGGTTG,0,2879572
ompRp3,0.03571428571428571,27,27,TCTGTTCGTCATAGGCGCTA,0,2896541
ompRp3,0.03571428571428571,27,27,TCGATCCTTGATCTGAACTA,0,2904365
ompRp3,0.03571428571428571,27,27,TCGAGTGGAAGGTCATAAAT,0,2900196
ompRp3,0.03571428571428571,27,27,TCCCAGTATTGTCGTCAGTG,0,2867593
ompRp3,0.03571428571428571,27,27,TATTCATCAGCCCGTACAAG,0,2888383
ompRp3,0.03571428571428571,27,27,TAGGTGTGGTGCGTTTCGAA,0,2868600
ompRp3,0.03571428571428571,27,27,TAGGAAGTGTCCCCCGTCGT,0,2880994
ompRp3,0.03571428571428571,27,27,TACGGAGAGTAGGCAAGTAT,0,2894696
ompRp3,0.03571428571428571,27,27,TAAGTTTCTAGACTCTGATA,0,2863775
ompRp3,0.03571428571428571,27,27,TAAAGGCCGTCGAGAACAGA,0,2868590
ompRp3,0.03571428571428571,27,27,GTGTCATATGCACAAATCCC,0,2897036
ompRp3,0.03571428571428571,27,27,GGGTCCCCAATAGGTCTGCT,0,2883532
ompRp3,0.03571428571428571,27,27,GGCGGATTTAAGCACACGCT,0,2894167
ompRp3,0.03571428571428571,27,27,GGACATCACAATGACCGCGT,0,2893682
ompRp3,0.03571428571428571,27,27,GCGTATCCCTCTATAATATA,0,2882143
ompRp3,0.03571428571428571,27,27,GCGGCGAACCACTTGGGTGC,0,2877245
ompRp3,0.03571428571428571,27,27,GCGATACACAATCCCCGAGT,0,2882901
ompRp3,0.03571428571428571,27,27,GCCGGCTTTCGAAGAAGTAT,0,2869804
ompRp3,0.03571428571428571,27,27,GCAACGTGCTCACGTAGGTA,0,2886701
ompRp3,0.03571428571428571,27,27,GATCACCTCGGCCCTAGGTG,0,2861502
ompRp3,0.03571428571428571,27,27,GAGTCTTGAACTGCGGGCAT,0,2875760
ompRp3,0.03571428571428571,27,27,GAGGAACCATACCTTAACCA,0,2895055
ompRp3,0.03571428571428571,27,27,GACGAATCATAGGAACAGTC,0,2879451
ompRp3,0.03571428571428571,27,27,GAATTGAGACGGACTCCGCG,0,2890472
ompRp3,0.03571428571428571,27,27,GAAGGGGGCTGTCCGAATAC,0,2872143
ompRp3,0.03571428571428571,27,27,CTTCAAACGTATGAGCAACT,0,2887889
ompRp3,0.03571428571428571,27,27,CTGGGTAATTATTTCTCCAT,0,2898766
ompRp3,0.03571428571428571,27,27,CTGACAGAAGTAAACGTCAG,0,2880882
ompRp3,0.03571428571428571,27,27,CTGACAAGTGCACGTGGCGG,0,2875273
ompRp3,0.03571428571428571,27,27,CTCGTGGGGATTTCTGTTGT,0,2896538
ompRp3,0.03571428571428571,27,27,CTCCGGGCAGCCTTTATCAC,0,2866132
ompRp3,0.03571428571428571,27,27,CGTCCCCCCTAGTCGAGCCT,0,2884879
ompRp3,0.03571428571428571,27,27,CGGTGGAAATATACTTCTGG,0,2875642
ompRp3,0.03571428571428571,27,27,CGGTAAAATGCATTTCCAAT,0,2866157
ompRp3,0.03571428571428571,27,27,CGGGGTCCGGGACTAAACCC,0,2868874
ompRp3,0.03571428571428571,27,27,CGGACAGTGCACGAGTTGTG,0,2895951
ompRp3,0.03571428571428571,27,27,CGCTCGGCTCGAGGGAAAGC,0,2867079
ompRp3,0.03571428571428571,27,27,CGCGACAAATACTGCAGATT,0,2898775
ompRp3,0.03571428571428571,27,27,CGCCGCCAGTTGGGCGGAGT,0,2898759
ompRp3,0.03571428571428571,27,27,CCTTCGGCTTATTTAGGCCG,0,2862122
ompRp3,0.03571428571428571,27,27,CCATCATCTACCGCGTCGGC,0,2886444
ompRp3,0.03571428571428571,27,27,CAGTGTTCGGCGGCTCTCTA,0,2876756
ompRp3,0.03571428571428571,27,27,CAGTGTCAATCCCGTCAGTA,0,2877101
ompRp3,0.03571428571428571,27,27,CAGCTCAACGGGACAAACAT,0,2875911
ompRp3,0.03571428571428571,27,27,CAATCGAGAGGATGGATCCT,0,2880705
ompRp3,0.03571428571428571,27,27,ATTCTGACAGCTACTCGGTC,0,2872325
ompRp3,0.03571428571428571,27,27,ATTCCGAGCCATGACTTCAA,0,2862751
ompRp3,0.03571428571428571,27,27,ATGGACGAGTAGTACGCTTG,0,2872444
ompRp3,0.03571428571428571,27,27,ATATCTAAGTTTTAGGTGGG,0,2884154
ompRp3,0.03571428571428571,27,27,ATACGCGCGTTCGATGCAAT,0,2871536
ompRp3,0.03571428571428571,27,27,AGTCGGAAGTACGTATAACA,0,2892116
ompRp3,0.03571428571428571,27,27,AGGTGAGTCTTCGGGATGTT,0,2898808
ompRp3,0.03571428571428571,27,27,AGGAATCTCAAAAGTCATTA,0,2863761
ompRp3,0.03571428571428571,27,27,AGCCTTGACATTCAGATAGA,0,2883965
ompRp3,0.03571428571428571,27,27,AGCATCCAATGGTGTAAACC,0,2899220
ompRp3,0.03571428571428571,27,27,AGACGGTAATGGCAACATGC,0,2872378
ompRp3,0.03571428571428571,27,27,ACTTCGGTCCTACCTACCTC,0,2895465
ompRp3,0.03571428571428571,27,27,ACTGAGCTCAACCCTAAATG,0,2906670
ompRp3,0.03571428571428571,27,27,ACTGACGTCCAGTAATTGTA,0,2872935
ompRp3,0.03571428571428571,27,27,ACGACGCGAACGTCTACCTG,0,2888756
ompRp3,0.03571428571428571,27,27,ACCGGGATTCTCGCTCCATA,0,2870370
ompRp3,0.03571428571428571,27,27,ACCCTGCTGGGGATCCGTTG,0,2891830
ompRp3,0.03571428571428571,27,27,ACATTAACGCCGGTAGGCGA,0,2891654
ompRp3,0.03571428571428571,27,27,AATTCTCGATAACTTACAAG,0,2891026
ompRp3,0.03571428571428571,27,27,AATGTCGTAAATAGGTCGCA,0,2871807
ompRp3,0.03571428571428571,27,27,AAGTGTGAAGCGATATAACG,0,2904464
ompRp3,0.03571428571428571,27,27,AAGTAGAACACTGGGGAATG,0,2882157
ompRp3,0.03571428571428571,27,27,AAGGGCCTGAGATCGGACAC,0,2877144
ompRp3,0.03571428571428571,27,27,AAGACTGCCTGGCCAAGGTT,0,2905838
ompRp3,0.03571428571428571,27,27,AACTAATGCCGTGGTCCCGA,0,2876530
ompRp3,0.037037037037037035,26,26,TTGTAAGCCGAACCTCACCA,0,2882555
ompRp3,0.037037037037037035,26,26,TTCGGCAGCAATCCTGTTCT,0,2873486
ompRp3,0.037037037037037035,26,26,TTCCTGAAACGTTCTTAGTT,0,2875257
ompRp3,0.037037037037037035,26,26,TTATAGGAGTACGTTGGGAT,0,2880762
ompRp3,0.037037037037037035,26,26,TTAAGATGTTGTGATAAGGA,0,2865166
ompRp3,0.037037037037037035,26,26,TGTTCAACTCAACGGTACAG,0,2870723
ompRp3,0.037037037037037035,26,26,TGTGACCCAGTGTATGAGAG,0,2898949
ompRp3,0.037037037037037035,26,26,TGGCCCATTGAGGAGTCCTC,0,2899676
ompRp3,0.037037037037037035,26,26,TGGCAGGTCAATATAATAAG,0,2903492
ompRp3,0.037037037037037035,26,26,TGGCAATCGTTAGACCCGCC,0,2878919
ompRp3,0.037037037037037035,26,26,TGAGTTCGTAGATTTGGCAC,0,2868603
ompRp3,0.037037037037037035,26,26,TCTTGTACGAACGTTTGTAC,0,2900516
ompRp3,0.037037037037037035,26,26,TCTCGAGGGTAGAAGTTAAA,0,2905986
ompRp3,0.037037037037037035,26,26,TCGGCGCCAGCGAACCGGCG,0,2877749
ompRp3,0.037037037037037035,26,26,TCAACCGACGTAGGCAGTGA,0,2866261
ompRp3,0.037037037037037035,26,26,TATTTTCAGACCAATAAAAA,0,2874873
ompRp3,0.037037037037037035,26,26,TATCTAGTTAGGAAAGGGGA,0,2867415
ompRp3,0.037037037037037035,26,26,TAGGGTATCAGATACGCCCT,0,2870498
ompRp3,0.037037037037037035,26,26,GTTAATCACGCCAGTACGTA,0,2881536
ompRp3,0.037037037037037035,26,26,GTGGTATGGATTAGAGTAAG,0,2893481
ompRp3,0.037037037037037035,26,26,GTGGCTAAGAATAATCCTGC,0,2889611
ompRp3,0.037037037037037035,26,26,GTGAGGGAGAACGTCCTGTA,0,2896008
ompRp3,0.037037037037037035,26,26,GTCTAAAACTAAGGTCCTGT,0,2878261
ompRp3,0.037037037037037035,26,26,GTAATACTTTCTGCGATGAT,0,2904087
ompRp3,0.037037037037037035,26,26,GTAAGCATAACCACGTTCGA,0,2907005
ompRp3,0.037037037037037035,26,26,GTAAGACCTGGTCGGGTTTG,0,2901277
ompRp3,0.037037037037037035,26,26,GGGTTCGACCGTAGGTACTG,0,2898493
ompRp3,0.037037037037037035,26,26,GGGAGGAGTTGGGATGCTAG,0,2895641
ompRp3,0.037037037037037035,26,26,GGGAACGGTTGACGGTCATT,0,2864002
ompRp3,0.037037037037037035,26,26,GGCCTGACGGGTAGGTCGTA,0,2903618
ompRp3,0.037037037037037035,26,26,GCTTCTAAATACTCTGGGAA,0,2868596
ompRp3,0.037037037037037035,26,26,GCTAGACAACACCGGCCAAC,0,2884475
ompRp3,0.037037037037037035,26,26,GCTAATGTACTGGGTTCTGA,0,2872481
ompRp3,0.037037037037037035,26,26,GCCGGAACCTCACGTGATTT,0,2880074
ompRp3,0.037037037037037035,26,26,GCAGCTTTATGAGATTAAAT,0,2871547
ompRp3,0.037037037037037035,26,26,GATGATTAGTAAGTGGGTTG,0,2888472
ompRp3,0.037037037037037035,26,26,GAGCTTGCGTACCAGTCTCA,0,2879412
ompRp3,0.037037037037037035,26,26,GAGCTGTTTCAGCAGAAAAT,0,2896167
ompRp3,0.037037037037037035,26,26,GAGCTACGTACTAAAAACCG,0,2900645
ompRp3,0.037037037037037035,26,26,GAGATTCGTCTTCTTCATGT,0,2866502
ompRp3,0.037037037037037035,26,26,GACTAACAAATCGGCACTGC,0,2870437
ompRp3,0.037037037037037035,26,26,GACGGGTCTTGGTCACAGAA,0,2881185
ompRp3,0.037037037037037035,26,26,GAAGTGTAATCCTGTCTGTT,0,2881643
ompRp3,0.037037037037037035,26,26,GAACCAGACCGTCATTATGC,0,2875035
ompRp3,0.037037037037037035,26,26,GAAATAACCGGATATCGCTG,0,2865326
ompRp3,0.037037037037037035,26,26,CTTTGTGAACGTTCAATCGG,0,2901562
ompRp3,0.037037037037037035,26,26,CTTGATCGATTCTCCTATTC,0,2898036
ompRp3,0.037037037037037035,26,26,CTTCGTTGCTCGACGCGAAC,0,2894345
ompRp3,0.037037037037037035,26,26,CTGTCCTTCTCATTCGATCC,0,2884574
ompRp3,0.037037037037037035,26,26,CTGGAGAGGTCAGCTTATCA,0,2873319
ompRp3,0.037037037037037035,26,26,CTGCTGCACCGGTGCCCGTA,0,2896071
ompRp3,0.037037037037037035,26,26,CTATCGGAGCGCGTATGCCT,0,2863760
ompRp3,0.037037037037037035,26,26,CTAAGTCCTGCGGTCGAAGT,0,2876567
ompRp3,0.037037037037037035,26,26,CGGTTGACCATTTCAGGGTT,0,2888644
ompRp3,0.037037037037037035,26,26,CGCGTGCTTGCGTTGTGCTT,0,2864711
ompRp3,0.037037037037037035,26,26,CGCAGGCGTTTACCCGGGAC,0,2901851
ompRp3,0.037037037037037035,26,26,CGAGTCCCATTCCGCACAAG,0,2875841
ompRp3,0.037037037037037035,26,26,CCTCACTGCCGCTTGTGCTG,0,2895629
ompRp3,0.037037037037037035,26,26,CCTAGATTTGGAGTCAAGGC,0,2861478
ompRp3,0.037037037037037035,26,26,CCGGGTCAAGCCGTACACCA,0,2870936
ompRp3,0.037037037037037035,26,26,CCGGCGACCGCGTGCGAACG,0,2879887
ompRp3,0.037037037037037035,26,26,CCATCCGTTGACAAGCTAGA,0,2886369
ompRp3,0.037037037037037035,26,26,CCAATTTTTATCATAATTAT,0,2883546
ompRp3,0.037037037037037035,26,26,CAGTCTGTAGCGGTTACATG,0,2875029
ompRp3,0.037037037037037035,26,26,CACCTTGGGCCTCTGTAGAC,0,2886009
ompRp3,0.037037037037037035,26,26,CACATTTGACTTATGCGATC,0,2890301
ompRp3,0.037037037037037035,26,26,CAAGCTGGCACCCGTCACTA,0,2895403
ompRp3,0.037037037037037035,26,26,CAACTGTTTCCCGTTACAGC,0,2862259
ompRp3,0.037037037037037035,26,26,CAACAGTGATCACTGTTGAA,0,2874946
ompRp3,0.037037037037037035,26,26,ATTGCAGCCGCTGGCGCCGA,0,2903136
ompRp3,0.037037037037037035,26,26,ATGTCTCCCTGGGCGCGACA,0,2876346
ompRp3,0.037037037037037035,26,26,ATGTCGGTATTAACCGCGCC,0,2904161
ompRp3,0.037037037037037035,26,26,ATGGTAATGAATAAGATGGA,0,2862732
ompRp3,0.037037037037037035,26,26,ATGGCACCTGGATTGCGACT,0,2897196
ompRp3,0.037037037037037035,26,26,ATCGCTCCCTGCACATTATA,0,2900906
ompRp3,0.037037037037037035,26,26,ATAGAGTTACGACCGGACTA,0,2865335
ompRp3,0.037037037037037035,26,26,AGTGCGCGGCAATCATAGGC,0,2867433
ompRp3,0.037037037037037035,26,26,AGTCTCGGGTTACTCACGGA,0,2875759
ompRp3,0.037037037037037035,26,26,AGTAGTGTCAGAGGTGTAGT,0,2864205
ompRp3,0.037037037037037035,26,26,AGTAAAACGACGACAGGATT,0,2896537
ompRp3,0.037037037037037035,26,26,AGCTTGAATCTCCAGTTTGA,0,2872894
ompRp3,0.037037037037037035,26,26,AGCTAGTATTTTTTCAGGCT,0,2861903
ompRp3,0.037037037037037035,26,26,AGAACGATGCCTCAAGTAGT,0,2869042
ompRp3,0.037037037037037035,26,26,ACTGTTACTAACCAGACGGT,0,2884098
ompRp3,0.037037037037037035,26,26,ACGGTTAGAAGGGGTTTACG,0,2891175
ompRp3,0.037037037037037035,26,26,ACCGGGGTGATCTTGTGCGA,0,2875384
ompRp3,0.037037037037037035,26,26,ACCCCGGTTGAGCGTTCGTC,0,2879689
ompRp3,0.037037037037037035,26,26,ACCAGACATCATTCCAAATA,0,2896374
ompRp3,0.037037037037037035,26,26,ACATCCTCATCAATGGGGTG,0,2896078
ompRp3,0.037037037037037035,26,26,AATATACGGCGCATCTCCTG,0,2861809
ompRp3,0.037037037037037035,26,26,AAGTGGCAATAGCTTGTCGT,0,2867335
ompRp3,0.037037037037037035,26,26,AACTTTGACGCGCGACTCTA,0,2884320
ompRp3,0.037037037037037035,26,26,AACTTTATTCCCAGACTCAC,0,2863359
ompRp3,0.037037037037037035,26,26,AACGAAAATCATAAAGAGTC,0,2865007
ompRp3,0.037037037037037035,26,26,AAAGGCGCCTTAATGTCTCT,0,2865100
ompRp3,0.038461538461538464,25,25,TTTGTCCATTAGGGGTATAT,0,2887523
ompRp3,0.038461538461538464,25,25,TTTGGCGGAACAGCGCCCGT,0,2901271
ompRp3,0.038461538461538464,25,25,TTTCACTTGATTACTCTGAT,0,2861706
ompRp3,0.038461538461538464,25,25,TTGGTGGAGTGGAGAACGTG,0,2865849
ompRp3,0.038461538461538464,25,25,TTCTATAATTAGTACTAAGG,0,2871816
ompRp3,0.038461538461538464,25,25,TTAAATATGTGGAGTCAAAA,0,2901016
ompRp3,0.038461538461538464,25,25,TGTGCCAGTATTAGATCAAT,0,2874435
ompRp3,0.038461538461538464,25,25,TGTCTGTTGCGATCTCACGT,0,2871336
ompRp3,0.038461538461538464,25,25,TGGGGTTGTAGGCTTGCCGA,0,2870303
ompRp3,0.038461538461538464,25,25,TGGGCGCCACGATTGGGTGT,0,2861308
ompRp3,0.038461538461538464,25,25,TGCTGACGTCCAGTATAATA,0,2879195
ompRp3,0.038461538461538464,25,25,TGCGGAGGATTCCAACTTCT,0,2902158
ompRp3,0.038461538461538464,25,25,TGCACGAACGCTTCTCCGCT,0,2897007
ompRp3,0.038461538461538464,25,25,TCTGGTTAAAAGGCATTTTG,0,2905343
ompRp3,0.038461538461538464,25,25,TCGCCGAAATCGAAATCGTC,0,2882382
ompRp3,0.038461538461538464,25,25,TCGACGATACCAGGTTTCGA,0,2869422
ompRp3,0.038461538461538464,25,25,TCCATGATTTCGTTGTCATT,0,2887258
ompRp3,0.038461538461538464,25,25,TCACTCGAGACCCGGGCGGG,0,2893524
ompRp3,0.038461538461538464,25,25,TCAACCTGAGGAACGTACAA,0,2888800
ompRp3,0.038461538461538464,25,25,TATCTTTCTGAGCCACCCCA,0,2882231
ompRp3,0.038461538461538464,25,25,TACGATGTCCGGGACTGTTT,0,2899989
ompRp3,0.038461538461538464,25,25,TACCGAGCCTCGCTGGGTGG,0,2888519
ompRp3,0.038461538461538464,25,25,TAAAGATGGCGCAACATATG,0,2880222
ompRp3,0.038461538461538464,25,25,GTGTTTCAGGGTACCCATGA,0,2877079
ompRp3,0.038461538461538464,25,25,GTGCTGACTCTGGGCAAACA,0,2885882
ompRp3,0.038461538461538464,25,25,GTCGAAGGGCGTCCTTTATG,0,2890456
ompRp3,0.038461538461538464,25,25,GTCAGGCTAAATGCCCATTT,0,2880640
ompRp3,0.038461538461538464,25,25,GTACTGACTCCGCTCAGGTC,0,2900995
ompRp3,0.038461538461538464,25,25,GGTGCTGGCAATCTGTATGC,0,2867531
ompRp3,0.038461538461538464,25,25,GGGGTGGCCGGCCGATGCAA,0,2904459
ompRp3,0.038461538461538464,25,25,GGGAGACAGCTCTGTACTGT,0,2883121
ompRp3,0.038461538461538464,25,25,GGCTTAAGCACGCGGTAATA,0,2862498
ompRp3,0.038461538461538464,25,25,GGACTCCCCGTCTTTGGCGG,0,2871485
ompRp3,0.038461538461538464,25,25,GGACTAGAACCCGGGCAGGT,0,2889219
ompRp3,0.038461538461538464,25,25,GGAAATGGGCGGCCGAGATA,0,2885210
ompRp3,0.038461538461538464,25,25,GCTGCCGCTCTAAATGCTAA,0,2880648
ompRp3,0.038461538461538464,25,25,GCGTGACGGTTGCAAGTACC,0,2866012
ompRp3,0.038461538461538464,25,25,GCGGTAGCTGCTGGGACTCT,0,2865342
ompRp3,0.038461538461538464,25,25,GCGGCAAACTTTCCCACAAT,0,2877501
ompRp3,0.038461538461538464,25,25,GCCTGCCTATACGTAGATCG,0,2900478
ompRp3,0.038461538461538464,25,25,GCCAATGATACGCCAAATCC,0,2865364
ompRp3,0.038461538461538464,25,25,GCCAATAGTTTGGGAGCGTA,0,2871302
ompRp3,0.038461538461538464,25,25,GCAATCGACCTCGTGTGTTT,0,2886794
ompRp3,0.038461538461538464,25,25,GCAAGAGCGCGGAATTCAAA,0,2904442
ompRp3,0.038461538461538464,25,25,GATTTCCCCAGCAGGTCGTT,0,2871335
ompRp3,0.038461538461538464,25,25,GATAGCGGTGTAGAACGGGA,0,2898139
ompRp3,0.038461538461538464,25,25,GATAACCTGTTGAGTGAGTT,0,2872664
ompRp3,0.038461538461538464,25,25,GAGTCGGCCCTCGAAGGAAT,0,2891856
ompRp3,0.038461538461538464,25,25,GAGCCTTAAAGGAGTTTGAT,0,2882263
ompRp3,0.038461538461538464,25,25,GAGAATGCAGGCCACAATAG,0,2906901
ompRp3,0.038461538461538464,25,25,GACGGGGGAGTACAGTCTTT,0,2871266
ompRp3,0.038461538461538464,25,25,GACACTGTCAACCTTGCCGT,0,2870201
ompRp3,0.038461538461538464,25,25,GAATTCGAGGCGATACTGAA,0,2860715
ompRp3,0.038461538461538464,25,25,GAACTGACGAGACGACGCCA,0,2894493
ompRp3,0.038461538461538464,25,25,CTTGGAGCGATTAAGCGGCT,0,2894255
ompRp3,0.038461538461538464,25,25,CTGAGCTCGAAGAAAGGTAT,0,2878871
ompRp3,0.038461538461538464,25,25,CTATGGCCCTAGTTAGCAAA,0,2891008
ompRp3,0.038461538461538464,25,25,CTAGAAAACGCAGAATTATG,0,2899860
ompRp3,0.038461538461538464,25,25,CGTCTTAGTCAGGTGGTAGG,0,2882287
ompRp3,0.038461538461538464,25,25,CGGTGTTCAGATTTCTTCGT,0,2875178
ompRp3,0.038461538461538464,25,25,CGGTAGCGTCGGGAGCTAGG,0,2896297
ompRp3,0.038461538461538464,25,25,CGGTACTGTACAGTATACAT,0,2861834
ompRp3,0.038461538461538464,25,25,CGGGTTTAAGGAGTCTGCTT,0,2870927
ompRp3,0.038461538461538464,25,25,CCTTATGTGATAATCGGGTG,0,2903045
ompRp3,0.038461538461538464,25,25,CCGGTCATCAGCATTCAGGA,0,2903343
ompRp3,0.038461538461538464,25,25,CCGCCAGGCTTAGGTTTGAA,0,2880999
ompRp3,0.038461538461538464,25,25,CCGAACGAACACTCAAAAAG,0,2896945
ompRp3,0.038461538461538464,25,25,CCCTGCCGAAAAGCCCTCGT,0,2900943
ompRp3,0.038461538461538464,25,25,CCAGAGCCGGTTGAAGAGTA,0,2885865
ompRp3,0.038461538461538464,25,25,CCACACTCCTTTAGCCGGGG,0,2862389
ompRp3,0.038461538461538464,25,25,CCAACATTCTGTCAAGTGGC,0,2861521
ompRp3,0.038461538461538464,25,25,CATAGGTCACTCTCCATCGC,0,2883940
ompRp3,0.038461538461538464,25,25,CAGCTGACCACAGCGCGGTA,0,2897072
ompRp3,0.038461538461538464,25,25,CACTATAACCGATGCACAGT,0,2866339
ompRp3,0.038461538461538464,25,25,CACGTATGTCCCATTAGAGT,0,2863091
ompRp3,0.038461538461538464,25,25,CACCGCGCTACTAAATCTAG,0,2879694
ompRp3,0.038461538461538464,25,25,CAACGGTTATGTAATACGAA,0,2885127
ompRp3,0.038461538461538464,25,25,ATGGTTCTCTGGGGATCTTA,0,2872665
ompRp3,0.038461538461538464,25,25,AGTGAAGACATATGGAACGG,0,2882902
ompRp3,0.038461538461538464,25,25,AGGTTGGGGTGCGCTTCATC,0,2888438
ompRp3,0.038461538461538464,25,25,AGGAATAGACGCTCGGGGCG,0,2900648
ompRp3,0.038461538461538464,25,25,AGGAACGGTGCGGTTGAAAG,0,2871569
ompRp3,0.038461538461538464,25,25,AGCGAATTTTGAGCCAGGTG,0,2868995
ompRp3,0.038461538461538464,25,25,AGATCTGACGGAATAACACC,0,2880215
ompRp3,0.038461538461538464,25,25,AGAAAAGGTCCACCGCCTAC,0,2885200
ompRp3,0.038461538461538464,25,25,ACTGGTTATGGGGGACGTCT,0,2861159
ompRp3,0.038461538461538464,25,25,ACTCGACCGCGTACTGCAAT,0,2902271
ompRp3,0.038461538461538464,25,25,ACGCAACCCGCGGTTATTGC,0,2886805
ompRp3,0.038461538461538464,25,25,ACGATCGCGACAGAGCCGCA,0,2866557
ompRp3,0.038461538461538464,25,25,ACCTGGATACATTTCACATA,0,2863124
ompRp3,0.038461538461538464,25,25,AATGCAAGGCCATGGGTACC,0,2895475
ompRp3,0.038461538461538464,25,25,AATCCTATCGTTCCGACTTC,0,2862260
ompRp3,0.038461538461538464,25,25,AATATCACCCACGGCCATCG,0,2872231
ompRp3,0.038461538461538464,25,25,AACTGTCTTCTAACGTCGGT,0,2878795
ompRp3,0.038461538461538464,25,25,AACTCTAGCGTGGAAAACCT,0,2876118
ompRp3,0.04,24,24,TTGGCTAGGCGGGGCATGAT,0,2869183
ompRp3,0.04,24,24,TTCTCGTTCATTCAGCGGTT,0,2874083
ompRp3,0.04,24,24,TTCGTTGCAATAGATTTTAA,0,2861867
ompRp3,0.04,24,24,TTCCATAACACTATCAACTA,0,2871903
ompRp3,0.04,24,24,TGTTATCCAAGTGCCAGAAC,0,2886607
ompRp3,0.04,24,24,TGTGCCTAGAGGCTAACTTA,0,2869238
ompRp3,0.04,24,24,TGTCTAGGCTCCAAGGCTCC,0,2901528
ompRp3,0.04,24,24,TGGTCTTTTAACAGGGTAGG,0,2893409
ompRp3,0.04,24,24,TGCGGGTGAACTAGAGCTTT,0,2895930
ompRp3,0.04,24,24,TGCGCGGGCTCGATATAAGT,0,2887504
ompRp3,0.04,24,24,TGCCGCTGGCGGGCGTTGGG,0,2878377
ompRp3,0.04,24,24,TGCACATCTTCAGCTTAGCT,0,2902129
ompRp3,0.04,24,24,TGAGACATACTCCGGGAAAT,0,2871338
ompRp3,0.04,24,24,TCTTTTTAAACGTATTTGAT,0,2861023
ompRp3,0.04,24,24,TCTAAGTTAGAGCGCCCTGG,0,2876834
ompRp3,0.04,24,24,TCCTGCGGACTGCTCGATTA,0,2900320
ompRp3,0.04,24,24,TCCGTCCAGCTGACTCCATC,0,2872136
ompRp3,0.04,24,24,TCACGAACTCAAGGGTTGCA,0,2907215
ompRp3,0.04,24,24,TATTGGACAGAAAGCTATGA,0,2890011
ompRp3,0.04,24,24,TAGATTCGATGGCGGTCCCA,0,2866136
ompRp3,0.04,24,24,TACCTGGTCAACGTTACGAT,0,2876472
ompRp3,0.04,24,24,TACCCGGACACGGAGTCAGT,0,2892509
ompRp3,0.04,24,24,TACCCAATATTCGGTAAAAT,0,2877545
ompRp3,0.04,24,24,TACAATCGGGCTTTTGGACT,0,2868802
ompRp3,0.04,24,24,TAACGTCGTGTTCTTAAGGT,0,2875648
ompRp3,0.04,24,24,GTTGTGCAAAATGCGCCATA,0,2876699
ompRp3,0.04,24,24,GTTGACAATAGACGGCCGCG,0,2886883
ompRp3,0.04,24,24,GTATAACGTGGGACCGAGTT,0,2869421
ompRp3,0.04,24,24,GTAGTTATATAATTTCCGCT,0,2888693
ompRp3,0.04,24,24,GTAACTCTGCAACAGGTTCC,0,2873964
ompRp3,0.04,24,24,GGTGGAAGTCAATCCGAGAG,0,2877727
ompRp3,0.04,24,24,GGGTGTTCGGTGGCCGCGGA,0,2875150
ompRp3,0.04,24,24,GGGCCGATCTGGGCTCAGCT,0,2894924
ompRp3,0.04,24,24,GGGAGTGTAGCACGACACGA,0,2892469
ompRp3,0.04,24,24,GGCCGTACTATGTTAAATAC,0,2863267
ompRp3,0.04,24,24,GGATTCTTTCACTTACAAGG,0,2894348
ompRp3,0.04,24,24,GCCAGAGCTTGCATCCCACT,0,2881850
ompRp3,0.04,24,24,GCACCCAGCTGTCAGCCACA,0,2867419
ompRp3,0.04,24,24,GAGAAAGCTCCGCGGCCAAA,0,2879119
ompRp3,0.04,24,24,GACGTCCCGGTGGATTTAAT,0,2881485
ompRp3,0.04,24,24,GACGCCTTGGGAACACGCGT,0,2894343
ompRp3,0.04,24,24,GAAGGGTGCGGGAGTTAGCG,0,2895021
ompRp3,0.04,24,24,GAAGGGAAAATGACTCTACT,0,2897665
ompRp3,0.04,24,24,CTTGATTAAGGTACCTTCAA,0,2882028
ompRp3,0.04,24,24,CTTCGTCCTGGCGGCTGACA,0,2882688
ompRp3,0.04,24,24,CTTATCTTCGCGCACTTACT,0,2890151
ompRp3,0.04,24,24,CTTATCCTTCGAATTAAGAT,0,2868339
ompRp3,0.04,24,24,CTGTGACGTATGGTAAAATT,0,2897031
ompRp3,0.04,24,24,CTGAGGGTCGCCGCAGAGTT,0,2875524
ompRp3,0.04,24,24,CTCTGCAGCCGAGACGTTGT,0,2873291
ompRp3,0.04,24,24,CTCTCAGCTGTACAAAAGCA,0,2881825
ompRp3,0.04,24,24,CTCGGGACAACGTCTGAATC,0,2894730
ompRp3,0.04,24,24,CTCACCTACTTCAAAGGGCT,0,2899531
ompRp3,0.04,24,24,CTCACCGGGACGTAGCATCT,0,2869840
ompRp3,0.04,24,24,CGTTGGACCTCATGCGTTAC,0,2864744
ompRp3,0.04,24,24,CGACACACACGTTAATCAGA,0,2898164
ompRp3,0.04,24,24,CCTTGGAAGGCGAGAAATAA,0,2874127
ompRp3,0.04,24,24,CCTGGCACTGACGTTAAGCA,0,2879160
ompRp3,0.04,24,24,CCTGCCGAGACTTGTTAGAT,0,2883475
ompRp3,0.04,24,24,CCGGACTGACGGCTTAATGG,0,2896344
ompRp3,0.04,24,24,CCGAGCAAGCGAGGGCAGGC,0,2885041
ompRp3,0.04,24,24,CCGAATCTCACAATAGCTCA,0,2904568
ompRp3,0.04,24,24,CCCCTTGTTAGCCCATGGCC,0,2877968
ompRp3,0.04,24,24,CCATAGTCTAGGGTTCATGA,0,2902581
ompRp3,0.04,24,24,CCAACCAGTAGAGCCGGAAC,0,2901828
ompRp3,0.04,24,24,CATTGTTCTCCTTCGTACCT,0,2893447
ompRp3,0.04,24,24,CAGCTGCATCCACATCGCCA,0,2896759
ompRp3,0.04,24,24,CAGCAGTTTCGTGTGCACTG,0,2878433
ompRp3,0.04,24,24,CAGACCCGAGTACAGCTTAA,0,2890285
ompRp3,0.04,24,24,CACGCCGGCATACAAGTCTT,0,2893329
ompRp3,0.04,24,24,ATTGGTATAGAGTCCTGACT,0,2884710
ompRp3,0.04,24,24,ATTCCGGCGTAGGACTACAT,0,2875360
ompRp3,0.04,24,24,ATGTTGATTCCTTATTGCCC,0,2899419
ompRp3,0.04,24,24,ATGCTAGAGAAGACTTTGCC,0,2864925
ompRp3,0.04,24,24,ATCGCGTGCCAGTCATTCTC,0,2887609
ompRp3,0.04,24,24,ATCAAACGAGTCTAAGTCTG,0,2901292
ompRp3,0.04,24,24,ATACGTTCACCTGGAGCTTA,0,2896118
ompRp3,0.04,24,24,ATACAAAAGATTGGGTCAAT,0,2904657
ompRp3,0.04,24,24,AGGTACTGCCCGTCCCAGGT,0,2905837
ompRp3,0.04,24,24,AGGTACAGTGGTATTCTCGT,0,2863564
ompRp3,0.04,24,24,AGCTGTTCATGGTACCCATT,0,2883778
ompRp3,0.04,24,24,AGCTATACTTGAGATAAATC,0,2890435
ompRp3,0.04,24,24,AGCTAGGGTAATGGAAGCGG,0,2863936
ompRp3,0.04,24,24,AGATCTCACCGTTGTTTAGA,0,2873079
ompRp3,0.04,24,24,AGAACCACTCATTACAGATG,0,2868416
ompRp3,0.04,24,24,AGAACACAGGTTATATTCTC,0,2892925
ompRp3,0.04,24,24,ACTAAGAGAGTGGAATACGT,0,2869723
ompRp3,0.04,24,24,ACCTGTTACCAAAATGGCGT,0,2872720
ompRp3,0.04,24,24,ACCTGTATAGTTTCTGCTCG,0,2897592
ompRp3,0.04,24,24,ACCCGGAGCCTGCCGGTCCT,0,2905722
ompRp3,0.04,24,24,ACCAAGGCTGTCTGCGCTTC,0,2895250
ompRp3,0.04,24,24,ACACGGACCAGATGATTGAA,0,2870719
ompRp3,0.04,24,24,ACAAATGCATTGGCCGCAGT,0,2874571
ompRp3,0.04,24,24,AATGGAGTAATACGCGCAAT,0,2893986
ompRp3,0.04,24,24,AATGGAACGTAGTAAACGTC,0,2894092
ompRp3,0.04,24,24,AATCACTTGGGCAGGCTCTC,0,2880703
ompRp3,0.04,24,24,AATATGAGCTCTGAAGTAGC,0,2869466
ompRp3,0.04,24,24,AAGTTACTCTCCAAAGAGCA,0,2863119
ompRp3,0.04,24,24,AAGTAATCGGTCCCAGATTT,0,2873398
ompRp3,0.04,24,24,AAAATCCCGCGATACGAGCT,0,2874972
ompRp3,0.041666666666666664,23,23,TTTTAAGAGTCAGGGTAACT,0,2862156
ompRp3,0.041666666666666664,23,23,TTTCTGGAAACCAAAGTCAC,0,2889765
ompRp3,0.041666666666666664,23,23,TTTCACAAAGGCGTTGACCT,0,2878936
ompRp3,0.041666666666666664,23,23,TTCGATTTACGCCTGCCAAC,0,2874792
ompRp3,0.041666666666666664,23,23,TTCCGGATAAGGGTCTGGAT,0,2897861
ompRp3,0.041666666666666664,23,23,TTATGGTACACTAGAGGTAG,0,2881343
ompRp3,0.041666666666666664,23,23,TTAGAACCGAGTCCTGGCCA,0,2905881
ompRp3,0.041666666666666664,23,23,TGGTATGCTGAATTTCTTTC,0,2896485
ompRp3,0.041666666666666664,23,23,TGGTAGATACACTCCTATCA,0,2879227
ompRp3,0.041666666666666664,23,23,TGGGGCAGGGAGCGCCCTTT,0,2881300
ompRp3,0.041666666666666664,23,23,TGGGGACCTAGGTGGTTACA,0,2872517
ompRp3,0.041666666666666664,23,23,TGGCCGACTAGCGAGGGTAG,0,2902552
ompRp3,0.041666666666666664,23,23,TGGAAACTGCGTGTTCCCCT,0,2876651
ompRp3,0.041666666666666664,23,23,TGCGCAAAACCGCTTAGGCT,0,2872778
ompRp3,0.041666666666666664,23,23,TGCACGAGACCACAATACCG,0,2880075
ompRp3,0.041666666666666664,23,23,TGAGCAGCGGCGGTGCATAT,0,2897954
ompRp3,0.041666666666666664,23,23,TCGTGGGGGAAGCACCGGGT,0,2892733
ompRp3,0.041666666666666664,23,23,TCGCCTGATCGGTGACGCCT,0,2900952
ompRp3,0.041666666666666664,23,23,TCGAGGTGCTCTCTGTTCCC,0,2866581
ompRp3,0.041666666666666664,23,23,TAGACCACGGGTCAGACTCT,0,2871187
ompRp3,0.041666666666666664,23,23,TAATCCAGCGTTAACGAGGA,0,2862407
ompRp3,0.041666666666666664,23,23,TAAATCCCAACTTACACCCG,0,2888721
ompRp3,0.041666666666666664,23,23,TAAACCGAGCTTAAGTCGCT,0,2894685
ompRp3,0.041666666666666664,23,23,GTTATCTTTAGTGAACCTCC,0,2900219
ompRp3,0.041666666666666664,23,23,GTGTTGACCGCTATCTTACT,0,2896675
ompRp3,0.041666666666666664,23,23,GTGTGTTTGAAGCGGGGGAC,0,2888331
ompRp3,0.041666666666666664,23,23,GTGAGTCTGAGGTGAGTGCT,0,2906701
ompRp3,0.041666666666666664,23,23,GTCTCGGGCTTAATCAAGAC,0,2888544
ompRp3,0.041666666666666664,23,23,GTCTCAATAAGCATGGGTTT,0,2880259
ompRp3,0.041666666666666664,23,23,GTCGGGTTCCCAAGCATCTA,0,2873077
ompRp3,0.041666666666666664,23,23,GTAAAGCGGTATTATCAGAC,0,2877261
ompRp3,0.041666666666666664,23,23,GGTGAGGGGTCCTAACGACG,0,2876883
ompRp3,0.041666666666666664,23,23,GGTCGCCAAGCGCAGTACTG,0,2869629
ompRp3,0.041666666666666664,23,23,GGTATGGTGTTTTCGTACGT,0,2897239
ompRp3,0.041666666666666664,23,23,GGGCCACGTAGGAGCAAAAA,0,2878131
ompRp3,0.041666666666666664,23,23,GGCTTAATCGTCACGCATCA,0,2872461
ompRp3,0.041666666666666664,23,23,GGCCCTGCTTCTTCTCGGCA,0,2863021
ompRp3,0.041666666666666664,23,23,GGCACCGCGCGTCCGTACAG,0,2903540
ompRp3,0.041666666666666664,23,23,GGATGCGCCACTGTAGGTGG,0,2887094
ompRp3,0.041666666666666664,23,23,GGAGAGTATGAATTAAGTGC,0,2866957
ompRp3,0.041666666666666664,23,23,GCTCTTGCTCGCACACCAAA,0,2886183
ompRp3,0.041666666666666664,23,23,GCTACAGCGGAACAATTCTT,0,2876067
ompRp3,0.041666666666666664,23,23,GCCTCTTCTGCACCGTAGTT,0,2888147
ompRp3,0.041666666666666664,23,23,GCCGTGCTAAGGACATCCAC,0,2898442
ompRp3,0.041666666666666664,23,23,GCCGCGCCTGGAGTGACAAG,0,2861141
ompRp3,0.041666666666666664,23,23,GCCCGCACAGCGTAACTCAA,0,2900703
ompRp3,0.041666666666666664,23,23,GCAAACGGAGATCTCCACTC,0,2867579
ompRp3,0.041666666666666664,23,23,GATGTGCAGGGCACTTATCA,0,2882156
ompRp3,0.041666666666666664,23,23,GATGTGCACACTCACGAAGA,0,2883529
ompRp3,0.041666666666666664,23,23,GATACAAGAGATAAACTTTA,0,2899272
ompRp3,0.041666666666666664,23,23,GAGGTTCCGGGTCAATGAGA,0,2899276
ompRp3,0.041666666666666664,23,23,GAGGCTTGTAAGGAAGTAGT,0,2890119
ompRp3,0.041666666666666664,23,23,GACGCAGTGGGACCTACACG,0,2893839
ompRp3,0.041666666666666664,23,23,GACCCCTTATACCGACCCGG,0,2863262
ompRp3,0.041666666666666664,23,23,GAATGGATTGTCGTGGGCAA,0,2883481
ompRp3,0.041666666666666664,23,23,GAACGGAAGTACGGGCTCTT,0,2880964
ompRp3,0.041666666666666664,23,23,CTTTAGCGGAACGGTACCTA,0,2881693
ompRp3,0.041666666666666664,23,23,CTCCGTTCAGCTCGGGTCAC,0,2862542
ompRp3,0.041666666666666664,23,23,CTAGCTGAGCAGCTGGATTA,0,2879902
ompRp3,0.041666666666666664,23,23,CTAAATTCGCGTGAATAAGA,0,2868709
ompRp3,0.041666666666666664,23,23,CGTCGCGGTGCCTAAAGGAT,0,2874196
ompRp3,0.041666666666666664,23,23,CGGGGCATTGCAGTACTCAA,0,2898298
ompRp3,0.041666666666666664,23,23,CGGAGAGCCCTTTCTGGGTT,0,2883640
ompRp3,0.041666666666666664,23,23,CGCGGTTTTCTGTAATTAAC,0,2871490
ompRp3,0.041666666666666664,23,23,CGCCCGCCTAAGAACCGGTA,0,2882554
ompRp3,0.041666666666666664,23,23,CGATTGTGACTTTTAAATGA,0,2899617
ompRp3,0.041666666666666664,23,23,CGATCCCATCGAGACAATAC,0,2880410
ompRp3,0.041666666666666664,23,23,CGAGTTTCGGATCGCCACTA,0,2884089
ompRp3,0.041666666666666664,23,23,CGAGCATGCTACGGTGTAAA,0,2906225
ompRp3,0.041666666666666664,23,23,CGAACATTTAATATGGGAAG,0,2864739
ompRp3,0.041666666666666664,23,23,CCTGGCTGCTGCAAGCCTTA,0,2897155
ompRp3,0.041666666666666664,23,23,CCTATGTGCGGTCTGTGCTG,0,2895035
ompRp3,0.041666666666666664,23,23,CCGGGGCGCCCACGCTGTCA,0,2886463
ompRp3,0.041666666666666664,23,23,CCGGACGACTGCCTATCAAT,0,2866190
ompRp3,0.041666666666666664,23,23,CCGCCGAAAAGTACTGGAAT,0,2880585
ompRp3,0.041666666666666664,23,23,CCATGACACTTAAATGCGGT,0,2865273
ompRp3,0.041666666666666664,23,23,CATTAGCTGGTCTCGTCCCA,0,2894239
ompRp3,0.041666666666666664,23,23,CATCTCTAATGACTCCAGAT,0,2865368
ompRp3,0.041666666666666664,23,23,CATACAAGGGCGATGCGTAA,0,2880426
ompRp3,0.041666666666666664,23,23,CAGCCTTATCGGCAACAACA,0,2899024
ompRp3,0.041666666666666664,23,23,CACCCCCTTATAAGGGTATG,0,2875174
ompRp3,0.041666666666666664,23,23,CAATGCATGGGGTTCGATAA,0,2866197
ompRp3,0.041666666666666664,23,23,CAAAGCGGCAGAATCGCGAT,0,2884033
ompRp3,0.041666666666666664,23,23,ATTGCTTCAGCATACATTGT,0,2874682
ompRp3,0.041666666666666664,23,23,ATTCATGACGAGAGCTAGTT,0,2889384
ompRp3,0.041666666666666664,23,23,ATGCGGTCGCTTGCTGCTGG,0,2871956
ompRp3,0.041666666666666664,23,23,AGTTTGCTGAGAGGTTATGC,0,2906684
ompRp3,0.041666666666666664,23,23,AGTGTCGCACTGGTAACCAT,0,2879260
ompRp3,0.041666666666666664,23,23,AGTGGGTAGACAGTGTCGTG,0,2888667
ompRp3,0.041666666666666664,23,23,AGTCTTTCGGTTGCGCTAGC,0,2903702
ompRp3,0.041666666666666664,23,23,AGTCTATGAACTGTCTGTAG,0,2861479
ompRp3,0.041666666666666664,23,23,AGTCATAAATAATGATGATT,0,2870070
ompRp3,0.041666666666666664,23,23,AGGTCAAAGATGGGATCGGA,0,2893228
ompRp3,0.041666666666666664,23,23,AGGTAGACGCTCGTCTTTTG,0,2906775
ompRp3,0.041666666666666664,23,23,AGGAGGGATGCTCCCCTCGA,0,2879292
ompRp3,0.041666666666666664,23,23,AGGACCCGGGAAGAAAGCCT,0,2885204
ompRp3,0.041666666666666664,23,23,AGCGGAATTTAAGGTCATTA,0,2890788
ompRp3,0.041666666666666664,23,23,AGCGAGTTGCTTGAACTTAC,0,2905625
ompRp3,0.041666666666666664,23,23,AGCAAACGCTCAACCATTGT,0,2871567
ompRp3,0.041666666666666664,23,23,ACGTGTGGAGAGTAGAACTG,0,2879483
ompRp3,0.041666666666666664,23,23,ACGTGACTTCGCGTCGTACA,0,2885325
ompRp3,0.041666666666666664,23,23,ACGGCCTGTCTATTGTGCGT,0,2867585
ompRp3,0.041666666666666664,23,23,ACGCGGATTCTATGGCGGGC,0,2890927
ompRp3,0.041666666666666664,23,23,ACCTGGAATGGGTCGATATT,0,2885993
ompRp3,0.041666666666666664,23,23,ACCAAGCGTAATCCCTAATC,0,2883684
ompRp3,0.041666666666666664,23,23,ACATCATCGTCGGGACGTGT,0,2877196
ompRp3,0.041666666666666664,23,23,ACACGGGGGTTATTAAACTC,0,2885432
ompRp3,0.041666666666666664,23,23,ACAAGCGACAGTCATGAGGC,0,2889873
ompRp3,0.041666666666666664,23,23,ACAACTTTTTGAGCCGCAAG,0,2887313
ompRp3,0.041666666666666664,23,23,AAGTTGAATGTGAATCCAGT,0,2861870
ompRp3,0.041666666666666664,23,23,AAGCGAAACGCCCCAGGACC,0,2905458
ompRp3,0.041666666666666664,23,23,AACGGGAGCTGGTACCGTTC,0,2878007
ompRp3,0.041666666666666664,23,23,AACGGCGAAAGCTCTTTGTT,0,2893051
ompRp3,0.041666666666666664,23,23,AAACTCGTGCGCAACTAATA,0,2867669
ompRp3,0.043478260869565216,22,22,TTTGTGCTGAGTGTCCTAGA,0,2904455
ompRp3,0.043478260869565216,22,22,TTGGTATGTGAGTGCCCCCA,0,2877826
ompRp3,0.043478260869565216,22,22,TTGAGAGACTCTAATCATAT,0,2891278
ompRp3,0.043478260869565216,22,22,TTCGGCTCACCCGAAACGTT,0,2871887
ompRp3,0.043478260869565216,22,22,TTCGCTTAGTACTCTTCAGA,0,2861708
ompRp3,0.043478260869565216,22,22,TTCCGCAGCGTGCCTCTGGA,0,2867888
ompRp3,0.043478260869565216,22,22,TTATCCATGTTTAGGGTGTG,0,2862942
ompRp3,0.043478260869565216,22,22,TTAGGGCGACGCGATAGCGG,0,2895979
ompRp3,0.043478260869565216,22,22,TGTATCCGGCTTGCTATACT,0,2862582
ompRp3,0.043478260869565216,22,22,TGGTTTTGGTGCACTCTCTA,0,2900050
ompRp3,0.043478260869565216,22,22,TGGTTTTCTACACTATAGCT,0,2897449
ompRp3,0.043478260869565216,22,22,TGGTGAGTTTGGCACAGGCA,0,2888453
ompRp3,0.043478260869565216,22,22,TGCCTCGGGCTAATGGGCGA,0,2890961
ompRp3,0.043478260869565216,22,22,TGAACTTTGGGAAACGGGTT,0,2897517
ompRp3,0.043478260869565216,22,22,TCTCGATCCCATGACTACGA,0,2863089
ompRp3,0.043478260869565216,22,22,TCTCAAAGGCCCAAACGCTC,0,2884104
ompRp3,0.043478260869565216,22,22,TCCCGCTCTATAGCGGGGGA,0,2905975
ompRp3,0.043478260869565216,22,22,TCCAGAACAGACGCCCCAAT,0,2872105
ompRp3,0.043478260869565216,22,22,TCATCGGGGTCCCGTTTACT,0,2877283
ompRp3,0.043478260869565216,22,22,TATGATAACAACGATTGCGT,0,2866692
ompRp3,0.043478260869565216,22,22,TACTTTAACGCCGCTTAGAA,0,2898756
ompRp3,0.043478260869565216,22,22,TACTGTTACAGGGTGCGAAA,0,2872004
ompRp3,0.043478260869565216,22,22,TAATCGAAGTCATGAGCTAC,0,2873583
ompRp3,0.043478260869565216,22,22,TAATCCGGATTTATCTCGGA,0,2877482
ompRp3,0.043478260869565216,22,22,TAAGTGCCGTTTGCGCTGTG,0,2893596
ompRp3,0.043478260869565216,22,22,GTGTAACGAGGAGTTTCTAC,0,2902579
ompRp3,0.043478260869565216,22,22,GTGGATGTGGTCAAATGGAC,0,2864722
ompRp3,0.043478260869565216,22,22,GTGCATTGCATCATTCGCCC,0,2863553
ompRp3,0.043478260869565216,22,22,GTCTGGCAACATTATCGGAT,0,2897574
ompRp3,0.043478260869565216,22,22,GTCTACTTCCTGGGCCCGGG,0,2881454
ompRp3,0.043478260869565216,22,22,GTCGCATTGGAGTAACGGCT,0,2862155
ompRp3,0.043478260869565216,22,22,GTCCACTACCGCCTCAGCCT,0,2882109
ompRp3,0.043478260869565216,22,22,GTATGGAAGGTTTTACATAT,0,2864462
ompRp3,0.043478260869565216,22,22,GGTCTAGCAAGGCGTGTAGT,0,2867675
ompRp3,0.043478260869565216,22,22,GGTAGCAAGGAGAATCCGTA,0,2871486
ompRp3,0.043478260869565216,22,22,GGGTAGCCTTCGCGCAATTC,0,2883894
ompRp3,0.043478260869565216,22,22,GGGGAGTACAGAGCGTCTGC,0,2900877
ompRp3,0.043478260869565216,22,22,GGGCGTCAAGGGCAAGGGAG,0,2903763
ompRp3,0.043478260869565216,22,22,GGCTTCCAGTTCGCTTCAAC,0,2890668
ompRp3,0.043478260869565216,22,22,GGCGTTCGCCCCCTACCCAG,0,2860814
ompRp3,0.043478260869565216,22,22,GGCGGGGGGCTCGGGTATGC,0,2879166
ompRp3,0.043478260869565216,22,22,GGCCGCCTGCACTCTAAGGA,0,2890475
ompRp3,0.043478260869565216,22,22,GGCACAGGTACGCGATACAT,0,2891055
ompRp3,0.043478260869565216,22,22,GGAGCGGCAACGTAGTTGTC,0,2884492
ompRp3,0.043478260869565216,22,22,GGAATATTGTCAGTAAGATA,0,2882194
ompRp3,0.043478260869565216,22,22,GGAACAAATACACCCTAACT,0,2897773
ompRp3,0.043478260869565216,22,22,GCTTTTAGAACTCTCACATC,0,2887317
ompRp3,0.043478260869565216,22,22,GCTTTCAAATCTATGGACGT,0,2861879
ompRp3,0.043478260869565216,22,22,GCCTTTACAACACCCTGGCT,0,2865681
ompRp3,0.043478260869565216,22,22,GCCTTGTTGCTGCGTGAAAA,0,2886673
ompRp3,0.043478260869565216,22,22,GCCTTGTGGTGGGTAAGTAA,0,2868799
ompRp3,0.043478260869565216,22,22,GCCAGCGCCGGAGAAGACAC,0,2894240
ompRp3,0.043478260869565216,22,22,GCAGCCTATATGGTTGTAGA,0,2860717
ompRp3,0.043478260869565216,22,22,GCAATTTCGTTCTGGTCAAT,0,2873874
ompRp3,0.043478260869565216,22,22,GCAACGGAATTCATCGCAAA,0,2886626
ompRp3,0.043478260869565216,22,22,GCAAAATGGTAGAAATTACT,0,2862873
ompRp3,0.043478260869565216,22,22,GATTCGTTAGCTCGACGAAC,0,2892816
ompRp3,0.043478260869565216,22,22,GAGGCGTGTGCGAGGACATA,0,2875646
ompRp3,0.043478260869565216,22,22,GACTGAACGGTCGTTAGAAG,0,2861495
ompRp3,0.043478260869565216,22,22,GAATGCGTGCTCCAAAGCGT,0,2886410
ompRp3,0.043478260869565216,22,22,GAAGCGCGCTCTTGCAAAGT,0,2888364
ompRp3,0.043478260869565216,22,22,GAACGGTAAGGACGATACAT,0,2905019
ompRp3,0.043478260869565216,22,22,GAACACATGGGCGCTTGGAC,0,2878162
ompRp3,0.043478260869565216,22,22,CTTCTGTCCATGTGATCCCA,0,2894403
ompRp3,0.043478260869565216,22,22,CTGTGCACTTATTCGAGGGG,0,2893060
ompRp3,0.043478260869565216,22,22,CTCGCTGCAAGAATCAGCTG,0,2872252
ompRp3,0.043478260869565216,22,22,CTCATTTCTCTACCCTTACA,0,2907530
ompRp3,0.043478260869565216,22,22,CTAGGTTACGCCTATGAGAC,0,2900944
ompRp3,0.043478260869565216,22,22,CTAGGGAGCACTTTGTAACC,0,2885169
ompRp3,0.043478260869565216,22,22,CGTCTCCTTTGATCTTCGGT,0,2866389
ompRp3,0.043478260869565216,22,22,CGGTCGCAGCATTCGGACCA,0,2882935
ompRp3,0.043478260869565216,22,22,CGCGTCCGTCAGTGAGTAGT,0,2900940
ompRp3,0.043478260869565216,22,22,CGAGTGACGTATCACCCCAT,0,2901068
ompRp3,0.043478260869565216,22,22,CGACGTGCAGCAATTTCTGC,0,2865447
ompRp3,0.043478260869565216,22,22,CGACCTATGGGTGTTTCCCT,0,2868681
ompRp3,0.043478260869565216,22,22,CCTTCCGAGGGCGTCAGATC,0,2905497
ompRp3,0.043478260869565216,22,22,CCTATGTAGGCAGACACTAT,0,2902697
ompRp3,0.043478260869565216,22,22,CCTATCAAATTCGGAAGGAA,0,2866510
ompRp3,0.043478260869565216,22,22,CCGTATGGAGCGGGGTTCCG,0,2875843
ompRp3,0.043478260869565216,22,22,CCGGCGCATTCCGTCGTCCT,0,2896503
ompRp3,0.043478260869565216,22,22,CCGACAACGCCTGGCGAATA,0,2897643
ompRp3,0.043478260869565216,22,22,CCCCGTGTCTGTCCATATAG,0,2883536
ompRp3,0.043478260869565216,22,22,CCACTGACCGGCTGTCACAT,0,2886470
ompRp3,0.043478260869565216,22,22,CCACTCCAGGAGCGAGAGCC,0,2874297
ompRp3,0.043478260869565216,22,22,CATGATCGCACGGCTATGTG,0,2894213
ompRp3,0.043478260869565216,22,22,CATCATCGAATAAACCCGCA,0,2868082
ompRp3,0.043478260869565216,22,22,CAGTTGGACGGAACGCGACT,0,2873363
ompRp3,0.043478260869565216,22,22,CAGGGTATTGTGGCCTCGAC,0,2904141
ompRp3,0.043478260869565216,22,22,CACTGCTAATAGGTTTCTTG,0,2862900
ompRp3,0.043478260869565216,22,22,CACATCGAAAACGGGGGCCA,0,2873799
ompRp3,0.043478260869565216,22,22,CACACGGATTCCGTAGAACT,0,2890024
ompRp3,0.043478260869565216,22,22,CACACATCCAAGCCTCGAAT,0,2894946
ompRp3,0.043478260869565216,22,22,CAAGGTATCATGCCATCTCA,0,2882975
ompRp3,0.043478260869565216,22,22,ATTTGTAAAGGCATTCGGGT,0,2886704
ompRp3,0.043478260869565216,22,22,ATTGTTTGGTAGTCGTTTGT,0,2877949
ompRp3,0.043478260869565216,22,22,ATTGGGAGACATCAAATAAA,0,2891176
ompRp3,0.043478260869565216,22,22,ATTCTAGTGCGAAGGTCGGT,0,2892201
ompRp3,0.043478260869565216,22,22,ATTCAGCTCGCAGGGAAAAG,0,2886336
ompRp3,0.043478260869565216,22,22,ATGTTGTATTCCGCGCGGAT,0,2900323
ompRp3,0.043478260869565216,22,22,ATCTTGATAGCCATTGTCCT,0,2874352
ompRp3,0.043478260869565216,22,22,ATATTTCCGGTGACCGTAAC,0,2882370
ompRp3,0.043478260869565216,22,22,AGTCCGTTTCTTAAGCCGGC,0,2860881
ompRp3,0.043478260869565216,22,22,AGTAATTAACACACTCCGTC,0,2891266
ompRp3,0.043478260869565216,22,22,AGGCGCATGGCAACTCTGGT,0,2878180
ompRp3,0.043478260869565216,22,22,AGGCCGGCGAAAGGCAGCAA,0,2875331
ompRp3,0.043478260869565216,22,22,AGGCAAGACCCCGAAGAATA,0,2890424
ompRp3,0.043478260869565216,22,22,AGCGTAGTAGCTGGACGCAG,0,2899985
ompRp3,0.043478260869565216,22,22,AGCATCTTCTAAGGGAGTCA,0,2906419
ompRp3,0.043478260869565216,22,22,AGATGGCGATAATTTAGAGT,0,2878430
ompRp3,0.043478260869565216,22,22,AGAGCGCGGCTCCCTTCTCT,0,2875604
ompRp3,0.043478260869565216,22,22,ACGCGTTGATTAACGATGAC,0,2873712
ompRp3,0.043478260869565216,22,22,ACGCATAATATATGAAAATC,0,2901567
ompRp3,0.043478260869565216,22,22,ACGATTTGGTACTTTGGCAT,0,2891848
ompRp3,0.043478260869565216,22,22,ACGATGCACACACGTCATCA,0,2863067
ompRp3,0.043478260869565216,22,22,ACGAGCACCGAGGTGCAGAA,0,2900482
ompRp3,0.043478260869565216,22,22,ACCCTCACAATGCCATTGAG,0,2886034
ompRp3,0.043478260869565216,22,22,ACCAAGTGCTGCAGTTGAAA,0,2902521
ompRp3,0.043478260869565216,22,22,ACATATCTGCTTTGAGCTGT,0,2900934
ompRp3,0.043478260869565216,22,22,ACAGAACGACTGTGGCGGTG,0,2865450
ompRp3,0.043478260869565216,22,22,AATGCCGTTCAGCCGAGTAA,0,2863837
ompRp3,0.043478260869565216,22,22,AAGCACCCGCTGGGGTTAAA,0,2875111
ompRp3,0.043478260869565216,22,22,AAATCACGGGTTGTGTACCT,0,2904519
ompRp3,0.043478260869565216,22,22,AAATACATTTTGCGCGGTGA,0,2863122
ompRp3,0.043478260869565216,22,22,AAAGTATGTACACAGTGGGG,0,2869676
ompRp3,0.045454545454545456,21,21,TTTACAAATGTACCGCGACA,0,2896672
ompRp3,0.045454545454545456,21,21,TTGATCGAGGGACCGTCCAT,0,2901826
ompRp3,0.045454545454545456,21,21,TTCTAACGAGTCGGTATAAA,0,2890269
ompRp3,0.045454545454545456,21,21,TGTTGGACAAATTAGATCTT,0,2863329
ompRp3,0.045454545454545456,21,21,TGTTGAATTCACGTGGGGTA,0,2869443
ompRp3,0.045454545454545456,21,21,TGTTAGAATTCAGCTATCGG,0,2873658
ompRp3,0.045454545454545456,21,21,TGTGTAGGCTTGGTACCACG,0,2890170
ompRp3,0.045454545454545456,21,21,TGGCTTTTAGGATATGAATG,0,2865601
ompRp3,0.045454545454545456,21,21,TGGCCATGCGGCGCAGTGGT,0,2881823
ompRp3,0.045454545454545456,21,21,TGATGGGGCCTAGATCTGCC,0,2876669
ompRp3,0.045454545454545456,21,21,TGATCGTTCAGGCAAGTACT,0,2864466
ompRp3,0.045454545454545456,21,21,TGAGGGCGCTTCGAAAAGAC,0,2875973
ompRp3,0.045454545454545456,21,21,TCGGTCCACAGTTTTTTCAA,0,2892238
ompRp3,0.045454545454545456,21,21,TCGGTACCTACCCTGTTACG,0,2895094
ompRp3,0.045454545454545456,21,21,TCGCGGAGCGCAGTTCACAA,0,2869935
ompRp3,0.045454545454545456,21,21,TCCTGATAAGCGCGTTACTG,0,2888884
ompRp3,0.045454545454545456,21,21,TCCGGATTACAACTCAGAGA,0,2885960
ompRp3,0.045454545454545456,21,21,TCACATATGATTCCCAAACG,0,2903195
ompRp3,0.045454545454545456,21,21,TATCACGGGGATTATCTAGT,0,2882796
ompRp3,0.045454545454545456,21,21,TAGGGCACGGGCCGATGTAC,0,2864369
ompRp3,0.045454545454545456,21,21,TAGGCTGGTGGCGGTAACGC,0,2899793
ompRp3,0.045454545454545456,21,21,TAGATTCGGACCGCGTTCAT,0,2868757
ompRp3,0.045454545454545456,21,21,TACCGTACCTGCGGCCGCGT,0,2906755
ompRp3,0.045454545454545456,21,21,TAATATGAGACATTGGGGTT,0,2874503
ompRp3,0.045454545454545456,21,21,GTTTACCTGCATTCAAACTA,0,2893672
ompRp3,0.045454545454545456,21,21,GTTGGCGGTAACCATATTTA,0,2896299
ompRp3,0.045454545454545456,21,21,GTTGCGTACTAAGGAAATGG,0,2890054
ompRp3,0.045454545454545456,21,21,GTGTTTGACCACAGGGCTAA,0,2869636
ompRp3,0.045454545454545456,21,21,GTCTTACAGCACGTGTGTGA,0,2882368
ompRp3,0.045454545454545456,21,21,GTCGTACCAAAGGTACTCGG,0,2872442
ompRp3,0.045454545454545456,21,21,GGTTGAACGGTGAGGAACAA,0,2872180
ompRp3,0.045454545454545456,21,21,GGTTCTTAAAGAGTAGCGCA,0,2888927
ompRp3,0.045454545454545456,21,21,GGTGCCTCTCGTTGAATAAG,0,2893675
ompRp3,0.045454545454545456,21,21,GGTATCGCCAGTATCGATCT,0,2887473
ompRp3,0.045454545454545456,21,21,GGTAGTTAATGAGTTCCCCC,0,2862795
ompRp3,0.045454545454545456,21,21,GGGTCTGTTAGTCGAGAGTC,0,2898200
ompRp3,0.045454545454545456,21,21,GGGCCACACCTGTGTCTTTG,0,2884917
ompRp3,0.045454545454545456,21,21,GGGCAGTTGGGTAATGCTTC,0,2876135
ompRp3,0.045454545454545456,21,21,GGGCAAATGGGCCTTCAACC,0,2863270
ompRp3,0.045454545454545456,21,21,GGGACGACGTATCAGTTCCT,0,2881914
ompRp3,0.045454545454545456,21,21,GGGAATTCTCGGGGTTTCCC,0,2867630
ompRp3,0.045454545454545456,21,21,GGCGACGTCGCGTCGTGAGA,0,2897045
ompRp3,0.045454545454545456,21,21,GGCCCGGCGATCAAGGGAAC,0,2869633
ompRp3,0.045454545454545456,21,21,GGAGTTTATGTCCGGAAAGG,0,2873560
ompRp3,0.045454545454545456,21,21,GGAGCTCGTTGTCAATGGTT,0,2892270
ompRp3,0.045454545454545456,21,21,GGAGCCTGGCTGAGACAAGT,0,2886445
ompRp3,0.045454545454545456,21,21,GCGTACTTGTGTTCCGAGCT,0,2872717
ompRp3,0.045454545454545456,21,21,GCGGGCGCACTACATTATAT,0,2907084
ompRp3,0.045454545454545456,21,21,GCCGGGTCATTAGCTAAAGA,0,2876073
ompRp3,0.045454545454545456,21,21,GCAGCTTGTCTAACATGCAA,0,2888348
ompRp3,0.045454545454545456,21,21,GCACGCGCACGGGCAGTCGT,0,2865449
ompRp3,0.045454545454545456,21,21,GCAATGCGTCACGGACATAA,0,2907200
ompRp3,0.045454545454545456,21,21,GCAACAAGGTGGGCGTCGTA,0,2894765
ompRp3,0.045454545454545456,21,21,GCAAACGACTGGACGGCGGT,0,2871575
ompRp3,0.045454545454545456,21,21,GATTGGGGAGTAAAAAGGAA,0,2874114
ompRp3,0.045454545454545456,21,21,GATGTTTGTTCGTACTGAGG,0,2884813
ompRp3,0.045454545454545456,21,21,GATGTGTCGCAGCGGAGCAT,0,2875585
ompRp3,0.045454545454545456,21,21,GAGGTGTGACTGCGGAACTA,0,2867581
ompRp3,0.045454545454545456,21,21,GAGCGTGAAGCCCGGGGCGA,0,2888466
ompRp3,0.045454545454545456,21,21,GAGATCGGGCTTGGTGACAG,0,2880645
ompRp3,0.045454545454545456,21,21,GAGAGAGTACGAGTTACGGT,0,2903228
ompRp3,0.045454545454545456,21,21,GACGCCCTGCTAGCCATTCG,0,2866354
ompRp3,0.045454545454545456,21,21,GACACGTGTCAGATACGAAA,0,2906330
ompRp3,0.045454545454545456,21,21,GAACGAAGGCAGTACTCTTA,0,2874447
ompRp3,0.045454545454545456,21,21,CTTGTCGCGCTTCATGCAGG,0,2862744
ompRp3,0.045454545454545456,21,21,CTGTTCCCCATAGGAGATAG,0,2888786
ompRp3,0.045454545454545456,21,21,CTCTGCCTTTTATGTGTGAC,0,2867188
ompRp3,0.045454545454545456,21,21,CTCCGTGCGGAGCCGGACCT,0,2886399
ompRp3,0.045454545454545456,21,21,CTCATGGGTTCCTCGTCGGA,0,2870763
ompRp3,0.045454545454545456,21,21,CTCATAAATCGTGCACGGTT,0,2880917
ompRp3,0.045454545454545456,21,21,CTCAGGCGCTCGCTTCATGC,0,2886382
ompRp3,0.045454545454545456,21,21,CTCACCGCTCTATGCTGCGA,0,2884315
ompRp3,0.045454545454545456,21,21,CTCACAGGTGAACAGATACC,0,2890062
ompRp3,0.045454545454545456,21,21,CTAGATCCTCGTCTCAGAAC,0,2879774
ompRp3,0.045454545454545456,21,21,CGTTGTAGAGAGTATGGGCT,0,2875551
ompRp3,0.045454545454545456,21,21,CGTAGTGCGAATCACTACTG,0,2861813
ompRp3,0.045454545454545456,21,21,CGGTAAGGGATGTTCGGAAA,0,2880463
ompRp3,0.045454545454545456,21,21,CGGATAGTTGAGCTCAGCTC,0,2905443
ompRp3,0.045454545454545456,21,21,CGCGATATTTCCCGTTATAT,0,2882472
ompRp3,0.045454545454545456,21,21,CGCCTTGAACCGTCCTGGCC,0,2883664
ompRp3,0.045454545454545456,21,21,CGCCGTTCGATAGCTTCCCG,0,2903460
ompRp3,0.045454545454545456,21,21,CGCCGTATGGCCTATCAGTC,0,2878300
ompRp3,0.045454545454545456,21,21,CGCCACCATGACGTTATCGA,0,2863807
ompRp3,0.045454545454545456,21,21,CGATGACGCATACGCAATCA,0,2876947
ompRp3,0.045454545454545456,21,21,CCTTCAAGGTCAAAGGGTAT,0,2874951
ompRp3,0.045454545454545456,21,21,CCTGCTATCATACGCGTTAA,0,2903905
ompRp3,0.045454545454545456,21,21,CCGGGCTTACTCACTGTCAG,0,2872762
ompRp3,0.045454545454545456,21,21,CCCAATTACAGGGCGACTAA,0,2876730
ompRp3,0.045454545454545456,21,21,CCATTGGGAGTGACGTAGGA,0,2876764
ompRp3,0.045454545454545456,21,21,CCAAGGCATCGACCAACGGT,0,2885931
ompRp3,0.045454545454545456,21,21,CATCATATTGAGTCCGTCAA,0,2860816
ompRp3,0.045454545454545456,21,21,CATAGGACGAGTGGAGCGTA,0,2870611
ompRp3,0.045454545454545456,21,21,CATAAGAACGACAGCAGCTG,0,2901487
ompRp3,0.045454545454545456,21,21,CAGTGGATGGGCACATCTTC,0,2894929
ompRp3,0.045454545454545456,21,21,CAGGGTCGGGCACCCAGGTT,0,2883070
ompRp3,0.045454545454545456,21,21,CAGGAAAACTGGTAAGTATG,0,2888006
ompRp3,0.045454545454545456,21,21,CAGACATTACTGCGCGTAAA,0,2891431
ompRp3,0.045454545454545456,21,21,CAAGCCAAGCGGCCCATTCC,0,2899841
ompRp3,0.045454545454545456,21,21,ATTACAATTGGGCATCTACA,0,2897996
ompRp3,0.045454545454545456,21,21,ATGTACCAAACATAAATGAT,0,2867368
ompRp3,0.045454545454545456,21,21,ATGATGCTGTCCACGGCGAG,0,2864767
ompRp3,0.045454545454545456,21,21,ATGAGATACAGCCGTTCCGT,0,2904156
ompRp3,0.045454545454545456,21,21,ATCGATCTAGAGCGAGGTCT,0,2878049
ompRp3,0.045454545454545456,21,21,ATCGAGGTTTATACGAGAGG,0,2888671
ompRp3,0.045454545454545456,21,21,ATCCTGGGGCTGTCGCTCTG,0,2906833
ompRp3,0.045454545454545456,21,21,ATCCCGTTAGCAGGTCAGTA,0,2868926
ompRp3,0.045454545454545456,21,21,ATCCAACCGGCCTCCTATCA,0,2907687
ompRp3,0.045454545454545456,21,21,ATCAGTACATGTGACGACGG,0,2864259
ompRp3,0.045454545454545456,21,21,ATAAGAACCCTAATATTGTT,0,2906098
ompRp3,0.045454545454545456,21,21,AGTTCTGACTAAGCGTCTCA,0,2866739
ompRp3,0.045454545454545456,21,21,AGTATTTGGGGCCGTGAGGA,0,2875670
ompRp3,0.045454545454545456,21,21,AGTAGGGTATTCGCCGATGT,0,2866366
ompRp3,0.045454545454545456,21,21,AGGGTTTGGCTTTAAAACTA,0,2896923
ompRp3,0.045454545454545456,21,21,AGGGCAGTATGAGGACCTGT,0,2883305
ompRp3,0.045454545454545456,21,21,AGCTGGTAACGTGGCCTGTG,0,2878734
ompRp3,0.045454545454545456,21,21,AGCGTATACATATTTGTAAG,0,2867017
ompRp3,0.045454545454545456,21,21,AGCGGTCCGCATTGTGATAG,0,2890802
ompRp3,0.045454545454545456,21,21,AGCATAACTCAAGGGCAGCA,0,2882966
ompRp3,0.045454545454545456,21,21,AGATCGTACTGACTAGAGTG,0,2895932
ompRp3,0.045454545454545456,21,21,AGACCTCTGAACATGCACTT,0,2862323
ompRp3,0.045454545454545456,21,21,AGACCTACCTACAGGCTTGG,0,2871353
ompRp3,0.045454545454545456,21,21,AGAATTTTGTTAGTAGCGGG,0,2884228
ompRp3,0.045454545454545456,21,21,ACTGCGGGAGCTATTATCCG,0,2894109
ompRp3,0.045454545454545456,21,21,ACGTGTACAGGCCCGTTTTA,0,2905120
ompRp3,0.045454545454545456,21,21,ACGTCAGTTTAGGCGAGCTG,0,2888977
ompRp3,0.045454545454545456,21,21,ACGGCCTAGTCTAAACGGCC,0,2876855
ompRp3,0.045454545454545456,21,21,ACCCTGTCCTGTCACTTTTG,0,2870736
ompRp3,0.045454545454545456,21,21,ACCCAGACCTATCAGAGTTT,0,2866696
ompRp3,0.045454545454545456,21,21,ACCACCGTAGATAGTTTATA,0,2874751
ompRp3,0.045454545454545456,21,21,ACATGATCCACTTGTATTAG,0,2869710
ompRp3,0.045454545454545456,21,21,ACATCTCACGGCAAATGGAT,0,2888606
ompRp3,0.045454545454545456,21,21,ACACCGCATGTACCATAGTA,0,2898541
ompRp3,0.045454545454545456,21,21,ACACCCAAAAGCACGGTCTG,0,2871750
ompRp3,0.045454545454545456,21,21,AATTCTCGACCCGGCTTAAT,0,2890214
ompRp3,0.045454545454545456,21,21,AATCCGCACATTGTTAACGG,0,2862390
ompRp3,0.045454545454545456,21,21,AATCAGAATCACCAGTTAAT,0,2876774
ompRp3,0.045454545454545456,21,21,AAGTTTTTGATCAATTCAAC,0,2862743
ompRp3,0.045454545454545456,21,21,AAGTCAATGTGTTTCCCTCA,0,2892873
ompRp3,0.045454545454545456,21,21,AAGGCACAGGCGGACAACTG,0,2891599
ompRp3,0.045454545454545456,21,21,AAGCTACTACCAGAAATTAA,0,2887354
ompRp3,0.045454545454545456,21,21,AACGGAAGTTATTGGTGACA,0,2862200
ompRp3,0.047619047619047616,20,20,TTTTATTCAGTCGAGACCAT,0,2866509
ompRp3,0.047619047619047616,20,20,TTTGTTGCGCAGGCAGCCAG,0,2876698
ompRp3,0.047619047619047616,20,20,TTTGGGCTAAGACACGTTAT,0,2879320
ompRp3,0.047619047619047616,20,20,TTTGAGTTCCCGGCGTGTTT,0,2876138
ompRp3,0.047619047619047616,20,20,TTTAATTACTGCTGCGACTA,0,2860969
ompRp3,0.047619047619047616,20,20,TTGTAGAACTCCGCCTAGGT,0,2882774
ompRp3,0.047619047619047616,20,20,TTCGGTGACCGTACATTAAA,0,2875611
ompRp3,0.047619047619047616,20,20,TTCAACGCGCCAGACTTTTC,0,2874565
ompRp3,0.047619047619047616,20,20,TTATTCCTGGTGCACCCAGA,0,2878847
ompRp3,0.047619047619047616,20,20,TTAAACGATCCACTTACCTG,0,2890593
ompRp3,0.047619047619047616,20,20,TGTGGTCTTGTTTTCATTCA,0,2862360
ompRp3,0.047619047619047616,20,20,TGTATTTACAAAGAGCAGCC,0,2876817
ompRp3,0.047619047619047616,20,20,TGGTGTTTGTCCCTCCACGT,0,2875269
ompRp3,0.047619047619047616,20,20,TGGTCAAACGCGTTCCTCGG,0,2869861
ompRp3,0.047619047619047616,20,20,TGGGTATCCGACAAAACTCC,0,2892659
ompRp3,0.047619047619047616,20,20,TGCAACGGCCACATCCGTCG,0,2866733
ompRp3,0.047619047619047616,20,20,TGACCCAATCAGTGTGTCAT,0,2885994
ompRp3,0.047619047619047616,20,20,TCGCGAGCTCATGGGTTCGG,0,2863184
ompRp3,0.047619047619047616,20,20,TCCTAATAAGGACCATAGCT,0,2877334
ompRp3,0.047619047619047616,20,20,TCCCAACCGTGTGGCGCGAA,0,2898780
ompRp3,0.047619047619047616,20,20,TCCAGAGTGATTAGCCGCTA,0,2901362
ompRp3,0.047619047619047616,20,20,TCAGCGACGGACGATATTGG,0,2894156
ompRp3,0.047619047619047616,20,20,TATACTAGGGGATCAGCTAT,0,2907619
ompRp3,0.047619047619047616,20,20,TACGCGTATGGCAAACGGGA,0,2870771
ompRp3,0.047619047619047616,20,20,TAATAGATTAAGGCCATATG,0,2862294
ompRp3,0.047619047619047616,20,20,GTTGTGCATCACGGTTTTGT,0,2897005
ompRp3,0.047619047619047616,20,20,GTTAACCTAAACAGTAGCGG,0,2880250
ompRp3,0.047619047619047616,20,20,GTGTCCTCAGCACACAATAG,0,2888281
ompRp3,0.047619047619047616,20,20,GTGTATGTAGCCCCCAGTAA,0,2900133
ompRp3,0.047619047619047616,20,20,GTGGTACGGGTACGCTGATA,0,2876839
ompRp3,0.047619047619047616,20,20,GTGGGCTCACGGGAAAACTG,0,2878873
ompRp3,0.047619047619047616,20,20,GTGGCCCAGCCTTTGATATT,0,2863264
ompRp3,0.047619047619047616,20,20,GTGCAGTTGTAATTAAACGG,0,2878393
ompRp3,0.047619047619047616,20,20,GTGAAGATAGAATACAATGC,0,2894079
ompRp3,0.047619047619047616,20,20,GTCTTGCAGAGCGATTCCTT,0,2861415
ompRp3,0.047619047619047616,20,20,GTCGAACCATATGTTTGCCG,0,2881089
ompRp3,0.047619047619047616,20,20,GTCCGAAAGATTTCTTACTC,0,2886085
ompRp3,0.047619047619047616,20,20,GTCATAGGAGCGGAAGAGCA,0,2872735
ompRp3,0.047619047619047616,20,20,GTAGGACTCGCTGTCTACGA,0,2869028
ompRp3,0.047619047619047616,20,20,GTACACAGATATAGGTCAGC,0,2889633
ompRp3,0.047619047619047616,20,20,GGTTTCTAGGGTACTTCCAT,0,2902946
ompRp3,0.047619047619047616,20,20,GGTCGTGCCCCGTGAACAGA,0,2863889
ompRp3,0.047619047619047616,20,20,GGGCATTGGTGACACACGGC,0,2885116
ompRp3,0.047619047619047616,20,20,GGGACCTGCGCGCCTATCTG,0,2865606
ompRp3,0.047619047619047616,20,20,GGGAAAATTATCGCACAGAT,0,2874867
ompRp3,0.047619047619047616,20,20,GGCTTCTACTTTAGCTTATA,0,2898005
ompRp3,0.047619047619047616,20,20,GGCTACGATCCGTGCCACAC,0,2871042
ompRp3,0.047619047619047616,20,20,GGCGATCGAGGTATCGCCTC,0,2885065
ompRp3,0.047619047619047616,20,20,GGCCCGCGCGTCCGATACTC,0,2877250
ompRp3,0.047619047619047616,20,20,GGCATCCACGCACGGATAGT,0,2890501
ompRp3,0.047619047619047616,20,20,GGCAAAGTGTATGCGTGGAC,0,2880654
ompRp3,0.047619047619047616,20,20,GGAACTCTTAGTTAGTGCGG,0,2897605
ompRp3,0.047619047619047616,20,20,GGAAATTGCCAATTAGCTTT,0,2892163
ompRp3,0.047619047619047616,20,20,GCTGGGGACTCGCCAGCGGG,0,2883954
ompRp3,0.047619047619047616,20,20,GCTGACTATGGATCAGGCTC,0,2894550
ompRp3,0.047619047619047616,20,20,GCGTATTTGGAACCCGGTAC,0,2897628
ompRp3,0.047619047619047616,20,20,GCGAACTGCGGATACGACTT,0,2886489
ompRp3,0.047619047619047616,20,20,GCCAGAACGAAAGGACGGCT,0,2889053
ompRp3,0.047619047619047616,20,20,GCCAAATAAATTGAGGAATT,0,2863965
ompRp3,0.047619047619047616,20,20,GCCAAACTTCATCCTCGTCG,0,2869342
ompRp3,0.047619047619047616,20,20,GCAGCCCTCGTGCTCCGTTC,0,2876867
ompRp3,0.047619047619047616,20,20,GCAAATACTCTCTCCACGCC,0,2882420
ompRp3,0.047619047619047616,20,20,GAGACTTAATGGCAACCCGA,0,2878521
ompRp3,0.047619047619047616,20,20,GAGAAAATAGACATCATGGC,0,2876122
ompRp3,0.047619047619047616,20,20,GACGAAACATATCCGTGTGA,0,2867852
ompRp3,0.047619047619047616,20,20,GACATTCGGCTAGCGGGGCT,0,2894578
ompRp3,0.047619047619047616,20,20,GACATCCTGGCGATGCCAAC,0,2883318
ompRp3,0.047619047619047616,20,20,GACAGAATTCCCCTCTGGTG,0,2873442
ompRp3,0.047619047619047616,20,20,GAATTGGACGGGAGACACTA,0,2888744
ompRp3,0.047619047619047616,20,20,GAATCGTGAAGATTTGTTAC,0,2884644
ompRp3,0.047619047619047616,20,20,GAAGCTTAATATATGTGGGG,0,2875949
ompRp3,0.047619047619047616,20,20,GAAGCTCTGTTCGTACTCAA,0,2874080
ompRp3,0.047619047619047616,20,20,CTTTCCGGGTATTGAGCCAG,0,2881795
ompRp3,0.047619047619047616,20,20,CTTTATTCTCAGCTGGGAGT,0,2896126
ompRp3,0.047619047619047616,20,20,CTTCTCGACGATAGTCAGTC,0,2882196
ompRp3,0.047619047619047616,20,20,CTTCTACATCAGATTGGCCT,0,2898719
ompRp3,0.047619047619047616,20,20,CTTCGCGGAACTACGAAAGC,0,2870859
ompRp3,0.047619047619047616,20,20,CTTAAAGCTCCCTTTATGGG,0,2897684
ompRp3,0.047619047619047616,20,20,CTGGTTCTTACGTTTCCAGT,0,2874752
ompRp3,0.047619047619047616,20,20,CTGCGAAGCGTTTGACGAAT,0,2898300
ompRp3,0.047619047619047616,20,20,CTGCACATATATCATGTAAG,0,2878737
ompRp3,0.047619047619047616,20,20,CTCTCCAAGCTTGGCCGGTA,0,2883705
ompRp3,0.047619047619047616,20,20,CTCCTCGGGAGGTTTTCAAT,0,2894051
ompRp3,0.047619047619047616,20,20,CTCAGTGCCAAGCGGGTCAG,0,2869839
ompRp3,0.047619047619047616,20,20,CTCAGGAGCTTAGATCGCTG,0,2904796
ompRp3,0.047619047619047616,20,20,CTCAACCGACGGGATTGTCG,0,2863418
ompRp3,0.047619047619047616,20,20,CTAGTCTCGGCCCGACTTCA,0,2889715
ompRp3,0.047619047619047616,20,20,CTACATCTCGAATTTGCCAT,0,2862602
ompRp3,0.047619047619047616,20,20,CTACAGGGTACCGTTTCGAC,0,2861179
ompRp3,0.047619047619047616,20,20,CTACAACCCTGACATTGATG,0,2880894
ompRp3,0.047619047619047616,20,20,CTAAATGCGCGATATCCCAC,0,2878604
ompRp3,0.047619047619047616,20,20,CTAAAGATGTGCGTGCAGAT,0,2903818
ompRp3,0.047619047619047616,20,20,CGTTCTAGATTAATACGGCA,0,2884440
ompRp3,0.047619047619047616,20,20,CGGTATCCTGTTAATAAGGT,0,2872502
ompRp3,0.047619047619047616,20,20,CGGGATGTAACTTATGTTTC,0,2889371
ompRp3,0.047619047619047616,20,20,CGCGCCGGCAAAACGACGGG,0,2878143
ompRp3,0.047619047619047616,20,20,CGCATCAGTTCCGGTTCAAC,0,2889400
ompRp3,0.047619047619047616,20,20,CGCATACCCACAGCTTCATC,0,2871811
ompRp3,0.047619047619047616,20,20,CGCAAGACTGCATTGAAACA,0,2876710
ompRp3,0.047619047619047616,20,20,CGCAACATGCATGACGGGAA,0,2871046
ompRp3,0.047619047619047616,20,20,CGATTAGGGCTGAACTCTGC,0,2872402
ompRp3,0.047619047619047616,20,20,CGAGAGAAGGATTGGACTCG,0,2889007
ompRp3,0.047619047619047616,20,20,CCTGCCGCGGTTACGCTGCG,0,2886499
ompRp3,0.047619047619047616,20,20,CCGGGGAGACTGTTCCGACG,0,2866813
ompRp3,0.047619047619047616,20,20,CCGCACGGCTCCCCGTTGAA,0,2883556
ompRp3,0.047619047619047616,20,20,CCCACAGGACGTCCTACCAC,0,2905366
ompRp3,0.047619047619047616,20,20,CCCAATTCAAAGATAGGTAT,0,2875272
ompRp3,0.047619047619047616,20,20,CCAAACCTCCACAAACGCCT,0,2863633
ompRp3,0.047619047619047616,20,20,CAGTCCTGCGGGCCAGAAGA,0,2867334
ompRp3,0.047619047619047616,20,20,CAGGGGCTCAAGAACGCGCA,0,2864275
ompRp3,0.047619047619047616,20,20,CAGAATCTGACTGTGGCCAC,0,2902378
ompRp3,0.047619047619047616,20,20,CACTCAACCGGAACCTGCGC,0,2905842
ompRp3,0.047619047619047616,20,20,CACGAGTTCGAAACATCCCA,0,2883216
ompRp3,0.047619047619047616,20,20,CACAGATTTCGGGGCTAGGG,0,2890550
ompRp3,0.047619047619047616,20,20,CAATCCTCGGAAAAGGAATT,0,2884639
ompRp3,0.047619047619047616,20,20,CAAGTGTCCCACCAATTGCA,0,2878166
ompRp3,0.047619047619047616,20,20,ATTGGTCAGATGAACACATT,0,2899190
ompRp3,0.047619047619047616,20,20,ATTCGGTCGGGGATTCGCTC,0,2866501
ompRp3,0.047619047619047616,20,20,ATTAATCAGTTTCGAAACGA,0,2905571
ompRp3,0.047619047619047616,20,20,ATGGCCGGCCCATTTGATGG,0,2890244
ompRp3,0.047619047619047616,20,20,ATCGCCCCTGTGGCTGTAGT,0,2885431
ompRp3,0.047619047619047616,20,20,ATCCTACAAAGATCCGTTGA,0,2882258
ompRp3,0.047619047619047616,20,20,ATCAAATCTAGGTACCCGAC,0,2867505
ompRp3,0.047619047619047616,20,20,ATATAGTGTGTAATGGGTTA,0,2866212
ompRp3,0.047619047619047616,20,20,ATACTTCAATAGCATTGCTA,0,2892168
ompRp3,0.047619047619047616,20,20,ATAAGAGACTATTATCGAAA,0,2889467
ompRp3,0.047619047619047616,20,20,AGGTGCGCTCCTCGGGAGAG,0,2894574
ompRp3,0.047619047619047616,20,20,AGGGGTAATGCTCTGATAGT,0,2884820
ompRp3,0.047619047619047616,20,20,AGCGTGCTACTCCCCGACGG,0,2885135
ompRp3,0.047619047619047616,20,20,AGCGTGCGGTATCCGAGCAG,0,2861614
ompRp3,0.047619047619047616,20,20,AGCCAGACCAGGGCAGGGTC,0,2868229
ompRp3,0.047619047619047616,20,20,AGAGCCATTATTGGAAAGAG,0,2887903
ompRp3,0.047619047619047616,20,20,AGAGATAAATTTACGGGGTC,0,2877175
ompRp3,0.047619047619047616,20,20,AGAATTAAGTCCGTTTGCTT,0,2863591
ompRp3,0.047619047619047616,20,20,ACTCCCGGCGCTGCCCGGTG,0,2892389
ompRp3,0.047619047619047616,20,20,ACTCATTCACAATTTGGGTT,0,2873951
ompRp3,0.047619047619047616,20,20,ACTAGGTGCTGGTGGACAAG,0,2884545
ompRp3,0.047619047619047616,20,20,ACGGCCTGAGATAAAGAGCG,0,2896196
ompRp3,0.047619047619047616,20,20,ACGGCCGCGTCGGCTTTGCA,0,2875587
ompRp3,0.047619047619047616,20,20,ACGAATTATACGTAACTGAA,0,2887027
ompRp3,0.047619047619047616,20,20,ACCTTCATCAAGGCTATCCT,0,2861564
ompRp3,0.047619047619047616,20,20,ACCCTCGGCTTACTGGTCGC,0,2880590
ompRp3,0.047619047619047616,20,20,ACCAGCATTTTAACGAGGGT,0,2903950
ompRp3,0.047619047619047616,20,20,ACAACCAAGCCATCTCACAG,0,2868031
ompRp3,0.047619047619047616,20,20,ACAACAGAGGCGGCTGACTA,0,2892012
ompRp3,0.047619047619047616,20,20,AATTTTATAAGTTCCGTAGT,0,2898263
ompRp3,0.047619047619047616,20,20,AATTCTCGAGATTCGCACGC,0,2882520
ompRp3,0.047619047619047616,20,20,AATTCGGATGGGCTTAATTA,0,2876120
ompRp3,0.047619047619047616,20,20,AATGAGCTGTAACGCAGAAG,0,2896809
ompRp3,0.047619047619047616,20,20,AAGTCCGATGACGGTACAAC,0,2865143
ompRp3,0.047619047619047616,20,20,AAGATGCGGGAGAATGATTA,0,2892423
ompRp3,0.047619047619047616,20,20,AAGAGTATGGCCTACTAATA,0,2892945
ompRp3,0.047619047619047616,20,20,AACTCTTGAGGAATACAATT,0,2896837
ompRp3,0.047619047619047616,20,20,AACCTACCCCGATCGCTCAA,0,2869932
ompRp3,0.047619047619047616,20,20,AACCACATCATCAGAAAAGT,0,2881025
ompRp3,0.047619047619047616,20,20,AACAGCTTCAAGGGTAGCAG,0,2890736
ompRp3,0.047619047619047616,20,20,AAATTATCGAACTATCCCTT,0,2883819
ompRp3,0.047619047619047616,20,20,AAACATGATTTAAGTCTCGC,0,2881417
ompRp3,0.047619047619047616,20,20,AAACACATTTTGGAAAGTCC,0,2867556
ompRp3,0.047619047619047616,20,20,AAAATGAGGTTGGTTAGTCA,0,2864664
ompRp3,0.05,19,19,TTTGTGGCTTCGCACCCGGC,0,2895884
ompRp3,0.05,19,19,TTTATAGAGCTTGACCCCAC,0,2866592
ompRp3,0.05,19,19,TTGTCGGCAATTTCCAAATT,0,2862468
ompRp3,0.05,19,19,TTGTACCGATAAATTACGGT,0,2893071
ompRp3,0.05,19,19,TTGGCAACCCCCGTCTCGGG,0,2892979
ompRp3,0.05,19,19,TTCGGGTCCTTCACTGTAGC,0,2871505
ompRp3,0.05,19,19,TTCGAGGATTGTAAGCGTCA,0,2878811
ompRp3,0.05,19,19,TTAGCGCTGGTATCGTGGTA,0,2888871
ompRp3,0.05,19,19,TTACGATTTGGGTTTCGGGA,0,2883049
ompRp3,0.05,19,19,TGGGAGGGACTGCCCGACCA,0,2871672
ompRp3,0.05,19,19,TGGACGCGTTCCCGCAGCAT,0,2894224
ompRp3,0.05,19,19,TGCTCCTTTCGTGCGCAACG,0,2871228
ompRp3,0.05,19,19,TGCGTCCGGCTGCCTGACTA,0,2868132
ompRp3,0.05,19,19,TGCGGCCGGCCCTCTGTCTC,0,2872863
ompRp3,0.05,19,19,TGCGAGTGTGTAATCCCAAG,0,2901893
ompRp3,0.05,19,19,TGATTGTTTTAAAGGGCAGA,0,2888975
ompRp3,0.05,19,19,TGATGTGAAAACTTGGTATT,0,2865838
ompRp3,0.05,19,19,TGAGCGTAATTGAGGATTTA,0,2867530
ompRp3,0.05,19,19,TGACAGGTTATCGCCGTTAT,0,2863130
ompRp3,0.05,19,19,TCTGTCGGTCATTGTCGGGT,0,2884449
ompRp3,0.05,19,19,TCTATGCTGCAGATCTACAG,0,2894268
ompRp3,0.05,19,19,TCGTAGGCGGCTTTCTAGTT,0,2898513
ompRp3,0.05,19,19,TCGGTATGGGGGCTTTCCGA,0,2884941
ompRp3,0.05,19,19,TCGGGGACAGCCCGCGGACC,0,2898644
ompRp3,0.05,19,19,TCGGCGTCGCCACAGTGTCC,0,2888489
ompRp3,0.05,19,19,TCGCTTGCCGAACACATAGT,0,2868460
ompRp3,0.05,19,19,TCGCTATATTGTGGTTGGAC,0,2870901
ompRp3,0.05,19,19,TCGATGGAACATTCAGTAGA,0,2870617
ompRp3,0.05,19,19,TCCCTGAGGGTGGCTCACCG,0,2891560
ompRp3,0.05,19,19,TCCCTAATGGGCGGCCCCGA,0,2881596
ompRp3,0.05,19,19,TCATGGTTTTCACGAACCAA,0,2891695
ompRp3,0.05,19,19,TCACGAATTGGGAATAACGT,0,2869241
ompRp3,0.05,19,19,TATCGTCTTCAGGAGCTTAT,0,2892200
ompRp3,0.05,19,19,TAGGAAAGAAACCATCCTGG,0,2876516
ompRp3,0.05,19,19,TACCGGGGCCAATGTTTACG,0,2903441
ompRp3,0.05,19,19,TAAGGGACATGTTCGAGAGC,0,2907518
ompRp3,0.05,19,19,TAAGAATGGGCAGGGCCTAA,0,2889915
ompRp3,0.05,19,19,TAACATGCCGCTTCGCATCA,0,2881861
ompRp3,0.05,19,19,GTTCAGTGCGTTGCCTCTCT,0,2873210
ompRp3,0.05,19,19,GTTATGCATGCTGGAAGTTG,0,2885893
ompRp3,0.05,19,19,GTTACAGAAAGGGGTTTCTA,0,2880489
ompRp3,0.05,19,19,GTGTGCGCTTAGCGGTAGAT,0,2882864
ompRp3,0.05,19,19,GTGGATTCGGGCACCACTAT,0,2879224
ompRp3,0.05,19,19,GTGGAATTTTAAAGGCCACG,0,2861747
ompRp3,0.05,19,19,GTGCGTCGCTGTACATGGAT,0,2903501
ompRp3,0.05,19,19,GTCTGGTTCCCAACTGATCT,0,2879471
ompRp3,0.05,19,19,GTCCGGGCCTTCCTAGTGTC,0,2898963
ompRp3,0.05,19,19,GTCCCTTATATATATGGGCT,0,2884760
ompRp3,0.05,19,19,GTAAGTGGGGTTGCAAGGTC,0,2893432
ompRp3,0.05,19,19,GTAACAAAGTTGTCCCCAGA,0,2876021
ompRp3,0.05,19,19,GGTTAGGCTGTGGACCTGGT,0,2881650
ompRp3,0.05,19,19,GGTGGACCGGAGGGCAGAAA,0,2866767
ompRp3,0.05,19,19,GGTGCAGAATGGTGCATACG,0,2872817
ompRp3,0.05,19,19,GGTCGGATTGTGATTAAACA,0,2868054
ompRp3,0.05,19,19,GGGCCTAGCACTTTACTTCC,0,2897586
ompRp3,0.05,19,19,GGGATTAACCCGCGCATTCA,0,2892121
ompRp3,0.05,19,19,GGGAGTCCAGTAGGGGAGGT,0,2906368
ompRp3,0.05,19,19,GGCGGTCTAGGTCGGCATTA,0,2870225
ompRp3,0.05,19,19,GGCGGGCACCTAGACTACTA,0,2897324
ompRp3,0.05,19,19,GGCGCACCATTCGTTATACA,0,2864917
ompRp3,0.05,19,19,GGCGACCACCCCTACGATAT,0,2874560
ompRp3,0.05,19,19,GGCCTCGTCTATATTCTTGC,0,2897882
ompRp3,0.05,19,19,GGATTACGTACAAGCCGACC,0,2896173
ompRp3,0.05,19,19,GGATACGGACGCTGCGATGT,0,2866178
ompRp3,0.05,19,19,GGAGTTGCTATTCGTACTGA,0,2872678
ompRp3,0.05,19,19,GGAGGATGGTCTAGGTCATG,0,2876086
ompRp3,0.05,19,19,GGAGCACCAAACGATTATCT,0,2887919
ompRp3,0.05,19,19,GGACGGCACCAGTAAGTCAA,0,2863516
ompRp3,0.05,19,19,GGAAGCTCAATACCTTGTGA,0,2871494
ompRp3,0.05,19,19,GGAACGGGAGGAGAAGTCGG,0,2867156
ompRp3,0.05,19,19,GGAAAGCAAGTCGGCTTGTA,0,2884617
ompRp3,0.05,19,19,GCTATTATTCACTGAAAAGT,0,2870413
ompRp3,0.05,19,19,GCGGGTCAACCGTTCCAGAA,0,2870319
ompRp3,0.05,19,19,GCGGGAGCCGTTCAATCCAT,0,2867179
ompRp3,0.05,19,19,GCGGAACCTGGGGGGAGAGA,0,2891212
ompRp3,0.05,19,19,GCGAGCTCGCGCTTGCGCTA,0,2863324
ompRp3,0.05,19,19,GCGACCACGTCTAACTTGAA,0,2895298
ompRp3,0.05,19,19,GCCTGCCTTGATTTTCAGGC,0,2896845
ompRp3,0.05,19,19,GCCGCCGGGGCTCAGGATTC,0,2879957
ompRp3,0.05,19,19,GCCGAGCCGACACCTTGTTA,0,2864745
ompRp3,0.05,19,19,GCCAACTCCGTTCGTATCAC,0,2878638
ompRp3,0.05,19,19,GCAGTTTTTGTTATGCAACT,0,2898583
ompRp3,0.05,19,19,GCAGTAAAAGGTTCAGCGCT,0,2907313
ompRp3,0.05,19,19,GCACGCCCCTGCCCGCTTGA,0,2893600
ompRp3,0.05,19,19,GCAAGAGAGTGCTCGATGGT,0,2903576
ompRp3,0.05,19,19,GCAAATTATGTAATCCTGGT,0,2906448
ompRp3,0.05,19,19,GAGTGTTGGAATGCAAGACT,0,2884944
ompRp3,0.05,19,19,GAGTCGTCTCGATTGGGGTT,0,2872600
ompRp3,0.05,19,19,GAGGTATTTCAAGTTCACAC,0,2879953
ompRp3,0.05,19,19,GAGGGCAATGACTAAGCATG,0,2871668
ompRp3,0.05,19,19,GACTCAAGAGTATATGGAAG,0,2866219
ompRp3,0.05,19,19,GACAATTGCTCCCTACCGAC,0,2900394
ompRp3,0.05,19,19,GACAATGGTGCATCCACGGC,0,2881834
ompRp3,0.05,19,19,GAATTGGCTCGACGCAATGC,0,2868183
ompRp3,0.05,19,19,GAATGGCCAAAGGGATTTCA,0,2894854
ompRp3,0.05,19,19,GAAGGTGTTCTGGGGAGAAC,0,2862184
ompRp3,0.05,19,19,GAACGGTGGGACGACGTTTA,0,2880261
ompRp3,0.05,19,19,GAACGAGTGTCCAATTATGT,0,2889346
ompRp3,0.05,19,19,GAACCGTCTGGAATACTTAA,0,2887664
ompRp3,0.05,19,19,GAAATCTGACGTGAGTAGGG,0,2882595
ompRp3,0.05,19,19,GAAAGCGCATCGGGTAACTG,0,2885869
ompRp3,0.05,19,19,CTTTAAAGCTGTCATGCGGT,0,2881075
ompRp3,0.05,19,19,CTTCCCGGCGCCCTTTGCGA,0,2904283
ompRp3,0.05,19,19,CTGGGTTGCGGCCGCGCCGA,0,2894630
ompRp3,0.05,19,19,CTGACCAGACTTGGTTGCGA,0,2890485
ompRp3,0.05,19,19,CTCCTCATTCAGCAGCGCTT,0,2866879
ompRp3,0.05,19,19,CTCATTTGGTAAATTGGTAC,0,2874371
ompRp3,0.05,19,19,CTCACTTAGCACGCTCCGTC,0,2866651
ompRp3,0.05,19,19,CTATGTGGGCCAACTAAACG,0,2888002
ompRp3,0.05,19,19,CTATAATGGTTCTGCGTAGC,0,2882087
ompRp3,0.05,19,19,CTAAAGCATCACACTATCGA,0,2899311
ompRp3,0.05,19,19,CGTTATATATCAACCGGGGG,0,2866082
ompRp3,0.05,19,19,CGTTACTCACCTGTTATGAT,0,2873812
ompRp3,0.05,19,19,CGTGTACCCTGACGCATGCC,0,2905624
ompRp3,0.05,19,19,CGTGGTTCATATCTCATTAA,0,2871230
ompRp3,0.05,19,19,CGTGCTCGATCTCCCTGCGT,0,2889911
ompRp3,0.05,19,19,CGTCGGTGCCCTGTTCGCGT,0,2873044
ompRp3,0.05,19,19,CGTATGTGTGCGAAATTATA,0,2880299
ompRp3,0.05,19,19,CGTAGGCTCATTTCAGACAA,0,2895898
ompRp3,0.05,19,19,CGTAGAGATGGAGGCAGCAT,0,2878899
ompRp3,0.05,19,19,CGGGTCGTAACTTGATTGTT,0,2891742
ompRp3,0.05,19,19,CGGGGCACTCTACGGAGAGT,0,2883169
ompRp3,0.05,19,19,CGGGAGTTGTACACGCCGGG,0,2862030
ompRp3,0.05,19,19,CGCTTAAATTTTGGGCTTTA,0,2900079
ompRp3,0.05,19,19,CGCTACAGTGGTTCCTGCGG,0,2872468
ompRp3,0.05,19,19,CGATGAGATTGCAGCTGTGT,0,2890245
ompRp3,0.05,19,19,CGATCGTTTATAGCTTGGAG,0,2901622
ompRp3,0.05,19,19,CGAGTCAAAGAACCACATTC,0,2877443
ompRp3,0.05,19,19,CGACTGTTTGCCCTCTTCGA,0,2902459
ompRp3,0.05,19,19,CGACCCATAGACGCAACAGT,0,2861612
ompRp3,0.05,19,19,CCTTAGGGTGTGCATCCGAT,0,2882455
ompRp3,0.05,19,19,CCGTAGCGTGATTGATAGCC,0,2884080
ompRp3,0.05,19,19,CCGGTGAGGGAGTCCCAAGT,0,2876471
ompRp3,0.05,19,19,CCGAGGGCGTGGTAACACAT,0,2866939
ompRp3,0.05,19,19,CCCACTTGGTACAATTCGTT,0,2871667
ompRp3,0.05,19,19,CCCACGGGGAACACTGACCG,0,2864618
ompRp3,0.05,19,19,CCAGTATATTGGTTAAGGCA,0,2861910
ompRp3,0.05,19,19,CCAACTTCAGGTGAAGAGAG,0,2862662
ompRp3,0.05,19,19,CCAACAGGGGGCGTCGCGTC,0,2861849
ompRp3,0.05,19,19,CCAAATCAAGCCTTTAACGC,0,2902622
ompRp3,0.05,19,19,CATTACACAAAAGACACGCG,0,2874753
ompRp3,0.05,19,19,CATGAGCGCGCATTACTCAA,0,2907656
ompRp3,0.05,19,19,CATAACCTTGGAGCATACCG,0,2891570
ompRp3,0.05,19,19,CAGTGTGGTCTATTCACACC,0,2881456
ompRp3,0.05,19,19,CACACAGGGTCGGGTCTGTC,0,2862295
ompRp3,0.05,19,19,CAATTATATATATTTCCTTA,0,2893476
ompRp3,0.05,19,19,CAATAAAGGCGTTATTTCCA,0,2870436
ompRp3,0.05,19,19,CAAGTCATAGGGGGATAGGT,0,2883903
ompRp3,0.05,19,19,CAAGGCAGTTGCATCAGGAA,0,2872441
ompRp3,0.05,19,19,CAAATGGGCAAGCTAAAAAT,0,2862285
ompRp3,0.05,19,19,ATTTTAGAGTCATCGCGGTT,0,2899875
ompRp3,0.05,19,19,ATTCTGGCATTCAGCGTGAA,0,2888113
ompRp3,0.05,19,19,ATGTGGACTATCTGTGGATC,0,2906724
ompRp3,0.05,19,19,ATGGGCGCTATCATGGCTAA,0,2895063
ompRp3,0.05,19,19,ATCTGTAAGAGCTATGAGCG,0,2875794
ompRp3,0.05,19,19,ATCTGGTTAAAGGAGCACAG,0,2889004
ompRp3,0.05,19,19,ATCGCGTGCTCTCCTCAGTC,0,2871440
ompRp3,0.05,19,19,ATCAGCCTTGGTAACGCTAG,0,2889908
ompRp3,0.05,19,19,ATAATCAATGTAATCAATAT,0,2899936
ompRp3,0.05,19,19,AGTGGCTGGCGCGTGGCGCT,0,2863059
ompRp3,0.05,19,19,AGGTGACTTGCTACCACCCA,0,2903092
ompRp3,0.05,19,19,AGGCCGGACTTCATTAGGCC,0,2886123
ompRp3,0.05,19,19,AGGCATGTAATCTCACCCGA,0,2898706
ompRp3,0.05,19,19,AGGAAGAACATGGGTCTGGC,0,2873012
ompRp3,0.05,19,19,AGCTTACTTTCTGGGCTGAT,0,2886477
ompRp3,0.05,19,19,AGCATTTTATCGTATGTTCC,0,2886184
ompRp3,0.05,19,19,AGCAAAGTTCTTGGATTGTC,0,2905553
ompRp3,0.05,19,19,AGATGTAGCATGGCTAAGGC,0,2881070
ompRp3,0.05,19,19,AGACTGCAAACGTCCGCAAG,0,2906817
ompRp3,0.05,19,19,AGACACTCATGTCGCTTTCG,0,2895159
ompRp3,0.05,19,19,ACTTTACAGGGGGTTACACC,0,2891786
ompRp3,0.05,19,19,ACTCCGTAAGGGAAGCGTAA,0,2885668
ompRp3,0.05,19,19,ACGGTTTGGGTGACGGGCAT,0,2871681
ompRp3,0.05,19,19,ACGGGTGGGAGTGTAAGAGT,0,2873782
ompRp3,0.05,19,19,ACGCCGTGCTTGTCCAAACT,0,2887479
ompRp3,0.05,19,19,ACCTTGGATCCTTCTACCGA,0,2874074
ompRp3,0.05,19,19,ACCTGCCGCCAGCGCTGGGA,0,2863312
ompRp3,0.05,19,19,ACCCGCGGCAGAATTGGAGC,0,2900504
ompRp3,0.05,19,19,ACCCCAAAGTACTGTATCGA,0,2861321
ompRp3,0.05,19,19,ACAGGCCGAGATTTTGAATT,0,2865200
ompRp3,0.05,19,19,ACAGGATATTCGACCCTTTA,0,2898366
ompRp3,0.05,19,19,ACAGAATGTACTGATTATTC,0,2900435
ompRp3,0.05,19,19,AATGTATATTATTGATTATA,0,2894282
ompRp3,0.05,19,19,AATGGTACCAGTCAGGTTGT,0,2865698
ompRp3,0.05,19,19,AATCACAGTTGCTAATTAGT,0,2866431
ompRp3,0.05,19,19,AATAGTGTAGGTCGGGGGCA,0,2885374
ompRp3,0.05,19,19,AATACCGTTGCGACATCGTC,0,2877719
ompRp3,0.05,19,19,AAGTGCAGTCGAAAAGGCTG,0,2906695
ompRp3,0.05,19,19,AAGATAGTACACGCCGGTGG,0,2879118
ompRp3,0.05,19,19,AAGACTTAAAAGGTTGAGAC,0,2873089
ompRp3,0.05,19,19,AAGAAACGCTCGGGGGCGGT,0,2868800
ompRp3,0.05,19,19,AACTGGATCTTAAGGTATTG,0,2873921
ompRp3,0.05,19,19,AACTACGACGCGAGTGTAGT,0,2900444
ompRp3,0.05,19,19,AACCGGAGCACACCGAATTT,0,2889836
ompRp3,0.05,19,19,AAATGCGCCATACGCAGTTT,0,2870120
ompRp3,0.05,19,19,AAACCCATCTTAGCAAGGGA,0,2875619
ompRp3,0.05263157894736842,18,18,TTTTTGTTAGGAACTGACAG,0,2874383
ompRp3,0.05263157894736842,18,18,TTTTGTGGCGTGTCCTAACT,0,2899451
ompRp3,0.05263157894736842,18,18,TTTAGTCCGGGTCGAGCGTA,0,2895026
ompRp3,0.05263157894736842,18,18,TTTAATATCCGGGGCAATTG,0,2868248
ompRp3,0.05263157894736842,18,18,TTGCTCCTAACATTCTCAGA,0,2895650
ompRp3,0.05263157894736842,18,18,TTCTTCCGGGTACGCAATCA,0,2875527
ompRp3,0.05263157894736842,18,18,TTCGGATGTCTTCTGCGTGG,0,2898839
ompRp3,0.05263157894736842,18,18,TTACAAACGGCTTGGTAGAC,0,2879202
ompRp3,0.05263157894736842,18,18,TTAATGATTATTGTGGTTGG,0,2898490
ompRp3,0.05263157894736842,18,18,TGTTCGTTATATCGAATTGC,0,2872792
ompRp3,0.05263157894736842,18,18,TGTTCACATGTCAGTCATGG,0,2905631
ompRp3,0.05263157894736842,18,18,TGTGGAATGGTTCTAACTAA,0,2902340
ompRp3,0.05263157894736842,18,18,TGGTTGCGCATTAGTTAAGG,0,2894904
ompRp3,0.05263157894736842,18,18,TGGTCGAGCGCTGAACCCTG,0,2888437
ompRp3,0.05263157894736842,18,18,TGGGCAATGCACCGACTACC,0,2903616
ompRp3,0.05263157894736842,18,18,TGGCTCGGTGGTGTACAAGT,0,2898732
ompRp3,0.05263157894736842,18,18,TGCGCCGGCTTACTACCATT,0,2863550
ompRp3,0.05263157894736842,18,18,TGCGATGCTCGGGAGGAGTT,0,2882053
ompRp3,0.05263157894736842,18,18,TGCCTACTTGCTAGTGATCA,0,2874425
ompRp3,0.05263157894736842,18,18,TGAGGCTGATGCGTTAAGTG,0,2889492
ompRp3,0.05263157894736842,18,18,TGAGGAATACGATTAACGTG,0,2883962
ompRp3,0.05263157894736842,18,18,TGAAGAGCCCCGACACTTCC,0,2865073
ompRp3,0.05263157894736842,18,18,TGAACGCAGACGCCGTAAGT,0,2894984
ompRp3,0.05263157894736842,18,18,TCTTAGGCCAAATCGGGTCT,0,2905068
ompRp3,0.05263157894736842,18,18,TCTGTGAGGTGGGCCTGCCC,0,2881957
ompRp3,0.05263157894736842,18,18,TCTGCTGTCCCACATGGCCA,0,2881295
ompRp3,0.05263157894736842,18,18,TCTGCTGAGTCATAGCCATT,0,2889589
ompRp3,0.05263157894736842,18,18,TCGGCGTGTCTTACGAGATA,0,2892532
ompRp3,0.05263157894736842,18,18,TCGGATTAAGTGCTATTCGG,0,2898264
ompRp3,0.05263157894736842,18,18,TCGAAGTGCAACCTGATAGT,0,2879087
ompRp3,0.05263157894736842,18,18,TCCTGACCACCGTGTACACA,0,2871146
ompRp3,0.05263157894736842,18,18,TCCGAGGCTAGCGGAACATT,0,2876574
ompRp3,0.05263157894736842,18,18,TCCATCAATCGGTCGGCGAG,0,2889498
ompRp3,0.05263157894736842,18,18,TCATGTTCGCTGCCTGCGTG,0,2862296
ompRp3,0.05263157894736842,18,18,TCATGTCAATACTCGTCAGC,0,2876704
ompRp3,0.05263157894736842,18,18,TCATCTGGGTAACCATGGTA,0,2888842
ompRp3,0.05263157894736842,18,18,TCAGTCCCGTATGGCGCACC,0,2862748
ompRp3,0.05263157894736842,18,18,TCAGGCATTGGGCGGTGGCA,0,2872114
ompRp3,0.05263157894736842,18,18,TCACTTCATTTGTGCTACGT,0,2874602
ompRp3,0.05263157894736842,18,18,TATTTTTCATGCATCCGAAG,0,2868087
ompRp3,0.05263157894736842,18,18,TATTTGGCTAGCATCGTCAT,0,2903959
ompRp3,0.05263157894736842,18,18,TATTCTACAGCGGAACGGTG,0,2886262
ompRp3,0.05263157894736842,18,18,TATGTCTGCTCTTTCACGGC,0,2885203
ompRp3,0.05263157894736842,18,18,TATACTTGGCGACCCACCAC,0,2899745
ompRp3,0.05263157894736842,18,18,TATACAAAACAGTTGGGTGG,0,2874086
ompRp3,0.05263157894736842,18,18,TAATCGGATAGCGGTCGCGC,0,2874275
ompRp3,0.05263157894736842,18,18,TAACCATGGCTGCATTGCCG,0,2886143
ompRp3,0.05263157894736842,18,18,TAAAGGTAGTTCCGCAGGAA,0,2869216
ompRp3,0.05263157894736842,18,18,GTTGGTGCCGTTTGGACCAA,0,2890725
ompRp3,0.05263157894736842,18,18,GTTCACCCAATTGCCAGCGA,0,2893333
ompRp3,0.05263157894736842,18,18,GTTATCTCCAATCGTGGTCC,0,2865690
ompRp3,0.05263157894736842,18,18,GTTAATATGCAGACTCAGAA,0,2887790
ompRp3,0.05263157894736842,18,18,GTGTATTACCGGACGATAAT,0,2887316
ompRp3,0.05263157894736842,18,18,GTGCTGGCACGTGTGACTAC,0,2883181
ompRp3,0.05263157894736842,18,18,GTGCTCCCTGTAATTTCCGA,0,2878340
ompRp3,0.05263157894736842,18,18,GTCTCTGCGTTCCAAATGAG,0,2862859
ompRp3,0.05263157894736842,18,18,GTATTCCTGAGAGGTATCTT,0,2897408
ompRp3,0.05263157894736842,18,18,GTATTAATTCTGTTCAAACC,0,2892230
ompRp3,0.05263157894736842,18,18,GTAGTCATTTCATCGGTAGT,0,2868869
ompRp3,0.05263157894736842,18,18,GTAGGCCAACGGCATCAAAT,0,2879926
ompRp3,0.05263157894736842,18,18,GTACAGCGGCGTTAGTCGGT,0,2864981
ompRp3,0.05263157894736842,18,18,GTACAAGGTTCCTCGGTGGT,0,2906592
ompRp3,0.05263157894736842,18,18,GTAACTGACCATTGGCGCTT,0,2899987
ompRp3,0.05263157894736842,18,18,GGTTGATCTATGGGTTCCTT,0,2870387
ompRp3,0.05263157894736842,18,18,GGTGTCTGTACCAGGCCGAC,0,2865237
ompRp3,0.05263157894736842,18,18,GGTCGCAACGGGCGGAACGA,0,2864420
ompRp3,0.05263157894736842,18,18,GGTCGAGGGGCGGCGTGGAC,0,2888823
ompRp3,0.05263157894736842,18,18,GGTCGAACCACTTCAAGGGT,0,2907425
ompRp3,0.05263157894736842,18,18,GGTATCATTCTACCCTCTGA,0,2890247
ompRp3,0.05263157894736842,18,18,GGGTTAAGGTCGTTGGGAGT,0,2884426
ompRp3,0.05263157894736842,18,18,GGGGAGAACTCTTGTTATGA,0,2891554
ompRp3,0.05263157894736842,18,18,GGGCGGGCTGCCGTTGGTGC,0,2863751
ompRp3,0.05263157894736842,18,18,GGGCGGCGCGCTGGAATGGG,0,2864982
ompRp3,0.05263157894736842,18,18,GGCGGAGTCCGGATGCCCCT,0,2904009
ompRp3,0.05263157894736842,18,18,GGCGAGAATCATGCTGGGAC,0,2864030
ompRp3,0.05263157894736842,18,18,GGCCACGGTATCAAGGAACT,0,2899593
ompRp3,0.05263157894736842,18,18,GGCATACGTCTGTTCTGCAG,0,2901088
ompRp3,0.05263157894736842,18,18,GGATAGGGGTCCCTAGAAGG,0,2882522
ompRp3,0.05263157894736842,18,18,GGAGCGCCTGCCAAAGTCAC,0,2864805
ompRp3,0.05263157894736842,18,18,GGAGCACGGTTCACCATCGG,0,2890584
ompRp3,0.05263157894736842,18,18,GGAATGTGCAGGTCTCAAGG,0,2898487
ompRp3,0.05263157894736842,18,18,GGAATACCAGCACTTGCTGA,0,2896223
ompRp3,0.05263157894736842,18,18,GCTTCTTCACCATGAAGTCT,0,2870872
ompRp3,0.05263157894736842,18,18,GCTAATAGACAGGTCCACCA,0,2880974
ompRp3,0.05263157894736842,18,18,GCGGAACTATAGCATGTATA,0,2882292
ompRp3,0.05263157894736842,18,18,GCCCGACCCTCTCAGAAGCA,0,2873666
ompRp3,0.05263157894736842,18,18,GCCATGGTAAGTAATTCCAT,0,2869809
ompRp3,0.05263157894736842,18,18,GCAGGATATTTTGGATCCGT,0,2867418
ompRp3,0.05263157894736842,18,18,GCAATAAATCCCGGCTTCTC,0,2870606
ompRp3,0.05263157894736842,18,18,GATGATTAAGCATAGCGGGA,0,2899227
ompRp3,0.05263157894736842,18,18,GATCTGATCAGGTCGGTCAG,0,2866882
ompRp3,0.05263157894736842,18,18,GAGGTTGTGCGTCGAATATG,0,2880750
ompRp3,0.05263157894736842,18,18,GAGAATTATGCAAGTGATAA,0,2890702
ompRp3,0.05263157894736842,18,18,GACTTCACATGAGCCGCCCC,0,2874467
ompRp3,0.05263157894736842,18,18,GACACTTATTACGTGCCATC,0,2879302
ompRp3,0.05263157894736842,18,18,GACAATGGTCCCTCGAAGCG,0,2869656
ompRp3,0.05263157894736842,18,18,GAACTTCTCACTGATGAATC,0,2880832
ompRp3,0.05263157894736842,18,18,GAACTAGCGTTGTGAGGAAT,0,2870325
ompRp3,0.05263157894736842,18,18,GAAATGTTTTGCGCGCAGCC,0,2872138
ompRp3,0.05263157894736842,18,18,CTTGGGCTAAAATTATTATG,0,2897863
ompRp3,0.05263157894736842,18,18,CTTCCCATAGGCGTAGACTG,0,2898755
ompRp3,0.05263157894736842,18,18,CTTAGTATGTTTAGCCGCTT,0,2862350
ompRp3,0.05263157894736842,18,18,CTTAGCACGGAAGTAGGTAA,0,2886587
ompRp3,0.05263157894736842,18,18,CTGGGTCAGCGACGATCGGA,0,2884499
ompRp3,0.05263157894736842,18,18,CTGATCGAGGACGGGTAGCG,0,2887633
ompRp3,0.05263157894736842,18,18,CTAATAAATATCAGGGGGAT,0,2885087
ompRp3,0.05263157894736842,18,18,CTAACGGACCGATTTGTCCA,0,2889014
ompRp3,0.05263157894736842,18,18,CGTGGATGACCTGAGCGGTG,0,2888372
ompRp3,0.05263157894736842,18,18,CGTGCGTACGAAGGGCGAGG,0,2886424
ompRp3,0.05263157894736842,18,18,CGTATGTCTCCGTAAGAGTT,0,2867136
ompRp3,0.05263157894736842,18,18,CGTACGTGGCCAACAGGCGG,0,2878163
ompRp3,0.05263157894736842,18,18,CGGGCCAGTCAAAACAGCTG,0,2887747
ompRp3,0.05263157894736842,18,18,CGGCTAGGAGCCCTGGTCCC,0,2869855
ompRp3,0.05263157894736842,18,18,CGGCGTATTCCACTTGCACG,0,2886335
ompRp3,0.05263157894736842,18,18,CGGCGCAGGCCGGGGGCCAT,0,2905104
ompRp3,0.05263157894736842,18,18,CGGAAGATTGGCGCGTCAAG,0,2901426
ompRp3,0.05263157894736842,18,18,CGCCTGTATTTAATAGCGAA,0,2880650
ompRp3,0.05263157894736842,18,18,CGCCGCTAAAATATACAGAG,0,2866239
ompRp3,0.05263157894736842,18,18,CCTCAGAATGCAGGCAATCG,0,2872925
ompRp3,0.05263157894736842,18,18,CCTATTACCACTAATATGGG,0,2900300
ompRp3,0.05263157894736842,18,18,CCTACAGTGATGAAATCTTG,0,2864918
ompRp3,0.05263157894736842,18,18,CCGGTTTATGAGCTGCGAAA,0,2892164
ompRp3,0.05263157894736842,18,18,CCCTTTCGCACTCAGGATTT,0,2898075
ompRp3,0.05263157894736842,18,18,CCCTAGAACGGCCGCTATTC,0,2863960
ompRp3,0.05263157894736842,18,18,CCCGGGGGCTGCGGCGCTAT,0,2893132
ompRp3,0.05263157894736842,18,18,CCCCCGGTAAGTCCTCGTCT,0,2876253
ompRp3,0.05263157894736842,18,18,CCCCATCTTGCCGAGGTCCC,0,2865548
ompRp3,0.05263157894736842,18,18,CCCCACAGAGCTACACGCCA,0,2870691
ompRp3,0.05263157894736842,18,18,CCCAGCATTGTCTGCGGATT,0,2865960
ompRp3,0.05263157894736842,18,18,CCCACATGGCCGAGGGGACT,0,2896281
ompRp3,0.05263157894736842,18,18,CCCAACCCGCGAACGCGCCA,0,2862032
ompRp3,0.05263157894736842,18,18,CCATGTTTCGAAAATACAGT,0,2902339
ompRp3,0.05263157894736842,18,18,CCATGCAAGCTGCCTGCCTT,0,2893808
ompRp3,0.05263157894736842,18,18,CCAGGTGATTGAGCGCCATC,0,2866641
ompRp3,0.05263157894736842,18,18,CCAGCGGATTTGGAGATTTT,0,2903013
ompRp3,0.05263157894736842,18,18,CCAGAGGCAGCGATGCCCGT,0,2903328
ompRp3,0.05263157894736842,18,18,CCACGACCCATTGATACGAC,0,2861121
ompRp3,0.05263157894736842,18,18,CATTGTCGGCGGCACTGCGC,0,2880325
ompRp3,0.05263157894736842,18,18,CATGGTCGGTCCTAGTATCC,0,2876832
ompRp3,0.05263157894736842,18,18,CAGTGCAGTATTAGATGGTA,0,2880646
ompRp3,0.05263157894736842,18,18,CAGTATGTACGCTTCCTGAG,0,2903970
ompRp3,0.05263157894736842,18,18,CAGATGAAAGGCAAATAGGG,0,2861021
ompRp3,0.05263157894736842,18,18,CACTCTAGAGATGTTGGCAA,0,2877398
ompRp3,0.05263157894736842,18,18,CACCGGCCAGTTCCAATTAG,0,2871902
ompRp3,0.05263157894736842,18,18,CACAAGACATTACCTTCACG,0,2882116
ompRp3,0.05263157894736842,18,18,CAATCACTAGGTTGCGATCG,0,2877827
ompRp3,0.05263157894736842,18,18,CAATATTGCATAGGTATACA,0,2897812
ompRp3,0.05263157894736842,18,18,CAATATGACATCCATCATGG,0,2879200
ompRp3,0.05263157894736842,18,18,CAAGACTGGGAGTGATAAGG,0,2869674
ompRp3,0.05263157894736842,18,18,CAACTTCCGGAGGTCTTATC,0,2892760
ompRp3,0.05263157894736842,18,18,ATTTTTATCAAAGCGAATTG,0,2886293
ompRp3,0.05263157894736842,18,18,ATTTGTACCGCAGCGGTAGT,0,2878576
ompRp3,0.05263157894736842,18,18,ATTTACGCAACATACAACGG,0,2892123
ompRp3,0.05263157894736842,18,18,ATTAGTACTTCAGGACCGGT,0,2881753
ompRp3,0.05263157894736842,18,18,ATGTAAGGCGCTAACAGATT,0,2889993
ompRp3,0.05263157894736842,18,18,ATGGACTGCGTGGGTCTTTT,0,2866623
ompRp3,0.05263157894736842,18,18,ATGCCATGCATGGCCAATAT,0,2899112
ompRp3,0.05263157894736842,18,18,ATGCACTCGGGCATGTATAG,0,2898201
ompRp3,0.05263157894736842,18,18,ATCTGATATTAGCTCGCGAT,0,2869476
ompRp3,0.05263157894736842,18,18,ATCTATAAAAGAGTAAATGT,0,2899910
ompRp3,0.05263157894736842,18,18,ATACTTCGTTGAATCGTGTA,0,2890181
ompRp3,0.05263157894736842,18,18,ATAATTAGGGATCCTCATGA,0,2881913
ompRp3,0.05263157894736842,18,18,ATAAGAGTCTAAACAGTCAT,0,2870975
ompRp3,0.05263157894736842,18,18,AGTTAATCCGCATTGTATTT,0,2889083
ompRp3,0.05263157894736842,18,18,AGTGGCTATCGGCCAACGAG,0,2904545
ompRp3,0.05263157894736842,18,18,AGTGGCCGGGATAATCTGTA,0,2899541
ompRp3,0.05263157894736842,18,18,AGTGCTACGCGGTATCTCGA,0,2867518
ompRp3,0.05263157894736842,18,18,AGTCCGTAAATTTCGCTAGG,0,2878459
ompRp3,0.05263157894736842,18,18,AGGGACGAGTAGGTGCACCA,0,2902003
ompRp3,0.05263157894736842,18,18,AGGCGTTGGTACTAATTGCA,0,2887879
ompRp3,0.05263157894736842,18,18,AGACTAGACTCATAATGAAT,0,2867724
ompRp3,0.05263157894736842,18,18,ACTTGCTTTCTACACATTGT,0,2885927
ompRp3,0.05263157894736842,18,18,ACTTAGGATAGAAAGCTCAC,0,2871129
ompRp3,0.05263157894736842,18,18,ACTGACCGGCCCGTGATAGC,0,2883543
ompRp3,0.05263157894736842,18,18,ACTCCTCGAATCGGTTTCGA,0,2866881
ompRp3,0.05263157894736842,18,18,ACTACAACAGATTGTGTACT,0,2885959
ompRp3,0.05263157894736842,18,18,ACGTCAGAGGGTGGAACTGA,0,2882024
ompRp3,0.05263157894736842,18,18,ACGAGGGAGTGCACAGTAGG,0,2860849
ompRp3,0.05263157894736842,18,18,ACGAGAGCGAGTTACGTCTG,0,2875155
ompRp3,0.05263157894736842,18,18,ACCTCTCTTTATCACGTATG,0,2884241
ompRp3,0.05263157894736842,18,18,ACCTCGACTTTATGTGTTGT,0,2862292
ompRp3,0.05263157894736842,18,18,ACCGGCTTACACGTCAGGGT,0,2878590
ompRp3,0.05263157894736842,18,18,ACCCGTTTGGTTCCCAGGCG,0,2887185
ompRp3,0.05263157894736842,18,18,ACCACCCACTTAGTACAAGA,0,2906699
ompRp3,0.05263157894736842,18,18,ACCACAGTCGGGTAAGCCCG,0,2877754
ompRp3,0.05263157894736842,18,18,ACAGGTTGCACATAACCATC,0,2875322
ompRp3,0.05263157894736842,18,18,ACAATCGCTAATTATCTTAA,0,2897732
ompRp3,0.05263157894736842,18,18,ACAATATGGTCTACGTTGTG,0,2888636
ompRp3,0.05263157894736842,18,18,AATTTTTGCAGCGACGCGCG,0,2903049
ompRp3,0.05263157894736842,18,18,AATGGTGGCCGGCGGACTGT,0,2868533
ompRp3,0.05263157894736842,18,18,AATGCGGCCAAGGCATTCGC,0,2866262
ompRp3,0.05263157894736842,18,18,AATAGGATCCTGCGCGACAA,0,2883509
ompRp3,0.05263157894736842,18,18,AAGTGATTTCTCAAAGCCGG,0,2892608
ompRp3,0.05263157894736842,18,18,AAGTCTCCTCCATCGAATAA,0,2883441
ompRp3,0.05263157894736842,18,18,AACTTGAGTTGTTGGATGCA,0,2879789
ompRp3,0.05263157894736842,18,18,AACTATCCAAATGGGGACAA,0,2882060
ompRp3,0.05263157894736842,18,18,AACATCTATTAGAACTCAGT,0,2878646
ompRp3,0.05263157894736842,18,18,AAAGATAAGAACGTATCGAT,0,2901396
ompRp3,0.05263157894736842,18,18,AAAGACCCGTGGCCGCTTAC,0,2905934
ompRp3,0.05263157894736842,18,18,AAACAAGAACGAGCAGGGTA,0,2877631
ompRp3,0.05263157894736842,18,18,AAAACGGGCTAAACTGCACA,0,2880344
ompRp3,0.05263157894736842,18,18,AAAACCAAAGGCAGTGTTAG,0,2906930
ompRp3,0.05555555555555555,17,17,TTTCCGAGACTCCGTATGAA,0,2874609
ompRp3,0.05555555555555555,17,17,TTTATAAACCCCAATGGTAC,0,2890409
ompRp3,0.05555555555555555,17,17,TTTAAGGTCCAAGAATCCGT,0,2888620
ompRp3,0.05555555555555555,17,17,TTGTGTGGCGTCGTCGTCAT,0,2862666
ompRp3,0.05555555555555555,17,17,TTGTAAAGCGGGTGTTGGAA,0,2889963
ompRp3,0.05555555555555555,17,17,TTGCCATTCCAATCGCTCTG,0,2868116
ompRp3,0.05555555555555555,17,17,TTGACGTGTAACACACGGGA,0,2883926
ompRp3,0.05555555555555555,17,17,TTGACCCTAGTAGCAGAAAG,0,2907436
ompRp3,0.05555555555555555,17,17,TTCTTCTGGGTGTATTAATG,0,2900477
ompRp3,0.05555555555555555,17,17,TTCTGTATCCGAAGGCTCGT,0,2875582
ompRp3,0.05555555555555555,17,17,TTCTGGTAAGGGGGTGGGAT,0,2886835
ompRp3,0.05555555555555555,17,17,TTCGTAATATTCGGGGCATA,0,2897480
ompRp3,0.05555555555555555,17,17,TTCGCTGTTTATCCTGTCTC,0,2896120
ompRp3,0.05555555555555555,17,17,TTCACCCTTCGAATTAAGCT,0,2886555
ompRp3,0.05555555555555555,17,17,TTCACATTTGACATTCGGAA,0,2895061
ompRp3,0.05555555555555555,17,17,TTATGGAGTAGATTAAAGAT,0,2901201
ompRp3,0.05555555555555555,17,17,TTATCGTTTATAGCGCCCCA,0,2894728
ompRp3,0.05555555555555555,17,17,TTAGATCTACAGCAAAGAAT,0,2887953
ompRp3,0.05555555555555555,17,17,TTAATGACGTGCAACAGGCT,0,2905747
ompRp3,0.05555555555555555,17,17,TTAACCCGCACCCTGAAAGA,0,2883261
ompRp3,0.05555555555555555,17,17,TGTGCAGCGGAACGCACATA,0,2865638
ompRp3,0.05555555555555555,17,17,TGTCGGGATACCTCGCATGC,0,2892584
ompRp3,0.05555555555555555,17,17,TGGTCCCACACGGTAGGAGT,0,2900588
ompRp3,0.05555555555555555,17,17,TGGTCATGAGTACGCCACTG,0,2869844
ompRp3,0.05555555555555555,17,17,TGGCCTTTGACGGCACGATT,0,2891595
ompRp3,0.05555555555555555,17,17,TGCTAGCCGCACGCGCCACT,0,2870115
ompRp3,0.05555555555555555,17,17,TGATTTACGCCCTCGCTCTC,0,2869513
ompRp3,0.05555555555555555,17,17,TGAAGGCAGTCTAAAACTAT,0,2879376
ompRp3,0.05555555555555555,17,17,TCTTAGCTAAAGTGACTTGC,0,2874005
ompRp3,0.05555555555555555,17,17,TCTCACGCACTGTCCAAGGG,0,2898704
ompRp3,0.05555555555555555,17,17,TCGTAAACAGCCCATAGTTC,0,2866505
ompRp3,0.05555555555555555,17,17,TCGGTACCATTCAATATTTT,0,2866885
ompRp3,0.05555555555555555,17,17,TCGGGATTCGCGCGCCGGAA,0,2877632
ompRp3,0.05555555555555555,17,17,TCGATGACGAGCGCAAAGAG,0,2876918
ompRp3,0.05555555555555555,17,17,TCCGGGACATCTTCTGGTTG,0,2904906
ompRp3,0.05555555555555555,17,17,TCAGGACGAGCCACCACTGG,0,2876616
ompRp3,0.05555555555555555,17,17,TCACGCGTGTATTCGGGGTT,0,2872472
ompRp3,0.05555555555555555,17,17,TCAATGCGTGAGTACTGTAA,0,2867533
ompRp3,0.05555555555555555,17,17,TCAAGGGGTCAATTGTGCAA,0,2900059
ompRp3,0.05555555555555555,17,17,TCAACAGATAGGCTATTACC,0,2877597
ompRp3,0.05555555555555555,17,17,TATTCTCTTCCGACAATGGT,0,2878880
ompRp3,0.05555555555555555,17,17,TATGGGCAGGACTAATTGAC,0,2895611
ompRp3,0.05555555555555555,17,17,TATGGAAGGTATGCGTACCT,0,2893244
ompRp3,0.05555555555555555,17,17,TAGGCTAAACCATGCATCAT,0,2885868
ompRp3,0.05555555555555555,17,17,TAGGCCTCATGTTACTTGCT,0,2870304
ompRp3,0.05555555555555555,17,17,TAGCTATTGTTCGATTCGCA,0,2878645
ompRp3,0.05555555555555555,17,17,TAGCCGTCAAAGGTCAGCCA,0,2870084
ompRp3,0.05555555555555555,17,17,TAATATGGTGGGCTGGGCGT,0,2902042
ompRp3,0.05555555555555555,17,17,TAAGTGACGGTCGTCCATCA,0,2867501
ompRp3,0.05555555555555555,17,17,GTTTGATTGCACATTGTGGG,0,2890053
ompRp3,0.05555555555555555,17,17,GTTAGACTGACACTTTAAAT,0,2901935
ompRp3,0.05555555555555555,17,17,GTGTCTCGGGTTTTGGCCAG,0,2897891
ompRp3,0.05555555555555555,17,17,GTGGTACGCGGTGCACCGCT,0,2882383
ompRp3,0.05555555555555555,17,17,GTGGCTACTGAAGCAGAGGG,0,2891032
ompRp3,0.05555555555555555,17,17,GTGCTCGCGGAACTTCCTTA,0,2893310
ompRp3,0.05555555555555555,17,17,GTGCAGGAGCTCATCATCGC,0,2887617
ompRp3,0.05555555555555555,17,17,GTCATGATAGGCAAACGTTA,0,2893928
ompRp3,0.05555555555555555,17,17,GTAGGCTCATGGTAATGTAC,0,2871397
ompRp3,0.05555555555555555,17,17,GTAGCGTTTCAGTATGACAC,0,2864692
ompRp3,0.05555555555555555,17,17,GTAAATGTGATACGACGGGT,0,2878328
ompRp3,0.05555555555555555,17,17,GGTTGTCGCTGGTCCGACGG,0,2879022
ompRp3,0.05555555555555555,17,17,GGTATCTTCAGGGATCTAAA,0,2887884
ompRp3,0.05555555555555555,17,17,GGGTGGGTTGCACATCAAGT,0,2863500
ompRp3,0.05555555555555555,17,17,GGGATGGAAATTATTTCGAA,0,2865320
ompRp3,0.05555555555555555,17,17,GGGAATGGTGGAAAGGGAAC,0,2897881
ompRp3,0.05555555555555555,17,17,GGGAAAAGTTGGGTCTTATC,0,2875616
ompRp3,0.05555555555555555,17,17,GGCCTATCTCGCTAACATAC,0,2865724
ompRp3,0.05555555555555555,17,17,GGCCACGCCATCGATGGGGA,0,2871045
ompRp3,0.05555555555555555,17,17,GGCATCCATTCCTCGGAAGA,0,2874606
ompRp3,0.05555555555555555,17,17,GGCAGAGGATTAGTGGGAAA,0,2880934
ompRp3,0.05555555555555555,17,17,GGATAGCCCCACTTAGAACG,0,2892086
ompRp3,0.05555555555555555,17,17,GGAGTAGACGATTAACGAGA,0,2880401
ompRp3,0.05555555555555555,17,17,GGAGATGAAGCAAGAACGTC,0,2877589
ompRp3,0.05555555555555555,17,17,GGACTCTCAGTGCACTGGCC,0,2881289
ompRp3,0.05555555555555555,17,17,GGAAGTCGTTCAGAATTTTC,0,2865826
ompRp3,0.05555555555555555,17,17,GCTTACAGTATTCGCCGGCC,0,2893313
ompRp3,0.05555555555555555,17,17,GCTGGTAACGTGAATATCAC,0,2898923
ompRp3,0.05555555555555555,17,17,GCTCGCGAATGTACACGGAC,0,2889381
ompRp3,0.05555555555555555,17,17,GCTATTATCCAGTTAGTTAC,0,2861250
ompRp3,0.05555555555555555,17,17,GCTAGATCATGTAATTTCTG,0,2872927
ompRp3,0.05555555555555555,17,17,GCGGCCCATAGGCTGACTTA,0,2866217
ompRp3,0.05555555555555555,17,17,GCCTCAGCCCAATGCCTATC,0,2899188
ompRp3,0.05555555555555555,17,17,GCCGTGTATGACCGGGCATG,0,2904252
ompRp3,0.05555555555555555,17,17,GCCGGCCCTCACCTGCTCAG,0,2888198
ompRp3,0.05555555555555555,17,17,GCCGATGATGAGGTCACCAT,0,2883639
ompRp3,0.05555555555555555,17,17,GCCATCTCGAAGTGTTTAAG,0,2864430
ompRp3,0.05555555555555555,17,17,GCCAGTCTATTACGCCTCTG,0,2874405
ompRp3,0.05555555555555555,17,17,GCATACAATAATGTGTCGTA,0,2890582
ompRp3,0.05555555555555555,17,17,GCAGGGCGAGATTTGACGTG,0,2879413
ompRp3,0.05555555555555555,17,17,GCAGGACCACAGCGGGGTCC,0,2871778
ompRp3,0.05555555555555555,17,17,GCAGATTCTTTCGTGGATTA,0,2901821
ompRp3,0.05555555555555555,17,17,GCAGAAAGCGGCCGGAAGAT,0,2907442
ompRp3,0.05555555555555555,17,17,GATCGTAAGTAATTTGCAAT,0,2869447
ompRp3,0.05555555555555555,17,17,GAGGTACTCGCTCTGAATGA,0,2896162
ompRp3,0.05555555555555555,17,17,GAGGCTCTCATTAAGCACGT,0,2901563
ompRp3,0.05555555555555555,17,17,GAGAACAGGGCTCGTGACTT,0,2886037
ompRp3,0.05555555555555555,17,17,GACTTTTTAGCAGTTGGCCC,0,2866417
ompRp3,0.05555555555555555,17,17,GACTTGCATGTCCCGTCTAA,0,2902597
ompRp3,0.05555555555555555,17,17,GACTGTTGTCTGTAAGGTGA,0,2900476
ompRp3,0.05555555555555555,17,17,GACTATGGCGATATCTGATC,0,2894433
ompRp3,0.05555555555555555,17,17,GACCGTCTGTTTCACAGCAT,0,2871640
ompRp3,0.05555555555555555,17,17,GACCCCGCAACTGTAGTTTA,0,2904282
ompRp3,0.05555555555555555,17,17,GAATGTGGCACAGTCCACTG,0,2863893
ompRp3,0.05555555555555555,17,17,GAAGTAACCCTATGAGTTAT,0,2893043
ompRp3,0.05555555555555555,17,17,GAAGCTCCTGGGAACACTTT,0,2865568
ompRp3,0.05555555555555555,17,17,GAAGCGCCTCACCATGTTTA,0,2892758
ompRp3,0.05555555555555555,17,17,CTTTGGTTGGGCTTCTGCTA,0,2871777
ompRp3,0.05555555555555555,17,17,CTTGACAGAGATCAGCGAAT,0,2875607
ompRp3,0.05555555555555555,17,17,CTTCGTGTGCGGAAATTACG,0,2861635
ompRp3,0.05555555555555555,17,17,CTTCCTCCGCCGCTAGAACA,0,2861517
ompRp3,0.05555555555555555,17,17,CTTCATATTGGTAGAGTATG,0,2897000
ompRp3,0.05555555555555555,17,17,CTGTGAGTGTCTTCCTGCGG,0,2880061
ompRp3,0.05555555555555555,17,17,CTGTCGGGTAGCACTCGGGG,0,2883228
ompRp3,0.05555555555555555,17,17,CTGGTCGCTCGCTGGAGCGG,0,2883785
ompRp3,0.05555555555555555,17,17,CTGGACCTCATAACTGAGCA,0,2886415
ompRp3,0.05555555555555555,17,17,CTGCACACGGCGGATCGTAT,0,2876814
ompRp3,0.05555555555555555,17,17,CTGATTTCGTCGGTGATGCG,0,2900428
ompRp3,0.05555555555555555,17,17,CTGACTACTTTGAGTCTTGA,0,2891568
ompRp3,0.05555555555555555,17,17,CTGACGAGGTTCCGACGCAT,0,2897770
ompRp3,0.05555555555555555,17,17,CTGAAATTAGGTTGTAGGGT,0,2893498
ompRp3,0.05555555555555555,17,17,CTCTTACAAGGGTCCATAAG,0,2882161
ompRp3,0.05555555555555555,17,17,CTCGTACCCTCGGGTCAAAT,0,2870106
ompRp3,0.05555555555555555,17,17,CTCAGCCGGTAAATGCCACG,0,2883391
ompRp3,0.05555555555555555,17,17,CTCAGCAATATAAATTCATA,0,2899678
ompRp3,0.05555555555555555,17,17,CTATTTTAACATGGGCCTTT,0,2896752
ompRp3,0.05555555555555555,17,17,CTACAGATATAACTGTTTGT,0,2886210
ompRp3,0.05555555555555555,17,17,CTAAATGAAAGAGTGTAATT,0,2865959
ompRp3,0.05555555555555555,17,17,CGTGAAGACCCCGAGGGATG,0,2868174
ompRp3,0.05555555555555555,17,17,CGTGAACTGACGTACCGTAG,0,2900121
ompRp3,0.05555555555555555,17,17,CGTCTAAGCCGATTAGTGAC,0,2873025
ompRp3,0.05555555555555555,17,17,CGGTCCATTGTGTCTGATAA,0,2879319
ompRp3,0.05555555555555555,17,17,CGGGCCGGCCGGGGTTTCTT,0,2872166
ompRp3,0.05555555555555555,17,17,CGGCTGGGATTGGTGGCTTC,0,2893227
ompRp3,0.05555555555555555,17,17,CGGCTGGACAAAGGTCGCTA,0,2894100
ompRp3,0.05555555555555555,17,17,CGCGCCGCGCAATCAAACAA,0,2876670
ompRp3,0.05555555555555555,17,17,CGCATCTGGGTACGGAAAGA,0,2868890
ompRp3,0.05555555555555555,17,17,CGAAGTAGCAATAATCCAAG,0,2872590
ompRp3,0.05555555555555555,17,17,CGAACTGGAAGTGTTATCTA,0,2887787
ompRp3,0.05555555555555555,17,17,CGAACCCGCTTATCACCCAT,0,2868652
ompRp3,0.05555555555555555,17,17,CCTCGACCAACATCTAAGAT,0,2895690
ompRp3,0.05555555555555555,17,17,CCTCCACCCTCCGAGAATCT,0,2863272
ompRp3,0.05555555555555555,17,17,CCTATACCGTTTGTCCTCTA,0,2861331
ompRp3,0.05555555555555555,17,17,CCGGCTAAGCTTTCTCACCA,0,2904362
ompRp3,0.05555555555555555,17,17,CCGCAGGCAACCAACAGGTA,0,2884329
ompRp3,0.05555555555555555,17,17,CCGATGGCCCACTTGAATAG,0,2896013
ompRp3,0.05555555555555555,17,17,CCCGAATACCAGATCGTCAC,0,2888276
ompRp3,0.05555555555555555,17,17,CCCCCCTAAATGCGAGGCCT,0,2867184
ompRp3,0.05555555555555555,17,17,CCCAGACTTTAGCACAGTGA,0,2903133
ompRp3,0.05555555555555555,17,17,CCATGAAATAGCGTCTGTTC,0,2887388
ompRp3,0.05555555555555555,17,17,CCAGGGGCCGCAGAAACATA,0,2877598
ompRp3,0.05555555555555555,17,17,CCAGGCATATACGCAAGCGT,0,2871143
ompRp3,0.05555555555555555,17,17,CCACTTATTGGCCTGCAGTT,0,2867413
ompRp3,0.05555555555555555,17,17,CCAATCAACGCACCGAAGAC,0,2861073
ompRp3,0.05555555555555555,17,17,CCAATAAAGGCGGCTACTCG,0,2895902
ompRp3,0.05555555555555555,17,17,CCAACCGTAGGGGTCTCCTG,0,2880486
ompRp3,0.05555555555555555,17,17,CATTATGTTACCCATAGTGT,0,2893972
ompRp3,0.05555555555555555,17,17,CATCGCGCATCTGATCCTGT,0,2902310
ompRp3,0.05555555555555555,17,17,CATAGTCGGGAAATCCTCTT,0,2866263
ompRp3,0.05555555555555555,17,17,CATACATTGTTCCTATCTTA,0,2875711
ompRp3,0.05555555555555555,17,17,CAGTTCTCGGCCGGTATTCG,0,2903751
ompRp3,0.05555555555555555,17,17,CAGGTTGTATTGTGGCCATG,0,2905323
ompRp3,0.05555555555555555,17,17,CAGGTTCCACTGAAGGACAC,0,2897070
ompRp3,0.05555555555555555,17,17,CAGGTGGAACGTTGAACTAT,0,2888602
ompRp3,0.05555555555555555,17,17,CAGGAGGACGCATTATGGCG,0,2888625
ompRp3,0.05555555555555555,17,17,CAGCGGACGGAGGCTAGGGG,0,2874294
ompRp3,0.05555555555555555,17,17,CAGCGAGTACACAGTGCTCT,0,2879937
ompRp3,0.05555555555555555,17,17,CAGCGACATCAGAGTTGCAT,0,2882801
ompRp3,0.05555555555555555,17,17,CAGCCTCGAGACGCGTGACA,0,2899759
ompRp3,0.05555555555555555,17,17,CAGATCGGCATCAGGGTAGA,0,2883021
ompRp3,0.05555555555555555,17,17,CAGACTTCTAACGACCAGGT,0,2896478
ompRp3,0.05555555555555555,17,17,CACATAATAGCTGATCGGCT,0,2895914
ompRp3,0.05555555555555555,17,17,CACACGAAGGACGATCAATG,0,2877395
ompRp3,0.05555555555555555,17,17,CAAGTGGAATGTTGTGCAAC,0,2885642
ompRp3,0.05555555555555555,17,17,CAAGGCAGCCAATTGTACGG,0,2875939
ompRp3,0.05555555555555555,17,17,CAAGGAGGCGTAACACTTAG,0,2862471
ompRp3,0.05555555555555555,17,17,CAACAATATCTTCCACTTGT,0,2877544
ompRp3,0.05555555555555555,17,17,CAAACCGGTAAAGCACTCGA,0,2898761
ompRp3,0.05555555555555555,17,17,ATTTGGAGTCTGATGACCGC,0,2883535
ompRp3,0.05555555555555555,17,17,ATTTAATTTCGCACGAAAAC,0,2886829
ompRp3,0.05555555555555555,17,17,ATTGCTCCAATGCACACATC,0,2878789
ompRp3,0.05555555555555555,17,17,ATTCGAAGATACAGACAAAA,0,2860752
ompRp3,0.05555555555555555,17,17,ATGGCGTTCTAGACCAGAAT,0,2886300
ompRp3,0.05555555555555555,17,17,ATGAAGGAGAGAGTGAGCCT,0,2871002
ompRp3,0.05555555555555555,17,17,ATCGGTTGACTGCCCCAGTT,0,2884826
ompRp3,0.05555555555555555,17,17,ATCGGTACTTGACACTGAGT,0,2866716
ompRp3,0.05555555555555555,17,17,ATCGGCTGACTATGGGGATA,0,2905352
ompRp3,0.05555555555555555,17,17,ATCCTACTACGACGCGGGCA,0,2890978
ompRp3,0.05555555555555555,17,17,ATCCGAAAAATATTAGCCAC,0,2870761
ompRp3,0.05555555555555555,17,17,ATCATTCGGGCCTGTAGGTA,0,2901755
ompRp3,0.05555555555555555,17,17,ATCAAGAAACGGTTTCGTTT,0,2881489
ompRp3,0.05555555555555555,17,17,ATATGCTGTTGTATGTGTTC,0,2873290
ompRp3,0.05555555555555555,17,17,ATATGAAATATAACGAGTAT,0,2865339
ompRp3,0.05555555555555555,17,17,ATATCTACCCGGGCTGGGTT,0,2884145
ompRp3,0.05555555555555555,17,17,ATAGGTCTTATCAAGTGCCG,0,2891120
ompRp3,0.05555555555555555,17,17,ATACTAGGGATTGGCCGTAG,0,2892924
ompRp3,0.05555555555555555,17,17,AGTTCTATTGAGCCCCATCC,0,2867555
ompRp3,0.05555555555555555,17,17,AGTCCCAGTGAAAGTACCTA,0,2864006
ompRp3,0.05555555555555555,17,17,AGGCGAGTCGGACTCTGGTT,0,2897325
ompRp3,0.05555555555555555,17,17,AGGATGGAGATTAAATTCAT,0,2883976
ompRp3,0.05555555555555555,17,17,AGCGGATCCAGCTTTGTGCA,0,2893526
ompRp3,0.05555555555555555,17,17,AGCGGAGAAGGTTATAATCC,0,2898736
ompRp3,0.05555555555555555,17,17,AGCGAAGGTGCCACAGCCTC,0,2896347
ompRp3,0.05555555555555555,17,17,AGATTCACGGAGCATGGGAG,0,2880023
ompRp3,0.05555555555555555,17,17,AGAGGGTGTAAAGTTCGTAG,0,2862100
ompRp3,0.05555555555555555,17,17,AGAGCCAGACCCGAGTATAA,0,2883378
ompRp3,0.05555555555555555,17,17,AGACTATCAAACTCGTTCTC,0,2899179
ompRp3,0.05555555555555555,17,17,AGAAATTCCCTCCCATGTAA,0,2896571
ompRp3,0.05555555555555555,17,17,AGAAAGGAATACCTCAGGGA,0,2884116
ompRp3,0.05555555555555555,17,17,ACTGTGCGAAGAACTTACTG,0,2888850
ompRp3,0.05555555555555555,17,17,ACTCATACTACTGCCACGGA,0,2886370
ompRp3,0.05555555555555555,17,17,ACTATCTATACGCGGCAAAA,0,2888853
ompRp3,0.05555555555555555,17,17,ACTACTCCCATAGTAATCAG,0,2880760
ompRp3,0.05555555555555555,17,17,ACGTAAATTCGTACACGGAC,0,2860815
ompRp3,0.05555555555555555,17,17,ACGGTCCATCTTACGTTCGT,0,2865771
ompRp3,0.05555555555555555,17,17,ACGGAGGTACGCTCTGACAT,0,2896305
ompRp3,0.05555555555555555,17,17,ACGCTCACCGTTTCAGCCGT,0,2897636
ompRp3,0.05555555555555555,17,17,ACGATCCTACGTCTGCTGCA,0,2876192
ompRp3,0.05555555555555555,17,17,ACGATACGTCGTCACCCCTA,0,2900879
ompRp3,0.05555555555555555,17,17,ACCTTCATATGGGCGGATAC,0,2863386
ompRp3,0.05555555555555555,17,17,AATCGACTGTTCAACTCTCG,0,2873423
ompRp3,0.05555555555555555,17,17,AAGAATGCCAGTTAGTCTGT,0,2906095
ompRp3,0.05555555555555555,17,17,AAGAAGACCAGGGACACGCT,0,2897557
ompRp3,0.05555555555555555,17,17,AACAGGCGCAGCGGATACAT,0,2879731
ompRp3,0.05555555555555555,17,17,AAATCCACGACAGCTAGAAG,0,2906389
ompRp3,0.05555555555555555,17,17,AAACAGCCAGCAGATTAATG,0,2897858
ompRp3,0.05555555555555555,17,17,AAAACCGGGGAACTGAGTAA,0,2862263
ompRp3,0.05555555555555555,17,17,AAAAAAACTGTGCCATCACT,0,2862427
ompRp3,0.058823529411764705,16,16,TTTGCCTCACTTGTTATTAT,0,2877678
ompRp3,0.058823529411764705,16,16,TTTGACTACATATAAGGCGG,0,2886526
ompRp3,0.058823529411764705,16,16,TTGTTGTCCAGTCCAAAGGG,0,2865448
ompRp3,0.058823529411764705,16,16,TTGTTACGCAACTTAGGCGT,0,2871849
ompRp3,0.058823529411764705,16,16,TTGGCAAAGAACGCAAAACG,0,2886779
ompRp3,0.058823529411764705,16,16,TTGGATGCTGGAAGGGTCGG,0,2904423
ompRp3,0.058823529411764705,16,16,TTGGACCTAAAGTGCGGGAT,0,2862764
ompRp3,0.058823529411764705,16,16,TTGCCGTGCATCTGTCGTTT,0,2868058
ompRp3,0.058823529411764705,16,16,TTGCATGCACAGTCGTAACA,0,2889780
ompRp3,0.058823529411764705,16,16,TTCTCTGAAGGCCTTTACGT,0,2892467
ompRp3,0.058823529411764705,16,16,TTCCGAACGGGAACCTGTGT,0,2903103
ompRp3,0.058823529411764705,16,16,TTCCAAAGAGCCGCACGGTT,0,2901199
ompRp3,0.058823529411764705,16,16,TTATTCCGTCAGGGGGGTAC,0,2903225
ompRp3,0.058823529411764705,16,16,TTACGTCAAAGCTCAGTCGG,0,2877872
ompRp3,0.058823529411764705,16,16,TTACGGGAGCGTTCCTAAAA,0,2873810
ompRp3,0.058823529411764705,16,16,TTACCGGGTCGAATATTAAT,0,2898258
ompRp3,0.058823529411764705,16,16,TTAATGACAGAAATTCATAG,0,2902525
ompRp3,0.058823529411764705,16,16,TTAAATCATTCTCACGGGAA,0,2886213
ompRp3,0.058823529411764705,16,16,TGTTAGCCGACTCCCTATAC,0,2865062
ompRp3,0.058823529411764705,16,16,TGTGTCATACACTCGTTATT,0,2873572
ompRp3,0.058823529411764705,16,16,TGTCTCATGGCTCTGTCAAA,0,2898033
ompRp3,0.058823529411764705,16,16,TGTATGAGGACTGCACAGTC,0,2900973
ompRp3,0.058823529411764705,16,16,TGGTCACATGCATATTGGGC,0,2894833
ompRp3,0.058823529411764705,16,16,TGGTATGTGAGGGTTCTACT,0,2870725
ompRp3,0.058823529411764705,16,16,TGGTACGGACGTGGCCGCAT,0,2888008
ompRp3,0.058823529411764705,16,16,TGGGCTTCGGCGAAGAACAA,0,2883476
ompRp3,0.058823529411764705,16,16,TGGCATTGCCGTTCTAGGCG,0,2867246
ompRp3,0.058823529411764705,16,16,TGGATGCACCTGCCAATCGG,0,2897993
ompRp3,0.058823529411764705,16,16,TGGATGAATGATGGCGAGGT,0,2868575
ompRp3,0.058823529411764705,16,16,TGGACCACTGAGTGGTTTCT,0,2906770
ompRp3,0.058823529411764705,16,16,TGGAAGCTACATGGTCTGTT,0,2878176
ompRp3,0.058823529411764705,16,16,TGGAACGTCCGGCTAGTTGT,0,2888922
ompRp3,0.058823529411764705,16,16,TGCTGAGCCACCGTCTACAC,0,2873617
ompRp3,0.058823529411764705,16,16,TGCTCTTTATTCTCTTCCAA,0,2883944
ompRp3,0.058823529411764705,16,16,TGCTCGCGGGACATATGGAC,0,2879701
ompRp3,0.058823529411764705,16,16,TGCTCAGTTCCGTGGGGTTT,0,2874157
ompRp3,0.058823529411764705,16,16,TCTTAAGTCGTTTGACTGTG,0,2877401
ompRp3,0.058823529411764705,16,16,TCGCACCCCATATGCACATA,0,2885306
ompRp3,0.058823529411764705,16,16,TCCTTGCGGCGGGTCTTGAG,0,2883008
ompRp3,0.058823529411764705,16,16,TCCTCCGATGTTGAGTCCGC,0,2906751
ompRp3,0.058823529411764705,16,16,TCCCCTTAAGGCTCATTCAC,0,2898886
ompRp3,0.058823529411764705,16,16,TCATTGCGCAGAATTGAAGA,0,2899170
ompRp3,0.058823529411764705,16,16,TCAGGATAAGTAAAGGCAAA,0,2890926
ompRp3,0.058823529411764705,16,16,TCACGAGCCTTCGCACTGGG,0,2866112
ompRp3,0.058823529411764705,16,16,TCACATGCAGTGTTCTCAAT,0,2885156
ompRp3,0.058823529411764705,16,16,TCACACGGATGCGAAGCAAT,0,2899857
ompRp3,0.058823529411764705,16,16,TCAAGAGCCCACGCAATCGC,0,2900744
ompRp3,0.058823529411764705,16,16,TAGGCAGCTGGTTCGACCCA,0,2885965
ompRp3,0.058823529411764705,16,16,TAGCTACGTTCTTTGCGAAA,0,2898151
ompRp3,0.058823529411764705,16,16,TACCTGCTGGTCGTTGTAAT,0,2890265
ompRp3,0.058823529411764705,16,16,TACCATCCTGACCGTAGGTG,0,2899516
ompRp3,0.058823529411764705,16,16,TACAGCACGGGTACGACTGA,0,2896676
ompRp3,0.058823529411764705,16,16,TAATATAATGCAATAATAAT,0,2902890
ompRp3,0.058823529411764705,16,16,TAAGGTCATCGGAGATCCAG,0,2891154
ompRp3,0.058823529411764705,16,16,TAACACGCACTACCGTGATG,0,2890361
ompRp3,0.058823529411764705,16,16,GTTTCAATGCTGCTCAACTG,0,2888333
ompRp3,0.058823529411764705,16,16,GTTCCGCTAGTGCGTTTCTA,0,2904563
ompRp3,0.058823529411764705,16,16,GTTATCGGCTTGCAACCTCT,0,2865323
ompRp3,0.058823529411764705,16,16,GTTAGGGGACCTCGTAGCGT,0,2888970
ompRp3,0.058823529411764705,16,16,GTTAAGGGACCCGGCTCGGT,0,2888104
ompRp3,0.058823529411764705,16,16,GTTAAATCCTCTCTACGATG,0,2893745
ompRp3,0.058823529411764705,16,16,GTGTTCTTCATTGGGAAAGA,0,2895163
ompRp3,0.058823529411764705,16,16,GTGAGAAAGGCTTACCCACA,0,2862894
ompRp3,0.058823529411764705,16,16,GTCTCCTACGGGCGCGTCGT,0,2863360
ompRp3,0.058823529411764705,16,16,GTCCCGAATGAGTCTGAGCA,0,2902251
ompRp3,0.058823529411764705,16,16,GTCACAAAGCTTCACATCGG,0,2871935
ompRp3,0.058823529411764705,16,16,GTACGGGCAGATTTAGTCTT,0,2878961
ompRp3,0.058823529411764705,16,16,GTACGGCGTGTGAAATTGCC,0,2877869
ompRp3,0.058823529411764705,16,16,GGTTCATGGCCATGCCGCCT,0,2867966
ompRp3,0.058823529411764705,16,16,GGTGACTAAACAATCAGGGG,0,2880321
ompRp3,0.058823529411764705,16,16,GGTCCATCAAGCTTGATACA,0,2882452
ompRp3,0.058823529411764705,16,16,GGTAGTCCTGCACGTTCCAG,0,2874597
ompRp3,0.058823529411764705,16,16,GGGGGAGTCTTCATTGAGAT,0,2874209
ompRp3,0.058823529411764705,16,16,GGGCTACTGGGCTGATGTGT,0,2882230
ompRp3,0.058823529411764705,16,16,GGGCGCTAAGTCGAAGCTAT,0,2893974
ompRp3,0.058823529411764705,16,16,GGGCAGCAAACTGACCACAA,0,2869165
ompRp3,0.058823529411764705,16,16,GGGCAGACAGAAATAGTTTG,0,2881622
ompRp3,0.058823529411764705,16,16,GGGAGGCGAACCGTATCAGG,0,2894371
ompRp3,0.058823529411764705,16,16,GGGAATCCCGTCTCGACTGC,0,2897381
ompRp3,0.058823529411764705,16,16,GGCTGTACGGGCCGTCTAGA,0,2864487
ompRp3,0.058823529411764705,16,16,GGCGGAGTAGATCTTTGCAG,0,2893942
ompRp3,0.058823529411764705,16,16,GGCCAACACCTTCGGACTTT,0,2880836
ompRp3,0.058823529411764705,16,16,GGATTCGGGGCTCCTGTTGA,0,2866990
ompRp3,0.058823529411764705,16,16,GGAGTGAGCGAGTTGTCAAT,0,2879340
ompRp3,0.058823529411764705,16,16,GGACTTATGAACGAGAGATT,0,2871312
ompRp3,0.058823529411764705,16,16,GGACGCACCTTGATGACTCC,0,2881069
ompRp3,0.058823529411764705,16,16,GGACCGGCCTTTATTGTCTA,0,2898488
ompRp3,0.058823529411764705,16,16,GGACAGAACTCGGGGTAAGA,0,2861783
ompRp3,0.058823529411764705,16,16,GGAAATATTGTGGTAAAAAG,0,2907138
ompRp3,0.058823529411764705,16,16,GCTTTGAGACAGGCGAGGAA,0,2861748
ompRp3,0.058823529411764705,16,16,GCTGCGGTGCTTTTAAAATT,0,2892908
ompRp3,0.058823529411764705,16,16,GCGGTTCTTACCTTTGGTTA,0,2873158
ompRp3,0.058823529411764705,16,16,GCGGCCGCCCCATAGTATCT,0,2899948
ompRp3,0.058823529411764705,16,16,GCGGAGGGATTGCTGATTAA,0,2888947
ompRp3,0.058823529411764705,16,16,GCGCTCGCCGAACAATTTCA,0,2894602
ompRp3,0.058823529411764705,16,16,GCGCGGCAGTTTCGAGGTTC,0,2906779
ompRp3,0.058823529411764705,16,16,GCGATAGTGATGCAGAGGAT,0,2875229
ompRp3,0.058823529411764705,16,16,GCGAGTCACTAGGGTGGCGG,0,2864986
ompRp3,0.058823529411764705,16,16,GCGAGACAGACGGTCGAGCG,0,2904626
ompRp3,0.058823529411764705,16,16,GCGAAGTCGTTAAACGGATG,0,2898976
ompRp3,0.058823529411764705,16,16,GCGAAAATACTTAGGCGGAC,0,2900103
ompRp3,0.058823529411764705,16,16,GCCGTGATGAACTGCCCAAT,0,2861357
ompRp3,0.058823529411764705,16,16,GCCGGTCGTGCCAGAAACGT,0,2867980
ompRp3,0.058823529411764705,16,16,GCCGCGTCAAACGATTTTCT,0,2875183
ompRp3,0.058823529411764705,16,16,GCAAGGGGGCTTAGAGCGTT,0,2860955
ompRp3,0.058823529411764705,16,16,GCAAAGGGATTTTCATCCTA,0,2884314
ompRp3,0.058823529411764705,16,16,GATCTTCTTCCTGTTTCTTT,0,2907064
ompRp3,0.058823529411764705,16,16,GATCTCGCTCCGAGCAAGCG,0,2886764
ompRp3,0.058823529411764705,16,16,GATAATCAGCGTTGCCATCC,0,2866216
ompRp3,0.058823529411764705,16,16,GAGGCGACGGCTTTTTTGAT,0,2899361
ompRp3,0.058823529411764705,16,16,GAGCAGAAAGTCTAGAATGT,0,2877716
ompRp3,0.058823529411764705,16,16,GAGCACATGTGTTCGCCGGT,0,2891123
ompRp3,0.058823529411764705,16,16,GACTGGTCCACCGGCTGTGA,0,2889287
ompRp3,0.058823529411764705,16,16,GAATAAAATGATCAGGTAGT,0,2868296
ompRp3,0.058823529411764705,16,16,GAAGACTCGTGGGGCCGATT,0,2897153
ompRp3,0.058823529411764705,16,16,GAACAGTGAAAGAGATTTCC,0,2881342
ompRp3,0.058823529411764705,16,16,GAAACAGCGACAGGTTCCGG,0,2877442
ompRp3,0.058823529411764705,16,16,CTTTAGCATGGAGATCCTAG,0,2905774
ompRp3,0.058823529411764705,16,16,CTTTAAGGGACATTAGAACA,0,2882737
ompRp3,0.058823529411764705,16,16,CTTAAGGGCCGGCCCTACCA,0,2885490
ompRp3,0.058823529411764705,16,16,CTTAACATTGAACCCCCCCA,0,2902017
ompRp3,0.058823529411764705,16,16,CTGGGTAGGGCTTGGACCTT,0,2900210
ompRp3,0.058823529411764705,16,16,CTGCGAGATGCGGTGTAGGC,0,2904284
ompRp3,0.058823529411764705,16,16,CTGAAATTTCATTTTAAAGG,0,2871305
ompRp3,0.058823529411764705,16,16,CTCCTAGTTGGTTGGCCTTT,0,2903558
ompRp3,0.058823529411764705,16,16,CTATCTAACGAGTCTCGGTA,0,2896797
ompRp3,0.058823529411764705,16,16,CTAGCAAGGATCCTGCCTTT,0,2894479
ompRp3,0.058823529411764705,16,16,CTACGTGTGTGCGCGACTGT,0,2864178
ompRp3,0.058823529411764705,16,16,CTACCATACAACCGTGGTAA,0,2889318
ompRp3,0.058823529411764705,16,16,CGTTTGCAAGGCGTTGTTCA,0,2868139
ompRp3,0.058823529411764705,16,16,CGTTTAAGGGACGTACATCT,0,2870036
ompRp3,0.058823529411764705,16,16,CGTGTCCGCGGACACTTGAT,0,2881203
ompRp3,0.058823529411764705,16,16,CGTCTGTAGCAACCTTGTTT,0,2894126
ompRp3,0.058823529411764705,16,16,CGTCAGTATTCAAGCTGCAT,0,2875595
ompRp3,0.058823529411764705,16,16,CGTCAGAATTTGAGGAAGAG,0,2877451
ompRp3,0.058823529411764705,16,16,CGTAGTGCACGATCTGAAAT,0,2879007
ompRp3,0.058823529411764705,16,16,CGGGTAACATACCGGGGAGC,0,2893971
ompRp3,0.058823529411764705,16,16,CGGGGGGGGTGAAGCACATT,0,2904900
ompRp3,0.058823529411764705,16,16,CGGGGCCGTGCTGACGTAAT,0,2890518
ompRp3,0.058823529411764705,16,16,CGGGCGACTATCCATATACG,0,2887392
ompRp3,0.058823529411764705,16,16,CGGCCCTACCCTTACTGCGC,0,2899851
ompRp3,0.058823529411764705,16,16,CGGCCAACACGTTAGCTAAT,0,2871627
ompRp3,0.058823529411764705,16,16,CGGAGTTTGGTCTGGCTCAA,0,2866677
ompRp3,0.058823529411764705,16,16,CGCTTTCTTCAGAACCCCTC,0,2893306
ompRp3,0.058823529411764705,16,16,CGCCGGTTGAAGTGGAAACG,0,2896631
ompRp3,0.058823529411764705,16,16,CGCACCTATGCAGCGATAGA,0,2894274
ompRp3,0.058823529411764705,16,16,CGCAAGTTTATACGCAGATA,0,2884735
ompRp3,0.058823529411764705,16,16,CGACGGCTCGCGGCCCGTGA,0,2873334
ompRp3,0.058823529411764705,16,16,CGAAGGATGTCTTGCGAGCA,0,2867921
ompRp3,0.058823529411764705,16,16,CCTTCCAAGATGCTGCGGTT,0,2882811
ompRp3,0.058823529411764705,16,16,CCTTACTTCAACGGCCAGTG,0,2862163
ompRp3,0.058823529411764705,16,16,CCTGTATCTCGTAACACGTA,0,2893004
ompRp3,0.058823529411764705,16,16,CCTGATTGGCCGAGAGTAAC,0,2888887
ompRp3,0.058823529411764705,16,16,CCTATCTCAGTCCCCGTTCA,0,2892930
ompRp3,0.058823529411764705,16,16,CCTACGTAATTACTTGGTAA,0,2902836
ompRp3,0.058823529411764705,16,16,CCGGGCCACTTACATACTTG,0,2862234
ompRp3,0.058823529411764705,16,16,CCGCGGTGCGGAGCCAGGCC,0,2901530
ompRp3,0.058823529411764705,16,16,CCGCCACTTGTGGTCGTGAG,0,2880234
ompRp3,0.058823529411764705,16,16,CCGCAGTGGTCCTTGTCCGG,0,2883643
ompRp3,0.058823529411764705,16,16,CCGAGCGGAGATATCTGTGG,0,2897086
ompRp3,0.058823529411764705,16,16,CCGACCGTATAGACACATAG,0,2865167
ompRp3,0.058823529411764705,16,16,CCCGGTATAGATCTTCTTCT,0,2871595
ompRp3,0.058823529411764705,16,16,CCCGCCAGCAGGTCAAGACA,0,2889566
ompRp3,0.058823529411764705,16,16,CCCCTTAGTGAACTCGGACC,0,2900753
ompRp3,0.058823529411764705,16,16,CCAGGCGTGTCTTGCTTATG,0,2869933
ompRp3,0.058823529411764705,16,16,CCAACGGTGGGCACGCGTTG,0,2898349
ompRp3,0.058823529411764705,16,16,CATGCAGAAGCCTATAGGCT,0,2869761
ompRp3,0.058823529411764705,16,16,CATGAAGTGCAGGATTCAGT,0,2890743
ompRp3,0.058823529411764705,16,16,CAGTCGCAGGGAGGCTCTGC,0,2864361
ompRp3,0.058823529411764705,16,16,CAGGTATTCTCCAATGGTCT,0,2869475
ompRp3,0.058823529411764705,16,16,CAGGGTTTTTTCACCCACGG,0,2898246
ompRp3,0.058823529411764705,16,16,CAGGGTAAGGGACTCTGCTA,0,2886872
ompRp3,0.058823529411764705,16,16,CAGGCGGAGTCGTTCGTTGT,0,2885129
ompRp3,0.058823529411764705,16,16,CAGAGCGGATGTTGTCACTA,0,2887685
ompRp3,0.058823529411764705,16,16,CAGACTGTCTAAGATTATGT,0,2893603
ompRp3,0.058823529411764705,16,16,CAGACGACTACGGTTCTCAA,0,2885452
ompRp3,0.058823529411764705,16,16,CACTTACAGTCTCGGGAACG,0,2889617
ompRp3,0.058823529411764705,16,16,CACGCGCCTCATCTCTGCGA,0,2877757
ompRp3,0.058823529411764705,16,16,CACGACTCTTACGCTATGAA,0,2896246
ompRp3,0.058823529411764705,16,16,CACCGAGCAATACCAGTCGC,0,2861094
ompRp3,0.058823529411764705,16,16,CACCAAAGTTTCGGACTGTA,0,2876859
ompRp3,0.058823529411764705,16,16,CACCAAACCTTAAATCTCAC,0,2875589
ompRp3,0.058823529411764705,16,16,CACAGGAGGAGTCACCATCT,0,2873871
ompRp3,0.058823529411764705,16,16,CAAGTCATTCGGAGGGTCCA,0,2892587
ompRp3,0.058823529411764705,16,16,CAACTGTGTAGCTTGTCCTA,0,2904656
ompRp3,0.058823529411764705,16,16,CAACGACAATTGCACATGAT,0,2885569
ompRp3,0.058823529411764705,16,16,ATTTCGCGGACGGGCTGTTC,0,2897111
ompRp3,0.058823529411764705,16,16,ATTGATATCTCATCAGCCGT,0,2866044
ompRp3,0.058823529411764705,16,16,ATTCGTAGCAGGGTGAGCTA,0,2863335
ompRp3,0.058823529411764705,16,16,ATTCGCACTGTACACGCATA,0,2882330
ompRp3,0.058823529411764705,16,16,ATTAGTGCGATACAACATCT,0,2905980
ompRp3,0.058823529411764705,16,16,ATGTACGAGCATATGGGGAC,0,2900054
ompRp3,0.058823529411764705,16,16,ATGTAATCCCGTCAACGTTA,0,2863845
ompRp3,0.058823529411764705,16,16,ATGGGGAGGAGAAGTCCACG,0,2870494
ompRp3,0.058823529411764705,16,16,ATGCTACGTTCGTGGCCGGA,0,2898466
ompRp3,0.058823529411764705,16,16,ATGCCTCACTCGCGTTTCTT,0,2883298
ompRp3,0.058823529411764705,16,16,ATGAGGACTGCATGTACTTT,0,2894758
ompRp3,0.058823529411764705,16,16,ATGACGTTCCTCTGGCTGCC,0,2900590
ompRp3,0.058823529411764705,16,16,ATGAAAGTTGAGACCAGAAC,0,2899214
ompRp3,0.058823529411764705,16,16,ATGAAAGATGTGAACAGTCA,0,2897295
ompRp3,0.058823529411764705,16,16,ATCTTGCTTCCTGTAGTCTC,0,2904947
ompRp3,0.058823529411764705,16,16,ATCTTCATACCGCATAGTCA,0,2899464
ompRp3,0.058823529411764705,16,16,ATCTACTCCCGATTGGGTAA,0,2896479
ompRp3,0.058823529411764705,16,16,ATCCGTGGGGTATTCACTCA,0,2903262
ompRp3,0.058823529411764705,16,16,ATCCAATCGTAAGCGGTTTG,0,2876933
ompRp3,0.058823529411764705,16,16,ATATCTTAGGCGAGTACGAG,0,2872519
ompRp3,0.058823529411764705,16,16,ATAGGGGTTCGGGAAGGAAT,0,2866520
ompRp3,0.058823529411764705,16,16,ATAGGGGTCGTATGGTTCTA,0,2904713
ompRp3,0.058823529411764705,16,16,ATACCTCGACACGGTGAAGG,0,2900955
ompRp3,0.058823529411764705,16,16,ATAAGACCTGGACAGCGCCC,0,2865006
ompRp3,0.058823529411764705,16,16,ATAACTTTCAGCTTGAACAT,0,2894820
ompRp3,0.058823529411764705,16,16,AGTTAGCCGTCCGGGACTCT,0,2884109
ompRp3,0.058823529411764705,16,16,AGTGCGCTTGTTTCTCGCGG,0,2874644
ompRp3,0.058823529411764705,16,16,AGTAGGTCAACGGCGTACAA,0,2872991
ompRp3,0.058823529411764705,16,16,AGTAGCAGCCTAATATTTTC,0,2877980
ompRp3,0.058823529411764705,16,16,AGTAGACATGGTGGCGGTCA,0,2892656
ompRp3,0.058823529411764705,16,16,AGGGGACTCATCAACTCTAG,0,2897336
ompRp3,0.058823529411764705,16,16,AGGGACCGTTTTGATAAGGT,0,2860986
ompRp3,0.058823529411764705,16,16,AGGCAGGCAGACCTGAAATG,0,2890801
ompRp3,0.058823529411764705,16,16,AGGCAATTTGTAGGGGATCA,0,2871580
ompRp3,0.058823529411764705,16,16,AGGAGCAACTGCACTGACTC,0,2884775
ompRp3,0.058823529411764705,16,16,AGCTTTTATTGCCCAATCTT,0,2871029
ompRp3,0.058823529411764705,16,16,AGCTTCATTGTTGACACAAG,0,2892320
ompRp3,0.058823529411764705,16,16,AGCTCAGGGTCGATATTCTA,0,2876664
ompRp3,0.058823529411764705,16,16,AGCGGGTTCATGCTCAGATA,0,2881006
ompRp3,0.058823529411764705,16,16,AGCCGCCAGCCTACGAGGCA,0,2865171
ompRp3,0.058823529411764705,16,16,AGCCGCAGAAGGTAGCAGGG,0,2881787
ompRp3,0.058823529411764705,16,16,AGATGGAGAACTGACCAGCA,0,2862745
ompRp3,0.058823529411764705,16,16,AGATAGGTAGAGATGGATCG,0,2891109
ompRp3,0.058823529411764705,16,16,AGAACCAGACCGGAGGTAGT,0,2876296
ompRp3,0.058823529411764705,16,16,ACTTTAGCACGACCTGTCCT,0,2899613
ompRp3,0.058823529411764705,16,16,ACTTAAGAACTCAGCATAAT,0,2881409
ompRp3,0.058823529411764705,16,16,ACTGTTACATGTGTCCATTG,0,2895519
ompRp3,0.058823529411764705,16,16,ACTGTAGCGTAACGAGATGA,0,2868783
ompRp3,0.058823529411764705,16,16,ACTGCGGGGGTGAGGACGTC,0,2867827
ompRp3,0.058823529411764705,16,16,ACTCCGATAGAAGTATAATA,0,2900552
ompRp3,0.058823529411764705,16,16,ACTAACTTGCTCTCGACATC,0,2889629
ompRp3,0.058823529411764705,16,16,ACGTCTTCGTTTGGACCAAG,0,2886971
ompRp3,0.058823529411764705,16,16,ACGTAAGGGGAGTCCAGTGG,0,2898814
ompRp3,0.058823529411764705,16,16,ACGCTGCAGCACAGAGCTTC,0,2871452
ompRp3,0.058823529411764705,16,16,ACGCGCCTGGCGCCGCACTA,0,2863894
ompRp3,0.058823529411764705,16,16,ACCTACTCCGGAATGTAGAG,0,2870695
ompRp3,0.058823529411764705,16,16,ACCGACCCATTTCTGTGGAA,0,2873482
ompRp3,0.058823529411764705,16,16,ACCCGGGTAGCATTTCGAGC,0,2874783
ompRp3,0.058823529411764705,16,16,ACCATAGGCCCAACACGCAA,0,2886144
ompRp3,0.058823529411764705,16,16,ACCAGGGGGCAAGTGGGTGA,0,2886549
ompRp3,0.058823529411764705,16,16,ACATGGAAACTGTCTATTCA,0,2896695
ompRp3,0.058823529411764705,16,16,ACATCGTTGCGCCTCTCCCA,0,2898708
ompRp3,0.058823529411764705,16,16,ACACTAGCGGATTCGTCGGT,0,2876518
ompRp3,0.058823529411764705,16,16,AATTCTAAATGTGGTACAAG,0,2904561
ompRp3,0.058823529411764705,16,16,AATAGTGCAAACCAAGCGAC,0,2905955
ompRp3,0.058823529411764705,16,16,AAGTCTCTGGTCTACGGAAA,0,2879126
ompRp3,0.058823529411764705,16,16,AAGTCGCGGCTCTCCAATCG,0,2879796
ompRp3,0.058823529411764705,16,16,AAGTAATTCGCATCACGTTT,0,2861525
ompRp3,0.058823529411764705,16,16,AAGATCGTAGTCTCCAACGG,0,2894401
ompRp3,0.058823529411764705,16,16,AAGATACCATACAAACCAGT,0,2869738
ompRp3,0.058823529411764705,16,16,AACTTATGCGTTCATCACTT,0,2879312
ompRp3,0.058823529411764705,16,16,AACTATCCCAATCCAACCAT,0,2875565
ompRp3,0.058823529411764705,16,16,AACGACATGTACCAGATGTG,0,2887647
ompRp3,0.058823529411764705,16,16,AACCTTTCCACCAGCGCGGT,0,2880386
ompRp3,0.058823529411764705,16,16,AACCTGCACGAGTATAAAAC,0,2895624
ompRp3,0.058823529411764705,16,16,AACAACCGCATTATGTCTCT,0,2893932
ompRp3,0.058823529411764705,16,16,AAATGTATCTGCTCCCAAAG,0,2862199
ompRp3,0.058823529411764705,16,16,AAATAGACCTCCTTGACACT,0,2873224
ompRp3,0.058823529411764705,16,16,AAAGTTAGGATGAGTGCGTA,0,2890223
ompRp3,0.058823529411764705,16,16,AAACGGTATATGGTACGGGT,0,2898950
ompRp3,0.058823529411764705,16,16,AAAAGTAGCCCGAAGAATTG,0,2875583
ompRp3,0.058823529411764705,16,16,AAAACTCGGGAGATGCGGAA,0,2882243
ompRp3,0.058823529411764705,16,16,AAAAAATTAGGGTGGCAATG,0,2864779
ompRp3,0.0625,15,15,TTTTTCCGAGCGATTTACTC,0,2870876
ompRp3,0.0625,15,15,TTTTTAACGACAAGTAACAG,0,2861836
ompRp3,0.0625,15,15,TTTTCCCAGGTCCGACGTGC,0,2864276
ompRp3,0.0625,15,15,TTTCCAACAGGTTATCCCAC,0,2897448
ompRp3,0.0625,15,15,TTTACACGGAGTCGAATCGA,0,2866131
ompRp3,0.0625,15,15,TTGTGACGGCGTTGGGGGTC,0,2868586
ompRp3,0.0625,15,15,TTGTAGTCATGTGCTTGTGT,0,2888332
ompRp3,0.0625,15,15,TTGCCCCGCTTTTGTATCTT,0,2871231
ompRp3,0.0625,15,15,TTGCAACCTTTGGTACCGCG,0,2866940
ompRp3,0.0625,15,15,TTGAGTGATCGCTACCTACT,0,2884262
ompRp3,0.0625,15,15,TTGAAGCCGTCACAGTGGCC,0,2907481
ompRp3,0.0625,15,15,TTCGTCTGTAACATATAGAA,0,2889471
ompRp3,0.0625,15,15,TTCGAGGCGCGTACAATTAA,0,2890428
ompRp3,0.0625,15,15,TTAGTGGCTTGGCACAGTAC,0,2897062
ompRp3,0.0625,15,15,TTAGGGAGAGGGAAACCCCG,0,2906932
ompRp3,0.0625,15,15,TTACCCAGCTCTTCTGGCAA,0,2860725
ompRp3,0.0625,15,15,TTACAAGGGCTCTTGCCAAG,0,2885125
ompRp3,0.0625,15,15,TTAAATGGTGAGAAGTGATC,0,2899432
ompRp3,0.0625,15,15,TGTTTATATGACAGTGTTAA,0,2888061
ompRp3,0.0625,15,15,TGTTCGCCACGGCCAAAGTT,0,2869821
ompRp3,0.0625,15,15,TGTTCCGAGCCTACCTAAAG,0,2861195
ompRp3,0.0625,15,15,TGTGTGACCTGTTTTCCCTT,0,2881826
ompRp3,0.0625,15,15,TGTGTATGGTATGCACGCAA,0,2887080
ompRp3,0.0625,15,15,TGTATAGATGATGACTTCGC,0,2874685
ompRp3,0.0625,15,15,TGGTATTTTTGAATGTGCCT,0,2907649
ompRp3,0.0625,15,15,TGGCGGGTGTCTGCCGCGTA,0,2866664
ompRp3,0.0625,15,15,TGGCAACTCTACGGAGACGT,0,2870744
ompRp3,0.0625,15,15,TGGACGACATAATCATGGCT,0,2883421
ompRp3,0.0625,15,15,TGGAACCCTTCGAAAGAAAG,0,2895207
ompRp3,0.0625,15,15,TGCTAGGTCCATTAAGGTCT,0,2886603
ompRp3,0.0625,15,15,TGCGCCCGTTGTGCCGTACT,0,2880717
ompRp3,0.0625,15,15,TGCGAGAGTTTATGATGCTG,0,2866369
ompRp3,0.0625,15,15,TGCAGCCTAAGCGCCAAGCG,0,2864802
ompRp3,0.0625,15,15,TGCACAAACAGGCCTATTGA,0,2871781
ompRp3,0.0625,15,15,TGAGTTGCTCGGCGCCCATG,0,2901489
ompRp3,0.0625,15,15,TGAGATCCGGCCAACTTGCA,0,2879094
ompRp3,0.0625,15,15,TGACTGTGACAGAGAAGAGC,0,2867423
ompRp3,0.0625,15,15,TGACATTGCAGGTCTGATGA,0,2873751
ompRp3,0.0625,15,15,TGAACCCGAACTGCAACAAG,0,2871184
ompRp3,0.0625,15,15,TGAAATTGTCAGCTACATTA,0,2862504
ompRp3,0.0625,15,15,TCTCCTATTTATATCTATAT,0,2861275
ompRp3,0.0625,15,15,TCTCACTCATAGTTCCTAAC,0,2888824
ompRp3,0.0625,15,15,TCTATGCAACGCGCTACTTG,0,2870324
ompRp3,0.0625,15,15,TCGGGACGCCCAGACGAGTC,0,2873846
ompRp3,0.0625,15,15,TCGCGGACTATATTCGCGAC,0,2868579
ompRp3,0.0625,15,15,TCGAGAGGCTATGACATATG,0,2902997
ompRp3,0.0625,15,15,TCGACCTCCGTCGCATCCCC,0,2895100
ompRp3,0.0625,15,15,TCCTGAGCGAACGTCGCGTC,0,2895127
ompRp3,0.0625,15,15,TCCCGGGGTTAACAATCGAC,0,2885767
ompRp3,0.0625,15,15,TCCATTCTGTAATACGGATG,0,2879757
ompRp3,0.0625,15,15,TCATCCTAGTGCCACCTGCA,0,2882896
ompRp3,0.0625,15,15,TCACTGGCAGACTGGTATTA,0,2870585
ompRp3,0.0625,15,15,TCAATTTATTGGGTATCCTA,0,2897473
ompRp3,0.0625,15,15,TATTCTAACAGAACCGTGTA,0,2893233
ompRp3,0.0625,15,15,TATTACCAGCGGTGACAAGC,0,2866139
ompRp3,0.0625,15,15,TATGGGGTAGCATTTGTTCA,0,2874761
ompRp3,0.0625,15,15,TATGACTCGCAAAGACTCTA,0,2876999
ompRp3,0.0625,15,15,TATCCCGTCATTCAGTTTCT,0,2901034
ompRp3,0.0625,15,15,TATCAATTGCGAGAGTTTCG,0,2873496
ompRp3,0.0625,15,15,TAGCTCGACGCGATAGTACG,0,2862837
ompRp3,0.0625,15,15,TAGCATACACCCCACGTCTC,0,2903346
ompRp3,0.0625,15,15,TAGCAATTGATACCGATTCT,0,2883303
ompRp3,0.0625,15,15,TACGGTCGAAGGCTAGTAGG,0,2883970
ompRp3,0.0625,15,15,TACGGATGGTCATCACAGGG,0,2891406
ompRp3,0.0625,15,15,TACGGACGCCTTACTTAGCC,0,2893426
ompRp3,0.0625,15,15,TACAGTCAATTAGCAGGGAT,0,2899976
ompRp3,0.0625,15,15,TAACTGGACTCTGTAGGAAA,0,2876677
ompRp3,0.0625,15,15,GTTTTGGCGGTGAATGATGT,0,2905773
ompRp3,0.0625,15,15,GTTTCATGACATGCCTGACG,0,2873618
ompRp3,0.0625,15,15,GTTTAAAGCGCAAAGGCACC,0,2882969
ompRp3,0.0625,15,15,GTTGGAGTATGGAGTAATCT,0,2872516
ompRp3,0.0625,15,15,GTTCGTCGTCCGATAGCATC,0,2885715
ompRp3,0.0625,15,15,GTTCGAAAAGACCGGATGCA,0,2896079
ompRp3,0.0625,15,15,GTTCATCGTTATTGTTCTTA,0,2875293
ompRp3,0.0625,15,15,GTTAAAACGAGGATCTTTAA,0,2903210
ompRp3,0.0625,15,15,GTGTCTTCGCTGTCATAAGG,0,2875767
ompRp3,0.0625,15,15,GTGCTTTGGTCTCGGCAGGG,0,2871202
ompRp3,0.0625,15,15,GTCTACGAGATTAGTGGTTC,0,2864740
ompRp3,0.0625,15,15,GTCGGTAGAGTGGAAGGTCT,0,2868388
ompRp3,0.0625,15,15,GTCCTAACCAGTGAAGTTTT,0,2873078
ompRp3,0.0625,15,15,GTCCCTCATGGCGTGGAGGT,0,2899106
ompRp3,0.0625,15,15,GTCCAGAGCTAGTACCGAAC,0,2890457
ompRp3,0.0625,15,15,GTCATTTCCTTCGCCTCGAA,0,2875277
ompRp3,0.0625,15,15,GTCACGTCGAGAGGTCAAGA,0,2874762
ompRp3,0.0625,15,15,GTAGACTTACGAAACACTAG,0,2888522
ompRp3,0.0625,15,15,GTACGTTGTAGGGCGCTTGG,0,2898465
ompRp3,0.0625,15,15,GGTTTCCGCATATGACAGTT,0,2899877
ompRp3,0.0625,15,15,GGTGCAACCCTGCATTCTTT,0,2872109
ompRp3,0.0625,15,15,GGTCGTTAACCTGAAAGTAT,0,2865235
ompRp3,0.0625,15,15,GGTCCTGTATGCTAGTGGTG,0,2878219
ompRp3,0.0625,15,15,GGTCCGTGGTTACGATGCAG,0,2868618
ompRp3,0.0625,15,15,GGTAAATATGGCTGGCTCGC,0,2906642
ompRp3,0.0625,15,15,GGGTCGATCACTGTCGGGAT,0,2900118
ompRp3,0.0625,15,15,GGGTAGTAAACTTCCCCAAT,0,2867322
ompRp3,0.0625,15,15,GGGTAATATCTCCCCTATTG,0,2869141
ompRp3,0.0625,15,15,GGGTAAGATGCTTCGCTGGG,0,2887806
ompRp3,0.0625,15,15,GGGGCAGCTGCGGTTATAGT,0,2888057
ompRp3,0.0625,15,15,GGGACCTTCGGTCTGCCCGG,0,2883469
ompRp3,0.0625,15,15,GGCTCCCATAAGCATGTCAC,0,2862655
ompRp3,0.0625,15,15,GGCGCCAGGTCCATCAGTCG,0,2883148
ompRp3,0.0625,15,15,GGCCTTGAGCGTGCCGAAAG,0,2862289
ompRp3,0.0625,15,15,GGCCATCGCGTGGAATCTTC,0,2889285
ompRp3,0.0625,15,15,GGATGAATCTGGTATAAACG,0,2861421
ompRp3,0.0625,15,15,GGATAGAAGAATGCGCGATT,0,2890180
ompRp3,0.0625,15,15,GGAGCGCAGCCGGGTTCGCG,0,2868258
ompRp3,0.0625,15,15,GGAGCCGGCTTTGGGCAGCC,0,2877969
ompRp3,0.0625,15,15,GGACGGAAATCCGTAGTTTC,0,2902136
ompRp3,0.0625,15,15,GGACAGTAGGCTGAGGCTCC,0,2883644
ompRp3,0.0625,15,15,GGACAGGGCTTTGGCAGATA,0,2880460
ompRp3,0.0625,15,15,GGACACCCTGGCAGTCCTCG,0,2903337
ompRp3,0.0625,15,15,GGAAAAACCGTCTTCCGGTT,0,2875692
ompRp3,0.0625,15,15,GCTGTGCTCGTATAATATAT,0,2900957
ompRp3,0.0625,15,15,GCTGAGGTTGTGCCTACTCC,0,2898844
ompRp3,0.0625,15,15,GCGTGTAGATATGGTACGTA,0,2900556
ompRp3,0.0625,15,15,GCGTATAGGAACCGGGTTAT,0,2868001
ompRp3,0.0625,15,15,GCGCCCAGTACGAACTAAGA,0,2867325
ompRp3,0.0625,15,15,GCGATGTTTGGGGGCTATCG,0,2896003
ompRp3,0.0625,15,15,GCGAGGGATGTTGAATCCAT,0,2888676
ompRp3,0.0625,15,15,GCGACTTCCCCGTCAACCTG,0,2864774
ompRp3,0.0625,15,15,GCCTAGGGGAGATAAAGATT,0,2877405
ompRp3,0.0625,15,15,GCCGCAAATTCTTTAGTCAA,0,2886035
ompRp3,0.0625,15,15,GCCCTTCCTCGTTAAAACGG,0,2887788
ompRp3,0.0625,15,15,GCCATGGCTGTTGTAGTATA,0,2879661
ompRp3,0.0625,15,15,GCCATCGGGCGGTAGGCTAT,0,2875118
ompRp3,0.0625,15,15,GCACACTTTGCCTAATCCAC,0,2864911
ompRp3,0.0625,15,15,GCAAGTAGCTGCGTGACTCA,0,2889701
ompRp3,0.0625,15,15,GATGTTCTGTTCACGGTAAA,0,2897328
ompRp3,0.0625,15,15,GATGTGTTCTCCCACGGCTA,0,2881699
ompRp3,0.0625,15,15,GATGGATATCCCGATGAGGC,0,2871747
ompRp3,0.0625,15,15,GATGCATAGGCCCCTGTTGG,0,2870943
ompRp3,0.0625,15,15,GATCTGGGAAGTTTTAGTCT,0,2868053
ompRp3,0.0625,15,15,GAGGTGCACCCTAACGTGCG,0,2861987
ompRp3,0.0625,15,15,GAGCGGTTGTTAACCATTGA,0,2894326
ompRp3,0.0625,15,15,GAGCGCCGTAAGCGTCCCAT,0,2864742
ompRp3,0.0625,15,15,GACTCTATTTGTCTACGGAA,0,2902208
ompRp3,0.0625,15,15,GACCTATGATAGCGGCCGTT,0,2890198
ompRp3,0.0625,15,15,GACCGCGCCTAAGTATTCCC,0,2892464
ompRp3,0.0625,15,15,GACCCTGCAGATCCCTAGGT,0,2903391
ompRp3,0.0625,15,15,GACCCCGGCCCCGTTATTTG,0,2893294
ompRp3,0.0625,15,15,GACCCCGCGGCTAAGGGGGG,0,2900250
ompRp3,0.0625,15,15,GACAGGATGTATATTACTCT,0,2876119
ompRp3,0.0625,15,15,GACAGAGCGCCGGAGAAAGT,0,2897734
ompRp3,0.0625,15,15,GACAAGCTGCTCACGAAAAA,0,2889284
ompRp3,0.0625,15,15,GAATTTAGTCGGAAGCACCG,0,2906207
ompRp3,0.0625,15,15,CTTCTCGCTCTTAATGACGC,0,2863769
ompRp3,0.0625,15,15,CTGAGTTCGAGTTCAAATAT,0,2876727
ompRp3,0.0625,15,15,CTGAGATGACGCAGATCGGT,0,2880752
ompRp3,0.0625,15,15,CTCTTAGTGGTAAGATTACT,0,2882329
ompRp3,0.0625,15,15,CTCGTGATTATGAAATTGAG,0,2873528
ompRp3,0.0625,15,15,CTCGCGGATAGCGTAAGGAT,0,2893576
ompRp3,0.0625,15,15,CTCCTAAAAGTGATGTGCAA,0,2896411
ompRp3,0.0625,15,15,CTCCGTAGTGGGATTCGGCA,0,2900058
ompRp3,0.0625,15,15,CTCACTGCGGTTGACAAAGC,0,2866095
ompRp3,0.0625,15,15,CTATGCTGTAGTTAAGATAA,0,2869242
ompRp3,0.0625,15,15,CTAGGTAGAGCGCGGGGCGC,0,2874089
ompRp3,0.0625,15,15,CTACGTGGCATCACTGAGTA,0,2870117
ompRp3,0.0625,15,15,CTACGATAACCCTCGGCTCA,0,2880997
ompRp3,0.0625,15,15,CTAACACCTCTCACAGCAAA,0,2865584
ompRp3,0.0625,15,15,CGTTGCAGGCGCCTATCTAT,0,2869962
ompRp3,0.0625,15,15,CGTTCCCACGGCTCGTTAAG,0,2886301
ompRp3,0.0625,15,15,CGTGGGGGCAAATTATAAGG,0,2877209
ompRp3,0.0625,15,15,CGTGGGATGCGATACAATTG,0,2871487
ompRp3,0.0625,15,15,CGTAGTAGGCGGTTACGTGC,0,2889071
ompRp3,0.0625,15,15,CGTAGATTTAGGTTGTCCCA,0,2866821
ompRp3,0.0625,15,15,CGTAGAACTTTGCCCATTGA,0,2887915
ompRp3,0.0625,15,15,CGGTCGGTAGGGCACAACAT,0,2865806
ompRp3,0.0625,15,15,CGGGTTTATGACGATAACTT,0,2881032
ompRp3,0.0625,15,15,CGGGGCAACTATGACGGCCT,0,2895352
ompRp3,0.0625,15,15,CGGGGAGAATAAAGAAAACC,0,2874988
ompRp3,0.0625,15,15,CGGCCCAGACACTTGAATAT,0,2902624
ompRp3,0.0625,15,15,CGGATTCTTACCTTTCGCTG,0,2899347
ompRp3,0.0625,15,15,CGGAAGTGAGGATGGCGACT,0,2893871
ompRp3,0.0625,15,15,CGCTTGCTACGGACTTCGCT,0,2896570
ompRp3,0.0625,15,15,CGCTTCCGTCTCGTGGAATT,0,2872117
ompRp3,0.0625,15,15,CGCGTTTAGTCTTGGAAGCG,0,2881764
ompRp3,0.0625,15,15,CGCGTATTACACTTTCTTGT,0,2882145
ompRp3,0.0625,15,15,CGCGGGAGTAAACCGGGCGG,0,2882991
ompRp3,0.0625,15,15,CGCGACTGGCACCGTTCCGC,0,2867789
ompRp3,0.0625,15,15,CGCCCTCACGGCATCGAGGT,0,2865338
ompRp3,0.0625,15,15,CGCCACCGTGCAACTTAGAA,0,2891822
ompRp3,0.0625,15,15,CGATGTGAGTAGGCAAGAAT,0,2887423
ompRp3,0.0625,15,15,CGATGGTGCCGGGGGTAGAT,0,2886146
ompRp3,0.0625,15,15,CGACGTAGTTGTTAGACGTT,0,2864751
ompRp3,0.0625,15,15,CGACATGTCAAGTTAACTCG,0,2861887
ompRp3,0.0625,15,15,CCTTGCGCGTCAAAGTCTCG,0,2872475
ompRp3,0.0625,15,15,CCTTATGACCTACTTGGCTT,0,2871233
ompRp3,0.0625,15,15,CCTGGACGCGTTTCGGGCAA,0,2875612
ompRp3,0.0625,15,15,CCTCGACCAAGATATGAGTT,0,2881143
ompRp3,0.0625,15,15,CCTCCACCCGCAAAACAAAC,0,2892669
ompRp3,0.0625,15,15,CCTCAAGATAACCCAGCACG,0,2898325
ompRp3,0.0625,15,15,CCTATCGGTGGAAAAAATGG,0,2902215
ompRp3,0.0625,15,15,CCTAGGTGTACGCGCCGTAC,0,2893195
ompRp3,0.0625,15,15,CCGTTGGTTATAAGTCGTAC,0,2902281
ompRp3,0.0625,15,15,CCGGGGTAGATTGAAAGGAA,0,2866735
ompRp3,0.0625,15,15,CCGCTTGTGGAAGCAGCGCC,0,2874152
ompRp3,0.0625,15,15,CCGCGAAAAACAGCAGGCCT,0,2891351
ompRp3,0.0625,15,15,CCGCATTGACGTATCAAGCG,0,2889590
ompRp3,0.0625,15,15,CCGAATGTGTAAAAACTCCC,0,2877076
ompRp3,0.0625,15,15,CCCACGTAGACGTTGATATT,0,2883442
ompRp3,0.0625,15,15,CCATAATTTCATACCGAAGG,0,2890182
ompRp3,0.0625,15,15,CATTGTTCAGTCGCTCTCGT,0,2878680
ompRp3,0.0625,15,15,CATGTAGTCAAGCGTAAAGA,0,2876958
ompRp3,0.0625,15,15,CATGCCTCATTCTCGGACTC,0,2889613
ompRp3,0.0625,15,15,CATATAAGTGATTGCGGTAC,0,2885092
ompRp3,0.0625,15,15,CACTACCGAAAAGCTTGCAT,0,2906060
ompRp3,0.0625,15,15,CACCCGCAATGACGCGGGGG,0,2862393
ompRp3,0.0625,15,15,CACAGTAAAAAGTCGAGACG,0,2862123
ompRp3,0.0625,15,15,CACACGGAGGAATGGTTATC,0,2896854
ompRp3,0.0625,15,15,CAATCTCTTTGTCGGAGCCA,0,2873801
ompRp3,0.0625,15,15,CAACTGTCTCAGAGGAGGCA,0,2861656
ompRp3,0.0625,15,15,CAACCAACGAGGATCAGCAT,0,2881547
ompRp3,0.0625,15,15,CAACAGGAGATCGCCGGGTA,0,2900361
ompRp3,0.0625,15,15,ATTTAGCGAATCAGTCTTTG,0,2867295
ompRp3,0.0625,15,15,ATTGTTCGTGTGCCAGACGG,0,2861307
ompRp3,0.0625,15,15,ATGTGCGAAGAGGTGCATGC,0,2871581
ompRp3,0.0625,15,15,ATCTTGCCCAATAGTTGGAA,0,2899091
ompRp3,0.0625,15,15,ATCGACTGCTTAAGGCCATG,0,2901382
ompRp3,0.0625,15,15,ATCCGGAAGGTCGCACATCA,0,2889139
ompRp3,0.0625,15,15,ATCATTGGGCAACTGGATGG,0,2887588
ompRp3,0.0625,15,15,ATCATGTTTGGGTGAGGAAA,0,2877510
ompRp3,0.0625,15,15,ATCACGAACGTTAGCGCATA,0,2884858
ompRp3,0.0625,15,15,ATATTAGGTATGGCTTATGG,0,2863937
ompRp3,0.0625,15,15,ATAGTGTCTAATCTCGAAGG,0,2864835
ompRp3,0.0625,15,15,ATAGTCCCCAATTACGGCGA,0,2867392
ompRp3,0.0625,15,15,ATACCAGGGAGAGGGTACAC,0,2903958
ompRp3,0.0625,15,15,ATAACCGTGTGTTCTGTCGT,0,2888336
ompRp3,0.0625,15,15,AGTTCGACCCAGGTATCTGT,0,2880217
ompRp3,0.0625,15,15,AGTCTAGATATCTAGAGCGT,0,2889546
ompRp3,0.0625,15,15,AGTCGTTAATATCCCGGGGA,0,2898535
ompRp3,0.0625,15,15,AGTATGCGTCGATGGACGTT,0,2895506
ompRp3,0.0625,15,15,AGGTGCCCCGCGGCTTAATA,0,2900634
ompRp3,0.0625,15,15,AGGTATCATAGTTGCGGTAA,0,2897857
ompRp3,0.0625,15,15,AGGGGGAAAAGGTCCGAATG,0,2898145
ompRp3,0.0625,15,15,AGGGCATTCCTCAGCCACCT,0,2891053
ompRp3,0.0625,15,15,AGGCTCAACTTTCCCACTCG,0,2872395
ompRp3,0.0625,15,15,AGGCTATCCTTGATATGCGA,0,2864468
ompRp3,0.0625,15,15,AGGCCACAGCGGTCCTGCAG,0,2888696
ompRp3,0.0625,15,15,AGGCAACAGATGCGCCCTAC,0,2905702
ompRp3,0.0625,15,15,AGGAAACAGTAATCGCGCTA,0,2902638
ompRp3,0.0625,15,15,AGCTGATTGTAGCGGACTAG,0,2880973
ompRp3,0.0625,15,15,AGCCTCAGCATGTTATCGAG,0,2867219
ompRp3,0.0625,15,15,AGCATGGGAGGTGTGGGAAA,0,2863549
ompRp3,0.0625,15,15,AGCAGCTGCTCCTGGCTCCA,0,2868909
ompRp3,0.0625,15,15,AGAGTCGTCGAAGACCGTTG,0,2874498
ompRp3,0.0625,15,15,AGAGTCGGCCTCCTATCGAG,0,2891584
ompRp3,0.0625,15,15,AGAGTACTATCTTTACCTGT,0,2895331
ompRp3,0.0625,15,15,AGACAGACGGTGGTCATTTC,0,2893901
ompRp3,0.0625,15,15,ACTTGCCTCATTCTTCGAAA,0,2865136
ompRp3,0.0625,15,15,ACTTAGGGTACGCGATTGTC,0,2868786
ompRp3,0.0625,15,15,ACGTGGTTACGTCCGTCCCT,0,2872137
ompRp3,0.0625,15,15,ACGGCGGGGACCACCCGGCT,0,2865211
ompRp3,0.0625,15,15,ACGGCGCAGGCCATAATATT,0,2871327
ompRp3,0.0625,15,15,ACGCTCGTTGAGCTAGCCAG,0,2880877
ompRp3,0.0625,15,15,ACGCAGCTGTGAAGCCAAAG,0,2865486
ompRp3,0.0625,15,15,ACGAAATTAATAGCCTGATG,0,2864318
ompRp3,0.0625,15,15,ACCTTGTACATACCAGATTT,0,2893677
ompRp3,0.0625,15,15,ACCGTGTGCTCTTACAGTCC,0,2892039
ompRp3,0.0625,15,15,ACCGTAATCGCTGGTAGCAG,0,2862742
ompRp3,0.0625,15,15,ACCAACGTGTAGGCAACAGT,0,2873087
ompRp3,0.0625,15,15,ACATGTGCCCTGCAGCCAAC,0,2904754
ompRp3,0.0625,15,15,ACATGCGGCGTATTTCTGAG,0,2880387
ompRp3,0.0625,15,15,ACATGCATGCAGATACGCAG,0,2889177
ompRp3,0.0625,15,15,ACAGGGGGGAAGTTCGTACT,0,2892773
ompRp3,0.0625,15,15,ACAGATGTCCTTGGGGTGCT,0,2905524
ompRp3,0.0625,15,15,ACACGGGCAAGAAATTGCAA,0,2890913
ompRp3,0.0625,15,15,AATTTTCGATACGGATTGAC,0,2866019
ompRp3,0.0625,15,15,AATTTCTCCGCTGGTGGATT,0,2873174
ompRp3,0.0625,15,15,AATGCACCAATAATTCGCGA,0,2875218
ompRp3,0.0625,15,15,AATCGCCTTAGCACCCACGC,0,2894900
ompRp3,0.0625,15,15,AAGTCTTATCTCTAAGGGCT,0,2888918
ompRp3,0.0625,15,15,AAGGACTGCGGAGGCACGGT,0,2901298
ompRp3,0.0625,15,15,AACTTTAGCCAGCGGAGGGC,0,2874806
ompRp3,0.0625,15,15,AAATCTCTCAACCTTGTTCC,0,2878161
ompRp3,0.0625,15,15,AAACCGGCTCCGTGAGCGAC,0,2863018
ompRp3,0.06666666666666667,14,14,TTTTTCTACTCAAGTTTAAG,0,2877323
ompRp3,0.06666666666666667,14,14,TTTTGTGCTAGCGGGCATCT,0,2881604
ompRp3,0.06666666666666667,14,14,TTTTAGCATCATGTCGTCCC,0,2879933
ompRp3,0.06666666666666667,14,14,TTTTAGCAAGACATCGCTGT,0,2894145
ompRp3,0.06666666666666667,14,14,TTTGGCTGGTTTGATGTGTT,0,2877163
ompRp3,0.06666666666666667,14,14,TTTCGCGGGAGTACATTGAC,0,2896835
ompRp3,0.06666666666666667,14,14,TTTCCCGCGAATATTGGCAA,0,2895939
ompRp3,0.06666666666666667,14,14,TTGTGGGGTGGCTTGCGTAA,0,2873440
ompRp3,0.06666666666666667,14,14,TTGTATGGCCGCCATCACGT,0,2866220
ompRp3,0.06666666666666667,14,14,TTGGTTCAAATTAGCGTCTT,0,2876697
ompRp3,0.06666666666666667,14,14,TTGGAGGGAAATGGAAGTTA,0,2887615
ompRp3,0.06666666666666667,14,14,TTCTACTCTCGCGTTAGCCC,0,2865861
ompRp3,0.06666666666666667,14,14,TTCGGGAGGCAGGTAAAATG,0,2880019
ompRp3,0.06666666666666667,14,14,TTCGAGTTTCAATTACCGCA,0,2890391
ompRp3,0.06666666666666667,14,14,TTCAGTCTTCTAAGCATGCA,0,2905902
ompRp3,0.06666666666666667,14,14,TTCAGGGGTTAGACGTGCGG,0,2872795
ompRp3,0.06666666666666667,14,14,TTCAGGACTCTTGCCTAGCA,0,2874438
ompRp3,0.06666666666666667,14,14,TTATCGGAGGGGCTATCGGA,0,2866771
ompRp3,0.06666666666666667,14,14,TTAGCGGTCTTTGAGATCAG,0,2867949
ompRp3,0.06666666666666667,14,14,TTACGCTACTTGATGGTTAT,0,2865008
ompRp3,0.06666666666666667,14,14,TTACCTCATACATCGACCAG,0,2901792
ompRp3,0.06666666666666667,14,14,TTACCCTCTACGAGCCCCGT,0,2881268
ompRp3,0.06666666666666667,14,14,TTACAGGTAGAGAGTAACAG,0,2872551
ompRp3,0.06666666666666667,14,14,TGTTGTAAGTAGAGCTCCGG,0,2867050
ompRp3,0.06666666666666667,14,14,TGTTCATAGTGCGGGGTGGT,0,2873678
ompRp3,0.06666666666666667,14,14,TGTCCTCTGTGTTCTGCAGA,0,2865268
ompRp3,0.06666666666666667,14,14,TGTAGACTTAGAAATCTCGG,0,2878448
ompRp3,0.06666666666666667,14,14,TGGGTATGGGTCCAACTCTA,0,2868850
ompRp3,0.06666666666666667,14,14,TGGGCAAGGTTAAGGACTCA,0,2864768
ompRp3,0.06666666666666667,14,14,TGGCGATGGTAGATTCTAGT,0,2870941
ompRp3,0.06666666666666667,14,14,TGCTGTGGACCGATGAACGG,0,2863268
ompRp3,0.06666666666666667,14,14,TGCTCGCACGTTCCCCGTTG,0,2896009
ompRp3,0.06666666666666667,14,14,TGCGCTGCCCTCAACTTTCA,0,2884019
ompRp3,0.06666666666666667,14,14,TGCGAAGTTAAGCCAACCAA,0,2878124
ompRp3,0.06666666666666667,14,14,TGCCTGGATCCCGGAAGGTT,0,2861503
ompRp3,0.06666666666666667,14,14,TGCAGAGGGCGCTCTACTTC,0,2898657
ompRp3,0.06666666666666667,14,14,TGATTTTGCGATTCTTCAAG,0,2870532
ompRp3,0.06666666666666667,14,14,TGATCTATCATACTAAAGGC,0,2882681
ompRp3,0.06666666666666667,14,14,TGAGGGTTTGCACTAGCGGC,0,2895401
ompRp3,0.06666666666666667,14,14,TGAGGATTCCTGGGGTATGG,0,2877229
ompRp3,0.06666666666666667,14,14,TGAGCTAGAGGCGGAAACAC,0,2880458
ompRp3,0.06666666666666667,14,14,TGAGCGCAAGTGTTTAGGAG,0,2874298
ompRp3,0.06666666666666667,14,14,TGACGATATTTGTCTAATAC,0,2884827
ompRp3,0.06666666666666667,14,14,TCTGCGAAACAGAGCCCTTT,0,2877502
ompRp3,0.06666666666666667,14,14,TCTCCGGAATTGTTAGCAGT,0,2895120
ompRp3,0.06666666666666667,14,14,TCTCAAGGAAGAAGGATAGC,0,2862540
ompRp3,0.06666666666666667,14,14,TCTAGTTGGGCATCAACCCA,0,2871574
ompRp3,0.06666666666666667,14,14,TCGGTGGTCATTTTCACTCA,0,2869508
ompRp3,0.06666666666666667,14,14,TCGGAGGAAAGTGGTATCGA,0,2878005
ompRp3,0.06666666666666667,14,14,TCGCTTCTCTCTCTTCTTGG,0,2891594
ompRp3,0.06666666666666667,14,14,TCGCGTAATAGACGCCTTCA,0,2866891
ompRp3,0.06666666666666667,14,14,TCGCGGCGCCTGCTCGAACA,0,2906639
ompRp3,0.06666666666666667,14,14,TCGAATTACGCGTGGAGCTG,0,2884438
ompRp3,0.06666666666666667,14,14,TCCTCCGCACCGATCAGCTA,0,2886005
ompRp3,0.06666666666666667,14,14,TCCGTTCCCCTAGTCTGACG,0,2897803
ompRp3,0.06666666666666667,14,14,TCCGACCAGGATCAAAAACT,0,2886011
ompRp3,0.06666666666666667,14,14,TCCGACAGGACTGCCCACGT,0,2892035
ompRp3,0.06666666666666667,14,14,TCCATTATAGTGACGCTCTG,0,2879445
ompRp3,0.06666666666666667,14,14,TCATTTCTTACCCGCTACTC,0,2892325
ompRp3,0.06666666666666667,14,14,TCATTTCTAGTTGTTCTCTA,0,2902361
ompRp3,0.06666666666666667,14,14,TCATTGCTTATTGGAGTAGT,0,2897890
ompRp3,0.06666666666666667,14,14,TCAGTATCGTCGGGGAACGA,0,2880722
ompRp3,0.06666666666666667,14,14,TCACGCATGCTTACAGTATT,0,2869453
ompRp3,0.06666666666666667,14,14,TATCTGTCGTGTTGAGACCT,0,2903771
ompRp3,0.06666666666666667,14,14,TATAGGTACAGGGCTTAAAC,0,2900748
ompRp3,0.06666666666666667,14,14,TAGGTTGAACACGTGCTTCT,0,2864593
ompRp3,0.06666666666666667,14,14,TAGGCCAAGCGATCCCGTAC,0,2883465
ompRp3,0.06666666666666667,14,14,TAGCGCTACTGTCAACACGT,0,2897197
ompRp3,0.06666666666666667,14,14,TAGCCTCAGTGGCACTTAGG,0,2875440
ompRp3,0.06666666666666667,14,14,TAGAGAGTGTCTATCTCCAC,0,2863721
ompRp3,0.06666666666666667,14,14,TACTAAGTTAAACGAAATGG,0,2889796
ompRp3,0.06666666666666667,14,14,TACGCTCATAGATGTTTCGG,0,2866851
ompRp3,0.06666666666666667,14,14,TACGATGGTATTACATCCGC,0,2875858
ompRp3,0.06666666666666667,14,14,TACAAAGTAATGTATGGTAC,0,2872149
ompRp3,0.06666666666666667,14,14,TAATGGACGTGGTCTGAGGA,0,2865693
ompRp3,0.06666666666666667,14,14,TAAGCACCCGTCCTAAGGAT,0,2881952
ompRp3,0.06666666666666667,14,14,TAACTCACCTCATTTCATAA,0,2872505
ompRp3,0.06666666666666667,14,14,GTTGTATATGAAGCGTCCGT,0,2890213
ompRp3,0.06666666666666667,14,14,GTTCCACGCTTATCGTGAAC,0,2879289
ompRp3,0.06666666666666667,14,14,GTTCACAGTCGTTCAGACTG,0,2893199
ompRp3,0.06666666666666667,14,14,GTTATCTACGGGATGTGATG,0,2904918
ompRp3,0.06666666666666667,14,14,GTTAACTCTAATTTCTATGG,0,2861066
ompRp3,0.06666666666666667,14,14,GTGTTTCCGCCCTAGTAGGG,0,2883588
ompRp3,0.06666666666666667,14,14,GTGTCCCGAGGTGAACCGCG,0,2874255
ompRp3,0.06666666666666667,14,14,GTGCTCCATTCCACCAGCTA,0,2901971
ompRp3,0.06666666666666667,14,14,GTGCTCATGAAATAAATTTT,0,2898953
ompRp3,0.06666666666666667,14,14,GTGAGGATAACAGAATTGCA,0,2867323
ompRp3,0.06666666666666667,14,14,GTCTTTTGTACGGGAACGTT,0,2884160
ompRp3,0.06666666666666667,14,14,GTCTACGGGCACATACACAA,0,2877221
ompRp3,0.06666666666666667,14,14,GTCTAATGGTTAAGTACACT,0,2869116
ompRp3,0.06666666666666667,14,14,GTCGTCGAAAATTGGATTCT,0,2897588
ompRp3,0.06666666666666667,14,14,GTCCGGTAACGTATAGACCA,0,2881736
ompRp3,0.06666666666666667,14,14,GTCCGAGCGTCCCCGACCTT,0,2879088
ompRp3,0.06666666666666667,14,14,GTCAAGGGCTAGACGGCTGT,0,2868423
ompRp3,0.06666666666666667,14,14,GTATTAGACTGCGTCAATTT,0,2899646
ompRp3,0.06666666666666667,14,14,GTATGAGGGATTGTCTCCAA,0,2872550
ompRp3,0.06666666666666667,14,14,GTATCGACAAATGAGAGGGG,0,2865063
ompRp3,0.06666666666666667,14,14,GTAGATACGCGTACCTAGAG,0,2899555
ompRp3,0.06666666666666667,14,14,GTACTCCCATTTGATTCACG,0,2867622
ompRp3,0.06666666666666667,14,14,GTACGGACCTGGTAGAGCTT,0,2879892
ompRp3,0.06666666666666667,14,14,GTAATGTGAGCGGAACGTTA,0,2901190
ompRp3,0.06666666666666667,14,14,GTAATGGATTTATACGAAAA,0,2863827
ompRp3,0.06666666666666667,14,14,GGGCAGCAAGCTAGGATGTC,0,2876164
ompRp3,0.06666666666666667,14,14,GGGATACATCCGGGTTATAA,0,2901368
ompRp3,0.06666666666666667,14,14,GGCCACTCAGCGGGTTGTAC,0,2894540
ompRp3,0.06666666666666667,14,14,GGCAGAATCCGTGGGGGCGG,0,2891852
ompRp3,0.06666666666666667,14,14,GGCACCACTGGCTCCTGATC,0,2897443
ompRp3,0.06666666666666667,14,14,GGCAACGACGCCGGCGGTCG,0,2904435
ompRp3,0.06666666666666667,14,14,GGACGTCGCGTTCCGTCAAC,0,2884504
ompRp3,0.06666666666666667,14,14,GGACATCACGTATTCAAGCT,0,2876915
ompRp3,0.06666666666666667,14,14,GGAAATATTCATTTTATCGT,0,2873413
ompRp3,0.06666666666666667,14,14,GCTTTGAATCCCCGCTTCGA,0,2862317
ompRp3,0.06666666666666667,14,14,GCTTTAGCTCAGTACGGACG,0,2883157
ompRp3,0.06666666666666667,14,14,GCTTCCCGTCAGTGCGGTGC,0,2878106
ompRp3,0.06666666666666667,14,14,GCTGGTGGACTTCACAAAAT,0,2880412
ompRp3,0.06666666666666667,14,14,GCTATCCGTGTCAAACCGGG,0,2901657
ompRp3,0.06666666666666667,14,14,GCTACACCGTGGCTAGTCCA,0,2898020
ompRp3,0.06666666666666667,14,14,GCGGAGCGTTACGTATGAGA,0,2880103
ompRp3,0.06666666666666667,14,14,GCGCGACCAGCCTTTTGAAA,0,2878329
ompRp3,0.06666666666666667,14,14,GCGAAGTAGAATTATGAAGC,0,2897242
ompRp3,0.06666666666666667,14,14,GCCTTAGTACGTCTGTGTGT,0,2870855
ompRp3,0.06666666666666667,14,14,GCCTGGCCCAGCATCCCAAG,0,2882219
ompRp3,0.06666666666666667,14,14,GCCTAACCGAGTGGGTACCT,0,2879792
ompRp3,0.06666666666666667,14,14,GCCGCGTTTGGGTTCTGGTC,0,2885883
ompRp3,0.06666666666666667,14,14,GCCCGATTGGATAAACGTGT,0,2898818
ompRp3,0.06666666666666667,14,14,GCCCGAAGCAAGGTGCTGCC,0,2894481
ompRp3,0.06666666666666667,14,14,GCAGCTCCGACGAATATTGA,0,2872884
ompRp3,0.06666666666666667,14,14,GCAGATTTGATTGGCGTTGA,0,2861802
ompRp3,0.06666666666666667,14,14,GATTATTTCAGCGTACGGCA,0,2876194
ompRp3,0.06666666666666667,14,14,GATTAGGTTACTAATTGACT,0,2872610
ompRp3,0.06666666666666667,14,14,GATCGTCTGGTTATGACAGA,0,2897160
ompRp3,0.06666666666666667,14,14,GATCGATCTCGGGCAACTAA,0,2880400
ompRp3,0.06666666666666667,14,14,GATCCATCCAGCGCTCGGTC,0,2875271
ompRp3,0.06666666666666667,14,14,GATCAATGACACGATCCATG,0,2878277
ompRp3,0.06666666666666667,14,14,GAGTTATAAAGGTTTAGGAT,0,2891439
ompRp3,0.06666666666666667,14,14,GACGGTGGTCTAATGGGGCA,0,2875325
ompRp3,0.06666666666666667,14,14,GACCGTATGTTAGTTTTTCT,0,2892353
ompRp3,0.06666666666666667,14,14,GACATTACAGAGTACTCATT,0,2885837
ompRp3,0.06666666666666667,14,14,GACAACCACATGTCATCGAC,0,2861565
ompRp3,0.06666666666666667,14,14,GAATGTGAGGCCGGTAAGTT,0,2860841
ompRp3,0.06666666666666667,14,14,GAATGCTGCTGCCTTGAAGA,0,2866786
ompRp3,0.06666666666666667,14,14,GAAGAGGTGCCATATTTAGG,0,2862861
ompRp3,0.06666666666666667,14,14,GAACTGATCATAGAAGGGAG,0,2894353
ompRp3,0.06666666666666667,14,14,GAACTCTCTACCATGCCTCG,0,2873780
ompRp3,0.06666666666666667,14,14,GAAAAGTCAAAAAGTGGAAA,0,2887528
ompRp3,0.06666666666666667,14,14,CTTTAGGATCACAAGGCTAT,0,2894683
ompRp3,0.06666666666666667,14,14,CTTGTGGCTCAGCATTTCGA,0,2907495
ompRp3,0.06666666666666667,14,14,CTTGGGTGCGATTACTGCGT,0,2897099
ompRp3,0.06666666666666667,14,14,CTTGGAGGTGGTTATGTGTT,0,2872897
ompRp3,0.06666666666666667,14,14,CTGGCCTAGGGGGGCATTTA,0,2892593
ompRp3,0.06666666666666667,14,14,CTGCTAGAATTATCTTAGTG,0,2862986
ompRp3,0.06666666666666667,14,14,CTGAGTGCACCGCCTTCTGG,0,2898199
ompRp3,0.06666666666666667,14,14,CTGAGGTCGTTCATCCATCA,0,2864520
ompRp3,0.06666666666666667,14,14,CTCGTACGGAGACGGATGCG,0,2892371
ompRp3,0.06666666666666667,14,14,CTCGCACCGATCGTGTACGG,0,2873920
ompRp3,0.06666666666666667,14,14,CTCCCTCCTTCCGCCACTCT,0,2870034
ompRp3,0.06666666666666667,14,14,CTCATGGATGATCCCACTAA,0,2882698
ompRp3,0.06666666666666667,14,14,CTCAGCTTGGAGTGCGCCGG,0,2900654
ompRp3,0.06666666666666667,14,14,CTCACTCCCTGAGCCGCTTG,0,2903006
ompRp3,0.06666666666666667,14,14,CTCAAGGGTATGTGTGTCGG,0,2890469
ompRp3,0.06666666666666667,14,14,CTAGAAGTCTGATCCTTGCC,0,2870024
ompRp3,0.06666666666666667,14,14,CTAAACTGGGGGCAGCTTCA,0,2881192
ompRp3,0.06666666666666667,14,14,CGTGTCTAGCCAGTCAGATG,0,2898668
ompRp3,0.06666666666666667,14,14,CGTGCTTAGGTGAACGTTCA,0,2887241
ompRp3,0.06666666666666667,14,14,CGTCTCCTCGGGCGGAGATC,0,2863218
ompRp3,0.06666666666666667,14,14,CGTAGCCCATATTGGTAAGT,0,2880874
ompRp3,0.06666666666666667,14,14,CGGTTGGCCTTCTAATGAAC,0,2907384
ompRp3,0.06666666666666667,14,14,CGGTTGATTACGTCAGATAT,0,2877798
ompRp3,0.06666666666666667,14,14,CGGTAGGACCTCGACAAAGT,0,2890809
ompRp3,0.06666666666666667,14,14,CGGGTCCGATAGACTTGGTG,0,2892647
ompRp3,0.06666666666666667,14,14,CGGCTGTCCCGGGGTAAGAG,0,2891956
ompRp3,0.06666666666666667,14,14,CGGCAATGGTAGTCTGAGCC,0,2860897
ompRp3,0.06666666666666667,14,14,CGGATAACAGCTCGTAGGCA,0,2884146
ompRp3,0.06666666666666667,14,14,CGGACATGTTGTCAGAAATT,0,2872663
ompRp3,0.06666666666666667,14,14,CGCTTGTGAGGTGTCCATGG,0,2874439
ompRp3,0.06666666666666667,14,14,CGCTCTACCCGTGATAAGGT,0,2885166
ompRp3,0.06666666666666667,14,14,CGCGGGACCGCCGAACGGGA,0,2902623
ompRp3,0.06666666666666667,14,14,CGCGCGCGCCACATGTCTTT,0,2873472
ompRp3,0.06666666666666667,14,14,CGCCGATGGTGGAAAGGGGA,0,2865116
ompRp3,0.06666666666666667,14,14,CGCAGATAAGGAGGGGGATC,0,2901838
ompRp3,0.06666666666666667,14,14,CGCAATTTCTCCCGGAGGTC,0,2879793
ompRp3,0.06666666666666667,14,14,CGATTTGCGTTATTAGAAGA,0,2880683
ompRp3,0.06666666666666667,14,14,CGATGGCGGTCCAGTGATTC,0,2878323
ompRp3,0.06666666666666667,14,14,CGAGTTAAGCTCTGCAACAT,0,2905477
ompRp3,0.06666666666666667,14,14,CGACTTACACGGCCTCGCGG,0,2871003
ompRp3,0.06666666666666667,14,14,CGACGAAGTCACCCATTCTT,0,2878878
ompRp3,0.06666666666666667,14,14,CGACCAAGATTAATCCGACT,0,2877001
ompRp3,0.06666666666666667,14,14,CGACAGCGCTCCTCCCAGAT,0,2895582
ompRp3,0.06666666666666667,14,14,CCTCGCGAAGGGCTACTTAG,0,2898717
ompRp3,0.06666666666666667,14,14,CCTCCAAATCACTGCGGCAA,0,2893275
ompRp3,0.06666666666666667,14,14,CCTACTTACCTACTGCGCTA,0,2895066
ompRp3,0.06666666666666667,14,14,CCGTGACTATCAGAATAGTA,0,2905783
ompRp3,0.06666666666666667,14,14,CCGTACGCTTAGGTCCATTT,0,2873941
ompRp3,0.06666666666666667,14,14,CCGCGGCATGGCGTCAATGC,0,2888854
ompRp3,0.06666666666666667,14,14,CCGCGGATCCCTGGGGAAGA,0,2905494
ompRp3,0.06666666666666667,14,14,CCGCCACTTATACCTAAAGC,0,2881591
ompRp3,0.06666666666666667,14,14,CCCGGCCGTAAGTAGTACTA,0,2880592
ompRp3,0.06666666666666667,14,14,CCCCCTTTCTTACCACGAAT,0,2863213
ompRp3,0.06666666666666667,14,14,CCCAACGCGCCTCGCTTGCT,0,2887079
ompRp3,0.06666666666666667,14,14,CCAGTACTGCCACGTTTGAC,0,2870009
ompRp3,0.06666666666666667,14,14,CCAGGGTTACCCTCTTAGAC,0,2868018
ompRp3,0.06666666666666667,14,14,CCACCGATGCAATAGGCCGA,0,2886946
ompRp3,0.06666666666666667,14,14,CCACCAGGTCGATCTCCTGG,0,2902910
ompRp3,0.06666666666666667,14,14,CATTTGGCGCATCGCGGGGC,0,2891952
ompRp3,0.06666666666666667,14,14,CATTTGCTGGGCAGACATGT,0,2878688
ompRp3,0.06666666666666667,14,14,CATTGGGCCTGGCTCGCTGA,0,2900380
ompRp3,0.06666666666666667,14,14,CATTCATGCCGTTGGAGTTT,0,2875590
ompRp3,0.06666666666666667,14,14,CATGTGGGTAGCTTTTTGTA,0,2901389
ompRp3,0.06666666666666667,14,14,CATATGCTTTCAGTTCACGA,0,2897685
ompRp3,0.06666666666666667,14,14,CATAGGACCGGTCCAAGTCC,0,2890434
ompRp3,0.06666666666666667,14,14,CATACTATCAGCTTAGCCGA,0,2878301
ompRp3,0.06666666666666667,14,14,CATAAGCTTTTTAATACCCC,0,2890660
ompRp3,0.06666666666666667,14,14,CAGTTCACAGTTGTATACAG,0,2901278
ompRp3,0.06666666666666667,14,14,CAGTGGTCAGTGGTGGAAAT,0,2877180
ompRp3,0.06666666666666667,14,14,CACTTTGAGAACACCGGCCA,0,2901926
ompRp3,0.06666666666666667,14,14,CACTATTTCGCGCAGGAGTG,0,2906841
ompRp3,0.06666666666666667,14,14,CACCATTGGGTCGCAGAATG,0,2907403
ompRp3,0.06666666666666667,14,14,CACCAATCACTCAGCACCAC,0,2905376
ompRp3,0.06666666666666667,14,14,CAATACCGTTAAGACAACCC,0,2880439
ompRp3,0.06666666666666667,14,14,CAATACCCCTCCGAGGCACG,0,2881072
ompRp3,0.06666666666666667,14,14,CAAGACATCCACATAGAGAA,0,2900888
ompRp3,0.06666666666666667,14,14,CAAACAATGGGTCCTCTTTG,0,2871782
ompRp3,0.06666666666666667,14,14,CAAAAGTCGGGGGTCGGAGT,0,2882850
ompRp3,0.06666666666666667,14,14,ATTTCTTAAGGATTATTGAC,0,2900011
ompRp3,0.06666666666666667,14,14,ATTGCGGTCTTACCTTTATT,0,2887180
ompRp3,0.06666666666666667,14,14,ATTCTTGGTGTAGTATCGCC,0,2903033
ompRp3,0.06666666666666667,14,14,ATTCCGTCCTAGAGACTATT,0,2871858
ompRp3,0.06666666666666667,14,14,ATTCATATGTTGCCTTAGTT,0,2870238
ompRp3,0.06666666666666667,14,14,ATTAGACGCGTCGAGTACGT,0,2861877
ompRp3,0.06666666666666667,14,14,ATGGGTAGTCTGTACCGATT,0,2886443
ompRp3,0.06666666666666667,14,14,ATGGAATAGGTTACTGTGCT,0,2895946
ompRp3,0.06666666666666667,14,14,ATCGCTGTACGCTTCGGTGT,0,2860972
ompRp3,0.06666666666666667,14,14,ATCGCCTCGCAGGACAGTTA,0,2885167
ompRp3,0.06666666666666667,14,14,ATCCTTTGACGGTTCAGGGA,0,2878900
ompRp3,0.06666666666666667,14,14,ATCCACTTACTCATGGATAC,0,2864855
ompRp3,0.06666666666666667,14,14,ATATAATGCCCCTAGATGGT,0,2875798
ompRp3,0.06666666666666667,14,14,ATAGAGAGGGGTACATGCAT,0,2900970
ompRp3,0.06666666666666667,14,14,AGTTGGAACTGATCTGAGAA,0,2870121
ompRp3,0.06666666666666667,14,14,AGTTGGAAATCCCCCTCCGT,0,2866311
ompRp3,0.06666666666666667,14,14,AGTTATCGAATAGTGGGTTT,0,2877605
ompRp3,0.06666666666666667,14,14,AGTGTTTTAGTGCTGCTACG,0,2879555
ompRp3,0.06666666666666667,14,14,AGTGTCGAAGCCGGCTTCGT,0,2889337
ompRp3,0.06666666666666667,14,14,AGTCTAACGCCCAGATAATC,0,2872220
ompRp3,0.06666666666666667,14,14,AGTATTCACAGCCACTGAAC,0,2886695
ompRp3,0.06666666666666667,14,14,AGTATCCAAGCCCCTGCCTC,0,2895350
ompRp3,0.06666666666666667,14,14,AGGTCCTGTTGTGGCACCAT,0,2883642
ompRp3,0.06666666666666667,14,14,AGGGTTGTGGGTAAAATAAC,0,2888601
ompRp3,0.06666666666666667,14,14,AGGCACTGTGGGGGTCGCCT,0,2880135
ompRp3,0.06666666666666667,14,14,AGCTCTGCGTGGCACTTTAA,0,2870078
ompRp3,0.06666666666666667,14,14,AGCGCTGTAAGATAGGGGAT,0,2889441
ompRp3,0.06666666666666667,14,14,AGCGCTCGGACTTCCGGCTA,0,2868287
ompRp3,0.06666666666666667,14,14,AGCGCGGCAACAACCCGTGG,0,2873465
ompRp3,0.06666666666666667,14,14,AGCGAAGTGCGCGTGGGAAC,0,2874198
ompRp3,0.06666666666666667,14,14,AGATTGTTCCGCGATCGACT,0,2880309
ompRp3,0.06666666666666667,14,14,AGATGACGTCCATGATTGGC,0,2862566
ompRp3,0.06666666666666667,14,14,AGATCTCTCCTCACGAGCTA,0,2871048
ompRp3,0.06666666666666667,14,14,AGAGATGAGCGGCGCTCAGT,0,2904083
ompRp3,0.06666666666666667,14,14,AGAGAGAGCCAGCCCGCGGT,0,2898424
ompRp3,0.06666666666666667,14,14,AGACCTCCTCTCCAGACGCA,0,2865929
ompRp3,0.06666666666666667,14,14,ACTGTTTACTTCTATGGAAA,0,2878408
ompRp3,0.06666666666666667,14,14,ACTGCTTAACTGCTGTGATG,0,2873321
ompRp3,0.06666666666666667,14,14,ACTGAAAGTTGTTCGGTCCA,0,2886633
ompRp3,0.06666666666666667,14,14,ACTCAAAGACTACGGGGGCT,0,2875614
ompRp3,0.06666666666666667,14,14,ACGTAAGGCAGCCCCTACTT,0,2874764
ompRp3,0.06666666666666667,14,14,ACGGTTATGGATATAGCTCT,0,2879293
ompRp3,0.06666666666666667,14,14,ACGGGAGGAGAAAAAGTTGG,0,2868751
ompRp3,0.06666666666666667,14,14,ACGGAGACGAATTATTTTTC,0,2882696
ompRp3,0.06666666666666667,14,14,ACCGTATTGGGGTTGTGTCG,0,2899158
ompRp3,0.06666666666666667,14,14,ACCGCTCAAAGAGGGGAAGG,0,2891576
ompRp3,0.06666666666666667,14,14,ACCCAGTATCGTAAGGCTTG,0,2869349
ompRp3,0.06666666666666667,14,14,ACCAAAAGGTAACATCGCAG,0,2863390
ompRp3,0.06666666666666667,14,14,ACATCCCGGGTACCCGGACG,0,2874090
ompRp3,0.06666666666666667,14,14,ACACGCGCCGGAGTCATAGT,0,2873015
ompRp3,0.06666666666666667,14,14,AATTTGGTTTGAGTAGGTCA,0,2881287
ompRp3,0.06666666666666667,14,14,AATTGCTGATACACAGAAGT,0,2878295
ompRp3,0.06666666666666667,14,14,AATTCCGTCCCGGTCAAAGA,0,2865962
ompRp3,0.06666666666666667,14,14,AATGAGTACTCGCTTCATGA,0,2897087
ompRp3,0.06666666666666667,14,14,AATCGACACCATGGTAGTTG,0,2898722
ompRp3,0.06666666666666667,14,14,AATCAGTCTCACAGCCGCGC,0,2884812
ompRp3,0.06666666666666667,14,14,AATCAAGACTCCAAAATTCG,0,2904010
ompRp3,0.06666666666666667,14,14,AATATTTGTAGCTGGAAACC,0,2892462
ompRp3,0.06666666666666667,14,14,AATAAGGCAGGATGCCGGAG,0,2892251
ompRp3,0.06666666666666667,14,14,AAGTTGGAGCTCGTTTCTCG,0,2880488
ompRp3,0.06666666666666667,14,14,AAGTTCGTTACGGTGACATG,0,2892137
ompRp3,0.06666666666666667,14,14,AAGTGATGGACTGCGTCTTT,0,2895627
ompRp3,0.06666666666666667,14,14,AAGTATCGCGGTGTGGGCGC,0,2881242
ompRp3,0.06666666666666667,14,14,AAGGCTTGTGGGTGCCAGTG,0,2875662
ompRp3,0.06666666666666667,14,14,AAGGAATATGTTGCAACAGT,0,2870609
ompRp3,0.06666666666666667,14,14,AAGCATGGCGGCCACAGTCG,0,2883865
ompRp3,0.06666666666666667,14,14,AAGATTTAAGTGGACATGTT,0,2901101
ompRp3,0.06666666666666667,14,14,AAGAGTGAGTCACCATCATG,0,2870647
ompRp3,0.06666666666666667,14,14,AACTGGGGGCCGTTGCCGGG,0,2867679
ompRp3,0.06666666666666667,14,14,AACGTATTGCACGTTCAAGG,0,2875361
ompRp3,0.06666666666666667,14,14,AACGGTTTTAAACACAGAGG,0,2876172
ompRp3,0.06666666666666667,14,14,AACGCTATGAGTGAGGGTTA,0,2862029
ompRp3,0.06666666666666667,14,14,AACATACCCACCCCGGGGGT,0,2896812
ompRp3,0.06666666666666667,14,14,AACACGTATATAGGGCCGGG,0,2888723
ompRp3,0.06666666666666667,14,14,AAATTTACGTTTTGGTGGAT,0,2870507
ompRp3,0.06666666666666667,14,14,AAATCATTTGTCTACTCCTA,0,2881088
ompRp3,0.06666666666666667,14,14,AAATAATGTCTGAAGTCTCA,0,2872084
ompRp3,0.06666666666666667,14,14,AAAGCACAGCATTCGCCGAC,0,2900565
ompRp3,0.06666666666666667,14,14,AAAGACCGCTCCACGGCACA,0,2863403
ompRp3,0.07142857142857142,13,13,TTTTAGTATCATATGTACAG,0,2899262
ompRp3,0.07142857142857142,13,13,TTTGTGCAGGTCGCATATAT,0,2894093
ompRp3,0.07142857142857142,13,13,TTTCTTACCCTGTTCAGCAG,0,2876015
ompRp3,0.07142857142857142,13,13,TTTCATCGAATGAGAAACAG,0,2861812
ompRp3,0.07142857142857142,13,13,TTTCAAGTGGGTTACTGACC,0,2899113
ompRp3,0.07142857142857142,13,13,TTTAGAAATGCAGGTGCACA,0,2867829
ompRp3,0.07142857142857142,13,13,TTTACGTGCTTAACCTGACA,0,2868304
ompRp3,0.07142857142857142,13,13,TTTAACTTAGAAACACGTGG,0,2898669
ompRp3,0.07142857142857142,13,13,TTGTGCGCGCCGGCCACGTA,0,2907543
ompRp3,0.07142857142857142,13,13,TTGTCCAGAATGTATCGCGC,0,2876566
ompRp3,0.07142857142857142,13,13,TTGGCCGGCTGATTTACTCA,0,2907504
ompRp3,0.07142857142857142,13,13,TTGGCAAGCCACTGGCATGC,0,2889731
ompRp3,0.07142857142857142,13,13,TTGGAAGGTCTGATTCCAAA,0,2893678
ompRp3,0.07142857142857142,13,13,TTGCCTGGGGCTGCTTCATA,0,2871185
ompRp3,0.07142857142857142,13,13,TTGCAGTACACGTTGCGTCA,0,2906171
ompRp3,0.07142857142857142,13,13,TTCGTCTACGTCTCCTACAC,0,2900971
ompRp3,0.07142857142857142,13,13,TTCCCAGGCGTACGGTTGGT,0,2885912
ompRp3,0.07142857142857142,13,13,TTCATGAATGGCTTGGTCAT,0,2904865
ompRp3,0.07142857142857142,13,13,TTCAATCTTAGATGCAGCAT,0,2866694
ompRp3,0.07142857142857142,13,13,TTCAACTGTCGGTGAGTCGT,0,2901218
ompRp3,0.07142857142857142,13,13,TTATAGGACTCTTTCGTCTT,0,2870816
ompRp3,0.07142857142857142,13,13,TTATACGGCGCTAAGCGTGA,0,2895462
ompRp3,0.07142857142857142,13,13,TTACCCAAGTATGGGAGAAT,0,2866766
ompRp3,0.07142857142857142,13,13,TTACCAGTTCTCCACGTTAC,0,2888704
ompRp3,0.07142857142857142,13,13,TTAAGGTCTATGGCTCAAAC,0,2869111
ompRp3,0.07142857142857142,13,13,TGTTCAACTTAGGAACACCA,0,2879966
ompRp3,0.07142857142857142,13,13,TGTTATCGAGAATAGTTGAA,0,2891698
ompRp3,0.07142857142857142,13,13,TGTTAATGTGTGATAACCTA,0,2886584
ompRp3,0.07142857142857142,13,13,TGTGTCAGAGTTGCTGTTTA,0,2860927
ompRp3,0.07142857142857142,13,13,TGTGCGGTCCAGATCGTCCT,0,2887793
ompRp3,0.07142857142857142,13,13,TGTCTATACTTATCATGCCT,0,2871644
ompRp3,0.07142857142857142,13,13,TGTCCAACCTGACTCACAGC,0,2900384
ompRp3,0.07142857142857142,13,13,TGTCAACCGCTTCAAGAAAG,0,2870168
ompRp3,0.07142857142857142,13,13,TGGTACCTACAGAGTTAGGA,0,2865301
ompRp3,0.07142857142857142,13,13,TGGGCGGGCTACGGGTTCAA,0,2867963
ompRp3,0.07142857142857142,13,13,TGGGCAGTGGACTAGGTTTA,0,2868436
ompRp3,0.07142857142857142,13,13,TGGCTCGCTGAAGCGCACAG,0,2869151
ompRp3,0.07142857142857142,13,13,TGGATTGTTTCCACTACCGA,0,2880641
ompRp3,0.07142857142857142,13,13,TGGATACGCGCGATTATCGA,0,2895280
ompRp3,0.07142857142857142,13,13,TGCTAGAGCCAGTGATATTA,0,2867639
ompRp3,0.07142857142857142,13,13,TGCGCTACATGAGCCACCAG,0,2881691
ompRp3,0.07142857142857142,13,13,TGCCCAGGATCATTAGTTGA,0,2883964
ompRp3,0.07142857142857142,13,13,TGCCAATAATCGCATGGCAT,0,2871620
ompRp3,0.07142857142857142,13,13,TGCAGAACTCCCAGCATATG,0,2884177
ompRp3,0.07142857142857142,13,13,TGATCGGACACCGACTGAAA,0,2879840
ompRp3,0.07142857142857142,13,13,TGAGCATGGGCAATTGCCGT,0,2902498
ompRp3,0.07142857142857142,13,13,TGACCAAGCCCTGGGGGAGC,0,2866370
ompRp3,0.07142857142857142,13,13,TGAACCTCGAAGGCATCAGG,0,2893653
ompRp3,0.07142857142857142,13,13,TGAACACCGAAACCAATTAT,0,2861749
ompRp3,0.07142857142857142,13,13,TGAAAGTTTCACCCTGGCAT,0,2882821
ompRp3,0.07142857142857142,13,13,TGAAAGGGTGTATTGTGGAC,0,2870663
ompRp3,0.07142857142857142,13,13,TCTTGGCATCCCCTTTTATT,0,2892959
ompRp3,0.07142857142857142,13,13,TCTTGCGGACCTTTAAACGC,0,2885937
ompRp3,0.07142857142857142,13,13,TCTGTTGTGATATTTTCGGT,0,2892314
ompRp3,0.07142857142857142,13,13,TCTGGCATTCATGGGGGTTC,0,2866518
ompRp3,0.07142857142857142,13,13,TCTGGATCAAGGAAAGAGAC,0,2864445
ompRp3,0.07142857142857142,13,13,TCGTTCTACTCTGAGCCGTC,0,2877528
ompRp3,0.07142857142857142,13,13,TCGTTAGCCTAGGAGAGGGA,0,2888517
ompRp3,0.07142857142857142,13,13,TCGTCTTCTCCGGCGGTGAC,0,2874317
ompRp3,0.07142857142857142,13,13,TCGCGTTTGAATGTGGTGAA,0,2874113
ompRp3,0.07142857142857142,13,13,TCGCGGCGTCCGCCAGGGGG,0,2878332
ompRp3,0.07142857142857142,13,13,TCGACCAAGATACTAAGCAA,0,2894513
ompRp3,0.07142857142857142,13,13,TCCTCCTGGAGTGTCACTCG,0,2878815
ompRp3,0.07142857142857142,13,13,TCAGGTGTACTCCGCGGTGC,0,2905572
ompRp3,0.07142857142857142,13,13,TCAAGTGGGTAATTAATAAT,0,2893144
ompRp3,0.07142857142857142,13,13,TATTGTTTCTCAGCTAAGTA,0,2862671
ompRp3,0.07142857142857142,13,13,TATGCATATGTATGTGAACT,0,2902084
ompRp3,0.07142857142857142,13,13,TATCCAACATTCGCGGGGCT,0,2874079
ompRp3,0.07142857142857142,13,13,TATAAGGGGTAAAGCGTCCT,0,2889268
ompRp3,0.07142857142857142,13,13,TATAAGGCCCTCCCTTCGGA,0,2882868
ompRp3,0.07142857142857142,13,13,TATAACGCGGTCAGGATTTT,0,2868121
ompRp3,0.07142857142857142,13,13,TAGGGTTACCTCTGCCTAAC,0,2904729
ompRp3,0.07142857142857142,13,13,TAGGGCTCTGAGCCAGTACA,0,2881820
ompRp3,0.07142857142857142,13,13,TAGCAATAATAAGTTTCTGG,0,2871805
ompRp3,0.07142857142857142,13,13,TAGAAACTTCCCTTGATCGA,0,2881854
ompRp3,0.07142857142857142,13,13,TACTCACAAGGTGCCTATCC,0,2866189
ompRp3,0.07142857142857142,13,13,TACTACGCATTGTAATGCTT,0,2889964
ompRp3,0.07142857142857142,13,13,TACCTGGAGGGTACGTCCAG,0,2895439
ompRp3,0.07142857142857142,13,13,TACCGTTAGGCTTCCGGACG,0,2881019
ompRp3,0.07142857142857142,13,13,TACCGGCTTCTAGATGTCCT,0,2871543
ompRp3,0.07142857142857142,13,13,TACATGTTCTTTCAAGGTCT,0,2904864
ompRp3,0.07142857142857142,13,13,TAATCATGATACCTTTTTTA,0,2901942
ompRp3,0.07142857142857142,13,13,TAAGTCCTGCCTGTAAATTC,0,2890588
ompRp3,0.07142857142857142,13,13,TAAGTATTGGATGAAGCCAT,0,2887390
ompRp3,0.07142857142857142,13,13,GTTTATGACATATTCCGCGC,0,2872507
ompRp3,0.07142857142857142,13,13,GTTGGCATCCCGGATTGGCA,0,2893537
ompRp3,0.07142857142857142,13,13,GTTCCTGAGCCAAGGACACA,0,2869304
ompRp3,0.07142857142857142,13,13,GTTATTGCGGGACCCTGATA,0,2900294
ompRp3,0.07142857142857142,13,13,GTGTCGCAAATCATTCGGAC,0,2894560
ompRp3,0.07142857142857142,13,13,GTGGCCGAAAAGCGGGAAAC,0,2906818
ompRp3,0.07142857142857142,13,13,GTGACGTGTTGAGTCAATGA,0,2894527
ompRp3,0.07142857142857142,13,13,GTGACACACCCACAGGAGGA,0,2884229
ompRp3,0.07142857142857142,13,13,GTGAAGAAAGTTTAGGAATG,0,2882904
ompRp3,0.07142857142857142,13,13,GTCTTAGTCAAGAAACCCTT,0,2879635
ompRp3,0.07142857142857142,13,13,GTCGTTCCAATAGCCATCGC,0,2869642
ompRp3,0.07142857142857142,13,13,GTCGTGCGATGGAGGGCATC,0,2904242
ompRp3,0.07142857142857142,13,13,GTCGGTAAGTTCTATTACAT,0,2878449
ompRp3,0.07142857142857142,13,13,GTCGCGGCGTGCGACTGGTA,0,2883966
ompRp3,0.07142857142857142,13,13,GTCCCCAAAGCCATTTACAA,0,2891827
ompRp3,0.07142857142857142,13,13,GTCCAGTTACGGTTTGAAGA,0,2876019
ompRp3,0.07142857142857142,13,13,GTCACTTGATTGGATGAGCA,0,2877871
ompRp3,0.07142857142857142,13,13,GTCAAAGTTTTTTGGCACAT,0,2899163
ompRp3,0.07142857142857142,13,13,GTATGACTGCGAGGCGGACA,0,2878230
ompRp3,0.07142857142857142,13,13,GTACAACTGCGACTGAGATC,0,2877951
ompRp3,0.07142857142857142,13,13,GGTTGAGGGATAAACTAGCT,0,2863915
ompRp3,0.07142857142857142,13,13,GGTTATTGCAACGCTGGTAC,0,2885988
ompRp3,0.07142857142857142,13,13,GGTGCTAATTCACAGTTGCA,0,2871434
ompRp3,0.07142857142857142,13,13,GGTACTGACAATTCGAAAGT,0,2862889
ompRp3,0.07142857142857142,13,13,GGTACAGTAAAGCTCAACTA,0,2883046
ompRp3,0.07142857142857142,13,13,GGGTTCGGTTTTATTACACT,0,2879230
ompRp3,0.07142857142857142,13,13,GGGTGACCGGACGGGTCTGT,0,2897052
ompRp3,0.07142857142857142,13,13,GGGTCCGAGCTTTCCGTGAA,0,2875955
ompRp3,0.07142857142857142,13,13,GGGGTGATCATGTCACATCA,0,2868818
ompRp3,0.07142857142857142,13,13,GGGGCTACCGCGCTGCCGTA,0,2899412
ompRp3,0.07142857142857142,13,13,GGGGCGCGGTGTTTCATCAC,0,2903727
ompRp3,0.07142857142857142,13,13,GGGGATCTTCCGTTCCGGCC,0,2893706
ompRp3,0.07142857142857142,13,13,GGGCTATATATTTCACCTGC,0,2888177
ompRp3,0.07142857142857142,13,13,GGGCATCACCTGAAATATAT,0,2871044
ompRp3,0.07142857142857142,13,13,GGGATTGAATATGCAGATGT,0,2888100
ompRp3,0.07142857142857142,13,13,GGGAGGTAGATCGTCGGGTG,0,2865388
ompRp3,0.07142857142857142,13,13,GGCGTACCTTTCAGGGGGAT,0,2905344
ompRp3,0.07142857142857142,13,13,GGCCTACATATCCTTCAAAT,0,2898438
ompRp3,0.07142857142857142,13,13,GGCAGACTTGTTATGACATC,0,2873770
ompRp3,0.07142857142857142,13,13,GGCAAGCTTTGGAGAGCGCT,0,2892111
ompRp3,0.07142857142857142,13,13,GGCAACCATTATGGTAAGTA,0,2867566
ompRp3,0.07142857142857142,13,13,GGATGTGGCTTAGGAATTTG,0,2907669
ompRp3,0.07142857142857142,13,13,GGAGGCGATGCTGCCAGGTA,0,2900241
ompRp3,0.07142857142857142,13,13,GGACAAGTGGCGGTTGTTTC,0,2872452
ompRp3,0.07142857142857142,13,13,GGAACTGGTTACCCGTTGAC,0,2866043
ompRp3,0.07142857142857142,13,13,GCTTCCATGCATTACCCGCT,0,2880639
ompRp3,0.07142857142857142,13,13,GCTTCATGAGACTATTCGGA,0,2878420
ompRp3,0.07142857142857142,13,13,GCTCAGGTAATAGTGCAAAA,0,2865933
ompRp3,0.07142857142857142,13,13,GCGTTGCCAATCATCCCACG,0,2883831
ompRp3,0.07142857142857142,13,13,GCGGGATCTCCGCACGCCTA,0,2876289
ompRp3,0.07142857142857142,13,13,GCGGCAATAATTGGTCTACC,0,2864359
ompRp3,0.07142857142857142,13,13,GCGCATTATCACCGGGCGCT,0,2904527
ompRp3,0.07142857142857142,13,13,GCGCACCCAGGTAGCTTGTA,0,2892586
ompRp3,0.07142857142857142,13,13,GCGATTGCACGATTTCGCTA,0,2870949
ompRp3,0.07142857142857142,13,13,GCGACGGAAATGACACTTCG,0,2870588
ompRp3,0.07142857142857142,13,13,GCGAAGAGTTAGTTGGAGTT,0,2901860
ompRp3,0.07142857142857142,13,13,GCGAAGAGGATCCCAGGTTA,0,2886092
ompRp3,0.07142857142857142,13,13,GCCGTAGGATGGTGAAACTT,0,2879004
ompRp3,0.07142857142857142,13,13,GCCCGTGCGTGTGATCATTT,0,2867177
ompRp3,0.07142857142857142,13,13,GCCATGCCTGCACTGTCGTG,0,2862678
ompRp3,0.07142857142857142,13,13,GCCAGCAGGTGTCGAATACG,0,2902433
ompRp3,0.07142857142857142,13,13,GCACGTCAGCTACCATTCAG,0,2901395
ompRp3,0.07142857142857142,13,13,GCACGCTCCGGCTCGCGCCG,0,2903582
ompRp3,0.07142857142857142,13,13,GCACATATCCCGAATGACGG,0,2878325
ompRp3,0.07142857142857142,13,13,GCAAAGACTCGTCGCTGACT,0,2872152
ompRp3,0.07142857142857142,13,13,GATTTCAGCAATATAACTCA,0,2873512
ompRp3,0.07142857142857142,13,13,GATTATTTGAATCTTACAGG,0,2873741
ompRp3,0.07142857142857142,13,13,GATTAGCGCCGGTGAGACCA,0,2872561
ompRp3,0.07142857142857142,13,13,GATGTAGGCTCTCGTCAATA,0,2869420
ompRp3,0.07142857142857142,13,13,GATCCGGGAGAAGTTCCTTC,0,2880806
ompRp3,0.07142857142857142,13,13,GATATGTCGACGCTACATTG,0,2882592
ompRp3,0.07142857142857142,13,13,GATATAATACTTATTAAATC,0,2881605
ompRp3,0.07142857142857142,13,13,GAGTGTGAGCATCTGAGTGG,0,2866987
ompRp3,0.07142857142857142,13,13,GAGTCGCTGCTGAACCACTG,0,2895806
ompRp3,0.07142857142857142,13,13,GAGCTAGGGTGGTTGATCGC,0,2882593
ompRp3,0.07142857142857142,13,13,GAGAGCGATGTAGACGCCGC,0,2874953
ompRp3,0.07142857142857142,13,13,GAGAAGGATCGTCATTGTCT,0,2904717
ompRp3,0.07142857142857142,13,13,GAGAACGCGTCTGAACACAC,0,2905394
ompRp3,0.07142857142857142,13,13,GACTCGTAAACTTGGACTAG,0,2896761
ompRp3,0.07142857142857142,13,13,GACGTGCGTCCAGTCCCGGT,0,2866400
ompRp3,0.07142857142857142,13,13,GACCTGGACCTGCGCACAAC,0,2870439
ompRp3,0.07142857142857142,13,13,GACCGTAGCGATGTCCCTAT,0,2873107
ompRp3,0.07142857142857142,13,13,GACAACGCATTGGAGCAACA,0,2889552
ompRp3,0.07142857142857142,13,13,GACAAAGCATCTGGGAGGTC,0,2902820
ompRp3,0.07142857142857142,13,13,GAAGAAAGATACTTAACTTG,0,2902816
ompRp3,0.07142857142857142,13,13,GAACGGGCGTCAAATGGCGA,0,2877039
ompRp3,0.07142857142857142,13,13,GAAAGGAGTGCGGAGACATG,0,2871654
ompRp3,0.07142857142857142,13,13,GAAAGCAGGACTCTAAAACG,0,2896487
ompRp3,0.07142857142857142,13,13,CTTTTGGACCCCTCGCGCGC,0,2887720
ompRp3,0.07142857142857142,13,13,CTTGGCGAGCTGCGTCGGTG,0,2878044
ompRp3,0.07142857142857142,13,13,CTTGGCCACCGGTGGATCGT,0,2879527
ompRp3,0.07142857142857142,13,13,CTTCGGACCGCCGCCACCGC,0,2902925
ompRp3,0.07142857142857142,13,13,CTTCAGCGTAGTCTACGTTT,0,2881140
ompRp3,0.07142857142857142,13,13,CTTATGTATCGGCGTGGCGT,0,2886944
ompRp3,0.07142857142857142,13,13,CTGGTCTCGCACGGGTGCGG,0,2887634
ompRp3,0.07142857142857142,13,13,CTGGTCGTAGCTTACTACCA,0,2872077
ompRp3,0.07142857142857142,13,13,CTGCCACGAAGATTAAGGTC,0,2889802
ompRp3,0.07142857142857142,13,13,CTGATCGGATCAAGTGGTAT,0,2883717
ompRp3,0.07142857142857142,13,13,CTCTCTTGACCAATAGGATT,0,2901106
ompRp3,0.07142857142857142,13,13,CTCTCCGATTATCCGGACTT,0,2875860
ompRp3,0.07142857142857142,13,13,CTCTCAGCGTCACGAATGTC,0,2900498
ompRp3,0.07142857142857142,13,13,CTCGGTCCACGCGGTCTAGA,0,2880601
ompRp3,0.07142857142857142,13,13,CTCGATTCAAACATCGTCAC,0,2863966
ompRp3,0.07142857142857142,13,13,CTCATGTCGTAGACTAGAAT,0,2876370
ompRp3,0.07142857142857142,13,13,CTATATGCATACCGCTGGTC,0,2892676
ompRp3,0.07142857142857142,13,13,CTATACAATTATGAAGAGCC,0,2906265
ompRp3,0.07142857142857142,13,13,CTATAAACGGTACTTCAACC,0,2868945
ompRp3,0.07142857142857142,13,13,CTAGGAGACAGTCTAGGCAT,0,2882311
ompRp3,0.07142857142857142,13,13,CTACTATATACGAGGCTGCA,0,2900000
ompRp3,0.07142857142857142,13,13,CTACGCTATGCCTAGGTTTA,0,2880073
ompRp3,0.07142857142857142,13,13,CTACGCAGGTCCATATTTAC,0,2877224
ompRp3,0.07142857142857142,13,13,CTACGAAACGGACAACTTCT,0,2894604
ompRp3,0.07142857142857142,13,13,CTACATTCACTCGTCGAGGG,0,2874555
ompRp3,0.07142857142857142,13,13,CGTTACGACTTTCCGGCTTC,0,2871219
ompRp3,0.07142857142857142,13,13,CGTGGTGGTCTCGCATGGGG,0,2874159
ompRp3,0.07142857142857142,13,13,CGGTGTTTGTCGTTATCTTT,0,2881953
ompRp3,0.07142857142857142,13,13,CGGTATGACCGACGTGTTTG,0,2879604
ompRp3,0.07142857142857142,13,13,CGGTAGGGGACTATTGTCCT,0,2873636
ompRp3,0.07142857142857142,13,13,CGGGTGGCCTCAATGGTGGC,0,2879442
ompRp3,0.07142857142857142,13,13,CGGGCATAAGAGAAATCTTA,0,2892734
ompRp3,0.07142857142857142,13,13,CGGGATAGGATCCCCAAAGA,0,2877730
ompRp3,0.07142857142857142,13,13,CGGCCTATCTCAGAGCTAAA,0,2871388
ompRp3,0.07142857142857142,13,13,CGGCCCATGGCGGTTGCGTC,0,2896851
ompRp3,0.07142857142857142,13,13,CGGATTTCGACGCGTACTTT,0,2904262
ompRp3,0.07142857142857142,13,13,CGGACTTTTTAGTCTGAGAT,0,2861526
ompRp3,0.07142857142857142,13,13,CGCTTGCTGAACGGGGAGTC,0,2904667
ompRp3,0.07142857142857142,13,13,CGCTGTGTATGCTCCTGGTG,0,2866419
ompRp3,0.07142857142857142,13,13,CGCTGGGGCCACCCAACAGA,0,2894136
ompRp3,0.07142857142857142,13,13,CGCTCTGTCTGCAACCTGTC,0,2905877
ompRp3,0.07142857142857142,13,13,CGCGTCGCTGCAAAAAGAGC,0,2872548
ompRp3,0.07142857142857142,13,13,CGCGGAGTGTAGTTACATCT,0,2865617
ompRp3,0.07142857142857142,13,13,CGCGCCTAGTCTGCACCTTT,0,2867130
ompRp3,0.07142857142857142,13,13,CGCCCCGTTATGCAACTGTT,0,2900064
ompRp3,0.07142857142857142,13,13,CGCCCCGACATGATTTAGCA,0,2880643
ompRp3,0.07142857142857142,13,13,CGCATCAGAGCAGATAATTC,0,2880283
ompRp3,0.07142857142857142,13,13,CGCACCAGTGTAATACTAAC,0,2879595
ompRp3,0.07142857142857142,13,13,CGCAACTGCTTCGTCATAAT,0,2865487
ompRp3,0.07142857142857142,13,13,CGATTGAACCTGATCAGCAT,0,2880986
ompRp3,0.07142857142857142,13,13,CGACTACTTAGGTTCGTTGT,0,2895288
ompRp3,0.07142857142857142,13,13,CGAATTGACTGCGGAGCCTT,0,2905931
ompRp3,0.07142857142857142,13,13,CCTTGCGCTATCTCCGTTCA,0,2893683
ompRp3,0.07142857142857142,13,13,CCTGTATGCACTACATTAAC,0,2868572
ompRp3,0.07142857142857142,13,13,CCTGTAAGTCCCAACCGCGG,0,2892196
ompRp3,0.07142857142857142,13,13,CCTGACTTTGCGCAAAGCCA,0,2887883
ompRp3,0.07142857142857142,13,13,CCTGACTTACAGCTCATTCG,0,2863590
ompRp3,0.07142857142857142,13,13,CCTCCAATGATGGAACTTAA,0,2882192
ompRp3,0.07142857142857142,13,13,CCGTTTTCGGGGAACCTCCC,0,2894110
ompRp3,0.07142857142857142,13,13,CCGTGTCGGCCACGAACAAT,0,2903698
ompRp3,0.07142857142857142,13,13,CCGTGCCGTGGACTGTATTC,0,2880753
ompRp3,0.07142857142857142,13,13,CCGTAGCACCGGCACAAGCT,0,2870112
ompRp3,0.07142857142857142,13,13,CCGGGGATCGATTAACGACC,0,2866335
ompRp3,0.07142857142857142,13,13,CCGGAGGCTCAGGGGTCATT,0,2897667
ompRp3,0.07142857142857142,13,13,CCGCTGGCCGTCTGAGATTG,0,2901149
ompRp3,0.07142857142857142,13,13,CCGCTCACTCATTAATCAAT,0,2894071
ompRp3,0.07142857142857142,13,13,CCGCGTCCGATCGGTGCGAC,0,2867920
ompRp3,0.07142857142857142,13,13,CCGCCCCTGTTGACGGGTTG,0,2889473
ompRp3,0.07142857142857142,13,13,CCGCATACTTACACCTGGGA,0,2889893
ompRp3,0.07142857142857142,13,13,CCGCAAATTACGCAACAATG,0,2901613
ompRp3,0.07142857142857142,13,13,CCGATGATATCCGAAGGTAC,0,2880469
ompRp3,0.07142857142857142,13,13,CCGAGTCCAGGTGATGGCGA,0,2905852
ompRp3,0.07142857142857142,13,13,CCGAGACTTGTACCGGCGTA,0,2897455
ompRp3,0.07142857142857142,13,13,CCGAACTTTTGTGAAAGCAA,0,2861650
ompRp3,0.07142857142857142,13,13,CCCCGATGGAAAGACTAACA,0,2884672
ompRp3,0.07142857142857142,13,13,CCCCACGGTGGCGATACCCA,0,2899533
ompRp3,0.07142857142857142,13,13,CCAGGCCTGCAAGCCCTAAA,0,2869207
ompRp3,0.07142857142857142,13,13,CCAGGATGTCCTTACTCTGA,0,2893895
ompRp3,0.07142857142857142,13,13,CCAGCCGATCCCAGTGGCGA,0,2861467
ompRp3,0.07142857142857142,13,13,CCAGATGGAAGTAACTCCAT,0,2900796
ompRp3,0.07142857142857142,13,13,CCACTTTCCGATCGTTGGCA,0,2903601
ompRp3,0.07142857142857142,13,13,CCACGACTACTTTTTTGTTT,0,2867090
ompRp3,0.07142857142857142,13,13,CCACCCCAGATATATTAGGG,0,2906427
ompRp3,0.07142857142857142,13,13,CCACATTCGGATTTTTGTAT,0,2899630
ompRp3,0.07142857142857142,13,13,CCAAGTACGTTGTCAGCTAG,0,2884225
ompRp3,0.07142857142857142,13,13,CATTCCAAAACAGGTCTACA,0,2907130
ompRp3,0.07142857142857142,13,13,CATTCAGGGCTCTAACAGAC,0,2907584
ompRp3,0.07142857142857142,13,13,CATGTCTAACCCGCTTTTGG,0,2900168
ompRp3,0.07142857142857142,13,13,CATGCACTCGACGACAGGCT,0,2871458
ompRp3,0.07142857142857142,13,13,CATCGGGGACATGATCTATG,0,2883085
ompRp3,0.07142857142857142,13,13,CATACGAGAATATTTTTGAT,0,2901356
ompRp3,0.07142857142857142,13,13,CAGTTTAACTGCGTTGGAAG,0,2882820
ompRp3,0.07142857142857142,13,13,CAGTCTTTAACGGGCTATCA,0,2866247
ompRp3,0.07142857142857142,13,13,CAGTCCCTATTGGTAAATTT,0,2890446
ompRp3,0.07142857142857142,13,13,CAGTCACCGTCAATTCGTGA,0,2870162
ompRp3,0.07142857142857142,13,13,CAGGCGCGTCGAATACCCAG,0,2905415
ompRp3,0.07142857142857142,13,13,CAGGATTGGAGTCGCACAAA,0,2890875
ompRp3,0.07142857142857142,13,13,CAGCTGTGACTCTTATCAAT,0,2903622
ompRp3,0.07142857142857142,13,13,CAGATGTTTGGACATCAAAT,0,2888985
ompRp3,0.07142857142857142,13,13,CACTGACTTACGGATCTGAA,0,2905485
ompRp3,0.07142857142857142,13,13,CACGTGTTTTTGTACAGTAT,0,2894537
ompRp3,0.07142857142857142,13,13,CACGTATCGGTCAGATTCGG,0,2903251
ompRp3,0.07142857142857142,13,13,CACGCCTACACTCGATACAT,0,2905949
ompRp3,0.07142857142857142,13,13,CACGAACACTGCACGGACAT,0,2896423
ompRp3,0.07142857142857142,13,13,CACCTACTAGTGGTATAAGG,0,2877507
ompRp3,0.07142857142857142,13,13,CACAGTTGTTAAAGAGCAAA,0,2901198
ompRp3,0.07142857142857142,13,13,CACACGCTATCCTTCTTCGA,0,2868754
ompRp3,0.07142857142857142,13,13,CAAGTCAGGCTCGACTGGGG,0,2861937
ompRp3,0.07142857142857142,13,13,CAACTGGGAGGCTATATACG,0,2879571
ompRp3,0.07142857142857142,13,13,CAACGCGGGTCATGTGCTTA,0,2899268
ompRp3,0.07142857142857142,13,13,CAACAGTGCGGACATCTTAA,0,2876911
ompRp3,0.07142857142857142,13,13,CAACAGCAGAGTGTAGCAAT,0,2874469
ompRp3,0.07142857142857142,13,13,CAAACAGCGGCGGATGCGAT,0,2884590
ompRp3,0.07142857142857142,13,13,ATTTACGGGTAACATGCGCC,0,2903914
ompRp3,0.07142857142857142,13,13,ATTGGCCCGGCCTAATTAAG,0,2892426
ompRp3,0.07142857142857142,13,13,ATTCTGCATATGATCACAGA,0,2884378
ompRp3,0.07142857142857142,13,13,ATTACGGAGGGCAGTGATTG,0,2865274
ompRp3,0.07142857142857142,13,13,ATTACAAATTAGTCTCTCGG,0,2871374
ompRp3,0.07142857142857142,13,13,ATTAAACAATGGGAGAACCA,0,2875491
ompRp3,0.07142857142857142,13,13,ATGTGCACCGCTTATTTTCA,0,2901322
ompRp3,0.07142857142857142,13,13,ATGTGAGGTGACGGGTTAGG,0,2897825
ompRp3,0.07142857142857142,13,13,ATGTCATGGGTTGGGCTAAG,0,2903700
ompRp3,0.07142857142857142,13,13,ATGCTCATCCACGAGGTTCC,0,2889598
ompRp3,0.07142857142857142,13,13,ATGCGCATATGCCAATCCTT,0,2882682
ompRp3,0.07142857142857142,13,13,ATGCGATCCTCCCTGCGCGA,0,2885768
ompRp3,0.07142857142857142,13,13,ATGATCCGTTGCGAGTAGGT,0,2881375
ompRp3,0.07142857142857142,13,13,ATCAGTGTCTGGGACCCTAG,0,2888735
ompRp3,0.07142857142857142,13,13,ATCAGTGCTAGAGCCATTCT,0,2872827
ompRp3,0.07142857142857142,13,13,ATATTGTCCCGGTCTGCAAG,0,2867243
ompRp3,0.07142857142857142,13,13,ATATGGGAGCGTTCACTGAT,0,2881704
ompRp3,0.07142857142857142,13,13,ATATACCGGGTTCGCCTAGA,0,2885785
ompRp3,0.07142857142857142,13,13,ATAGTGTTAAATGGCGTCGA,0,2877210
ompRp3,0.07142857142857142,13,13,ATAGTAGTACAGACGAATTA,0,2893292
ompRp3,0.07142857142857142,13,13,ATACAAATCGTTAGGCCCGT,0,2877642
ompRp3,0.07142857142857142,13,13,ATAACGTTGCCGGGGTTTGG,0,2905778
ompRp3,0.07142857142857142,13,13,ATAACCGTTGGCTCCTGGTG,0,2872945
ompRp3,0.07142857142857142,13,13,ATAAACAGAACGCGGAAATC,0,2894933
ompRp3,0.07142857142857142,13,13,AGTGCTCACAGGCCCAGGGT,0,2876772
ompRp3,0.07142857142857142,13,13,AGTCGTGAGGCCATCCAGGT,0,2893744
ompRp3,0.07142857142857142,13,13,AGTCCATACTAACCTAAACT,0,2896483
ompRp3,0.07142857142857142,13,13,AGTACATCGCGCGCACGGTA,0,2885247
ompRp3,0.07142857142857142,13,13,AGGTTGCGGCAGGTGAGGGA,0,2862153
ompRp3,0.07142857142857142,13,13,AGGCCCCCTTTTATTCTTTA,0,2899747
ompRp3,0.07142857142857142,13,13,AGGCACAACCCCATTGTCTG,0,2886215
ompRp3,0.07142857142857142,13,13,AGGAGTAAATAGAAACATAC,0,2885047
ompRp3,0.07142857142857142,13,13,AGCGCGAATAACACGTATTC,0,2882076
ompRp3,0.07142857142857142,13,13,AGCCTCAGACTCCGCAAGGT,0,2877861
ompRp3,0.07142857142857142,13,13,AGCATTTTGGATTTGTCATG,0,2901248
ompRp3,0.07142857142857142,13,13,AGCAGTAGACAAATCACGAG,0,2873538
ompRp3,0.07142857142857142,13,13,AGCACTGGTAGCATTTTAGT,0,2868943
ompRp3,0.07142857142857142,13,13,AGCACCATCCCTTAGGGGGG,0,2895903
ompRp3,0.07142857142857142,13,13,AGATCATTGGGGTCTGGATA,0,2881881
ompRp3,0.07142857142857142,13,13,AGAGGGCTGCCACCCATTGC,0,2897176
ompRp3,0.07142857142857142,13,13,AGAGGCGCTCAGTGTGGTTG,0,2872565
ompRp3,0.07142857142857142,13,13,AGAGCGATACCCCGCCCCTG,0,2876443
ompRp3,0.07142857142857142,13,13,AGAGCAGGTCCTGGCGACCA,0,2877219
ompRp3,0.07142857142857142,13,13,AGAGCACGGTCCCCAAGACC,0,2886380
ompRp3,0.07142857142857142,13,13,AGAGACCAAGGACCTGGTTC,0,2870320
ompRp3,0.07142857142857142,13,13,AGACTACTGTAATGTTGATT,0,2869379
ompRp3,0.07142857142857142,13,13,AGACGGTAATCTTCCGCTAT,0,2888072
ompRp3,0.07142857142857142,13,13,AGAAGAGAAAGGGTACGGTA,0,2871268
ompRp3,0.07142857142857142,13,13,AGAACATTGAGACTTTACTC,0,2872857
ompRp3,0.07142857142857142,13,13,ACTTAAGGGTCTTTAGAAAA,0,2866094
ompRp3,0.07142857142857142,13,13,ACTGCGACCGCACTAGAGAC,0,2895548
ompRp3,0.07142857142857142,13,13,ACTCTAACCTACTTAAGGCT,0,2898908
ompRp3,0.07142857142857142,13,13,ACTCCGCGTCCTTTCGTATG,0,2869616
ompRp3,0.07142857142857142,13,13,ACTCATTAAATATCCCCTTC,0,2875818
ompRp3,0.07142857142857142,13,13,ACTCACCGCAGTCGCACGGG,0,2890337
ompRp3,0.07142857142857142,13,13,ACTATTGTTTTCCGGGGCGT,0,2905410
ompRp3,0.07142857142857142,13,13,ACTACTATACAGCAAGCGGT,0,2892471
ompRp3,0.07142857142857142,13,13,ACGTACCTGGCGAACGGGTG,0,2892370
ompRp3,0.07142857142857142,13,13,ACGGTACTCACCACAAATGA,0,2888579
ompRp3,0.07142857142857142,13,13,ACGCGCAGGAGATTAGAGAT,0,2871418
ompRp3,0.07142857142857142,13,13,ACGACCGTGTCGGAACATTA,0,2903248
ompRp3,0.07142857142857142,13,13,ACGACCCAAGGACCGTCCAA,0,2893194
ompRp3,0.07142857142857142,13,13,ACGAAGCGCCTCTGTGGGAG,0,2897729
ompRp3,0.07142857142857142,13,13,ACCTCCCCTGATCCATCTGG,0,2888638
ompRp3,0.07142857142857142,13,13,ACCGCCCTACCTACCACCGT,0,2904967
ompRp3,0.07142857142857142,13,13,ACATACTGCCCCGACATATC,0,2889631
ompRp3,0.07142857142857142,13,13,ACAGGCCAACGTGGAACTTT,0,2878394
ompRp3,0.07142857142857142,13,13,ACAGAAACAAGCCGCGCATG,0,2899098
ompRp3,0.07142857142857142,13,13,ACACGTTTCGCGTTTTCACT,0,2866295
ompRp3,0.07142857142857142,13,13,ACAATTCTTTATGGCTCATG,0,2861183
ompRp3,0.07142857142857142,13,13,AATTCATTTATCGGCACGCA,0,2904007
ompRp3,0.07142857142857142,13,13,AATGGTGTATCACGCGACGC,0,2871183
ompRp3,0.07142857142857142,13,13,AATGCAAGTATCATAGATTG,0,2892817
ompRp3,0.07142857142857142,13,13,AATCCGTGTTCGGTGGAGAA,0,2881857
ompRp3,0.07142857142857142,13,13,AATATGGACTGCTTGTGAAA,0,2889267
ompRp3,0.07142857142857142,13,13,AATAATAAACGCTCAGCGAA,0,2900885
ompRp3,0.07142857142857142,13,13,AAGTGGCTTAGCGTCTGGGG,0,2874535
ompRp3,0.07142857142857142,13,13,AAGGTTGCGGGGAGGAATTG,0,2904191
ompRp3,0.07142857142857142,13,13,AAGGTCTTGCCTCCGATAAG,0,2889387
ompRp3,0.07142857142857142,13,13,AAGCATAATCCATAACACTC,0,2878934
ompRp3,0.07142857142857142,13,13,AAGAGTATAGGGGTCTCGGT,0,2904375
ompRp3,0.07142857142857142,13,13,AAGAATAGCAGGGGGCGATA,0,2862697
ompRp3,0.07142857142857142,13,13,AACTTCTCTCTTAAGGGTCC,0,2893041
ompRp3,0.07142857142857142,13,13,AAATTAGATTTGGTAAAAAG,0,2882206
ompRp3,0.07142857142857142,13,13,AAATGTCTTATGCGTTGTAT,0,2880549
ompRp3,0.07142857142857142,13,13,AAATGGGATTCAATTTTAAT,0,2882900
ompRp3,0.07142857142857142,13,13,AAATCCCGAATGGTCGGCTC,0,2874496
ompRp3,0.07142857142857142,13,13,AAATAATATTCAAGACAGCT,0,2867129
ompRp3,0.07142857142857142,13,13,AAAGCTGATCCGAGGCCAGG,0,2892732
ompRp3,0.07142857142857142,13,13,AAAGATGATCCACCACAGAT,0,2876281
ompRp3,0.07142857142857142,13,13,AAAGACTGGGCTACCAAATT,0,2893809
ompRp3,0.07142857142857142,13,13,AAACGTTTGTGAGCAGGAAG,0,2888720
ompRp3,0.07692307692307693,12,12,TTTTTTTATTCGTGGATGCA,0,2873645
ompRp3,0.07692307692307693,12,12,TTTTCTAACAAAGGACAGAA,0,2866265
ompRp3,0.07692307692307693,12,12,TTTGCGCAGTGCTATCTAGC,0,2897322
ompRp3,0.07692307692307693,12,12,TTTCATGGATTAAATACACT,0,2886605
ompRp3,0.07692307692307693,12,12,TTTCAGCGTGTACCACGGTA,0,2905301
ompRp3,0.07692307692307693,12,12,TTTACCCGTATCTAAGCTCT,0,2863887
ompRp3,0.07692307692307693,12,12,TTGTTCCCCCTTCCCTCTCA,0,2878682
ompRp3,0.07692307692307693,12,12,TTGTGCCGGGCACTTGGGTG,0,2906490
ompRp3,0.07692307692307693,12,12,TTGGTACAAAAGTCAGACGA,0,2878814
ompRp3,0.07692307692307693,12,12,TTGCTGCGGGAAGAGTTGGA,0,2895345
ompRp3,0.07692307692307693,12,12,TTGCCATCTCTTTTTAGGCA,0,2904144
ompRp3,0.07692307692307693,12,12,TTGACGCCGTCCGTCCCGGC,0,2896348
ompRp3,0.07692307692307693,12,12,TTGAAAGTAATAGGAGCCCT,0,2871188
ompRp3,0.07692307692307693,12,12,TTCTTAGCCACGTGGCTCTA,0,2896551
ompRp3,0.07692307692307693,12,12,TTCCGGTTAGAGAGTGTTAG,0,2862793
ompRp3,0.07692307692307693,12,12,TTCAACTGATGACAAAAGGT,0,2864568
ompRp3,0.07692307692307693,12,12,TTATATAACACGTGGGACAC,0,2895204
ompRp3,0.07692307692307693,12,12,TTAGTCTATTTTGCTCAAGA,0,2878570
ompRp3,0.07692307692307693,12,12,TTAGTAGTCGTACACGTGTT,0,2893506
ompRp3,0.07692307692307693,12,12,TTAGGCTATATTCAGGTAAG,0,2902295
ompRp3,0.07692307692307693,12,12,TTAGCTATTCCGGCTTCTTA,0,2867987
ompRp3,0.07692307692307693,12,12,TTACCGCCCAAGGGAGGTAA,0,2898206
ompRp3,0.07692307692307693,12,12,TTAATGTCACCAACTTGGGA,0,2895262
ompRp3,0.07692307692307693,12,12,TGTTCAGACTTGTTTGGGTC,0,2878770
ompRp3,0.07692307692307693,12,12,TGTTAGTCGAGTTCTACGAC,0,2889600
ompRp3,0.07692307692307693,12,12,TGTGGTCTCTTGACCCGGTA,0,2875256
ompRp3,0.07692307692307693,12,12,TGTGGAAAACTCTCCGGACT,0,2903578
ompRp3,0.07692307692307693,12,12,TGTGAAGCCGAACAGTGTAA,0,2870194
ompRp3,0.07692307692307693,12,12,TGTAGAATGAGGGGTTCATT,0,2864558
ompRp3,0.07692307692307693,12,12,TGTACTTCCATAATTCGGTC,0,2891469
ompRp3,0.07692307692307693,12,12,TGTAACCATCCGTGGTATAA,0,2863158
ompRp3,0.07692307692307693,12,12,TGGTGCCGGTTCGCAAGACG,0,2861999
ompRp3,0.07692307692307693,12,12,TGGTCTCGTCTGCGCTTGGA,0,2867451
ompRp3,0.07692307692307693,12,12,TGGTCAATCGGTTCACTCGC,0,2869797
ompRp3,0.07692307692307693,12,12,TGGGTTTAGGCCCACCAATA,0,2902808
ompRp3,0.07692307692307693,12,12,TGGGTCTGTGAAAGATAAAT,0,2871954
ompRp3,0.07692307692307693,12,12,TGGGGAAGGTACCGTTTGCA,0,2885481
ompRp3,0.07692307692307693,12,12,TGGCAATAGGGGTGCACAGA,0,2874727
ompRp3,0.07692307692307693,12,12,TGGATATAGAATGGTCGTGA,0,2900589
ompRp3,0.07692307692307693,12,12,TGCGGATCGAAAGTTCGGCC,0,2870699
ompRp3,0.07692307692307693,12,12,TGCGCGCTCTTCCAATGGAT,0,2906546
ompRp3,0.07692307692307693,12,12,TGCCAGACGTGATAAGTTAA,0,2903050
ompRp3,0.07692307692307693,12,12,TGCAGAATCCAGTCCGTGTG,0,2864171
ompRp3,0.07692307692307693,12,12,TGATATATTCGATGTTCCGG,0,2882558
ompRp3,0.07692307692307693,12,12,TGAGAAATACCATTAGTTAA,0,2902377
ompRp3,0.07692307692307693,12,12,TGACGGCCTAACTATCTTCA,0,2875895
ompRp3,0.07692307692307693,12,12,TGAAAGGAAACTCAACTTCC,0,2866988
ompRp3,0.07692307692307693,12,12,TGAAAGCTAGTCGTAACAAC,0,2896205
ompRp3,0.07692307692307693,12,12,TCTGGTCTGACTCGGTCTCT,0,2883706
ompRp3,0.07692307692307693,12,12,TCTGGATATCGGCCTAAAGG,0,2877127
ompRp3,0.07692307692307693,12,12,TCTGCGAGGGTGCCGGGATT,0,2864747
ompRp3,0.07692307692307693,12,12,TCTCCATTATTTTTACCCGA,0,2869658
ompRp3,0.07692307692307693,12,12,TCTATTGGACTATGCTCAAC,0,2866728
ompRp3,0.07692307692307693,12,12,TCTAATGACCGTTCGTAACA,0,2872908
ompRp3,0.07692307692307693,12,12,TCGTTGGACCGGAAGGCGGA,0,2906990
ompRp3,0.07692307692307693,12,12,TCGTGTGTTGCGTATGTGCG,0,2904992
ompRp3,0.07692307692307693,12,12,TCGTGGCTCCCTGGTTCAAT,0,2891156
ompRp3,0.07692307692307693,12,12,TCGTGCCATGCTGTCGAGTC,0,2874599
ompRp3,0.07692307692307693,12,12,TCGTATCCTCAATCGGTATA,0,2904091
ompRp3,0.07692307692307693,12,12,TCGTAGATCCGGTTAGCTGT,0,2872609
ompRp3,0.07692307692307693,12,12,TCGAGGATACGTGAGCAATA,0,2877433
ompRp3,0.07692307692307693,12,12,TCCTCTTATGAGTCAGCCAC,0,2865911
ompRp3,0.07692307692307693,12,12,TCCGGTGTTGCGAGGCAGGT,0,2884934
ompRp3,0.07692307692307693,12,12,TCCGGGTATTCGACATTACA,0,2886564
ompRp3,0.07692307692307693,12,12,TCCCTTCGGGAGCTGACATC,0,2878575
ompRp3,0.07692307692307693,12,12,TCCCCCGTGCCCATCTATAA,0,2863387
ompRp3,0.07692307692307693,12,12,TCCCAGCCCGTATTCAACCA,0,2904370
ompRp3,0.07692307692307693,12,12,TCATGTTCCAAGTTGGTCAA,0,2899514
ompRp3,0.07692307692307693,12,12,TCATGGGTACTCTCATATAC,0,2900510
ompRp3,0.07692307692307693,12,12,TCATCACCGACGGGCGGGCA,0,2898883
ompRp3,0.07692307692307693,12,12,TATTTACCCGGCATCCCCGT,0,2893351
ompRp3,0.07692307692307693,12,12,TATTGCGTGTGTGTGGAGCT,0,2889734
ompRp3,0.07692307692307693,12,12,TATGAGCACATTGGATGATA,0,2890764
ompRp3,0.07692307692307693,12,12,TATCGATGCTATAACAAGGC,0,2871280
ompRp3,0.07692307692307693,12,12,TATAGATATGTACCAAGGAA,0,2878897
ompRp3,0.07692307692307693,12,12,TATAGACGCTCACTTGGTTG,0,2888112
ompRp3,0.07692307692307693,12,12,TATACGTAACTTGGGGGGAA,0,2862192
ompRp3,0.07692307692307693,12,12,TATAAACAGTCCCGCTCTTT,0,2874755
ompRp3,0.07692307692307693,12,12,TAGGCGTTATAGACAAAATG,0,2863683
ompRp3,0.07692307692307693,12,12,TAGGCACTAATTTACTCCAT,0,2865052
ompRp3,0.07692307692307693,12,12,TAGGACTAGGAAGAAAATTA,0,2874279
ompRp3,0.07692307692307693,12,12,TAGCTTGGCATGGAGGGGTA,0,2900173
ompRp3,0.07692307692307693,12,12,TAGCTCGAGCTGAGGCCGCT,0,2897959
ompRp3,0.07692307692307693,12,12,TAGCTACGCTCGTCTTAATC,0,2865331
ompRp3,0.07692307692307693,12,12,TAGACCGTGAACCACTCCGG,0,2865453
ompRp3,0.07692307692307693,12,12,TAGACACCATATCGGGAGTA,0,2867213
ompRp3,0.07692307692307693,12,12,TAGAAGCAGTCTAAACTATC,0,2870424
ompRp3,0.07692307692307693,12,12,TACTTGCTAGTTGCTATCCC,0,2889005
ompRp3,0.07692307692307693,12,12,TACTGAACTGAGGGTTAGGT,0,2902949
ompRp3,0.07692307692307693,12,12,TACCTGGTTAACCGCTCTGT,0,2866228
ompRp3,0.07692307692307693,12,12,TACATCTAAGTGGTGTAGGC,0,2889763
ompRp3,0.07692307692307693,12,12,TAAGCCGGTAATAAGTATGA,0,2880291
ompRp3,0.07692307692307693,12,12,TAAGAGTCCTTGTGAAGGAC,0,2860842
ompRp3,0.07692307692307693,12,12,TAACTTAGCCAACAATGGTT,0,2894829
ompRp3,0.07692307692307693,12,12,TAAATGTTCCGGGATTCTCA,0,2889106
ompRp3,0.07692307692307693,12,12,TAAATGGCTAGGCTGGATGT,0,2880178
ompRp3,0.07692307692307693,12,12,TAAATCGTCTGGCGTAACAT,0,2895027
ompRp3,0.07692307692307693,12,12,TAAAGGCAGTATACACTGAC,0,2895905
ompRp3,0.07692307692307693,12,12,TAAAGCTAAATGCGTTCCAC,0,2862370
ompRp3,0.07692307692307693,12,12,TAAACTGCTGTAAATACCTC,0,2885964
ompRp3,0.07692307692307693,12,12,TAAAAGCGCTTACCAGTTTG,0,2897580
ompRp3,0.07692307692307693,12,12,GTTTTTAGCCCGCACCACAC,0,2861751
ompRp3,0.07692307692307693,12,12,GTTTTCCTGGGAGACACCAT,0,2887749
ompRp3,0.07692307692307693,12,12,GTTTCAAGTACGGATCTGCC,0,2880091
ompRp3,0.07692307692307693,12,12,GTTTACTGAGATAAGCGCTC,0,2886149
ompRp3,0.07692307692307693,12,12,GTTGATGCGGACACTAGGAC,0,2876680
ompRp3,0.07692307692307693,12,12,GTTGAGGATTCCAGTATCCC,0,2867796
ompRp3,0.07692307692307693,12,12,GTTCAGTAGAATGAGGGGAT,0,2890057
ompRp3,0.07692307692307693,12,12,GTTCAAACAGCGGAATGATG,0,2871232
ompRp3,0.07692307692307693,12,12,GTTATGGGCTGCCGGAGAGT,0,2896125
ompRp3,0.07692307692307693,12,12,GTTAGGGCGTCGGAATGGGT,0,2861420
ompRp3,0.07692307692307693,12,12,GTTAGACGCGCCGTAAGATT,0,2887350
ompRp3,0.07692307692307693,12,12,GTGTAGTCTTCCTAGTTTTA,0,2864699
ompRp3,0.07692307692307693,12,12,GTGTAGCGTTGCCTGAAAAA,0,2885302
ompRp3,0.07692307692307693,12,12,GTGGGGGCTATAAAGGCAGT,0,2901243
ompRp3,0.07692307692307693,12,12,GTGCAGTTTTGTTAGTCGTG,0,2903855
ompRp3,0.07692307692307693,12,12,GTCTTACCCGGATACGCTAC,0,2892124
ompRp3,0.07692307692307693,12,12,GTCTGAAACTTTCTGTTAGT,0,2905306
ompRp3,0.07692307692307693,12,12,GTCTAACCGGGGGGAGCATC,0,2884043
ompRp3,0.07692307692307693,12,12,GTCCGCATGTAGTACGCCTG,0,2892194
ompRp3,0.07692307692307693,12,12,GTCCGAAGGCTGCCATAAGG,0,2869881
ompRp3,0.07692307692307693,12,12,GTCCCGGACCTATGCTGTGT,0,2872822
ompRp3,0.07692307692307693,12,12,GTCATTCGCCTTATCAAATC,0,2896372
ompRp3,0.07692307692307693,12,12,GTCAAACGACCACCGGTATT,0,2895289
ompRp3,0.07692307692307693,12,12,GTATCACCGCGGGACCCTGA,0,2884677
ompRp3,0.07692307692307693,12,12,GTAGTGAGACCTGCGTCACC,0,2895090
ompRp3,0.07692307692307693,12,12,GTACAGTTCGATTCCGAGCC,0,2863060
ompRp3,0.07692307692307693,12,12,GTACAAAGTGAGCTGCAGGC,0,2874350
ompRp3,0.07692307692307693,12,12,GGTGATTATGAACGGGAACT,0,2872147
ompRp3,0.07692307692307693,12,12,GGTCAAGCTGGTGTATGTCC,0,2892421
ompRp3,0.07692307692307693,12,12,GGTAGACATGAGTCCCCTCT,0,2884083
ompRp3,0.07692307692307693,12,12,GGGTCGGGCCTATATTATTA,0,2877085
ompRp3,0.07692307692307693,12,12,GGGTCCTGTAGTGACGGCGA,0,2876769
ompRp3,0.07692307692307693,12,12,GGGGTTCATCATTCGTGCGT,0,2861655
ompRp3,0.07692307692307693,12,12,GGGGCGATACGTCCTGAATC,0,2898374
ompRp3,0.07692307692307693,12,12,GGGCATCCTGGACATGTGAT,0,2875010
ompRp3,0.07692307692307693,12,12,GGGCAGTTCGAGGCGCCATC,0,2885064
ompRp3,0.07692307692307693,12,12,GGGATGGTAAGATATGACGA,0,2890517
ompRp3,0.07692307692307693,12,12,GGCTTCGGTGAACGAGCGCC,0,2895954
ompRp3,0.07692307692307693,12,12,GGCTGATCCTGTGTTTCGTG,0,2887563
ompRp3,0.07692307692307693,12,12,GGCTATCATGTATATACATT,0,2887092
ompRp3,0.07692307692307693,12,12,GGCTAGGCAACGACGATGCT,0,2889352
ompRp3,0.07692307692307693,12,12,GGATCCGCGCTGGGAAAATG,0,2885323
ompRp3,0.07692307692307693,12,12,GGATAAAGGACCGGGTCTGC,0,2901760
ompRp3,0.07692307692307693,12,12,GGACTCCGCAACGTAAATTA,0,2899559
ompRp3,0.07692307692307693,12,12,GGAATTCCTCGCAGACGAAT,0,2885376
ompRp3,0.07692307692307693,12,12,GGAAAGGCATCACAAAGGTC,0,2902101
ompRp3,0.07692307692307693,12,12,GGAAACCGGTCTGAAGTATT,0,2864674
ompRp3,0.07692307692307693,12,12,GGAAAAGAGAAATAGATTGT,0,2889643
ompRp3,0.07692307692307693,12,12,GCTGCTAGCGGTGTTGTATA,0,2865014
ompRp3,0.07692307692307693,12,12,GCTCACTGTCCTACTTGCGT,0,2879086
ompRp3,0.07692307692307693,12,12,GCTAGACCCGTTTCCCTCTC,0,2883849
ompRp3,0.07692307692307693,12,12,GCGGCCACATAGAATGTTTA,0,2875540
ompRp3,0.07692307692307693,12,12,GCGGAAGTTTCTGATAAAGT,0,2877110
ompRp3,0.07692307692307693,12,12,GCGCTTGATGCCCGCGGTCA,0,2898520
ompRp3,0.07692307692307693,12,12,GCGCTTCTAACTGGATCGAA,0,2877268
ompRp3,0.07692307692307693,12,12,GCGCATCGCAGCGGACGTGA,0,2879344
ompRp3,0.07692307692307693,12,12,GCCTTCATGTATTTACTTAG,0,2894015
ompRp3,0.07692307692307693,12,12,GCCTTACGCTAGAGTGAGGC,0,2901193
ompRp3,0.07692307692307693,12,12,GCCGTGGGTACCTTCCTGGG,0,2895333
ompRp3,0.07692307692307693,12,12,GCCGGCATTGGTGATTAACA,0,2870312
ompRp3,0.07692307692307693,12,12,GCCGCGGACCCAGGTAGGCT,0,2860883
ompRp3,0.07692307692307693,12,12,GCCCTACACCATTCGCTACA,0,2890884
ompRp3,0.07692307692307693,12,12,GCAGGCGCCATTACCAACAC,0,2875061
ompRp3,0.07692307692307693,12,12,GCAGCATAATTTGTGGGCTT,0,2884936
ompRp3,0.07692307692307693,12,12,GCAGCAGACATTGCCCAAAG,0,2901756
ompRp3,0.07692307692307693,12,12,GCAGATTACCACTGAGAAAA,0,2875606
ompRp3,0.07692307692307693,12,12,GCACGTTGATTACATGAGCG,0,2892246
ompRp3,0.07692307692307693,12,12,GCACCGCCTGCGATGTAGAG,0,2891919
ompRp3,0.07692307692307693,12,12,GATGGGTATTGCAGTTACTT,0,2904434
ompRp3,0.07692307692307693,12,12,GATAGTCCCGCGTGTGCGAG,0,2872207
ompRp3,0.07692307692307693,12,12,GAGTTTCAGTAAGCCTCGGA,0,2890165
ompRp3,0.07692307692307693,12,12,GAGTGTCTAAGTATGAGACA,0,2871442
ompRp3,0.07692307692307693,12,12,GAGGGATGGGTCCGGCATTA,0,2860954
ompRp3,0.07692307692307693,12,12,GAGCGGCGTGGAACTACCGT,0,2890712
ompRp3,0.07692307692307693,12,12,GAGAGGGCGGCTATACACTT,0,2901621
ompRp3,0.07692307692307693,12,12,GACTGGAATTTCCCCCCCGA,0,2886101
ompRp3,0.07692307692307693,12,12,GACTGACTCTTTTCCATGGT,0,2907280
ompRp3,0.07692307692307693,12,12,GACGGCTCGGTTCCTCCCAG,0,2882486
ompRp3,0.07692307692307693,12,12,GACGCGCCTTTACGGCAGAC,0,2866213
ompRp3,0.07692307692307693,12,12,GACCGTTGACGTATATTATT,0,2873915
ompRp3,0.07692307692307693,12,12,GACAGCAGCTAGGGCCACTG,0,2888059
ompRp3,0.07692307692307693,12,12,GACAGAAACGACACACGTCT,0,2896174
ompRp3,0.07692307692307693,12,12,GAATCAGATTGGGTAAACTT,0,2905042
ompRp3,0.07692307692307693,12,12,GAAGGTGGCATCTCGCCCGC,0,2864208
ompRp3,0.07692307692307693,12,12,GAAGGATGCTTGATCGTAAA,0,2903143
ompRp3,0.07692307692307693,12,12,GAAAACTCCTTTATTCTAAC,0,2881482
ompRp3,0.07692307692307693,12,12,GAAAACGGGTAATTGACAAA,0,2879263
ompRp3,0.07692307692307693,12,12,CTTTTAAATTTCCCCGCGCA,0,2897553
ompRp3,0.07692307692307693,12,12,CTTGGTGGAGTACGCCAGCG,0,2895325
ompRp3,0.07692307692307693,12,12,CTTGCGGTTTAGCAGTTTGT,0,2891427
ompRp3,0.07692307692307693,12,12,CTTCTCAACTACATATTGAA,0,2879585
ompRp3,0.07692307692307693,12,12,CTTCGGCAAAAGTTATTAAT,0,2863592
ompRp3,0.07692307692307693,12,12,CTTATGCCTCGTGAAGAGGA,0,2893612
ompRp3,0.07692307692307693,12,12,CTTAGCTGCTCACTAATTAA,0,2879120
ompRp3,0.07692307692307693,12,12,CTGTTAGCGTATGGTTTTAT,0,2874684
ompRp3,0.07692307692307693,12,12,CTGTGTATCCGTTACGACGA,0,2880963
ompRp3,0.07692307692307693,12,12,CTGTGCCCTCGCATGCGGCC,0,2902356
ompRp3,0.07692307692307693,12,12,CTGGTTTGTAGTCTGATAGT,0,2886953
ompRp3,0.07692307692307693,12,12,CTGGTCGCCGTTGAACGGCT,0,2868167
ompRp3,0.07692307692307693,12,12,CTGGAGCCATACTAAATCGC,0,2867558
ompRp3,0.07692307692307693,12,12,CTGCGGCGTAAATGCAGTGT,0,2877132
ompRp3,0.07692307692307693,12,12,CTGCCGAGGTATCGGAAGTA,0,2885639
ompRp3,0.07692307692307693,12,12,CTGATGCTACTACACTCGAG,0,2890222
ompRp3,0.07692307692307693,12,12,CTGAGGTGGCTAGGGACTGT,0,2902018
ompRp3,0.07692307692307693,12,12,CTGAAAATAATACACCGTCC,0,2893925
ompRp3,0.07692307692307693,12,12,CTCTGCGGCGAGCTATTAAA,0,2893973
ompRp3,0.07692307692307693,12,12,CTCTCAAAAGTAGCCCCAGC,0,2878644
ompRp3,0.07692307692307693,12,12,CTCGCGGCAAAGAGGGTAAT,0,2896708
ompRp3,0.07692307692307693,12,12,CTCAATAAAAGAACTAACTC,0,2864753
ompRp3,0.07692307692307693,12,12,CTATCCACCGATCCACATCT,0,2881546
ompRp3,0.07692307692307693,12,12,CTAGATTGACGCCTAGCTAC,0,2861735
ompRp3,0.07692307692307693,12,12,CTACCTGCACTGCGATCCAT,0,2868466
ompRp3,0.07692307692307693,12,12,CGTTAAGTCCATTCCGCCTA,0,2902067
ompRp3,0.07692307692307693,12,12,CGTGTGATGTTATTTGTAAT,0,2865671
ompRp3,0.07692307692307693,12,12,CGTCGCTAGCATGCGGAACA,0,2861019
ompRp3,0.07692307692307693,12,12,CGTACTTGTAAGCGAGGGCG,0,2897393
ompRp3,0.07692307692307693,12,12,CGTAACATTAGTATGCCTGT,0,2906830
ompRp3,0.07692307692307693,12,12,CGGTCAACCGACCCGCAGAA,0,2869181
ompRp3,0.07692307692307693,12,12,CGGGTAAGCCCCAAGCTCGT,0,2882162
ompRp3,0.07692307692307693,12,12,CGGGGGAGCAAAACGGGGGG,0,2877406
ompRp3,0.07692307692307693,12,12,CGGGGGACGGGGGGCCTCCG,0,2867831
ompRp3,0.07692307692307693,12,12,CGGCGGTAGTTTATCCTCAC,0,2893810
ompRp3,0.07692307692307693,12,12,CGGCAAGCCTGAAGATTGAA,0,2905437
ompRp3,0.07692307692307693,12,12,CGGAGGAGTTATGATTGTGT,0,2878651
ompRp3,0.07692307692307693,12,12,CGCTTACATCACGCTATGGA,0,2873531
ompRp3,0.07692307692307693,12,12,CGCGAGTATCATACAGAAGG,0,2878181
ompRp3,0.07692307692307693,12,12,CGCCCGGTTGCTTAGAGGAT,0,2877824
ompRp3,0.07692307692307693,12,12,CGCCATTATATGCCCATTCT,0,2896726
ompRp3,0.07692307692307693,12,12,CGCAGGACGTTGAATTGCCC,0,2875672
ompRp3,0.07692307692307693,12,12,CGCAAAAGAGGTAGCTCGTA,0,2893358
ompRp3,0.07692307692307693,12,12,CGATTAGATAGGATCGCCAA,0,2879002
ompRp3,0.07692307692307693,12,12,CGATGTCGTTGTCCAATGGA,0,2874043
ompRp3,0.07692307692307693,12,12,CGATAGATCGTGCTTTTCCT,0,2862943
ompRp3,0.07692307692307693,12,12,CGATAAGGCAAGGGCACGCA,0,2861394
ompRp3,0.07692307692307693,12,12,CGAGATTGTAATGATACAAT,0,2876321
ompRp3,0.07692307692307693,12,12,CGACTGAAGGACAGGGGCAG,0,2870727
ompRp3,0.07692307692307693,12,12,CGACTCATTTGAAAGAGTCA,0,2864131
ompRp3,0.07692307692307693,12,12,CGAATGTACAAATCCTGATC,0,2888987
ompRp3,0.07692307692307693,12,12,CGAAGAATTCGGCTTGAGAA,0,2889418
ompRp3,0.07692307692307693,12,12,CGAACCTGATCTGAAGCGTT,0,2875942
ompRp3,0.07692307692307693,12,12,CGAAAATCATTTTGTCAAGG,0,2869649
ompRp3,0.07692307692307693,12,12,CCTTAGGGGTTTGAGCGGTA,0,2861949
ompRp3,0.07692307692307693,12,12,CCTGGGTATACCCATCACCC,0,2878928
ompRp3,0.07692307692307693,12,12,CCTACCGTGCTCTCTCAGAC,0,2869959
ompRp3,0.07692307692307693,12,12,CCGTGGGGTCCTCCCATTGA,0,2863000
ompRp3,0.07692307692307693,12,12,CCGTCTCTTGCATTCAGTCA,0,2877894
ompRp3,0.07692307692307693,12,12,CCGTCTCCCCTGAAACCTAT,0,2888652
ompRp3,0.07692307692307693,12,12,CCGTAACGCGCAGAAGGCCA,0,2862553
ompRp3,0.07692307692307693,12,12,CCGGTCGGCCGCACCCGGAT,0,2871060
ompRp3,0.07692307692307693,12,12,CCGGTCAGGGGGCGATCGGT,0,2880896
ompRp3,0.07692307692307693,12,12,CCGCGAAATCATCCGTGTGA,0,2863684
ompRp3,0.07692307692307693,12,12,CCCTTGCATCTGACCAGGGT,0,2877713
ompRp3,0.07692307692307693,12,12,CCCTGGTGATTCAGATACGA,0,2905364
ompRp3,0.07692307692307693,12,12,CCCTGCCACTTATGAGTGGT,0,2879967
ompRp3,0.07692307692307693,12,12,CCCTCTGAAGAACCGTTCTG,0,2896823
ompRp3,0.07692307692307693,12,12,CCCTACTCAAGCCCGTTCAA,0,2876498
ompRp3,0.07692307692307693,12,12,CCCTAAAATTGACGGAGTAA,0,2888279
ompRp3,0.07692307692307693,12,12,CCCGTCGGTTATTTGCCCGT,0,2883164
ompRp3,0.07692307692307693,12,12,CCCGTATATACTTTTCTGAC,0,2864465
ompRp3,0.07692307692307693,12,12,CCCGGTCCGGCAAACGTCTA,0,2893093
ompRp3,0.07692307692307693,12,12,CCCGACTCACTCACGAGTGG,0,2878298
ompRp3,0.07692307692307693,12,12,CCCCGTACGTCCTAAACCAT,0,2897268
ompRp3,0.07692307692307693,12,12,CCCCGGAGTGCATCGTCCTG,0,2906067
ompRp3,0.07692307692307693,12,12,CCCCCGCGATGGAAACCGAT,0,2899918
ompRp3,0.07692307692307693,12,12,CCCCCCAATAGACTACTTTT,0,2871297
ompRp3,0.07692307692307693,12,12,CCCCATGAATAGGTTAAAAC,0,2883302
ompRp3,0.07692307692307693,12,12,CCATTCGCGCTACATTCCCC,0,2867111
ompRp3,0.07692307692307693,12,12,CCATCCCCCCGAAAGGTTGA,0,2882209
ompRp3,0.07692307692307693,12,12,CCACGAGCCAATACGCAACG,0,2889013
ompRp3,0.07692307692307693,12,12,CCACCTGCCCCGCTATACTA,0,2889726
ompRp3,0.07692307692307693,12,12,CCAATAGAGCTTCACCTTAC,0,2866050
ompRp3,0.07692307692307693,12,12,CCAAGTTCCCGGTCTTATTG,0,2896156
ompRp3,0.07692307692307693,12,12,CATGGGAGGTCGCGATTTCT,0,2904415
ompRp3,0.07692307692307693,12,12,CATCACAGGGAGCTGTAGCT,0,2884714
ompRp3,0.07692307692307693,12,12,CATATGATGGTTCACGTAAT,0,2895890
ompRp3,0.07692307692307693,12,12,CATAAAAATCAGTGCGCTCC,0,2899122
ompRp3,0.07692307692307693,12,12,CAGTATGTCAGCTAGTTCAT,0,2887844
ompRp3,0.07692307692307693,12,12,CAGGTTGCCTGGTATTCTTC,0,2866853
ompRp3,0.07692307692307693,12,12,CAGGCGCCACATACGATACA,0,2890975
ompRp3,0.07692307692307693,12,12,CAGCGCCGCAACTGGCCTCC,0,2897887
ompRp3,0.07692307692307693,12,12,CAGCAGCGTACAGCCAGAGA,0,2866898
ompRp3,0.07692307692307693,12,12,CACTCGATAGCAATTTCGCA,0,2873085
ompRp3,0.07692307692307693,12,12,CACGTTAGAACATCGGCAAA,0,2903842
ompRp3,0.07692307692307693,12,12,CACGTGTGTCAAAGCGGCAG,0,2878875
ompRp3,0.07692307692307693,12,12,CACGCATCCTATTTAATAGC,0,2875389
ompRp3,0.07692307692307693,12,12,CACGACCTACTGAGGGGGAT,0,2875602
ompRp3,0.07692307692307693,12,12,CACACCGTCTTCCCTCGGTG,0,2899513
ompRp3,0.07692307692307693,12,12,CACAAGACAGACCGTACTGA,0,2898979
ompRp3,0.07692307692307693,12,12,CAATGTCAAGTTGGAGTTGA,0,2903375
ompRp3,0.07692307692307693,12,12,CAATGGGACAACTGGGGATT,0,2898142
ompRp3,0.07692307692307693,12,12,CAATGGAGATTGGCAGGTCA,0,2897902
ompRp3,0.07692307692307693,12,12,CAATCCCTCCAAGTGAGAGA,0,2890330
ompRp3,0.07692307692307693,12,12,CAACCGTTATGGAGCTGAAT,0,2866524
ompRp3,0.07692307692307693,12,12,CAAATTGCCATTCCGTGCTC,0,2861178
ompRp3,0.07692307692307693,12,12,CAAAAGTCCAAACTACCCGG,0,2866822
ompRp3,0.07692307692307693,12,12,ATTGTTTGCTGAACCTATGG,0,2881408
ompRp3,0.07692307692307693,12,12,ATTGTGGGATACACCAGCCA,0,2862958
ompRp3,0.07692307692307693,12,12,ATTGGTCCGAACGAGCAGCG,0,2880555
ompRp3,0.07692307692307693,12,12,ATTCGGTTTCTCAGGTGCAA,0,2883264
ompRp3,0.07692307692307693,12,12,ATTCGGAGAGGGACGGGGCT,0,2871419
ompRp3,0.07692307692307693,12,12,ATTATGCGACCTGCAGTTAC,0,2862731
ompRp3,0.07692307692307693,12,12,ATTATAAATAGTCTGTTCGA,0,2899608
ompRp3,0.07692307692307693,12,12,ATTAGCAGCCCGCGTTGATT,0,2891408
ompRp3,0.07692307692307693,12,12,ATGTTCTCAGAAATCTTGGT,0,2878974
ompRp3,0.07692307692307693,12,12,ATGGTAGAGATCCATCTGCC,0,2877298
ompRp3,0.07692307692307693,12,12,ATGGGTCTGTATTGATAAGA,0,2867818
ompRp3,0.07692307692307693,12,12,ATGCGCCTTCTCGTAGTGAC,0,2885124
ompRp3,0.07692307692307693,12,12,ATGCGCCATTAAATAACGCA,0,2862618
ompRp3,0.07692307692307693,12,12,ATGCCAGGTTAAGTTTTAGG,0,2894699
ompRp3,0.07692307692307693,12,12,ATGAGAACCAAGGATGACCC,0,2860731
ompRp3,0.07692307692307693,12,12,ATCTCGATGGGCCGACCAAA,0,2891086
ompRp3,0.07692307692307693,12,12,ATCTCACAGTCTCGCGCCTA,0,2884582
ompRp3,0.07692307692307693,12,12,ATCGCCCAGGATATAGCACG,0,2881692
ompRp3,0.07692307692307693,12,12,ATCAGCCTCAAGTCTAGAGC,0,2881900
ompRp3,0.07692307692307693,12,12,ATAGTATTTCGAGAGTAGGT,0,2892079
ompRp3,0.07692307692307693,12,12,ATAGGTACAACGGAACATCC,0,2900077
ompRp3,0.07692307692307693,12,12,ATAGCGAAAGCGCGCTTGAA,0,2904298
ompRp3,0.07692307692307693,12,12,ATACGCCTTCTGCCACTCGA,0,2866632
ompRp3,0.07692307692307693,12,12,AGTTCGAGTTACGATGCCAT,0,2890847
ompRp3,0.07692307692307693,12,12,AGTGGGATCGTGTATTCGCG,0,2898569
ompRp3,0.07692307692307693,12,12,AGTGCGGTTTATTCGATCCC,0,2882892
ompRp3,0.07692307692307693,12,12,AGTGAGGCAGTCTTTAAGGG,0,2889080
ompRp3,0.07692307692307693,12,12,AGTACATATGTGTAAAGTAC,0,2899256
ompRp3,0.07692307692307693,12,12,AGGTCTATCTCCCTCAAGCA,0,2870125
ompRp3,0.07692307692307693,12,12,AGGGGATATCGACGGCTCGA,0,2894944
ompRp3,0.07692307692307693,12,12,AGGGGAGCGGATTGATCTAG,0,2904414
ompRp3,0.07692307692307693,12,12,AGGCCCCCAACATGGCCTAG,0,2875442
ompRp3,0.07692307692307693,12,12,AGGCATACAACACGATACAC,0,2864594
ompRp3,0.07692307692307693,12,12,AGGACGATTTCAAGCATGGT,0,2862738
ompRp3,0.07692307692307693,12,12,AGGAAGCGGTGTCCAATAGT,0,2869782
ompRp3,0.07692307692307693,12,12,AGCTTGGTTTGTAGATATGT,0,2881919
ompRp3,0.07692307692307693,12,12,AGCTTAGTTGCGAACGACTC,0,2905200
ompRp3,0.07692307692307693,12,12,AGCTGATTCGGTTTGTGCAA,0,2866675
ompRp3,0.07692307692307693,12,12,AGCTATGATCTGACCCCAGA,0,2889496
ompRp3,0.07692307692307693,12,12,AGCGGACCCTCTGACCGGTT,0,2867338
ompRp3,0.07692307692307693,12,12,AGCGCTTGAGGGATGACTAC,0,2892793
ompRp3,0.07692307692307693,12,12,AGCCGGAGATCTATGGGGGT,0,2886678
ompRp3,0.07692307692307693,12,12,AGCCATATATAGGTCGCAGG,0,2889407
ompRp3,0.07692307692307693,12,12,AGCCACGACCATCAGATCGA,0,2901466
ompRp3,0.07692307692307693,12,12,AGCAGCCACAGTAGCTCAAT,0,2869197
ompRp3,0.07692307692307693,12,12,AGCACTTTTTACAAGGTGCG,0,2895161
ompRp3,0.07692307692307693,12,12,AGCAAGGCTCGCGGGACATC,0,2879082
ompRp3,0.07692307692307693,12,12,AGATGTTACGGATGACCTCC,0,2890178
ompRp3,0.07692307692307693,12,12,AGATGTCAGCGTCAATTCAA,0,2903701
ompRp3,0.07692307692307693,12,12,AGATAAAAAGTGTACCGCTT,0,2893991
ompRp3,0.07692307692307693,12,12,AGAGGCCTGCCAGTTACTGT,0,2906744
ompRp3,0.07692307692307693,12,12,AGAGCAGGATCAATCGATCC,0,2864972
ompRp3,0.07692307692307693,12,12,AGAATTCTGTTGCTTTTTCT,0,2907381
ompRp3,0.07692307692307693,12,12,AGAAGACGTTTACCTGCACT,0,2870310
ompRp3,0.07692307692307693,12,12,AGAACGGATCAACCTACTCC,0,2891206
ompRp3,0.07692307692307693,12,12,AGAACCGCCAGTCCTCCAAG,0,2881597
ompRp3,0.07692307692307693,12,12,AGAAAACGTAGCCACTATGG,0,2892139
ompRp3,0.07692307692307693,12,12,ACTTGGGGGGTTCCCAGCTT,0,2891433
ompRp3,0.07692307692307693,12,12,ACTGGGCAGGACCCACCATG,0,2886447
ompRp3,0.07692307692307693,12,12,ACTGCCCACCAGTGTACATA,0,2905803
ompRp3,0.07692307692307693,12,12,ACTAATTTGCTATGTGTTCA,0,2882374
ompRp3,0.07692307692307693,12,12,ACGTTGACCGGGTTGTCGTA,0,2899641
ompRp3,0.07692307692307693,12,12,ACGTGTGTTAGGTTAAACTG,0,2893442
ompRp3,0.07692307692307693,12,12,ACGTGTGCAATTTGGTGGAA,0,2896813
ompRp3,0.07692307692307693,12,12,ACGGTGAGGGCCAACATGGA,0,2876920
ompRp3,0.07692307692307693,12,12,ACGGTCCTCCCCAGGCGTAA,0,2889569
ompRp3,0.07692307692307693,12,12,ACGAGCATGACAAAAGTCTA,0,2865629
ompRp3,0.07692307692307693,12,12,ACGACCTAAATCAGTAGCTA,0,2888941
ompRp3,0.07692307692307693,12,12,ACCTGCACTTTAGCTTAGAT,0,2871277
ompRp3,0.07692307692307693,12,12,ACCGGTTCTCGATAGTGCTT,0,2877553
ompRp3,0.07692307692307693,12,12,ACCGGTGCATGTCCAATAGA,0,2864483
ompRp3,0.07692307692307693,12,12,ACCCAGATGATCGGAGCGCA,0,2862388
ompRp3,0.07692307692307693,12,12,ACATTGAAAAAAAGCAGCCC,0,2886324
ompRp3,0.07692307692307693,12,12,ACAGGAATGGTTTAATTTGT,0,2868710
ompRp3,0.07692307692307693,12,12,ACACTTGTTAGCACGCACAA,0,2878450
ompRp3,0.07692307692307693,12,12,ACACGAAATCCGACGAAGTT,0,2862897
ompRp3,0.07692307692307693,12,12,ACACCCATGTGCCCGCAAGA,0,2889288
ompRp3,0.07692307692307693,12,12,AATGTACCACTCCTTTGTAC,0,2879378
ompRp3,0.07692307692307693,12,12,AATGGTGCTCCCAAGAGCCA,0,2897293
ompRp3,0.07692307692307693,12,12,AATGGGCAGCCAACCTGGAC,0,2873943
ompRp3,0.07692307692307693,12,12,AATGGAAGTGAAAAACTTGT,0,2883410
ompRp3,0.07692307692307693,12,12,AATGCACTCGTCCGTGACGG,0,2903342
ompRp3,0.07692307692307693,12,12,AATCTCTGAACGTCGGGCAA,0,2901142
ompRp3,0.07692307692307693,12,12,AATATCGTTTAATATCGCCG,0,2905196
ompRp3,0.07692307692307693,12,12,AATACAGATCCATGAAGTAC,0,2898269
ompRp3,0.07692307692307693,12,12,AAGTGTTCTGTTTCTATGCA,0,2894697
ompRp3,0.07692307692307693,12,12,AAGTGACGCACATGTGGATG,0,2877849
ompRp3,0.07692307692307693,12,12,AAGGTTCGTTCTTGGCAGGT,0,2896803
ompRp3,0.07692307692307693,12,12,AAGGTCTCACTGAACTTTAC,0,2871150
ompRp3,0.07692307692307693,12,12,AAGGGCCGACCGCTTGACCC,0,2871578
ompRp3,0.07692307692307693,12,12,AAGGGACATGTGTGCAGGCA,0,2886466
ompRp3,0.07692307692307693,12,12,AAGCTAGCACCTCCAAAATA,0,2873389
ompRp3,0.07692307692307693,12,12,AAGCCTTGGGCTGCCTAAAA,0,2905368
ompRp3,0.07692307692307693,12,12,AAGATGTTAGCGGCAGTACA,0,2900938
ompRp3,0.07692307692307693,12,12,AAGATATACGCCACCTATGT,0,2887644
ompRp3,0.07692307692307693,12,12,AACTTTTAAGCTGCCGCCTC,0,2862949
ompRp3,0.07692307692307693,12,12,AACTATGCAATGCTTTCGAA,0,2889756
ompRp3,0.07692307692307693,12,12,AACGTACGGTTCACAAGGCA,0,2863694
ompRp3,0.07692307692307693,12,12,AACGGCCCTGGGGGGTTCCC,0,2881642
ompRp3,0.07692307692307693,12,12,AACGCTCTGGACTTCGGGCA,0,2896163
ompRp3,0.07692307692307693,12,12,AACGAGGGATCCAGCTCAAA,0,2863301
ompRp3,0.07692307692307693,12,12,AACCAGTAACGAGTATAATA,0,2887098
ompRp3,0.07692307692307693,12,12,AACAGGGTCTTTAGTGATCA,0,2880508
ompRp3,0.07692307692307693,12,12,AACAAAATTGCGACACAGGT,0,2905694
ompRp3,0.07692307692307693,12,12,AAATGCGTCGTCAAAATAAT,0,2881009
ompRp3,0.07692307692307693,12,12,AAAGTTGCGTTAAACACTTA,0,2883122
ompRp3,0.07692307692307693,12,12,AAAGGGTGTCCAACCAGCCC,0,2880430
ompRp3,0.07692307692307693,12,12,AAACTTTTATGGAGGCCATA,0,2863333
ompRp3,0.07692307692307693,12,12,AAACTGTTACTTTACAGCCT,0,2906738
ompRp3,0.07692307692307693,12,12,AAACGGGTGCGCATTGAGTG,0,2866287
ompRp3,0.07692307692307693,12,12,AAACCCATGTCGGACAGTAA,0,2894959
ompRp3,0.07692307692307693,12,12,AAAAGTGCATTTTAGGGCCT,0,2876807
ompRp3,0.08333333333333333,11,11,TTTTGGCATCACGGATAAAT,0,2866450
ompRp3,0.08333333333333333,11,11,TTTGTGCGCAGTCATGTTCC,0,2885246
ompRp3,0.08333333333333333,11,11,TTTGCGAGATTTTCTACCCG,0,2860738
ompRp3,0.08333333333333333,11,11,TTTCGACTGCTTGTCGGTAA,0,2897267
ompRp3,0.08333333333333333,11,11,TTGTGAGCTTGAAATCTCGA,0,2863567
ompRp3,0.08333333333333333,11,11,TTGTCTCGAGACCCGTGCCG,0,2896567
ompRp3,0.08333333333333333,11,11,TTGTCACTCTGCAGGAGGTA,0,2903983
ompRp3,0.08333333333333333,11,11,TTGGATCGCTAGGGTAAAAG,0,2868602
ompRp3,0.08333333333333333,11,11,TTGCCCTTCAATCACACACT,0,2885015
ompRp3,0.08333333333333333,11,11,TTGCAATAGCTTGAGGGGAT,0,2901967
ompRp3,0.08333333333333333,11,11,TTGATCTGTAGTCCAGACAC,0,2869584
ompRp3,0.08333333333333333,11,11,TTGAGCAAAATTTGGGCTAC,0,2868636
ompRp3,0.08333333333333333,11,11,TTCTGGTCGAGTGCACTGTG,0,2882290
ompRp3,0.08333333333333333,11,11,TTCTGACAAGCCTGCCGAGA,0,2868996
ompRp3,0.08333333333333333,11,11,TTCTCACGAGTCTAATAGCT,0,2887982
ompRp3,0.08333333333333333,11,11,TTCTAGCCAATCGTCTCACA,0,2885371
ompRp3,0.08333333333333333,11,11,TTCCGCCTCGACGACTAAAG,0,2896507
ompRp3,0.08333333333333333,11,11,TTCCAGGTACTCCATGAGTG,0,2903490
ompRp3,0.08333333333333333,11,11,TTCACACCGATTGAACTCAG,0,2902753
ompRp3,0.08333333333333333,11,11,TTCAAATCGATTTAGATATG,0,2878102
ompRp3,0.08333333333333333,11,11,TTATTGAGCAGTATCTCTCG,0,2875464
ompRp3,0.08333333333333333,11,11,TTATGCCGGTTGATAGCGTG,0,2904460
ompRp3,0.08333333333333333,11,11,TTAGTGTGGTCTTTTACTGA,0,2869713
ompRp3,0.08333333333333333,11,11,TTAGCCTGCGGCTCCGACTG,0,2876246
ompRp3,0.08333333333333333,11,11,TTACAGTTTCAGTGGGCCTC,0,2883152
ompRp3,0.08333333333333333,11,11,TGTGTTTTCTTTGCAGCCAC,0,2893308
ompRp3,0.08333333333333333,11,11,TGTGGTTAGCTCGAGCCATT,0,2891853
ompRp3,0.08333333333333333,11,11,TGTGAGCACGAACTAGGCGT,0,2864323
ompRp3,0.08333333333333333,11,11,TGTCGAGGTCCAATGGGTAC,0,2893599
ompRp3,0.08333333333333333,11,11,TGTCCCGTTCATAGTTCATC,0,2905322
ompRp3,0.08333333333333333,11,11,TGTAAGCGCGACCGTTCTTC,0,2895482
ompRp3,0.08333333333333333,11,11,TGGGGTACAGGCGCTCCGGC,0,2872243
ompRp3,0.08333333333333333,11,11,TGGAGGGGCTAAGTTCGTCC,0,2868336
ompRp3,0.08333333333333333,11,11,TGGAGCCTACCGCTATATTA,0,2896757
ompRp3,0.08333333333333333,11,11,TGGACGACCGGTTTGGCAAG,0,2876343
ompRp3,0.08333333333333333,11,11,TGCGGGTCTGATTTGGCCGA,0,2867175
ompRp3,0.08333333333333333,11,11,TGCGGCAATAGACGCAGAGC,0,2897516
ompRp3,0.08333333333333333,11,11,TGCGCTGCCATATACCTGAT,0,2896214
ompRp3,0.08333333333333333,11,11,TGCAGCAAAATACTAAAGCA,0,2891518
ompRp3,0.08333333333333333,11,11,TGCACACTTCCACACAAGAA,0,2884759
ompRp3,0.08333333333333333,11,11,TGCAATTGTAGTTGGAAGAG,0,2894988
ompRp3,0.08333333333333333,11,11,TGATGGCGGGAGCGGTAGAT,0,2873585
ompRp3,0.08333333333333333,11,11,TGATAGCATAATTTATGGCA,0,2875723
ompRp3,0.08333333333333333,11,11,TGAGCGCCGAAACCGTAGTG,0,2881997
ompRp3,0.08333333333333333,11,11,TGAGACCGATGAAGCATGGA,0,2882645
ompRp3,0.08333333333333333,11,11,TGAAGCCGCCACGTTTACAA,0,2883050
ompRp3,0.08333333333333333,11,11,TCTTATGGCTTTCTTAATCA,0,2885346
ompRp3,0.08333333333333333,11,11,TCTCCACGCCCCGCCCATAC,0,2889771
ompRp3,0.08333333333333333,11,11,TCGTTGTCCATGTTGTTGAC,0,2863341
ompRp3,0.08333333333333333,11,11,TCGTTCCAGTGTTAACCAGG,0,2875443
ompRp3,0.08333333333333333,11,11,TCGTGGATAGCTGAACCCAC,0,2895248
ompRp3,0.08333333333333333,11,11,TCGTAATGCCGTCTGGTCTT,0,2862747
ompRp3,0.08333333333333333,11,11,TCGGAATGGCCCGGCATGCT,0,2860903
ompRp3,0.08333333333333333,11,11,TCGCTTTTTATCTTTCCTTA,0,2861951
ompRp3,0.08333333333333333,11,11,TCGCGTTAAAACTAAGTGCA,0,2883806
ompRp3,0.08333333333333333,11,11,TCGCCGGAGGGGGAATCGAG,0,2906450
ompRp3,0.08333333333333333,11,11,TCGCCCTTCAACAAGATGCC,0,2887164
ompRp3,0.08333333333333333,11,11,TCGAGTCGTACCCAACCGCC,0,2869703
ompRp3,0.08333333333333333,11,11,TCCTGATTTATAGCGGGCGC,0,2903902
ompRp3,0.08333333333333333,11,11,TCCTCTTTTTCAGCGCGCGT,0,2901956
ompRp3,0.08333333333333333,11,11,TCCTACTCCCGTCAAGACTT,0,2878095
ompRp3,0.08333333333333333,11,11,TCCGGACCGAAAAGTGTGAT,0,2872997
ompRp3,0.08333333333333333,11,11,TCCCGGGTTCATTTCTGTAG,0,2874791
ompRp3,0.08333333333333333,11,11,TCCATCGCTTCGGGGTACTG,0,2898580
ompRp3,0.08333333333333333,11,11,TCAGCAAGGTTCTGGATTGG,0,2874695
ompRp3,0.08333333333333333,11,11,TCAGAAGGGGGGATCTTCTC,0,2891499
ompRp3,0.08333333333333333,11,11,TCAATCGCTCCGTGCTGAGG,0,2872549
ompRp3,0.08333333333333333,11,11,TCAACGTCATCTAGCGAGGC,0,2868847
ompRp3,0.08333333333333333,11,11,TATTGGGGGAGCTCAACATA,0,2867261
ompRp3,0.08333333333333333,11,11,TATTGGAATGATGTGGAGTT,0,2897157
ompRp3,0.08333333333333333,11,11,TATCTCAAGATAGCCCGCCG,0,2869802
ompRp3,0.08333333333333333,11,11,TATCGGGGTCATGACTGGAA,0,2875981
ompRp3,0.08333333333333333,11,11,TATAGTGCTCGCTTGCCCTG,0,2906620
ompRp3,0.08333333333333333,11,11,TATACGCCCCCGAGGTATAA,0,2904290
ompRp3,0.08333333333333333,11,11,TAGTATCAAGTCATGATGCA,0,2906875
ompRp3,0.08333333333333333,11,11,TAGGTTTGAAGATCATGGGG,0,2900890
ompRp3,0.08333333333333333,11,11,TAGGTAGTAATGAGTGAGGA,0,2882878
ompRp3,0.08333333333333333,11,11,TAGGGGATATCACCGAGCCT,0,2894727
ompRp3,0.08333333333333333,11,11,TAGGCCTCGGGTGATAAAAA,0,2870958
ompRp3,0.08333333333333333,11,11,TAGGAGTACGCTTGGAGATT,0,2892928
ompRp3,0.08333333333333333,11,11,TAGGACTAGGGGAGGCACTA,0,2905514
ompRp3,0.08333333333333333,11,11,TAGGAAATCGTGGGGCGGTC,0,2869206
ompRp3,0.08333333333333333,11,11,TAGAGGTCCCCCGGCAGAAC,0,2898059
ompRp3,0.08333333333333333,11,11,TAGAGGAAGGAGTCATACTG,0,2864243
ompRp3,0.08333333333333333,11,11,TAGACGGGAGGATGTACCAT,0,2873166
ompRp3,0.08333333333333333,11,11,TAGAATTGATGACTTTCCCG,0,2860766
ompRp3,0.08333333333333333,11,11,TACTACTTATAAAGGGTTTA,0,2883124
ompRp3,0.08333333333333333,11,11,TACGGTCTAAGTTCCAGAAT,0,2867557
ompRp3,0.08333333333333333,11,11,TACGAACAGATGAACCGAAT,0,2865739
ompRp3,0.08333333333333333,11,11,TACCTGGACGGTGTGTTTTT,0,2902869
ompRp3,0.08333333333333333,11,11,TAAGTTCCATGGGATCCTAC,0,2905633
ompRp3,0.08333333333333333,11,11,TAAGATTTTGGATCTTCGTC,0,2871371
ompRp3,0.08333333333333333,11,11,GTTTTCTGTACTCAGGGCGC,0,2865975
ompRp3,0.08333333333333333,11,11,GTTGGCGTGAACTTCTGCGT,0,2886854
ompRp3,0.08333333333333333,11,11,GTTCTTAGTCTTAGAGACAG,0,2895053
ompRp3,0.08333333333333333,11,11,GTTCCTTCGGTCTGTTTGTA,0,2889810
ompRp3,0.08333333333333333,11,11,GTTCCATGTGTTGGATTCTA,0,2875456
ompRp3,0.08333333333333333,11,11,GTGGTACGGAGGCCGAGATT,0,2898723
ompRp3,0.08333333333333333,11,11,GTGGAATGGAATCACCGTGT,0,2895855
ompRp3,0.08333333333333333,11,11,GTGCGAGTTTTTTTGCTGGG,0,2876827
ompRp3,0.08333333333333333,11,11,GTGATGCCGGCACTGTGGAA,0,2881960
ompRp3,0.08333333333333333,11,11,GTGAATTTTGGGTCCCGAGG,0,2866438
ompRp3,0.08333333333333333,11,11,GTCTAACTACCGGTTCACAC,0,2887187
ompRp3,0.08333333333333333,11,11,GTCGTAAGGAGTCGGTTTCC,0,2887886
ompRp3,0.08333333333333333,11,11,GTCGGCGAGGGACACGGTAA,0,2875696
ompRp3,0.08333333333333333,11,11,GTCATTTCGGATTAGTTACA,0,2890212
ompRp3,0.08333333333333333,11,11,GTCATACTAACGGTACAGGT,0,2905905
ompRp3,0.08333333333333333,11,11,GTCACTTCGTCTATCTAGCA,0,2864464
ompRp3,0.08333333333333333,11,11,GTCACGTGAATCAAGACGTG,0,2863263
ompRp3,0.08333333333333333,11,11,GTCACAAGTTCGTAATCAAA,0,2883924
ompRp3,0.08333333333333333,11,11,GTCAACATCCTGTTATACAC,0,2860798
ompRp3,0.08333333333333333,11,11,GTATTATGATACAGTGTAAA,0,2863959
ompRp3,0.08333333333333333,11,11,GTATGCCTAATGACAAAGAT,0,2864393
ompRp3,0.08333333333333333,11,11,GTATGCAAACATTCCCCATA,0,2884577
ompRp3,0.08333333333333333,11,11,GTATGATCACCCTGCGCGTT,0,2870477
ompRp3,0.08333333333333333,11,11,GTATGAGGGACAATGTTCAA,0,2896282
ompRp3,0.08333333333333333,11,11,GTATCTGCGGGGCTCCAATA,0,2885070
ompRp3,0.08333333333333333,11,11,GTATCTCCGGGAGAGCATCA,0,2863103
ompRp3,0.08333333333333333,11,11,GTAGCCTTGGCAGAACCGCG,0,2897775
ompRp3,0.08333333333333333,11,11,GTACCGGAAGAATTCGTGCA,0,2879129
ompRp3,0.08333333333333333,11,11,GTAACATAGCGGCCTCCTGG,0,2862622
ompRp3,0.08333333333333333,11,11,GGTTTACATAGGCTGACTCT,0,2873448
ompRp3,0.08333333333333333,11,11,GGTTGTCGCCGTTGGACTAT,0,2875944
ompRp3,0.08333333333333333,11,11,GGTTAGGCCATGTAAGCAAT,0,2888023
ompRp3,0.08333333333333333,11,11,GGTTACGGGCAACCTGAGCG,0,2892428
ompRp3,0.08333333333333333,11,11,GGTGAGAATAGGCTAATACG,0,2883891
ompRp3,0.08333333333333333,11,11,GGTCTGTTGTCAGAAACCAG,0,2864778
ompRp3,0.08333333333333333,11,11,GGTATCGGCACCAATCGTTG,0,2868467
ompRp3,0.08333333333333333,11,11,GGTATCCACACATGCGTTTT,0,2886294
ompRp3,0.08333333333333333,11,11,GGTAGGTTACACGGGCCGTG,0,2869786
ompRp3,0.08333333333333333,11,11,GGTACTTTGCTTCTCTTTTG,0,2887699
ompRp3,0.08333333333333333,11,11,GGGTGCCGGCCGAACATATA,0,2896456
ompRp3,0.08333333333333333,11,11,GGGTCTCGGTGGCTGTCAAA,0,2899054
ompRp3,0.08333333333333333,11,11,GGGGTCATTTTTTGGATCTT,0,2866734
ompRp3,0.08333333333333333,11,11,GGGGAACATGATAGTTCAGT,0,2879008
ompRp3,0.08333333333333333,11,11,GGGCCATGGTCGCCTGTGGG,0,2879654
ompRp3,0.08333333333333333,11,11,GGGATTTGTTCGCTCAGGGA,0,2871027
ompRp3,0.08333333333333333,11,11,GGGATTGTTCGGCCCGCTCT,0,2879893
ompRp3,0.08333333333333333,11,11,GGGAGCGGGATCCGAGGATT,0,2862401
ompRp3,0.08333333333333333,11,11,GGCTTTAGTTGTCCAAACCC,0,2904650
ompRp3,0.08333333333333333,11,11,GGCTGGAGCCGAATCAATAA,0,2893685
ompRp3,0.08333333333333333,11,11,GGCGGGTACCCCAACCAACA,0,2892870
ompRp3,0.08333333333333333,11,11,GGCCGTCGATTTCGGGCGGC,0,2900535
ompRp3,0.08333333333333333,11,11,GGCCGAAACCTGCTAACCGA,0,2874794
ompRp3,0.08333333333333333,11,11,GGCAGGCACTACAGTGATCG,0,2893112
ompRp3,0.08333333333333333,11,11,GGCACGCAAAGACCCGCGCC,0,2866179
ompRp3,0.08333333333333333,11,11,GGATTCTATAACCCTGACAT,0,2884621
ompRp3,0.08333333333333333,11,11,GGATCTATTTTGTCACGGAC,0,2892067
ompRp3,0.08333333333333333,11,11,GGAGCCACTGGTGCGGAGAA,0,2900057
ompRp3,0.08333333333333333,11,11,GGACTGGTTTAAACCCTAGA,0,2861868
ompRp3,0.08333333333333333,11,11,GGACGTGTTTGATCAACGAT,0,2871914
ompRp3,0.08333333333333333,11,11,GGACCGACGTTCCGTCAAAG,0,2885066
ompRp3,0.08333333333333333,11,11,GGACACGATGGAGGGGCCTA,0,2887543
ompRp3,0.08333333333333333,11,11,GGAATTAGATAGATTCACTG,0,2895158
ompRp3,0.08333333333333333,11,11,GGAAGCTTCCCCGACGGACA,0,2874756
ompRp3,0.08333333333333333,11,11,GCTTGCACTTCAATCGTGCA,0,2868881
ompRp3,0.08333333333333333,11,11,GCTTGACTCATCTTAAAGGT,0,2866564
ompRp3,0.08333333333333333,11,11,GCTTCAAGTACAAGCCGTGA,0,2872737
ompRp3,0.08333333333333333,11,11,GCTGTCGCAAGCGGCCAAGG,0,2888523
ompRp3,0.08333333333333333,11,11,GCTGCACTTTATTTCTAGGA,0,2864436
ompRp3,0.08333333333333333,11,11,GCTACTCAGCCTCTCTCCAC,0,2881074
ompRp3,0.08333333333333333,11,11,GCTAAACGGAAGCTGTCCGA,0,2877007
ompRp3,0.08333333333333333,11,11,GCGTTAGGCTGATTACCCAT,0,2864007
ompRp3,0.08333333333333333,11,11,GCGTCTCTCTATCTGTCCTG,0,2871745
ompRp3,0.08333333333333333,11,11,GCGTCTCGTGAAATGGGAGG,0,2869444
ompRp3,0.08333333333333333,11,11,GCGTAGGTCAACATCTACAA,0,2889621
ompRp3,0.08333333333333333,11,11,GCGCGGTATCAGATCCCAAT,0,2905985
ompRp3,0.08333333333333333,11,11,GCGCGGGGGAGGAATAAGAG,0,2886003
ompRp3,0.08333333333333333,11,11,GCGATCCATGCGAACTACTC,0,2895645
ompRp3,0.08333333333333333,11,11,GCCTTGACTCGGCGAGTCTG,0,2894895
ompRp3,0.08333333333333333,11,11,GCCTATGCATCCCAGACGGC,0,2892853
ompRp3,0.08333333333333333,11,11,GCCGGTTTCAAGGGGGCCAC,0,2889842
ompRp3,0.08333333333333333,11,11,GCCGCTTTCTGGCTCGCTTA,0,2883352
ompRp3,0.08333333333333333,11,11,GCCGCGGCCAGCTTCATACC,0,2900109
ompRp3,0.08333333333333333,11,11,GCCCGTCTACTTACTAGAGG,0,2890387
ompRp3,0.08333333333333333,11,11,GCCCCGCAGACAGTGAGGCG,0,2899554
ompRp3,0.08333333333333333,11,11,GCCCAAATTGGCCATGTGCA,0,2890015
ompRp3,0.08333333333333333,11,11,GCCAACGTACCCAGTCGGTG,0,2878400
ompRp3,0.08333333333333333,11,11,GCATGCACACGAGCTTCATA,0,2865695
ompRp3,0.08333333333333333,11,11,GCATATAGTGGCTGGTCATC,0,2905426
ompRp3,0.08333333333333333,11,11,GCAGGCTCGGAAGCGGTATT,0,2871646
ompRp3,0.08333333333333333,11,11,GCAGCTTCACTTTCTGCGTG,0,2885566
ompRp3,0.08333333333333333,11,11,GCACTGTTCACTCCTAAGCT,0,2895588
ompRp3,0.08333333333333333,11,11,GCACGTACCATGCCCACCTC,0,2865937
ompRp3,0.08333333333333333,11,11,GCAATCTTCCGTTTCGGGGT,0,2888175
ompRp3,0.08333333333333333,11,11,GCAACCCAACAAGTTGTTAG,0,2881611
ompRp3,0.08333333333333333,11,11,GATTATTAAGAGCCCTGATG,0,2906947
ompRp3,0.08333333333333333,11,11,GATGTGTCTAGATGGAACCA,0,2893597
ompRp3,0.08333333333333333,11,11,GATAGACACTCAGACTTGCG,0,2885585
ompRp3,0.08333333333333333,11,11,GATAATCGGAGGGAATGCCT,0,2864289
ompRp3,0.08333333333333333,11,11,GATAAAACGTCTTGAATACA,0,2907149
ompRp3,0.08333333333333333,11,11,GAGCAGGAAGCCCCTGTCGG,0,2869679
ompRp3,0.08333333333333333,11,11,GAGAGGCTGTAAGGCGCCAT,0,2871443
ompRp3,0.08333333333333333,11,11,GAGAGCGGGTCGCTGGCTCT,0,2879704
ompRp3,0.08333333333333333,11,11,GAGACCGGGGCGGTGGGAAG,0,2872994
ompRp3,0.08333333333333333,11,11,GACGTGACGCTGGTCAGATT,0,2900396
ompRp3,0.08333333333333333,11,11,GACGGACATCGCCATGTGGA,0,2882257
ompRp3,0.08333333333333333,11,11,GACGAAACCTCAGTGAATAT,0,2872865
ompRp3,0.08333333333333333,11,11,GACCGGAGATGTTGTCTAGC,0,2880678
ompRp3,0.08333333333333333,11,11,GACACTGTACCCTAACTTCT,0,2872878
ompRp3,0.08333333333333333,11,11,GAATTCCTAGCGCTAGGTTT,0,2871449
ompRp3,0.08333333333333333,11,11,GAATGGCGGCTTCGCACAGA,0,2889547
ompRp3,0.08333333333333333,11,11,GAAGGTAGAGCAGATTGGAA,0,2878767
ompRp3,0.08333333333333333,11,11,GAAGGGATCCTCTTCACTCC,0,2870155
ompRp3,0.08333333333333333,11,11,GAACAGCACCGCATATATTT,0,2862860
ompRp3,0.08333333333333333,11,11,GAAAGGACACGGTGATGTGT,0,2882694
ompRp3,0.08333333333333333,11,11,GAAAGCATTCCCGACATAAC,0,2893812
ompRp3,0.08333333333333333,11,11,GAAACTAAAATTCGGGAAGT,0,2886061
ompRp3,0.08333333333333333,11,11,CTTTGACCCAACTCCTTGGT,0,2877912
ompRp3,0.08333333333333333,11,11,CTTTCTCTATATCTAACATA,0,2888056
ompRp3,0.08333333333333333,11,11,CTTGAGAGGCGCAAGGTCTC,0,2900441
ompRp3,0.08333333333333333,11,11,CTTATTGTAGGTGTAGCGGC,0,2866854
ompRp3,0.08333333333333333,11,11,CTTACTGTAACCAGATGGAC,0,2872097
ompRp3,0.08333333333333333,11,11,CTGTTCCGGCTTGCACTTGG,0,2868419
ompRp3,0.08333333333333333,11,11,CTGTCCGTTTTGACATGTCA,0,2868784
ompRp3,0.08333333333333333,11,11,CTGGGGTTACCAGCGAGTGC,0,2866413
ompRp3,0.08333333333333333,11,11,CTGGCCGAAGCGCTCGATAG,0,2888000
ompRp3,0.08333333333333333,11,11,CTGGCAATAATGCCTTCAGG,0,2869321
ompRp3,0.08333333333333333,11,11,CTGGAGTTCGCATATGGATC,0,2892640
ompRp3,0.08333333333333333,11,11,CTGCTATAAACTAATCGCCA,0,2889173
ompRp3,0.08333333333333333,11,11,CTGCGTCACCACAGCCAGGA,0,2893654
ompRp3,0.08333333333333333,11,11,CTGCAGCACGAAATCGATCA,0,2869968
ompRp3,0.08333333333333333,11,11,CTCTTATTGCGGAGTCATAT,0,2861440
ompRp3,0.08333333333333333,11,11,CTCTGCTTAAAAAGAGCGCC,0,2887754
ompRp3,0.08333333333333333,11,11,CTCTATCGCCTCCCGCGGCC,0,2864315
ompRp3,0.08333333333333333,11,11,CTCGCTCGCTACCTACGAAG,0,2887448
ompRp3,0.08333333333333333,11,11,CTCGCAGAACTGAAGAGCAA,0,2885984
ompRp3,0.08333333333333333,11,11,CTCGCAAAGCGGTCTATGTC,0,2882020
ompRp3,0.08333333333333333,11,11,CTCATAACGACCATCCGCGG,0,2870830
ompRp3,0.08333333333333333,11,11,CTCAAAACTGCGCGGATGCC,0,2866642
ompRp3,0.08333333333333333,11,11,CTATTGGTAAAGTTAATCGA,0,2892425
ompRp3,0.08333333333333333,11,11,CTATCGGACTTCATTCCCGT,0,2864834
ompRp3,0.08333333333333333,11,11,CTAGTCTGCCACTGAATGCC,0,2871746
ompRp3,0.08333333333333333,11,11,CTAGCAGTTCGTGCTGAAAT,0,2875180
ompRp3,0.08333333333333333,11,11,CTACATGGAGTTCGTTGAAC,0,2866142
ompRp3,0.08333333333333333,11,11,CGTTTGTGCGAATCGGGAGG,0,2886929
ompRp3,0.08333333333333333,11,11,CGTTTAACTTCAAGAGGCAG,0,2897860
ompRp3,0.08333333333333333,11,11,CGTTCCCTTTCGTTACGTGT,0,2887918
ompRp3,0.08333333333333333,11,11,CGTTCAGAGCGATGTGCGGA,0,2883231
ompRp3,0.08333333333333333,11,11,CGTGTCATATATACCGTACT,0,2880996
ompRp3,0.08333333333333333,11,11,CGTCTATAGCTGAGCGTAGC,0,2861746
ompRp3,0.08333333333333333,11,11,CGTCGGAAGTCAAATCTTGC,0,2865692
ompRp3,0.08333333333333333,11,11,CGTCGCTCCGCTTTCGCCCT,0,2878714
ompRp3,0.08333333333333333,11,11,CGTCCGCGTTCACACCTGCA,0,2890042
ompRp3,0.08333333333333333,11,11,CGTAACTACCTTGGCGCCCA,0,2904210
ompRp3,0.08333333333333333,11,11,CGTAAATTGGCTAAGGGTTG,0,2871436
ompRp3,0.08333333333333333,11,11,CGGTGGAGACCGAGGTTAAA,0,2867449
ompRp3,0.08333333333333333,11,11,CGGATTCTTTTTTCCTATAC,0,2886411
ompRp3,0.08333333333333333,11,11,CGGATTCTGCTCTAAACTAA,0,2899807
ompRp3,0.08333333333333333,11,11,CGGAGTTTCAGCGCGACGCT,0,2862054
ompRp3,0.08333333333333333,11,11,CGGAGCCCGGTCGCATGGCT,0,2892438
ompRp3,0.08333333333333333,11,11,CGGACAATTAACTTTCCCGG,0,2878215
ompRp3,0.08333333333333333,11,11,CGGAACAAACATGCTTTTTA,0,2879518
ompRp3,0.08333333333333333,11,11,CGGAAAATATTACTGTGCGT,0,2873144
ompRp3,0.08333333333333333,11,11,CGCTTTGGGGAATGGTATGC,0,2874572
ompRp3,0.08333333333333333,11,11,CGCTGGCGAAGGTAATTACA,0,2894122
ompRp3,0.08333333333333333,11,11,CGCCTGTGATCCGGGTATCT,0,2878241
ompRp3,0.08333333333333333,11,11,CGCAATTTGATTTTGGTTTG,0,2883033
ompRp3,0.08333333333333333,11,11,CGCAAACGACGTTTGGGGAA,0,2892910
ompRp3,0.08333333333333333,11,11,CGATCTCCCTTGCTTGGCAT,0,2877555
ompRp3,0.08333333333333333,11,11,CGATCCTCATATGCCCCTAA,0,2889068
ompRp3,0.08333333333333333,11,11,CGATATGTACGGGCAGAGAG,0,2861075
ompRp3,0.08333333333333333,11,11,CGAGTCCGACCGATCAATGC,0,2897736
ompRp3,0.08333333333333333,11,11,CGAGGCTTCATTTACGGGGA,0,2885385
ompRp3,0.08333333333333333,11,11,CGAGCCTACCGTACATACGG,0,2902157
ompRp3,0.08333333333333333,11,11,CGAAGCAGCATTCCCACCAT,0,2872716
ompRp3,0.08333333333333333,11,11,CGAAACGGCTAAATGAACAG,0,2906001
ompRp3,0.08333333333333333,11,11,CCTTTTAAAACATAACCGCG,0,2903584
ompRp3,0.08333333333333333,11,11,CCTTTCTTACGCTCTCTAGC,0,2896194
ompRp3,0.08333333333333333,11,11,CCTTTACGGTTGCTTCGTAC,0,2889545
ompRp3,0.08333333333333333,11,11,CCTTGTCTTGCTAAGCTTCT,0,2901423
ompRp3,0.08333333333333333,11,11,CCTGGTAGAGGTTATAATGT,0,2863752
ompRp3,0.08333333333333333,11,11,CCTCTATGGTGCCATCAAAG,0,2905054
ompRp3,0.08333333333333333,11,11,CCTCATTGATGCAAGCAACG,0,2905192
ompRp3,0.08333333333333333,11,11,CCTCATCGCGATGAGGCAAT,0,2903061
ompRp3,0.08333333333333333,11,11,CCTATCAGCGCGGCTACCGT,0,2882476
ompRp3,0.08333333333333333,11,11,CCTAACCTGGGATGATCCCT,0,2870039
ompRp3,0.08333333333333333,11,11,CCGTTGTGCGCAGGGCTGAA,0,2901706
ompRp3,0.08333333333333333,11,11,CCGTACAACAGGATTGTCTG,0,2905468
ompRp3,0.08333333333333333,11,11,CCGGTTTTTGAGTGACTTGT,0,2868607
ompRp3,0.08333333333333333,11,11,CCGGTCCATGGTCGCCCGAC,0,2874857
ompRp3,0.08333333333333333,11,11,CCGGACCATTTAGGACTTGC,0,2874729
ompRp3,0.08333333333333333,11,11,CCGCGCACATACGAGGAGGT,0,2890462
ompRp3,0.08333333333333333,11,11,CCGCCAGCTGTTAGCCCATA,0,2889179
ompRp3,0.08333333333333333,11,11,CCGCAAGTCGGCGTCAACTA,0,2884093
ompRp3,0.08333333333333333,11,11,CCGACGCCGTGCCGCTGGAC,0,2896089
ompRp3,0.08333333333333333,11,11,CCCTTCTTACGATGTGGCTC,0,2879696
ompRp3,0.08333333333333333,11,11,CCCTGTGTGGCCTTTATCAG,0,2898350
ompRp3,0.08333333333333333,11,11,CCCTACGGCACGCAGCGCCT,0,2876873
ompRp3,0.08333333333333333,11,11,CCCCTTGGCATCAATTACAT,0,2865139
ompRp3,0.08333333333333333,11,11,CCCAGAATCTGTGCTTTAGC,0,2878927
ompRp3,0.08333333333333333,11,11,CCCACAACGCCCGCGCAAAT,0,2861447
ompRp3,0.08333333333333333,11,11,CCATAAATAGCTGAGTTCTG,0,2894576
ompRp3,0.08333333333333333,11,11,CCACTGCGAGATCTCATATA,0,2896639
ompRp3,0.08333333333333333,11,11,CCACCATTCCCGAGAGGGAC,0,2886211
ompRp3,0.08333333333333333,11,11,CCACAAGGATCCAATCTGAG,0,2864563
ompRp3,0.08333333333333333,11,11,CCAAGCATGGAGCACCGTGT,0,2879199
ompRp3,0.08333333333333333,11,11,CCAAAAATACTACTCGATAA,0,2906414
ompRp3,0.08333333333333333,11,11,CATTTTTAACCATGGGGCGC,0,2892016
ompRp3,0.08333333333333333,11,11,CATTGCGTCTTCCGCATCGC,0,2868484
ompRp3,0.08333333333333333,11,11,CATGAGCGATTCTCCCAAAG,0,2865390
ompRp3,0.08333333333333333,11,11,CATCTGTAACGTCCCTGGCG,0,2867787
ompRp3,0.08333333333333333,11,11,CATAAACGTGAATCCAACAT,0,2898551
ompRp3,0.08333333333333333,11,11,CAGTTACGGGGCAATTCTTC,0,2906931
ompRp3,0.08333333333333333,11,11,CAGTGTTTTTGCAAGCTGGT,0,2872999
ompRp3,0.08333333333333333,11,11,CAGTCTGCGGTGAATTCGGG,0,2876496
ompRp3,0.08333333333333333,11,11,CAGTCACGCATTTTGCGGTG,0,2879262
ompRp3,0.08333333333333333,11,11,CAGTATTAATGTTACTCCGA,0,2896273
ompRp3,0.08333333333333333,11,11,CAGTATCTGCAACAAGTGAG,0,2865867
ompRp3,0.08333333333333333,11,11,CAGGGATTGAATCACTCACC,0,2882876
ompRp3,0.08333333333333333,11,11,CAGCTGACCCCAATTTATAT,0,2875814
ompRp3,0.08333333333333333,11,11,CAGACTTTCGGCCGAAGCTG,0,2885578
ompRp3,0.08333333333333333,11,11,CACTGGAATATAAAAGGCGA,0,2864480
ompRp3,0.08333333333333333,11,11,CACTCCGGGCTGGCGCTCTA,0,2881278
ompRp3,0.08333333333333333,11,11,CACGTGGCTTAGGGGATATC,0,2874427
ompRp3,0.08333333333333333,11,11,CACGGAAGGAGACGTTCCCC,0,2862240
ompRp3,0.08333333333333333,11,11,CACCTAGTGAGCTAATCGCC,0,2875349
ompRp3,0.08333333333333333,11,11,CACCGTTGACACCCAAAATT,0,2869520
ompRp3,0.08333333333333333,11,11,CACAGGGATTTTTTATGTGA,0,2892841
ompRp3,0.08333333333333333,11,11,CAATGGGTTCCTTTGCATGG,0,2901234
ompRp3,0.08333333333333333,11,11,CAATAATCTGCCGTGATCCA,0,2869109
ompRp3,0.08333333333333333,11,11,CAAGTGAAAGAAGGAATTAG,0,2870977
ompRp3,0.08333333333333333,11,11,CAAGATCTACGACTCCGATC,0,2868098
ompRp3,0.08333333333333333,11,11,CAACTGATGACTGGTTGATG,0,2899380
ompRp3,0.08333333333333333,11,11,CAAATGCATCAGGGGACGTT,0,2895818
ompRp3,0.08333333333333333,11,11,CAAAGGTCTTTCGATGGAAA,0,2898770
ompRp3,0.08333333333333333,11,11,CAAAGGAAAAGAACTCGCGC,0,2876215
ompRp3,0.08333333333333333,11,11,CAAAGCGCACCAACGGCTTA,0,2906471
ompRp3,0.08333333333333333,11,11,CAAAACGGATTGTGGACGAG,0,2863143
ompRp3,0.08333333333333333,11,11,ATTTGTTAGGCAATTCAAAC,0,2899506
ompRp3,0.08333333333333333,11,11,ATTTGATGTGTAAGTGAATA,0,2870807
ompRp3,0.08333333333333333,11,11,ATTTGAGGCAGCTTTTGGCA,0,2901179
ompRp3,0.08333333333333333,11,11,ATTGCTGATCCTGTGAACTA,0,2861235
ompRp3,0.08333333333333333,11,11,ATTGACACTCGGGGGGGCTA,0,2891006
ompRp3,0.08333333333333333,11,11,ATTCGCTAGCTGGGAACGGG,0,2889800
ompRp3,0.08333333333333333,11,11,ATTCCGGCCCCCCTGGATGA,0,2878527
ompRp3,0.08333333333333333,11,11,ATTCAGGGATACCTTCAGTT,0,2868617
ompRp3,0.08333333333333333,11,11,ATTCACTAACAGTGGGGGCT,0,2865065
ompRp3,0.08333333333333333,11,11,ATTCAAACGAGGACGTGTAA,0,2880602
ompRp3,0.08333333333333333,11,11,ATTATTTATATACACAAGTA,0,2900798
ompRp3,0.08333333333333333,11,11,ATTATCGGCTCTTATGAGGT,0,2891713
ompRp3,0.08333333333333333,11,11,ATTAGAGCGTAGTCTATGGA,0,2875162
ompRp3,0.08333333333333333,11,11,ATGGTTACATGTAAGCTGAG,0,2900873
ompRp3,0.08333333333333333,11,11,ATGGACTGGTCAGTATGGAG,0,2902520
ompRp3,0.08333333333333333,11,11,ATGCTATGCTTTACCACTAT,0,2869783
ompRp3,0.08333333333333333,11,11,ATGCGGACCACGTCTTTTGT,0,2870228
ompRp3,0.08333333333333333,11,11,ATGCGCACGGCCGGATTGCA,0,2884045
ompRp3,0.08333333333333333,11,11,ATGCCATATAGTCTATAAGG,0,2877216
ompRp3,0.08333333333333333,11,11,ATCTGGTGCCACCTTATGGG,0,2875771
ompRp3,0.08333333333333333,11,11,ATCTCCTCAGCAATAGGGAC,0,2903241
ompRp3,0.08333333333333333,11,11,ATCGCTTTTCAGGAATGACT,0,2884261
ompRp3,0.08333333333333333,11,11,ATCACTTCGTGGCTAGGTTT,0,2876236
ompRp3,0.08333333333333333,11,11,ATCACGCAGAAAATCCAGAA,0,2895295
ompRp3,0.08333333333333333,11,11,ATAGGGGTTGACTATATGTT,0,2876176
ompRp3,0.08333333333333333,11,11,ATACGAGTGACAGGCATCAT,0,2906469
ompRp3,0.08333333333333333,11,11,ATAATTCTACTGACAACGTG,0,2887242
ompRp3,0.08333333333333333,11,11,ATAATCAGGACCCTGTTCAT,0,2896952
ompRp3,0.08333333333333333,11,11,AGTTGCCGTAGAGGGCGGTA,0,2876420
ompRp3,0.08333333333333333,11,11,AGTGTATAGTTGGTGCGTCA,0,2868623
ompRp3,0.08333333333333333,11,11,AGTGTAATTGGTGCCAGCGG,0,2864378
ompRp3,0.08333333333333333,11,11,AGTGGATTCGATGGCTAGTT,0,2872341
ompRp3,0.08333333333333333,11,11,AGTCTAGAGTTGAGTGGTTC,0,2871562
ompRp3,0.08333333333333333,11,11,AGTCGGCTAGGAGGTTTCCA,0,2898320
ompRp3,0.08333333333333333,11,11,AGTCATACGGGATTTTGGGA,0,2861720
ompRp3,0.08333333333333333,11,11,AGTATTATAAGTCATACCCC,0,2860813
ompRp3,0.08333333333333333,11,11,AGGTTCGAACACGTACGACA,0,2885783
ompRp3,0.08333333333333333,11,11,AGGGTGCTAGCACAGTGTCG,0,2889181
ompRp3,0.08333333333333333,11,11,AGGGTACACGAAGAGTCATA,0,2897661
ompRp3,0.08333333333333333,11,11,AGGGGGCCTTTATAATTACT,0,2868965
ompRp3,0.08333333333333333,11,11,AGGAGGCTGAGTGCCTACCT,0,2878456
ompRp3,0.08333333333333333,11,11,AGGAGCGAATGTTACGTTAA,0,2861237
ompRp3,0.08333333333333333,11,11,AGGAAGTGGGGAAGTTCTAT,0,2902476
ompRp3,0.08333333333333333,11,11,AGCTTCAGCACATGTACAGT,0,2887641
ompRp3,0.08333333333333333,11,11,AGCTCGGGCTAACGACCTAG,0,2899074
ompRp3,0.08333333333333333,11,11,AGCTACGAACAATGTACCAG,0,2905348
ompRp3,0.08333333333333333,11,11,AGCGCAGCCAGTCAGCTACC,0,2866617
ompRp3,0.08333333333333333,11,11,AGCACGACACCCCGACCAAA,0,2896846
ompRp3,0.08333333333333333,11,11,AGCAAAAAGAGGCAAGCTAA,0,2893293
ompRp3,0.08333333333333333,11,11,AGATCCTTAGCAATAGCCCG,0,2882614
ompRp3,0.08333333333333333,11,11,AGAGAGTGCACCGGTTCCCA,0,2901112
ompRp3,0.08333333333333333,11,11,AGAAGGTTTATTTCTTGGAT,0,2881479
ompRp3,0.08333333333333333,11,11,ACTTGCGTACCCGGTCATAC,0,2887665
ompRp3,0.08333333333333333,11,11,ACTGGTTGCCTGGGCATCCG,0,2894796
ompRp3,0.08333333333333333,11,11,ACTGGTGCGGTGCAGTGCGA,0,2907092
ompRp3,0.08333333333333333,11,11,ACTGCAATAGTGAGCCCACA,0,2891424
ompRp3,0.08333333333333333,11,11,ACTCTGTATTTCGAGTGGCG,0,2882083
ompRp3,0.08333333333333333,11,11,ACTCAACCCGGAGTGTGTTG,0,2877655
ompRp3,0.08333333333333333,11,11,ACGTCTCAGTAGGTTATACG,0,2883336
ompRp3,0.08333333333333333,11,11,ACGTCCCGCAATTGTTTGTA,0,2901047
ompRp3,0.08333333333333333,11,11,ACGTATGTCGCTTGAACGCT,0,2872666
ompRp3,0.08333333333333333,11,11,ACGGGGGGGCTCATACGTCG,0,2864368
ompRp3,0.08333333333333333,11,11,ACGGGCGGCGCCCCGTTCTA,0,2862623
ompRp3,0.08333333333333333,11,11,ACGGGACGCTTCGGAGAGGG,0,2874763
ompRp3,0.08333333333333333,11,11,ACGGACCTAGGCAGAGGAGA,0,2895023
ompRp3,0.08333333333333333,11,11,ACGCTGTGTCGCGTCAGACA,0,2905277
ompRp3,0.08333333333333333,11,11,ACGCTGGGTGCATCACCGAA,0,2883055
ompRp3,0.08333333333333333,11,11,ACGCTGCGGCGAGCTACGCA,0,2871676
ompRp3,0.08333333333333333,11,11,ACGCCCAAGGTACTAAGTGA,0,2899388
ompRp3,0.08333333333333333,11,11,ACGCCACCTAGTGACCACAC,0,2874569
ompRp3,0.08333333333333333,11,11,ACGATGAATCCCGACAGGAG,0,2880181
ompRp3,0.08333333333333333,11,11,ACGAGGGTACCTATGGGAAC,0,2905681
ompRp3,0.08333333333333333,11,11,ACGAGGAGTGAACTCAAATT,0,2868071
ompRp3,0.08333333333333333,11,11,ACGACCAACAGCCTGTGACG,0,2878608
ompRp3,0.08333333333333333,11,11,ACGAACGCGTTATTCTTTCT,0,2893709
ompRp3,0.08333333333333333,11,11,ACCTTTAGTAATGTCACCAC,0,2881845
ompRp3,0.08333333333333333,11,11,ACCGTCCGGAGCCCTTACGT,0,2875490
ompRp3,0.08333333333333333,11,11,ACCGACTTTCAAGTCTACAG,0,2863840
ompRp3,0.08333333333333333,11,11,ACCCTCCGACTATATGTAAT,0,2871812
ompRp3,0.08333333333333333,11,11,ACCCATAGCTCTAAGCAGGA,0,2866332
ompRp3,0.08333333333333333,11,11,ACCCAGGGTTCCCAGACCAA,0,2875448
ompRp3,0.08333333333333333,11,11,ACCACCGTTCCACCCCTTAT,0,2882454
ompRp3,0.08333333333333333,11,11,ACATTTCACAGGCCAATATT,0,2869632
ompRp3,0.08333333333333333,11,11,ACATTCCGGGAATCATAGGT,0,2881488
ompRp3,0.08333333333333333,11,11,ACATGGAAGAACCTAGGGCG,0,2880204
ompRp3,0.08333333333333333,11,11,ACATCACGCATTGTACTGCT,0,2899828
ompRp3,0.08333333333333333,11,11,ACATAGATTAAGTCTTCCAG,0,2897223
ompRp3,0.08333333333333333,11,11,ACATACAATGCTGTTCCGTA,0,2905995
ompRp3,0.08333333333333333,11,11,ACAGGCTCAATCTATTTGAA,0,2865781
ompRp3,0.08333333333333333,11,11,ACAGCGAAAATTAGTGAGAA,0,2887589
ompRp3,0.08333333333333333,11,11,ACACGCCTTTTACCGAGGCA,0,2882235
ompRp3,0.08333333333333333,11,11,ACACCGCGAATTCCGGGATT,0,2906721
ompRp3,0.08333333333333333,11,11,ACAAGACCGAATTGTCATCT,0,2862261
ompRp3,0.08333333333333333,11,11,AATTTGAGACGGTTACTTGC,0,2882898
ompRp3,0.08333333333333333,11,11,AATTTCGCCCGAGGGGAATG,0,2899563
ompRp3,0.08333333333333333,11,11,AATTGCACATAAGTTTTCTA,0,2903903
ompRp3,0.08333333333333333,11,11,AATTCCCCGCACTGCGATTC,0,2898093
ompRp3,0.08333333333333333,11,11,AATTACACGATCAGCGTCTC,0,2888277
ompRp3,0.08333333333333333,11,11,AATGTGGTATTAGCGCTGTG,0,2881129
ompRp3,0.08333333333333333,11,11,AATGTCAGTTGGCGTACGCT,0,2898523
ompRp3,0.08333333333333333,11,11,AATGAGCGGGTGAGCAAAAG,0,2865967
ompRp3,0.08333333333333333,11,11,AATCAGTCTACAAGGCTATG,0,2891305
ompRp3,0.08333333333333333,11,11,AATATCGCTAAAGATATGCA,0,2897519
ompRp3,0.08333333333333333,11,11,AATATATCTGAGTGTATCCA,0,2879472
ompRp3,0.08333333333333333,11,11,AATAGTGGGACGTGAATGTT,0,2864715
ompRp3,0.08333333333333333,11,11,AATAGCGCATCGAGAGACAC,0,2867793
ompRp3,0.08333333333333333,11,11,AATACCAGTGGGCTTTGCCA,0,2900460
ompRp3,0.08333333333333333,11,11,AATAACAATAACCAAGGGAT,0,2883413
ompRp3,0.08333333333333333,11,11,AAGTATTATAAGTTCGCCTT,0,2881989
ompRp3,0.08333333333333333,11,11,AAGGTGCCCAAACAGGGGTT,0,2862893
ompRp3,0.08333333333333333,11,11,AAGGCTAGTTTTGTGCGTCA,0,2866815
ompRp3,0.08333333333333333,11,11,AAGATCTCATCTTAATAACT,0,2879634
ompRp3,0.08333333333333333,11,11,AAGACAGCTGGAAAGATATA,0,2880594
ompRp3,0.08333333333333333,11,11,AACTTAGAGTCATATCAGGT,0,2878642
ompRp3,0.08333333333333333,11,11,AACTGCTGCAATATAGAAGT,0,2867258
ompRp3,0.08333333333333333,11,11,AACTCATACGCGTAGCTCGT,0,2871226
ompRp3,0.08333333333333333,11,11,AACGATTATGAACCGGCGGA,0,2904558
ompRp3,0.08333333333333333,11,11,AACCGTCTCGCCCCCCAAAG,0,2875363
ompRp3,0.08333333333333333,11,11,AACCGGGAGGGGCGGTCACG,0,2873946
ompRp3,0.08333333333333333,11,11,AACCGGCTATCAAGTACGCG,0,2906234
ompRp3,0.08333333333333333,11,11,AACACGCCTCGTAGTGGTCT,0,2906675
ompRp3,0.08333333333333333,11,11,AACACCGGAAAAGTGTACTC,0,2870648
ompRp3,0.08333333333333333,11,11,AAATTGGCTGTGATCTTAGA,0,2872006
ompRp3,0.08333333333333333,11,11,AAAGCTAAGAGGTCTAAGTG,0,2903247
ompRp3,0.08333333333333333,11,11,AAACCGGCGTGTAATTCTTG,0,2888865
ompRp3,0.08333333333333333,11,11,AAACAATTGCGGACAAGTAG,0,2892673
ompRp3,0.08333333333333333,11,11,AAACAAACGGAGTTGACGCG,0,2902676
ompRp3,0.08333333333333333,11,11,AAAAGCTATTTCGGAACGGC,0,2904089
ompRp3,0.09090909090909091,10,10,TTTTTTGCGAATCCATGTTC,0,2896484
ompRp3,0.09090909090909091,10,10,TTTCGAGGACGCCTTAATGT,0,2881863
ompRp3,0.09090909090909091,10,10,TTTCAAACTGTGATCCATGA,0,2871160
ompRp3,0.09090909090909091,10,10,TTTAGTGGACCGTGGGCTGG,0,2876860
ompRp3,0.09090909090909091,10,10,TTGTCTGCGCCGCGTGTAGA,0,2880644
ompRp3,0.09090909090909091,10,10,TTGGGAACTACGATATTAAG,0,2899556
ompRp3,0.09090909090909091,10,10,TTGCGGTGTGTAAAGGTTTA,0,2890513
ompRp3,0.09090909090909091,10,10,TTGCCACAACGGAGACGATT,0,2887520
ompRp3,0.09090909090909091,10,10,TTGATTCCATTCCGAATTCT,0,2901062
ompRp3,0.09090909090909091,10,10,TTGATCTCCCGACGTCTCAT,0,2895845
ompRp3,0.09090909090909091,10,10,TTGATAAATAACAGTGGATC,0,2894669
ompRp3,0.09090909090909091,10,10,TTGAGATTAGGGAGACGGTT,0,2904970
ompRp3,0.09090909090909091,10,10,TTCGGTCCGGGAGGGATAGC,0,2874012
ompRp3,0.09090909090909091,10,10,TTCCTAGCGAGGTACTATAG,0,2883315
ompRp3,0.09090909090909091,10,10,TTCCCCTGTACAGTGCGATT,0,2887186
ompRp3,0.09090909090909091,10,10,TTCAGGACCTTAGCGGACTT,0,2899891
ompRp3,0.09090909090909091,10,10,TTATTGCTGTTCCGATTTGT,0,2888760
ompRp3,0.09090909090909091,10,10,TTATGACGGTCTGGTACTAA,0,2885308
ompRp3,0.09090909090909091,10,10,TTATCCTATCGACCTATAAG,0,2900982
ompRp3,0.09090909090909091,10,10,TTATATGAAATCTACTACGG,0,2887287
ompRp3,0.09090909090909091,10,10,TTAGTGTAGTGTGCAGTATA,0,2891402
ompRp3,0.09090909090909091,10,10,TTAGGATATCGGATGACATA,0,2903556
ompRp3,0.09090909090909091,10,10,TTACGACGTGCGTGACTTGG,0,2883226
ompRp3,0.09090909090909091,10,10,TTAATTCGAATAGACAGGAA,0,2895381
ompRp3,0.09090909090909091,10,10,TTAACTTGATGAACGTAGGT,0,2862536
ompRp3,0.09090909090909091,10,10,TTAACGGTAAAGAGGTTTCG,0,2892098
ompRp3,0.09090909090909091,10,10,TTAACACATTAACCATTGTC,0,2874422
ompRp3,0.09090909090909091,10,10,TTAAAGGTTCTATTGTCGTC,0,2891701
ompRp3,0.09090909090909091,10,10,TTAAAAGAGGGGGAAAAGTA,0,2898439
ompRp3,0.09090909090909091,10,10,TGTGCGACTTATATCCCCAT,0,2865236
ompRp3,0.09090909090909091,10,10,TGTGACCGTTGTTGAGCCAA,0,2874325
ompRp3,0.09090909090909091,10,10,TGTCTGCGGCACAGGGGCGC,0,2893002
ompRp3,0.09090909090909091,10,10,TGTCCTCGAACCCGTGTCTG,0,2894731
ompRp3,0.09090909090909091,10,10,TGTCCACCTACTTCTAGGAT,0,2906664
ompRp3,0.09090909090909091,10,10,TGTCAAGGGGGTTTAGATTG,0,2895255
ompRp3,0.09090909090909091,10,10,TGTATCAGCTGCATGTTTTC,0,2872989
ompRp3,0.09090909090909091,10,10,TGTACATGACTGCCCAGGGT,0,2888820
ompRp3,0.09090909090909091,10,10,TGTAATACTCAACAAGTCGT,0,2878148
ompRp3,0.09090909090909091,10,10,TGGTGTTCGCCTGTTACGTG,0,2877919
ompRp3,0.09090909090909091,10,10,TGGTCTTTTTCTAGGCAAGC,0,2898514
ompRp3,0.09090909090909091,10,10,TGGTACCATACAGTCACGAA,0,2872290
ompRp3,0.09090909090909091,10,10,TGGGTTAGAGCATTGCACAA,0,2892402
ompRp3,0.09090909090909091,10,10,TGGGTCGGCTGATGGTCAAG,0,2871933
ompRp3,0.09090909090909091,10,10,TGGGGTGGTAGATTAGAGCA,0,2880139
ompRp3,0.09090909090909091,10,10,TGGGGACCGCGAGGCCGTGG,0,2873134
ompRp3,0.09090909090909091,10,10,TGGGCTTACATCACGCGGTC,0,2904790
ompRp3,0.09090909090909091,10,10,TGGGCTAGTGCTTTGCAGTT,0,2872203
ompRp3,0.09090909090909091,10,10,TGGGATTAACGTGCGCACTC,0,2867997
ompRp3,0.09090909090909091,10,10,TGGCTGCAACCGTAGCTTCA,0,2871030
ompRp3,0.09090909090909091,10,10,TGGCGCCCCGAGCTAAGACT,0,2885565
ompRp3,0.09090909090909091,10,10,TGGCCTGCACAAGGAGCCAC,0,2903619
ompRp3,0.09090909090909091,10,10,TGGCAACTGAAATAGGCGTT,0,2882238
ompRp3,0.09090909090909091,10,10,TGGAGGCGTCGCGGCATGAT,0,2874687
ompRp3,0.09090909090909091,10,10,TGGAGGAACCGTCTGAATAA,0,2882933
ompRp3,0.09090909090909091,10,10,TGGAAGCGCATGCAGAAATC,0,2905304
ompRp3,0.09090909090909091,10,10,TGCTCATGACCTGAGCTGGA,0,2872440
ompRp3,0.09090909090909091,10,10,TGCCTCCGCGAAGATTTGAA,0,2898840
ompRp3,0.09090909090909091,10,10,TGATGCAGTTCATTACAGTA,0,2891179
ompRp3,0.09090909090909091,10,10,TGATAATAAAGATTTCGTTC,0,2887531
ompRp3,0.09090909090909091,10,10,TGAGTTTTTACACCAGGAGT,0,2898968
ompRp3,0.09090909090909091,10,10,TGACGTCGGCTAAAATTCTC,0,2882730
ompRp3,0.09090909090909091,10,10,TGACGGTGCACCACCTGTCT,0,2870277
ompRp3,0.09090909090909091,10,10,TGACCGAGCTTCTCATTTAA,0,2877492
ompRp3,0.09090909090909091,10,10,TGACCCGTTTAAAGATATGC,0,2891963
ompRp3,0.09090909090909091,10,10,TGACAGCAAAGTGACGATGA,0,2902147
ompRp3,0.09090909090909091,10,10,TGAATATTGGTCCGATATCT,0,2884487
ompRp3,0.09090909090909091,10,10,TGAAGCGATCGTTCGCGTAA,0,2871222
ompRp3,0.09090909090909091,10,10,TCTTGTAAGATGAGCCCGAC,0,2868781
ompRp3,0.09090909090909091,10,10,TCTTGGATTAGTTAATCCAT,0,2902953
ompRp3,0.09090909090909091,10,10,TCTTACACGCGAGCCAGAAA,0,2872206
ompRp3,0.09090909090909091,10,10,TCTGCGGCGCTGGCCATGGT,0,2874723
ompRp3,0.09090909090909091,10,10,TCTCTTCAGGGGCTTTCTGA,0,2889414
ompRp3,0.09090909090909091,10,10,TCTCTTAATTCTGGCACGAC,0,2879379
ompRp3,0.09090909090909091,10,10,TCTCTACGATCGATGCGGTT,0,2870650
ompRp3,0.09090909090909091,10,10,TCTCGCCTGCCTCAAACGTG,0,2900566
ompRp3,0.09090909090909091,10,10,TCTCAACCGCGGTTAGAACG,0,2891416
ompRp3,0.09090909090909091,10,10,TCTATCCCCGAATCTTACCA,0,2900340
ompRp3,0.09090909090909091,10,10,TCGTGGTACTAGGCCAAACA,0,2872008
ompRp3,0.09090909090909091,10,10,TCGGTGCGAAACCAGTGTTC,0,2903056
ompRp3,0.09090909090909091,10,10,TCGGTCCTCCCATGAAGGTG,0,2888803
ompRp3,0.09090909090909091,10,10,TCGGAGGCGCAAATAACAGT,0,2866092
ompRp3,0.09090909090909091,10,10,TCGCCACGACCTTAAGACAA,0,2888419
ompRp3,0.09090909090909091,10,10,TCGCATCGTGGGACGTCTAG,0,2888440
ompRp3,0.09090909090909091,10,10,TCCTAAGTCTCCAATAACAA,0,2893209
ompRp3,0.09090909090909091,10,10,TCCGTTTTAACGGCATTCAT,0,2879071
ompRp3,0.09090909090909091,10,10,TCCGTCGTCACGTCCAGACT,0,2893924
ompRp3,0.09090909090909091,10,10,TCCGGTACTAGGCCTTGTGC,0,2877633
ompRp3,0.09090909090909091,10,10,TCCCCGGCACGTGTACGATC,0,2879739
ompRp3,0.09090909090909091,10,10,TCCCCATCCACATAATGCTT,0,2869182
ompRp3,0.09090909090909091,10,10,TCCATACAAACGGTCGGGAG,0,2874021
ompRp3,0.09090909090909091,10,10,TCCAAGTCGGTCCGACCCGT,0,2866271
ompRp3,0.09090909090909091,10,10,TCATGGGGGCTCGGAATTTC,0,2894024
ompRp3,0.09090909090909091,10,10,TCAAATCCGCGAGTAGCCTT,0,2902550
ompRp3,0.09090909090909091,10,10,TCAAAAGTTAACTGCCCCTT,0,2861875
ompRp3,0.09090909090909091,10,10,TATTCTTAGGTCTCTGCGAC,0,2902442
ompRp3,0.09090909090909091,10,10,TATTCTCATTTGCGGAAAGC,0,2871058
ompRp3,0.09090909090909091,10,10,TATTAAACGTTGTTTATAAT,0,2903233
ompRp3,0.09090909090909091,10,10,TATGTTGCGCCCGTACACGG,0,2869635
ompRp3,0.09090909090909091,10,10,TATGCGTCCTTACGTAAGAG,0,2866883
ompRp3,0.09090909090909091,10,10,TATGACGAGAATTACAAGGC,0,2881241
ompRp3,0.09090909090909091,10,10,TATCTCCCAGTAGGACTCGG,0,2890581
ompRp3,0.09090909090909091,10,10,TATCGTTTTGGCTTGGAGAG,0,2870088
ompRp3,0.09090909090909091,10,10,TATCGCAACGCCCCCGGAAG,0,2887245
ompRp3,0.09090909090909091,10,10,TATCATTTATGCAGTCGAAC,0,2862283
ompRp3,0.09090909090909091,10,10,TATACTGACGTTGATTAAGC,0,2904931
ompRp3,0.09090909090909091,10,10,TAGATTGGTGCCCAGGGGAG,0,2875714
ompRp3,0.09090909090909091,10,10,TAGACCATGGACAGCAGGGA,0,2888485
ompRp3,0.09090909090909091,10,10,TAGAACTACTGAACTGAATA,0,2873758
ompRp3,0.09090909090909091,10,10,TACTTTAGTCGCTACAGAGG,0,2879135
ompRp3,0.09090909090909091,10,10,TACTTGAGTTAGCGACAGAG,0,2886234
ompRp3,0.09090909090909091,10,10,TACGGCAACCGTAGCACATT,0,2862740
ompRp3,0.09090909090909091,10,10,TACGGATATGGAGATTACTT,0,2878253
ompRp3,0.09090909090909091,10,10,TACGACCTAGGGAATAAGGG,0,2905022
ompRp3,0.09090909090909091,10,10,TACCCTCACCCCTGGGACCA,0,2870733
ompRp3,0.09090909090909091,10,10,TAATTAAGGAGTCAATAGAG,0,2896840
ompRp3,0.09090909090909091,10,10,TAATGTCTTACCCGAGTAGT,0,2874229
ompRp3,0.09090909090909091,10,10,TAATCTGTATAAACACTATA,0,2876039
ompRp3,0.09090909090909091,10,10,TAAGTAATGGACTCGTGCTG,0,2906276
ompRp3,0.09090909090909091,10,10,TAAGGGCTTATTTATGGAAC,0,2906722
ompRp3,0.09090909090909091,10,10,TAAGCCCACCGAGACCAAAT,0,2889256
ompRp3,0.09090909090909091,10,10,TAAGAGCTATCAGGTACCTA,0,2861772
ompRp3,0.09090909090909091,10,10,TAAATTAACCCAGACGTGGG,0,2864316
ompRp3,0.09090909090909091,10,10,TAAACAGGAGACCACCAATT,0,2890643
ompRp3,0.09090909090909091,10,10,TAAAAACGGCGAGCTAGGCA,0,2868244
ompRp3,0.09090909090909091,10,10,GTTTCCGGCGGCGTGGGAGA,0,2872893
ompRp3,0.09090909090909091,10,10,GTTCGAAAATTTGTCGCCGC,0,2866663
ompRp3,0.09090909090909091,10,10,GTTATTCGTTTTCAGTTAAT,0,2871158
ompRp3,0.09090909090909091,10,10,GTTACATGGCAATCAGATTA,0,2903971
ompRp3,0.09090909090909091,10,10,GTGTGAACAACAATGGACTC,0,2873573
ompRp3,0.09090909090909091,10,10,GTGGCAAATAGAGCTGACGG,0,2905505
ompRp3,0.09090909090909091,10,10,GTGCCACGCCACTATCACTC,0,2905688
ompRp3,0.09090909090909091,10,10,GTGCATTAAAGGTTGGGACA,0,2880413
ompRp3,0.09090909090909091,10,10,GTGACCTAGGATTCTCAGTT,0,2870535
ompRp3,0.09090909090909091,10,10,GTCTTTCATTCCCACGGTCA,0,2889180
ompRp3,0.09090909090909091,10,10,GTCGAAGCAGTGGACACCAT,0,2870365
ompRp3,0.09090909090909091,10,10,GTCCGCTCTGTTTTAGTAGC,0,2891893
ompRp3,0.09090909090909091,10,10,GTCATGAATGATGTTTTGTA,0,2904326
ompRp3,0.09090909090909091,10,10,GTCATCGGGAATCGGCGCCT,0,2864589
ompRp3,0.09090909090909091,10,10,GTCACTGTGCGTGAGGCATC,0,2866942
ompRp3,0.09090909090909091,10,10,GTATTAACGCGCATAGCACT,0,2861531
ompRp3,0.09090909090909091,10,10,GTATGTCAGAGCCATCGCCC,0,2876203
ompRp3,0.09090909090909091,10,10,GTATCTAGAAGGGTCGTATC,0,2889292
ompRp3,0.09090909090909091,10,10,GTAGGGGAGCATCGGGGACA,0,2899803
ompRp3,0.09090909090909091,10,10,GTACTTTGGCCGAAGGTAGG,0,2869000
ompRp3,0.09090909090909091,10,10,GTAAGTGGACAAGAATCCAC,0,2865977
ompRp3,0.09090909090909091,10,10,GTAACTGATTTGATGATCCA,0,2902081
ompRp3,0.09090909090909091,10,10,GTAACGAAACGGACCTATCG,0,2904153
ompRp3,0.09090909090909091,10,10,GTAACAGAGGTAACCAATCG,0,2880777
ompRp3,0.09090909090909091,10,10,GTAAAGTCAGCATGGTGTCG,0,2866600
ompRp3,0.09090909090909091,10,10,GGTTTTCACTTGTTTCACTC,0,2889660
ompRp3,0.09090909090909091,10,10,GGTTTGGGCTGTTTGCTCGC,0,2897886
ompRp3,0.09090909090909091,10,10,GGTTTCCCCAGGTCGGCATT,0,2896651
ompRp3,0.09090909090909091,10,10,GGTGTCTTGAATGAGTACGG,0,2886674
ompRp3,0.09090909090909091,10,10,GGTGTATCACAGCCCGTATC,0,2871617
ompRp3,0.09090909090909091,10,10,GGTGCATACTAAAGAGGAAA,0,2867189
ompRp3,0.09090909090909091,10,10,GGTATCTCCTGGAGTAGGCT,0,2874564
ompRp3,0.09090909090909091,10,10,GGTACGAGTCGGCGTCTCCG,0,2885277
ompRp3,0.09090909090909091,10,10,GGTAACGACCGTCCCGATTA,0,2907483
ompRp3,0.09090909090909091,10,10,GGTAACCTCTGTCATTAGAC,0,2861884
ompRp3,0.09090909090909091,10,10,GGTAACATGCTTTAGGTTCG,0,2879439
ompRp3,0.09090909090909091,10,10,GGGTTACGAGGCATTGGGCA,0,2869374
ompRp3,0.09090909090909091,10,10,GGGTGCCTACGAGGATGGCA,0,2897693
ompRp3,0.09090909090909091,10,10,GGGTGCACGACGTTCAACGG,0,2873565
ompRp3,0.09090909090909091,10,10,GGGGTCGAAAACCGGTCTAA,0,2876162
ompRp3,0.09090909090909091,10,10,GGGGGTGTAGTTGCACGGCA,0,2882191
ompRp3,0.09090909090909091,10,10,GGGGGTAACTGGTCGGAACT,0,2861989
ompRp3,0.09090909090909091,10,10,GGGGGCCGTCCAATGAGAGT,0,2875115
ompRp3,0.09090909090909091,10,10,GGGGCGATCGATCATAGTCA,0,2867324
ompRp3,0.09090909090909091,10,10,GGGGCAGTTGATCATAGGGA,0,2898558
ompRp3,0.09090909090909091,10,10,GGGGATCCACGACGTCCCAC,0,2866503
ompRp3,0.09090909090909091,10,10,GGGCTTATCAAATGTGTAAT,0,2906417
ompRp3,0.09090909090909091,10,10,GGGCGCCTGTCAGAAAATAC,0,2881291
ompRp3,0.09090909090909091,10,10,GGGCAATGGATGGCACTGAG,0,2902889
ompRp3,0.09090909090909091,10,10,GGGATACAGATGTCTCCATG,0,2900014
ompRp3,0.09090909090909091,10,10,GGGAATATCTTTAGGAGGAT,0,2881193
ompRp3,0.09090909090909091,10,10,GGGAATAGTAGGTTTCACAC,0,2883645
ompRp3,0.09090909090909091,10,10,GGGAAAATTAGCCAAAATGC,0,2865176
ompRp3,0.09090909090909091,10,10,GGCTATGGTCGCTGTGGTAG,0,2862124
ompRp3,0.09090909090909091,10,10,GGCGTGGCAACCGCTAATCA,0,2884362
ompRp3,0.09090909090909091,10,10,GGCGTGCGTGTGATAAGGAA,0,2890286
ompRp3,0.09090909090909091,10,10,GGCGTCGCCGAGTGGTATGA,0,2878440
ompRp3,0.09090909090909091,10,10,GGCGTAACGTTCATCATCAT,0,2881972
ompRp3,0.09090909090909091,10,10,GGCGGAGACTACCGGGCATA,0,2872697
ompRp3,0.09090909090909091,10,10,GGCCTCTGGTATGGTCTCTC,0,2907165
ompRp3,0.09090909090909091,10,10,GGCCAGTCTACGCATTCCTA,0,2881207
ompRp3,0.09090909090909091,10,10,GGCATCCGTGAAGCCAGACA,0,2896098
ompRp3,0.09090909090909091,10,10,GGATTTCGTTGGTAATCGGA,0,2897502
ompRp3,0.09090909090909091,10,10,GGATTCACGGGCAGGCGCTG,0,2877904
ompRp3,0.09090909090909091,10,10,GGATATGGTGTTGCACGGTT,0,2870011
ompRp3,0.09090909090909091,10,10,GGAGTCCCAACTAACCCGGT,0,2878478
ompRp3,0.09090909090909091,10,10,GGAGCGTCGAGTAAGAACTT,0,2902087
ompRp3,0.09090909090909091,10,10,GGACTATCCCTATCCATAAC,0,2874373
ompRp3,0.09090909090909091,10,10,GGACTAGCCCGATAAGGGAC,0,2870408
ompRp3,0.09090909090909091,10,10,GGAATTCTCGCCTAGAGTAA,0,2895807
ompRp3,0.09090909090909091,10,10,GGAAGATGGTACCTACATTT,0,2868806
ompRp3,0.09090909090909091,10,10,GGAACCCGGGTAGGTACGGT,0,2874557
ompRp3,0.09090909090909091,10,10,GCTTGCCAATTAAGAATTAC,0,2879028
ompRp3,0.09090909090909091,10,10,GCTTCGCTTCTCCCGGTGTT,0,2866610
ompRp3,0.09090909090909091,10,10,GCTTCCGCCTTCTATACTTT,0,2871901
ompRp3,0.09090909090909091,10,10,GCTTCCATGCTAAATTTACG,0,2890671
ompRp3,0.09090909090909091,10,10,GCTGTGCCGCATCGGTCGCA,0,2901840
ompRp3,0.09090909090909091,10,10,GCTGTCGCAATATAGAGTAC,0,2879633
ompRp3,0.09090909090909091,10,10,GCTGTACAACGATTGCACTG,0,2868490
ompRp3,0.09090909090909091,10,10,GCTGCCGTGTTTTGACGCGT,0,2904194
ompRp3,0.09090909090909091,10,10,GCTGATCAAGCTACAATCGT,0,2877135
ompRp3,0.09090909090909091,10,10,GCTGAACTCGCCATTCAGGA,0,2897926
ompRp3,0.09090909090909091,10,10,GCTCCGAGTGGGCGCCCCTA,0,2865289
ompRp3,0.09090909090909091,10,10,GCTCATATACTGTAGTTTGC,0,2862756
ompRp3,0.09090909090909091,10,10,GCTAGCTGGACATTACCTGA,0,2896375
ompRp3,0.09090909090909091,10,10,GCTACCCGAGAACTGGGTGG,0,2906944
ompRp3,0.09090909090909091,10,10,GCTAATCCATGCCGTCCCCG,0,2869286
ompRp3,0.09090909090909091,10,10,GCGTGCTTTTTCACTCGTGT,0,2905197
ompRp3,0.09090909090909091,10,10,GCGGGTTATTAAACAAATAT,0,2873371
ompRp3,0.09090909090909091,10,10,GCGGGTGAAGTCATCTCCAC,0,2874432
ompRp3,0.09090909090909091,10,10,GCGGGCGCTTATTGAACGTG,0,2876767
ompRp3,0.09090909090909091,10,10,GCGGATTGCAAGAATTACTC,0,2899826
ompRp3,0.09090909090909091,10,10,GCGCCCCGGTTGTGTAACGT,0,2903849
ompRp3,0.09090909090909091,10,10,GCGCAGTTCGGTAAAAAGCG,0,2867565
ompRp3,0.09090909090909091,10,10,GCGCAGATACAAGTAGCCAA,0,2864565
ompRp3,0.09090909090909091,10,10,GCGATCTCGCTTCCTGAAAA,0,2893811
ompRp3,0.09090909090909091,10,10,GCCGCGTGGCTGATCTGTTC,0,2897641
ompRp3,0.09090909090909091,10,10,GCCGCGCGATAAATGCTCAG,0,2862172
ompRp3,0.09090909090909091,10,10,GCCCCAATACGCGCCTATGG,0,2876988
ompRp3,0.09090909090909091,10,10,GCCATCGCAATAAAAAAGTG,0,2901061
ompRp3,0.09090909090909091,10,10,GCATCTGAATTGCCCCCGCA,0,2879863
ompRp3,0.09090909090909091,10,10,GCAGGGACAGCTTCTAGAAT,0,2862874
ompRp3,0.09090909090909091,10,10,GCACTGTGTCTACGTGCGGA,0,2883918
ompRp3,0.09090909090909091,10,10,GCACGTTCGGAGGGGGGCAT,0,2902830
ompRp3,0.09090909090909091,10,10,GCACCCTCGCTGTATACGAA,0,2868377
ompRp3,0.09090909090909091,10,10,GCACCCTACAAAGCGGGATT,0,2876684
ompRp3,0.09090909090909091,10,10,GCAATCTAATTTGCAAAGGG,0,2862517
ompRp3,0.09090909090909091,10,10,GCAAGGTTCTAGAATGTTGT,0,2867206
ompRp3,0.09090909090909091,10,10,GATTTGGAAGGAATACACAA,0,2888954
ompRp3,0.09090909090909091,10,10,GATTTGATGCACGGTATGTG,0,2884311
ompRp3,0.09090909090909091,10,10,GATTTATATATGAGAATCGT,0,2906521
ompRp3,0.09090909090909091,10,10,GATTGGAATATTACTCCGGG,0,2890810
ompRp3,0.09090909090909091,10,10,GATCTTGTGAGCGGTTACCA,0,2873916
ompRp3,0.09090909090909091,10,10,GATCGAAAAACGTACTAGGA,0,2907559
ompRp3,0.09090909090909091,10,10,GATCCACTACTGCGCTATCG,0,2880526
ompRp3,0.09090909090909091,10,10,GATCAGTACGGGCTAGGAAA,0,2895748
ompRp3,0.09090909090909091,10,10,GATAAAGCTACCCTGGCCTA,0,2904889
ompRp3,0.09090909090909091,10,10,GAGTCTATCTAGTGGAGGAT,0,2887099
ompRp3,0.09090909090909091,10,10,GAGTCGGGGCGCCACGCAAG,0,2896309
ompRp3,0.09090909090909091,10,10,GAGGACGTAAGATTAAGCAG,0,2895219
ompRp3,0.09090909090909091,10,10,GAGATTTCGAGAGACCGGAA,0,2866593
ompRp3,0.09090909090909091,10,10,GAGAATATTCACCAAGGTCT,0,2894754
ompRp3,0.09090909090909091,10,10,GAGAAGAGGTACAAACACAA,0,2867999
ompRp3,0.09090909090909091,10,10,GACTGGGGCATTTGAGTGGC,0,2894124
ompRp3,0.09090909090909091,10,10,GACTGGGAGTTGCGATCCTT,0,2867660
ompRp3,0.09090909090909091,10,10,GACTCAACGGTAATACACAA,0,2877458
ompRp3,0.09090909090909091,10,10,GACGCGCTGAAACATACGCA,0,2893773
ompRp3,0.09090909090909091,10,10,GACCTGGGTGCCGAGGCTAT,0,2882937
ompRp3,0.09090909090909091,10,10,GAATGCACTAATCAGAATAT,0,2885466
ompRp3,0.09090909090909091,10,10,GAAGTGTGTCATGCTACTTC,0,2867061
ompRp3,0.09090909090909091,10,10,GAACGGCACCCCATAGGATG,0,2872266
ompRp3,0.09090909090909091,10,10,CTTTTTCTCTACGCTTTCAC,0,2878526
ompRp3,0.09090909090909091,10,10,CTTTTAATACGGAGGCATCC,0,2878920
ompRp3,0.09090909090909091,10,10,CTTTCGCTTAACTTTACCGT,0,2902960
ompRp3,0.09090909090909091,10,10,CTTGGTGGCTCGGGACCACA,0,2890651
ompRp3,0.09090909090909091,10,10,CTTGGGCCTAGAGAGTGCGT,0,2888305
ompRp3,0.09090909090909091,10,10,CTTCATACTCCACCGCGTAA,0,2905679
ompRp3,0.09090909090909091,10,10,CTTCAGAGTGGTGACTTTCC,0,2865972
ompRp3,0.09090909090909091,10,10,CTTCAATCCAAGAAGATTCA,0,2894582
ompRp3,0.09090909090909091,10,10,CTTAATAAGAAGCACGCGAC,0,2876298
ompRp3,0.09090909090909091,10,10,CTTAAGTTCTTTGTGCGCCC,0,2899145
ompRp3,0.09090909090909091,10,10,CTTAACGGCCGCCCCCTCAT,0,2862620
ompRp3,0.09090909090909091,10,10,CTGTCAGTTTTCGGGAATCA,0,2902079
ompRp3,0.09090909090909091,10,10,CTGGTTCCGGCGTATAGGTG,0,2896033
ompRp3,0.09090909090909091,10,10,CTGCGGGCTCTTGCAGAGGA,0,2879315
ompRp3,0.09090909090909091,10,10,CTGCGAGTTCAGCTGGAGGC,0,2900882
ompRp3,0.09090909090909091,10,10,CTGCGACTTGTCAATGGGTA,0,2867058
ompRp3,0.09090909090909091,10,10,CTGCAAGGACCCGGTCATCT,0,2865728
ompRp3,0.09090909090909091,10,10,CTGACACGTGCCTTGTGGGG,0,2900107
ompRp3,0.09090909090909091,10,10,CTCTTATTTATCACGTGTGA,0,2894173
ompRp3,0.09090909090909091,10,10,CTCTGGCAGGTACGCGCTCC,0,2870026
ompRp3,0.09090909090909091,10,10,CTCTCTTACACCAACAACGC,0,2863619
ompRp3,0.09090909090909091,10,10,CTCGGTTCTAACGGAGAAGG,0,2882680
ompRp3,0.09090909090909091,10,10,CTCGGCGAATGCGAGGATCT,0,2863758
ompRp3,0.09090909090909091,10,10,CTCGGATCCACTCGTCATTG,0,2878223
ompRp3,0.09090909090909091,10,10,CTCCTGATTCACGTCGCGCA,0,2880382
ompRp3,0.09090909090909091,10,10,CTCCCCAGGTCAGTGGCAAA,0,2872343
ompRp3,0.09090909090909091,10,10,CTCATCTTGCATATCGGGGC,0,2899195
ompRp3,0.09090909090909091,10,10,CTCACGCGGTTGCTGTTGCT,0,2905872
ompRp3,0.09090909090909091,10,10,CTATGATTAGCGCGAACTCA,0,2894733
ompRp3,0.09090909090909091,10,10,CTATCCAATGAAGTTAGCTG,0,2887077
ompRp3,0.09090909090909091,10,10,CTATATATCAAAGCGTGTAT,0,2880033
ompRp3,0.09090909090909091,10,10,CTAGTGCTCCTGGAAGGGAA,0,2898268
ompRp3,0.09090909090909091,10,10,CTAGGGGCGTCACCGATTAG,0,2885972
ompRp3,0.09090909090909091,10,10,CTACATTAACGAGACAGAGT,0,2873598
ompRp3,0.09090909090909091,10,10,CTACACTCACAAGTCGAATT,0,2873864
ompRp3,0.09090909090909091,10,10,CTACAAGGACATCAGTAGTG,0,2879032
ompRp3,0.09090909090909091,10,10,CTAAGTCAGGTTGCACGAAC,0,2868844
ompRp3,0.09090909090909091,10,10,CTAAGACACGGAGACTCTAG,0,2872940
ompRp3,0.09090909090909091,10,10,CTAAGACAAAGTACAGAAAC,0,2870856
ompRp3,0.09090909090909091,10,10,CGTTGCGTCACCGGGCGGTA,0,2900916
ompRp3,0.09090909090909091,10,10,CGTTGCACGCACGGCTAGAG,0,2861117
ompRp3,0.09090909090909091,10,10,CGTGGCCTGTAGTCGCGTGA,0,2885202
ompRp3,0.09090909090909091,10,10,CGTGATCACCGACACCCCCT,0,2889305
ompRp3,0.09090909090909091,10,10,CGTCAGCGCAGGCTTGCGGT,0,2882805
ompRp3,0.09090909090909091,10,10,CGTAGCGGGCTTTCTCAGTC,0,2886260
ompRp3,0.09090909090909091,10,10,CGTAAGTTAATACCTAAAAT,0,2884101
ompRp3,0.09090909090909091,10,10,CGGTGTAATCATAAATGATC,0,2868386
ompRp3,0.09090909090909091,10,10,CGGTCCAGCGTATGCCGGTC,0,2879955
ompRp3,0.09090909090909091,10,10,CGGTATTGTAGTAACAGGTC,0,2863547
ompRp3,0.09090909090909091,10,10,CGGGGGACAGCAAGCGAATG,0,2907153
ompRp3,0.09090909090909091,10,10,CGGGGAAGGTTGTCTGGTAG,0,2891657
ompRp3,0.09090909090909091,10,10,CGGGATCCATGTGATGCTTT,0,2890100
ompRp3,0.09090909090909091,10,10,CGGGAAGGCCTTTAAAGTCA,0,2870573
ompRp3,0.09090909090909091,10,10,CGGCTTGGAGAGCACATAAC,0,2878361
ompRp3,0.09090909090909091,10,10,CGGCGCCCCTATTGATTCGC,0,2864771
ompRp3,0.09090909090909091,10,10,CGGCCCTGACACAAGTCGGC,0,2897918
ompRp3,0.09090909090909091,10,10,CGGCCAACCCGTGTAAACAT,0,2882427
ompRp3,0.09090909090909091,10,10,CGGCATTCGTTCTACCCCGC,0,2877599
ompRp3,0.09090909090909091,10,10,CGGAAAAAGTACGGTATGTA,0,2899326
ompRp3,0.09090909090909091,10,10,CGCTGTGCGCGTTCTCTCTC,0,2906878
ompRp3,0.09090909090909091,10,10,CGCTCTGAGTGGCTACCTAG,0,2896112
ompRp3,0.09090909090909091,10,10,CGCGTTTGCGTGTCTGCAGG,0,2895493
ompRp3,0.09090909090909091,10,10,CGCCGGAATAACATACTGGT,0,2892322
ompRp3,0.09090909090909091,10,10,CGCCCTATATCAGAATTTAT,0,2877766
ompRp3,0.09090909090909091,10,10,CGCCCGCTCCGACGTGAACC,0,2880285
ompRp3,0.09090909090909091,10,10,CGCATTTTGAGGTGACGAAC,0,2880598
ompRp3,0.09090909090909091,10,10,CGCACTCGCACTACTTTAGG,0,2897022
ompRp3,0.09090909090909091,10,10,CGCACGGTGAATGTTACAAG,0,2871970
ompRp3,0.09090909090909091,10,10,CGCACCTTACATTTAACCAC,0,2886478
ompRp3,0.09090909090909091,10,10,CGATTACAGTCAAAGAGTGA,0,2875485
ompRp3,0.09090909090909091,10,10,CGATGCGCCCTGTATTGCGT,0,2883890
ompRp3,0.09090909090909091,10,10,CGATCCTCTAATGTTATACG,0,2865839
ompRp3,0.09090909090909091,10,10,CGATAAGAAGCGTCGATTCT,0,2896311
ompRp3,0.09090909090909091,10,10,CGAGTCTTTATCTCTATCTG,0,2872432
ompRp3,0.09090909090909091,10,10,CGAGTATCCGCCTAGGTAGA,0,2884981
ompRp3,0.09090909090909091,10,10,CGAGGTCATACACCCGCGTT,0,2889107
ompRp3,0.09090909090909091,10,10,CGACGGTGGGATAACGGCAT,0,2863928
ompRp3,0.09090909090909091,10,10,CGAAGGTTAAATAGGAGCCA,0,2900448
ompRp3,0.09090909090909091,10,10,CGAAAAATAAGAAAGATCCT,0,2903603
ompRp3,0.09090909090909091,10,10,CCTTTACAATAAATGGTAAC,0,2876913
ompRp3,0.09090909090909091,10,10,CCTGGGACTAGCTTTTTCGC,0,2867364
ompRp3,0.09090909090909091,10,10,CCTCTTCAGGCCGGTTGACT,0,2895659
ompRp3,0.09090909090909091,10,10,CCTCATTGCCCGAAGTAGAG,0,2895025
ompRp3,0.09090909090909091,10,10,CCTAAGCGGTTGTTTGGCCA,0,2871852
ompRp3,0.09090909090909091,10,10,CCGTTCTAGTGGTTGGTTTA,0,2901841
ompRp3,0.09090909090909091,10,10,CCGTGTAAGCATACACAATA,0,2890122
ompRp3,0.09090909090909091,10,10,CCGTCTAGTCTGTCGGTGCA,0,2892198
ompRp3,0.09090909090909091,10,10,CCGCACGATCCTATAAGCGT,0,2881398
ompRp3,0.09090909090909091,10,10,CCGACACCGCGAGCGCATCA,0,2905958
ompRp3,0.09090909090909091,10,10,CCGAACCCAGTTCGTACTAC,0,2873575
ompRp3,0.09090909090909091,10,10,CCCTGTAATGTCTGTCTTTG,0,2882637
ompRp3,0.09090909090909091,10,10,CCCTCTTCCGAGCGGTTGAT,0,2864251
ompRp3,0.09090909090909091,10,10,CCCTCCTTGCGGCCTCACAT,0,2892543
ompRp3,0.09090909090909091,10,10,CCCGTCTGAGCCGCCGCAAG,0,2860933
ompRp3,0.09090909090909091,10,10,CCCGGCGTCAATTTGAAGAC,0,2904286
ompRp3,0.09090909090909091,10,10,CCCGCTTCGCCGCCTTACAG,0,2871024
ompRp3,0.09090909090909091,10,10,CCCCTGAACCAGCTGACGAC,0,2886744
ompRp3,0.09090909090909091,10,10,CCCCGCGTGATTGATAATCT,0,2874126
ompRp3,0.09090909090909091,10,10,CCCATAAGCTTTGACATTCT,0,2862502
ompRp3,0.09090909090909091,10,10,CCCAGCGTCGCCTATGTAAA,0,2872151
ompRp3,0.09090909090909091,10,10,CCCACGCTTCGGGGGAATTT,0,2868925
ompRp3,0.09090909090909091,10,10,CCCACCGATCAGTAGGGTGT,0,2875145
ompRp3,0.09090909090909091,10,10,CCCAATCCCGACGGCACGTA,0,2893764
ompRp3,0.09090909090909091,10,10,CCATTAAGAATCGCCCGTAA,0,2871317
ompRp3,0.09090909090909091,10,10,CCACCCAGGTGAGAGCATGG,0,2868624
ompRp3,0.09090909090909091,10,10,CCACACCAGGACGAGGTAAC,0,2890056
ompRp3,0.09090909090909091,10,10,CCAATTAGTGCGCTTACTAG,0,2893749
ompRp3,0.09090909090909091,10,10,CATTAGCCCGGCGCTCGCGG,0,2895513
ompRp3,0.09090909090909091,10,10,CATGCGACATCACCCCGTAG,0,2898878
ompRp3,0.09090909090909091,10,10,CATCTGGTGTTGAATGAGTG,0,2874936
ompRp3,0.09090909090909091,10,10,CATCGAACTAGGTCTGTTTT,0,2889140
ompRp3,0.09090909090909091,10,10,CATCCTCACCCGGTCAGTAG,0,2886782
ompRp3,0.09090909090909091,10,10,CATATTTGCTCTCAGGCGCC,0,2904590
ompRp3,0.09090909090909091,10,10,CATAGCTGGATAAACTTACG,0,2903679
ompRp3,0.09090909090909091,10,10,CATACACAGTTTTGGAATAC,0,2894242
ompRp3,0.09090909090909091,10,10,CAGTCAGAATTAGCTACTTA,0,2873479
ompRp3,0.09090909090909091,10,10,CAGGAACCCGGTTGGCTCAT,0,2897066
ompRp3,0.09090909090909091,10,10,CAGCGACGTGATCGAGTTGG,0,2877447
ompRp3,0.09090909090909091,10,10,CAGAGCTCGGGTGCGGCAGT,0,2889871
ompRp3,0.09090909090909091,10,10,CACTTCGTTGTCGGGGAGAG,0,2875601
ompRp3,0.09090909090909091,10,10,CACTGGTTGGAGTTTAAGCA,0,2893122
ompRp3,0.09090909090909091,10,10,CACTCTTTTTCGGGTTTACG,0,2879523
ompRp3,0.09090909090909091,10,10,CACTACGTAAACCACTCGCA,0,2867293
ompRp3,0.09090909090909091,10,10,CACGTACAGTCAAGGGTGTA,0,2904150
ompRp3,0.09090909090909091,10,10,CACGGGTCGATACTTTTTCA,0,2898327
ompRp3,0.09090909090909091,10,10,CACGATTAGTGGTCACCCCG,0,2892465
ompRp3,0.09090909090909091,10,10,CACACTGGGGCCGCTGTATA,0,2897932
ompRp3,0.09090909090909091,10,10,CACACGCATCCAGCGCTAAT,0,2907166
ompRp3,0.09090909090909091,10,10,CAATGGTGTCATATCGCCAC,0,2891926
ompRp3,0.09090909090909091,10,10,CAATGCAGAAGGGCGGTATA,0,2875458
ompRp3,0.09090909090909091,10,10,CAATATACCCATAGGTTCTC,0,2897632
ompRp3,0.09090909090909091,10,10,CAAGTCGCTGGAAGAGAATT,0,2881595
ompRp3,0.09090909090909091,10,10,CAAGCGACAGGTTTTAGAAG,0,2870614
ompRp3,0.09090909090909091,10,10,CAAGATTTTACTCAATGTGA,0,2876631
ompRp3,0.09090909090909091,10,10,CAACTTTGCATTTTATTCTA,0,2905667
ompRp3,0.09090909090909091,10,10,CAACTTAGCTAGCGGTTCAT,0,2906424
ompRp3,0.09090909090909091,10,10,ATTTATTCACTGGTTTCACA,0,2885542
ompRp3,0.09090909090909091,10,10,ATTGGGTCCACGTCAGAAAA,0,2874985
ompRp3,0.09090909090909091,10,10,ATTGGGAGATCCGGTAACTG,0,2876610
ompRp3,0.09090909090909091,10,10,ATTGGAATTTCTAATTATCG,0,2877037
ompRp3,0.09090909090909091,10,10,ATTGCAGCCGCATACAGTAG,0,2880709
ompRp3,0.09090909090909091,10,10,ATTGAGGACGGCACATCCTT,0,2881147
ompRp3,0.09090909090909091,10,10,ATTCTGCACAGCCCGGAATC,0,2904186
ompRp3,0.09090909090909091,10,10,ATTCGTACGTGGTAGTTCTC,0,2898489
ompRp3,0.09090909090909091,10,10,ATTCCGACTTGTCGGAACGC,0,2861000
ompRp3,0.09090909090909091,10,10,ATTATTACGCCCTGAAGCAC,0,2873444
ompRp3,0.09090909090909091,10,10,ATTAGGAAGGTGGGCTTATG,0,2872770
ompRp3,0.09090909090909091,10,10,ATTACATCCCGGTTACTTTG,0,2895978
ompRp3,0.09090909090909091,10,10,ATTAATTATTGCCGGTGTCC,0,2879860
ompRp3,0.09090909090909091,10,10,ATTAATCTGTTCAGCCACTT,0,2904066
ompRp3,0.09090909090909091,10,10,ATGTTTGACATCAAGTGTTC,0,2873091
ompRp3,0.09090909090909091,10,10,ATGTTGATCTCTGGATTGTG,0,2895698
ompRp3,0.09090909090909091,10,10,ATGTTCGAGCGACAGATAAA,0,2890614
ompRp3,0.09090909090909091,10,10,ATGTCCCCTCGTAAAGAGTC,0,2875830
ompRp3,0.09090909090909091,10,10,ATGTAGTTTGAGTCCATAGT,0,2879553
ompRp3,0.09090909090909091,10,10,ATGGTGTTGCGAATATATTT,0,2883300
ompRp3,0.09090909090909091,10,10,ATGGTAACCAGTAGCGGCAT,0,2874123
ompRp3,0.09090909090909091,10,10,ATGGGATTAATCACTCACAC,0,2892232
ompRp3,0.09090909090909091,10,10,ATGGCCCCCCCGGCATGACC,0,2866331
ompRp3,0.09090909090909091,10,10,ATGGATCGAAGCCCATATAA,0,2904433
ompRp3,0.09090909090909091,10,10,ATGGACTCACCGAACACTGC,0,2885618
ompRp3,0.09090909090909091,10,10,ATGCCCTAGGTTTTCTCAAG,0,2867154
ompRp3,0.09090909090909091,10,10,ATGAGATTGGGACGCGTGTA,0,2868723
ompRp3,0.09090909090909091,10,10,ATCTGTGTGCCTGAATCTTC,0,2890935
ompRp3,0.09090909090909091,10,10,ATCTACTTATAAGCTCCAAC,0,2891257
ompRp3,0.09090909090909091,10,10,ATCGCCAAACCGTTGTCCTT,0,2880711
ompRp3,0.09090909090909091,10,10,ATCCTAACAGGACCGTAATA,0,2887768
ompRp3,0.09090909090909091,10,10,ATCACGGTTTCATCTAAAGT,0,2868147
ompRp3,0.09090909090909091,10,10,ATCAAATAGTGCGAACCCCA,0,2883130
ompRp3,0.09090909090909091,10,10,ATATGATTTTTTGGGCTTCT,0,2874011
ompRp3,0.09090909090909091,10,10,ATATCCTAATTTTAGAGTTA,0,2901340
ompRp3,0.09090909090909091,10,10,ATATAGACTTCCTGGTTTTG,0,2886304
ompRp3,0.09090909090909091,10,10,ATATACATCCTTTCTAGGCA,0,2866823
ompRp3,0.09090909090909091,10,10,ATATAAAAAGGGTCGTTCTG,0,2874720
ompRp3,0.09090909090909091,10,10,ATAGGCGTCAGATGACTCTG,0,2884612
ompRp3,0.09090909090909091,10,10,ATAGCTCCAATTGCCATAGT,0,2870438
ompRp3,0.09090909090909091,10,10,ATACGTGCATATACGCTTGT,0,2891883
ompRp3,0.09090909090909091,10,10,ATACATCCTGGCCAAGGATA,0,2889732
ompRp3,0.09090909090909091,10,10,ATAATTTTTTAACTTCGAAA,0,2892912
ompRp3,0.09090909090909091,10,10,ATAATGGAATTCCGCTTCGA,0,2862322
ompRp3,0.09090909090909091,10,10,ATAATAGCTGTTATCTACTT,0,2892331
ompRp3,0.09090909090909091,10,10,ATAAGTGGTCGCGTTTGCTG,0,2889410
ompRp3,0.09090909090909091,10,10,ATAACATCGCCACACTGGAA,0,2884965
ompRp3,0.09090909090909091,10,10,AGTTTGTAAGTCTAGGGCGA,0,2862003
ompRp3,0.09090909090909091,10,10,AGTTTCCAAGGAGGTACATA,0,2870164
ompRp3,0.09090909090909091,10,10,AGTTGTACGTGAACGGTGTG,0,2889878
ompRp3,0.09090909090909091,10,10,AGTTATAGCATCTTAAAAGT,0,2881990
ompRp3,0.09090909090909091,10,10,AGTGTCCGGCACCTGCGAGG,0,2893169
ompRp3,0.09090909090909091,10,10,AGTCTCTGGCAAACTAATTT,0,2861343
ompRp3,0.09090909090909091,10,10,AGTCGCGTAGTACCACATGA,0,2863555
ompRp3,0.09090909090909091,10,10,AGTCATGGGTACGCTCACTT,0,2897826
ompRp3,0.09090909090909091,10,10,AGGTTTCAGTGATCGAGAAT,0,2893699
ompRp3,0.09090909090909091,10,10,AGGTTATAACCTCAACCACG,0,2866629
ompRp3,0.09090909090909091,10,10,AGGTGTGACACCTTAAGGTA,0,2877340
ompRp3,0.09090909090909091,10,10,AGGTGGGTCGAGACTGAAGG,0,2866667
ompRp3,0.09090909090909091,10,10,AGGTGAAGTCTGTAACTTTG,0,2868101
ompRp3,0.09090909090909091,10,10,AGGTCGATGCGTAAACCGAA,0,2888950
ompRp3,0.09090909090909091,10,10,AGGGACCTCGTCCACTCTTG,0,2898962
ompRp3,0.09090909090909091,10,10,AGGCTACGATGGCTGTCTTC,0,2884294
ompRp3,0.09090909090909091,10,10,AGGCACCCCAGTCGGTAAGT,0,2896848
ompRp3,0.09090909090909091,10,10,AGGACCTGAGGGCCGCCCCA,0,2893171
ompRp3,0.09090909090909091,10,10,AGCTTGCGCAGAGTGGAAGT,0,2876935
ompRp3,0.09090909090909091,10,10,AGCTAGGCCTCGGATCGTCA,0,2860852
ompRp3,0.09090909090909091,10,10,AGCGTGCCTAGCCAGCACTT,0,2869620
ompRp3,0.09090909090909091,10,10,AGCGGTGCTATAGTATAACC,0,2893979
ompRp3,0.09090909090909091,10,10,AGCCATTATACCTTCGCGTT,0,2876441
ompRp3,0.09090909090909091,10,10,AGCCACGCTCCGCCCTTTGT,0,2866818
ompRp3,0.09090909090909091,10,10,AGCATACCTGGGTTGCAGAT,0,2896012
ompRp3,0.09090909090909091,10,10,AGCAGGGAGTTGGCCTGGCA,0,2870037
ompRp3,0.09090909090909091,10,10,AGCACCTTTCCATATCCGCG,0,2871564
ompRp3,0.09090909090909091,10,10,AGATGTCCTTGTGTTATCGC,0,2903817
ompRp3,0.09090909090909091,10,10,AGATGTCATCCGAATGACGA,0,2873047
ompRp3,0.09090909090909091,10,10,AGAGGAAAAAGCCACTGCCT,0,2865670
ompRp3,0.09090909090909091,10,10,AGAGAGAGAGTAGGCGTTTG,0,2905532
ompRp3,0.09090909090909091,10,10,AGAATGCTTTGACAAAGGGT,0,2904332
ompRp3,0.09090909090909091,10,10,AGAATGAGGTTGGGAGCAAG,0,2861263
ompRp3,0.09090909090909091,10,10,AGAAGGTGTCCCACCCCAAG,0,2882738
ompRp3,0.09090909090909091,10,10,AGAAATCGTTGGCTTGAAGT,0,2871104
ompRp3,0.09090909090909091,10,10,ACTTGTGCTTCGGGTGCACC,0,2898355
ompRp3,0.09090909090909091,10,10,ACTTCCATACATTGGTGCCA,0,2872215
ompRp3,0.09090909090909091,10,10,ACTGGCGGACACTATGATCA,0,2894313
ompRp3,0.09090909090909091,10,10,ACTGATAAATTAGGGATCGT,0,2874502
ompRp3,0.09090909090909091,10,10,ACTGAAGGCAGGAAAGCTCA,0,2892951
ompRp3,0.09090909090909091,10,10,ACTCTAAGTCGTGCCCGGGC,0,2901615
ompRp3,0.09090909090909091,10,10,ACTCGTTTGGACCAAGCTAG,0,2873805
ompRp3,0.09090909090909091,10,10,ACTCGATAGGGCTTGAGTTT,0,2902777
ompRp3,0.09090909090909091,10,10,ACTCCCCGCACCGGGTCCTA,0,2872172
ompRp3,0.09090909090909091,10,10,ACTCCAGGTTTTGGAGCTTT,0,2880433
ompRp3,0.09090909090909091,10,10,ACTAATAAATCCATCGTATC,0,2866120
ompRp3,0.09090909090909091,10,10,ACGTTGATAATTTTTGGGAA,0,2895423
ompRp3,0.09090909090909091,10,10,ACGTTCCGACACGCGTGGAC,0,2898076
ompRp3,0.09090909090909091,10,10,ACGTATTAGTACGAGCCGGT,0,2869893
ompRp3,0.09090909090909091,10,10,ACGTACGCTGTTGGAAGACT,0,2865966
ompRp3,0.09090909090909091,10,10,ACGGTCACTCCAGATAGCTC,0,2883306
ompRp3,0.09090909090909091,10,10,ACGGAATACTACGTTTATAA,0,2861869
ompRp3,0.09090909090909091,10,10,ACGCGGTAAAAAAGAAGCGG,0,2905567
ompRp3,0.09090909090909091,10,10,ACGCGCTTGAGAGAGTCACA,0,2900333
ompRp3,0.09090909090909091,10,10,ACGCCAATCGATGTACGGAT,0,2881577
ompRp3,0.09090909090909091,10,10,ACGAGAAAAAGCGTCGCTAG,0,2897159
ompRp3,0.09090909090909091,10,10,ACCTCGGGTAACGCGTCACA,0,2865292
ompRp3,0.09090909090909091,10,10,ACCTCGGAATTTCACCCTTA,0,2861025
ompRp3,0.09090909090909091,10,10,ACCGTCGGGGGTTATGGGTA,0,2860911
ompRp3,0.09090909090909091,10,10,ACCGACCCGTGTGTCCGTCC,0,2893676
ompRp3,0.09090909090909091,10,10,ACCCTGGCGAAATTAAGGCC,0,2876717
ompRp3,0.09090909090909091,10,10,ACCAGTTTTACCGCCATTAG,0,2887391
ompRp3,0.09090909090909091,10,10,ACCACCCCACAAGAAGCTTT,0,2871137
ompRp3,0.09090909090909091,10,10,ACCACAGGGTATTCGGAATT,0,2891297
ompRp3,0.09090909090909091,10,10,ACCAAAATGCTGATCGAGCG,0,2860743
ompRp3,0.09090909090909091,10,10,ACATTTCTCTGGTGCAATAC,0,2892066
ompRp3,0.09090909090909091,10,10,ACAGTATAGCCAATGGCTGT,0,2868333
ompRp3,0.09090909090909091,10,10,ACAGCGGGCTTTGCTGGAGA,0,2868793
ompRp3,0.09090909090909091,10,10,ACAGCACCGAAAGCATTAGG,0,2873776
ompRp3,0.09090909090909091,10,10,ACAGAAGAGCTCATATTGAT,0,2862319
ompRp3,0.09090909090909091,10,10,ACACCGATCTGTATTGAGTA,0,2882288
ompRp3,0.09090909090909091,10,10,ACACATACACTTCCTAGTAT,0,2882121
ompRp3,0.09090909090909091,10,10,ACAAGCGTTGAATGGAACGA,0,2868175
ompRp3,0.09090909090909091,10,10,ACAACGAGGTACCCTGACCA,0,2887977
ompRp3,0.09090909090909091,10,10,AATTGTAGGTCTAACGCCAA,0,2907370
ompRp3,0.09090909090909091,10,10,AATTGAAACATTTAGCGATC,0,2902529
ompRp3,0.09090909090909091,10,10,AATTAAGCCCTCAGAAGGAG,0,2866049
ompRp3,0.09090909090909091,10,10,AATGGGACGAGCAAAGTTAT,0,2870978
ompRp3,0.09090909090909091,10,10,AATCGTAAGCACCGAAGAGG,0,2901409
ompRp3,0.09090909090909091,10,10,AATCGCTGGACATGCTCGAA,0,2892378
ompRp3,0.09090909090909091,10,10,AATCCCGATCCACGCTTTTG,0,2885708
ompRp3,0.09090909090909091,10,10,AATCAACTCGGGGAACCCAC,0,2885754
ompRp3,0.09090909090909091,10,10,AATAGGTACGTATATCGCGA,0,2884626
ompRp3,0.09090909090909091,10,10,AAGTGCCGTTAGTGTAATGT,0,2894246
ompRp3,0.09090909090909091,10,10,AAGGTTACGATGGCGGTGAG,0,2891057
ompRp3,0.09090909090909091,10,10,AAGGCGCCCGTCCCCGGCGT,0,2905873
ompRp3,0.09090909090909091,10,10,AAGGCCGGACACTTAGTAGG,0,2862236
ompRp3,0.09090909090909091,10,10,AAGCGCCAGAGAACCAGTAT,0,2867909
ompRp3,0.09090909090909091,10,10,AAGCCGAAATGCCCTCAGGC,0,2873952
ompRp3,0.09090909090909091,10,10,AAGAGGTGATCCACGTGCCG,0,2885494
ompRp3,0.09090909090909091,10,10,AAGAGATACTGAAGACACTC,0,2874683
ompRp3,0.09090909090909091,10,10,AACTCTCCTCTTGTACGCTA,0,2876678
ompRp3,0.09090909090909091,10,10,AACGTTACTATAACTTGCTG,0,2906851
ompRp3,0.09090909090909091,10,10,AACGGTTGCATTGATGGGCG,0,2886343
ompRp3,0.09090909090909091,10,10,AACGAGCGGTCAATCTATCC,0,2896636
ompRp3,0.09090909090909091,10,10,AACGAAGGAAAGCGCTCGGA,0,2879730
ompRp3,0.09090909090909091,10,10,AACCTTACGCGCAGCAGCGT,0,2864003
ompRp3,0.09090909090909091,10,10,AACAGCAAGTAATTCTGTGT,0,2880920
ompRp3,0.09090909090909091,10,10,AAATTATCCGATAATTAGTT,0,2879854
ompRp3,0.09090909090909091,10,10,AAATGGGCGCAGTCCAAGAG,0,2895270
ompRp3,0.09090909090909091,10,10,AAACTCCATGGAATCCTTTA,0,2864526
ompRp3,0.09090909090909091,10,10,AAAAGCGATTGGGGGACATT,0,2870499
ompRp3,0.09090909090909091,10,10,AAAACGGTCTTCTGTCTAAC,0,2888343
ompRp3,0.1,9,9,TTTTGGTGCCCATCCCATCC,0,2897740
ompRp3,0.1,9,9,TTTTATAAGGGGTACGCAAT,0,2895147
ompRp3,0.1,9,9,TTTGCTCACTACCACTGGCA,0,2861885
ompRp3,0.1,9,9,TTTCGATTCTACTTGCCAAA,0,2887690
ompRp3,0.1,9,9,TTTCCCTGCTGCTGTGTGTA,0,2879391
ompRp3,0.1,9,9,TTTCCATGACTGGCCCCCTA,0,2878586
ompRp3,0.1,9,9,TTTAAGGTCTTGCTTATAAG,0,2901752
ompRp3,0.1,9,9,TTGTTTTCTAGAAATATGTG,0,2869239
ompRp3,0.1,9,9,TTGTTTCCATAGACCCGCCC,0,2872139
ompRp3,0.1,9,9,TTGTTTCAGGTATCTATTTA,0,2897728
ompRp3,0.1,9,9,TTGTAATCCGCTACCGACCT,0,2861424
ompRp3,0.1,9,9,TTGGTTGTCTGGACCCTGAG,0,2905660
ompRp3,0.1,9,9,TTGGAGCAGATTAAATCGTA,0,2884430
ompRp3,0.1,9,9,TTGCATGAAGACTAATATCC,0,2902401
ompRp3,0.1,9,9,TTGACTATGCAAACCTCCTC,0,2883184
ompRp3,0.1,9,9,TTCTGTTGAGCGGCACTTCT,0,2898138
ompRp3,0.1,9,9,TTCGTTCTACGCAACTCATG,0,2870028
ompRp3,0.1,9,9,TTCGTCCCCGGGTCCCAGAA,0,2889320
ompRp3,0.1,9,9,TTCCTTTGGCAGGTTCGCGT,0,2906552
ompRp3,0.1,9,9,TTCCACAAAGCAACGCCCAC,0,2882916
ompRp3,0.1,9,9,TTATGCCGTCGTTTTAGCTA,0,2896192
ompRp3,0.1,9,9,TTATCCCGTGCATTTAGATG,0,2872689
ompRp3,0.1,9,9,TTAGCTGCTCAACCGGGAAA,0,2906883
ompRp3,0.1,9,9,TTAGACTCAGCGAGATACAT,0,2904716
ompRp3,0.1,9,9,TTAGACGCGGTTTCGGTTCG,0,2883439
ompRp3,0.1,9,9,TTACAAGCACTGGCGTTCCT,0,2889540
ompRp3,0.1,9,9,TTAATTTCTCCTGCTGGTAA,0,2902398
ompRp3,0.1,9,9,TTAATCGCAACTAAGGATAT,0,2900139
ompRp3,0.1,9,9,TTAAGTTCGGGGTTTGCTAT,0,2898302
ompRp3,0.1,9,9,TGTTTTTGAGTGACACGATT,0,2872256
ompRp3,0.1,9,9,TGTTGCCTGCGCAACTCGTC,0,2887684
ompRp3,0.1,9,9,TGTGTTAGGAAAATAACGAG,0,2890192
ompRp3,0.1,9,9,TGTGTCAATTAGTACCCCGG,0,2861712
ompRp3,0.1,9,9,TGTCCCGCGATACGAAGGCT,0,2881529
ompRp3,0.1,9,9,TGTCATATGTCTAAGCTAAT,0,2905520
ompRp3,0.1,9,9,TGTCACACAGAGCTCGAAGT,0,2883087
ompRp3,0.1,9,9,TGGTGAAGGGACCGCGCATC,0,2883153
ompRp3,0.1,9,9,TGGTAGGCGAAAGTCATACT,0,2867790
ompRp3,0.1,9,9,TGGTAGCGCGAGATATTTTT,0,2874995
ompRp3,0.1,9,9,TGGGCGGCAAGCAACGTATT,0,2898146
ompRp3,0.1,9,9,TGGGCATTTCCGCACGTATA,0,2863095
ompRp3,0.1,9,9,TGGCGTGGGGTTTTAGCTCA,0,2869682
ompRp3,0.1,9,9,TGGCCGGTGCGCCCGGCGGC,0,2888263
ompRp3,0.1,9,9,TGGCAGTCATACTCATTTGC,0,2860836
ompRp3,0.1,9,9,TGGCAGCACTCATAGTATGT,0,2878694
ompRp3,0.1,9,9,TGGATGGAGAATTATTTGCT,0,2899218
ompRp3,0.1,9,9,TGGATGATGTTCCTACTTAT,0,2895155
ompRp3,0.1,9,9,TGGAGTACTTATATTGTGTG,0,2896799
ompRp3,0.1,9,9,TGGAGCACCATTTGGGGGGC,0,2905297
ompRp3,0.1,9,9,TGGACGCTTAGAATGGCGTA,0,2864605
ompRp3,0.1,9,9,TGGAAGATTTTCCTGCTCCG,0,2891429
ompRp3,0.1,9,9,TGGAACTGTAGTGACTTTAT,0,2879414
ompRp3,0.1,9,9,TGGAACCTGCGGAGGTCGCG,0,2902086
ompRp3,0.1,9,9,TGCTTTCAGGACCGACATTG,0,2896510
ompRp3,0.1,9,9,TGCTCTGTGTCTAGCGCGCA,0,2866657
ompRp3,0.1,9,9,TGCTCGGCGCGGTCTGACCA,0,2897963
ompRp3,0.1,9,9,TGCCGGAACTGAAGCGGCCG,0,2871716
ompRp3,0.1,9,9,TGCCAGCTGTATTAGTCCCA,0,2891470
ompRp3,0.1,9,9,TGCAGTCCTGTCGTCCTTAA,0,2902135
ompRp3,0.1,9,9,TGCAGATTTCTTGTTCAACT,0,2876874
ompRp3,0.1,9,9,TGATTTCTCTGAGGTGGCGC,0,2869654
ompRp3,0.1,9,9,TGATTGGGATGGCTGTAATA,0,2898802
ompRp3,0.1,9,9,TGAGGGGACCGTGCATGCTA,0,2896762
ompRp3,0.1,9,9,TGAGCCCACGTCTGTCCTCG,0,2884615
ompRp3,0.1,9,9,TGAGACGAGCTCGACCGTGA,0,2899258
ompRp3,0.1,9,9,TGACGATAGAGAGACCAGGA,0,2898081
ompRp3,0.1,9,9,TGAATGACTATAAGTGTGGC,0,2872241
ompRp3,0.1,9,9,TGAATATCGGCGTGGTCCCG,0,2895719
ompRp3,0.1,9,9,TGAAACGCGCGGGGCATAAG,0,2862920
ompRp3,0.1,9,9,TCTTGAAGACCGTAACACGG,0,2869397
ompRp3,0.1,9,9,TCTGGACAATGCTCTCGCAT,0,2871994
ompRp3,0.1,9,9,TCTGAGAGAGCTTGACTTTC,0,2873579
ompRp3,0.1,9,9,TCTCCCAACCCTCGGAGATT,0,2888614
ompRp3,0.1,9,9,TCTAGAATCCGACTATCGCG,0,2878975
ompRp3,0.1,9,9,TCGTTAGTGGGTTAGGCAAG,0,2875624
ompRp3,0.1,9,9,TCGTCATCAGGATTGTACTT,0,2901182
ompRp3,0.1,9,9,TCGTATTATGGTTTTTGCCT,0,2879343
ompRp3,0.1,9,9,TCGGGTAGAGGCTTGCGTAT,0,2873494
ompRp3,0.1,9,9,TCGGGGCATGCGCGTGTATA,0,2871119
ompRp3,0.1,9,9,TCGGGCTAAGCATTGCGTTT,0,2880459
ompRp3,0.1,9,9,TCGGCGTCGTGTTAATTGTG,0,2867465
ompRp3,0.1,9,9,TCGGAGTGCAGGAAGCTCGT,0,2896632
ompRp3,0.1,9,9,TCGCTTCGGCACTCAGCTTA,0,2897859
ompRp3,0.1,9,9,TCGCTCTTTGTCGTTTCATA,0,2878751
ompRp3,0.1,9,9,TCGCTCTCGTAGTATGGACC,0,2867514
ompRp3,0.1,9,9,TCGCTCGTGCGGAGGGCACT,0,2880503
ompRp3,0.1,9,9,TCGCCCACGGCCTTTGTAGG,0,2873707
ompRp3,0.1,9,9,TCGATTGGGCAATGTTTCCC,0,2896117
ompRp3,0.1,9,9,TCGAGGACGCTGAGTGCTCC,0,2889897
ompRp3,0.1,9,9,TCGAGCGATTTCGTCGGCTA,0,2891021
ompRp3,0.1,9,9,TCGAAATTGACTTCCTAGAT,0,2879381
ompRp3,0.1,9,9,TCCTGGCATTTCTTCGGGAT,0,2898063
ompRp3,0.1,9,9,TCCGGGCTGATTTTCGCAGG,0,2893097
ompRp3,0.1,9,9,TCCGGCCATCTTGAGTGTAA,0,2872829
ompRp3,0.1,9,9,TCCGCGCACAATCATTATCG,0,2900651
ompRp3,0.1,9,9,TCCAGGAAGGCCCGCTGCTC,0,2875275
ompRp3,0.1,9,9,TCCAGAAGGCGGGGTTAATA,0,2869142
ompRp3,0.1,9,9,TCCACAAATTAATAAACTAA,0,2888296
ompRp3,0.1,9,9,TCATGCGAGAAGCGGGATTA,0,2879301
ompRp3,0.1,9,9,TCATGCATCTTCGCTGGTTT,0,2870880
ompRp3,0.1,9,9,TCATAAATTCAAGGAAATGT,0,2888921
ompRp3,0.1,9,9,TCAGAGAAGACGAACGACAA,0,2889052
ompRp3,0.1,9,9,TCACGAGTCGAGCGATTGGG,0,2907077
ompRp3,0.1,9,9,TCAAACATCATTAGGTCGTA,0,2878286
ompRp3,0.1,9,9,TCAAAAGAGCTAATAAGCAG,0,2901654
ompRp3,0.1,9,9,TATTTCCTGGTCATCTAGAG,0,2881651
ompRp3,0.1,9,9,TATTGTCTCGGGGGCTCCGT,0,2871355
ompRp3,0.1,9,9,TATGAACATGTTAGTTCGGA,0,2880294
ompRp3,0.1,9,9,TATCATATAGAGACCTCACC,0,2891127
ompRp3,0.1,9,9,TATAGGTACCATTACCAGTG,0,2885334
ompRp3,0.1,9,9,TATACCTATTCGGATGCATG,0,2862665
ompRp3,0.1,9,9,TAGGTCATTTTCCGACACGA,0,2861436
ompRp3,0.1,9,9,TAGGTCACCCCTTGCACGGG,0,2900018
ompRp3,0.1,9,9,TAGGATGAGATACGACACAG,0,2890827
ompRp3,0.1,9,9,TAGCGAATGGGCCACTGCGG,0,2881190
ompRp3,0.1,9,9,TAGACTTTTGTATCAAATCC,0,2897703
ompRp3,0.1,9,9,TACTGCACTCTTCTGTCTAC,0,2882783
ompRp3,0.1,9,9,TACGTATTTACCTTAGTGTC,0,2888691
ompRp3,0.1,9,9,TACGCCTCCTTGGTTACATA,0,2863503
ompRp3,0.1,9,9,TACCGGCCCTCATTCCGGTT,0,2882264
ompRp3,0.1,9,9,TACATTCTAAGGCTTCACCA,0,2863969
ompRp3,0.1,9,9,TACAGCAGAAAGTCTTCATG,0,2883252
ompRp3,0.1,9,9,TAATCGTGACGAGGGAATAG,0,2907034
ompRp3,0.1,9,9,TAATAGTCACAGGCGGATGA,0,2868081
ompRp3,0.1,9,9,TAAGTCGGGCGAGAGACAAC,0,2863502
ompRp3,0.1,9,9,TAAGTCCTAGCCTACTCCTT,0,2867059
ompRp3,0.1,9,9,TAACTGGGTAATCAGGAGTC,0,2873719
ompRp3,0.1,9,9,TAACCAGGCGCACACATACG,0,2895085
ompRp3,0.1,9,9,TAACAAAAAAATGTGCTCTC,0,2877125
ompRp3,0.1,9,9,TAAAGTAAACAATGAATCAC,0,2875706
ompRp3,0.1,9,9,TAAAGCATTCCCCGTTAAGA,0,2890606
ompRp3,0.1,9,9,GTTTCAGCTTCTAAAACTGA,0,2872291
ompRp3,0.1,9,9,GTTTAACATCGAAATTGGTG,0,2885084
ompRp3,0.1,9,9,GTTGGGTAGTTTTGATTGAC,0,2863348
ompRp3,0.1,9,9,GTTCTGACCGGGTGCATGTT,0,2889619
ompRp3,0.1,9,9,GTTCCAGTGGATAGGCGACA,0,2900563
ompRp3,0.1,9,9,GTGTGGTTTGATCCACTCCA,0,2872862
ompRp3,0.1,9,9,GTGTGCTCCACCCCCTCGGT,0,2867782
ompRp3,0.1,9,9,GTGGTTGGCAACCCGCCACT,0,2861463
ompRp3,0.1,9,9,GTGGCTTAAATTCCAGGCTG,0,2900994
ompRp3,0.1,9,9,GTGGCCGAGCGACAAGTAGT,0,2885108
ompRp3,0.1,9,9,GTGGCATAGATACGAACGTA,0,2886577
ompRp3,0.1,9,9,GTGGACGGAGTATAATAAGC,0,2897593
ompRp3,0.1,9,9,GTGCGGGATCATTACAAAAT,0,2869661
ompRp3,0.1,9,9,GTGCCTTTTATTGGTGGCCC,0,2907307
ompRp3,0.1,9,9,GTGCAGTGTAGTCGGGAAAC,0,2864669
ompRp3,0.1,9,9,GTGCAGCTTAGGTAACGTTA,0,2877543
ompRp3,0.1,9,9,GTGATTGAGTAATCCTGAGA,0,2883938
ompRp3,0.1,9,9,GTGAGTTGTTATGCGCAATA,0,2877634
ompRp3,0.1,9,9,GTGAGGCTCACGTCTAGATC,0,2861709
ompRp3,0.1,9,9,GTGACTGCACCTTGGTCATA,0,2898179
ompRp3,0.1,9,9,GTCTTGTCTACTATCCCGGC,0,2871203
ompRp3,0.1,9,9,GTCTTGTCACTGGTCTGAAG,0,2890157
ompRp3,0.1,9,9,GTCTGAAAACGTTAAGCGCA,0,2865276
ompRp3,0.1,9,9,GTCTATTTCACATGTGTAGG,0,2891481
ompRp3,0.1,9,9,GTCTACGCAGCAGTCGTCGC,0,2868993
ompRp3,0.1,9,9,GTCGTGACTAGTGGCGCTAC,0,2892985
ompRp3,0.1,9,9,GTCGCGGTTACAGATGATAA,0,2887659
ompRp3,0.1,9,9,GTCGAGTATTGAAAATTAGA,0,2889859
ompRp3,0.1,9,9,GTCGAGAGCAAACGCACGTT,0,2863398
ompRp3,0.1,9,9,GTCCTATTGCTAACGAATGG,0,2877921
ompRp3,0.1,9,9,GTCCTAACGGTAACGCAGTG,0,2873016
ompRp3,0.1,9,9,GTCATATGAGTACGGTCAGG,0,2894800
ompRp3,0.1,9,9,GTCAATCGCCTCTCCCGCTA,0,2887362
ompRp3,0.1,9,9,GTATTTATTTTTCATAACAT,0,2900066
ompRp3,0.1,9,9,GTATATTCTCAATAAATGAA,0,2865190
ompRp3,0.1,9,9,GTATAGCGATGAATTATTGC,0,2869448
ompRp3,0.1,9,9,GTAAGTGAAACATACTTGTA,0,2889685
ompRp3,0.1,9,9,GTAAGGGGGGCCGATCATTG,0,2906872
ompRp3,0.1,9,9,GTAAGAACATGTCTTCGAGT,0,2865012
ompRp3,0.1,9,9,GGTTCGAGACAGAGCATACA,0,2877168
ompRp3,0.1,9,9,GGTTACCTCGCTACTACATG,0,2879812
ompRp3,0.1,9,9,GGTTACACGACGGTTTACAT,0,2888206
ompRp3,0.1,9,9,GGTGGTGCGCGCCGTGTGTA,0,2884618
ompRp3,0.1,9,9,GGTGGGATTCCGTTTGAAAT,0,2895320
ompRp3,0.1,9,9,GGTGAAGGGCAATCTTACCT,0,2895652
ompRp3,0.1,9,9,GGTCGTGCGACTCGCCTCAA,0,2874070
ompRp3,0.1,9,9,GGTATCGCATATTAACGGGT,0,2865271
ompRp3,0.1,9,9,GGTAGCGACAGGGCAATTTT,0,2887356
ompRp3,0.1,9,9,GGGTGGTGCCGGTCGCGGAC,0,2898184
ompRp3,0.1,9,9,GGGTAGAGGACCGCGCGCGC,0,2899030
ompRp3,0.1,9,9,GGGTAATCGTGTAAGGCCTA,0,2902190
ompRp3,0.1,9,9,GGGGGGCTTCCAGTGAAATA,0,2881915
ompRp3,0.1,9,9,GGGGGAAGAGATGCGTGGGA,0,2876090
ompRp3,0.1,9,9,GGGGCTAATCCAGGCTCAGC,0,2885791
ompRp3,0.1,9,9,GGGCGCCAGGTTTGCACGAC,0,2899455
ompRp3,0.1,9,9,GGGCACGCACTATACGTTAT,0,2882471
ompRp3,0.1,9,9,GGGATTTAACAACAAAGGAT,0,2862621
ompRp3,0.1,9,9,GGGACGCCCACGAGAAGTCA,0,2880490
ompRp3,0.1,9,9,GGCTGGTCGTCGATAGTACA,0,2877913
ompRp3,0.1,9,9,GGCTGGTCATGTGCTATTAT,0,2863772
ompRp3,0.1,9,9,GGCGCCGGTAAAGCCTCCTG,0,2897083
ompRp3,0.1,9,9,GGCGACTTCGACATATGCAG,0,2862537
ompRp3,0.1,9,9,GGCCTAGCGCACTATTACGA,0,2867540
ompRp3,0.1,9,9,GGCCAAACGGCTTGCTATAT,0,2872791
ompRp3,0.1,9,9,GGCACCTTAAGGAAAGGAAT,0,2889493
ompRp3,0.1,9,9,GGCAAGCGCAACGCATGGTT,0,2903315
ompRp3,0.1,9,9,GGCAACAAGCGGCGCAGGAC,0,2902318
ompRp3,0.1,9,9,GGATGTGCATATGGCTCATG,0,2862985
ompRp3,0.1,9,9,GGATAGCAGGTGTTCATATT,0,2878096
ompRp3,0.1,9,9,GGAGGCCGCGCACATGCGAA,0,2880656
ompRp3,0.1,9,9,GGAGAAAAGTCGTGTCTCTT,0,2868421
ompRp3,0.1,9,9,GGACTGCAGATGTGTGCGAG,0,2865604
ompRp3,0.1,9,9,GGACAAGAGGCTTGGCGACC,0,2862098
ompRp3,0.1,9,9,GGAAATAGACTCGTCAGGTC,0,2883683
ompRp3,0.1,9,9,GCTTTTAAGAGGATGATCGT,0,2885435
ompRp3,0.1,9,9,GCTGTTAGGCAGCTTAAACA,0,2870608
ompRp3,0.1,9,9,GCTGGGCACATTACCGAAAG,0,2864268
ompRp3,0.1,9,9,GCTGGAAACTCCCTTCCGGG,0,2860835
ompRp3,0.1,9,9,GCTCATGGTTAGTAGCCCTT,0,2903407
ompRp3,0.1,9,9,GCTAGCCCGACCTGAGAGAG,0,2888456
ompRp3,0.1,9,9,GCGTTAAGACATGAGAAAAT,0,2891666
ompRp3,0.1,9,9,GCGTGACCGTGGTTGACTGG,0,2862794
ompRp3,0.1,9,9,GCGGTATGACGGGGACACCC,0,2865528
ompRp3,0.1,9,9,GCGGTACTGCGTTGACGCTT,0,2873086
ompRp3,0.1,9,9,GCGGGAGTCAAAGGTCGATA,0,2889975
ompRp3,0.1,9,9,GCGGCGGTGAGTCTCAAGCG,0,2861935
ompRp3,0.1,9,9,GCGGATACTAAACAGCGGTA,0,2894279
ompRp3,0.1,9,9,GCGGAGCTATACACTTCGGG,0,2895365
ompRp3,0.1,9,9,GCGCGTTCTCGAAGGCTGAC,0,2882492
ompRp3,0.1,9,9,GCGCGCTGGCTCTAGGGTGA,0,2895167
ompRp3,0.1,9,9,GCGCCAACCCCAAGTCATAG,0,2891061
ompRp3,0.1,9,9,GCGCAAATATGAGCATGATT,0,2887290
ompRp3,0.1,9,9,GCGACTCGGCGACAAATTTT,0,2889495
ompRp3,0.1,9,9,GCGACCACACAAAGTCGGTC,0,2864335
ompRp3,0.1,9,9,GCGAACGATGCACGAGTCTG,0,2895985
ompRp3,0.1,9,9,GCCTGTTAAACCCGCAACAG,0,2876515
ompRp3,0.1,9,9,GCCTCTGATTTCTTAACATG,0,2871779
ompRp3,0.1,9,9,GCCTCAGCCGAGGACACCGG,0,2868912
ompRp3,0.1,9,9,GCCGTAGAAGATATGGCTCG,0,2894054
ompRp3,0.1,9,9,GCCCGGCGCCCCGTCTGAGG,0,2896088
ompRp3,0.1,9,9,GCCCCAGGTTCTTCACCATT,0,2877756
ompRp3,0.1,9,9,GCCCAGCTGCGACATCAATC,0,2879254
ompRp3,0.1,9,9,GCCCAAGTACCTCCGGACTT,0,2891716
ompRp3,0.1,9,9,GCCACTGGCTGATTTGAAGA,0,2879954
ompRp3,0.1,9,9,GCCAAGCTAGGTCGAGGGAA,0,2906216
ompRp3,0.1,9,9,GCATGCATCACTACGAGGGT,0,2892657
ompRp3,0.1,9,9,GCATGAAGCGGTGATTTCGT,0,2907257
ompRp3,0.1,9,9,GCATCCTGCGAGCAAAGTTA,0,2866147
ompRp3,0.1,9,9,GCATATTGTTACTTAAGTCT,0,2876083
ompRp3,0.1,9,9,GCATACAACGAGCCCCTACG,0,2874004
ompRp3,0.1,9,9,GCAGGAGATATGTAGACTGA,0,2895099
ompRp3,0.1,9,9,GCACTTGCCTGGGGAAGGTT,0,2903898
ompRp3,0.1,9,9,GCACTAAAATGTATACCTGA,0,2906391
ompRp3,0.1,9,9,GCACGTTAATCGTGAAACCT,0,2862354
ompRp3,0.1,9,9,GCACGTAGAAGATGCTCCAG,0,2901014
ompRp3,0.1,9,9,GCACCACAGGGTGGGTGCCC,0,2871392
ompRp3,0.1,9,9,GCACAGCATAGATGGTTGCA,0,2872873
ompRp3,0.1,9,9,GCACACGGTACGAGAAGCAG,0,2875096
ompRp3,0.1,9,9,GCAATGTGCGTATGGGCCAT,0,2905977
ompRp3,0.1,9,9,GCAATCCCGGTGACGAGATT,0,2875414
ompRp3,0.1,9,9,GCAAGCATGTAGATATTCCA,0,2885787
ompRp3,0.1,9,9,GATTGGAATCGGAATTCAAA,0,2900229
ompRp3,0.1,9,9,GATGTACCGGAGTATGGGAT,0,2871834
ompRp3,0.1,9,9,GATCAAGCTACTGCCTTGGA,0,2883582
ompRp3,0.1,9,9,GATACCGTTGTCCTAATCTG,0,2882460
ompRp3,0.1,9,9,GAGTTTGGGTATTTTATGGA,0,2871864
ompRp3,0.1,9,9,GAGTTGCGTGCGGCGTGCTA,0,2882967
ompRp3,0.1,9,9,GAGTCTGACCGACACTTATA,0,2899993
ompRp3,0.1,9,9,GAGTCCCATTGTATCCTTTC,0,2870251
ompRp3,0.1,9,9,GAGTCAACTTTGTGTTATGA,0,2885546
ompRp3,0.1,9,9,GAGCTTGTTTAAGGTCTTGA,0,2886888
ompRp3,0.1,9,9,GAGCCCTGCCGTTATAACAG,0,2882169
ompRp3,0.1,9,9,GAGCATAATTACGAAAAGCC,0,2860789
ompRp3,0.1,9,9,GAGCACACGGTATCTGATGA,0,2881393
ompRp3,0.1,9,9,GAGAGGCTGACCGGGTAGAA,0,2892224
ompRp3,0.1,9,9,GAGACGCAGAAGTTGTCAAT,0,2865328
ompRp3,0.1,9,9,GAGACGCAAACAATGCAGTT,0,2860991
ompRp3,0.1,9,9,GACTTTTTCTACATTTAGTA,0,2864167
ompRp3,0.1,9,9,GACTCTGCGTCGTTACAGTT,0,2892644
ompRp3,0.1,9,9,GACGTACAGAATATATTGGC,0,2863805
ompRp3,0.1,9,9,GACCGCTACTCTCGGTCCAG,0,2896725
ompRp3,0.1,9,9,GACCCTCTTTATATGTCATG,0,2891763
ompRp3,0.1,9,9,GACATTGGCCGGGTGGCTCA,0,2883221
ompRp3,0.1,9,9,GACAGTGAAGAAGGGGCCTC,0,2903111
ompRp3,0.1,9,9,GACACAAGGGCTCCATCTGT,0,2871051
ompRp3,0.1,9,9,GAATTCTCTGTTCATCAACC,0,2883895
ompRp3,0.1,9,9,GAATGCATTCTTTTAATAAA,0,2895068
ompRp3,0.1,9,9,GAATCTCCCGTGCGAGTTTT,0,2868202
ompRp3,0.1,9,9,GAATCCGCGGGGCGATTATC,0,2866807
ompRp3,0.1,9,9,GAACTTTCGTATGAGGGGAT,0,2891445
ompRp3,0.1,9,9,GAACGGTTCAATTCTAAGTT,0,2869644
ompRp3,0.1,9,9,GAACATTTGACTTCATGTCG,0,2902745
ompRp3,0.1,9,9,GAAAGGTACTGGTACTTTAG,0,2905411
ompRp3,0.1,9,9,GAAACGGGCGTTCGTGTGAA,0,2880462
ompRp3,0.1,9,9,GAAACCGTTTTCCCTACATA,0,2877956
ompRp3,0.1,9,9,CTTTAAAGACTCACCGTTTG,0,2884962
ompRp3,0.1,9,9,CTTCGATCCTGGGATGCGAA,0,2875734
ompRp3,0.1,9,9,CTTCCCTTGAGTCGGGGGTT,0,2903215
ompRp3,0.1,9,9,CTTAGCTCTACACTTACCTA,0,2887640
ompRp3,0.1,9,9,CTGTTTCCCGAGCGCCTTAG,0,2891385
ompRp3,0.1,9,9,CTGTTAGGTCGTAAACACAT,0,2866819
ompRp3,0.1,9,9,CTGTACGATTGGTAGGCGAA,0,2895847
ompRp3,0.1,9,9,CTGGAGGACAAGGCAACTAG,0,2878231
ompRp3,0.1,9,9,CTGCTGTAACATATACAAGA,0,2897019
ompRp3,0.1,9,9,CTGAAGCTTAGCTTGATGGC,0,2901036
ompRp3,0.1,9,9,CTCTTCGATATCTACCGCAT,0,2902633
ompRp3,0.1,9,9,CTCGGGTGACTAGCCGATGC,0,2874885
ompRp3,0.1,9,9,CTCGGCCCGAGCGCACGAGA,0,2861649
ompRp3,0.1,9,9,CTCCTCAGGCTGCCACACCT,0,2868628
ompRp3,0.1,9,9,CTCCAACAGCTGGCTCGATG,0,2863723
ompRp3,0.1,9,9,CTCACTTCCATGGGTACTGG,0,2894734
ompRp3,0.1,9,9,CTCACTGAACCCTACAGGTG,0,2894172
ompRp3,0.1,9,9,CTATTATCCGTGCTGTGCCT,0,2862125
ompRp3,0.1,9,9,CTATGAATCCGCAATGGCGA,0,2904766
ompRp3,0.1,9,9,CTAGATACCGGTGCGTGTCA,0,2865619
ompRp3,0.1,9,9,CTAGACCATATTACCCTCTG,0,2896377
ompRp3,0.1,9,9,CTACCAGAAGATGACTAACA,0,2882361
ompRp3,0.1,9,9,CTACACCAATTTCGGTTTCA,0,2888257
ompRp3,0.1,9,9,CTAAGTCGGGATGCCGCTCA,0,2883073
ompRp3,0.1,9,9,CTAAATGAGCATCATACAGA,0,2887096
ompRp3,0.1,9,9,CTAAAGGACCACGGCGCAAG,0,2872013
ompRp3,0.1,9,9,CGTTTACGAAACCTCACCAG,0,2868052
ompRp3,0.1,9,9,CGTTCAGGCATCGGAGCCCG,0,2907665
ompRp3,0.1,9,9,CGTTATATCGTGGAATTGCT,0,2875031
ompRp3,0.1,9,9,CGTGTGGGGCTGTGTGCGCC,0,2863935
ompRp3,0.1,9,9,CGTGCTTAGATTGAGTTAAC,0,2881592
ompRp3,0.1,9,9,CGTGACCTGCGCCTTCGTGT,0,2874172
ompRp3,0.1,9,9,CGTGAACCATTACACCTACT,0,2906711
ompRp3,0.1,9,9,CGTCCTTAAGGTACGCTGAA,0,2892991
ompRp3,0.1,9,9,CGTATATTCGCTGTTCACGC,0,2865538
ompRp3,0.1,9,9,CGTAGAGAGCACTCCGGAAC,0,2871053
ompRp3,0.1,9,9,CGTACAATATGAGAAGGAGC,0,2895670
ompRp3,0.1,9,9,CGGTTAAGTTTTTTTGGTGG,0,2875289
ompRp3,0.1,9,9,CGGTGTTTTCCACAGTGGTA,0,2904216
ompRp3,0.1,9,9,CGGTCATTGTTTCTGGAGAG,0,2875804
ompRp3,0.1,9,9,CGGGCGCCCAACATGAGTGG,0,2866051
ompRp3,0.1,9,9,CGGGAGGGGAAGCTCTTGCC,0,2883490
ompRp3,0.1,9,9,CGGCGACTTGCTGCCCCTAA,0,2872659
ompRp3,0.1,9,9,CGGCCAAATGAACGAGGGAG,0,2886374
ompRp3,0.1,9,9,CGGATGTAATATACAGTGTA,0,2872392
ompRp3,0.1,9,9,CGGAGACAGATGATTACCCC,0,2880303
ompRp3,0.1,9,9,CGGACCTGTGCTAGCACCGA,0,2875629
ompRp3,0.1,9,9,CGGAACGGTGAGGTAGTACC,0,2875941
ompRp3,0.1,9,9,CGCTTAGAACGAACGATTGC,0,2868516
ompRp3,0.1,9,9,CGCTCGCTCACGGCGATTCA,0,2863080
ompRp3,0.1,9,9,CGCGGTTGCCGTCTGGAGGG,0,2877479
ompRp3,0.1,9,9,CGCGGTACCCAGCGACAGAC,0,2868548
ompRp3,0.1,9,9,CGCCTACCTCGCGGGCTATT,0,2898318
ompRp3,0.1,9,9,CGCATTAAGCCCCTTGAGTA,0,2891858
ompRp3,0.1,9,9,CGATTTCCAAATGTCAGCAA,0,2881601
ompRp3,0.1,9,9,CGATTGATAGTAGTGAGCTG,0,2889542
ompRp3,0.1,9,9,CGATTCGCGGCATTCACTGC,0,2902874
ompRp3,0.1,9,9,CGATGTCTGCTGACACGCTC,0,2902625
ompRp3,0.1,9,9,CGATGTCAACCGATTCAGCT,0,2906012
ompRp3,0.1,9,9,CGATAACCGCCTTGGGAGCG,0,2894885
ompRp3,0.1,9,9,CGAGACGCGTTCATTGTAGC,0,2900332
ompRp3,0.1,9,9,CGAAGTTAGGGGAGCTATTT,0,2892613
ompRp3,0.1,9,9,CGAACGCTTAGGCCGGCGCA,0,2864281
ompRp3,0.1,9,9,CCTTTTACTACCAAGCAGAC,0,2865384
ompRp3,0.1,9,9,CCTTCGCTAGAAGCTAGCTA,0,2903599
ompRp3,0.1,9,9,CCTTAGATCGTGCTCCGTCT,0,2867488
ompRp3,0.1,9,9,CCTGAGAGACAATGGTTGGC,0,2894918
ompRp3,0.1,9,9,CCTCTTGTAAATTTGCTACA,0,2892452
ompRp3,0.1,9,9,CCTCCACGGACGTCCGCAGA,0,2867959
ompRp3,0.1,9,9,CCTATGAACAATTTATACAG,0,2887050
ompRp3,0.1,9,9,CCTACGGGACTCTTCGATGC,0,2868616
ompRp3,0.1,9,9,CCTACAGAGAAGCTAGCGAG,0,2864662
ompRp3,0.1,9,9,CCGGCGCTAGGCGGAGACAA,0,2894590
ompRp3,0.1,9,9,CCGGCCTAGATAGGGGAATC,0,2870195
ompRp3,0.1,9,9,CCGGCCAGAGCTTTCAGTAT,0,2890433
ompRp3,0.1,9,9,CCGCTGTCGCATGCCGTTTC,0,2888773
ompRp3,0.1,9,9,CCGCTCACAGCCAACCGTGG,0,2865880
ompRp3,0.1,9,9,CCGCGCGACCGGAAAGACTG,0,2887442
ompRp3,0.1,9,9,CCGCCTGTCTGAAGTATACT,0,2885495
ompRp3,0.1,9,9,CCGCATCATAAGTTCCATTA,0,2876857
ompRp3,0.1,9,9,CCGATCGACTTGTAACAGGC,0,2862001
ompRp3,0.1,9,9,CCGAGTTATCTGATTTTCGA,0,2861610
ompRp3,0.1,9,9,CCGAGAAGAGGGGATACCTA,0,2892406
ompRp3,0.1,9,9,CCGACATACTATCGTTGGGT,0,2888067
ompRp3,0.1,9,9,CCCTGCGAGCAACCCCGACT,0,2863580
ompRp3,0.1,9,9,CCCTAGTGGAAAAAGGGTCA,0,2886501
ompRp3,0.1,9,9,CCCGGGAGACGTAGTCGGGT,0,2885864
ompRp3,0.1,9,9,CCCGAGCCTGGCTGCTAGGG,0,2866550
ompRp3,0.1,9,9,CCCAGCCTTCGACACAATAG,0,2874805
ompRp3,0.1,9,9,CCATACAATTACAGCCATTA,0,2869383
ompRp3,0.1,9,9,CCAGTGGTCTTGGCGGAGTT,0,2879692
ompRp3,0.1,9,9,CCAGGTGTCAATGACTAGCA,0,2883236
ompRp3,0.1,9,9,CCACGTTTCAGGACAATCTA,0,2889551
ompRp3,0.1,9,9,CCACGTCACTTCCATCGCAA,0,2878483
ompRp3,0.1,9,9,CCACGGTGTCCTAAAATGCA,0,2895056
ompRp3,0.1,9,9,CCAAGGCGCACACGCGATGG,0,2874134
ompRp3,0.1,9,9,CATTACAATACCCCCTATGG,0,2884986
ompRp3,0.1,9,9,CATTAATGTGGGATCGCGGG,0,2869409
ompRp3,0.1,9,9,CATCGTATATGCGGCTCGTT,0,2873880
ompRp3,0.1,9,9,CATCGGTGCAATGCGGAAAC,0,2868517
ompRp3,0.1,9,9,CATATGTCGGAGACGGGGTC,0,2869220
ompRp3,0.1,9,9,CATACCACGTGAGGCAGAAT,0,2899168
ompRp3,0.1,9,9,CAGTTTTACAGCGGAGAGTC,0,2895314
ompRp3,0.1,9,9,CAGTTCAAAGGGATTGCAGT,0,2870316
ompRp3,0.1,9,9,CAGTGCGCCCGCCCCCGTAT,0,2867517
ompRp3,0.1,9,9,CAGTGCCAGGCGACGCAAGA,0,2906075
ompRp3,0.1,9,9,CAGTGCAAACACCGTGTGTC,0,2864380
ompRp3,0.1,9,9,CAGGTTTTTGAGTCTCACAA,0,2865897
ompRp3,0.1,9,9,CAGGTTACAGATCGATGTTC,0,2907508
ompRp3,0.1,9,9,CAGGGCTGTGACTGGCAGTT,0,2869346
ompRp3,0.1,9,9,CAGGGATGGTATTCGAGAAT,0,2863128
ompRp3,0.1,9,9,CAGGCATACGGTTGCCACTC,0,2878973
ompRp3,0.1,9,9,CAGCCTTTTTACTATGGGCA,0,2887839
ompRp3,0.1,9,9,CAGCATAGAGCGATCCTATT,0,2898172
ompRp3,0.1,9,9,CAGATGCTGACGTACGACTA,0,2869040
ompRp3,0.1,9,9,CAGAGGGCGATCAGGGGTTC,0,2892933
ompRp3,0.1,9,9,CAGAGGAGGTTGATGGCGTT,0,2866138
ompRp3,0.1,9,9,CAGAAGTCTCTTCTCGTGGT,0,2902862
ompRp3,0.1,9,9,CACTGGTATCGGCAGAGCGT,0,2865759
ompRp3,0.1,9,9,CACTGCCGTATAACCTTCAT,0,2894607
ompRp3,0.1,9,9,CACTCCGACCTCTACACCAA,0,2907511
ompRp3,0.1,9,9,CACTATCGATGACCTTGGTT,0,2892512
ompRp3,0.1,9,9,CACTATCACGAAGTGAAACA,0,2889872
ompRp3,0.1,9,9,CACGTTGGAAGATTCGTCTC,0,2884552
ompRp3,0.1,9,9,CACGGGCAAAGTCCTCCAAA,0,2886832
ompRp3,0.1,9,9,CACGACATGGACAACCGGCG,0,2872967
ompRp3,0.1,9,9,CACCTAAAGGAGCCCCCCGC,0,2902458
ompRp3,0.1,9,9,CACCGAGCGTCAAGGCGGTA,0,2901500
ompRp3,0.1,9,9,CACCCCATTCAGAGACGTTG,0,2863759
ompRp3,0.1,9,9,CACCATTTTTTAATGCGGGA,0,2872050
ompRp3,0.1,9,9,CACATAGGCACACCGACTTT,0,2901809
ompRp3,0.1,9,9,CAATTTCAACCACGAAGAGG,0,2885790
ompRp3,0.1,9,9,CAATGTGACGGCACATACAA,0,2902694
ompRp3,0.1,9,9,CAATCAAACCAAGACCGAGA,0,2887328
ompRp3,0.1,9,9,CAATAATAGTCATACGCGGT,0,2879767
ompRp3,0.1,9,9,CAAGTTACAGGCCACGAGTA,0,2904873
ompRp3,0.1,9,9,CAAGCATGGACTTGCTTGAA,0,2870138
ompRp3,0.1,9,9,CAAGACTAATAGCGCATCTG,0,2865485
ompRp3,0.1,9,9,CAAGACGCCGAGTAGCCTAG,0,2892797
ompRp3,0.1,9,9,CAACCGATTTTTTCCCGGAC,0,2880434
ompRp3,0.1,9,9,CAACAACGTAGTATGCTCCG,0,2874199
ompRp3,0.1,9,9,CAAATTTCGTTAATTCATTG,0,2877519
ompRp3,0.1,9,9,CAAAGGCGTACAGTCCAGGT,0,2876156
ompRp3,0.1,9,9,CAAAGATGGCTATGTAGAAG,0,2900002
ompRp3,0.1,9,9,CAAAACGGATCCCTTATTCG,0,2885164
ompRp3,0.1,9,9,CAAAAAGTCCGGCGCTTTAT,0,2880610
ompRp3,0.1,9,9,ATTTAATTGTGGGTGCTACG,0,2877124
ompRp3,0.1,9,9,ATTGGGGGCCTACGCAGGTA,0,2865140
ompRp3,0.1,9,9,ATTCTCCTCAGCCATCAGTT,0,2863890
ompRp3,0.1,9,9,ATTCAAGGTCAAAGTTACAA,0,2905441
ompRp3,0.1,9,9,ATTATGAGTGCGAAACATGT,0,2887798
ompRp3,0.1,9,9,ATTACGGTTCGTGGTGGATT,0,2878941
ompRp3,0.1,9,9,ATTACCGATCTCTCTGTACG,0,2869045
ompRp3,0.1,9,9,ATTAATAATCGCGCATTCCA,0,2868425
ompRp3,0.1,9,9,ATGTTGTCCAGGTTCATAAT,0,2868023
ompRp3,0.1,9,9,ATGGTCCGGAAACGGGTGGC,0,2902273
ompRp3,0.1,9,9,ATGGCAACACGCGAGCAACT,0,2870780
ompRp3,0.1,9,9,ATGCTGACATCTGAACGAGG,0,2864029
ompRp3,0.1,9,9,ATGCCGCCCCCGTCAGACTT,0,2896617
ompRp3,0.1,9,9,ATGATTGCATCTGCATAAAG,0,2899572
ompRp3,0.1,9,9,ATGATCCATCACTGACGCGC,0,2871512
ompRp3,0.1,9,9,ATCTGCCGTTACATAATAGG,0,2902911
ompRp3,0.1,9,9,ATCTATGATGAGTTCCCAGC,0,2870341
ompRp3,0.1,9,9,ATCTACATGAATGGAGCAAC,0,2879970
ompRp3,0.1,9,9,ATCGTCTAGACACGGGACGG,0,2900386
ompRp3,0.1,9,9,ATCGGAGTCTTGTTATCGGT,0,2863419
ompRp3,0.1,9,9,ATCGATTCCCTCTAACGCTC,0,2878234
ompRp3,0.1,9,9,ATCCTATAGGATTAGGGGCA,0,2868604
ompRp3,0.1,9,9,ATCCGTCGAAATCACTCTGA,0,2907184
ompRp3,0.1,9,9,ATCCCTTCTATGGTCTTATA,0,2863652
ompRp3,0.1,9,9,ATCCCCCTTGGCATTAGACC,0,2873037
ompRp3,0.1,9,9,ATCAAGAAAGACAGCAGGGA,0,2903406
ompRp3,0.1,9,9,ATATTGTCTGCTCACAGCTG,0,2895133
ompRp3,0.1,9,9,ATATTCACAATATGTGATCC,0,2889702
ompRp3,0.1,9,9,ATATCTCGGCGCACGAACTA,0,2861533
ompRp3,0.1,9,9,ATAGTAATATGGCCTTAGTA,0,2860822
ompRp3,0.1,9,9,ATAGGTCGACGTGCGCCTCG,0,2874536
ompRp3,0.1,9,9,ATACGCGGTCGACTGTAAAG,0,2906795
ompRp3,0.1,9,9,ATAATTCTAAACCGTTCGGT,0,2884576
ompRp3,0.1,9,9,ATAATGTGGCTCGGCGTACT,0,2865319
ompRp3,0.1,9,9,ATAAGCTCTTTAACACATAG,0,2881160
ompRp3,0.1,9,9,ATAAGAAGGGTGCATAGATT,0,2883761
ompRp3,0.1,9,9,ATAAATTGTGTGCATCTTAC,0,2878533
ompRp3,0.1,9,9,AGTTGCTGAAACAGACGCTG,0,2882819
ompRp3,0.1,9,9,AGTGTCTAACTAGGATCCTA,0,2894354
ompRp3,0.1,9,9,AGTGACCGCCTAAGATAGAT,0,2894256
ompRp3,0.1,9,9,AGTCTCCCTCTTCGTTTGTC,0,2873215
ompRp3,0.1,9,9,AGTATGGTTAGAACATCCGC,0,2871414
ompRp3,0.1,9,9,AGTAGTAGCGAGAAAACTGT,0,2871905
ompRp3,0.1,9,9,AGTAGGATACCCGTATATCG,0,2876765
ompRp3,0.1,9,9,AGTAGACGCTAGTTCGTACA,0,2876728
ompRp3,0.1,9,9,AGGTGCTTGAGTGTCGGTGA,0,2868493
ompRp3,0.1,9,9,AGGTACCAGTCTAATAGTTT,0,2872990
ompRp3,0.1,9,9,AGGGTGTACGAAGTGCTTTG,0,2862435
ompRp3,0.1,9,9,AGGGTAGAGGGCACCGATTT,0,2895982
ompRp3,0.1,9,9,AGGCACCGTCTGCGCTGGGC,0,2880295
ompRp3,0.1,9,9,AGGAGTGCAATCTGAGTCTT,0,2870353
ompRp3,0.1,9,9,AGGAGCCATTAGCTTCCCGT,0,2903276
ompRp3,0.1,9,9,AGGAACACGAGCAGACTGTT,0,2906386
ompRp3,0.1,9,9,AGCTTGTCAGTCTACTCGTG,0,2891327
ompRp3,0.1,9,9,AGCTCTATCAATCCTAGCCA,0,2870718
ompRp3,0.1,9,9,AGCGCAACTACCAGGCATAC,0,2893775
ompRp3,0.1,9,9,AGCCTTCTTATGCGTCCGGC,0,2869300
ompRp3,0.1,9,9,AGCCTCCGATGTTATGTCTA,0,2890708
ompRp3,0.1,9,9,AGCCAGGATTAGCAACAGAT,0,2879763
ompRp3,0.1,9,9,AGCAGCGTGCAGCGAGTTGA,0,2888907
ompRp3,0.1,9,9,AGCACGCGTGTCGGTTCAGT,0,2868282
ompRp3,0.1,9,9,AGCACGCACACGTACCACGT,0,2898257
ompRp3,0.1,9,9,AGATCCAAAGAGGGGCTGAT,0,2860929
ompRp3,0.1,9,9,AGAGCTGAGGAATAGGGGTA,0,2897828
ompRp3,0.1,9,9,AGAGCCGTCAATTTATTGGA,0,2870690
ompRp3,0.1,9,9,AGAGATTAGGCCTGGACCCT,0,2893463
ompRp3,0.1,9,9,AGACTCTACTAGAATGACAA,0,2888216
ompRp3,0.1,9,9,AGACATTCATTGCCTTTGTC,0,2871285
ompRp3,0.1,9,9,AGACACGGGAGTAAAGACAA,0,2895111
ompRp3,0.1,9,9,AGAACACTCTGTGCAGGACT,0,2877305
ompRp3,0.1,9,9,AGAACAATTATGTGGGATAT,0,2865837
ompRp3,0.1,9,9,AGAAACACTGGACATGCAAG,0,2880876
ompRp3,0.1,9,9,ACTTTGGGCGTTGTAGGACT,0,2899901
ompRp3,0.1,9,9,ACTTCTTACTGCGTGCACAA,0,2869940
ompRp3,0.1,9,9,ACTTCGCTCGGGTTCCTCTC,0,2899086
ompRp3,0.1,9,9,ACTGGATACTGCTATGACAT,0,2896968
ompRp3,0.1,9,9,ACTGACGTTGCAAACATGAA,0,2875452
ompRp3,0.1,9,9,ACTCGAACTTGCCAAGTAGC,0,2861577
ompRp3,0.1,9,9,ACTAGCGCGCTCGTCACTGC,0,2893595
ompRp3,0.1,9,9,ACGTCGTGCCGATACCGGAT,0,2876348
ompRp3,0.1,9,9,ACGTACGCGACTCTGTATCG,0,2882478
ompRp3,0.1,9,9,ACGGCTCCTACTCAGCTGAG,0,2864204
ompRp3,0.1,9,9,ACGAAGTAGTATGATCACCC,0,2865030
ompRp3,0.1,9,9,ACGAACTTCACATCACGTTA,0,2862954
ompRp3,0.1,9,9,ACCTGTGTAGTCCAAGTAGT,0,2871215
ompRp3,0.1,9,9,ACCTGTACCCGCGAATTAAA,0,2868663
ompRp3,0.1,9,9,ACCTCCGGGGATTCTTGTCG,0,2864000
ompRp3,0.1,9,9,ACCTAGGCGGAATCTCCATG,0,2898778
ompRp3,0.1,9,9,ACCGCTCGGGGCATAATAAA,0,2879328
ompRp3,0.1,9,9,ACCCTCTTGACAGTATCCTC,0,2871783
ompRp3,0.1,9,9,ACCCGAGACGGCAAGCGGTG,0,2880833
ompRp3,0.1,9,9,ACCCCGCCTTTTGAAACACT,0,2860924
ompRp3,0.1,9,9,ACCATTGGCGTCCGAATTCG,0,2883150
ompRp3,0.1,9,9,ACCAACTTGCACTGTCAACG,0,2869701
ompRp3,0.1,9,9,ACATGGAGTTTTTTGAACAC,0,2878980
ompRp3,0.1,9,9,ACATGCCATGCTACGCCATA,0,2872672
ompRp3,0.1,9,9,ACATACAGCGGAGCGGGGCG,0,2893021
ompRp3,0.1,9,9,ACAGTGATTTTCGTAGGTGT,0,2865777
ompRp3,0.1,9,9,ACAGGAGGTTTTCGCTCAGG,0,2869413
ompRp3,0.1,9,9,ACACTGGAAGACGAGCGCCC,0,2893407
ompRp3,0.1,9,9,ACAAGTTTCAAGGGGGAACT,0,2866795
ompRp3,0.1,9,9,ACAACTACGGGGGCCGCGTA,0,2891502
ompRp3,0.1,9,9,AATTTACTTCTATCTTGTAG,0,2897177
ompRp3,0.1,9,9,AATTTACGATGAACCGATAG,0,2874257
ompRp3,0.1,9,9,AATTCAGCCAGTGGAGCCTT,0,2898382
ompRp3,0.1,9,9,AATGAGGCATTCGCTTGGTG,0,2903624
ompRp3,0.1,9,9,AATAGGGTTGCAACACCTTT,0,2900807
ompRp3,0.1,9,9,AAGTGACCGAGCCGATCGCA,0,2893875
ompRp3,0.1,9,9,AAGTATGGTCATGCCTTGAT,0,2883787
ompRp3,0.1,9,9,AAGGTAGATCGAAGTTCATC,0,2886644
ompRp3,0.1,9,9,AAGGGTACCGCACTTCGGCT,0,2885615
ompRp3,0.1,9,9,AAGGCGTCAAATATTGGATA,0,2897686
ompRp3,0.1,9,9,AAGGACTAATACCCCCCGCC,0,2864693
ompRp3,0.1,9,9,AAGCCTACGGCTAACAACGA,0,2888266
ompRp3,0.1,9,9,AAGCCCTTGAACAGCGATAT,0,2892276
ompRp3,0.1,9,9,AAGATCCAGAAGCAATACTC,0,2892605
ompRp3,0.1,9,9,AAGAAACTACGAGTCACCGT,0,2874768
ompRp3,0.1,9,9,AACTTGGTGTTTGGGTTTAT,0,2868068
ompRp3,0.1,9,9,AACTGGTTGCATCATATGAC,0,2895232
ompRp3,0.1,9,9,AACGTTTACAGCGGTCAGGA,0,2902099
ompRp3,0.1,9,9,AACGCTGGCAGTTAGGTACA,0,2907018
ompRp3,0.1,9,9,AACGCATGTGTACGGACGTG,0,2867626
ompRp3,0.1,9,9,AACCGCCGTAAGAGTCCTGA,0,2877970
ompRp3,0.1,9,9,AACCGAAGCAAACCTGATTC,0,2866463
ompRp3,0.1,9,9,AACCCTGAAGTGGTTACATC,0,2865025
ompRp3,0.1,9,9,AACATGGGAGTTTGCCAAAT,0,2876467
ompRp3,0.1,9,9,AACAGGTCCGGGCGCCAGCA,0,2903058
ompRp3,0.1,9,9,AAATGTCTAGACGAAATTAA,0,2881356
ompRp3,0.1,9,9,AAAGCATTTTAGTGACAACC,0,2886885
ompRp3,0.1,9,9,AAACGCTGGTAAGTTCGGGA,0,2881731
ompRp3,0.1,9,9,AAACGAAGCTGAGACTGGAT,0,2871369
ompRp3,0.1,9,9,AAAATTAGCGAGGCCCTCTG,0,2895656
ompRp3,0.1111111111111111,8,8,TTTGTATCCCGAGATAGGTC,0,2868916
ompRp3,0.1111111111111111,8,8,TTTGGGTATTAATCTATGTA,0,2880169
ompRp3,0.1111111111111111,8,8,TTTGAGGGGGATTCGCGAAC,0,2900094
ompRp3,0.1111111111111111,8,8,TTTGACTGACTCCAACCATG,0,2875453
ompRp3,0.1111111111111111,8,8,TTTCGCAGTCAATTTTCTTC,0,2904092
ompRp3,0.1111111111111111,8,8,TTTCCGAGAACTGTCAAGAT,0,2893567
ompRp3,0.1111111111111111,8,8,TTTCAAGGGACAGATCGTGA,0,2866015
ompRp3,0.1111111111111111,8,8,TTTAGTTCAGCGATGAGGTG,0,2874228
ompRp3,0.1111111111111111,8,8,TTTACATCCGGTATGCAAAG,0,2895001
ompRp3,0.1111111111111111,8,8,TTGGTGAGTAACTAATTACA,0,2879664
ompRp3,0.1111111111111111,8,8,TTGGCCTAGTGAATATGTGG,0,2881201
ompRp3,0.1111111111111111,8,8,TTGGAAAAAGTGTTGTGCTT,0,2900742
ompRp3,0.1111111111111111,8,8,TTGCACGTGCCACACCTCTT,0,2877183
ompRp3,0.1111111111111111,8,8,TTCTTGAGGAACTGACGTAA,0,2894608
ompRp3,0.1111111111111111,8,8,TTCTGGTTTATGGCCTGATA,0,2889577
ompRp3,0.1111111111111111,8,8,TTCTAGGTCAGTATGGTAAG,0,2891261
ompRp3,0.1111111111111111,8,8,TTCGGAATGGCTTTAACCGA,0,2887581
ompRp3,0.1111111111111111,8,8,TTCCTGGCAAATTTGGCAAC,0,2869640
ompRp3,0.1111111111111111,8,8,TTCCCGTTGGATTCCGGGAC,0,2874937
ompRp3,0.1111111111111111,8,8,TTCAAGGCCGACAAGTTCGG,0,2862467
ompRp3,0.1111111111111111,8,8,TTATTAGGCATTAAGATCTA,0,2898452
ompRp3,0.1111111111111111,8,8,TTATGAATCCGATAACAAGC,0,2893494
ompRp3,0.1111111111111111,8,8,TTAGGCTATCATGTCATTTG,0,2883710
ompRp3,0.1111111111111111,8,8,TTAGGAGGTCATTTGGGAGA,0,2879958
ompRp3,0.1111111111111111,8,8,TTACTTTATCAGAATTGACT,0,2884051
ompRp3,0.1111111111111111,8,8,TTACATGCGGGTTCTGGAGT,0,2877881
ompRp3,0.1111111111111111,8,8,TTAATGCAGAAAATATGGTT,0,2897477
ompRp3,0.1111111111111111,8,8,TTAATAGACGTTCGCTCGAA,0,2865607
ompRp3,0.1111111111111111,8,8,TTAACATGCCCATCAAGATA,0,2863150
ompRp3,0.1111111111111111,8,8,TGTTGCATGGGCACTCATAA,0,2879697
ompRp3,0.1111111111111111,8,8,TGTTATCGATGTCATCCCTG,0,2866333
ompRp3,0.1111111111111111,8,8,TGTTAATCTCGATGTCGTTT,0,2875709
ompRp3,0.1111111111111111,8,8,TGTGTGGGTTAAGGCTTCCT,0,2899223
ompRp3,0.1111111111111111,8,8,TGTGAGGGATACCGGTTCTT,0,2897549
ompRp3,0.1111111111111111,8,8,TGTCTAGTATGGGGCGCCAA,0,2886471
ompRp3,0.1111111111111111,8,8,TGTCCCAATCGCTTCTGACC,0,2901469
ompRp3,0.1111111111111111,8,8,TGTATTTTTTTCTTGTCTGC,0,2867340
ompRp3,0.1111111111111111,8,8,TGGTCTCCAATCGTGCAAAA,0,2864665
ompRp3,0.1111111111111111,8,8,TGGTCACTCAGTTACGCAGA,0,2862831
ompRp3,0.1111111111111111,8,8,TGGGGTGGTTCGCATAACTG,0,2870113
ompRp3,0.1111111111111111,8,8,TGGGCTGGGGGTGGGGCTCA,0,2874050
ompRp3,0.1111111111111111,8,8,TGGGCTGGACGGTCCAGCTC,0,2906498
ompRp3,0.1111111111111111,8,8,TGGGCGGTCCTCGGAGATAC,0,2900542
ompRp3,0.1111111111111111,8,8,TGGGCGGAAGATAAGGAACA,0,2891672
ompRp3,0.1111111111111111,8,8,TGGGCCATCTATCACGCTCA,0,2895022
ompRp3,0.1111111111111111,8,8,TGGGCCACTGTTTCGTTGGC,0,2898685
ompRp3,0.1111111111111111,8,8,TGGGAGGCTCGGTGTTATCG,0,2865061
ompRp3,0.1111111111111111,8,8,TGGCTATATCAGTGTTTCTT,0,2900100
ompRp3,0.1111111111111111,8,8,TGGCCATTTCCGAGCGAAAC,0,2873090
ompRp3,0.1111111111111111,8,8,TGGCCAATCCTTTTGCGGGA,0,2899935
ompRp3,0.1111111111111111,8,8,TGGCAGAATAAGGGACTGGA,0,2874519
ompRp3,0.1111111111111111,8,8,TGGAGTGGTTTCACTAAAAC,0,2906640
ompRp3,0.1111111111111111,8,8,TGGAGGCTTGCGCGCGGAAT,0,2905698
ompRp3,0.1111111111111111,8,8,TGGAAATTTGGTGTATCCGG,0,2871035
ompRp3,0.1111111111111111,8,8,TGCTACTCGGCACGGGTAGG,0,2885619
ompRp3,0.1111111111111111,8,8,TGCCCCCGTGGTGGGTAATC,0,2890266
ompRp3,0.1111111111111111,8,8,TGCCCACGCATTCAATAGAA,0,2875921
ompRp3,0.1111111111111111,8,8,TGCAGGGTTACCACTTTCCT,0,2881111
ompRp3,0.1111111111111111,8,8,TGCAGCCGGAGTTGCCACGT,0,2881306
ompRp3,0.1111111111111111,8,8,TGCACTTTATCGCGGCTTTA,0,2863626
ompRp3,0.1111111111111111,8,8,TGCACACTTGCCCAAAACGC,0,2897855
ompRp3,0.1111111111111111,8,8,TGCAAGACTGGATCCGAGGT,0,2864025
ompRp3,0.1111111111111111,8,8,TGATTTCGCTGTCCATAACC,0,2892926
ompRp3,0.1111111111111111,8,8,TGATACAGTTTTTTCGGATG,0,2905021
ompRp3,0.1111111111111111,8,8,TGAGGTATTGGCAGCCTTGG,0,2884281
ompRp3,0.1111111111111111,8,8,TGAGATTCAGCTCTGACTAA,0,2865664
ompRp3,0.1111111111111111,8,8,TGACTACATATAAACTGCCA,0,2870167
ompRp3,0.1111111111111111,8,8,TGACTAAACAACTGTTCTGT,0,2864199
ompRp3,0.1111111111111111,8,8,TGACGTTGTCGGCCGAGCTT,0,2899604
ompRp3,0.1111111111111111,8,8,TGACCTCTTCAAATGGAGCC,0,2905020
ompRp3,0.1111111111111111,8,8,TGACAGGAAGAGTTAGTCAT,0,2862816
ompRp3,0.1111111111111111,8,8,TGACACACGGTCCGGAACGC,0,2878901
ompRp3,0.1111111111111111,8,8,TGAATAATGGATAGGCCAAA,0,2866627
ompRp3,0.1111111111111111,8,8,TGAAGTCCGGGGCTTCTGTG,0,2904534
ompRp3,0.1111111111111111,8,8,TGAAGTCCGATACCACCTGA,0,2866292
ompRp3,0.1111111111111111,8,8,TGAACTGCAGGACTGCTGAC,0,2898757
ompRp3,0.1111111111111111,8,8,TGAACAATTTCGCCAGTACG,0,2866242
ompRp3,0.1111111111111111,8,8,TCTTTGACCTCCCCGCCCTT,0,2894356
ompRp3,0.1111111111111111,8,8,TCTTCGGGAGCCCCCCGCCA,0,2902093
ompRp3,0.1111111111111111,8,8,TCTTCAGTGATAAAGATTGG,0,2861100
ompRp3,0.1111111111111111,8,8,TCTTCACTGTACACAAAGTT,0,2904235
ompRp3,0.1111111111111111,8,8,TCTGTCTGAGGATCGTGGAG,0,2899619
ompRp3,0.1111111111111111,8,8,TCTGGGCGCTCAATATAGAT,0,2888066
ompRp3,0.1111111111111111,8,8,TCTGGCGGTAATTACACATA,0,2866143
ompRp3,0.1111111111111111,8,8,TCTGGAAAAAAAGGCTTACA,0,2881741
ompRp3,0.1111111111111111,8,8,TCTGCTGGGCTTATTACTTA,0,2872335
ompRp3,0.1111111111111111,8,8,TCTGAACCGTTCTGCAAAGG,0,2862803
ompRp3,0.1111111111111111,8,8,TCTCGCCGTGTGACGGGTGC,0,2861271
ompRp3,0.1111111111111111,8,8,TCTCCTGTGGTTAAGTACTC,0,2897691
ompRp3,0.1111111111111111,8,8,TCTCCGCAGTTCACCAACAG,0,2887314
ompRp3,0.1111111111111111,8,8,TCGTTCAGCCGATCTTAAGG,0,2865110
ompRp3,0.1111111111111111,8,8,TCGTTCACCACACCACAATC,0,2863137
ompRp3,0.1111111111111111,8,8,TCGTGACACTCTGGTTTTGG,0,2889543
ompRp3,0.1111111111111111,8,8,TCGTCCCGCACTTTACTAAG,0,2868744
ompRp3,0.1111111111111111,8,8,TCGTATTCTTGTGGGTTGAT,0,2894158
ompRp3,0.1111111111111111,8,8,TCGTAACATCCGCGTTTTTG,0,2871955
ompRp3,0.1111111111111111,8,8,TCGGCGTACACGAGGCTTGA,0,2876711
ompRp3,0.1111111111111111,8,8,TCGCGGACCGCGGGTGCCTG,0,2872328
ompRp3,0.1111111111111111,8,8,TCGCGCAAACGATCTGTCCC,0,2880053
ompRp3,0.1111111111111111,8,8,TCGCCTGATGACATGTGTCA,0,2892677
ompRp3,0.1111111111111111,8,8,TCGCCAGATCAAAAACGGTC,0,2890618
ompRp3,0.1111111111111111,8,8,TCGAGCTAATATAAGCCTTC,0,2891152
ompRp3,0.1111111111111111,8,8,TCGACGCGCAAAACAAGAGT,0,2903172
ompRp3,0.1111111111111111,8,8,TCGAAGTATCCGAATCTTTT,0,2890333
ompRp3,0.1111111111111111,8,8,TCCTTTCGTCATCTCAGCCA,0,2899171
ompRp3,0.1111111111111111,8,8,TCCTTCAACCACGGCACCCT,0,2881815
ompRp3,0.1111111111111111,8,8,TCCTATCTTGCTTAACGCGA,0,2867689
ompRp3,0.1111111111111111,8,8,TCCGTAAGGTTGGCGGACTC,0,2864956
ompRp3,0.1111111111111111,8,8,TCCGGGTGGGGCATAAATTT,0,2870314
ompRp3,0.1111111111111111,8,8,TCCGAAGTGGTACTTTGCGA,0,2891535
ompRp3,0.1111111111111111,8,8,TCCGAAAAAACAACGGCTTA,0,2896472
ompRp3,0.1111111111111111,8,8,TCCCGAAGTATGAGACGGTT,0,2904917
ompRp3,0.1111111111111111,8,8,TCCCAGCACAATTTGAGTCT,0,2872239
ompRp3,0.1111111111111111,8,8,TCCATCGTTTAGTCCTGTAA,0,2868225
ompRp3,0.1111111111111111,8,8,TCCAAGTCCATAGCGTCAGC,0,2895547
ompRp3,0.1111111111111111,8,8,TCATAACGTTACTGGGAGCC,0,2869591
ompRp3,0.1111111111111111,8,8,TCAGGGATTCTCACCGGGGA,0,2874076
ompRp3,0.1111111111111111,8,8,TCACGTGGGGCTTAACAATA,0,2889349
ompRp3,0.1111111111111111,8,8,TCACGCAGCGCAACAGTATA,0,2887890
ompRp3,0.1111111111111111,8,8,TCACCCGTGTTTCGCTGCTT,0,2905280
ompRp3,0.1111111111111111,8,8,TCACATTAATGCCGAAGATC,0,2902587
ompRp3,0.1111111111111111,8,8,TCACAAACGTTGTCTGGTAC,0,2879895
ompRp3,0.1111111111111111,8,8,TCAAGGTCTAAGGGTTACGA,0,2886859
ompRp3,0.1111111111111111,8,8,TCAACACGTTCGTGTGGGGG,0,2898806
ompRp3,0.1111111111111111,8,8,TATTATGGGCAAGGTTACTC,0,2904013
ompRp3,0.1111111111111111,8,8,TATGTGAAGCTAAGACAGTC,0,2899710
ompRp3,0.1111111111111111,8,8,TATGCGTGCAAAACTATGGA,0,2894394
ompRp3,0.1111111111111111,8,8,TATGACTGGGGCATTCCACG,0,2876419
ompRp3,0.1111111111111111,8,8,TATCAAGCAAACGAGTGGTT,0,2890217
ompRp3,0.1111111111111111,8,8,TATAGTCCGTAACTATCGTC,0,2896970
ompRp3,0.1111111111111111,8,8,TATACTCTAAGGGTCCTCAT,0,2872877
ompRp3,0.1111111111111111,8,8,TATAAGCTGGATACCCGCGA,0,2895115
ompRp3,0.1111111111111111,8,8,TAGTCTGAGTATCGTTGATA,0,2869684
ompRp3,0.1111111111111111,8,8,TAGCTTCCTGACGATGAAAT,0,2884951
ompRp3,0.1111111111111111,8,8,TAGCACATATACGGCTGGCT,0,2903692
ompRp3,0.1111111111111111,8,8,TAGATAGTGGGGCATACGTG,0,2872054
ompRp3,0.1111111111111111,8,8,TAGATAAAATACTTACATAC,0,2905284
ompRp3,0.1111111111111111,8,8,TAGACTGAATGAATGATATC,0,2868119
ompRp3,0.1111111111111111,8,8,TAGACCACATACTTGCGTCT,0,2868038
ompRp3,0.1111111111111111,8,8,TAGACAGCGTGCAGTGCAGA,0,2883417
ompRp3,0.1111111111111111,8,8,TACTTAAGTAACCGTCACGG,0,2864321
ompRp3,0.1111111111111111,8,8,TACTAGACCGTGCATGGCTG,0,2866850
ompRp3,0.1111111111111111,8,8,TACGTTCTTGAATGCTTATC,0,2888787
ompRp3,0.1111111111111111,8,8,TACGGTTCGCTAGAGGGCAA,0,2867305
ompRp3,0.1111111111111111,8,8,TACGGGTTCGTAAAGCGCCC,0,2885957
ompRp3,0.1111111111111111,8,8,TACGGCCTGTGTGGCTATGT,0,2870273
ompRp3,0.1111111111111111,8,8,TACGGAAGAAATTTATGACG,0,2885105
ompRp3,0.1111111111111111,8,8,TACGAGATCCAAGCAGAGGC,0,2903226
ompRp3,0.1111111111111111,8,8,TACCCGTCGAATGGAGGCGC,0,2865494
ompRp3,0.1111111111111111,8,8,TACCAATTTTGGGCCAATCG,0,2905255
ompRp3,0.1111111111111111,8,8,TACATTGAATTCCGAGACTT,0,2901361
ompRp3,0.1111111111111111,8,8,TACAGTGATTCGCGCGTGTG,0,2884495
ompRp3,0.1111111111111111,8,8,TACAGGCTTGCTGCGCTGTG,0,2870092
ompRp3,0.1111111111111111,8,8,TAATTCTGGGTTAATATGCA,0,2861881
ompRp3,0.1111111111111111,8,8,TAATGGAAAATAGCCTGGCT,0,2897199
ompRp3,0.1111111111111111,8,8,TAATGCGCCATTAAGGTAGG,0,2875070
ompRp3,0.1111111111111111,8,8,TAATCCTGTTTTCGCGCATG,0,2891398
ompRp3,0.1111111111111111,8,8,TAAGGCCGTTTCTAATTTGA,0,2892340
ompRp3,0.1111111111111111,8,8,TAAGGACCCATTCACTCACA,0,2885572
ompRp3,0.1111111111111111,8,8,TAAGCGGCGGAATCGCTTTT,0,2878224
ompRp3,0.1111111111111111,8,8,TAACGTCTGGGCCAAGGGGA,0,2902750
ompRp3,0.1111111111111111,8,8,TAACGGCCGTAAGCTCCTCC,0,2864717
ompRp3,0.1111111111111111,8,8,TAACCGAGAGCCGGCCGGTA,0,2868804
ompRp3,0.1111111111111111,8,8,TAACCCAGGTGCATAGAATT,0,2866133
ompRp3,0.1111111111111111,8,8,TAACATCTAAGTGAACGTTA,0,2884744
ompRp3,0.1111111111111111,8,8,TAAATCGCCGTTCGGTAATT,0,2872294
ompRp3,0.1111111111111111,8,8,TAAAACGGTAAATCATATGG,0,2880380
ompRp3,0.1111111111111111,8,8,TAAAACGCGTGGGTCCCAAT,0,2877773
ompRp3,0.1111111111111111,8,8,GTTTTCACTGCAACGCTGAT,0,2895083
ompRp3,0.1111111111111111,8,8,GTTTTAAGGCTGACCTGCAG,0,2892731
ompRp3,0.1111111111111111,8,8,GTTTGTCGGCAGGCTGGAAC,0,2866405
ompRp3,0.1111111111111111,8,8,GTTGGGAGTGCGTCGCGTCT,0,2900878
ompRp3,0.1111111111111111,8,8,GTTGCCAGCTATGGGTACTG,0,2902247
ompRp3,0.1111111111111111,8,8,GTTCCGTCAGCTATTATACC,0,2869766
ompRp3,0.1111111111111111,8,8,GTTCCCACGACTTAGCGAGA,0,2892994
ompRp3,0.1111111111111111,8,8,GTTCAAATCTGTTATCCGCA,0,2892203
ompRp3,0.1111111111111111,8,8,GTTAAATCTGCTGAGCAGGA,0,2866482
ompRp3,0.1111111111111111,8,8,GTGTTAAAGGCGCTCTAGTT,0,2890190
ompRp3,0.1111111111111111,8,8,GTGTGTATCCTTAACTCGTT,0,2898234
ompRp3,0.1111111111111111,8,8,GTGGTGAAGTCTCACATAAC,0,2870109
ompRp3,0.1111111111111111,8,8,GTGGTAACGTGATCACAGGC,0,2904557
ompRp3,0.1111111111111111,8,8,GTGGCCATTTAAAATCTGTT,0,2884584
ompRp3,0.1111111111111111,8,8,GTGCTCAAAATGCGTTAGAG,0,2892070
ompRp3,0.1111111111111111,8,8,GTGCCCCTTCGTAACGCATG,0,2895164
ompRp3,0.1111111111111111,8,8,GTGCCCACGAATCGGAACTC,0,2894344
ompRp3,0.1111111111111111,8,8,GTGCCAGGGAAATATCGATG,0,2880570
ompRp3,0.1111111111111111,8,8,GTGATGCAGGGGGAACATGT,0,2869156
ompRp3,0.1111111111111111,8,8,GTGACTGTCTTAAGACCTCG,0,2878240
ompRp3,0.1111111111111111,8,8,GTCTGTTTCGGACTCAATTG,0,2868454
ompRp3,0.1111111111111111,8,8,GTCTCGTGGGAGTATATTCA,0,2889913
ompRp3,0.1111111111111111,8,8,GTCGTTTCTTCTTCGGTGGC,0,2889063
ompRp3,0.1111111111111111,8,8,GTCGGTGGATTGCCTATTAT,0,2886702
ompRp3,0.1111111111111111,8,8,GTCGGACTGCAATTGCTCTG,0,2876504
ompRp3,0.1111111111111111,8,8,GTCGCTATAATGGTTACTCC,0,2871334
ompRp3,0.1111111111111111,8,8,GTCCTACGAACACTTGATTC,0,2866852
ompRp3,0.1111111111111111,8,8,GTCCGTTGCATATATAGTAC,0,2873574
ompRp3,0.1111111111111111,8,8,GTCCCGCCATAGTTCTGGTG,0,2905529
ompRp3,0.1111111111111111,8,8,GTCCAAGCGTAGCGATACGG,0,2863104
ompRp3,0.1111111111111111,8,8,GTCAAGGGCATCGTCTCGAT,0,2861938
ompRp3,0.1111111111111111,8,8,GTATCGTTGCATAGTAACGT,0,2870857
ompRp3,0.1111111111111111,8,8,GTAGTTAGTCGATAAGATTT,0,2898782
ompRp3,0.1111111111111111,8,8,GTAGTCGGGTAAGCCTTGAG,0,2884529
ompRp3,0.1111111111111111,8,8,GTAGGTTGATCAACTCACGC,0,2876979
ompRp3,0.1111111111111111,8,8,GTAGGTTCCCAGCTGGCCGC,0,2884165
ompRp3,0.1111111111111111,8,8,GTAGAAGTTTTGGCATGGTT,0,2862597
ompRp3,0.1111111111111111,8,8,GTAATGATGCATCGGCCTAA,0,2873336
ompRp3,0.1111111111111111,8,8,GTAATCCGTTGAGTAAAGAC,0,2876773
ompRp3,0.1111111111111111,8,8,GGTTTAGTTTAATCCTAGTA,0,2877998
ompRp3,0.1111111111111111,8,8,GGTTCTTTAAGCGTACTCTT,0,2867597
ompRp3,0.1111111111111111,8,8,GGTTCACGACTAAAGGATAT,0,2867928
ompRp3,0.1111111111111111,8,8,GGTGTATGTACGGCCAGGGT,0,2877975
ompRp3,0.1111111111111111,8,8,GGTGGGGGTAATGGGCCGGA,0,2907420
ompRp3,0.1111111111111111,8,8,GGTGCTCTCATCGACGCACG,0,2888255
ompRp3,0.1111111111111111,8,8,GGTGCCCGTATGGCACCTTG,0,2888148
ompRp3,0.1111111111111111,8,8,GGTGACTCCAGATAACCATA,0,2880296
ompRp3,0.1111111111111111,8,8,GGTCATCCACTGTTGCCTTA,0,2891412
ompRp3,0.1111111111111111,8,8,GGTCAACAGAGGTTTCTGCG,0,2906667
ompRp3,0.1111111111111111,8,8,GGTATGCCTGCGACTGTTCT,0,2867968
ompRp3,0.1111111111111111,8,8,GGGTGGAGGAAGTCGTGCTT,0,2877404
ompRp3,0.1111111111111111,8,8,GGGTGCGGGGCGGTTCCGGC,0,2863357
ompRp3,0.1111111111111111,8,8,GGGTAACAACTTCTTGCCTC,0,2891880
ompRp3,0.1111111111111111,8,8,GGGGTGTAAGTTCCTCTGAT,0,2901137
ompRp3,0.1111111111111111,8,8,GGGGTGCAACGCCTAAGAGA,0,2871717
ompRp3,0.1111111111111111,8,8,GGGGTAGAGTGATTTACAGT,0,2892415
ompRp3,0.1111111111111111,8,8,GGGGGGCAAGCAGGCCTTCC,0,2903031
ompRp3,0.1111111111111111,8,8,GGGGGGAGACTACATATACT,0,2897271
ompRp3,0.1111111111111111,8,8,GGGGATAGCGCGTGCGATCG,0,2866731
ompRp3,0.1111111111111111,8,8,GGGCGGTCCAGCTGGTAATT,0,2889450
ompRp3,0.1111111111111111,8,8,GGGCGCACCCCCACAATGCG,0,2889791
ompRp3,0.1111111111111111,8,8,GGGCGAAATCACGTTAAGGT,0,2870501
ompRp3,0.1111111111111111,8,8,GGGCCGGTCGCTCCGTCCGG,0,2885794
ompRp3,0.1111111111111111,8,8,GGGATCAGGGCCTTTATCAT,0,2866856
ompRp3,0.1111111111111111,8,8,GGGAACTCGAAGTTGTCCTG,0,2898688
ompRp3,0.1111111111111111,8,8,GGGAAAAGGGAACGAGGTAT,0,2901191
ompRp3,0.1111111111111111,8,8,GGCTTGTTAATTCAGGTGAC,0,2874499
ompRp3,0.1111111111111111,8,8,GGCGTGCCTTATGATGGAAC,0,2890063
ompRp3,0.1111111111111111,8,8,GGCGGGGAAGGGCTCTGTTT,0,2902554
ompRp3,0.1111111111111111,8,8,GGCGGGCTTCACCGTCGTGT,0,2874738
ompRp3,0.1111111111111111,8,8,GGCGCTTGATCTGGCTATAG,0,2904564
ompRp3,0.1111111111111111,8,8,GGCCTGGTATATTGAGGACT,0,2888678
ompRp3,0.1111111111111111,8,8,GGCCGTTCCGTTGTACAAAA,0,2907295
ompRp3,0.1111111111111111,8,8,GGCCGGAGAGGTACTCGAGG,0,2872872
ompRp3,0.1111111111111111,8,8,GGCCCTGCCTCGTCAGCACG,0,2881308
ompRp3,0.1111111111111111,8,8,GGCATTTGACGGCCTGATAG,0,2902789
ompRp3,0.1111111111111111,8,8,GGCATATACGTCTCCTGGGG,0,2869426
ompRp3,0.1111111111111111,8,8,GGCAGGCGCATCCGTGGCCT,0,2876914
ompRp3,0.1111111111111111,8,8,GGCACAGCCCTGAACTCACT,0,2875433
ompRp3,0.1111111111111111,8,8,GGATATTCTGAACTACCTTG,0,2863658
ompRp3,0.1111111111111111,8,8,GGAGTTTGCGTCCGTTACAG,0,2880432
ompRp3,0.1111111111111111,8,8,GGAGCTCGAGTTCTCCCGTT,0,2872213
ompRp3,0.1111111111111111,8,8,GGAGAGATAAAACTGTTGTA,0,2879085
ompRp3,0.1111111111111111,8,8,GGACCAATTCGTCCGCTGAG,0,2884836
ompRp3,0.1111111111111111,8,8,GGAACCTGGATCGGCTGGAG,0,2892523
ompRp3,0.1111111111111111,8,8,GCTTCCATTGAGCGGTAGGG,0,2892235
ompRp3,0.1111111111111111,8,8,GCTGACGTTGAGCGAAGCAT,0,2900106
ompRp3,0.1111111111111111,8,8,GCTCGGTCTCATCACTGGCG,0,2891578
ompRp3,0.1111111111111111,8,8,GCTCCAGGAGATGAGGACAA,0,2868281
ompRp3,0.1111111111111111,8,8,GCGTTGACTAGATATTCCGT,0,2870677
ompRp3,0.1111111111111111,8,8,GCGTTCCCCAGGTTGAGAGT,0,2905956
ompRp3,0.1111111111111111,8,8,GCGTGTGGCGGGCGACCGGC,0,2889729
ompRp3,0.1111111111111111,8,8,GCGTCGAATAAACTGTACAA,0,2886270
ompRp3,0.1111111111111111,8,8,GCGGGGAGTGGCCGATGGAC,0,2877486
ompRp3,0.1111111111111111,8,8,GCGGGAGTGAGCCGAGCATA,0,2900802
ompRp3,0.1111111111111111,8,8,GCGGCTCTTTACTGCAGCCA,0,2867849
ompRp3,0.1111111111111111,8,8,GCGGCTCGAACACCTCGGAC,0,2869112
ompRp3,0.1111111111111111,8,8,GCGGCCTACTTATTTGAGCA,0,2867631
ompRp3,0.1111111111111111,8,8,GCGCGGACCCGATCGAGAGG,0,2896890
ompRp3,0.1111111111111111,8,8,GCGCCAGTAAGGACTCTCAG,0,2872513
ompRp3,0.1111111111111111,8,8,GCGACACGCATGTACCCTCT,0,2879036
ompRp3,0.1111111111111111,8,8,GCCTTTTGCTCTATATGAAT,0,2862235
ompRp3,0.1111111111111111,8,8,GCCGTGCGGGCTTGCAACTG,0,2873749
ompRp3,0.1111111111111111,8,8,GCCGGGCTTAATGTGCTCCT,0,2880243
ompRp3,0.1111111111111111,8,8,GCCGCTCATCGGAATTGATA,0,2881194
ompRp3,0.1111111111111111,8,8,GCCCTTCTTTAATCGTGCAG,0,2881495
ompRp3,0.1111111111111111,8,8,GCCCCGAATTGGCTTCCAGA,0,2907088
ompRp3,0.1111111111111111,8,8,GCCAGTGAGCGCATAACGGA,0,2869876
ompRp3,0.1111111111111111,8,8,GCCACGATTTGCCACGTCAA,0,2865202
ompRp3,0.1111111111111111,8,8,GCATATTTCATCAAACCCCC,0,2874267
ompRp3,0.1111111111111111,8,8,GCATATCCCCTCGAGCGGCA,0,2891183
ompRp3,0.1111111111111111,8,8,GCAGCACCTCTTGAAGAGGT,0,2898450
ompRp3,0.1111111111111111,8,8,GCAATTCCGGACTCGGCGAC,0,2868370
ompRp3,0.1111111111111111,8,8,GCAAAAGTATAGTCATAATA,0,2903693
ompRp3,0.1111111111111111,8,8,GCAAAAAGTCCCGTCTTAAA,0,2863685
ompRp3,0.1111111111111111,8,8,GATTTCGTTCACTAAATATA,0,2875268
ompRp3,0.1111111111111111,8,8,GATTGTAGGAAGAGGCTCCC,0,2888124
ompRp3,0.1111111111111111,8,8,GATTCGGTGCAATGTTTTTG,0,2881392
ompRp3,0.1111111111111111,8,8,GATTACTCAGCCGTTTGTCC,0,2886086
ompRp3,0.1111111111111111,8,8,GATGCGTAACGTTTCTAGTG,0,2897700
ompRp3,0.1111111111111111,8,8,GATGAGATCAGTATGGAGCA,0,2900303
ompRp3,0.1111111111111111,8,8,GATCCAGCCGGACCGTAAGT,0,2884439
ompRp3,0.1111111111111111,8,8,GATCAGCACGAGAAATAATC,0,2872445
ompRp3,0.1111111111111111,8,8,GAGTCCGGGTTGCCCGACAA,0,2878170
ompRp3,0.1111111111111111,8,8,GAGTAAACTCGCTAGGCGCT,0,2885283
ompRp3,0.1111111111111111,8,8,GAGGTCAGACATGTTACGCT,0,2898767
ompRp3,0.1111111111111111,8,8,GAGGGTTTGTTTTTTAAAAT,0,2904069
ompRp3,0.1111111111111111,8,8,GAGGGATCCCTATTTGTTAC,0,2903109
ompRp3,0.1111111111111111,8,8,GAGCTCCCGGCAAAATAAAG,0,2865544
ompRp3,0.1111111111111111,8,8,GAGCGTGCCTTGACACTAAA,0,2864366
ompRp3,0.1111111111111111,8,8,GAGCGACATCCAATACCGTG,0,2872761
ompRp3,0.1111111111111111,8,8,GAGATCTGTATGGCGGCTCC,0,2869889
ompRp3,0.1111111111111111,8,8,GAGATCGCAGACTACAGTAA,0,2891718
ompRp3,0.1111111111111111,8,8,GAGAGACGCCGATGGCCTTT,0,2881446
ompRp3,0.1111111111111111,8,8,GAGACTACGATCGCTCGCCC,0,2877929
ompRp3,0.1111111111111111,8,8,GACTGAACCGCTCCGTCGTT,0,2888197
ompRp3,0.1111111111111111,8,8,GACTCTAGTAGTCCCCTGAT,0,2866699
ompRp3,0.1111111111111111,8,8,GACTCGCCTTTGACGATTCC,0,2897521
ompRp3,0.1111111111111111,8,8,GACGAGTCGCTCACCGTATC,0,2874886
ompRp3,0.1111111111111111,8,8,GACATTCAGCGCCTCATGAG,0,2886751
ompRp3,0.1111111111111111,8,8,GAATGACGTGTCGAGAAATA,0,2884859
ompRp3,0.1111111111111111,8,8,GAAGGCAGACTCACTTGCCA,0,2876389
ompRp3,0.1111111111111111,8,8,GAAAGACGCGGATTATGCCA,0,2882973
ompRp3,0.1111111111111111,8,8,GAAAGAAAATGGGCACTGTA,0,2887567
ompRp3,0.1111111111111111,8,8,GAAACTTATGTGCACGTTAG,0,2877657
ompRp3,0.1111111111111111,8,8,GAAACACATAAGAGTCGCTT,0,2900136
ompRp3,0.1111111111111111,8,8,CTTGTTTATCAAACTCTGCT,0,2867109
ompRp3,0.1111111111111111,8,8,CTTGGAACCGCCTGTATGTG,0,2904000
ompRp3,0.1111111111111111,8,8,CTTGCTTGTTCTAGATGTTG,0,2896816
ompRp3,0.1111111111111111,8,8,CTTCTTTAGGCTAATGCTGA,0,2884042
ompRp3,0.1111111111111111,8,8,CTTCTGCTGAACGGCTTTTG,0,2866979
ompRp3,0.1111111111111111,8,8,CTTCCCCTGACCAAGGCTAG,0,2901121
ompRp3,0.1111111111111111,8,8,CTTCACCACCCGTCTTTTGC,0,2900682
ompRp3,0.1111111111111111,8,8,CTTAGCGCCTTTCCGAGACT,0,2897470
ompRp3,0.1111111111111111,8,8,CTTAGATTTGATCATTCAGG,0,2880381
ompRp3,0.1111111111111111,8,8,CTTACGGTGGGTTCTGTAGA,0,2885664
ompRp3,0.1111111111111111,8,8,CTTAATGGCAACCCTAGGTA,0,2883540
ompRp3,0.1111111111111111,8,8,CTGTACATCCCAGCCTTAGA,0,2884425
ompRp3,0.1111111111111111,8,8,CTGGTATTTAGCTATTATGC,0,2880416
ompRp3,0.1111111111111111,8,8,CTGCTGACCGATTAGATGGC,0,2883927
ompRp3,0.1111111111111111,8,8,CTGCCGACTTTATCCATGCT,0,2877954
ompRp3,0.1111111111111111,8,8,CTGCCCTCATTGAGCCAAAG,0,2899225
ompRp3,0.1111111111111111,8,8,CTGAAATACGCCTCTTCTTT,0,2897962
ompRp3,0.1111111111111111,8,8,CTCTGCACGCTGCACGACGC,0,2881645
ompRp3,0.1111111111111111,8,8,CTCGTGCACGCAAACCTATG,0,2865704
ompRp3,0.1111111111111111,8,8,CTCGTGACCTGCGGTGCCGC,0,2884379
ompRp3,0.1111111111111111,8,8,CTCGTCCGCCCTGAAGGGTG,0,2903323
ompRp3,0.1111111111111111,8,8,CTCGCATTGGGCCGGGAAAT,0,2905639
ompRp3,0.1111111111111111,8,8,CTCCTAGATGTAATATTTAT,0,2870047
ompRp3,0.1111111111111111,8,8,CTCACCGTTAGGCCCTTAAG,0,2898613
ompRp3,0.1111111111111111,8,8,CTCAAGCCAATGCCAAGGCA,0,2888974
ompRp3,0.1111111111111111,8,8,CTATGTGTTAGCCCCTGATC,0,2891673
ompRp3,0.1111111111111111,8,8,CTATGCGTAACGCCCCCGTT,0,2867292
ompRp3,0.1111111111111111,8,8,CTATCGGCGACAGTCTCCAA,0,2864166
ompRp3,0.1111111111111111,8,8,CTATCACGTCAATGGAGGTG,0,2860755
ompRp3,0.1111111111111111,8,8,CTATAGGGATTCTAGGCAGG,0,2888791
ompRp3,0.1111111111111111,8,8,CTAGGGGACGAAAGTGTAGA,0,2868060
ompRp3,0.1111111111111111,8,8,CTAGCCAGCGGAGTCTGAGG,0,2889969
ompRp3,0.1111111111111111,8,8,CTAGACTAGAGAAGGCGGTC,0,2905470
ompRp3,0.1111111111111111,8,8,CTACGCTACAACAGTTTATA,0,2895933
ompRp3,0.1111111111111111,8,8,CTACCACCGCATACGACGTT,0,2906094
ompRp3,0.1111111111111111,8,8,CTAACGAGGACGATAAATTC,0,2887418
ompRp3,0.1111111111111111,8,8,CTAAAAGATCGCCTGGTGAT,0,2906591
ompRp3,0.1111111111111111,8,8,CGTTCCGCTCAATGCTGTTG,0,2886056
ompRp3,0.1111111111111111,8,8,CGTTCACTAGATCGTACCCT,0,2881161
ompRp3,0.1111111111111111,8,8,CGTGGGGTGGATTCACGTGT,0,2869776
ompRp3,0.1111111111111111,8,8,CGTGGGCCTCCTCTGCAAGA,0,2902294
ompRp3,0.1111111111111111,8,8,CGTCCCCTTTGAACGCATGG,0,2907484
ompRp3,0.1111111111111111,8,8,CGTCAACTCCAAAGAAGAAG,0,2880444
ompRp3,0.1111111111111111,8,8,CGTCAACCCGCCGGAAGACC,0,2879814
ompRp3,0.1111111111111111,8,8,CGTATTGGGATAATGTGGTT,0,2903279
ompRp3,0.1111111111111111,8,8,CGTACGAGGCAAAGCAGATG,0,2904698
ompRp3,0.1111111111111111,8,8,CGTACCTCACACAGTTGTCC,0,2883332
ompRp3,0.1111111111111111,8,8,CGGTCACCCCACGTATTCCA,0,2869711
ompRp3,0.1111111111111111,8,8,CGGGTGGTGATTGCGCACTA,0,2884743
ompRp3,0.1111111111111111,8,8,CGGGTGCCTAGAGGGCAGGA,0,2865536
ompRp3,0.1111111111111111,8,8,CGGGGCCTCCAGGTTACGTA,0,2875526
ompRp3,0.1111111111111111,8,8,CGGGCATTAGCGTTAGTTAG,0,2901086
ompRp3,0.1111111111111111,8,8,CGGGAGTGTAGTAAGGGGCA,0,2861753
ompRp3,0.1111111111111111,8,8,CGGCCCTGCGCCATCTGGCA,0,2872370
ompRp3,0.1111111111111111,8,8,CGGCATCACCGTGCACGTTG,0,2877590
ompRp3,0.1111111111111111,8,8,CGGCACCCTCCCTAGCGCAA,0,2887029
ompRp3,0.1111111111111111,8,8,CGGCAAAGCTAGTGGTGAGA,0,2869115
ompRp3,0.1111111111111111,8,8,CGGATGAGTCCGTACGCAAA,0,2905471
ompRp3,0.1111111111111111,8,8,CGGATATAAAATTAGCAAAG,0,2888796
ompRp3,0.1111111111111111,8,8,CGGACGGCAACCATCGAGTA,0,2889544
ompRp3,0.1111111111111111,8,8,CGGACCCCGGCGCCAGGCAA,0,2895512
ompRp3,0.1111111111111111,8,8,CGGAATATAGAGACCATCGG,0,2877830
ompRp3,0.1111111111111111,8,8,CGCTTAGCACGGGGTTGTGT,0,2871889
ompRp3,0.1111111111111111,8,8,CGCTGGGCGAGCGATCGTAG,0,2880945
ompRp3,0.1111111111111111,8,8,CGCTGAGCGTTCCACCGCCA,0,2897089
ompRp3,0.1111111111111111,8,8,CGCTCCGCCGAACTAACTCG,0,2873863
ompRp3,0.1111111111111111,8,8,CGCTACTTCACAAACCCCGT,0,2896367
ompRp3,0.1111111111111111,8,8,CGCGGAAACCCAAAGCCAGG,0,2899954
ompRp3,0.1111111111111111,8,8,CGCGACCCGAAGCATGATCT,0,2865101
ompRp3,0.1111111111111111,8,8,CGCATGCTAACATGTTAAGG,0,2887965
ompRp3,0.1111111111111111,8,8,CGCATCGATTGTGATAGGAC,0,2896094
ompRp3,0.1111111111111111,8,8,CGCAGTTGTTTGTGAGACGT,0,2902409
ompRp3,0.1111111111111111,8,8,CGCAGTTGCTGATCTGTGCT,0,2872299
ompRp3,0.1111111111111111,8,8,CGCAGAATCAGGCCAGGCGA,0,2876011
ompRp3,0.1111111111111111,8,8,CGACAGAGTTAAGGCCACGC,0,2864424
ompRp3,0.1111111111111111,8,8,CGAATGTCATCTCCTCAGGT,0,2864053
ompRp3,0.1111111111111111,8,8,CCTTTCCTGGAAAACGAACA,0,2903325
ompRp3,0.1111111111111111,8,8,CCTGTTTCGCTTTGTATCAA,0,2876282
ompRp3,0.1111111111111111,8,8,CCTGGGCTTATTAGGACCGA,0,2899505
ompRp3,0.1111111111111111,8,8,CCTCTACCTGTGCTTCCGCA,0,2897589
ompRp3,0.1111111111111111,8,8,CCTCGGCAAGGAATTCGTTA,0,2885321
ompRp3,0.1111111111111111,8,8,CCTCCAAGCACACCTCGCAC,0,2873226
ompRp3,0.1111111111111111,8,8,CCTCACTCGTGGTTGCTATA,0,2881492
ompRp3,0.1111111111111111,8,8,CCTCACATGGTCTAGACTTC,0,2895376
ompRp3,0.1111111111111111,8,8,CCGTTGAACATCCAACCGGA,0,2896977
ompRp3,0.1111111111111111,8,8,CCGTGGAACGGGGTAGGACG,0,2896508
ompRp3,0.1111111111111111,8,8,CCGTCCAGCGGATGATTCGA,0,2885589
ompRp3,0.1111111111111111,8,8,CCGTATGTAAGCCAACGTTT,0,2895114
ompRp3,0.1111111111111111,8,8,CCGGTTGGCTTTTCCTCACA,0,2864525
ompRp3,0.1111111111111111,8,8,CCGGGAAGGTGGGCATTAGA,0,2865901
ompRp3,0.1111111111111111,8,8,CCGGCGTACCGGGGTCCTCA,0,2902810
ompRp3,0.1111111111111111,8,8,CCGATACCGATAGTAAGGAC,0,2875125
ompRp3,0.1111111111111111,8,8,CCGAGGAAAGGCCTCTATTA,0,2874795
ompRp3,0.1111111111111111,8,8,CCGACGTCCGATGGTTGCGA,0,2888353
ompRp3,0.1111111111111111,8,8,CCCTTACAAACGAGCATAGG,0,2861637
ompRp3,0.1111111111111111,8,8,CCCTGTGACGCAATTGCGAG,0,2904343
ompRp3,0.1111111111111111,8,8,CCCTGAAACGTTCTTTCTGT,0,2881752
ompRp3,0.1111111111111111,8,8,CCCTAACACGCAAGGCGATT,0,2875015
ompRp3,0.1111111111111111,8,8,CCCGGCCAATTCCGCAGAAT,0,2895634
ompRp3,0.1111111111111111,8,8,CCCGGCAGCTGCGGCTGGAT,0,2889996
ompRp3,0.1111111111111111,8,8,CCCGAGGAGGATATTAGACC,0,2868520
ompRp3,0.1111111111111111,8,8,CCCCTTCAAAGGCCCCAATT,0,2891410
ompRp3,0.1111111111111111,8,8,CCCCCATATAAAATTAGTGT,0,2893330
ompRp3,0.1111111111111111,8,8,CCCAGGTCTAGCGGTATAAA,0,2892433
ompRp3,0.1111111111111111,8,8,CCCAGGACGATAGGAAAGGA,0,2868117
ompRp3,0.1111111111111111,8,8,CCCAGCGGCAGACCCACCTG,0,2877718
ompRp3,0.1111111111111111,8,8,CCATTTTTGGACGGGCTGCG,0,2872246
ompRp3,0.1111111111111111,8,8,CCAGCACGTAGGCAAACAGA,0,2861960
ompRp3,0.1111111111111111,8,8,CCAATGGGAGTTCTCATACA,0,2898663
ompRp3,0.1111111111111111,8,8,CCAAGCGACTGACGAAGCGT,0,2872660
ompRp3,0.1111111111111111,8,8,CCAACTTCAGTGATCTTTTT,0,2891354
ompRp3,0.1111111111111111,8,8,CCAAAATTGGATTTCTATTC,0,2867871
ompRp3,0.1111111111111111,8,8,CATTTATGCCGCACTCTATT,0,2892451
ompRp3,0.1111111111111111,8,8,CATGGGTATTCGCACCGCAA,0,2864624
ompRp3,0.1111111111111111,8,8,CATCGCGCTTGGTCCAAGGC,0,2872861
ompRp3,0.1111111111111111,8,8,CATATTGACAAGAGTAGGCC,0,2900534
ompRp3,0.1111111111111111,8,8,CATATGTTGGAATAGGAGAG,0,2863526
ompRp3,0.1111111111111111,8,8,CATAGCGGAAGCCGGAGGAG,0,2904829
ompRp3,0.1111111111111111,8,8,CAGTACCCAGAATTTAGCCC,0,2885489
ompRp3,0.1111111111111111,8,8,CAGGTATTGTCGCATTTTGC,0,2899102
ompRp3,0.1111111111111111,8,8,CAGGGTTACTTCGGTTTAGC,0,2904256
ompRp3,0.1111111111111111,8,8,CAGCTGCATACGGCACGTAC,0,2891178
ompRp3,0.1111111111111111,8,8,CAGCGACTCTAGTTATCTCG,0,2900924
ompRp3,0.1111111111111111,8,8,CAGCATAGTGGCGGGAAGAC,0,2875554
ompRp3,0.1111111111111111,8,8,CAGCACCGGCTTCTACCCTG,0,2876776
ompRp3,0.1111111111111111,8,8,CAGCAAGCCGGGAGAATGGG,0,2867965
ompRp3,0.1111111111111111,8,8,CAGATAACGTGCCCCCAATA,0,2868417
ompRp3,0.1111111111111111,8,8,CACTGGTTGGGTGAGTTTTC,0,2890971
ompRp3,0.1111111111111111,8,8,CACTGCAAGTTGGGCAACAC,0,2887327
ompRp3,0.1111111111111111,8,8,CACTCTTAGGATAGGTGGCC,0,2898177
ompRp3,0.1111111111111111,8,8,CACTCGTCGTATGGAATTAA,0,2905135
ompRp3,0.1111111111111111,8,8,CACTCGGTACACTGTAGGCA,0,2907670
ompRp3,0.1111111111111111,8,8,CACGTACAACTGGCGGGCGG,0,2886055
ompRp3,0.1111111111111111,8,8,CACGGTGGCAGCCGTAATGA,0,2890886
ompRp3,0.1111111111111111,8,8,CACGGCCCGTGCATGTGAAC,0,2881442
ompRp3,0.1111111111111111,8,8,CACGGATGTATTCTCTAGTT,0,2907037
ompRp3,0.1111111111111111,8,8,CACGCCCCAGCAATGAACTG,0,2898356
ompRp3,0.1111111111111111,8,8,CACGCACTTTTCCCAACCAT,0,2860843
ompRp3,0.1111111111111111,8,8,CACCTAGACACAATCGATAG,0,2897612
ompRp3,0.1111111111111111,8,8,CACCAACGCTGTATGGCATG,0,2873562
ompRp3,0.1111111111111111,8,8,CACAAATCTCCATTGTAGGA,0,2884513
ompRp3,0.1111111111111111,8,8,CAATTCTTGCTAGGACAGAT,0,2885604
ompRp3,0.1111111111111111,8,8,CAAGTGCATCATACTAGTCC,0,2875228
ompRp3,0.1111111111111111,8,8,CAAGTCGGAATTTCCCGGAT,0,2862187
ompRp3,0.1111111111111111,8,8,CAAGTCCCAGTTGTCGGGAG,0,2898166
ompRp3,0.1111111111111111,8,8,CAAGCGCCTATTACCATTTG,0,2868298
ompRp3,0.1111111111111111,8,8,CAACCTCCAGCGGCTCATTA,0,2896226
ompRp3,0.1111111111111111,8,8,CAACAGTGTTTGAGCGGGGA,0,2869586
ompRp3,0.1111111111111111,8,8,CAACAGCTGTGGAAACGGCC,0,2900633
ompRp3,0.1111111111111111,8,8,CAAACGGGGCCACGGTTACC,0,2890541
ompRp3,0.1111111111111111,8,8,ATTTTTTACACCTCCCCCCA,0,2864679
ompRp3,0.1111111111111111,8,8,ATTTTTGATGTCATGGCATA,0,2897152
ompRp3,0.1111111111111111,8,8,ATTTTTACATAGGCTGACGC,0,2867697
ompRp3,0.1111111111111111,8,8,ATTTGGTGTTCTCACAGTTT,0,2880642
ompRp3,0.1111111111111111,8,8,ATTTATCCGCATCTAAAGCA,0,2862749
ompRp3,0.1111111111111111,8,8,ATTGGAGGGCAGCTTAGGGG,0,2873594
ompRp3,0.1111111111111111,8,8,ATTGCTACTTACGTCGAGCG,0,2907336
ompRp3,0.1111111111111111,8,8,ATTCGGTATCTGCAACGACA,0,2863701
ompRp3,0.1111111111111111,8,8,ATTACTTCTTACCGTGTTAA,0,2903411
ompRp3,0.1111111111111111,8,8,ATTAACGCGTTCTCACTGGA,0,2866884
ompRp3,0.1111111111111111,8,8,ATGTTCTAGTAGCTGGTAGT,0,2888894
ompRp3,0.1111111111111111,8,8,ATGTGTATTCGACTATGTAT,0,2892502
ompRp3,0.1111111111111111,8,8,ATGTGCCGTCTTCAAATGCT,0,2897798
ompRp3,0.1111111111111111,8,8,ATGTCCTGCTAACGGTTGAA,0,2894979
ompRp3,0.1111111111111111,8,8,ATGGTCTGCGCCGCAAACAA,0,2868357
ompRp3,0.1111111111111111,8,8,ATGGGTTGATTGTCAAGTGG,0,2902372
ompRp3,0.1111111111111111,8,8,ATGCTCGCACGGAAGGCGGT,0,2876244
ompRp3,0.1111111111111111,8,8,ATGCGAAACCATGAGTGTTG,0,2873355
ompRp3,0.1111111111111111,8,8,ATGATTTATCAAACCGCGGT,0,2876768
ompRp3,0.1111111111111111,8,8,ATGAGGTGGGGGCACCCGAG,0,2900297
ompRp3,0.1111111111111111,8,8,ATGAGCGGCTCTCACGTATT,0,2861453
ompRp3,0.1111111111111111,8,8,ATGACCCAGCTTCGTGAGCG,0,2888874
ompRp3,0.1111111111111111,8,8,ATGAACGGCCATGTTCAGGT,0,2879707
ompRp3,0.1111111111111111,8,8,ATCTCAAATTCGATCTTAGA,0,2871275
ompRp3,0.1111111111111111,8,8,ATCCTCACCCCAGTCATGTA,0,2875375
ompRp3,0.1111111111111111,8,8,ATCCGAAAGGTGCTTGGTGA,0,2878955
ompRp3,0.1111111111111111,8,8,ATCAGGGACACTAATAGGTT,0,2876870
ompRp3,0.1111111111111111,8,8,ATCAGATGCCCGAAGTTTTT,0,2877448
ompRp3,0.1111111111111111,8,8,ATCACTCGAGCGCTGACGCC,0,2898238
ompRp3,0.1111111111111111,8,8,ATCAAATGGCTGGGATACGA,0,2864164
ompRp3,0.1111111111111111,8,8,ATATCTATTTGAAATTTTAT,0,2863836
ompRp3,0.1111111111111111,8,8,ATATCCATTGGCCTTGGCTG,0,2904367
ompRp3,0.1111111111111111,8,8,ATATACCGAGCCGAGGACGG,0,2888303
ompRp3,0.1111111111111111,8,8,ATAGTGTTAAATGGCGTCGC,0,2877211
ompRp3,0.1111111111111111,8,8,ATAGTCTGGCGTGCTACGCT,0,2870412
ompRp3,0.1111111111111111,8,8,ATAGGCCGGTCAAGCGTGGT,0,2875297
ompRp3,0.1111111111111111,8,8,ATAGGAGACATGCTCAAGTT,0,2877868
ompRp3,0.1111111111111111,8,8,ATACGACTAACGCCCTCGAT,0,2888580
ompRp3,0.1111111111111111,8,8,ATACACGGCAACCCCCGAGG,0,2876076
ompRp3,0.1111111111111111,8,8,ATAACATTCTATGCCTCTGG,0,2875492
ompRp3,0.1111111111111111,8,8,AGTTTGCGCAGCTGACGGTC,0,2902276
ompRp3,0.1111111111111111,8,8,AGTTCTGTACCGTGTGGTGG,0,2898721
ompRp3,0.1111111111111111,8,8,AGTTAGTCTTGCCAAATATA,0,2897140
ompRp3,0.1111111111111111,8,8,AGTGGCAAATGTACGCGCTT,0,2864998
ompRp3,0.1111111111111111,8,8,AGTGCTCCGGCACTCTCACA,0,2901472
ompRp3,0.1111111111111111,8,8,AGTCCTGCTAGGTACAAACT,0,2886401
ompRp3,0.1111111111111111,8,8,AGTCCATCCCAGCGCCTTCT,0,2863756
ompRp3,0.1111111111111111,8,8,AGTAAAATACTCTTTTGCGA,0,2896862
ompRp3,0.1111111111111111,8,8,AGGTTGCTGGAGCCAGTGAA,0,2905814
ompRp3,0.1111111111111111,8,8,AGGTTCAACGGGCTCAAGAA,0,2862977
ompRp3,0.1111111111111111,8,8,AGGTAAGTTTGGCTCTCGCA,0,2873804
ompRp3,0.1111111111111111,8,8,AGGCTTCCGGCCTAGGAAGA,0,2900632
ompRp3,0.1111111111111111,8,8,AGGCGAGTCAATTAACGTTT,0,2903946
ompRp3,0.1111111111111111,8,8,AGGCCCTGATTGCCTCCTGT,0,2874855
ompRp3,0.1111111111111111,8,8,AGGCATAGGAGGTAAGATAT,0,2862737
ompRp3,0.1111111111111111,8,8,AGGCACCCACCCTCACCTGT,0,2871706
ompRp3,0.1111111111111111,8,8,AGGAGTAGATGTCTATAATT,0,2863232
ompRp3,0.1111111111111111,8,8,AGGAGAGTGAAACGTTGTCC,0,2894169
ompRp3,0.1111111111111111,8,8,AGCTTTGATAACGTGGAAGA,0,2902551
ompRp3,0.1111111111111111,8,8,AGCTTTAACCGGCACGGCTC,0,2888034
ompRp3,0.1111111111111111,8,8,AGCTTCGCAAAGGCTAGTTG,0,2907602
ompRp3,0.1111111111111111,8,8,AGCTCGGACGTATGATCCGC,0,2895666
ompRp3,0.1111111111111111,8,8,AGCTAGCAAGATGTGTCCAT,0,2884654
ompRp3,0.1111111111111111,8,8,AGCGCGGTCCTCCGCAAAAG,0,2886483
ompRp3,0.1111111111111111,8,8,AGCCCACGCTTACATTTTTA,0,2903236
ompRp3,0.1111111111111111,8,8,AGCCAGGGTCTAGAGATGGG,0,2902518
ompRp3,0.1111111111111111,8,8,AGCATTATCAGTCAACACCG,0,2890147
ompRp3,0.1111111111111111,8,8,AGCACTCGCCGTGGTTGCCC,0,2869745
ompRp3,0.1111111111111111,8,8,AGCAAGGAACAGCGAAATTG,0,2867348
ompRp3,0.1111111111111111,8,8,AGATGAGGCTCCACCCCGCA,0,2866857
ompRp3,0.1111111111111111,8,8,AGAGGAAGCTGACACAGACC,0,2887315
ompRp3,0.1111111111111111,8,8,AGAGATATTTCACACACAGG,0,2888111
ompRp3,0.1111111111111111,8,8,AGAACGTTCCGGCGCGAGCT,0,2867198
ompRp3,0.1111111111111111,8,8,AGAAATCGTATCACCGCCCT,0,2878523
ompRp3,0.1111111111111111,8,8,AGAAATCCACGCTAGTTTGG,0,2877947
ompRp3,0.1111111111111111,8,8,ACTTTACTGTCTTGTGCCGG,0,2890250
ompRp3,0.1111111111111111,8,8,ACTTAGTATCTCAAAGATAA,0,2903278
ompRp3,0.1111111111111111,8,8,ACTGAAGTCGCGGATATATA,0,2877714
ompRp3,0.1111111111111111,8,8,ACTCACTCTATCTCAGGCCC,0,2890154
ompRp3,0.1111111111111111,8,8,ACGTTGCAGTATGCACGGTT,0,2891417
ompRp3,0.1111111111111111,8,8,ACGTTCTACTCGGGTATCTG,0,2889641
ompRp3,0.1111111111111111,8,8,ACGTTAGTCTTCCAAGGTCT,0,2903096
ompRp3,0.1111111111111111,8,8,ACGTCTGCACATTTTGCTGC,0,2896481
ompRp3,0.1111111111111111,8,8,ACGGTTTGATATGGGGAGCC,0,2884575
ompRp3,0.1111111111111111,8,8,ACGGTTCCGGATTACATTCA,0,2886059
ompRp3,0.1111111111111111,8,8,ACGGTCCTTCGGCACTCCGA,0,2868330
ompRp3,0.1111111111111111,8,8,ACGGGGCCACACATCCAGGC,0,2905981
ompRp3,0.1111111111111111,8,8,ACGGGAGCACACCTCGACCC,0,2895868
ompRp3,0.1111111111111111,8,8,ACGGCGATCTCGCCTACGCT,0,2907333
ompRp3,0.1111111111111111,8,8,ACGGCGACGGGATCAGGTTT,0,2904250
ompRp3,0.1111111111111111,8,8,ACGGCATGGGGGGACGCAAG,0,2887792
ompRp3,0.1111111111111111,8,8,ACGCTCATCAACTAGGCTCT,0,2890360
ompRp3,0.1111111111111111,8,8,ACGCGGTTACTTATCCCAGT,0,2899813
ompRp3,0.1111111111111111,8,8,ACGAGTCAGTAAATAGCTTT,0,2883591
ompRp3,0.1111111111111111,8,8,ACGAATTATGATAGGTATCT,0,2886938
ompRp3,0.1111111111111111,8,8,ACGAAAACGTTTGCGTTGAT,0,2903275
ompRp3,0.1111111111111111,8,8,ACCTTAGCGTATGGTTTCCA,0,2891407
ompRp3,0.1111111111111111,8,8,ACCTGCAATGCCTCGAGAGG,0,2868929
ompRp3,0.1111111111111111,8,8,ACCTCTTCGTTAGACTACAA,0,2862656
ompRp3,0.1111111111111111,8,8,ACCGGTCAGCGTATGATCCT,0,2881840
ompRp3,0.1111111111111111,8,8,ACCCTCTCATTACCGCAGTC,0,2867671
ompRp3,0.1111111111111111,8,8,ACCCTATCGAGAGGTATGCT,0,2892958
ompRp3,0.1111111111111111,8,8,ACCCGGGGGGCTGGTCCGCA,0,2884578
ompRp3,0.1111111111111111,8,8,ACCCGAATCGACTTGGTGGT,0,2879951
ompRp3,0.1111111111111111,8,8,ACCCCGGACGCGAGAGTAAT,0,2878764
ompRp3,0.1111111111111111,8,8,ACATAGGATCCATTTCTTTG,0,2902766
ompRp3,0.1111111111111111,8,8,ACATAACATTAAAAGTGATA,0,2895206
ompRp3,0.1111111111111111,8,8,ACAGTGCGAGCCATTACCAT,0,2867210
ompRp3,0.1111111111111111,8,8,ACAGTCAATTGGATCTTACA,0,2876228
ompRp3,0.1111111111111111,8,8,ACAGAGAGCGGATTCCGGAA,0,2869039
ompRp3,0.1111111111111111,8,8,ACAGACTTGTTCCCTAATTC,0,2862191
ompRp3,0.1111111111111111,8,8,ACACTCTACTGGCTCCGCGG,0,2895208
ompRp3,0.1111111111111111,8,8,ACACGGTACCCGGCCTAATA,0,2891984
ompRp3,0.1111111111111111,8,8,ACACCATTAAGAGGCACTGA,0,2885902
ompRp3,0.1111111111111111,8,8,ACAATTGGCCCCGGAATTAT,0,2873045
ompRp3,0.1111111111111111,8,8,ACAAGACGATTTGAGGGGGG,0,2896999
ompRp3,0.1111111111111111,8,8,ACAACTGAGCTCAGCCCCCA,0,2881920
ompRp3,0.1111111111111111,8,8,ACAACCCTTCGCCAGATAGT,0,2881667
ompRp3,0.1111111111111111,8,8,AATTGACCAGACCGGGTCCA,0,2875676
ompRp3,0.1111111111111111,8,8,AATTCAAGTTTATTCGCTTA,0,2887870
ompRp3,0.1111111111111111,8,8,AATTAAATCGTCCCTGGTGA,0,2892515
ompRp3,0.1111111111111111,8,8,AATGGCCCGCTCGAGGCGCA,0,2885122
ompRp3,0.1111111111111111,8,8,AATGAATCAGCTAGCCAAAG,0,2875518
ompRp3,0.1111111111111111,8,8,AATCTAGCTGACTCGCCCCA,0,2899124
ompRp3,0.1111111111111111,8,8,AATCAGTGGGCCTTGGCCAT,0,2868532
ompRp3,0.1111111111111111,8,8,AATATAATTGATTGGCGGTA,0,2872635
ompRp3,0.1111111111111111,8,8,AATAGGTTCAAACCATGTAG,0,2866402
ompRp3,0.1111111111111111,8,8,AATAGAGGGTCTTGTGTTGT,0,2868021
ompRp3,0.1111111111111111,8,8,AAGTTTTACTATAGTAGGAA,0,2889327
ompRp3,0.1111111111111111,8,8,AAGGGGTTAGGAAGGTGTAT,0,2897273
ompRp3,0.1111111111111111,8,8,AAGGGGAGAGGGGCGCTCAC,0,2903085
ompRp3,0.1111111111111111,8,8,AAGGCTTAGGGTGATTTTCT,0,2889883
ompRp3,0.1111111111111111,8,8,AAGGCGTAATAGCAGGCAGT,0,2890481
ompRp3,0.1111111111111111,8,8,AAGGATCGCCACCACCGAGG,0,2892863
ompRp3,0.1111111111111111,8,8,AAGGACATGCTGCGGCCTTC,0,2893776
ompRp3,0.1111111111111111,8,8,AAGCTTAACGACGCCTACGG,0,2896253
ompRp3,0.1111111111111111,8,8,AAGCCGGACCTGTTGATGAG,0,2876945
ompRp3,0.1111111111111111,8,8,AAGCATGTAGGTATTTGTAA,0,2903923
ompRp3,0.1111111111111111,8,8,AAGCACAGGGACGAGCGAGC,0,2878821
ompRp3,0.1111111111111111,8,8,AAGATGTTTGTTTTTGGAAG,0,2868495
ompRp3,0.1111111111111111,8,8,AAGACGACCCTATCGATTTC,0,2893311
ompRp3,0.1111111111111111,8,8,AAGAAGCAGTCAGGAGTCGC,0,2893435
ompRp3,0.1111111111111111,8,8,AACGTGCTAGGTAGTGGGAT,0,2865206
ompRp3,0.1111111111111111,8,8,AACCGATTCATAGCCCTGGT,0,2871639
ompRp3,0.1111111111111111,8,8,AACCCGTCTGAGGCGGATAC,0,2871173
ompRp3,0.1111111111111111,8,8,AACACTCAACGTCGTGTACA,0,2865956
ompRp3,0.1111111111111111,8,8,AACAAGTGGGCGTTAAAGGG,0,2891962
ompRp3,0.1111111111111111,8,8,AAATCTTGGGCTTTTAAGCT,0,2881042
ompRp3,0.1111111111111111,8,8,AAAGTCTTGCTCGTCACGTT,0,2879444
ompRp3,0.1111111111111111,8,8,AAACTGGTCATGACCCAAAG,0,2887897
ompRp3,0.1111111111111111,8,8,AAACGGGTATCGGGGTTGAT,0,2901148
ompRp3,0.1111111111111111,8,8,AAACCGCCTTACTCGGGGAA,0,2900910
ompRp3,0.1111111111111111,8,8,AAACCCTGTCATCCGACTTA,0,2874307
ompRp3,0.1111111111111111,8,8,AAACCCCACACACTTTCGTC,0,2869250
ompRp3,0.1111111111111111,8,8,AAACCAAATAACCGGTGTAA,0,2890155
ompRp3,0.1111111111111111,8,8,AAACACGGGATGGGCGTCTA,0,2890816
ompRp3,0.1111111111111111,8,8,AAAACAGTGCCCGGGGTATG,0,2893962
ompRp3,0.125,7,7,TTTTTCATGGTATTCGGCAA,0,2891512
ompRp3,0.125,7,7,TTTTGACACCCTGTCTCTCA,0,2877220
ompRp3,0.125,7,7,TTTTAATTTTTGCGTAGATA,0,2875712
ompRp3,0.125,7,7,TTTGGTCTATTTAATATCCA,0,2897078
ompRp3,0.125,7,7,TTTGCCCATGCATTACACAA,0,2864115
ompRp3,0.125,7,7,TTTCTGGGCCTTTAGGACGC,0,2868349
ompRp3,0.125,7,7,TTTCTACAAATCAGGAAGTC,0,2864170
ompRp3,0.125,7,7,TTTCGACTCCTGAAGCGGGG,0,2899546
ompRp3,0.125,7,7,TTTCACACTTGGGTCAGTCC,0,2893466
ompRp3,0.125,7,7,TTTACCTCGGAACTAATCGC,0,2883726
ompRp3,0.125,7,7,TTTAATTGGGAATATCGCTA,0,2875643
ompRp3,0.125,7,7,TTTAATGCCGTGTAGGTATA,0,2868291
ompRp3,0.125,7,7,TTGTTGAAGGACGTCGAAGT,0,2869883
ompRp3,0.125,7,7,TTGTTCCCCGGGCCTATCGA,0,2899633
ompRp3,0.125,7,7,TTGTTAGAGTTTCGCGTAAC,0,2879341
ompRp3,0.125,7,7,TTGTGGGTGCTTATCTAGTA,0,2865411
ompRp3,0.125,7,7,TTGTGAGCAGCGTGCATAGA,0,2865393
ompRp3,0.125,7,7,TTGGTTGAATGTCTCAACGA,0,2863407
ompRp3,0.125,7,7,TTGGCTCGTGATCCACGAAA,0,2880108
ompRp3,0.125,7,7,TTGGACATGCCTCACTACGA,0,2895471
ompRp3,0.125,7,7,TTGCTTTGCCTCAGACTCGT,0,2904045
ompRp3,0.125,7,7,TTGCGCCCAAGACAAAACGT,0,2902549
ompRp3,0.125,7,7,TTGATTCCCTTCGTATTGAG,0,2867828
ompRp3,0.125,7,7,TTGATAGGATCGAAGTGTGT,0,2864502
ompRp3,0.125,7,7,TTGACTGGCGAAGAGGGTAT,0,2879201
ompRp3,0.125,7,7,TTGAATGGGCCTGACAGCAA,0,2901281
ompRp3,0.125,7,7,TTGAAATACTTTATGTGTTC,0,2865879
ompRp3,0.125,7,7,TTCTGGAGGCGTGTGGGCGT,0,2876919
ompRp3,0.125,7,7,TTCTCCGACATAGAGCGCCG,0,2896457
ompRp3,0.125,7,7,TTCTCACTCTATTCTGACCC,0,2865541
ompRp3,0.125,7,7,TTCTAGGGTGGTGCAAAAGC,0,2875371
ompRp3,0.125,7,7,TTCCTAGGAGCCCAACGCCC,0,2896197
ompRp3,0.125,7,7,TTCCATTGGTAAGTTCGCGG,0,2870191
ompRp3,0.125,7,7,TTCCATCCGTTGGAGATCGC,0,2882982
ompRp3,0.125,7,7,TTCATTAAAATTATTACACT,0,2901347
ompRp3,0.125,7,7,TTCATGTGCGGTGGCTGTAC,0,2872520
ompRp3,0.125,7,7,TTCATGCCAGGATCCCCTTT,0,2904366
ompRp3,0.125,7,7,TTCAGTGCAGCAATCAGCGA,0,2901980
ompRp3,0.125,7,7,TTCACAAGCTCATTGGCTCG,0,2880292
ompRp3,0.125,7,7,TTATTGTAGGACGGTTCTAT,0,2875982
ompRp3,0.125,7,7,TTAGTGTAAACTTGAGAAAG,0,2874848
ompRp3,0.125,7,7,TTAGGGGCTGTTGTTCGTAG,0,2868805
ompRp3,0.125,7,7,TTAGGCATGACGAGTTCATG,0,2881876
ompRp3,0.125,7,7,TTAGCCCTTGCGGCTAAATA,0,2884989
ompRp3,0.125,7,7,TTAGAGCGAGTAGTGGATAC,0,2860847
ompRp3,0.125,7,7,TTACCTCTCTGGAAACATAT,0,2883887
ompRp3,0.125,7,7,TTACCCGGACTGTGTCATTT,0,2876091
ompRp3,0.125,7,7,TTACAAAATTGTTACCTGCG,0,2871850
ompRp3,0.125,7,7,TTAATTCTAATCGACGTAAG,0,2870956
ompRp3,0.125,7,7,TTAATCGTATGGACAATTCT,0,2883185
ompRp3,0.125,7,7,TTAAGACGGGCCGCTAACTA,0,2888883
ompRp3,0.125,7,7,TTAACCCCGTCAGGTTTCTG,0,2902659
ompRp3,0.125,7,7,TTAACAAACTTCTGCATCTG,0,2897709
ompRp3,0.125,7,7,TTAAAGTCGCGGCCAGGGCG,0,2879420
ompRp3,0.125,7,7,TTAAAAGGATGATGTTGCGG,0,2876766
ompRp3,0.125,7,7,TGTTTGAGTTCACCGCTAGC,0,2895644
ompRp3,0.125,7,7,TGTTTCTGTTCCGATCTTTT,0,2897941
ompRp3,0.125,7,7,TGTTAACGACGAAGGTCGGG,0,2869915
ompRp3,0.125,7,7,TGTGTCTAGTTAGGGAGCAT,0,2875386
ompRp3,0.125,7,7,TGTGGTCACTATGTATGACG,0,2864559
ompRp3,0.125,7,7,TGTGCAAGTGTTTCACAACT,0,2896979
ompRp3,0.125,7,7,TGTGAGGTGGGCGTCTGAAT,0,2905948
ompRp3,0.125,7,7,TGTCGGTACAAGAACAGTAG,0,2877509
ompRp3,0.125,7,7,TGTCCGTACAGATTGTCCAT,0,2873173
ompRp3,0.125,7,7,TGTCACAGAAGAGTATGCAG,0,2882030
ompRp3,0.125,7,7,TGTATTTGGGGTTTTGCTAC,0,2869814
ompRp3,0.125,7,7,TGTATCCAGTATGGTTGGAT,0,2866859
ompRp3,0.125,7,7,TGTAGGGGTTCAACGAGCCA,0,2905121
ompRp3,0.125,7,7,TGTAGGATCGTCCATACCCT,0,2878972
ompRp3,0.125,7,7,TGTACTTAAATGCAGTGGCT,0,2905744
ompRp3,0.125,7,7,TGGTGGCTAAATTCGATTCT,0,2877419
ompRp3,0.125,7,7,TGGTCTATACTCTAAGCCAT,0,2890338
ompRp3,0.125,7,7,TGGTCTACTCGGGCTCGCGC,0,2884337
ompRp3,0.125,7,7,TGGTCCCTGCTCTAATAGGA,0,2883067
ompRp3,0.125,7,7,TGGGTTCCAAGGCCCGGTGA,0,2879514
ompRp3,0.125,7,7,TGGGTCAGGCAATTTTGACT,0,2890014
ompRp3,0.125,7,7,TGGGGTGGGAACTTGGATGG,0,2901784
ompRp3,0.125,7,7,TGGCTTTGGTCCACAATGGT,0,2895261
ompRp3,0.125,7,7,TGGCGTACGGTGGTAGGATC,0,2872484
ompRp3,0.125,7,7,TGGCGACATGGTGACGCTCC,0,2900935
ompRp3,0.125,7,7,TGGCATTCCTATGCACGCCC,0,2906323
ompRp3,0.125,7,7,TGGCATACTTGAGTCTAGCC,0,2900810
ompRp3,0.125,7,7,TGGCAGTCCTAGTCAACAGA,0,2876666
ompRp3,0.125,7,7,TGGAGAGGTACTTCGGATAG,0,2900574
ompRp3,0.125,7,7,TGCTTTATAGATTGCCCAGA,0,2879658
ompRp3,0.125,7,7,TGCTGCAAGGAGCCGGTGCA,0,2872368
ompRp3,0.125,7,7,TGCTCGGATGTGGAAGGAGC,0,2872552
ompRp3,0.125,7,7,TGCGTTAACATGGCGTTAAT,0,2890656
ompRp3,0.125,7,7,TGCGCGTACAACATGGATTC,0,2899265
ompRp3,0.125,7,7,TGCCTCCCACAATGCCATGT,0,2867140
ompRp3,0.125,7,7,TGCCGGTTCTCTCGAAGAGT,0,2880757
ompRp3,0.125,7,7,TGCCCGGATATCCTTACATG,0,2875175
ompRp3,0.125,7,7,TGCCAGGCTACGCAGACATT,0,2890483
ompRp3,0.125,7,7,TGCCAGCGAATATGCTTGTA,0,2867383
ompRp3,0.125,7,7,TGCATGTTGACCTGGTACTC,0,2863233
ompRp3,0.125,7,7,TGCAATTATAAACAGGAAGA,0,2869066
ompRp3,0.125,7,7,TGATGCCATAAGAGCTTCCA,0,2862436
ompRp3,0.125,7,7,TGATGATCTTAAGCGGTCGT,0,2885468
ompRp3,0.125,7,7,TGATACGGCATATTTTCTTC,0,2862474
ompRp3,0.125,7,7,TGATAAACTGTGCGCTGGGA,0,2884288
ompRp3,0.125,7,7,TGAGCTACCGAGGTCCGCAC,0,2865412
ompRp3,0.125,7,7,TGAGATGCAATGCGGTATCC,0,2873715
ompRp3,0.125,7,7,TGACGCAGTAGACCAGGTGC,0,2870827
ompRp3,0.125,7,7,TGACGAACCCTATCCCTCTA,0,2862675
ompRp3,0.125,7,7,TGACAATGGTGGGCACACAT,0,2871730
ompRp3,0.125,7,7,TGAATGTTACCTAATTGGAT,0,2882041
ompRp3,0.125,7,7,TGAAGACATCGCCTGGTCTA,0,2866855
ompRp3,0.125,7,7,TGAAACCATCGCACGACATC,0,2890052
ompRp3,0.125,7,7,TGAAAACGAAGAACTGTCTG,0,2872398
ompRp3,0.125,7,7,TCTTGCGGCGGAAATGATGT,0,2877167
ompRp3,0.125,7,7,TCTTATAACCACGATTGAGA,0,2905766
ompRp3,0.125,7,7,TCTTAGGCCCGACCGGATGA,0,2887413
ompRp3,0.125,7,7,TCTGGTCGCTACCAGAATCG,0,2884081
ompRp3,0.125,7,7,TCTGCTGAGTGTAGACTCAT,0,2901124
ompRp3,0.125,7,7,TCTGACGGCATTGGGTAGTA,0,2876195
ompRp3,0.125,7,7,TCTCTAATAAACTGCACTCC,0,2889324
ompRp3,0.125,7,7,TCTCGCGCGGTGCGCCGGTT,0,2866836
ompRp3,0.125,7,7,TCTCCCCTAGTTTTAACTTA,0,2874973
ompRp3,0.125,7,7,TCTATCTCTGATTGTTGTTC,0,2891134
ompRp3,0.125,7,7,TCTAGTTAGGTGTCCGATCG,0,2867617
ompRp3,0.125,7,7,TCTAGGAACCTTGGCATCCC,0,2902686
ompRp3,0.125,7,7,TCTACCGTCGAGAATGGCGT,0,2894382
ompRp3,0.125,7,7,TCGTTCGTATACAATGATTA,0,2871688
ompRp3,0.125,7,7,TCGTTAGCTCCATACGTCGC,0,2878255
ompRp3,0.125,7,7,TCGTGGGGTGTCGATTATAT,0,2895007
ompRp3,0.125,7,7,TCGTGGCTCACCTATGGTAT,0,2872380
ompRp3,0.125,7,7,TCGTGATACGAGAGAGAGTG,0,2878733
ompRp3,0.125,7,7,TCGGTTGCAGCTAGGATAGC,0,2902873
ompRp3,0.125,7,7,TCGGGGGTATGAGCAGGAGG,0,2889695
ompRp3,0.125,7,7,TCGGGCCGAGTCCTTCGTTC,0,2898517
ompRp3,0.125,7,7,TCGGCGAGTAGTACTAGCGA,0,2868485
ompRp3,0.125,7,7,TCGCTCTACATCCCCGGTAG,0,2873488
ompRp3,0.125,7,7,TCGCGGGCAGTGGATTCCAG,0,2864673
ompRp3,0.125,7,7,TCGCATAAGGTCCGTCGCGA,0,2900098
ompRp3,0.125,7,7,TCGCAATCAAGGTTGCAAGC,0,2873947
ompRp3,0.125,7,7,TCGAGGTGTCTGTACTTCAC,0,2902437
ompRp3,0.125,7,7,TCGACGCGGTTCTGGTTTTA,0,2888641
ompRp3,0.125,7,7,TCGAATTGCACTTCACGATA,0,2891121
ompRp3,0.125,7,7,TCCTAGCCAATGCTACGATA,0,2878957
ompRp3,0.125,7,7,TCCTACTATGCCCCGCGGAA,0,2864921
ompRp3,0.125,7,7,TCCTAACCTCGTGGCGTTTA,0,2867084
ompRp3,0.125,7,7,TCCGTGCCGTGAGGTAAGTT,0,2889260
ompRp3,0.125,7,7,TCCGGGAGGACGCATGTCCT,0,2870513
ompRp3,0.125,7,7,TCCCTGCAAGTCTCATAAGA,0,2895277
ompRp3,0.125,7,7,TCCATCGACGGGACTAGATA,0,2888076
ompRp3,0.125,7,7,TCCATAACAAGGTAAATTCA,0,2863433
ompRp3,0.125,7,7,TCCAGATCTCACCCTTAAGC,0,2868059
ompRp3,0.125,7,7,TCCAAGGAGCATCCTTGCAA,0,2869816
ompRp3,0.125,7,7,TCCAAACAAGTGTCTTTGTA,0,2870456
ompRp3,0.125,7,7,TCATGGACAAATCGAGTCAT,0,2879988
ompRp3,0.125,7,7,TCATGCAGCATGTCTCTATC,0,2884036
ompRp3,0.125,7,7,TCAGTTGAGTAATTAACTAG,0,2899460
ompRp3,0.125,7,7,TCAGTATCAAATTCGTAGCG,0,2869274
ompRp3,0.125,7,7,TCAATTGGTTTACTCATCGG,0,2906625
ompRp3,0.125,7,7,TCAATGGACGTACAGCTGTA,0,2897944
ompRp3,0.125,7,7,TCAATGACCGCACTGACATA,0,2871089
ompRp3,0.125,7,7,TCAAGGAGTACGGCAGCAGC,0,2904165
ompRp3,0.125,7,7,TCAACTGATCTAGGAATCAC,0,2879478
ompRp3,0.125,7,7,TCAACTCCGCCTGACTCAGA,0,2889840
ompRp3,0.125,7,7,TATTGTGGGTGTCGGACATG,0,2897981
ompRp3,0.125,7,7,TATTAATGGGACCCGGCTTA,0,2906935
ompRp3,0.125,7,7,TATGCCTTCCGTCGTACGTC,0,2869445
ompRp3,0.125,7,7,TATGACTGTCTACTTATGAT,0,2867174
ompRp3,0.125,7,7,TATCTGCTTACCTGAATCGC,0,2900998
ompRp3,0.125,7,7,TATCCAAAAAATGAACTACA,0,2873307
ompRp3,0.125,7,7,TATATGAACCATAGGGCGGA,0,2901585
ompRp3,0.125,7,7,TATACAGTTTGGAGTTTAGC,0,2885539
ompRp3,0.125,7,7,TAGTGATGGCGGTCAAAGGA,0,2884543
ompRp3,0.125,7,7,TAGGGGTCCAGTTAGTTTAC,0,2890823
ompRp3,0.125,7,7,TAGGCTGTCCGAACGGAGAT,0,2863998
ompRp3,0.125,7,7,TAGCTGGGAATGTTTCCGAC,0,2871153
ompRp3,0.125,7,7,TAGCGGATTGGCCTTACACG,0,2895134
ompRp3,0.125,7,7,TAGCCTAAATAGCATCAGCC,0,2866738
ompRp3,0.125,7,7,TAGCAGTCACTATTTGTGCT,0,2881058
ompRp3,0.125,7,7,TAGACCTTAGCGCTAGGTAG,0,2902100
ompRp3,0.125,7,7,TACTGGCGCATCGAATTACA,0,2902749
ompRp3,0.125,7,7,TACGCCTCGCCCATCAATCC,0,2867577
ompRp3,0.125,7,7,TACGATCCTTCCGGTCTTCA,0,2890742
ompRp3,0.125,7,7,TACCTGATTGGGCAGGCATC,0,2904550
ompRp3,0.125,7,7,TACCCTTTGTACTGCCATCA,0,2880685
ompRp3,0.125,7,7,TACCCTTCGCCGCGTAATGA,0,2861898
ompRp3,0.125,7,7,TACCAATTAGCGGACACGTA,0,2891153
ompRp3,0.125,7,7,TACATTTTTGTGCGCGTAGA,0,2889688
ompRp3,0.125,7,7,TACATTTGCAAGAGGAATGG,0,2878293
ompRp3,0.125,7,7,TACATCTGTCAACCTTCTAT,0,2901379
ompRp3,0.125,7,7,TACAATGCTTGCCCCTAAAT,0,2861197
ompRp3,0.125,7,7,TACAAGGGTGCAAGGAAGTT,0,2886235
ompRp3,0.125,7,7,TAATGGGCGAGATATAATAA,0,2866665
ompRp3,0.125,7,7,TAATGCCACCAAAGGATTCG,0,2868911
ompRp3,0.125,7,7,TAAGTAGTCCATCCTCACGA,0,2899327
ompRp3,0.125,7,7,TAAGAGCCGCAGACGGATGT,0,2890701
ompRp3,0.125,7,7,TAACTTTAAACGTGGCAGAC,0,2880947
ompRp3,0.125,7,7,TAACCTTTTCTTTTTGTAAA,0,2866341
ompRp3,0.125,7,7,TAAATAAGCTATTCTCCCGA,0,2880607
ompRp3,0.125,7,7,TAAAGGTGAAGTATTTTGTA,0,2880076
ompRp3,0.125,7,7,TAAACTATTCGTATACCTGC,0,2901629
ompRp3,0.125,7,7,TAAAATTTTGAGAGGTTACA,0,2894523
ompRp3,0.125,7,7,TAAAAATTGTAATTTGTCCC,0,2866231
ompRp3,0.125,7,7,GTTTGGGGTCAAAGATAGCG,0,2880879
ompRp3,0.125,7,7,GTTTCCAGTTGCAACAGTCA,0,2906311
ompRp3,0.125,7,7,GTTTCAACCAAACTGCATTG,0,2865927
ompRp3,0.125,7,7,GTTGAATAGCCATGGGCGCA,0,2891290
ompRp3,0.125,7,7,GTTCTAGCTCCGGGCAGCCA,0,2886044
ompRp3,0.125,7,7,GTTATTTATGTGCAATACAT,0,2867471
ompRp3,0.125,7,7,GTTATGGAGCTGCATAGCAT,0,2887341
ompRp3,0.125,7,7,GTTATAGGATACACCTGCAA,0,2902403
ompRp3,0.125,7,7,GTTAGGGAAGGCACAGATTA,0,2905978
ompRp3,0.125,7,7,GTTAGCGCCCTGTGCTTGAT,0,2877760
ompRp3,0.125,7,7,GTTAGCAGGAGTCGGCCGCA,0,2893062
ompRp3,0.125,7,7,GTGTTTGATGCGCCGCCATC,0,2890807
ompRp3,0.125,7,7,GTGTCGGTGTGTAGAGAATC,0,2889985
ompRp3,0.125,7,7,GTGGGATTGTTGCATCTACA,0,2874232
ompRp3,0.125,7,7,GTGGCGTCCAATCTTCGAAA,0,2883541
ompRp3,0.125,7,7,GTGGCGCCTAGAGGCGCAAA,0,2863895
ompRp3,0.125,7,7,GTGCTCGCGTACGTATTACA,0,2878530
ompRp3,0.125,7,7,GTGAGCGGTCCGGACGTGCT,0,2889743
ompRp3,0.125,7,7,GTGACGGCCGGAGGGTCTTC,0,2863898
ompRp3,0.125,7,7,GTGACCCTGGTATTACTAAG,0,2880491
ompRp3,0.125,7,7,GTGAATTTCGTCACCCCCCA,0,2897587
ompRp3,0.125,7,7,GTGAACGGCCATGCACAGGT,0,2906152
ompRp3,0.125,7,7,GTGAAATCCATGCACTCCAA,0,2890706
ompRp3,0.125,7,7,GTGAAACCACCACCGGATAT,0,2898690
ompRp3,0.125,7,7,GTCTTTTTGAGTCGATACTG,0,2878151
ompRp3,0.125,7,7,GTCTTCGGTCACTCGGAGTA,0,2860906
ompRp3,0.125,7,7,GTCTTACCTGATATTACAAT,0,2878000
ompRp3,0.125,7,7,GTCTGGCCTTGCTTTAAATT,0,2895722
ompRp3,0.125,7,7,GTCGCTGGCCCTGGATCGCT,0,2898272
ompRp3,0.125,7,7,GTCGCTCCTTGCGATGCGTC,0,2878326
ompRp3,0.125,7,7,GTCGATAAGTAGTGCGGAAC,0,2864177
ompRp3,0.125,7,7,GTCGAACCTTCATATCGTCT,0,2887638
ompRp3,0.125,7,7,GTCCGGCGGGCTAGTGGCTA,0,2874504
ompRp3,0.125,7,7,GTCCGCTGATATCAGCTGGC,0,2874033
ompRp3,0.125,7,7,GTCCCTCCCACGTTTGCACG,0,2874914
ompRp3,0.125,7,7,GTCCACCCTGCTGGCGCTGT,0,2881051
ompRp3,0.125,7,7,GTCAGCGTAACGCCGATGAT,0,2891233
ompRp3,0.125,7,7,GTCACCTTGGCGGTCAGCAG,0,2874440
ompRp3,0.125,7,7,GTATTTCGGGCACGCACTCA,0,2904857
ompRp3,0.125,7,7,GTAGTCCTCGGCATGTGAGG,0,2881012
ompRp3,0.125,7,7,GTAGCTTTGAATGCTGATAA,0,2872755
ompRp3,0.125,7,7,GTAGATCTTCTTTCTCCGAT,0,2865317
ompRp3,0.125,7,7,GTAGATCGGAGACAGTCGAT,0,2902503
ompRp3,0.125,7,7,GTACGAGGCGGGCGCAGGCG,0,2896219
ompRp3,0.125,7,7,GTACCTCCATAAACAGAGAG,0,2891532
ompRp3,0.125,7,7,GTACCCGCGCAGCATTCTCT,0,2870778
ompRp3,0.125,7,7,GTAATTGTGCTTTGGCGGGT,0,2907009
ompRp3,0.125,7,7,GTAATGTAATTCCTTCCTCT,0,2883889
ompRp3,0.125,7,7,GTAAGGTATTTAAGACCCTT,0,2867580
ompRp3,0.125,7,7,GTAAACCCGTAACGCGATAT,0,2888603
ompRp3,0.125,7,7,GGTTGAGATCCGGAATTGAT,0,2886845
ompRp3,0.125,7,7,GGTTCATTTCTTTGTAATAT,0,2886261
ompRp3,0.125,7,7,GGTGTGTAAGATGTATGTTG,0,2867543
ompRp3,0.125,7,7,GGTGTCCGTGAGAAAAACCA,0,2869934
ompRp3,0.125,7,7,GGTGGGGCTGCTCATGCTAA,0,2864816
ompRp3,0.125,7,7,GGTGGCCTGCAAATGTGCAA,0,2904099
ompRp3,0.125,7,7,GGTGGAATTATGGAGGGTGA,0,2864479
ompRp3,0.125,7,7,GGTGCAGTCCAACTTTCGTC,0,2866769
ompRp3,0.125,7,7,GGTGATGTAGGAGGCGATCG,0,2899779
ompRp3,0.125,7,7,GGTCTTTTGTGGTTACGCGA,0,2904215
ompRp3,0.125,7,7,GGTCTGCGGGAGTCTTCCTT,0,2878139
ompRp3,0.125,7,7,GGTCGGACTGTTAAAATTGA,0,2892420
ompRp3,0.125,7,7,GGTCGCTGGGTCCAATACAG,0,2868878
ompRp3,0.125,7,7,GGTCGATTTATTTATCGAAC,0,2864370
ompRp3,0.125,7,7,GGTCCATGTTTAAATTCCGT,0,2884614
ompRp3,0.125,7,7,GGTCAGAACCCGCGGGTGGG,0,2872690
ompRp3,0.125,7,7,GGTCAATTACACCGACAAAT,0,2881918
ompRp3,0.125,7,7,GGTATTTTATGTGCCATAAT,0,2867680
ompRp3,0.125,7,7,GGTATTGCTTGCACGGTTCT,0,2888861
ompRp3,0.125,7,7,GGTATTATGTTACTCCGGAA,0,2901455
ompRp3,0.125,7,7,GGTACGATGCGTGTTAAGGA,0,2868740
ompRp3,0.125,7,7,GGTAAGTACGGTCCGGCTCA,0,2863532
ompRp3,0.125,7,7,GGTAACTGGGGTCGTGGGAG,0,2862628
ompRp3,0.125,7,7,GGGTTCCTCAGGTCCGCGGT,0,2890386
ompRp3,0.125,7,7,GGGTGTTCTCTAGTGGGACT,0,2905467
ompRp3,0.125,7,7,GGGTGGATAATATTACTGTA,0,2906542
ompRp3,0.125,7,7,GGGTGCCGTGACCTATGTGC,0,2870500
ompRp3,0.125,7,7,GGGTGAGGGTAGCTAGCCCA,0,2881239
ompRp3,0.125,7,7,GGGTGAGCTCCTTCAAATTT,0,2890842
ompRp3,0.125,7,7,GGGTCCAAAAAGTCTACAGG,0,2891638
ompRp3,0.125,7,7,GGGTCATGAATGGGCCACCG,0,2891631
ompRp3,0.125,7,7,GGGTATTTTTAGTCACAGTA,0,2883975
ompRp3,0.125,7,7,GGGGTTGCAGCGTTTTTTCC,0,2884914
ompRp3,0.125,7,7,GGGGGACGATACAATTTTAC,0,2880962
ompRp3,0.125,7,7,GGGCTTCCCAATCTTCTGTG,0,2865461
ompRp3,0.125,7,7,GGGCTCATGGTAGATCTGTA,0,2906467
ompRp3,0.125,7,7,GGGCAAGATAAACAACGCTA,0,2875366
ompRp3,0.125,7,7,GGGATCCCTCAGTGTTTCAT,0,2891474
ompRp3,0.125,7,7,GGGACTGATAGTGTGGTGGA,0,2882254
ompRp3,0.125,7,7,GGCTTTCTAAGATATGAAAA,0,2887305
ompRp3,0.125,7,7,GGCTTGATTATAAAGAGGTG,0,2890427
ompRp3,0.125,7,7,GGCTTCGGCCCTTTGGTCAA,0,2869031
ompRp3,0.125,7,7,GGCTCTTCACTGGTATTGGA,0,2906596
ompRp3,0.125,7,7,GGCTAGAAACCGTGACCAGA,0,2905249
ompRp3,0.125,7,7,GGCGTTACGGCCGAGTGTGT,0,2874690
ompRp3,0.125,7,7,GGCCTGGAGGGTGGGATATG,0,2901594
ompRp3,0.125,7,7,GGCCTGCCAAACTGCAACTA,0,2889870
ompRp3,0.125,7,7,GGCATCTGGGAACCAGGGCT,0,2871091
ompRp3,0.125,7,7,GGCAACAGTTTCCGGTTTAT,0,2875069
ompRp3,0.125,7,7,GGATTACGACAATCCACTTA,0,2865383
ompRp3,0.125,7,7,GGATGGCAGAAGTCCTGCAG,0,2892342
ompRp3,0.125,7,7,GGATCGAGAATCCCGATCAA,0,2861993
ompRp3,0.125,7,7,GGATCAGGCTTTCACACGTG,0,2872433
ompRp3,0.125,7,7,GGATCAGCACATGACCTTAC,0,2866244
ompRp3,0.125,7,7,GGAGTTAACACTACATTATC,0,2861431
ompRp3,0.125,7,7,GGAGGCGTCGGGCCGTTCCA,0,2889258
ompRp3,0.125,7,7,GGAGAAGACTACGTCAGCTT,0,2903022
ompRp3,0.125,7,7,GGACGTTTGCACGTTAATTT,0,2897928
ompRp3,0.125,7,7,GGACGTGCTCTAGGTTTCGC,0,2900884
ompRp3,0.125,7,7,GGACCGGCCCAATAAGTTAT,0,2900517
ompRp3,0.125,7,7,GGACCCGGTAGCTAGGCTAT,0,2870249
ompRp3,0.125,7,7,GGACCCAGGTGCACAGCCAA,0,2891339
ompRp3,0.125,7,7,GGACCAACCCACCGGGGCAG,0,2885826
ompRp3,0.125,7,7,GGACAATTCATTGTTCTGTA,0,2867342
ompRp3,0.125,7,7,GGAAGGCGGCATGCTAAGTG,0,2891715
ompRp3,0.125,7,7,GGAAGATATACATTTGCTTT,0,2868796
ompRp3,0.125,7,7,GGAAATGTGATCTATCCTGA,0,2884641
ompRp3,0.125,7,7,GGAAATCTCCACCTACCAGC,0,2898501
ompRp3,0.125,7,7,GCTGGGCTCATAATTTATCA,0,2879889
ompRp3,0.125,7,7,GCTGGCATCTACAATGTACT,0,2889470
ompRp3,0.125,7,7,GCTCTCTGAGGAGAATTCAC,0,2876421
ompRp3,0.125,7,7,GCTCCGCTTTACTCATACAG,0,2885898
ompRp3,0.125,7,7,GCTCCATGTCTGCAGGCGTT,0,2867711
ompRp3,0.125,7,7,GCTCACAGGATAAAGGTAAT,0,2885034
ompRp3,0.125,7,7,GCTACATGTGTGTTTACCAG,0,2863148
ompRp3,0.125,7,7,GCTAAGTCGCCCGGATGTAC,0,2905316
ompRp3,0.125,7,7,GCGTCCGGACGGCAGTATTT,0,2899947
ompRp3,0.125,7,7,GCGTCCCCTCGAACAGCGAG,0,2904727
ompRp3,0.125,7,7,GCGTAGGCCCATGCGTGTCT,0,2873143
ompRp3,0.125,7,7,GCGGGTTTGGACAATCATTG,0,2879156
ompRp3,0.125,7,7,GCGGGGACGGGACGTTATTT,0,2905739
ompRp3,0.125,7,7,GCGCAACAGGATGGTTCATA,0,2887106
ompRp3,0.125,7,7,GCGAGACGTGGATAAGCTCA,0,2894801
ompRp3,0.125,7,7,GCGACTGCCTAGATTCTTTG,0,2873773
ompRp3,0.125,7,7,GCGACCCCCCAGGTACGACC,0,2894450
ompRp3,0.125,7,7,GCCTTCGGTAAATAGAAAAT,0,2879059
ompRp3,0.125,7,7,GCCTGGATCGATAGTGTAGT,0,2864288
ompRp3,0.125,7,7,GCCTGCCCAGGTCCCCCGTA,0,2885262
ompRp3,0.125,7,7,GCCTCTTCTACGCATACACG,0,2876672
ompRp3,0.125,7,7,GCCGTAAAGTGGGGTTTGAC,0,2901574
ompRp3,0.125,7,7,GCCGGATGCTCGTCATAAGT,0,2901004
ompRp3,0.125,7,7,GCCGATGCAAGTCAGTCAGT,0,2870700
ompRp3,0.125,7,7,GCCATTTGACAGGGTGTTTA,0,2881313
ompRp3,0.125,7,7,GCCATATGACCCACCCGTAC,0,2863298
ompRp3,0.125,7,7,GCATGCGCTTGGGATAGTAT,0,2870676
ompRp3,0.125,7,7,GCATCTTTGTCTTGTCGTTT,0,2883390
ompRp3,0.125,7,7,GCATCTGGGAGCCCCCAAAA,0,2906402
ompRp3,0.125,7,7,GCAGGCAACTCGATACACGA,0,2862189
ompRp3,0.125,7,7,GCAGACAATCGAATCAATCT,0,2871571
ompRp3,0.125,7,7,GCACTTCCGAGCCTTCCCGA,0,2871004
ompRp3,0.125,7,7,GCACTGTCATCTCCCGGGTC,0,2867835
ompRp3,0.125,7,7,GCACCCCGCCGTGCTAGCGC,0,2905601
ompRp3,0.125,7,7,GCACACGCTGGATATCGCAA,0,2902206
ompRp3,0.125,7,7,GCACAACCTACACGTGTAAT,0,2886372
ompRp3,0.125,7,7,GCAATCTGATGTATTTGCGT,0,2887858
ompRp3,0.125,7,7,GCAAGTTATTCGTGTTTCAG,0,2888246
ompRp3,0.125,7,7,GCAAGCAGCAAATCCAGGGA,0,2894161
ompRp3,0.125,7,7,GCAAACGTGCTTGGCTCTTA,0,2862547
ompRp3,0.125,7,7,GATTAAAAAGGATACTAAGT,0,2890907
ompRp3,0.125,7,7,GATGTTGTAAGGTCGCCCGT,0,2879657
ompRp3,0.125,7,7,GATGGTTAACGGATCTCGAT,0,2886156
ompRp3,0.125,7,7,GATGGGAACGCACTGTGGAG,0,2870864
ompRp3,0.125,7,7,GATGCTCGCCACCAGAACCT,0,2892881
ompRp3,0.125,7,7,GATGCGCAAGTCGCGTTGTC,0,2884502
ompRp3,0.125,7,7,GATGCCGTCGCCTCGTGGAC,0,2892020
ompRp3,0.125,7,7,GATCGATGGGCTCTCATCCA,0,2898072
ompRp3,0.125,7,7,GATCCTCACCGGGTTATATA,0,2876990
ompRp3,0.125,7,7,GATCCAGGCTTGAGTATGGG,0,2902747
ompRp3,0.125,7,7,GATCAGCAGTACGGCTGTTG,0,2896767
ompRp3,0.125,7,7,GATAGTACGTACAACATTTA,0,2907482
ompRp3,0.125,7,7,GATACAATGAGATCGATTGT,0,2890782
ompRp3,0.125,7,7,GAGTTGCAGCGGCTGCCATT,0,2867417
ompRp3,0.125,7,7,GAGTTCCCGCCCGTGAATTG,0,2905059
ompRp3,0.125,7,7,GAGTTATATTGTCTAGGACG,0,2879470
ompRp3,0.125,7,7,GAGTTAACCAAGAGACGATA,0,2876130
ompRp3,0.125,7,7,GAGTCTCATGTTGTGCATCC,0,2884534
ompRp3,0.125,7,7,GAGTAAACGCTTCGCGTACG,0,2876107
ompRp3,0.125,7,7,GAGGCGTTATGCAACCCATG,0,2904966
ompRp3,0.125,7,7,GAGGCGGGTTATGATACTTG,0,2877249
ompRp3,0.125,7,7,GAGGCCACATGTCTGGAGTA,0,2905203
ompRp3,0.125,7,7,GAGCAGTTGATTGGATGGCC,0,2871242
ompRp3,0.125,7,7,GAGACTGGCCGTTCCCATAC,0,2868524
ompRp3,0.125,7,7,GAGACTAATTCTCTCTCAGT,0,2874872
ompRp3,0.125,7,7,GACTGCGGTCGAATCCAGAG,0,2878683
ompRp3,0.125,7,7,GACTGAGACACTGAGCCCGG,0,2888101
ompRp3,0.125,7,7,GACTAAAGGCACGCTTTCAC,0,2890912
ompRp3,0.125,7,7,GACGGGGGCGTACGGCGCAT,0,2885055
ompRp3,0.125,7,7,GACGGCGTGGGTAAGAGTTC,0,2902328
ompRp3,0.125,7,7,GACGGCCCCGACGTTAACAT,0,2893821
ompRp3,0.125,7,7,GACGGAGTTGCCAGCTTTTC,0,2884693
ompRp3,0.125,7,7,GACGCCGGACGATGGAAAAC,0,2874183
ompRp3,0.125,7,7,GACGATCCAACGCAGTACAA,0,2893003
ompRp3,0.125,7,7,GACGAGCTTGGATGCCCGAC,0,2897011
ompRp3,0.125,7,7,GACCTCGCTAGGGACGGTTC,0,2863393
ompRp3,0.125,7,7,GACCGGGCATCGGATGACTC,0,2898504
ompRp3,0.125,7,7,GACCCGAGGCGTAGTGTTAG,0,2893975
ompRp3,0.125,7,7,GACCCCCACCTGAGAAAGGT,0,2891211
ompRp3,0.125,7,7,GACCAGCGCTTAAGAAGCCT,0,2873674
ompRp3,0.125,7,7,GACATGGGAAAAAATGAAAG,0,2901634
ompRp3,0.125,7,7,GACATGGAACCACCCTGCGA,0,2863225
ompRp3,0.125,7,7,GACATCATGTTGTTATAGGG,0,2904082
ompRp3,0.125,7,7,GACAGTCAGTTGCCGTGGCT,0,2883615
ompRp3,0.125,7,7,GAATTGCACTCACATCGACG,0,2882514
ompRp3,0.125,7,7,GAAGGACCCTGGAAGAAAAC,0,2900974
ompRp3,0.125,7,7,GAAGCTGAGTGGTCGAAGTT,0,2881195
ompRp3,0.125,7,7,GAAGCCCATCGGAGGCATGA,0,2880435
ompRp3,0.125,7,7,GAAGATTAAATAGCCGCTCA,0,2873318
ompRp3,0.125,7,7,GAAGATGCTTACTGTTTGGC,0,2866348
ompRp3,0.125,7,7,GAACGCGACCACGTGAAGAC,0,2894349
ompRp3,0.125,7,7,GAACAGATCCGTAGGGCGAG,0,2885324
ompRp3,0.125,7,7,GAACAATTCCACCTTAGATC,0,2877527
ompRp3,0.125,7,7,GAAAATGGTTACCCGGGGTC,0,2868072
ompRp3,0.125,7,7,GAAAACGTGACGTCCCCTAT,0,2887415
ompRp3,0.125,7,7,CTTTGTGTCGAGGCCTTAGG,0,2882861
ompRp3,0.125,7,7,CTTGAGCGAGGTATCATTGA,0,2880946
ompRp3,0.125,7,7,CTTCTTCTGGGATCCGTAAG,0,2906735
ompRp3,0.125,7,7,CTTCGCTGCAATTGTCGAGT,0,2902082
ompRp3,0.125,7,7,CTTCCGTAGCTCAGCATTTC,0,2894432
ompRp3,0.125,7,7,CTTCACCCGGTATGATGTAC,0,2873748
ompRp3,0.125,7,7,CTTATCCGAGAGCAAAGCGT,0,2876384
ompRp3,0.125,7,7,CTTACATCGGTATGAATGGG,0,2907218
ompRp3,0.125,7,7,CTGTTTCATCAAGGCAAGAA,0,2869678
ompRp3,0.125,7,7,CTGTCTGGGTCTCGCAGCTC,0,2869245
ompRp3,0.125,7,7,CTGTAAGCGCAGCAACTACT,0,2904112
ompRp3,0.125,7,7,CTGGTATGATCTCGCTGTAT,0,2878138
ompRp3,0.125,7,7,CTGGTAAGCCTACGAGGTAA,0,2907503
ompRp3,0.125,7,7,CTGGCTGTCGCGATCGCAGA,0,2894581
ompRp3,0.125,7,7,CTGGACGGTTTATTCGGTAT,0,2886236
ompRp3,0.125,7,7,CTGCGAGCGGGAGCAGTATC,0,2864690
ompRp3,0.125,7,7,CTGCCTTGGGATCATGTGTA,0,2866708
ompRp3,0.125,7,7,CTGCCAGGCAGACGCTACTG,0,2869506
ompRp3,0.125,7,7,CTGAAGTCCTCTGCATTTCT,0,2877179
ompRp3,0.125,7,7,CTGAAGCTACGTGCCAGAGT,0,2883034
ompRp3,0.125,7,7,CTCTTTGTCGTATTATCAAC,0,2900369
ompRp3,0.125,7,7,CTCTATTCGGACTACAACCT,0,2870001
ompRp3,0.125,7,7,CTCTAATGTGCTGGGTTGCT,0,2892658
ompRp3,0.125,7,7,CTCCGTGGGAGAAGTGCCGA,0,2889965
ompRp3,0.125,7,7,CTCCCCGCACATGTTGTCCG,0,2869126
ompRp3,0.125,7,7,CTCATGTCTTAACCGCAGAA,0,2889298
ompRp3,0.125,7,7,CTCACAGTATGGAAGAGTGT,0,2869585
ompRp3,0.125,7,7,CTCAATCCACGAGCTCACGC,0,2867559
ompRp3,0.125,7,7,CTATGCGACGGAGGCTAGAG,0,2891924
ompRp3,0.125,7,7,CTATGAAGCTTACAGGCTAG,0,2876359
ompRp3,0.125,7,7,CTAGTTTGTGACGACAGCCT,0,2893340
ompRp3,0.125,7,7,CTAGTCAGCTGGGCTAGCGT,0,2885609
ompRp3,0.125,7,7,CTAGGTAGTGGCGCCCCCTT,0,2868459
ompRp3,0.125,7,7,CTAGGCGGAACAATTTATAT,0,2906356
ompRp3,0.125,7,7,CTAGCAGTCCGCAGATCCAG,0,2886758
ompRp3,0.125,7,7,CTAGAGTGACATTCGTCCTA,0,2882381
ompRp3,0.125,7,7,CTAGAGGTGGGAAGGGTGCG,0,2887859
ompRp3,0.125,7,7,CTAGACGGGAGCTCTTCACA,0,2890963
ompRp3,0.125,7,7,CTACGTTTCAGTCTCCTGCA,0,2871855
ompRp3,0.125,7,7,CTACGGTCGTTACGGGCGAA,0,2870147
ompRp3,0.125,7,7,CTACCCTGATGGCATTTATG,0,2906065
ompRp3,0.125,7,7,CTAATTTGAGAAGGTGTGGT,0,2899172
ompRp3,0.125,7,7,CTAATAAATGCTCTAAGCCC,0,2891383
ompRp3,0.125,7,7,CTAACCGCGCAAGACCTGCA,0,2871005
ompRp3,0.125,7,7,CGTTTCGCTGTGCTATCTCC,0,2875292
ompRp3,0.125,7,7,CGTTGTGATCAGGAAGGCTA,0,2877412
ompRp3,0.125,7,7,CGTTCGATCTGGTCTGTGGC,0,2878129
ompRp3,0.125,7,7,CGTTAGCGAACTGAGTGAAA,0,2875795
ompRp3,0.125,7,7,CGTTACTGTCAAAGGATGTC,0,2904238
ompRp3,0.125,7,7,CGTGATTGTACTGATGGGCA,0,2903417
ompRp3,0.125,7,7,CGTCCTTTTCAGTGTTCATA,0,2876200
ompRp3,0.125,7,7,CGTATATTCGGGTTTATAAG,0,2874568
ompRp3,0.125,7,7,CGTAGTAACAAATATGGCGC,0,2895156
ompRp3,0.125,7,7,CGGTCAATGAATTGACGCCT,0,2905055
ompRp3,0.125,7,7,CGGTAGATAGAGCAACGATT,0,2861779
ompRp3,0.125,7,7,CGGTACCTAGCAGGCAACTA,0,2890241
ompRp3,0.125,7,7,CGGGTGTGTTGAAGATTTTG,0,2899461
ompRp3,0.125,7,7,CGGGTATTTTGCCTCAGTCC,0,2875505
ompRp3,0.125,7,7,CGGGATAGGATTGCCATGCA,0,2894947
ompRp3,0.125,7,7,CGGCTCGGTTAGGGCGAGCT,0,2868083
ompRp3,0.125,7,7,CGGCGCTTCGACCCGCACTT,0,2881180
ompRp3,0.125,7,7,CGGCGCGTCGGATAAAGCAA,0,2872289
ompRp3,0.125,7,7,CGGCGATGGACTGATAGTTG,0,2894531
ompRp3,0.125,7,7,CGGCCCACTTGATTAGGATC,0,2865722
ompRp3,0.125,7,7,CGGCCATCAAGTCGGGGATA,0,2866011
ompRp3,0.125,7,7,CGGCAGAATTCTTGCGGTTG,0,2888897
ompRp3,0.125,7,7,CGGATGCCAAGACGCGTCGC,0,2904890
ompRp3,0.125,7,7,CGGACCTTTAAGACCTTTGT,0,2897955
ompRp3,0.125,7,7,CGCTGCCTTGGATCTTGCTA,0,2905519
ompRp3,0.125,7,7,CGCTCCGAGGCAGTAGTGTT,0,2885043
ompRp3,0.125,7,7,CGCTAGCTCAACCTACACCA,0,2871953
ompRp3,0.125,7,7,CGCTAATAGGTTCTGATAGG,0,2868479
ompRp3,0.125,7,7,CGCGTCCTTGGTCACGTCCA,0,2900561
ompRp3,0.125,7,7,CGCGTATAACTGCAGAACGA,0,2896450
ompRp3,0.125,7,7,CGCGGTAACATGGAACTTCA,0,2893649
ompRp3,0.125,7,7,CGCGGGCAACATTTATGACC,0,2866653
ompRp3,0.125,7,7,CGCGGAGTTATGCGTTTCTA,0,2874649
ompRp3,0.125,7,7,CGCGCTATATTCAATCCGAA,0,2894134
ompRp3,0.125,7,7,CGCGCCGGGCCTTACAGACT,0,2861657
ompRp3,0.125,7,7,CGCCTGGCCATGCTCCGTGG,0,2897294
ompRp3,0.125,7,7,CGCCGTGAGGTACGTTCCAT,0,2903825
ompRp3,0.125,7,7,CGCCAACTATCACGGGATTA,0,2882939
ompRp3,0.125,7,7,CGCATCCCTCGGGAGTTAGC,0,2865565
ompRp3,0.125,7,7,CGCATAGGCATGAACTCCAA,0,2899844
ompRp3,0.125,7,7,CGCACTTTCCGGTGTTGCAG,0,2878182
ompRp3,0.125,7,7,CGATGTTAGAACTGGCTTAG,0,2898441
ompRp3,0.125,7,7,CGATGTATCACTAACCTTAA,0,2884815
ompRp3,0.125,7,7,CGATCAATACGCGGATCTAC,0,2877531
ompRp3,0.125,7,7,CGATATGATCACATACGACT,0,2868927
ompRp3,0.125,7,7,CGAGGGATTGTCCGCCCGCC,0,2868307
ompRp3,0.125,7,7,CGAGGCAGTGAGCGGTCTCT,0,2898369
ompRp3,0.125,7,7,CGACCCGTTCAGCGCGTGAG,0,2874085
ompRp3,0.125,7,7,CGAATCTCCGTAAGGCCAAA,0,2901452
ompRp3,0.125,7,7,CGAAGTCCATGAATGGGACG,0,2901157
ompRp3,0.125,7,7,CGAACACGATCGTGTGCATC,0,2898267
ompRp3,0.125,7,7,CGAACAAGCGGGGTCTGTGG,0,2876955
ompRp3,0.125,7,7,CCTTTTCGGTAGTTTAGAAC,0,2892987
ompRp3,0.125,7,7,CCTTGGCAAGACCAACGGAC,0,2865013
ompRp3,0.125,7,7,CCTTAAGACTACAAAGGGAA,0,2895329
ompRp3,0.125,7,7,CCTCGAGACTGACGTTGTAA,0,2871832
ompRp3,0.125,7,7,CCTCCTGGGCGAGAGATCAT,0,2898219
ompRp3,0.125,7,7,CCTCAGTTCTTTGTGACGTA,0,2901955
ompRp3,0.125,7,7,CCTCAGTTATCAGTTGACGC,0,2878337
ompRp3,0.125,7,7,CCTCAGGCCGTGCGGTTGGA,0,2898684
ompRp3,0.125,7,7,CCTCAATACCAGAAATTTCA,0,2875854
ompRp3,0.125,7,7,CCTATCTGTCCTAAGCCTTC,0,2901045
ompRp3,0.125,7,7,CCTAGCCGGAATTGGGGGTA,0,2905370
ompRp3,0.125,7,7,CCTACAGAACACATAAAGAC,0,2867534
ompRp3,0.125,7,7,CCTAATTACTGGCTCGTTTG,0,2898039
ompRp3,0.125,7,7,CCTAAGACCCCAGGATAGCC,0,2906187
ompRp3,0.125,7,7,CCGTTACACATGCGGTTCGG,0,2898460
ompRp3,0.125,7,7,CCGTCTAGTCTGTCGTGGTT,0,2892209
ompRp3,0.125,7,7,CCGTCGTATGCTACGACCAA,0,2906657
ompRp3,0.125,7,7,CCGTCCTCGAAGGTTGTTAC,0,2899571
ompRp3,0.125,7,7,CCGGCGCGATAATGATGTGA,0,2889786
ompRp3,0.125,7,7,CCGGCCTTGAGTCCGTGCCG,0,2867369
ompRp3,0.125,7,7,CCGGAGCGGCACCTGCGGTT,0,2862902
ompRp3,0.125,7,7,CCGCCCTTAGAGGCCCTCGA,0,2878061
ompRp3,0.125,7,7,CCGCATCTCGCCAAGAACTT,0,2871092
ompRp3,0.125,7,7,CCGATTGAGCCGGGCCGCAT,0,2904794
ompRp3,0.125,7,7,CCGAGGACAGCTCCGATTAC,0,2895617
ompRp3,0.125,7,7,CCCTCTTCGGGAAATATAAC,0,2865365
ompRp3,0.125,7,7,CCCGCCCGGCTGAAGTCGCT,0,2875865
ompRp3,0.125,7,7,CCCGCCCGGCAGGCGTTTTT,0,2894559
ompRp3,0.125,7,7,CCCCGTTCTCACCATCTGAG,0,2861894
ompRp3,0.125,7,7,CCCCGGGTAGGATATGTTTC,0,2902755
ompRp3,0.125,7,7,CCCCCTATGATAGCCACACC,0,2861516
ompRp3,0.125,7,7,CCCCCCTGTTACCACCTAAA,0,2868780
ompRp3,0.125,7,7,CCCATCGATGCTAGCTAAAA,0,2871121
ompRp3,0.125,7,7,CCCAAGCCCTCAGCGAATCC,0,2894525
ompRp3,0.125,7,7,CCCAAAACTTACATAAACTC,0,2900172
ompRp3,0.125,7,7,CCATTCACCCAGCATGGATT,0,2866372
ompRp3,0.125,7,7,CCATGCTCGGTAACACTCAG,0,2900992
ompRp3,0.125,7,7,CCATCACTCCAAGGCGCATC,0,2874377
ompRp3,0.125,7,7,CCATCAATACGCACTGAGAG,0,2899129
ompRp3,0.125,7,7,CCATCAAAACCAGCCCGTAA,0,2865408
ompRp3,0.125,7,7,CCAGGTCCAAAGTGCGAGGA,0,2882617
ompRp3,0.125,7,7,CCAGCTGGTCTTCTACAGTA,0,2876984
ompRp3,0.125,7,7,CCAGCTATGAGACCAACTCT,0,2874407
ompRp3,0.125,7,7,CCACTTACAAGATCGCTGTG,0,2870118
ompRp3,0.125,7,7,CCACCGAAAAATTGATTAGA,0,2890771
ompRp3,0.125,7,7,CCACATTTCCAAACAATTTA,0,2886422
ompRp3,0.125,7,7,CCACAGCTACAGCTGTTAAA,0,2895728
ompRp3,0.125,7,7,CCAACGCACAATATTACGAA,0,2896322
ompRp3,0.125,7,7,CCAACCTGTATGGGGAAAGC,0,2878916
ompRp3,0.125,7,7,CCAACCCCTTGGCCCAATTT,0,2868085
ompRp3,0.125,7,7,CATGTGATGAAATTTCAAAC,0,2906289
ompRp3,0.125,7,7,CATGTATGAGGATTGGTGGG,0,2890459
ompRp3,0.125,7,7,CATGTAGTATACTGCGAAGT,0,2892279
ompRp3,0.125,7,7,CATGGGCCTGTTTGCTTTCT,0,2898599
ompRp3,0.125,7,7,CATGGGACCAGGCCCGAAAG,0,2869905
ompRp3,0.125,7,7,CATCGATTTAAATTGTACCA,0,2865145
ompRp3,0.125,7,7,CATCCATTACAATAGGTCTC,0,2871671
ompRp3,0.125,7,7,CAGTTAATTTATAACATGAT,0,2902349
ompRp3,0.125,7,7,CAGTCTTTGGGTGTTGTAAG,0,2903585
ompRp3,0.125,7,7,CAGTCCTGCGTGTGTTCGAT,0,2884655
ompRp3,0.125,7,7,CAGCGGTAGTATCCTTACAA,0,2861573
ompRp3,0.125,7,7,CAGACAGATTAATTTAAGAT,0,2887083
ompRp3,0.125,7,7,CAGAAGTCTATATTGATTTC,0,2885797
ompRp3,0.125,7,7,CAGAAACTAGACAATTTGAG,0,2890516
ompRp3,0.125,7,7,CACTGCAGCGAGGTGCGCTG,0,2883224
ompRp3,0.125,7,7,CACGTTTTAGGGGTATGTTA,0,2886524
ompRp3,0.125,7,7,CACGTGAGGCCGCGAGATCT,0,2879355
ompRp3,0.125,7,7,CACGTGAACCGCGTTCGCGC,0,2867057
ompRp3,0.125,7,7,CACGGTCCACCTAGAACATA,0,2876128
ompRp3,0.125,7,7,CACGGCATGCGTCTGTAGGT,0,2890215
ompRp3,0.125,7,7,CACGCGGCCCTCTAAGCTCT,0,2877393
ompRp3,0.125,7,7,CACAGACGGTATGTCCAATG,0,2888368
ompRp3,0.125,7,7,CACACCAGACGGCCAATCAT,0,2903587
ompRp3,0.125,7,7,CACAATATAAGGGTCTGGGG,0,2907372
ompRp3,0.125,7,7,CACAAAAGGCGACCGCAATT,0,2876985
ompRp3,0.125,7,7,CAATGTTACGGCTTAAATAC,0,2865639
ompRp3,0.125,7,7,CAAGTGTTCAGTCCAGTGCC,0,2903581
ompRp3,0.125,7,7,CAAGTCCCGGCGATGGAGAT,0,2881445
ompRp3,0.125,7,7,CAAGGGTCTGCCCAACACGT,0,2878489
ompRp3,0.125,7,7,CAAGGATTCTAACTTATGGC,0,2869675
ompRp3,0.125,7,7,CAAGCCAGCTCTGCCGGCTT,0,2874927
ompRp3,0.125,7,7,CAACCGGTGTACGCTCGTGG,0,2905689
ompRp3,0.125,7,7,CAACACATGCATTGCTGATG,0,2864791
ompRp3,0.125,7,7,CAAATTAGCTAATTATGACA,0,2894281
ompRp3,0.125,7,7,CAAATAACGTGGGAGCCCCG,0,2867940
ompRp3,0.125,7,7,CAAAGGTTCTTCCCTCGACA,0,2861419
ompRp3,0.125,7,7,CAAAACACGGAAGCAATATC,0,2870307
ompRp3,0.125,7,7,ATTTTCTACGAAGAATAACA,0,2887006
ompRp3,0.125,7,7,ATTGTGTGTTGTCGTGTAGC,0,2878263
ompRp3,0.125,7,7,ATTCGAACAAGCCGGTTTCA,0,2865631
ompRp3,0.125,7,7,ATTCCAAAAACGATTGTTCC,0,2904231
ompRp3,0.125,7,7,ATTCAGTTGGTAGGCGATGC,0,2900657
ompRp3,0.125,7,7,ATTATTTGTTAATGGTTTGA,0,2903577
ompRp3,0.125,7,7,ATTATGACGACCACTTTTCG,0,2894939
ompRp3,0.125,7,7,ATTACCGTTGTGAACCGCTG,0,2893898
ompRp3,0.125,7,7,ATTACCGGGCATAGTATTCG,0,2873069
ompRp3,0.125,7,7,ATTAATACAGATAGTTTATG,0,2906750
ompRp3,0.125,7,7,ATTAACGCCTCTATAGGTCT,0,2874190
ompRp3,0.125,7,7,ATTAAAGGGTATTGCGAGCG,0,2877878
ompRp3,0.125,7,7,ATGTTGAGCCTTAAGGTGTC,0,2896306
ompRp3,0.125,7,7,ATGTGTCTGGACGCGCTATA,0,2903726
ompRp3,0.125,7,7,ATGTAATTAGAGAAACTTGG,0,2900012
ompRp3,0.125,7,7,ATGGTGGATGCTGAAACGTG,0,2862017
ompRp3,0.125,7,7,ATGGTGAATAACTTTTGTCT,0,2897629
ompRp3,0.125,7,7,ATGGTCGGCCGCAATCGGCG,0,2867336
ompRp3,0.125,7,7,ATGGCACCAGTGACCAGTGG,0,2880550
ompRp3,0.125,7,7,ATGGAGATTAGTTATTATTT,0,2878732
ompRp3,0.125,7,7,ATGCTGTTGCCCGAATTTGG,0,2903405
ompRp3,0.125,7,7,ATGCCATGTCTAAATTGATT,0,2885951
ompRp3,0.125,7,7,ATGCAGCATGTCAAGTCCTA,0,2872438
ompRp3,0.125,7,7,ATGCAAGTGCGGCTGCCCTT,0,2907314
ompRp3,0.125,7,7,ATGACTTGACATAACTAACA,0,2875514
ompRp3,0.125,7,7,ATGACTCCATCACTCTCTAT,0,2868361
ompRp3,0.125,7,7,ATGACGGCGGTTGCCCATGA,0,2880148
ompRp3,0.125,7,7,ATCTTGTTAAAAATCAGTTA,0,2873414
ompRp3,0.125,7,7,ATCTCAACTTCGCGATTATT,0,2898846
ompRp3,0.125,7,7,ATCTAGGAGCGGAGAGGCAA,0,2892880
ompRp3,0.125,7,7,ATCGGTAAAACTCAGAGCCA,0,2889243
ompRp3,0.125,7,7,ATCGCGTGCTTGCCGCGCAA,0,2901536
ompRp3,0.125,7,7,ATCCTACGCAACGTATTCTC,0,2861571
ompRp3,0.125,7,7,ATCCGCGTTTGAATGAAAGC,0,2872593
ompRp3,0.125,7,7,ATCCCGTGCATTGTTGGGAA,0,2892759
ompRp3,0.125,7,7,ATCCCGCATGCACTCACGGA,0,2906309
ompRp3,0.125,7,7,ATCATACGTCGGGGAGCGCA,0,2902244
ompRp3,0.125,7,7,ATCACGTCAAGGAGGATAAA,0,2884371
ompRp3,0.125,7,7,ATCACCCCGGTACCCGTGAT,0,2869882
ompRp3,0.125,7,7,ATATCGCACGGTTGGCCACG,0,2883549
ompRp3,0.125,7,7,ATAGTCTGTTTGATGAGAGG,0,2887725
ompRp3,0.125,7,7,ATAGGCACATGTCTCGGGCT,0,2895594
ompRp3,0.125,7,7,ATAGCTTTAGGGGAGCTTAC,0,2896924
ompRp3,0.125,7,7,ATAGCTGTCATCGGCCGGAG,0,2883712
ompRp3,0.125,7,7,ATAGCCTGTATCGTTACTTT,0,2863595
ompRp3,0.125,7,7,ATAGATCGGCAGATCCCCCC,0,2870741
ompRp3,0.125,7,7,ATAGACTTCTCGAGCAGTCT,0,2890544
ompRp3,0.125,7,7,ATACTTTCGTGACGGGATTG,0,2868920
ompRp3,0.125,7,7,ATACCGACAGCTCTGCTAGA,0,2861893
ompRp3,0.125,7,7,ATACCCGACATCCGGGCCTC,0,2873820
ompRp3,0.125,7,7,ATACCATTCTGCGAAGACTT,0,2860819
ompRp3,0.125,7,7,ATAATCTGAGATGAGTATTT,0,2864808
ompRp3,0.125,7,7,ATAAATGTCAGGCCTCTTCT,0,2899376
ompRp3,0.125,7,7,AGTTTCCATCGGGTCCTTAG,0,2900976
ompRp3,0.125,7,7,AGTTGTGCGGCCAACATTGA,0,2906968
ompRp3,0.125,7,7,AGTTCTCGCCCGTCATGTAA,0,2865037
ompRp3,0.125,7,7,AGTGTGATCAGCATTCGAAC,0,2869204
ompRp3,0.125,7,7,AGTGCTCTCCCGAGGATTTA,0,2866919
ompRp3,0.125,7,7,AGTGATCACTTGGACGCAAA,0,2900820
ompRp3,0.125,7,7,AGTCTCCTGAGTCCGGGGAC,0,2878602
ompRp3,0.125,7,7,AGTCTAAGTCTAAGCTAGCG,0,2887529
ompRp3,0.125,7,7,AGTCGGTTTTATAGCTTACT,0,2868371
ompRp3,0.125,7,7,AGTCCATTGCACGGGGATCC,0,2901966
ompRp3,0.125,7,7,AGTAGGCTGTTGATCGTTTA,0,2897720
ompRp3,0.125,7,7,AGTAGGCGTCTTATGCCTTT,0,2881851
ompRp3,0.125,7,7,AGTAGCTTCTTTAGCAGAAG,0,2887681
ompRp3,0.125,7,7,AGGTGTCCGCAGGGACGTTG,0,2878074
ompRp3,0.125,7,7,AGGTCGCCCGATCTTGGAAT,0,2862541
ompRp3,0.125,7,7,AGGTCACACAGACATCCCAA,0,2889675
ompRp3,0.125,7,7,AGGGTTATTCAATTCTTCAA,0,2893127
ompRp3,0.125,7,7,AGGGTGGACATTAAACTTCG,0,2884009
ompRp3,0.125,7,7,AGGGGCCTGGTGCGCCCAAA,0,2906015
ompRp3,0.125,7,7,AGGGCCAGTGAGGGGAGTGA,0,2868086
ompRp3,0.125,7,7,AGGGCCAGCCCACAAGCAGC,0,2892672
ompRp3,0.125,7,7,AGGGATTCCCGCCTACTGGG,0,2904586
ompRp3,0.125,7,7,AGGGAGCGGAATGAATGTCA,0,2902740
ompRp3,0.125,7,7,AGGCCGGCCCGCGTTTCGAC,0,2893679
ompRp3,0.125,7,7,AGGATTGGTACTACTGCTCA,0,2895472
ompRp3,0.125,7,7,AGGATGTGGCTCGGTCTTCC,0,2881369
ompRp3,0.125,7,7,AGGAGTGATTCTGGGGTGGG,0,2865321
ompRp3,0.125,7,7,AGGAACCGGGTGGCCACCAG,0,2884013
ompRp3,0.125,7,7,AGGAAATAAGTTGGCGATTA,0,2862229
ompRp3,0.125,7,7,AGCTTTAAGTATAAGATTGG,0,2872375
ompRp3,0.125,7,7,AGCTCCCATACATGATGATA,0,2865769
ompRp3,0.125,7,7,AGCGGGACTGACCAACACAC,0,2877096
ompRp3,0.125,7,7,AGCGGATAGCGCCGCGGTTT,0,2871708
ompRp3,0.125,7,7,AGCGCGGTGAGCAGTTTAGA,0,2896535
ompRp3,0.125,7,7,AGCGAGTATTTGGTGATTGA,0,2870433
ompRp3,0.125,7,7,AGCCCGATCTCACCTCTAGG,0,2873601
ompRp3,0.125,7,7,AGCCATGGTTGTGCCCTGTC,0,2862839
ompRp3,0.125,7,7,AGCATCTGGTATGCGTAAAG,0,2901888
ompRp3,0.125,7,7,AGCAGGATCCTGAGGCTAGA,0,2878966
ompRp3,0.125,7,7,AGCACCAACACTTGAGCTGA,0,2863090
ompRp3,0.125,7,7,AGATTTGACCTCTTAGCGTA,0,2869088
ompRp3,0.125,7,7,AGATGGTTAGTCCTTTGTCT,0,2880402
ompRp3,0.125,7,7,AGAGGCCTCAGTAAGCCGGG,0,2892445
ompRp3,0.125,7,7,AGAGCATATTGGCCAATCGA,0,2874326
ompRp3,0.125,7,7,AGAGATGGGCACCGTCTGCG,0,2901742
ompRp3,0.125,7,7,AGAGAGGACCACAATCAATA,0,2888937
ompRp3,0.125,7,7,AGACTGGCGTGAGGCGGATC,0,2876084
ompRp3,0.125,7,7,AGACTCTTGCGCGGTTTTAT,0,2892133
ompRp3,0.125,7,7,AGAATAAGAAGTCTTCCCAG,0,2889321
ompRp3,0.125,7,7,AGAATAACCGATCACGATAC,0,2898481
ompRp3,0.125,7,7,AGAACAGTCCCTTGCCTTGG,0,2876575
ompRp3,0.125,7,7,AGAAAGGGATACCTGGGCGG,0,2899161
ompRp3,0.125,7,7,ACTTGTTGCCAGGCTAATCT,0,2881735
ompRp3,0.125,7,7,ACTTGAGGTATCTGGGAAGT,0,2875496
ompRp3,0.125,7,7,ACTTGAGAGTGCTACCGGGT,0,2875167
ompRp3,0.125,7,7,ACTGGCACCCGACAAGTTAT,0,2894503
ompRp3,0.125,7,7,ACTGCTAGGTCTAAGGTCCC,0,2906364
ompRp3,0.125,7,7,ACTGCACCAAGCGAACTCCA,0,2871504
ompRp3,0.125,7,7,ACTGAAGTTGACTAAAAGGT,0,2899992
ompRp3,0.125,7,7,ACTCTGGTGTCCACCCTCGC,0,2891808
ompRp3,0.125,7,7,ACTCGAAGGGCTCGGACGTG,0,2881276
ompRp3,0.125,7,7,ACTCCGTGACTATTCGTAAC,0,2896029
ompRp3,0.125,7,7,ACTCCCGAACCACGCGGATC,0,2867460
ompRp3,0.125,7,7,ACTATTTATCAATTGCCAAA,0,2899096
ompRp3,0.125,7,7,ACTATGCCACTAGGTTGCTG,0,2862012
ompRp3,0.125,7,7,ACTACTTTCCTGCGTGGATA,0,2903284
ompRp3,0.125,7,7,ACGTTAGATGGTCGGTACTT,0,2902098
ompRp3,0.125,7,7,ACGTGTGTACCGCCTCACTA,0,2903535
ompRp3,0.125,7,7,ACGTGGCTGACAGATATATT,0,2885102
ompRp3,0.125,7,7,ACGTGCTGAGGTGGCGTACT,0,2896974
ompRp3,0.125,7,7,ACGTAGACATAATATATAGA,0,2878522
ompRp3,0.125,7,7,ACGGTCCCGGGTACCTATTA,0,2863192
ompRp3,0.125,7,7,ACGGGTGGCTTTGCGAACTA,0,2899469
ompRp3,0.125,7,7,ACGGGGTCACTTCATATGAC,0,2902732
ompRp3,0.125,7,7,ACGGGGGGGATGGATTCAGT,0,2882474
ompRp3,0.125,7,7,ACGGGGATACGGTGGTCGAG,0,2904008
ompRp3,0.125,7,7,ACGGGACGCATGTGGTGGTG,0,2894996
ompRp3,0.125,7,7,ACGGCTTGTAAGGTAGGTTG,0,2898552
ompRp3,0.125,7,7,ACGCGTCAAGATTACACTAG,0,2865405
ompRp3,0.125,7,7,ACGCGGGAAATTAGTACGTT,0,2901947
ompRp3,0.125,7,7,ACGCCGAGCGTCTAAAGGCA,0,2895157
ompRp3,0.125,7,7,ACGCATAGAAAGGCCCTCGG,0,2902402
ompRp3,0.125,7,7,ACGATGACGAGGGTCGTTGA,0,2882334
ompRp3,0.125,7,7,ACGAAGACCAAATTGTTAAA,0,2892477
ompRp3,0.125,7,7,ACCTTTTTTCGCGTTCCCAT,0,2872771
ompRp3,0.125,7,7,ACCTTGCAGCCGTTCAGACT,0,2869919
ompRp3,0.125,7,7,ACCTGATAGGCAGAGCCACT,0,2864360
ompRp3,0.125,7,7,ACCTCGCGGCCCCGCAACGC,0,2866646
ompRp3,0.125,7,7,ACCTCATTTACACAGCATGG,0,2881236
ompRp3,0.125,7,7,ACCTAGGGTGGGTTCTATCA,0,2889962
ompRp3,0.125,7,7,ACCGTTTTGAACTCGCGACC,0,2861576
ompRp3,0.125,7,7,ACCGTGCGCATACAGAGCGA,0,2863188
ompRp3,0.125,7,7,ACCGACCCGGTCGGGTGGAT,0,2899295
ompRp3,0.125,7,7,ACCGACCCCCGTCTCGGGTA,0,2905030
ompRp3,0.125,7,7,ACCCTATAGCTGGTATTTCT,0,2869009
ompRp3,0.125,7,7,ACCCGCACTCGATTAGCATG,0,2875915
ompRp3,0.125,7,7,ACCCCAATCGGGCAAGAGAG,0,2865643
ompRp3,0.125,7,7,ACCAGTATGAGCTGTGGATG,0,2892436
ompRp3,0.125,7,7,ACCAGGGAATCTCGTCTCTA,0,2893923
ompRp3,0.125,7,7,ACCAGACTCAGTGAGACAGC,0,2903419
ompRp3,0.125,7,7,ACCAGAACGCAGAAGAGGCC,0,2900319
ompRp3,0.125,7,7,ACATTCTCGTTAATTTCAAA,0,2900649
ompRp3,0.125,7,7,ACATGTTTGCACATAAGGGT,0,2871560
ompRp3,0.125,7,7,ACATACGCGGCTGAAGGGCT,0,2900400
ompRp3,0.125,7,7,ACAGCTTAGGTCGAGTAAGG,0,2899429
ompRp3,0.125,7,7,ACAGATTTACACAGAGGATC,0,2905990
ompRp3,0.125,7,7,ACAGATGCACCTAGGAATAA,0,2888705
ompRp3,0.125,7,7,ACACTTGAAACGCACTGCTT,0,2882080
ompRp3,0.125,7,7,ACACTTAACCGGTTAGATCC,0,2879873
ompRp3,0.125,7,7,ACAATGATTTCTCAATTGTA,0,2888139
ompRp3,0.125,7,7,ACAATACTGGAATAGTGGCA,0,2885073
ompRp3,0.125,7,7,ACAAGCTGGCACCCAAAATC,0,2874230
ompRp3,0.125,7,7,ACAACCGGGCGCTTATATGA,0,2880793
ompRp3,0.125,7,7,AATTTTCCCTTACAGTGCCA,0,2880854
ompRp3,0.125,7,7,AATTCTTTAGTCGTCCGGAG,0,2886271
ompRp3,0.125,7,7,AATTATACCTTCTCGCCCTG,0,2903042
ompRp3,0.125,7,7,AATTAACCGCGGGATCGTTA,0,2904792
ompRp3,0.125,7,7,AATGGGGCTAGTTCTTCCAC,0,2872305
ompRp3,0.125,7,7,AATAAAGAGTCAAGACAGGA,0,2886947
ompRp3,0.125,7,7,AAGTTCAGTTATGACCTGAT,0,2893681
ompRp3,0.125,7,7,AAGTTAGCTACGTCAGGCGC,0,2905338
ompRp3,0.125,7,7,AAGGCGGGTGCCTGGTCAAG,0,2863019
ompRp3,0.125,7,7,AAGGACAGTGCATGCACTCT,0,2875988
ompRp3,0.125,7,7,AAGCGCTCAACAAGGCTTGG,0,2887028
ompRp3,0.125,7,7,AAGCCCCCCATGGCGTTCAG,0,2866475
ompRp3,0.125,7,7,AAGCCAGCGATTTGTAACGT,0,2886295
ompRp3,0.125,7,7,AAGCCAAAATGGTGAAGCCA,0,2904030
ompRp3,0.125,7,7,AAGCACGGCACGGCAAGTGG,0,2898951
ompRp3,0.125,7,7,AAGATGCAGAAATCTGGGTG,0,2888094
ompRp3,0.125,7,7,AAGATGATGTATTAACTCGT,0,2878534
ompRp3,0.125,7,7,AAGAGATCACGGTGACGAGA,0,2867073
ompRp3,0.125,7,7,AAGAGACACTGCTTGAGGCC,0,2862269
ompRp3,0.125,7,7,AAGAAAAAACGATTATAACG,0,2900156
ompRp3,0.125,7,7,AACTTGTACGGTATATAGGA,0,2865057
ompRp3,0.125,7,7,AACTGGTATGATTGCTTCTA,0,2864125
ompRp3,0.125,7,7,AACTCGGATATATTGGAGGA,0,2904360
ompRp3,0.125,7,7,AACTCACTCAAAACGCATAC,0,2862329
ompRp3,0.125,7,7,AACTATTAAAAGGCGCAGAG,0,2904923
ompRp3,0.125,7,7,AACTATGTGATACAAACAAT,0,2881057
ompRp3,0.125,7,7,AACGTGAGGCTTTCGCTCTT,0,2896863
ompRp3,0.125,7,7,AACGGAGGCTAAGTATTGGA,0,2869524
ompRp3,0.125,7,7,AACGGACAGGAATCGGGGCA,0,2902934
ompRp3,0.125,7,7,AACGCAGTACCAGGGTGGGG,0,2891617
ompRp3,0.125,7,7,AACGAGGGTTTTTGATACAA,0,2884519
ompRp3,0.125,7,7,AACGAATTTGCCCTCTAAGA,0,2885685
ompRp3,0.125,7,7,AACGAATACTCGGGACTGTG,0,2881128
ompRp3,0.125,7,7,AACCGTGTGATAGCGATTGC,0,2896119
ompRp3,0.125,7,7,AACCAGGAGCGCGGATAGCT,0,2897482
ompRp3,0.125,7,7,AACATGCAGTGGACGGTAAG,0,2884963
ompRp3,0.125,7,7,AACAGGGTTCTCACCGGTCC,0,2879932
ompRp3,0.125,7,7,AAATGAAAACATCTCGCCTG,0,2865961
ompRp3,0.125,7,7,AAATATTTGGACGCTAGATT,0,2867952
ompRp3,0.125,7,7,AAAGTAAGCTACGCCGCGAT,0,2893352
ompRp3,0.125,7,7,AAAGGACCGGCATCAAAGGG,0,2885568
ompRp3,0.125,7,7,AAAGCTATATGAAAACGAGA,0,2898280
ompRp3,0.125,7,7,AAAGCGTACGCTCTCGAATC,0,2875425
ompRp3,0.125,7,7,AAAGCGCAGCAATGATGTAA,0,2888584
ompRp3,0.125,7,7,AAAGAAATTATTAAGACGGA,0,2899037
ompRp3,0.125,7,7,AAACGGTCTTTGAAGGCATA,0,2887751
ompRp3,0.125,7,7,AAAACACGCGTAGACAACCT,0,2905416
ompRp3,0.14285714285714285,6,6,TTTTGGCCGGGCATGGATGC,0,2861640
ompRp3,0.14285714285714285,6,6,TTTTGGCAGTTAGTGGAAAT,0,2879611
ompRp3,0.14285714285714285,6,6,TTTTGAAATCTCTCACGGAT,0,2884325
ompRp3,0.14285714285714285,6,6,TTTTATATTCTTGGCTATGG,0,2873084
ompRp3,0.14285714285714285,6,6,TTTGGTGTTAGAGATGGGGC,0,2884700
ompRp3,0.14285714285714285,6,6,TTTGGCTGGTTTCTATCTAT,0,2874032
ompRp3,0.14285714285714285,6,6,TTTGGATATTGGAGACGAGA,0,2875713
ompRp3,0.14285714285714285,6,6,TTTGAATCGGATAGTCTTGA,0,2862674
ompRp3,0.14285714285714285,6,6,TTTCTGCGCGAAATCAAGGA,0,2885747
ompRp3,0.14285714285714285,6,6,TTTCGTAATGGGCATTGGGT,0,2883694
ompRp3,0.14285714285714285,6,6,TTTCGGTGCTCCTAACGCCA,0,2882739
ompRp3,0.14285714285714285,6,6,TTTCCCAGGTGCAGGCACAT,0,2866662
ompRp3,0.14285714285714285,6,6,TTTCCACAGCAAAGCTACAG,0,2875933
ompRp3,0.14285714285714285,6,6,TTTATGACGTCTTGTCACCC,0,2890101
ompRp3,0.14285714285714285,6,6,TTTACTTTTTCGGTCATAAT,0,2886884
ompRp3,0.14285714285714285,6,6,TTTACTAGAAGTTTTCCAAC,0,2867806
ompRp3,0.14285714285714285,6,6,TTGTTGCTTTGGCCCCAATA,0,2880858
ompRp3,0.14285714285714285,6,6,TTGTTCTGACGCTGGGATTC,0,2864028
ompRp3,0.14285714285714285,6,6,TTGTCCCTCAGACAAGCAGT,0,2892735
ompRp3,0.14285714285714285,6,6,TTGTATTATATTGGGATATC,0,2880675
ompRp3,0.14285714285714285,6,6,TTGGTGCCAGTGTTCGAGTT,0,2884406
ompRp3,0.14285714285714285,6,6,TTGGGTTTCAGGCACGGGGA,0,2865710
ompRp3,0.14285714285714285,6,6,TTGGGTTACCGTGTCAAACC,0,2883489
ompRp3,0.14285714285714285,6,6,TTGGAACAGGCCGTCATTAC,0,2899160
ompRp3,0.14285714285714285,6,6,TTGCACGGGCGGTACGGTTT,0,2867664
ompRp3,0.14285714285714285,6,6,TTGAGCGCGATCGGCATCTT,0,2874893
ompRp3,0.14285714285714285,6,6,TTGACAAGTTTGCTAGTAAA,0,2865893
ompRp3,0.14285714285714285,6,6,TTGAAAGACATGTACAGGGA,0,2870536
ompRp3,0.14285714285714285,6,6,TTCTTATCGAAGCAGGTCGC,0,2885176
ompRp3,0.14285714285714285,6,6,TTCTCTGGTCTAGACCTGGC,0,2900530
ompRp3,0.14285714285714285,6,6,TTCGTACGTCAATTAGTAGA,0,2877752
ompRp3,0.14285714285714285,6,6,TTCGCGCAGTCGATGTCGGT,0,2903088
ompRp3,0.14285714285714285,6,6,TTCGCCCTGATCACTGGAGC,0,2902857
ompRp3,0.14285714285714285,6,6,TTCGAAGCACCACTTCTAAT,0,2862829
ompRp3,0.14285714285714285,6,6,TTCCTTATTTCATTTAATAA,0,2895227
ompRp3,0.14285714285714285,6,6,TTCCTTACCTGCCACTCTAT,0,2876861
ompRp3,0.14285714285714285,6,6,TTCCTGACGCCACATTTTCA,0,2883237
ompRp3,0.14285714285714285,6,6,TTCCTCGGGTACGGTACTCA,0,2906400
ompRp3,0.14285714285714285,6,6,TTCCGTGTTGTTCTTCGCAA,0,2870759
ompRp3,0.14285714285714285,6,6,TTCCCCTGTACCCGTAGCTC,0,2869360
ompRp3,0.14285714285714285,6,6,TTCCCAACGCACACAAACAC,0,2874153
ompRp3,0.14285714285714285,6,6,TTCCATGTCAGTAACGGGCA,0,2867668
ompRp3,0.14285714285714285,6,6,TTCCACCTGTGAACTAAGGT,0,2870250
ompRp3,0.14285714285714285,6,6,TTCATACAATAGCAACCTTG,0,2904643
ompRp3,0.14285714285714285,6,6,TTCAGGGCGGCAATTGGCAG,0,2904491
ompRp3,0.14285714285714285,6,6,TTCAGATGCGTGCCATCGGG,0,2897390
ompRp3,0.14285714285714285,6,6,TTATTTGATCCCAGAGGGGT,0,2874828
ompRp3,0.14285714285714285,6,6,TTATTGTGCGGACTAAATCC,0,2873708
ompRp3,0.14285714285714285,6,6,TTATCTAACTTTAACGCACC,0,2872733
ompRp3,0.14285714285714285,6,6,TTATCCTAATTCCGATTTCA,0,2861194
ompRp3,0.14285714285714285,6,6,TTAGACCTCAGGCTCGAATC,0,2888009
ompRp3,0.14285714285714285,6,6,TTACTTTAACTGCACTTGTC,0,2902192
ompRp3,0.14285714285714285,6,6,TTACGCGTGGATAGTCCGGA,0,2886043
ompRp3,0.14285714285714285,6,6,TTAAAAGCTTTAAGGTTCAG,0,2869318
ompRp3,0.14285714285714285,6,6,TTAAAAATACGTGACGATCC,0,2892321
ompRp3,0.14285714285714285,6,6,TGTTGAGTGGTCTTACAACA,0,2881002
ompRp3,0.14285714285714285,6,6,TGTCGCGTCGGCAGTTCTAG,0,2875113
ompRp3,0.14285714285714285,6,6,TGTATCAACGTACGTACCAA,0,2864042
ompRp3,0.14285714285714285,6,6,TGTATAGTTTCGTATCCACC,0,2899539
ompRp3,0.14285714285714285,6,6,TGTACAGATGCTGAGAAGAC,0,2874276
ompRp3,0.14285714285714285,6,6,TGTAAGCTGACATCAAGAGT,0,2900678
ompRp3,0.14285714285714285,6,6,TGTAACGCCGTGGAGTTACA,0,2871615
ompRp3,0.14285714285714285,6,6,TGTAAAAGCAGGCCACCTGG,0,2868685
ompRp3,0.14285714285714285,6,6,TGGTGCTCCAAGCCACTTAC,0,2894551
ompRp3,0.14285714285714285,6,6,TGGTATGCTAGATTGAATGA,0,2897583
ompRp3,0.14285714285714285,6,6,TGGTATCCCGGCCGACTTCT,0,2877075
ompRp3,0.14285714285714285,6,6,TGGTAAACAACGGTTTAGTA,0,2872902
ompRp3,0.14285714285714285,6,6,TGGGTGGACTCGATCATAGC,0,2864112
ompRp3,0.14285714285714285,6,6,TGGGTAACCCCGCCAATGAA,0,2885380
ompRp3,0.14285714285714285,6,6,TGGGGCCGGTATCGGCAGTA,0,2868172
ompRp3,0.14285714285714285,6,6,TGGCCGTGGCATAGTGCCCC,0,2901220
ompRp3,0.14285714285714285,6,6,TGGATAAAGCGGGCCTAGGG,0,2880535
ompRp3,0.14285714285714285,6,6,TGGAACCTGCCAGGGCATCG,0,2893208
ompRp3,0.14285714285714285,6,6,TGCTTTGGCACGCAATTGTA,0,2866947
ompRp3,0.14285714285714285,6,6,TGCTGTTGGCCTCCGGTAAT,0,2899228
ompRp3,0.14285714285714285,6,6,TGCTGAGTATGGTAACATAC,0,2863552
ompRp3,0.14285714285714285,6,6,TGCTCCTCTTATGGTAAGAA,0,2899956
ompRp3,0.14285714285714285,6,6,TGCTCCCAAGACGACAAATG,0,2897207
ompRp3,0.14285714285714285,6,6,TGCGGTCTTGGGGGAGGTTT,0,2866378
ompRp3,0.14285714285714285,6,6,TGCGATATCTTACATGTCAT,0,2878050
ompRp3,0.14285714285714285,6,6,TGCGAACGCATGTAGGACTT,0,2869592
ompRp3,0.14285714285714285,6,6,TGCCTTAGTGAGTGGGCCTC,0,2868093
ompRp3,0.14285714285714285,6,6,TGCCTGGACCGCGCGTCAGC,0,2871236
ompRp3,0.14285714285714285,6,6,TGCCTAGAGCTGATGCCATT,0,2873487
ompRp3,0.14285714285714285,6,6,TGCCGTCTGCGCGGGCGGAC,0,2882734
ompRp3,0.14285714285714285,6,6,TGCAGATAGTAGGCATAAAA,0,2904944
ompRp3,0.14285714285714285,6,6,TGCAAGACTGTGTTCTGTAC,0,2869611
ompRp3,0.14285714285714285,6,6,TGCAACTACCCATCAGCTTA,0,2872819
ompRp3,0.14285714285714285,6,6,TGCAACGGATAGTAGAAGAT,0,2866146
ompRp3,0.14285714285714285,6,6,TGATCTGATTAATGAGGTAC,0,2900234
ompRp3,0.14285714285714285,6,6,TGATATGCTCGAATAGCTGT,0,2885226
ompRp3,0.14285714285714285,6,6,TGAGTTCCGATATCTCATCA,0,2889994
ompRp3,0.14285714285714285,6,6,TGAGGACCTGTTGAGCCTTT,0,2876577
ompRp3,0.14285714285714285,6,6,TGAGAGAATCTATAGCTAAC,0,2876287
ompRp3,0.14285714285714285,6,6,TGACTCACTTAAGAGGGGTC,0,2863667
ompRp3,0.14285714285714285,6,6,TGACGGGCGCTTTGAGGACA,0,2879888
ompRp3,0.14285714285714285,6,6,TGACCATTACACTCATTCAT,0,2875603
ompRp3,0.14285714285714285,6,6,TGACATGGCGACAGCGGATG,0,2896769
ompRp3,0.14285714285714285,6,6,TGAACTGTGGTGGGCATGTG,0,2901457
ompRp3,0.14285714285714285,6,6,TGAACCCCTAATTGAAGCGT,0,2903053
ompRp3,0.14285714285714285,6,6,TGAAAGGCGGCTAATGCCCC,0,2875396
ompRp3,0.14285714285714285,6,6,TCTTCGTATAGGTGTTTTTC,0,2898842
ompRp3,0.14285714285714285,6,6,TCTGTTCGCGTCAACGTTAA,0,2885180
ompRp3,0.14285714285714285,6,6,TCTGTGCGAACAGCCGCAGC,0,2877213
ompRp3,0.14285714285714285,6,6,TCTGTGATATCCGTAGATCG,0,2888443
ompRp3,0.14285714285714285,6,6,TCTGGGTGTCCTTATCGTCA,0,2863525
ompRp3,0.14285714285714285,6,6,TCTGGGCAACATTGAGGCTA,0,2883134
ompRp3,0.14285714285714285,6,6,TCTGGCCGAAGCCTAAATGA,0,2876682
ompRp3,0.14285714285714285,6,6,TCTGCAATTCCTTCTATTGA,0,2895714
ompRp3,0.14285714285714285,6,6,TCTGAAGTGTACGTCAGGCT,0,2886956
ompRp3,0.14285714285714285,6,6,TCTCGTTCGCGAGCATATCC,0,2907093
ompRp3,0.14285714285714285,6,6,TCTCGGGACATTAGAGAAAC,0,2871398
ompRp3,0.14285714285714285,6,6,TCTCAGCCGGGGCTGATTTG,0,2903732
ompRp3,0.14285714285714285,6,6,TCGTTATCCCGGAGGGCGAA,0,2893569
ompRp3,0.14285714285714285,6,6,TCGTGGTTTCGTAACTAACA,0,2864329
ompRp3,0.14285714285714285,6,6,TCGTCGCAGAAGACCGGGAT,0,2894795
ompRp3,0.14285714285714285,6,6,TCGTACATTGGGTCCAGCTT,0,2872955
ompRp3,0.14285714285714285,6,6,TCGGTTCGACTGCATTTCTC,0,2883716
ompRp3,0.14285714285714285,6,6,TCGGGGTACTGTGCCCCCGC,0,2896015
ompRp3,0.14285714285714285,6,6,TCGGGACACCGGCCCCCGTC,0,2869076
ompRp3,0.14285714285714285,6,6,TCGGGAATGCGCATAATGTT,0,2876349
ompRp3,0.14285714285714285,6,6,TCGGCGTCTTCGTTAAATTA,0,2901393
ompRp3,0.14285714285714285,6,6,TCGCTTCGGAGCAATTGTGT,0,2899605
ompRp3,0.14285714285714285,6,6,TCGCTGATACGGAAAAATCT,0,2870280
ompRp3,0.14285714285714285,6,6,TCGCTCGCAGCAATGGGAGC,0,2875202
ompRp3,0.14285714285714285,6,6,TCGCCTTGTTAGACCGGGGC,0,2880649
ompRp3,0.14285714285714285,6,6,TCGATGGTGGCGCCATATCT,0,2897335
ompRp3,0.14285714285714285,6,6,TCGAGCCTGAAATATATGGT,0,2873306
ompRp3,0.14285714285714285,6,6,TCGACAAGCGACTCGCAGAT,0,2886672
ompRp3,0.14285714285714285,6,6,TCCTGGGCCATTCGGCCCCG,0,2891557
ompRp3,0.14285714285714285,6,6,TCCGTATATCAACGGGTAAG,0,2863687
ompRp3,0.14285714285714285,6,6,TCCGGTCCGGTTAGCCCTTT,0,2891890
ompRp3,0.14285714285714285,6,6,TCCGGGAACAAGTGCGGCGA,0,2869779
ompRp3,0.14285714285714285,6,6,TCCCTCGCAGGCAGCGGTCT,0,2874878
ompRp3,0.14285714285714285,6,6,TCCCTAGTAGTCCTCACAAC,0,2882163
ompRp3,0.14285714285714285,6,6,TCCCATGCCGATTGACCGGG,0,2899353
ompRp3,0.14285714285714285,6,6,TCCCAGTATCGAAGGTCCTC,0,2893896
ompRp3,0.14285714285714285,6,6,TCCATCCTGAACTTATGTGT,0,2884773
ompRp3,0.14285714285714285,6,6,TCCAGGTCAAGTTGTATGTC,0,2902466
ompRp3,0.14285714285714285,6,6,TCCAGCTCCCAAAGACAGTT,0,2903756
ompRp3,0.14285714285714285,6,6,TCCACGATAAATAGGTCCAA,0,2867615
ompRp3,0.14285714285714285,6,6,TCCACATACTGCAGGGTATA,0,2870483
ompRp3,0.14285714285714285,6,6,TCCAAAATGCTGGAAATCCA,0,2883650
ompRp3,0.14285714285714285,6,6,TCATGTCAGGTTAACTCCTG,0,2873854
ompRp3,0.14285714285714285,6,6,TCATGTAGGTGAGCTGCTAC,0,2875532
ompRp3,0.14285714285714285,6,6,TCATATTGCAGCTTTCTCGG,0,2901202
ompRp3,0.14285714285714285,6,6,TCAGTGGGGCTTCCATCAGG,0,2898616
ompRp3,0.14285714285714285,6,6,TCAGTCCGTGGAAAAGCTTT,0,2901794
ompRp3,0.14285714285714285,6,6,TCAGGTTGCTAGGGCGGAAG,0,2887111
ompRp3,0.14285714285714285,6,6,TCAGGTTAGTCGGCGGAAGA,0,2887569
ompRp3,0.14285714285714285,6,6,TCAGGCAGAAGGGATGGGAT,0,2899771
ompRp3,0.14285714285714285,6,6,TCAGATGTGCGGACGGGTTC,0,2864419
ompRp3,0.14285714285714285,6,6,TCAGATCAAGGTGTTATAGG,0,2906413
ompRp3,0.14285714285714285,6,6,TCAGAGGGGGGAGTAGTCAA,0,2897727
ompRp3,0.14285714285714285,6,6,TCACTTAGTAGTTACGACAG,0,2884771
ompRp3,0.14285714285714285,6,6,TCACTCCGTCACAGCAATAG,0,2871362
ompRp3,0.14285714285714285,6,6,TCACTACGGTGTTTCGAGGA,0,2883301
ompRp3,0.14285714285714285,6,6,TCACGAAGGGCTGCCTTGCG,0,2872562
ompRp3,0.14285714285714285,6,6,TCACCTCGGCGAATGAGAAA,0,2876068
ompRp3,0.14285714285714285,6,6,TCAATTCCTTGTTGCGAGTC,0,2897627
ompRp3,0.14285714285714285,6,6,TCAAGCCGGCAGGGTAACCT,0,2872518
ompRp3,0.14285714285714285,6,6,TCAACCCAACCGATTCTGAG,0,2874520
ompRp3,0.14285714285714285,6,6,TCAACACGGCCGGATCAATT,0,2887338
ompRp3,0.14285714285714285,6,6,TATTGGGTCGGGGCGAGAAT,0,2904179
ompRp3,0.14285714285714285,6,6,TATTGGATGCAATGGGCAAA,0,2900509
ompRp3,0.14285714285714285,6,6,TATTATAAGACGTAACACGA,0,2875778
ompRp3,0.14285714285714285,6,6,TATGTGGGGGTACGGGTTGT,0,2898429
ompRp3,0.14285714285714285,6,6,TATGTAAAGTTTTAGCAGGG,0,2906170
ompRp3,0.14285714285714285,6,6,TATGCAATTGGTAGTTAATT,0,2897951
ompRp3,0.14285714285714285,6,6,TATGCAATGAAACCGGGATA,0,2889922
ompRp3,0.14285714285714285,6,6,TATGAAAGTGTCGGATTCTG,0,2873003
ompRp3,0.14285714285714285,6,6,TATCTGGTGTCCTGCGTAGG,0,2872012
ompRp3,0.14285714285714285,6,6,TATCCGACCAGAAGGGATGT,0,2865883
ompRp3,0.14285714285714285,6,6,TATCCCGCGCTGGATACCTG,0,2866093
ompRp3,0.14285714285714285,6,6,TATCAAGCGTAGTTGAGTCT,0,2886384
ompRp3,0.14285714285714285,6,6,TATAGGCCGTTCAGCCGAAC,0,2879556
ompRp3,0.14285714285714285,6,6,TATAGGCAGAGCTAGGGGCA,0,2886069
ompRp3,0.14285714285714285,6,6,TATAGCGGGAGCGTTTATCG,0,2895290
ompRp3,0.14285714285714285,6,6,TATACAACTCCATCTGGGGG,0,2869240
ompRp3,0.14285714285714285,6,6,TATAAGTATAGACTGAGTCT,0,2864691
ompRp3,0.14285714285714285,6,6,TAGTGCGACAATAGATAAAG,0,2866640
ompRp3,0.14285714285714285,6,6,TAGGGTATAACGCTAATGCC,0,2868141
ompRp3,0.14285714285714285,6,6,TAGGGCCTGCTAAAGGACAG,0,2873638
ompRp3,0.14285714285714285,6,6,TAGGACGTACGTAGGGGGCT,0,2866967
ompRp3,0.14285714285714285,6,6,TAGCTTACTGCGCCGGTGTC,0,2888483
ompRp3,0.14285714285714285,6,6,TAGCGAAGCGGGGACCGGCA,0,2898859
ompRp3,0.14285714285714285,6,6,TAGCCGGACTCGTATGGGAC,0,2872298
ompRp3,0.14285714285714285,6,6,TAGCATGGGATAGGTGTAGT,0,2893566
ompRp3,0.14285714285714285,6,6,TAGCAGTACACGGCGCGTTT,0,2906306
ompRp3,0.14285714285714285,6,6,TAGCAGGTAATAATACGAAC,0,2881646
ompRp3,0.14285714285714285,6,6,TACTTTGGATCTAACACGTC,0,2902497
ompRp3,0.14285714285714285,6,6,TACTGGTTGTTTGCATCTCA,0,2875097
ompRp3,0.14285714285714285,6,6,TACTCACCAACATACTCGTC,0,2903018
ompRp3,0.14285714285714285,6,6,TACGTTTGTCCGCCCTCAGG,0,2888301
ompRp3,0.14285714285714285,6,6,TACGTAGCAATGCGCACAGC,0,2877753
ompRp3,0.14285714285714285,6,6,TACGCCGACCGATTGTCTTA,0,2867259
ompRp3,0.14285714285714285,6,6,TACCTGGGGTTAAGCCTTAA,0,2900872
ompRp3,0.14285714285714285,6,6,TACACGTGTGGGCTCTCGAT,0,2869700
ompRp3,0.14285714285714285,6,6,TAATTATATACATCAGTACT,0,2895186
ompRp3,0.14285714285714285,6,6,TAATGGTTATAATTCGTGAC,0,2875839
ompRp3,0.14285714285714285,6,6,TAATGAGGGTCAGGTATTGG,0,2884823
ompRp3,0.14285714285714285,6,6,TAATCTCGCCGGACTTTATG,0,2888210
ompRp3,0.14285714285714285,6,6,TAATAACGAAGGCACGCAAG,0,2900362
ompRp3,0.14285714285714285,6,6,TAAGTAAGTTTTCGTTGTGG,0,2876351
ompRp3,0.14285714285714285,6,6,TAAGGCACATCAACATACCA,0,2896381
ompRp3,0.14285714285714285,6,6,TAAGGCACAGTCTTTTGTTG,0,2882762
ompRp3,0.14285714285714285,6,6,TAACTCCATCAGATGTTAGT,0,2898702
ompRp3,0.14285714285714285,6,6,TAACGTCCTATCATGCTAAT,0,2875280
ompRp3,0.14285714285714285,6,6,TAACCGATGATAAAGCATCG,0,2892277
ompRp3,0.14285714285714285,6,6,TAACATTTCGATACTCCAGC,0,2899564
ompRp3,0.14285714285714285,6,6,TAACAGCGGTGACTTGCTCA,0,2879231
ompRp3,0.14285714285714285,6,6,GTTTTTCTTAGGCAGGGAAA,0,2873745
ompRp3,0.14285714285714285,6,6,GTTTTTCTCGACCTCATGTC,0,2899882
ompRp3,0.14285714285714285,6,6,GTTTTTACGTGAATACTCAG,0,2879287
ompRp3,0.14285714285714285,6,6,GTTTGGCTACACGGGTATCG,0,2889630
ompRp3,0.14285714285714285,6,6,GTTTCGGACGAGCTAATTAT,0,2868954
ompRp3,0.14285714285714285,6,6,GTTTCCCACAGATACAAGTA,0,2898035
ompRp3,0.14285714285714285,6,6,GTTGTCACGACTACGAGTTA,0,2867155
ompRp3,0.14285714285714285,6,6,GTTGTATGAATTTTGGACCC,0,2867233
ompRp3,0.14285714285714285,6,6,GTTGGGTCCATTATTCCCGT,0,2907186
ompRp3,0.14285714285714285,6,6,GTTGGGGGCTGTGAGTGGAA,0,2874378
ompRp3,0.14285714285714285,6,6,GTTGGCGATCGAATTGACAG,0,2878637
ompRp3,0.14285714285714285,6,6,GTTCGTACTGGGCTTGTCGT,0,2904771
ompRp3,0.14285714285714285,6,6,GTTCATATTGCTCCCAGCTG,0,2878315
ompRp3,0.14285714285714285,6,6,GTTATCCGAGGTTGTGCAAA,0,2874237
ompRp3,0.14285714285714285,6,6,GTTAGTATCTTGCGGGTCAC,0,2902256
ompRp3,0.14285714285714285,6,6,GTTAGGGAGAGTTTGCTGTT,0,2896010
ompRp3,0.14285714285714285,6,6,GTTACTTCCGCGCTTAGGCG,0,2885216
ompRp3,0.14285714285714285,6,6,GTTAATATTTGGCCGGTCTG,0,2863273
ompRp3,0.14285714285714285,6,6,GTGTTGCACAACATTTTTTC,0,2872212
ompRp3,0.14285714285714285,6,6,GTGTGGTAGGGGGGAATTTT,0,2882887
ompRp3,0.14285714285714285,6,6,GTGTCTGGTGGAGTGCGCCA,0,2873120
ompRp3,0.14285714285714285,6,6,GTGTCGTAGCGGTTTCAGAC,0,2894535
ompRp3,0.14285714285714285,6,6,GTGTAGTCATGTAAGCGAAT,0,2903500
ompRp3,0.14285714285714285,6,6,GTGTAATCTCGAGACCGGGG,0,2896005
ompRp3,0.14285714285714285,6,6,GTGGTAAAGTACGAGTCTAT,0,2863790
ompRp3,0.14285714285714285,6,6,GTGGGGCACAGGGTGCTGCG,0,2866700
ompRp3,0.14285714285714285,6,6,GTGGGCCATGATACGCGCGA,0,2873807
ompRp3,0.14285714285714285,6,6,GTGGGAGACGTCAAGATATG,0,2871025
ompRp3,0.14285714285714285,6,6,GTGGCATATTCTCCAAATTA,0,2872543
ompRp3,0.14285714285714285,6,6,GTGGATGCTCCTCGGTACGA,0,2902821
ompRp3,0.14285714285714285,6,6,GTGGACATGGTTCGAACGAT,0,2901505
ompRp3,0.14285714285714285,6,6,GTGGAACCGTAAGAGAGGAA,0,2866809
ompRp3,0.14285714285714285,6,6,GTGCTAATTGGGGCGTAGAG,0,2878127
ompRp3,0.14285714285714285,6,6,GTGCCTGGTATAGACATATG,0,2898299
ompRp3,0.14285714285714285,6,6,GTGCCTAGTACGTCTAATGG,0,2891139
ompRp3,0.14285714285714285,6,6,GTGCCCCTAAGCGTATTAGG,0,2896867
ompRp3,0.14285714285714285,6,6,GTGATTGAATAACAACCTTC,0,2907525
ompRp3,0.14285714285714285,6,6,GTGATCAGGAGTGAGCGGTC,0,2899348
ompRp3,0.14285714285714285,6,6,GTGAGGTTAGGCCGACTCGG,0,2891482
ompRp3,0.14285714285714285,6,6,GTGAGATTCGATACGTAGTG,0,2892289
ompRp3,0.14285714285714285,6,6,GTCTTTGTTGCCGACTTGAT,0,2895344
ompRp3,0.14285714285714285,6,6,GTCTGACTGCTCATGTAGAT,0,2868272
ompRp3,0.14285714285714285,6,6,GTCTCTAGCTAGGCCATCGT,0,2903370
ompRp3,0.14285714285714285,6,6,GTCTCGGCAACTGCCGTATT,0,2871618
ompRp3,0.14285714285714285,6,6,GTCGTTAGATGGCAACCTAG,0,2887032
ompRp3,0.14285714285714285,6,6,GTCGGTCAGTATCATCCAAA,0,2904915
ompRp3,0.14285714285714285,6,6,GTCGCCGATGTTGGCCGCCA,0,2896919
ompRp3,0.14285714285714285,6,6,GTCGACGCGGGTACTGCCAC,0,2861418
ompRp3,0.14285714285714285,6,6,GTCCCTAGTTGCACCGGAGC,0,2871094
ompRp3,0.14285714285714285,6,6,GTCCCCACCGTGATAGTAGT,0,2871603
ompRp3,0.14285714285714285,6,6,GTCCAAATGAACGTTAAACA,0,2892914
ompRp3,0.14285714285714285,6,6,GTCATTCTTACGCGCATGCA,0,2905875
ompRp3,0.14285714285714285,6,6,GTCAGTATTACGGTACGGAT,0,2877971
ompRp3,0.14285714285714285,6,6,GTCAGGCCTATCCTTGATTA,0,2896978
ompRp3,0.14285714285714285,6,6,GTCACGCTCGTTAGATGGAT,0,2898498
ompRp3,0.14285714285714285,6,6,GTCACCACGATTATGCATTT,0,2898136
ompRp3,0.14285714285714285,6,6,GTCACAATAGTGACGTGTTC,0,2899880
ompRp3,0.14285714285714285,6,6,GTATCTGTGTCATCTTTTTT,0,2873156
ompRp3,0.14285714285714285,6,6,GTATCTCAATGATGCCAGGT,0,2863271
ompRp3,0.14285714285714285,6,6,GTATCTAATGCGATCCGCAT,0,2904037
ompRp3,0.14285714285714285,6,6,GTATAAGAATTTGAATGTGT,0,2897486
ompRp3,0.14285714285714285,6,6,GTAGTCATCTTGTGGGCATT,0,2861608
ompRp3,0.14285714285714285,6,6,GTAGAGCTGGTTAATGTAAT,0,2877526
ompRp3,0.14285714285714285,6,6,GTACGACGAGTTAGAGGTGC,0,2881350
ompRp3,0.14285714285714285,6,6,GTACCGGACTACAATCTGAA,0,2891384
ompRp3,0.14285714285714285,6,6,GTACCACCATTAGCAGGGGG,0,2890932
ompRp3,0.14285714285714285,6,6,GTACAGCGAGGATGCGAGCA,0,2869720
ompRp3,0.14285714285714285,6,6,GTACAGCATCGAGAGTGACA,0,2902658
ompRp3,0.14285714285714285,6,6,GGTTTCGGTGCGAGCCGCTT,0,2873323
ompRp3,0.14285714285714285,6,6,GGTTGGGGTCACACGGGTAT,0,2887160
ompRp3,0.14285714285714285,6,6,GGTTAAAGGTTTACATACTT,0,2901407
ompRp3,0.14285714285714285,6,6,GGTGTTATCCTGAATTCAGA,0,2903602
ompRp3,0.14285714285714285,6,6,GGTGTGAGAACGCTTGTGGA,0,2864978
ompRp3,0.14285714285714285,6,6,GGTGTCATGGCGCTTCACGG,0,2869712
ompRp3,0.14285714285714285,6,6,GGTGACATAGATCCTTCTAC,0,2869368
ompRp3,0.14285714285714285,6,6,GGTCCATCTTGTGCCTTGAA,0,2896395
ompRp3,0.14285714285714285,6,6,GGTATTCAACCCCCAGGAAG,0,2900052
ompRp3,0.14285714285714285,6,6,GGTATGGTGGCCTGGTTTTC,0,2905329
ompRp3,0.14285714285714285,6,6,GGTATCGTCAAGAGCAGAAA,0,2903214
ompRp3,0.14285714285714285,6,6,GGTATCGATGGCCGCGTCAA,0,2871491
ompRp3,0.14285714285714285,6,6,GGTAACCAAAAGAGGCTTCC,0,2883534
ompRp3,0.14285714285714285,6,6,GGGTCGGACGTAACACATAT,0,2883466
ompRp3,0.14285714285714285,6,6,GGGTCAACTACGCTGGCATG,0,2893126
ompRp3,0.14285714285714285,6,6,GGGTACATAATTTTTAACCT,0,2888623
ompRp3,0.14285714285714285,6,6,GGGTACAGCACAAGTCACTC,0,2863849
ompRp3,0.14285714285714285,6,6,GGGTAAGCCCAGACCCCGGG,0,2875282
ompRp3,0.14285714285714285,6,6,GGGGTCCGGTAGTAGTGTAG,0,2875324
ompRp3,0.14285714285714285,6,6,GGGGGTAACTGTATAAGAGT,0,2905909
ompRp3,0.14285714285714285,6,6,GGGGGGCGCGCGGTGGACAT,0,2877302
ompRp3,0.14285714285714285,6,6,GGGGCTGCGGGGTTCAGTAT,0,2899226
ompRp3,0.14285714285714285,6,6,GGGGATGACTCGGCGCGAAG,0,2878917
ompRp3,0.14285714285714285,6,6,GGGGAACAATGCTTTAGGCA,0,2896841
ompRp3,0.14285714285714285,6,6,GGGCTCGGTGCTATATCGCC,0,2897687
ompRp3,0.14285714285714285,6,6,GGGCTCGCGAACTTCTGCAA,0,2875157
ompRp3,0.14285714285714285,6,6,GGGCGCACTCCGCGTTACGG,0,2872564
ompRp3,0.14285714285714285,6,6,GGGCCGGACACCCCGTCCGA,0,2895470
ompRp3,0.14285714285714285,6,6,GGGCACAGGGATGACCGCGA,0,2875637
ompRp3,0.14285714285714285,6,6,GGGATCGAATGCCACCTATT,0,2880845
ompRp3,0.14285714285714285,6,6,GGCTTGCGAATCCTTAACAA,0,2893495
ompRp3,0.14285714285714285,6,6,GGCTGTAAATGACCCCCTCA,0,2864822
ompRp3,0.14285714285714285,6,6,GGCTGCCCAACGTCCGGATC,0,2900253
ompRp3,0.14285714285714285,6,6,GGCTGAATCCGGGCCGCCAG,0,2900650
ompRp3,0.14285714285714285,6,6,GGCTCAACACCTTTAATAAT,0,2878893
ompRp3,0.14285714285714285,6,6,GGCTATGGATAGGGCGATCA,0,2882568
ompRp3,0.14285714285714285,6,6,GGCGTGATGCCAGAGTTTCT,0,2887208
ompRp3,0.14285714285714285,6,6,GGCGGGTTTTGCAATGCCGT,0,2903720
ompRp3,0.14285714285714285,6,6,GGCGGGACTGTCACACGTGA,0,2874816
ompRp3,0.14285714285714285,6,6,GGCGGCTCTGTCTTTGGTAA,0,2901704
ompRp3,0.14285714285714285,6,6,GGCGATACAAGCCCTTTAAC,0,2890710
ompRp3,0.14285714285714285,6,6,GGCCTCTGCCCTCGTCAACA,0,2905224
ompRp3,0.14285714285714285,6,6,GGCCTCCCTGTCATGAGGAC,0,2895317
ompRp3,0.14285714285714285,6,6,GGCCCGATTAACTCTGAATA,0,2890562
ompRp3,0.14285714285714285,6,6,GGCCCCCGTAAAAAGTCGCA,0,2906142
ompRp3,0.14285714285714285,6,6,GGCCCACAAATATAAGGGTT,0,2874077
ompRp3,0.14285714285714285,6,6,GGCATTGAGTAATTCCCCAG,0,2876862
ompRp3,0.14285714285714285,6,6,GGCAGGGTTATCAATGTGAT,0,2864206
ompRp3,0.14285714285714285,6,6,GGCACGGGATTTATGTGATT,0,2906860
ompRp3,0.14285714285714285,6,6,GGCACGCGCAAGTCTCTCCG,0,2863628
ompRp3,0.14285714285714285,6,6,GGAGGTGGGGTGTCCTTTTG,0,2879163
ompRp3,0.14285714285714285,6,6,GGAGGACATCGAGCCAGAGT,0,2884984
ompRp3,0.14285714285714285,6,6,GGAGCTCTCAAACCCGGTTG,0,2894227
ompRp3,0.14285714285714285,6,6,GGAGCCATTACTGATGGACT,0,2869688
ompRp3,0.14285714285714285,6,6,GGACTCGTAAGCATGGAGTC,0,2906446
ompRp3,0.14285714285714285,6,6,GGACTCCTTCAGGGGTTATC,0,2899712
ompRp3,0.14285714285714285,6,6,GGACACAATTCGCTATATCG,0,2885336
ompRp3,0.14285714285714285,6,6,GGACACAAATAACCGGGTGC,0,2904062
ompRp3,0.14285714285714285,6,6,GGAAGGCATTTAAGGACATT,0,2870313
ompRp3,0.14285714285714285,6,6,GGAAGGCATCCCGCCGAGTC,0,2895520
ompRp3,0.14285714285714285,6,6,GGAAATATATTTGTGTAGCA,0,2870416
ompRp3,0.14285714285714285,6,6,GGAAACTAGGCGAAGGGACA,0,2869697
ompRp3,0.14285714285714285,6,6,GGAAACAAGCTAGATGCACA,0,2905959
ompRp3,0.14285714285714285,6,6,GCTTCTTCAAGTCATACCCG,0,2891022
ompRp3,0.14285714285714285,6,6,GCTTAGCACCGTCTAGGGGC,0,2865874
ompRp3,0.14285714285714285,6,6,GCTGTCAAATAATTTTTCAG,0,2907182
ompRp3,0.14285714285714285,6,6,GCTGTATGGCGCTCTATCAA,0,2900405
ompRp3,0.14285714285714285,6,6,GCTGGGGAACCAGGTCGCTA,0,2868500
ompRp3,0.14285714285714285,6,6,GCTCTCGTACTTCGAAATGG,0,2885206
ompRp3,0.14285714285714285,6,6,GCTCCGGAAGTGGTATTTCT,0,2869269
ompRp3,0.14285714285714285,6,6,GCTCCATGATACGTATAGGT,0,2904904
ompRp3,0.14285714285714285,6,6,GCTCATGATCTGAACTCTTC,0,2899382
ompRp3,0.14285714285714285,6,6,GCTATTGCTGGGTATGATAA,0,2891732
ompRp3,0.14285714285714285,6,6,GCTACACCAAGCTGACGCTC,0,2890272
ompRp3,0.14285714285714285,6,6,GCTAATATCTGCTTCGAGGA,0,2861535
ompRp3,0.14285714285714285,6,6,GCGTTGATGTAAATTTTCCA,0,2887294
ompRp3,0.14285714285714285,6,6,GCGTGATTCCTCCTGTATCG,0,2862053
ompRp3,0.14285714285714285,6,6,GCGTCTTTGATTAAATGACC,0,2888740
ompRp3,0.14285714285714285,6,6,GCGTACCTTGTGGTGAAACT,0,2866585
ompRp3,0.14285714285714285,6,6,GCGGTCGTATGTTGTCAGCA,0,2888182
ompRp3,0.14285714285714285,6,6,GCGGTCGCGAACATCGCGTC,0,2898060
ompRp3,0.14285714285714285,6,6,GCGGCGGTCACTGCTGGAGT,0,2889439
ompRp3,0.14285714285714285,6,6,GCGGCCACTCCAAATCCTCT,0,2871711
ompRp3,0.14285714285714285,6,6,GCGGACCCGCTTCCTACCTT,0,2884326
ompRp3,0.14285714285714285,6,6,GCGCTTCCCCGCCGTCACTC,0,2878655
ompRp3,0.14285714285714285,6,6,GCGATATCTGAAATCTCCAT,0,2875528
ompRp3,0.14285714285714285,6,6,GCGAATTTTACTCGTACAAA,0,2901279
ompRp3,0.14285714285714285,6,6,GCGAATAGCATTAGAATCAA,0,2867362
ompRp3,0.14285714285714285,6,6,GCGAAATAGCCGGAGGCTTA,0,2893977
ompRp3,0.14285714285714285,6,6,GCCTTTTACGCATATCCCAC,0,2879927
ompRp3,0.14285714285714285,6,6,GCCTGGATCCTTTTTTTTTC,0,2864916
ompRp3,0.14285714285714285,6,6,GCCTCTGTGTATAACCTTCT,0,2866923
ompRp3,0.14285714285714285,6,6,GCCTAAAGCGCCTGGATGCT,0,2889491
ompRp3,0.14285714285714285,6,6,GCCGGCCCCCATGATGATAG,0,2895116
ompRp3,0.14285714285714285,6,6,GCCGGCATACCTCGTCGATC,0,2899644
ompRp3,0.14285714285714285,6,6,GCCGATTGCAGCGTCGTATT,0,2901490
ompRp3,0.14285714285714285,6,6,GCCCTGATCGGGGGGACCAA,0,2886675
ompRp3,0.14285714285714285,6,6,GCCCAGGTATAATGCTTCTA,0,2877800
ompRp3,0.14285714285714285,6,6,GCCAGTCAGCACTCATTACT,0,2898664
ompRp3,0.14285714285714285,6,6,GCCACTCCCGTCAGGATTTT,0,2877997
ompRp3,0.14285714285714285,6,6,GCCACATGGTTTTTGCGTAT,0,2888609
ompRp3,0.14285714285714285,6,6,GCATGGTCGAGTTGCCCGGT,0,2887916
ompRp3,0.14285714285714285,6,6,GCATGGGCAAAAGCGTAACG,0,2891899
ompRp3,0.14285714285714285,6,6,GCATCAGTTTTCTCCGACCA,0,2899566
ompRp3,0.14285714285714285,6,6,GCAGTTGAATCTAGGCTGGT,0,2869180
ompRp3,0.14285714285714285,6,6,GCAGTTAACGGTTGTAGCTC,0,2894776
ompRp3,0.14285714285714285,6,6,GCAGTCGTATTGGGCCTGGT,0,2890276
ompRp3,0.14285714285714285,6,6,GCAGGATTGATCGGAGGGCC,0,2901762
ompRp3,0.14285714285714285,6,6,GCAGCCACGTGCAATGCCGC,0,2895429
ompRp3,0.14285714285714285,6,6,GCAGCCACCCAGCACACAAC,0,2883375
ompRp3,0.14285714285714285,6,6,GCAGATGTTATGGGCATGGA,0,2868574
ompRp3,0.14285714285714285,6,6,GCAGAGAACCACGCTACGTG,0,2896123
ompRp3,0.14285714285714285,6,6,GCACTATGGTTCCGCGAAAG,0,2894483
ompRp3,0.14285714285714285,6,6,GCACGCGCCTCTTCTAGGTT,0,2891204
ompRp3,0.14285714285714285,6,6,GCACGAATTGGAGCAATCAC,0,2869188
ompRp3,0.14285714285714285,6,6,GCACAAAGGACCAGGTGCCA,0,2873473
ompRp3,0.14285714285714285,6,6,GATTTATGATTAATTCTTTA,0,2871784
ompRp3,0.14285714285714285,6,6,GATTAGCATAACAATCCGCC,0,2875904
ompRp3,0.14285714285714285,6,6,GATGGTTCTCTTCACAATTA,0,2886217
ompRp3,0.14285714285714285,6,6,GATGCGTTACATAGGTCTCT,0,2874424
ompRp3,0.14285714285714285,6,6,GATGATTGGATGGATTCGCC,0,2891979
ompRp3,0.14285714285714285,6,6,GATGATTAATTCCGCATTAA,0,2882298
ompRp3,0.14285714285714285,6,6,GATCTGAAAACGTGCGAGCG,0,2884380
ompRp3,0.14285714285714285,6,6,GATCCGTGCTGGTGTTAGTA,0,2898148
ompRp3,0.14285714285714285,6,6,GATAGTATAGTCATTATATA,0,2874088
ompRp3,0.14285714285714285,6,6,GATACATCGGTATTCCTCGT,0,2896436
ompRp3,0.14285714285714285,6,6,GATAAGCTAGGTAACTTAAG,0,2869963
ompRp3,0.14285714285714285,6,6,GAGTAGTCCGCTTGCCCAGG,0,2892372
ompRp3,0.14285714285714285,6,6,GAGTACTGGTGACAATACAC,0,2885053
ompRp3,0.14285714285714285,6,6,GAGGGTTAAGGCTCAAACGT,0,2896928
ompRp3,0.14285714285714285,6,6,GAGGGAGAACGGAGCCCATC,0,2876136
ompRp3,0.14285714285714285,6,6,GAGGAGGCCGCGGTAATCCG,0,2893319
ompRp3,0.14285714285714285,6,6,GAGGAGAGTCTTTTACTGAG,0,2862056
ompRp3,0.14285714285714285,6,6,GAGCGGATAGTATCTAGTCG,0,2870356
ompRp3,0.14285714285714285,6,6,GAGATGAACATGTGGGGATC,0,2887726
ompRp3,0.14285714285714285,6,6,GAGATACGTGCGAGACCTAC,0,2894223
ompRp3,0.14285714285714285,6,6,GAGAGAAATTATGATTCCCA,0,2861334
ompRp3,0.14285714285714285,6,6,GAGACTCAGCCGTTATGAAG,0,2874994
ompRp3,0.14285714285714285,6,6,GAGACGTCATATACGAGAGA,0,2872178
ompRp3,0.14285714285714285,6,6,GACTGGTTGTACGTGGGAAT,0,2863920
ompRp3,0.14285714285714285,6,6,GACTGGACAAAGACAACTCA,0,2886159
ompRp3,0.14285714285714285,6,6,GACTGACTAGCACGCGTCGG,0,2897004
ompRp3,0.14285714285714285,6,6,GACTCTACCGATTCCATAAA,0,2897297
ompRp3,0.14285714285714285,6,6,GACTACGCGGGATCTCACTG,0,2902155
ompRp3,0.14285714285714285,6,6,GACTAATATATGGAAAACAG,0,2887170
ompRp3,0.14285714285714285,6,6,GACGGGCAATTCAGGACTGT,0,2901617
ompRp3,0.14285714285714285,6,6,GACGCTTGGCCAGCATAAGC,0,2906466
ompRp3,0.14285714285714285,6,6,GACGCGGCGGCACTGCCCCT,0,2900749
ompRp3,0.14285714285714285,6,6,GACGCACAAGGTTCCCACCT,0,2905600
ompRp3,0.14285714285714285,6,6,GACCGTCGTTTTGGTACGTG,0,2899159
ompRp3,0.14285714285714285,6,6,GACCGGCTACTCGTGGGGGA,0,2884259
ompRp3,0.14285714285714285,6,6,GACCAAGCATCGGGGGGCGG,0,2867642
ompRp3,0.14285714285714285,6,6,GACCAACGGCGTACGAGGCC,0,2871065
ompRp3,0.14285714285714285,6,6,GACCAACATTTTTACGCGTC,0,2876812
ompRp3,0.14285714285714285,6,6,GACATCATCACGGTAGAACC,0,2907515
ompRp3,0.14285714285714285,6,6,GACATATCGTTTGTGCTCGA,0,2892764
ompRp3,0.14285714285714285,6,6,GACAGGTGCGGAGCAGAAGG,0,2879323
ompRp3,0.14285714285714285,6,6,GAATTGTACTGTCAATAGAG,0,2867667
ompRp3,0.14285714285714285,6,6,GAATGGTCTATCGTGGCAGT,0,2878303
ompRp3,0.14285714285714285,6,6,GAATCGGGTACTATGAGATC,0,2901110
ompRp3,0.14285714285714285,6,6,GAATACACAGATTACAGTAC,0,2869984
ompRp3,0.14285714285714285,6,6,GAATAAAGTTTTATTACTTC,0,2888695
ompRp3,0.14285714285714285,6,6,GAAGTACGCATTCTCAAGTA,0,2907521
ompRp3,0.14285714285714285,6,6,GAAGGGCGGGTCGGAGGCTA,0,2877321
ompRp3,0.14285714285714285,6,6,GAAGGATGTCAGTTTCTTTA,0,2862670
ompRp3,0.14285714285714285,6,6,GAAGGACGCATTCACTAAGT,0,2902954
ompRp3,0.14285714285714285,6,6,GAAGCTGCTGCAGACAGTGA,0,2866412
ompRp3,0.14285714285714285,6,6,GAAGATAAATGGTCACACGT,0,2877126
ompRp3,0.14285714285714285,6,6,GAAGAATTGTACATTCATCA,0,2873422
ompRp3,0.14285714285714285,6,6,GAACGGTTGAGCCAACTGTG,0,2886771
ompRp3,0.14285714285714285,6,6,GAACCTTGAGTTGTTCACGA,0,2865810
ompRp3,0.14285714285714285,6,6,GAACCCTCTGCGTGAATAAA,0,2872709
ompRp3,0.14285714285714285,6,6,GAACCCGGGATTCCGTAAAA,0,2877505
ompRp3,0.14285714285714285,6,6,GAACATCCGAGCGAGCGTTG,0,2894633
ompRp3,0.14285714285714285,6,6,GAACACGAACCGAGCCAAGT,0,2905116
ompRp3,0.14285714285714285,6,6,GAAATACTACATATGGGATG,0,2892094
ompRp3,0.14285714285714285,6,6,GAAAGCTCAAAATACTGTCT,0,2861184
ompRp3,0.14285714285714285,6,6,GAAAACTCCAGCGACCCAAC,0,2894021
ompRp3,0.14285714285714285,6,6,CTTTTTTGCCAGCACTTTAA,0,2864283
ompRp3,0.14285714285714285,6,6,CTTTTGGGACCGCCTCGCAG,0,2883788
ompRp3,0.14285714285714285,6,6,CTTTGGCACTGCAGAGACTC,0,2907147
ompRp3,0.14285714285714285,6,6,CTTTCTTTGGAATCGCCGCT,0,2875232
ompRp3,0.14285714285714285,6,6,CTTGTTCCAAGCACCATTGT,0,2864528
ompRp3,0.14285714285714285,6,6,CTTGTGCAGTGAGTTATCCA,0,2900326
ompRp3,0.14285714285714285,6,6,CTTGGCCGAGAACATTCAAC,0,2896222
ompRp3,0.14285714285714285,6,6,CTTGAGCGAAGGATATAAAA,0,2879048
ompRp3,0.14285714285714285,6,6,CTTCTGTTCCCATCAGAAGA,0,2861774
ompRp3,0.14285714285714285,6,6,CTTCGCCCCCGCCGGGTTCA,0,2860737
ompRp3,0.14285714285714285,6,6,CTTATTTGTATTGGACGGCT,0,2861761
ompRp3,0.14285714285714285,6,6,CTTACAGATGTTGGTTGGAC,0,2902214
ompRp3,0.14285714285714285,6,6,CTTAAAACAAATTACGGGTG,0,2868153
ompRp3,0.14285714285714285,6,6,CTGTTTCTAGTTTGAGGCCG,0,2902684
ompRp3,0.14285714285714285,6,6,CTGTTCGAGCGGCATCCGTC,0,2875451
ompRp3,0.14285714285714285,6,6,CTGTTCCTGCAAGTCACACG,0,2891450
ompRp3,0.14285714285714285,6,6,CTGTTATGGCTTTTGCAAAT,0,2885812
ompRp3,0.14285714285714285,6,6,CTGTCCCTTCAAACATGTGA,0,2899713
ompRp3,0.14285714285714285,6,6,CTGGTCGAAATTGAGATCGG,0,2899299
ompRp3,0.14285714285714285,6,6,CTGGTAATAATTGTTATTGG,0,2863035
ompRp3,0.14285714285714285,6,6,CTGGGGGCACTCACTCTTCA,0,2878488
ompRp3,0.14285714285714285,6,6,CTGGCGCATGAGTGTCCCTC,0,2901404
ompRp3,0.14285714285714285,6,6,CTGGCGATGGGTTTTCTCTG,0,2878720
ompRp3,0.14285714285714285,6,6,CTGGCGACATCAGATACTAA,0,2883663
ompRp3,0.14285714285714285,6,6,CTGGCATGCAACAGACGCGT,0,2895972
ompRp3,0.14285714285714285,6,6,CTGGACCTGACTGTCCAGTG,0,2895241
ompRp3,0.14285714285714285,6,6,CTGCACCTGTGTCCAAAATC,0,2871352
ompRp3,0.14285714285714285,6,6,CTGCAACAGTTGAACACGCA,0,2876386
ompRp3,0.14285714285714285,6,6,CTGATTGATGCCCCCTTTGA,0,2862460
ompRp3,0.14285714285714285,6,6,CTGACCGCTATTCGGTCATA,0,2905607
ompRp3,0.14285714285714285,6,6,CTCTTGCTGGATTTATAAAG,0,2890740
ompRp3,0.14285714285714285,6,6,CTCTTCGATAGCTTTCGATG,0,2890425
ompRp3,0.14285714285714285,6,6,CTCTCCTCTAGTGTACTAAG,0,2885544
ompRp3,0.14285714285714285,6,6,CTCGTGTGCCCAGTAAGCGT,0,2870973
ompRp3,0.14285714285714285,6,6,CTCGGTCGCTTCCGCGACTT,0,2899558
ompRp3,0.14285714285714285,6,6,CTCCTAGTAGGTCTTCTGGT,0,2901319
ompRp3,0.14285714285714285,6,6,CTCCGACCTGACTCCTCGGC,0,2880993
ompRp3,0.14285714285714285,6,6,CTCCACGAACCATGGCCGGC,0,2878984
ompRp3,0.14285714285714285,6,6,CTCCAACGCGAAAGTTGTCC,0,2861239
ompRp3,0.14285714285714285,6,6,CTCATCATGTGCCAGTCAGT,0,2893118
ompRp3,0.14285714285714285,6,6,CTCACCTCGGCAGAATGAAT,0,2861035
ompRp3,0.14285714285714285,6,6,CTCACACTAAATTTCTTGGG,0,2872794
ompRp3,0.14285714285714285,6,6,CTCAATGGAGGGGGTAGATT,0,2892048
ompRp3,0.14285714285714285,6,6,CTATTTATATTGCGGGATGC,0,2894296
ompRp3,0.14285714285714285,6,6,CTATTATGACCCAGAGTATA,0,2906338
ompRp3,0.14285714285714285,6,6,CTATGCCCAATCTATTGGAT,0,2869450
ompRp3,0.14285714285714285,6,6,CTATCCGCTACGAACGAAAC,0,2870679
ompRp3,0.14285714285714285,6,6,CTAGGGGCACAGGCACCCCC,0,2873126
ompRp3,0.14285714285714285,6,6,CTAGAGCTTTGTCCCACAGG,0,2868944
ompRp3,0.14285714285714285,6,6,CTAGAACATCAGTTCGAGCC,0,2863064
ompRp3,0.14285714285714285,6,6,CTACCTTGCACCTGAACGTC,0,2878822
ompRp3,0.14285714285714285,6,6,CTACCGTTGCCTTTTGGCTA,0,2871744
ompRp3,0.14285714285714285,6,6,CTACCGTGCGTGCACCTTGG,0,2879051
ompRp3,0.14285714285714285,6,6,CTAATACCTATCTGGTCCCC,0,2899354
ompRp3,0.14285714285714285,6,6,CTAAGGCCCCGTGCGTGTAC,0,2866081
ompRp3,0.14285714285714285,6,6,CTAAAATGAACGTCGGGTAA,0,2894325
ompRp3,0.14285714285714285,6,6,CGTTGATGTAGTCTGGGCGT,0,2861494
ompRp3,0.14285714285714285,6,6,CGTTCCATGGCGCCACTTAC,0,2888176
ompRp3,0.14285714285714285,6,6,CGTTATTAGCGTCCATTGGT,0,2900750
ompRp3,0.14285714285714285,6,6,CGTTACTGGCTGTATCGGTA,0,2895138
ompRp3,0.14285714285714285,6,6,CGTTAAACTATGGGAGGTTT,0,2877907
ompRp3,0.14285714285714285,6,6,CGTGGTCACCTTGTGTGGTC,0,2863755
ompRp3,0.14285714285714285,6,6,CGTGGCTATCGGGTGGGAGA,0,2884169
ompRp3,0.14285714285714285,6,6,CGTGGAGGCTCATGAAGCAT,0,2881271
ompRp3,0.14285714285714285,6,6,CGTGCCATACCGTCGCAGAT,0,2887845
ompRp3,0.14285714285714285,6,6,CGTCTCTAACCGGGGTTACG,0,2887964
ompRp3,0.14285714285714285,6,6,CGTATTACGTAGGTCTTGTG,0,2896732
ompRp3,0.14285714285714285,6,6,CGTAACACATACCAAAACCC,0,2899616
ompRp3,0.14285714285714285,6,6,CGTAAAGAACATGGTTGGAC,0,2864787
ompRp3,0.14285714285714285,6,6,CGGTTATGCGGTCATTCTAT,0,2889921
ompRp3,0.14285714285714285,6,6,CGGTTAACGTTTTTAAGCTG,0,2862103
ompRp3,0.14285714285714285,6,6,CGGTGGGGTCTAAGCACTCT,0,2890772
ompRp3,0.14285714285714285,6,6,CGGTGGACAAGTTATGAGGT,0,2904495
ompRp3,0.14285714285714285,6,6,CGGTGGAAACCGTGGTGGTG,0,2880541
ompRp3,0.14285714285714285,6,6,CGGTCTTTCTAGGAGTCTTG,0,2889672
ompRp3,0.14285714285714285,6,6,CGGTCCTTAAACAACTCAGT,0,2882091
ompRp3,0.14285714285714285,6,6,CGGTCCCTAGCGAGTTTGTA,0,2887689
ompRp3,0.14285714285714285,6,6,CGGTAGTGTCGGCTGACAGC,0,2905118
ompRp3,0.14285714285714285,6,6,CGGGTTTTAAGACCTTCCTA,0,2892223
ompRp3,0.14285714285714285,6,6,CGGGTTTACACCGTATTACG,0,2904628
ompRp3,0.14285714285714285,6,6,CGGGTGTTTATGCTCGCAGA,0,2879338
ompRp3,0.14285714285714285,6,6,CGGGTAGCTCGGGGATCCTA,0,2874648
ompRp3,0.14285714285714285,6,6,CGGGATCCACCATATGGTGC,0,2875413
ompRp3,0.14285714285714285,6,6,CGGCGTAACGAGGTTTCGCC,0,2865304
ompRp3,0.14285714285714285,6,6,CGGCGCCACGCTAGAAGGGA,0,2894488
ompRp3,0.14285714285714285,6,6,CGGCCCCGAGCAGCGTCGTC,0,2900773
ompRp3,0.14285714285714285,6,6,CGGATGGGGGAGCAGGCTTC,0,2898890
ompRp3,0.14285714285714285,6,6,CGGATCACGATCCCATCGGA,0,2881717
ompRp3,0.14285714285714285,6,6,CGGACTACTCGGTTGTAGTT,0,2873669
ompRp3,0.14285714285714285,6,6,CGGAATACTAGGATATGAAA,0,2902272
ompRp3,0.14285714285714285,6,6,CGGAAAGTCGTTCTCTGTGA,0,2907121
ompRp3,0.14285714285714285,6,6,CGCTATTTTAAAACGCCTAC,0,2893618
ompRp3,0.14285714285714285,6,6,CGCGTGAAGTTACCATTGGA,0,2864642
ompRp3,0.14285714285714285,6,6,CGCGTAACTTTACACTGGGG,0,2881352
ompRp3,0.14285714285714285,6,6,CGCGGGCATCCGTTTAAGTC,0,2869757
ompRp3,0.14285714285714285,6,6,CGCGGGAGAAAATCTAATCT,0,2900937
ompRp3,0.14285714285714285,6,6,CGCGGGACGCTCTTGATAGT,0,2902590
ompRp3,0.14285714285714285,6,6,CGCGATAGTGTCTTTGCTTA,0,2886426
ompRp3,0.14285714285714285,6,6,CGCGAGCGAGAGTTTCACCT,0,2885638
ompRp3,0.14285714285714285,6,6,CGCCGCTGTCGTCGTCATTA,0,2877294
ompRp3,0.14285714285714285,6,6,CGCCCCACTGGCTCTGGATC,0,2881524
ompRp3,0.14285714285714285,6,6,CGCAGCTCAGGTTAGCCATA,0,2880980
ompRp3,0.14285714285714285,6,6,CGCAGCCACGCATTCTGACT,0,2883857
ompRp3,0.14285714285714285,6,6,CGCACCAAGGGACAGGAACT,0,2865533
ompRp3,0.14285714285714285,6,6,CGATTCGGATGCCCCTATTA,0,2873406
ompRp3,0.14285714285714285,6,6,CGATATCGACAGGGCAATCT,0,2896358
ompRp3,0.14285714285714285,6,6,CGACTAATTCACAGTCCCTG,0,2889624
ompRp3,0.14285714285714285,6,6,CGACGAAATAAGAGTAATGG,0,2886725
ompRp3,0.14285714285714285,6,6,CGACGAAACCGCTCCAGATA,0,2881672
ompRp3,0.14285714285714285,6,6,CGAATCGAAGACTTTTCTTA,0,2889909
ompRp3,0.14285714285714285,6,6,CGAATACACTAACTTCTTTC,0,2895888
ompRp3,0.14285714285714285,6,6,CGAAGTTCGGCCTTGCGTTA,0,2884770
ompRp3,0.14285714285714285,6,6,CGAAGGCACGTCAATATATA,0,2862619
ompRp3,0.14285714285714285,6,6,CGAAGCCTTACAATATAGTA,0,2888673
ompRp3,0.14285714285714285,6,6,CGAACTGTTCGTCTACCTGC,0,2867881
ompRp3,0.14285714285714285,6,6,CGAACATGCTTAATAAAGTA,0,2861890
ompRp3,0.14285714285714285,6,6,CGAAACCGGTTTAGACCGCA,0,2895751
ompRp3,0.14285714285714285,6,6,CCTTTGAGGCAAAGAACAGC,0,2897474
ompRp3,0.14285714285714285,6,6,CCTTAGAGAACTTACATTAA,0,2892882
ompRp3,0.14285714285714285,6,6,CCTGTTAGCGAGTAGGTCGC,0,2881804
ompRp3,0.14285714285714285,6,6,CCTGTCTTGTTCCCAGGTCT,0,2863811
ompRp3,0.14285714285714285,6,6,CCTGGCAAATATAAATACGC,0,2890331
ompRp3,0.14285714285714285,6,6,CCTGCGGAGCTCCGTTTGTT,0,2905138
ompRp3,0.14285714285714285,6,6,CCTCATGAGGGACACGGGTA,0,2889421
ompRp3,0.14285714285714285,6,6,CCTCATCATCGGAGGCGTGG,0,2879427
ompRp3,0.14285714285714285,6,6,CCTATAGTTACTTCTAGGGT,0,2888533
ompRp3,0.14285714285714285,6,6,CCTACAGCCTAATCAAAACA,0,2879655
ompRp3,0.14285714285714285,6,6,CCTAAGTGGAACCTTCGACG,0,2904335
ompRp3,0.14285714285714285,6,6,CCTAACCGTCTCAATAGATA,0,2871155
ompRp3,0.14285714285714285,6,6,CCTAAAGGTAAAGGCTAGGC,0,2867957
ompRp3,0.14285714285714285,6,6,CCGTTCATCGGCATTCAGTG,0,2874580
ompRp3,0.14285714285714285,6,6,CCGTCTGAGCATTTTCAGAT,0,2896090
ompRp3,0.14285714285714285,6,6,CCGTATGTGTCTTGCCGAAC,0,2867973
ompRp3,0.14285714285714285,6,6,CCGTAGTGATGCCGATAAAA,0,2902191
ompRp3,0.14285714285714285,6,6,CCGTACTCGGGGAAGAATTT,0,2904195
ompRp3,0.14285714285714285,6,6,CCGTACACAGTAATAAGCAG,0,2880357
ompRp3,0.14285714285714285,6,6,CCGGGCCATCAGTGTTGAGC,0,2887621
ompRp3,0.14285714285714285,6,6,CCGGCAGCACTCCTATAACT,0,2893738
ompRp3,0.14285714285714285,6,6,CCGCTTGGTTCATGACCCCT,0,2898785
ompRp3,0.14285714285714285,6,6,CCGCCTCATGGATTTGGCAG,0,2878365
ompRp3,0.14285714285714285,6,6,CCGCATTCATATAACAACTC,0,2897797
ompRp3,0.14285714285714285,6,6,CCGCAGCACAAACTAGAGTT,0,2868149
ompRp3,0.14285714285714285,6,6,CCGAGTCGGTCGAACACAGA,0,2907400
ompRp3,0.14285714285714285,6,6,CCGACCACTTCGTCATTAGG,0,2883886
ompRp3,0.14285714285714285,6,6,CCGACAGAAGCGAGTCCCGA,0,2876306
ompRp3,0.14285714285714285,6,6,CCGAACGGCTACATATTGTG,0,2906052
ompRp3,0.14285714285714285,6,6,CCCTGCCTTCTTGCGATTTG,0,2890332
ompRp3,0.14285714285714285,6,6,CCCTAGTGTGCGACTCACTT,0,2902780
ompRp3,0.14285714285714285,6,6,CCCTAGGCGCCTCCGATCTC,0,2874808
ompRp3,0.14285714285714285,6,6,CCCTACCAGCTTTTCGAATA,0,2891343
ompRp3,0.14285714285714285,6,6,CCCGTTTGTGCTTTAGACAT,0,2898703
ompRp3,0.14285714285714285,6,6,CCCGTTAGACTACGCGAGTC,0,2875362
ompRp3,0.14285714285714285,6,6,CCCGGTTTGGTCGTATCTTA,0,2881724
ompRp3,0.14285714285714285,6,6,CCCGGAACGTCTTTATTTTT,0,2900203
ompRp3,0.14285714285714285,6,6,CCCGAGGGAGTCAGTCATCG,0,2865800
ompRp3,0.14285714285714285,6,6,CCCGAGAGGCTCCTTGGATT,0,2898150
ompRp3,0.14285714285714285,6,6,CCCGACTGTAGATAGATATA,0,2872835
ompRp3,0.14285714285714285,6,6,CCCCTTCAGCCTAGGACGCC,0,2876103
ompRp3,0.14285714285714285,6,6,CCCCCTTTAAGATTAGCTCA,0,2882480
ompRp3,0.14285714285714285,6,6,CCCCCTGTTGTTAAGCTTGT,0,2891931
ompRp3,0.14285714285714285,6,6,CCCCCTCGCGAGATTTTGTT,0,2861752
ompRp3,0.14285714285714285,6,6,CCCCCTAGCTGCTAGCTAGC,0,2870869
ompRp3,0.14285714285714285,6,6,CCCCAAGGATCCTGATGCGA,0,2865017
ompRp3,0.14285714285714285,6,6,CCATTTGTACTTGTGGTCAG,0,2881648
ompRp3,0.14285714285714285,6,6,CCATTGTACGTCCCCCGTAT,0,2891221
ompRp3,0.14285714285714285,6,6,CCATTACTAAAGACACATCT,0,2907624
ompRp3,0.14285714285714285,6,6,CCATGTTTCTGCTTTTGAAA,0,2872271
ompRp3,0.14285714285714285,6,6,CCATGATCAATAAGTGACAT,0,2897614
ompRp3,0.14285714285714285,6,6,CCAGGCGTTCAGACGTAGCA,0,2890547
ompRp3,0.14285714285714285,6,6,CCAGGAGTCCTCAGCTTCTG,0,2900653
ompRp3,0.14285714285714285,6,6,CCAGCGCGGGGTCCGCTCTG,0,2905645
ompRp3,0.14285714285714285,6,6,CCAGATCTTATGGAACCAAC,0,2899325
ompRp3,0.14285714285714285,6,6,CCACTAGCCCAAAATGGGCA,0,2865556
ompRp3,0.14285714285714285,6,6,CCACTAAGGACTCTCCTAAA,0,2891058
ompRp3,0.14285714285714285,6,6,CCACCCAGAACTCGGCTCGC,0,2873548
ompRp3,0.14285714285714285,6,6,CCAATTGTAGCAGCCCACTA,0,2904925
ompRp3,0.14285714285714285,6,6,CCAAGAGGGGAATTCCTGGA,0,2867763
ompRp3,0.14285714285714285,6,6,CCAACGGCGCAGCGTCGAAT,0,2891526
ompRp3,0.14285714285714285,6,6,CCAAATCCGGGCATTTCGGG,0,2880022
ompRp3,0.14285714285714285,6,6,CCAAAGGACGAATTACATCG,0,2884424
ompRp3,0.14285714285714285,6,6,CCAAACCTGCCCATGCCCGA,0,2861202
ompRp3,0.14285714285714285,6,6,CATTGCGCTACGGCGCTCAA,0,2875847
ompRp3,0.14285714285714285,6,6,CATTCGAGCGTTTATCCCTA,0,2872170
ompRp3,0.14285714285714285,6,6,CATTAGTAGCTGATAAAACG,0,2863011
ompRp3,0.14285714285714285,6,6,CATGTATCGTCCTCGAGAAC,0,2865492
ompRp3,0.14285714285714285,6,6,CATGGGTATCTAACAGTAAA,0,2867435
ompRp3,0.14285714285714285,6,6,CATGGCGCAGACATGCATGC,0,2877915
ompRp3,0.14285714285714285,6,6,CATGGAATAGCAGACGATTG,0,2862789
ompRp3,0.14285714285714285,6,6,CATGGAAAACTACGGCCCAC,0,2890392
ompRp3,0.14285714285714285,6,6,CATGCCATGGTGCATAGTTT,0,2866788
ompRp3,0.14285714285714285,6,6,CATCTTTTAGAGGGCGCGTA,0,2869648
ompRp3,0.14285714285714285,6,6,CATCTTACCCGCGGTATATG,0,2874714
ompRp3,0.14285714285714285,6,6,CATCGTGCGAGGAAAAGAAT,0,2899033
ompRp3,0.14285714285714285,6,6,CATAGACAAGTAAACGGTCC,0,2861158
ompRp3,0.14285714285714285,6,6,CATACTTTTTCCAAGTGGCA,0,2860985
ompRp3,0.14285714285714285,6,6,CATACCTAAGCGAGTAATTT,0,2877843
ompRp3,0.14285714285714285,6,6,CATACATCTACTGTTCGAAT,0,2880385
ompRp3,0.14285714285714285,6,6,CATAACATCAGACGGAACTC,0,2880203
ompRp3,0.14285714285714285,6,6,CAGTTTACGTAACGTGACTA,0,2896802
ompRp3,0.14285714285714285,6,6,CAGTTCGGCTCTCTGTGGGT,0,2892010
ompRp3,0.14285714285714285,6,6,CAGTGAGCATTCGCTCCGTA,0,2873718
ompRp3,0.14285714285714285,6,6,CAGTCTACACTATGACTGTG,0,2865609
ompRp3,0.14285714285714285,6,6,CAGTCCCAGAATCCTACAGA,0,2868857
ompRp3,0.14285714285714285,6,6,CAGTATTCAAAGAATTCGCT,0,2870740
ompRp3,0.14285714285714285,6,6,CAGGTATCGGGTCGGCAGCG,0,2898301
ompRp3,0.14285714285714285,6,6,CAGGGGCAGACGCTAAGCGA,0,2906995
ompRp3,0.14285714285714285,6,6,CAGGACAACGTGCGCGCTGT,0,2872898
ompRp3,0.14285714285714285,6,6,CAGCGCTCCTCCGGAGTCCC,0,2897198
ompRp3,0.14285714285714285,6,6,CAGCGAACCAGCAGCTGAGA,0,2871687
ompRp3,0.14285714285714285,6,6,CAGCCATGCAACCTCGTCAG,0,2900391
ompRp3,0.14285714285714285,6,6,CAGCAATTGAGATATAAGGC,0,2861471
ompRp3,0.14285714285714285,6,6,CAGATTGCTCTCTCCACACG,0,2891714
ompRp3,0.14285714285714285,6,6,CAGAGATTTGTCTACTGCCT,0,2881249
ompRp3,0.14285714285714285,6,6,CAGACGTCATTAAAGATAAT,0,2879027
ompRp3,0.14285714285714285,6,6,CACTCGTTCGCAACTGGTTC,0,2905554
ompRp3,0.14285714285714285,6,6,CACTCGTATCGTATCTGTAA,0,2873149
ompRp3,0.14285714285714285,6,6,CACTCGAGATGATATTTCCA,0,2905360
ompRp3,0.14285714285714285,6,6,CACTCAAGTAAACGGATAAA,0,2884916
ompRp3,0.14285714285714285,6,6,CACGGGTGCCGCGACTCTCT,0,2869221
ompRp3,0.14285714285714285,6,6,CACCCTAAGACCATACGTCA,0,2871339
ompRp3,0.14285714285714285,6,6,CACCCCGGTAAGGGGAGTGT,0,2877615
ompRp3,0.14285714285714285,6,6,CACATTAGCGATTACTAGCG,0,2871960
ompRp3,0.14285714285714285,6,6,CACATTACGCGAATCATACA,0,2871337
ompRp3,0.14285714285714285,6,6,CACAGTCAGTCATATAACGG,0,2884040
ompRp3,0.14285714285714285,6,6,CACACTAATCCCTATGGAAA,0,2879207
ompRp3,0.14285714285714285,6,6,CACAAGCTCATTCATGCACC,0,2868631
ompRp3,0.14285714285714285,6,6,CAATGTCCGTTCATGGAAGG,0,2884494
ompRp3,0.14285714285714285,6,6,CAAGTGATCGGTTAAACAAA,0,2901552
ompRp3,0.14285714285714285,6,6,CAAGTACACGTCCCAGAAAC,0,2867894
ompRp3,0.14285714285714285,6,6,CAAGGTCTCCTGTATCACAA,0,2905311
ompRp3,0.14285714285714285,6,6,CAAGGAACCGACATACCTTA,0,2883105
ompRp3,0.14285714285714285,6,6,CAACAAGTCAGGGGTCCCAT,0,2891009
ompRp3,0.14285714285714285,6,6,CAACAACGAAAAAAAACGGC,0,2888143
ompRp3,0.14285714285714285,6,6,CAAATGGTATGTGCACCCAA,0,2902629
ompRp3,0.14285714285714285,6,6,CAAAGTGGTGATGCCGCGAG,0,2883652
ompRp3,0.14285714285714285,6,6,CAAAGATGTGGGCTTGAGAC,0,2879983
ompRp3,0.14285714285714285,6,6,CAAACTCACAAACATATATA,0,2892802
ompRp3,0.14285714285714285,6,6,CAAACATGTTATGATCCTTG,0,2894119
ompRp3,0.14285714285714285,6,6,CAAAATAAAGGATAAGTCGC,0,2890854
ompRp3,0.14285714285714285,6,6,ATTTGGGCATAAGGTGACTA,0,2868917
ompRp3,0.14285714285714285,6,6,ATTTAGGCTTATACATGACT,0,2881608
ompRp3,0.14285714285714285,6,6,ATTGCGCTTAATATAGCATG,0,2904193
ompRp3,0.14285714285714285,6,6,ATTGATATTGCCCCTTTGTG,0,2876868
ompRp3,0.14285714285714285,6,6,ATTGAGGTCCTTGTAAATAT,0,2877679
ompRp3,0.14285714285714285,6,6,ATTCTTTAGGACTCTAGGGT,0,2890988
ompRp3,0.14285714285714285,6,6,ATTCTGGCGTGCCGTGAGGT,0,2907549
ompRp3,0.14285714285714285,6,6,ATTATTTGCGGCAGGAGACT,0,2868481
ompRp3,0.14285714285714285,6,6,ATTATACCGTGTGGGCGATG,0,2898805
ompRp3,0.14285714285714285,6,6,ATTACGTTTCTACTTGAGAA,0,2867598
ompRp3,0.14285714285714285,6,6,ATTACGAGGTAGCGGTGTCC,0,2867974
ompRp3,0.14285714285714285,6,6,ATTACCCCACCCTGTAATGT,0,2895887
ompRp3,0.14285714285714285,6,6,ATGTTTCGTAATCTTTCCCT,0,2877712
ompRp3,0.14285714285714285,6,6,ATGTCCGGTTCCAGTCCGGA,0,2896161
ompRp3,0.14285714285714285,6,6,ATGTCCCGTGCGATCTGTGG,0,2904801
ompRp3,0.14285714285714285,6,6,ATGTCACACGAGATGGGCGA,0,2880249
ompRp3,0.14285714285714285,6,6,ATGTACTGACTCAAGTGTCC,0,2891208
ompRp3,0.14285714285714285,6,6,ATGTACTATGCTCGCCCTGT,0,2889591
ompRp3,0.14285714285714285,6,6,ATGTAAACGTGACGATCCAC,0,2893167
ompRp3,0.14285714285714285,6,6,ATGGAAGAACTCACGACTGA,0,2905097
ompRp3,0.14285714285714285,6,6,ATGATTGTGCCGTTATGCCA,0,2891165
ompRp3,0.14285714285714285,6,6,ATGATGAACGAAGAACAAGC,0,2901698
ompRp3,0.14285714285714285,6,6,ATGATATCAGTCGAAAAGTA,0,2871167
ompRp3,0.14285714285714285,6,6,ATGACGATATAAGATCTTAT,0,2877488
ompRp3,0.14285714285714285,6,6,ATGACACCGTGAAACCCCTC,0,2869345
ompRp3,0.14285714285714285,6,6,ATGACAATTACGCGGCTAAC,0,2868693
ompRp3,0.14285714285714285,6,6,ATGAAGGATACACTAAGGCC,0,2862952
ompRp3,0.14285714285714285,6,6,ATCTTGTACAGTGCGTATTC,0,2885982
ompRp3,0.14285714285714285,6,6,ATCTTCTTTGATCCCTCGAC,0,2865336
ompRp3,0.14285714285714285,6,6,ATCGTTTTTGTACCAGAAGT,0,2862964
ompRp3,0.14285714285714285,6,6,ATCGTTTCCACGTGCCTGAT,0,2906761
ompRp3,0.14285714285714285,6,6,ATCGGTACAGGGATTCACTT,0,2888078
ompRp3,0.14285714285714285,6,6,ATCGATGCAAACTATCCTTG,0,2880875
ompRp3,0.14285714285714285,6,6,ATCCGGCCCCGAGGTATTAT,0,2877396
ompRp3,0.14285714285714285,6,6,ATCCACGGTATCGAACCAAT,0,2900402
ompRp3,0.14285714285714285,6,6,ATCAGTATCGTAAGTGCTTA,0,2886897
ompRp3,0.14285714285714285,6,6,ATCAGGTGTCATGCGTAGCG,0,2883491
ompRp3,0.14285714285714285,6,6,ATCAGCGCCGGCAGACTTCT,0,2895160
ompRp3,0.14285714285714285,6,6,ATCACTTGCTAGAATAATCG,0,2873542
ompRp3,0.14285714285714285,6,6,ATCACCAGATATAACTGCAT,0,2899535
ompRp3,0.14285714285714285,6,6,ATATGGGTCGTTACAAACGG,0,2898920
ompRp3,0.14285714285714285,6,6,ATAGTGAGGCTACAATATCT,0,2867982
ompRp3,0.14285714285714285,6,6,ATAGGTGGGAGCACAGGTAC,0,2907292
ompRp3,0.14285714285714285,6,6,ATAGCGTTTGCAGAAAAGAG,0,2893807
ompRp3,0.14285714285714285,6,6,ATACATGACTAGAGTTTCCA,0,2899032
ompRp3,0.14285714285714285,6,6,ATAATCGAAGGGCATCGTTT,0,2873171
ompRp3,0.14285714285714285,6,6,ATAATCCAGCCCCTCTCGTG,0,2867578
ompRp3,0.14285714285714285,6,6,ATAATCAGAATTCCTCCCGC,0,2894249
ompRp3,0.14285714285714285,6,6,ATAAGGGGTACCGGGAAAAA,0,2872613
ompRp3,0.14285714285714285,6,6,ATAAGGACACTGCGTAGTCC,0,2894693
ompRp3,0.14285714285714285,6,6,ATAAGATGTGACAACGACAT,0,2891562
ompRp3,0.14285714285714285,6,6,ATAACGTCCGGCACACCGGG,0,2867800
ompRp3,0.14285714285714285,6,6,AGTTGTAGTGTCGAAACCAC,0,2873967
ompRp3,0.14285714285714285,6,6,AGTTCTGGTGTCGTACTCAC,0,2870797
ompRp3,0.14285714285714285,6,6,AGTTAAAAATTACTGAGCCT,0,2876300
ompRp3,0.14285714285714285,6,6,AGTGCTGGAAGCTTTCGACG,0,2891717
ompRp3,0.14285714285714285,6,6,AGTGCTCCGCCCTCAGTTGT,0,2880168
ompRp3,0.14285714285714285,6,6,AGTGATTATAGACTTAAAAT,0,2880408
ompRp3,0.14285714285714285,6,6,AGTGATGGGTGGGCTTGTGG,0,2862215
ompRp3,0.14285714285714285,6,6,AGTGATCCCATGAAACAAAT,0,2887535
ompRp3,0.14285714285714285,6,6,AGTCACATGAACTCATCTAA,0,2872156
ompRp3,0.14285714285714285,6,6,AGTACTTAAGAACCTAGTGA,0,2886532
ompRp3,0.14285714285714285,6,6,AGTACAACGCAGAGTTTAGG,0,2889409
ompRp3,0.14285714285714285,6,6,AGGTGTACGGCATGACTCTA,0,2872825
ompRp3,0.14285714285714285,6,6,AGGTCGAGAACGTATCTAAT,0,2898586
ompRp3,0.14285714285714285,6,6,AGGTAGTCCCGAATTTATGG,0,2865691
ompRp3,0.14285714285714285,6,6,AGGGTTTAGGACGCTGTACT,0,2866036
ompRp3,0.14285714285714285,6,6,AGGGCGTACTGTTATTTACC,0,2883821
ompRp3,0.14285714285714285,6,6,AGGGCACTCAAGATAGGTCA,0,2906569
ompRp3,0.14285714285714285,6,6,AGGCGAACGATAAATATTGA,0,2864643
ompRp3,0.14285714285714285,6,6,AGGCACGGCGCAATACAGAG,0,2873399
ompRp3,0.14285714285714285,6,6,AGGATCTTCTGCAGTAACCT,0,2906291
ompRp3,0.14285714285714285,6,6,AGGAGTGGATCGATCGTGTA,0,2869824
ompRp3,0.14285714285714285,6,6,AGCTTTAGAAATTGCGCGAC,0,2885305
ompRp3,0.14285714285714285,6,6,AGCTTGCTCCCGCCCGCGTG,0,2903243
ompRp3,0.14285714285714285,6,6,AGCTTCGACAATTTAGAGGG,0,2894509
ompRp3,0.14285714285714285,6,6,AGCTGCATTATGCTTTAGTC,0,2866603
ompRp3,0.14285714285714285,6,6,AGCTACCAAGAGACGTGACC,0,2905085
ompRp3,0.14285714285714285,6,6,AGCGTGGCGAGATTCCAGCG,0,2874009
ompRp3,0.14285714285714285,6,6,AGCGTACATCTTTTGAAAAA,0,2900132
ompRp3,0.14285714285714285,6,6,AGCGGCCGGACGTGACCACT,0,2891644
ompRp3,0.14285714285714285,6,6,AGCCCTCCATGGCTCTGGCA,0,2880969
ompRp3,0.14285714285714285,6,6,AGCCCCAGGAGCATGCATCA,0,2872631
ompRp3,0.14285714285714285,6,6,AGCCAGCTAACCTGTCTATT,0,2896371
ompRp3,0.14285714285714285,6,6,AGCCACGACCCAAAGTCTGC,0,2866817
ompRp3,0.14285714285714285,6,6,AGCATGCTAAATAGTAGGAC,0,2884477
ompRp3,0.14285714285714285,6,6,AGCATAATGGGGGGCTGTAC,0,2878057
ompRp3,0.14285714285714285,6,6,AGCAGGGCTAATCAGGTGTG,0,2865869
ompRp3,0.14285714285714285,6,6,AGCAGGAGGGTGCTCCATAT,0,2878022
ompRp3,0.14285714285714285,6,6,AGCAGCATTTTGCCCCCTAG,0,2866644
ompRp3,0.14285714285714285,6,6,AGCAATATCAAAGACGAGGC,0,2879773
ompRp3,0.14285714285714285,6,6,AGCAAGTGTTTGTAGCGATA,0,2888942
ompRp3,0.14285714285714285,6,6,AGCAAGCATCGGGATTCAAG,0,2863120
ompRp3,0.14285714285714285,6,6,AGATTTCACCTGAGCACCAC,0,2863763
ompRp3,0.14285714285714285,6,6,AGATTCTGGACCACTAGATA,0,2903012
ompRp3,0.14285714285714285,6,6,AGATCGCAACGCATCAGCGA,0,2886554
ompRp3,0.14285714285714285,6,6,AGATAGGCCGATCTCAGGTA,0,2881982
ompRp3,0.14285714285714285,6,6,AGAGTGTATAAAGATCGGCT,0,2906018
ompRp3,0.14285714285714285,6,6,AGAGTGATGTATACGGCGTT,0,2866052
ompRp3,0.14285714285714285,6,6,AGAGTCACACTTTAGAGGGG,0,2887051
ompRp3,0.14285714285714285,6,6,AGAGGCCCTGTCGGGACGAA,0,2890131
ompRp3,0.14285714285714285,6,6,AGAGCAGTACAGTCCTCCTA,0,2896770
ompRp3,0.14285714285714285,6,6,AGAGCAAAATTACAAGCGGA,0,2900236
ompRp3,0.14285714285714285,6,6,AGACTAAACGAGCACAGCAG,0,2906383
ompRp3,0.14285714285714285,6,6,AGACCATTATTTCTTAAATC,0,2874741
ompRp3,0.14285714285714285,6,6,AGACAATCATGAATTCTTGT,0,2892840
ompRp3,0.14285714285714285,6,6,AGACAAGCGATGTAACAGCG,0,2882293
ompRp3,0.14285714285714285,6,6,AGAATCTCTGTATTTAATAG,0,2868902
ompRp3,0.14285714285714285,6,6,AGAACCGTATGTCTGTCTCG,0,2899963
ompRp3,0.14285714285714285,6,6,AGAACCGGACGTAGGCACGT,0,2896547
ompRp3,0.14285714285714285,6,6,ACTTGTTCGTGCGAGAGTCT,0,2874643
ompRp3,0.14285714285714285,6,6,ACTTCGTCAGGAAGACTATG,0,2894998
ompRp3,0.14285714285714285,6,6,ACTTAGGTTTTCGGCCCGTT,0,2883982
ompRp3,0.14285714285714285,6,6,ACTGTGTTCATGTTGACCGT,0,2902592
ompRp3,0.14285714285714285,6,6,ACTGCCTATGGAAATAAACG,0,2900269
ompRp3,0.14285714285714285,6,6,ACTCGGCTCGAACCGAAATT,0,2870602
ompRp3,0.14285714285714285,6,6,ACTCCAGTTCAGCCGTACTT,0,2866504
ompRp3,0.14285714285714285,6,6,ACTCAGAAGGCTTAGAACCG,0,2873621
ompRp3,0.14285714285714285,6,6,ACTCACGGGCAGCCCTTGTA,0,2888099
ompRp3,0.14285714285714285,6,6,ACTCAAGGCCCAGGGAGTAC,0,2894603
ompRp3,0.14285714285714285,6,6,ACTAGCGACAACGGACGTTG,0,2887049
ompRp3,0.14285714285714285,6,6,ACTAAGAAATTACGCTGCAA,0,2884781
ompRp3,0.14285714285714285,6,6,ACTAACCAGACTACCTGGAA,0,2906609
ompRp3,0.14285714285714285,6,6,ACGTTGGGCAGATGGCCTAT,0,2883321
ompRp3,0.14285714285714285,6,6,ACGTGCTACTCTCGGCTTAA,0,2884873
ompRp3,0.14285714285714285,6,6,ACGTCTCGGTCCACGGATAC,0,2867752
ompRp3,0.14285714285714285,6,6,ACGTACTGTTCTCTGGTCGT,0,2889684
ompRp3,0.14285714285714285,6,6,ACGGGCATTAGGGCCAGTCT,0,2882605
ompRp3,0.14285714285714285,6,6,ACGCTTTTCGTGGATTCACT,0,2887636
ompRp3,0.14285714285714285,6,6,ACGCATCAGAACCTAGGGCA,0,2877455
ompRp3,0.14285714285714285,6,6,ACGCACGACCTCAGCCCGTG,0,2865963
ompRp3,0.14285714285714285,6,6,ACGATGTGCGGATGACGAGC,0,2870720
ompRp3,0.14285714285714285,6,6,ACGATGGTCACCCAATCCTA,0,2904014
ompRp3,0.14285714285714285,6,6,ACGACCTCAAAGTTAACCAC,0,2893734
ompRp3,0.14285714285714285,6,6,ACGAACCGGGGCAGGGAGCT,0,2863392
ompRp3,0.14285714285714285,6,6,ACGAAACGAGAGAGCGTGAG,0,2874803
ompRp3,0.14285714285714285,6,6,ACCTTGACGCATAGGAAGAA,0,2897836
ompRp3,0.14285714285714285,6,6,ACCTGTCTCATAATGTTATT,0,2881329
ompRp3,0.14285714285714285,6,6,ACCTGGAGTTAATATGTTGA,0,2879383
ompRp3,0.14285714285714285,6,6,ACCTGGAACGACCGGTCGAT,0,2895716
ompRp3,0.14285714285714285,6,6,ACCGTGTGTTTCCGGTATTT,0,2861212
ompRp3,0.14285714285714285,6,6,ACCGGTGGGATTGAGGGCTA,0,2863693
ompRp3,0.14285714285714285,6,6,ACCCAATGGAGATTTGTCGC,0,2862036
ompRp3,0.14285714285714285,6,6,ACCATCGAACGGGAGCTGCC,0,2901052
ompRp3,0.14285714285714285,6,6,ACCATATTCCACCTCGACCT,0,2863599
ompRp3,0.14285714285714285,6,6,ACCACGCTTCAGCCAGGTTA,0,2907680
ompRp3,0.14285714285714285,6,6,ACCACCCTCATCGGGTACGT,0,2884875
ompRp3,0.14285714285714285,6,6,ACATTGAGGGCGCCAGACTT,0,2887005
ompRp3,0.14285714285714285,6,6,ACATCGCTGCAAGTGGTTCG,0,2880390
ompRp3,0.14285714285714285,6,6,ACATCGACACGTCGTATTAA,0,2895379
ompRp3,0.14285714285714285,6,6,ACATCCCCATCCAGGACTGC,0,2904551
ompRp3,0.14285714285714285,6,6,ACATCATGACAATGACTACA,0,2878189
ompRp3,0.14285714285714285,6,6,ACATAACTTAATATAGAGGA,0,2887637
ompRp3,0.14285714285714285,6,6,ACAGTATCTAGGGTAGCGGT,0,2880778
ompRp3,0.14285714285714285,6,6,ACAGAAATTAACCGCGGTCG,0,2871570
ompRp3,0.14285714285714285,6,6,ACACTAACGCAGATTTGACA,0,2899019
ompRp3,0.14285714285714285,6,6,ACACCGTTCCGGGGTTTGGT,0,2905615
ompRp3,0.14285714285714285,6,6,ACACCCTTTTCTTTCACAAT,0,2874567
ompRp3,0.14285714285714285,6,6,ACACCACAGTGAAAGCTCGC,0,2895383
ompRp3,0.14285714285714285,6,6,ACACATAGAAAGTTTTCACT,0,2876922
ompRp3,0.14285714285714285,6,6,ACAACCCATAGTTTATTGCC,0,2863586
ompRp3,0.14285714285714285,6,6,ACAACATAGCGTTCATGTCA,0,2867431
ompRp3,0.14285714285714285,6,6,ACAACAGGCGCCTCTGAAGA,0,2861058
ompRp3,0.14285714285714285,6,6,AATTGTGCGAAATCGCCGCC,0,2883928
ompRp3,0.14285714285714285,6,6,AATTGCTTTGAATGGGGCTC,0,2903901
ompRp3,0.14285714285714285,6,6,AATTCGTTGCATCTTGAATG,0,2863698
ompRp3,0.14285714285714285,6,6,AATTATGGGGTTCGGGGTAC,0,2872758
ompRp3,0.14285714285714285,6,6,AATTACATTTGCCGATTCAG,0,2863859
ompRp3,0.14285714285714285,6,6,AATGGCACTACTAGAGTCGC,0,2902792
ompRp3,0.14285714285714285,6,6,AATGCTTAGTTCAATACAGT,0,2889073
ompRp3,0.14285714285714285,6,6,AATCGTTACCCTGCACATAA,0,2907192
ompRp3,0.14285714285714285,6,6,AATCGTAAGTGCTTCACCGC,0,2900225
ompRp3,0.14285714285714285,6,6,AATCGAATGGGGGTCGTCAC,0,2882063
ompRp3,0.14285714285714285,6,6,AATATTCTTGGTCAAACAAT,0,2891744
ompRp3,0.14285714285714285,6,6,AATATTCGGGATGAACGGCA,0,2871097
ompRp3,0.14285714285714285,6,6,AATAGATTTAGCGGGCTTAT,0,2865033
ompRp3,0.14285714285714285,6,6,AAGTGGAGATAGGCTCGTAC,0,2879399
ompRp3,0.14285714285714285,6,6,AAGTGAGGATCCGAACTATT,0,2884091
ompRp3,0.14285714285714285,6,6,AAGTCGGGTAATCACTAGAA,0,2907555
ompRp3,0.14285714285714285,6,6,AAGTCCTGCGGATAGGCGGG,0,2867028
ompRp3,0.14285714285714285,6,6,AAGTATCTAACCCAGACGAA,0,2875367
ompRp3,0.14285714285714285,6,6,AAGTATAAAGTATCAGTGCA,0,2893900
ompRp3,0.14285714285714285,6,6,AAGTAGTCAATTTCAGTTAT,0,2880472
ompRp3,0.14285714285714285,6,6,AAGGGTATTCTTCAGTTATC,0,2905705
ompRp3,0.14285714285714285,6,6,AAGGGTATAGAGAAGAGCTT,0,2874461
ompRp3,0.14285714285714285,6,6,AAGGGGGGTTATTATCCATT,0,2904572
ompRp3,0.14285714285714285,6,6,AAGGCTTCAATGGCGGGATT,0,2890486
ompRp3,0.14285714285714285,6,6,AAGGCTGGTAAAGCCAGAGA,0,2874303
ompRp3,0.14285714285714285,6,6,AAGCATGAACCCTAATATCG,0,2900643
ompRp3,0.14285714285714285,6,6,AAGAGAAGTTAAGATGGTTT,0,2903869
ompRp3,0.14285714285714285,6,6,AAGACACTCACCTGAAGCAA,0,2879565
ompRp3,0.14285714285714285,6,6,AACTTCCCAACGGACGGCGG,0,2900985
ompRp3,0.14285714285714285,6,6,AACTCGTTTTCACCGCTGAG,0,2901824
ompRp3,0.14285714285714285,6,6,AACTCGTATTTGGCTCCTGC,0,2906618
ompRp3,0.14285714285714285,6,6,AACTCGATACCAAGATACCG,0,2891380
ompRp3,0.14285714285714285,6,6,AACGTGTCGAGCGTGATTTA,0,2886393
ompRp3,0.14285714285714285,6,6,AACGCTAGTTACATGCCACC,0,2884282
ompRp3,0.14285714285714285,6,6,AACGCCAAAACGTAACGGCA,0,2880405
ompRp3,0.14285714285714285,6,6,AACCCAGGTTGCCCAGAATC,0,2898905
ompRp3,0.14285714285714285,6,6,AACAGACACAGCTAGATGCC,0,2881366
ompRp3,0.14285714285714285,6,6,AACACTGGTCAAATAGTTCG,0,2877972
ompRp3,0.14285714285714285,6,6,AAATTATATGATTCATGGCT,0,2892043
ompRp3,0.14285714285714285,6,6,AAATCGTAAACGATGCCAAA,0,2862496
ompRp3,0.14285714285714285,6,6,AAATCGGGGCGGCTCATCTT,0,2899012
ompRp3,0.14285714285714285,6,6,AAATATTCTCAACCGGCGTC,0,2862841
ompRp3,0.14285714285714285,6,6,AAATATTAGGCTAGAAACAG,0,2892272
ompRp3,0.14285714285714285,6,6,AAAGTTGCCCGGGCACGCCT,0,2865630
ompRp3,0.14285714285714285,6,6,AAAGGTTGGTGCCTCTGTGC,0,2894453
ompRp3,0.14285714285714285,6,6,AAAGGTTAGGGACCACAGTT,0,2901468
ompRp3,0.14285714285714285,6,6,AAAGCAGACGACCCGTTGCC,0,2886150
ompRp3,0.14285714285714285,6,6,AAAGACCCTAGGTGAATATG,0,2882323
ompRp3,0.14285714285714285,6,6,AAAGAATGTCCAAGTCCCGC,0,2898608
ompRp3,0.14285714285714285,6,6,AAACTTTCAAATTCCGAACT,0,2904086
ompRp3,0.14285714285714285,6,6,AAACTCTAACCGTGCGCTTC,0,2893750
ompRp3,0.14285714285714285,6,6,AAACGGTTTAAAGGGTGGCA,0,2902998
ompRp3,0.14285714285714285,6,6,AAACGCTCTGCTGGCACGAT,0,2894774
ompRp3,0.14285714285714285,6,6,AAACCCAGCTGCTCTAGGCT,0,2899300
ompRp3,0.14285714285714285,6,6,AAAATATACCAAGCCCCGGA,0,2878828
ompRp3,0.14285714285714285,6,6,AAAACAGGGTTCAGTGGGAC,0,2894726
ompRp3,0.16666666666666666,5,5,TTTTTTCCCTTAAAACAACT,0,2889412
ompRp3,0.16666666666666666,5,5,TTTTTGAAAATGCCACCTAA,0,2885835
ompRp3,0.16666666666666666,5,5,TTTTTCTTATGTGTGCACTG,0,2866961
ompRp3,0.16666666666666666,5,5,TTTTTAGCGGAATGCACGTT,0,2882371
ompRp3,0.16666666666666666,5,5,TTTTGTTGGATCTGACCTAC,0,2873462
ompRp3,0.16666666666666666,5,5,TTTTGGGTAGTAACCAGAAT,0,2884783
ompRp3,0.16666666666666666,5,5,TTTTGCTGCCTTTTCAACTT,0,2872928
ompRp3,0.16666666666666666,5,5,TTTTGACTGCGGATTTCATT,0,2885141
ompRp3,0.16666666666666666,5,5,TTTTCTTCGCAGTGACTTCA,0,2881469
ompRp3,0.16666666666666666,5,5,TTTGTAGCTCGCCTTCAGTT,0,2898362
ompRp3,0.16666666666666666,5,5,TTTGCTTATAACGTGTTCAA,0,2862353
ompRp3,0.16666666666666666,5,5,TTTGAGGAGCCGCTCCCTGC,0,2865010
ompRp3,0.16666666666666666,5,5,TTTGAGCTATCATCAACCCT,0,2903931
ompRp3,0.16666666666666666,5,5,TTTCGGCACTTCCACTGAGA,0,2878877
ompRp3,0.16666666666666666,5,5,TTTCCAAGAGTTTGCCCGGT,0,2866676
ompRp3,0.16666666666666666,5,5,TTTCATGCACATAGGCCGTA,0,2862948
ompRp3,0.16666666666666666,5,5,TTTCACTTTCTGCGAGCCCC,0,2898456
ompRp3,0.16666666666666666,5,5,TTTAGTTACTCCGCTTGGTA,0,2873459
ompRp3,0.16666666666666666,5,5,TTTACGGCAAAAGTAAGCGT,0,2873775
ompRp3,0.16666666666666666,5,5,TTGTGTATATTAAAAAGAGC,0,2879517
ompRp3,0.16666666666666666,5,5,TTGTATTTCTTGGGTAATAT,0,2893527
ompRp3,0.16666666666666666,5,5,TTGTATCTTACGAGGGCGCC,0,2870982
ompRp3,0.16666666666666666,5,5,TTGTAGTGCGGAGGGGGCTA,0,2897742
ompRp3,0.16666666666666666,5,5,TTGTACAACTTTCTATTAAA,0,2906168
ompRp3,0.16666666666666666,5,5,TTGTAACAAGCTCGACCTAG,0,2876858
ompRp3,0.16666666666666666,5,5,TTGGGCTGTACGCAATATAA,0,2895371
ompRp3,0.16666666666666666,5,5,TTGGCGTATATGTGGGGTGC,0,2894992
ompRp3,0.16666666666666666,5,5,TTGGCGGCTGCATCTGGCGC,0,2876738
ompRp3,0.16666666666666666,5,5,TTGGCCGAACTCAAGTTGCC,0,2876017
ompRp3,0.16666666666666666,5,5,TTGCTCGCTCGTACCAACCA,0,2883702
ompRp3,0.16666666666666666,5,5,TTGCCGCTGACCCGCTAAAA,0,2874120
ompRp3,0.16666666666666666,5,5,TTGCCACTGTCAGACCAGAT,0,2872399
ompRp3,0.16666666666666666,5,5,TTGCACATTTTTGCTCGGGA,0,2872146
ompRp3,0.16666666666666666,5,5,TTGAGGGTGCGGCTCGTTCA,0,2882248
ompRp3,0.16666666666666666,5,5,TTGAGGCCCGAAATGCGGGA,0,2866890
ompRp3,0.16666666666666666,5,5,TTGAGCGCGGAACGACACCT,0,2903102
ompRp3,0.16666666666666666,5,5,TTGACCCAGTGGAATGAAAA,0,2869991
ompRp3,0.16666666666666666,5,5,TTGACACAAGGTAGAACACC,0,2891612
ompRp3,0.16666666666666666,5,5,TTGAAGTTAGAAGCAATGCA,0,2903629
ompRp3,0.16666666666666666,5,5,TTCTTTCTCCACACGATCGC,0,2888795
ompRp3,0.16666666666666666,5,5,TTCTTCACTTATGCACTTTG,0,2894667
ompRp3,0.16666666666666666,5,5,TTCTCTCCTGCCTCCATGGG,0,2901868
ompRp3,0.16666666666666666,5,5,TTCTCGGTAATATATGCCGC,0,2891318
ompRp3,0.16666666666666666,5,5,TTCTCCTCTTCGCCTTTTAA,0,2870497
ompRp3,0.16666666666666666,5,5,TTCTCCAGACGATGGAGGTC,0,2876517
ompRp3,0.16666666666666666,5,5,TTCTAGCGCAAAATGATACA,0,2896260
ompRp3,0.16666666666666666,5,5,TTCTAGATTTTGTATTAGAA,0,2903019
ompRp3,0.16666666666666666,5,5,TTCGTCGCAAGTCCACGGTT,0,2901310
ompRp3,0.16666666666666666,5,5,TTCGTAGTATCTGAGAGCCG,0,2868584
ompRp3,0.16666666666666666,5,5,TTCGGGTTACCGTATCTACA,0,2866729
ompRp3,0.16666666666666666,5,5,TTCGGGGGCGGTTCAATAGT,0,2872327
ompRp3,0.16666666666666666,5,5,TTCGGCTGCTAGACTTAGGG,0,2864018
ompRp3,0.16666666666666666,5,5,TTCGGCCTGGGTGGCTCGAA,0,2889158
ompRp3,0.16666666666666666,5,5,TTCGCATGAAATCCTAGGAT,0,2880803
ompRp3,0.16666666666666666,5,5,TTCGAAGGAATCGCGGTAGC,0,2884610
ompRp3,0.16666666666666666,5,5,TTCCTGTATGTTTAGCGGTC,0,2878615
ompRp3,0.16666666666666666,5,5,TTCCCTAGGCGACGGCTTAT,0,2899277
ompRp3,0.16666666666666666,5,5,TTCCACGACAGATCGACAAT,0,2879417
ompRp3,0.16666666666666666,5,5,TTCATCCTTGTTGGCAAGTG,0,2901501
ompRp3,0.16666666666666666,5,5,TTCATAGGATACCTATCGCC,0,2901973
ompRp3,0.16666666666666666,5,5,TTCAATACAGAGGCTGAATC,0,2889186
ompRp3,0.16666666666666666,5,5,TTCAACGACCCCCTTATCTG,0,2894080
ompRp3,0.16666666666666666,5,5,TTCAAAGTAGTGCCAGCCGT,0,2895102
ompRp3,0.16666666666666666,5,5,TTATTAGCCGTCCCACCAGC,0,2902863
ompRp3,0.16666666666666666,5,5,TTATGTTATCAGTGGGGCCC,0,2873889
ompRp3,0.16666666666666666,5,5,TTATGTGAAGCAGCAACTTT,0,2906255
ompRp3,0.16666666666666666,5,5,TTATGGGAGCCGGATGTTCC,0,2878538
ompRp3,0.16666666666666666,5,5,TTATCTCTGATAGCTGGGCG,0,2889221
ompRp3,0.16666666666666666,5,5,TTATCGACACCGCCAAAAAC,0,2880189
ompRp3,0.16666666666666666,5,5,TTATCAATGTCGGCAGATCG,0,2893939
ompRp3,0.16666666666666666,5,5,TTATATCCCGATATTTGCTG,0,2867051
ompRp3,0.16666666666666666,5,5,TTATAGTCATTTCATGCCTT,0,2905515
ompRp3,0.16666666666666666,5,5,TTATAGGTTCTAATCAGCAA,0,2867145
ompRp3,0.16666666666666666,5,5,TTAGTTTTGTTCAGTACGCG,0,2891980
ompRp3,0.16666666666666666,5,5,TTAGGACTACTCATCGCGAA,0,2878480
ompRp3,0.16666666666666666,5,5,TTAGCGCGGAGAAGTCTGAT,0,2899199
ompRp3,0.16666666666666666,5,5,TTAGCACAGCGAGCCAGCAT,0,2881847
ompRp3,0.16666666666666666,5,5,TTAGAGTGCATGGGCTAAGA,0,2904233
ompRp3,0.16666666666666666,5,5,TTACTGATCGAGTCACACGC,0,2866418
ompRp3,0.16666666666666666,5,5,TTACTCCTTATTAAATCTTC,0,2888832
ompRp3,0.16666666666666666,5,5,TTACGCTGATCCTATCGCTC,0,2866194
ompRp3,0.16666666666666666,5,5,TTACGCAAATCCGGTACCAA,0,2881790
ompRp3,0.16666666666666666,5,5,TTACCGTGGGGGCGTTTCTG,0,2879547
ompRp3,0.16666666666666666,5,5,TTAAAAGCCTGCTATAACAG,0,2869602
ompRp3,0.16666666666666666,5,5,TGTTTTCGGCAGGTGGCAAT,0,2895609
ompRp3,0.16666666666666666,5,5,TGTTTGTGGCAGAGTAAAAT,0,2883646
ompRp3,0.16666666666666666,5,5,TGTTTCAAGACATCTCCTTG,0,2881082
ompRp3,0.16666666666666666,5,5,TGTTTACATAGGAAACCTGG,0,2862581
ompRp3,0.16666666666666666,5,5,TGTTGTATACCTGGGCTTAG,0,2874993
ompRp3,0.16666666666666666,5,5,TGTTGCTTAACGGGTGCAAG,0,2888971
ompRp3,0.16666666666666666,5,5,TGTTGCCACAGTTTAGCGGC,0,2885662
ompRp3,0.16666666666666666,5,5,TGTTGACAAGACGATATCTA,0,2895456
ompRp3,0.16666666666666666,5,5,TGTTAGGGGTGTCTGGAGTA,0,2890334
ompRp3,0.16666666666666666,5,5,TGTGTCATAGTGGGATGTAT,0,2903553
ompRp3,0.16666666666666666,5,5,TGTCTTAGTATCTGCCCTAT,0,2896912
ompRp3,0.16666666666666666,5,5,TGTCTCCTACCGGGGTTTTT,0,2878179
ompRp3,0.16666666666666666,5,5,TGTCTAGGAGACGAGCTCCA,0,2861642
ompRp3,0.16666666666666666,5,5,TGTCGTTGTTCTTTACTGCA,0,2866986
ompRp3,0.16666666666666666,5,5,TGTCGCTATTAATCCAAAAA,0,2860758
ompRp3,0.16666666666666666,5,5,TGTCAAGTACAGTCCGGAGT,0,2906350
ompRp3,0.16666666666666666,5,5,TGTCAACATGCTGGCGTGGG,0,2875677
ompRp3,0.16666666666666666,5,5,TGTAATTGTGGTTTTTGCCC,0,2904261
ompRp3,0.16666666666666666,5,5,TGTAAAGCCGGGCATTCGTT,0,2890805
ompRp3,0.16666666666666666,5,5,TGGTGGGCGCACTGGGCGCC,0,2885381
ompRp3,0.16666666666666666,5,5,TGGTACTATTAAGTAGGTAA,0,2863768
ompRp3,0.16666666666666666,5,5,TGGGTCACTCTAATGCAAAA,0,2879015
ompRp3,0.16666666666666666,5,5,TGGGGTGTCCTCCCACTGCG,0,2884398
ompRp3,0.16666666666666666,5,5,TGGGCTATTACACGTTTCCT,0,2905707
ompRp3,0.16666666666666666,5,5,TGGGCGTCGAGATCGCAGTC,0,2904701
ompRp3,0.16666666666666666,5,5,TGGGCAGGAATCGTTAGCCT,0,2877604
ompRp3,0.16666666666666666,5,5,TGGCTTCGCCTCTTATGTCG,0,2883223
ompRp3,0.16666666666666666,5,5,TGGCGCAGTCCAGTAATTAT,0,2883585
ompRp3,0.16666666666666666,5,5,TGGCATTGTCGGGGTGATCT,0,2896339
ompRp3,0.16666666666666666,5,5,TGGCAGCTTTTCTGTACGCC,0,2875245
ompRp3,0.16666666666666666,5,5,TGGCACTTTGATCGGAGAAG,0,2896093
ompRp3,0.16666666666666666,5,5,TGGAAGATGGTCGGGATTGC,0,2896744
ompRp3,0.16666666666666666,5,5,TGCTAGTTTTGAGGCCTAAC,0,2878160
ompRp3,0.16666666666666666,5,5,TGCTACGAAAAGGTTCCTTG,0,2888084
ompRp3,0.16666666666666666,5,5,TGCTAAGGGACCCATCTGGT,0,2904770
ompRp3,0.16666666666666666,5,5,TGCGGCTGTTTTGAGTTACA,0,2865615
ompRp3,0.16666666666666666,5,5,TGCGGATTGAAATTTCTTTT,0,2907193
ompRp3,0.16666666666666666,5,5,TGCGACCAAACGTGCGAAGT,0,2868721
ompRp3,0.16666666666666666,5,5,TGCCGGCTATACAAGATTCG,0,2872767
ompRp3,0.16666666666666666,5,5,TGCCATTAGATTCGTCAATA,0,2893160
ompRp3,0.16666666666666666,5,5,TGCCAGTGATACAGTTCGCA,0,2864001
ompRp3,0.16666666666666666,5,5,TGCACTGGCACGGGTTCTGG,0,2883738
ompRp3,0.16666666666666666,5,5,TGATTTGTAGGGAAAGATCC,0,2860793
ompRp3,0.16666666666666666,5,5,TGATTCTCCAGCGTCGCCAG,0,2874468
ompRp3,0.16666666666666666,5,5,TGATCTGTCGAATATTAGTC,0,2870107
ompRp3,0.16666666666666666,5,5,TGATATATTCGAGATACCCA,0,2880220
ompRp3,0.16666666666666666,5,5,TGATAACAGGCCCTATGTGC,0,2903141
ompRp3,0.16666666666666666,5,5,TGACCAAGCTAGGTATTGAA,0,2897354
ompRp3,0.16666666666666666,5,5,TGAATTTGCGAAAACATTCT,0,2887657
ompRp3,0.16666666666666666,5,5,TGAATGGGGCACTTCTGGAA,0,2906327
ompRp3,0.16666666666666666,5,5,TGAAAAAGTCATAGACAGTT,0,2897663
ompRp3,0.16666666666666666,5,5,TCTTTCAAAGGTGTAATTCT,0,2888788
ompRp3,0.16666666666666666,5,5,TCTGTCAAACCTGCGCAGCT,0,2881148
ompRp3,0.16666666666666666,5,5,TCTGGGTACGATCAGACTCC,0,2878766
ompRp3,0.16666666666666666,5,5,TCTGGCGATTGCCAAGCCAT,0,2865934
ompRp3,0.16666666666666666,5,5,TCTGCATAAGAAACTCATGG,0,2889047
ompRp3,0.16666666666666666,5,5,TCTCCATCATCGGTGTGTCG,0,2872095
ompRp3,0.16666666666666666,5,5,TCTCATCAAAGGGTATAATT,0,2887639
ompRp3,0.16666666666666666,5,5,TCTATACACAGATGCTAGCT,0,2899671
ompRp3,0.16666666666666666,5,5,TCTACGGGTGGCTCGGCGTT,0,2868585
ompRp3,0.16666666666666666,5,5,TCTAAAAGCAAGAGGCTGGT,0,2900388
ompRp3,0.16666666666666666,5,5,TCGTTGCAGGCAAAGCGCAT,0,2871758
ompRp3,0.16666666666666666,5,5,TCGTTCTTCCCTGAAGGATT,0,2884017
ompRp3,0.16666666666666666,5,5,TCGTGCAGCTTAGACGGCCT,0,2877578
ompRp3,0.16666666666666666,5,5,TCGTCAATGATTGGTCCTGA,0,2878262
ompRp3,0.16666666666666666,5,5,TCGGGTTAGCGCATGTTCAA,0,2880812
ompRp3,0.16666666666666666,5,5,TCGGAGACCCATCAGCCGTA,0,2865217
ompRp3,0.16666666666666666,5,5,TCGGACAGCATGATAAGAAC,0,2904868
ompRp3,0.16666666666666666,5,5,TCGGAAGGTATGACGTTCGC,0,2898662
ompRp3,0.16666666666666666,5,5,TCGGAAACTGTTACGATAGT,0,2896667
ompRp3,0.16666666666666666,5,5,TCGCTGAACTGGTTTGAGAC,0,2882228
ompRp3,0.16666666666666666,5,5,TCGCCGTGAAATGTCCCTCT,0,2875457
ompRp3,0.16666666666666666,5,5,TCGATCGCCTTACCGTCAGG,0,2891256
ompRp3,0.16666666666666666,5,5,TCCTGTGAGGAATGAAGGAT,0,2894019
ompRp3,0.16666666666666666,5,5,TCCTGGAGGGGTAGAGGGTA,0,2888308
ompRp3,0.16666666666666666,5,5,TCCTGGACACTTCGCCAAAA,0,2884825
ompRp3,0.16666666666666666,5,5,TCCTCCTGGAGTAATTGCGT,0,2862041
ompRp3,0.16666666666666666,5,5,TCCTATAGAGGAGCTGACCC,0,2890098
ompRp3,0.16666666666666666,5,5,TCCGTTCTGAGTAACACTTA,0,2873123
ompRp3,0.16666666666666666,5,5,TCCGTCGAGGTACGGGACGG,0,2881036
ompRp3,0.16666666666666666,5,5,TCCGGGGAGCCAGGTTTGCC,0,2902601
ompRp3,0.16666666666666666,5,5,TCCGCCTACATGTACCTATG,0,2873391
ompRp3,0.16666666666666666,5,5,TCCGACCGCCGCCCCTCTCC,0,2895119
ompRp3,0.16666666666666666,5,5,TCCGACATAGCGATCAGTGA,0,2878075
ompRp3,0.16666666666666666,5,5,TCCCTATCCTTGCCTACTAC,0,2898276
ompRp3,0.16666666666666666,5,5,TCCCGTAACCATCAGGCTAG,0,2866768
ompRp3,0.16666666666666666,5,5,TCCCGGTCTGAGCACATAAC,0,2865665
ompRp3,0.16666666666666666,5,5,TCCCGACAGATTTGAATCCG,0,2864772
ompRp3,0.16666666666666666,5,5,TCCCCCTGCACTCTAGGTTT,0,2880599
ompRp3,0.16666666666666666,5,5,TCCATTTACACCAAGTGGGA,0,2864514
ompRp3,0.16666666666666666,5,5,TCCAGGATCATTCATCGTAA,0,2897558
ompRp3,0.16666666666666666,5,5,TCCACTTAACTGTCTTGCGT,0,2895906
ompRp3,0.16666666666666666,5,5,TCCACACATTGCTACGGTTT,0,2898186
ompRp3,0.16666666666666666,5,5,TCCAACAATGAAAGGGACCC,0,2896728
ompRp3,0.16666666666666666,5,5,TCATATGGGTGCACCCTCAC,0,2897330
ompRp3,0.16666666666666666,5,5,TCATATGGCCGAACCAACTG,0,2902103
ompRp3,0.16666666666666666,5,5,TCATAGTAAAAGCGACTTCC,0,2876066
ompRp3,0.16666666666666666,5,5,TCAGTTAGCGATGATGGAGT,0,2902346
ompRp3,0.16666666666666666,5,5,TCAGTGCTTCAACACCGATC,0,2890543
ompRp3,0.16666666666666666,5,5,TCAGTAGTCCCGTCTACGGT,0,2898261
ompRp3,0.16666666666666666,5,5,TCAGGGGCCTCCAATAGTCT,0,2861715
ompRp3,0.16666666666666666,5,5,TCAGGCGCTACAGACGGTGG,0,2866137
ompRp3,0.16666666666666666,5,5,TCAGGCGCGGCACCTTGTGC,0,2883723
ompRp3,0.16666666666666666,5,5,TCAGGAAGGTTAGCGGTGAT,0,2886277
ompRp3,0.16666666666666666,5,5,TCAGCGACGACCACTTGATC,0,2891879
ompRp3,0.16666666666666666,5,5,TCACCTGTGATGACTGTGTG,0,2894938
ompRp3,0.16666666666666666,5,5,TCACAGATCAGATTTTCAAT,0,2894777
ompRp3,0.16666666666666666,5,5,TCACACAGAGACAGTGTAAA,0,2891023
ompRp3,0.16666666666666666,5,5,TCAATTGGTAACGTCTCCGG,0,2903250
ompRp3,0.16666666666666666,5,5,TCAAGCACGTAACAGACGGG,0,2892641
ompRp3,0.16666666666666666,5,5,TCAAAGGTTTGAAGATTATG,0,2885131
ompRp3,0.16666666666666666,5,5,TCAAACGAGTTGTAGGGGGC,0,2863976
ompRp3,0.16666666666666666,5,5,TATTTATAAAATACACCTTC,0,2880804
ompRp3,0.16666666666666666,5,5,TATTGTCGTCAAGGGAGTCA,0,2883291
ompRp3,0.16666666666666666,5,5,TATTGAGGTCGCCGAGGGGT,0,2879600
ompRp3,0.16666666666666666,5,5,TATGTGGTGCGGACAGATCA,0,2886404
ompRp3,0.16666666666666666,5,5,TATGTAACTCTGGCAAACCC,0,2868547
ompRp3,0.16666666666666666,5,5,TATGCTAAGGGGCTGAATCT,0,2870005
ompRp3,0.16666666666666666,5,5,TATGAAGTGGTCGCGTCCTT,0,2895504
ompRp3,0.16666666666666666,5,5,TATCTGCACCTCTATAAAAT,0,2878398
ompRp3,0.16666666666666666,5,5,TATCGTACCTTATTCCATGT,0,2878302
ompRp3,0.16666666666666666,5,5,TATACTTTGAGATTGTGTGA,0,2896714
ompRp3,0.16666666666666666,5,5,TATACCCCAATCGGCACACA,0,2890243
ompRp3,0.16666666666666666,5,5,TATAATTACAAGGGCCTGCG,0,2887446
ompRp3,0.16666666666666666,5,5,TATAACAATTTAAGGTGGGA,0,2879798
ompRp3,0.16666666666666666,5,5,TAGGTGAGCTGCAATTTGCC,0,2903326
ompRp3,0.16666666666666666,5,5,TAGGGCCTAAGTTGCGTCTA,0,2881440
ompRp3,0.16666666666666666,5,5,TAGGGCAGTTGACGGCCAAT,0,2865793
ompRp3,0.16666666666666666,5,5,TAGCTCGATAGTAAGACCTT,0,2863971
ompRp3,0.16666666666666666,5,5,TAGCGAAGATTGACCTCAGA,0,2867661
ompRp3,0.16666666666666666,5,5,TAGCGAACTAAGAGCGTGCC,0,2878756
ompRp3,0.16666666666666666,5,5,TAGATCCCACACCTACTCCA,0,2862034
ompRp3,0.16666666666666666,5,5,TAGAGTCTATTACTTGGGGT,0,2895790
ompRp3,0.16666666666666666,5,5,TAGAGTATCAACATGGTCAA,0,2866452
ompRp3,0.16666666666666666,5,5,TAGAGCGCTACTACCTCGAC,0,2902020
ompRp3,0.16666666666666666,5,5,TAGAAAGTTATTCACTCGTG,0,2873625
ompRp3,0.16666666666666666,5,5,TACTGCCGGCGGGATATTAG,0,2866506
ompRp3,0.16666666666666666,5,5,TACTCTGTTAACCCGAGAAG,0,2866352
ompRp3,0.16666666666666666,5,5,TACGGGGAATTCAATTACGA,0,2877112
ompRp3,0.16666666666666666,5,5,TACGGAGGTGAACGATAATC,0,2879476
ompRp3,0.16666666666666666,5,5,TACGAAGAGCCTTACAGCTG,0,2896276
ompRp3,0.16666666666666666,5,5,TACCTCGGTAAGAAATTGAT,0,2896490
ompRp3,0.16666666666666666,5,5,TACCGAAGTTCTGTCCCAGG,0,2884897
ompRp3,0.16666666666666666,5,5,TACCCAAGGGTTATTAAAAC,0,2897351
ompRp3,0.16666666666666666,5,5,TACCAAAATCTGCGTGATCT,0,2867445
ompRp3,0.16666666666666666,5,5,TACATTCCTGCAATAGTCAA,0,2883920
ompRp3,0.16666666666666666,5,5,TACAGGGCACGCAGAATGTA,0,2880307
ompRp3,0.16666666666666666,5,5,TACAGCCCGGCAGCCCAGCG,0,2871817
ompRp3,0.16666666666666666,5,5,TAATTCTACCCTCCTAGCGT,0,2887074
ompRp3,0.16666666666666666,5,5,TAATTACCTGGGGACGGTCG,0,2901945
ompRp3,0.16666666666666666,5,5,TAATGGCTTGGGCTATCCAT,0,2896655
ompRp3,0.16666666666666666,5,5,TAAGTACTATCCAGTTATTG,0,2890416
ompRp3,0.16666666666666666,5,5,TAAGTAAGTATGTGTCTCTA,0,2862430
ompRp3,0.16666666666666666,5,5,TAACTACCATGGGTTCCAGG,0,2902764
ompRp3,0.16666666666666666,5,5,TAAATCAGTCTTACTCCGGT,0,2866406
ompRp3,0.16666666666666666,5,5,TAAAGTTTTGTGCAGGGTGA,0,2875715
ompRp3,0.16666666666666666,5,5,TAAAACCCGTACAGGGCTAC,0,2897631
ompRp3,0.16666666666666666,5,5,GTTTGGGTGTGGGGTAAGAG,0,2865078
ompRp3,0.16666666666666666,5,5,GTTTGCCAAACGGGGTAATA,0,2907067
ompRp3,0.16666666666666666,5,5,GTTTGACTAGCCCGGACGTT,0,2883714
ompRp3,0.16666666666666666,5,5,GTTTCGAAAACTCTAGAGGG,0,2881001
ompRp3,0.16666666666666666,5,5,GTTTCCGGACTCATGTTGCA,0,2879047
ompRp3,0.16666666666666666,5,5,GTTTACCCTAGATACGGAGC,0,2893503
ompRp3,0.16666666666666666,5,5,GTTTAATTATAGACAGGCCA,0,2870813
ompRp3,0.16666666666666666,5,5,GTTTAATGGGGTTTTGACCT,0,2897648
ompRp3,0.16666666666666666,5,5,GTTTAAACAAAAAATGTGGC,0,2861693
ompRp3,0.16666666666666666,5,5,GTTGTCTACACCTTAAGGGT,0,2899120
ompRp3,0.16666666666666666,5,5,GTTGTAATTTTAGTTATAGG,0,2893767
ompRp3,0.16666666666666666,5,5,GTTGGTCCATGTCGATCCAC,0,2885389
ompRp3,0.16666666666666666,5,5,GTTGCAGGCCAGCTCACGGA,0,2876621
ompRp3,0.16666666666666666,5,5,GTTCTTCTAGAGATATTCGG,0,2870946
ompRp3,0.16666666666666666,5,5,GTTCGGCTCGCGGCACAGTC,0,2899081
ompRp3,0.16666666666666666,5,5,GTTCAGGGTTGGGTCTATAA,0,2878477
ompRp3,0.16666666666666666,5,5,GTTCACCGCTTGACTGAGGC,0,2889849
ompRp3,0.16666666666666666,5,5,GTTCAATTGAATCCCATACT,0,2864930
ompRp3,0.16666666666666666,5,5,GTTATGATCCTTCGGATAAG,0,2863546
ompRp3,0.16666666666666666,5,5,GTTATATGCGTACAGACTGA,0,2882457
ompRp3,0.16666666666666666,5,5,GTTAGATGGTGATGCAGTGT,0,2904411
ompRp3,0.16666666666666666,5,5,GTTACTATTTTTTCTATAGC,0,2903716
ompRp3,0.16666666666666666,5,5,GTTAAGACTCGGATTCATAT,0,2889640
ompRp3,0.16666666666666666,5,5,GTTAAAGGCTTCTAACTTTC,0,2897823
ompRp3,0.16666666666666666,5,5,GTTAAACCACGTCTGAGGCA,0,2877081
ompRp3,0.16666666666666666,5,5,GTGTGCCCTTTAATGAGGCG,0,2866277
ompRp3,0.16666666666666666,5,5,GTGTATCAAGGGCTGTCGGC,0,2895452
ompRp3,0.16666666666666666,5,5,GTGGTCAGTCTCAAGGCTCA,0,2864837
ompRp3,0.16666666666666666,5,5,GTGGAAAACCGAGTTCTACC,0,2895505
ompRp3,0.16666666666666666,5,5,GTGCGCGTGAGGTAGGGCGC,0,2865668
ompRp3,0.16666666666666666,5,5,GTGCGCAGTTTTGGAACACA,0,2877755
ompRp3,0.16666666666666666,5,5,GTGCATTACATAGTTTGGTT,0,2900553
ompRp3,0.16666666666666666,5,5,GTGATGCTGGGTGACTGGCA,0,2874541
ompRp3,0.16666666666666666,5,5,GTGAGCTTGATGATTCTGAT,0,2886997
ompRp3,0.16666666666666666,5,5,GTGACATCATTGCACCGCAT,0,2902914
ompRp3,0.16666666666666666,5,5,GTCTGGCTACGACGCGTCAT,0,2902690
ompRp3,0.16666666666666666,5,5,GTCTGACGACACAGGTTATT,0,2903137
ompRp3,0.16666666666666666,5,5,GTCTACGGCGGAAACATACC,0,2898491
ompRp3,0.16666666666666666,5,5,GTCGGTCTTTCTAGGGTAGC,0,2886728
ompRp3,0.16666666666666666,5,5,GTCGGGGCAAAGATGACATA,0,2897476
ompRp3,0.16666666666666666,5,5,GTCGAGCTCATGCGTGTAAA,0,2864438
ompRp3,0.16666666666666666,5,5,GTCCTCAATTAAGCCTACGA,0,2906497
ompRp3,0.16666666666666666,5,5,GTCCGGGAACGCGCGGACAA,0,2906784
ompRp3,0.16666666666666666,5,5,GTCCGCGTCACGGTCAGAAT,0,2877038
ompRp3,0.16666666666666666,5,5,GTCCGAACGGTATGTATGGT,0,2886765
ompRp3,0.16666666666666666,5,5,GTCCACTTATATGTGATCCA,0,2881707
ompRp3,0.16666666666666666,5,5,GTCAGGAACACAGAGGTTCC,0,2868968
ompRp3,0.16666666666666666,5,5,GTCAGCTGTTGCGATCCGAA,0,2878458
ompRp3,0.16666666666666666,5,5,GTCAATTTTGAAGAGTTCTG,0,2864364
ompRp3,0.16666666666666666,5,5,GTCAACCAAGCCAAGATCAA,0,2870624
ompRp3,0.16666666666666666,5,5,GTATGTACCAGGGACGTAAA,0,2885248
ompRp3,0.16666666666666666,5,5,GTATGCCTCCCTATTACCAA,0,2895563
ompRp3,0.16666666666666666,5,5,GTATGCAATTACGGAGCGAG,0,2870346
ompRp3,0.16666666666666666,5,5,GTATCTAGAGCGAGGAGAAC,0,2897975
ompRp3,0.16666666666666666,5,5,GTATATGCTGTAATTCTAGA,0,2905528
ompRp3,0.16666666666666666,5,5,GTATATGATAGCCCATAAAA,0,2895441
ompRp3,0.16666666666666666,5,5,GTATATGAGAGTGCCGATAC,0,2872295
ompRp3,0.16666666666666666,5,5,GTAGACTCTAGATGCCGATT,0,2898718
ompRp3,0.16666666666666666,5,5,GTAGAAACCATTTCTAGTCT,0,2881292
ompRp3,0.16666666666666666,5,5,GTACTGCGTATAGGGCTCAT,0,2898485
ompRp3,0.16666666666666666,5,5,GTACTCTTAATTCATCGCAT,0,2869650
ompRp3,0.16666666666666666,5,5,GTACCATGATAGGTTACTAA,0,2905375
ompRp3,0.16666666666666666,5,5,GTACACGGGTGGAGCCAACT,0,2862787
ompRp3,0.16666666666666666,5,5,GTAATAAATCGCGTCTTTAC,0,2861468
ompRp3,0.16666666666666666,5,5,GTAACTGTCGAGCCTATGGG,0,2861397
ompRp3,0.16666666666666666,5,5,GTAAATAAAACACTTGGAGT,0,2884797
ompRp3,0.16666666666666666,5,5,GTAAAACGTCATTGGAGGGA,0,2879390
ompRp3,0.16666666666666666,5,5,GGTTTGGATACCGGCAGGAT,0,2878519
ompRp3,0.16666666666666666,5,5,GGTTTGCACAAGCTGTAAGA,0,2868026
ompRp3,0.16666666666666666,5,5,GGTTAACGCGTTAGTCCAGG,0,2863931
ompRp3,0.16666666666666666,5,5,GGTTAACGCAAATGGAAAGG,0,2873449
ompRp3,0.16666666666666666,5,5,GGTGTTCATGAATGGTAAGA,0,2902509
ompRp3,0.16666666666666666,5,5,GGTGGAGGATTTATGGAGAT,0,2890302
ompRp3,0.16666666666666666,5,5,GGTGCGGACAAGGTGCCGTG,0,2900616
ompRp3,0.16666666666666666,5,5,GGTGCATCTTCCGGCTATTA,0,2880376
ompRp3,0.16666666666666666,5,5,GGTGACGCACCTGGGTGGGA,0,2886937
ompRp3,0.16666666666666666,5,5,GGTGACCTCTACGTCGCAAC,0,2862796
ompRp3,0.16666666666666666,5,5,GGTCGTTTCCGGACTTGAGT,0,2884785
ompRp3,0.16666666666666666,5,5,GGTCCAGGCTTTTAATCGTA,0,2890072
ompRp3,0.16666666666666666,5,5,GGTATTAGACGCCAGGCAGA,0,2893790
ompRp3,0.16666666666666666,5,5,GGTATCGGGTGTCCAGTAAC,0,2865957
ompRp3,0.16666666666666666,5,5,GGTAGGTTACACTTCTGGCT,0,2867131
ompRp3,0.16666666666666666,5,5,GGTAATCCCTTTTGTGATGT,0,2876427
ompRp3,0.16666666666666666,5,5,GGTAAGTCTTTTTTCTTTCC,0,2871237
ompRp3,0.16666666666666666,5,5,GGGTTGTTAAATAACAGCAT,0,2870959
ompRp3,0.16666666666666666,5,5,GGGTGCCTGGTACTGTACGC,0,2870579
ompRp3,0.16666666666666666,5,5,GGGTATCGGTTAACCTTAAA,0,2906173
ompRp3,0.16666666666666666,5,5,GGGGTTAAGGAAAAATTGAT,0,2904946
ompRp3,0.16666666666666666,5,5,GGGGTTAACCGCAGTTGATG,0,2882331
ompRp3,0.16666666666666666,5,5,GGGGGCTCCTTTTATAAGGA,0,2906007
ompRp3,0.16666666666666666,5,5,GGGGCGCAGACATTGTCCCG,0,2880927
ompRp3,0.16666666666666666,5,5,GGGGAACTCGATTGGCGAGC,0,2875040
ompRp3,0.16666666666666666,5,5,GGGCTGGATTGAGTACAAAC,0,2881304
ompRp3,0.16666666666666666,5,5,GGGCTGCCAGCGTGTCGTAC,0,2899706
ompRp3,0.16666666666666666,5,5,GGGCGTTGTCCAACTTGTAT,0,2892454
ompRp3,0.16666666666666666,5,5,GGGCCTGGTAGTCGTCTATA,0,2893613
ompRp3,0.16666666666666666,5,5,GGGCATGTAGGGCAACATTC,0,2889070
ompRp3,0.16666666666666666,5,5,GGGATTCGCTTAATCTACTC,0,2876499
ompRp3,0.16666666666666666,5,5,GGGATCTGAAGATCCGCACA,0,2879408
ompRp3,0.16666666666666666,5,5,GGGATAGACGGCCGGTGCCC,0,2905753
ompRp3,0.16666666666666666,5,5,GGGACTGCAAGGCGACGTGG,0,2891528
ompRp3,0.16666666666666666,5,5,GGGAACCCGACATCACCGGT,0,2893117
ompRp3,0.16666666666666666,5,5,GGCTTTTGATTCTGGCAGGT,0,2896304
ompRp3,0.16666666666666666,5,5,GGCTTCTAGAGTCACTATGC,0,2878221
ompRp3,0.16666666666666666,5,5,GGCTTCAGATTAAAACTCAG,0,2890366
ompRp3,0.16666666666666666,5,5,GGCTGTTTGGGGGAAGCCGT,0,2863416
ompRp3,0.16666666666666666,5,5,GGCTGGCGGAGACACGACCG,0,2874534
ompRp3,0.16666666666666666,5,5,GGCTCCAGCGCCATATGCTA,0,2907566
ompRp3,0.16666666666666666,5,5,GGCTCATTGAAATAGTTCTC,0,2905332
ompRp3,0.16666666666666666,5,5,GGCTCAGGATAGCACTAAGG,0,2877411
ompRp3,0.16666666666666666,5,5,GGCGTTCATAGTGTTTCATG,0,2867654
ompRp3,0.16666666666666666,5,5,GGCGTGGGCGTGACGAGTGT,0,2866422
ompRp3,0.16666666666666666,5,5,GGCGTAGTGTGTTCAATCTA,0,2901456
ompRp3,0.16666666666666666,5,5,GGCGGTCTATCTTGGGTCGT,0,2868215
ompRp3,0.16666666666666666,5,5,GGCGGGGCAGAACGGGATCT,0,2875212
ompRp3,0.16666666666666666,5,5,GGCGCTTGTACGTGTATATG,0,2896236
ompRp3,0.16666666666666666,5,5,GGCGCCACTCATAACGATGG,0,2898777
ompRp3,0.16666666666666666,5,5,GGCGCACGGCATATTTTTTA,0,2877333
ompRp3,0.16666666666666666,5,5,GGCGAGGGCGAACTTGTGTC,0,2862971
ompRp3,0.16666666666666666,5,5,GGCCTTGTTTAGTCCGAGGA,0,2879620
ompRp3,0.16666666666666666,5,5,GGCCTTGGAAATTTATTAAG,0,2905526
ompRp3,0.16666666666666666,5,5,GGCCTTGCGGTGTATCGTAA,0,2876096
ompRp3,0.16666666666666666,5,5,GGCCTCTGGGGCAAAGCGTC,0,2907359
ompRp3,0.16666666666666666,5,5,GGCCCACCGTTTGTATCCCG,0,2867513
ompRp3,0.16666666666666666,5,5,GGCCATCAAGCTTGTAAGCA,0,2882225
ompRp3,0.16666666666666666,5,5,GGCAGCCAGTGTGGTCGAGG,0,2875166
ompRp3,0.16666666666666666,5,5,GGCACGGGAGATATACTGAT,0,2868360
ompRp3,0.16666666666666666,5,5,GGCAACCCGTCCCTATCCCA,0,2891559
ompRp3,0.16666666666666666,5,5,GGATTCAGCATGCGTAGGCG,0,2898881
ompRp3,0.16666666666666666,5,5,GGATTAGAGATATGATAGTG,0,2905276
ompRp3,0.16666666666666666,5,5,GGATGCCTTAGGTCTGCTTT,0,2897041
ompRp3,0.16666666666666666,5,5,GGATCCTAGTCCTATGGATA,0,2888732
ompRp3,0.16666666666666666,5,5,GGATCAGTAATGGCGCTTGG,0,2901533
ompRp3,0.16666666666666666,5,5,GGAGTAGGGATAAACACCCT,0,2877896
ompRp3,0.16666666666666666,5,5,GGAGGGATCGCCCTAGTACT,0,2882910
ompRp3,0.16666666666666666,5,5,GGACGCGATCGATCAGCCCC,0,2876027
ompRp3,0.16666666666666666,5,5,GGACATATATACACAGATCT,0,2895633
ompRp3,0.16666666666666666,5,5,GGACAGTTTATTGATATGGA,0,2872504
ompRp3,0.16666666666666666,5,5,GGACAATAGGACGGAGTGTT,0,2906665
ompRp3,0.16666666666666666,5,5,GGAATTTATTTAGTATTCAA,0,2865495
ompRp3,0.16666666666666666,5,5,GGAAAGTGTAACTATTTAGT,0,2864820
ompRp3,0.16666666666666666,5,5,GGAAAGCCAGCGTCTTCTGT,0,2878432
ompRp3,0.16666666666666666,5,5,GCTGTGACCCATGAGAGGAT,0,2892859
ompRp3,0.16666666666666666,5,5,GCTGTAACGCATCCTTAGTG,0,2882799
ompRp3,0.16666666666666666,5,5,GCTGCGATGGTAGTGTCAAG,0,2904999
ompRp3,0.16666666666666666,5,5,GCTCTTGGGCAACCAGGTTC,0,2864009
ompRp3,0.16666666666666666,5,5,GCTCTTCAGTGTACTTAGTC,0,2888212
ompRp3,0.16666666666666666,5,5,GCTCGGCTTTCGGCCGCAGG,0,2877226
ompRp3,0.16666666666666666,5,5,GCTCGGCTACTAAATTGTAC,0,2904515
ompRp3,0.16666666666666666,5,5,GCTCCAGGGTACATGGCTGC,0,2898440
ompRp3,0.16666666666666666,5,5,GCTCAATCACCGGGTATACA,0,2904731
ompRp3,0.16666666666666666,5,5,GCTAAGCCGGTGACCAGGGC,0,2890458
ompRp3,0.16666666666666666,5,5,GCTAAGAGTGGGAGAGTACT,0,2897332
ompRp3,0.16666666666666666,5,5,GCTAACCACGCTGTTAAGAC,0,2864348
ompRp3,0.16666666666666666,5,5,GCTAAATACGTGTTGTAATA,0,2902738
ompRp3,0.16666666666666666,5,5,GCGTGCGGGCAGTTATGTGA,0,2877796
ompRp3,0.16666666666666666,5,5,GCGTGACTATTCTGTCGGCT,0,2895165
ompRp3,0.16666666666666666,5,5,GCGTACAGAAGTCTTCGAAG,0,2882927
ompRp3,0.16666666666666666,5,5,GCGGTGCTATCAAGGCTCAG,0,2882926
ompRp3,0.16666666666666666,5,5,GCGGTCAGCGTAGCAACCGG,0,2882276
ompRp3,0.16666666666666666,5,5,GCGGGTTGGATCCGGTTTCG,0,2866238
ompRp3,0.16666666666666666,5,5,GCGGACAAATCGTAGTACTG,0,2879580
ompRp3,0.16666666666666666,5,5,GCGCGCTCCCGTTCCTTGCT,0,2891203
ompRp3,0.16666666666666666,5,5,GCGCCTATCGGACTGAGAAT,0,2906737
ompRp3,0.16666666666666666,5,5,GCGCAGGTCTGGGCAGACGA,0,2905754
ompRp3,0.16666666666666666,5,5,GCGATTGTCAGTCTCGCCGT,0,2881095
ompRp3,0.16666666666666666,5,5,GCGATGAAAGTTGTCCGAGA,0,2869252
ompRp3,0.16666666666666666,5,5,GCGAGTGTTGCTTGTACCAC,0,2872363
ompRp3,0.16666666666666666,5,5,GCGAGATTCAGAATGAACGA,0,2894647
ompRp3,0.16666666666666666,5,5,GCGACGATGGACACCAAGCC,0,2875796
ompRp3,0.16666666666666666,5,5,GCGAAGATTGAGCACTATTG,0,2867797
ompRp3,0.16666666666666666,5,5,GCGAAATTTCTGATTATAAT,0,2876037
ompRp3,0.16666666666666666,5,5,GCCTGACACATCCGGGGGTT,0,2900171
ompRp3,0.16666666666666666,5,5,GCCTGAAGTCGTCCAGGTCG,0,2869307
ompRp3,0.16666666666666666,5,5,GCCTCGTTGAAACGCGTCTT,0,2901875
ompRp3,0.16666666666666666,5,5,GCCTAACTGTGGTACGGAGA,0,2883888
ompRp3,0.16666666666666666,5,5,GCCGTTTGGGAGGCAGATCT,0,2883662
ompRp3,0.16666666666666666,5,5,GCCGTTCTGACAAGCTCCAA,0,2889076
ompRp3,0.16666666666666666,5,5,GCCGAACTTGCGTGGCAAGT,0,2891122
ompRp3,0.16666666666666666,5,5,GCCCTGAGCAAAATTAGTCG,0,2898185
ompRp3,0.16666666666666666,5,5,GCCCGAAACAGAATGTTACA,0,2867986
ompRp3,0.16666666666666666,5,5,GCCCCCAATAAGGGGGCCTT,0,2873445
ompRp3,0.16666666666666666,5,5,GCCACGTCCAAGCGTAGTAT,0,2864499
ompRp3,0.16666666666666666,5,5,GCCAACAGAGACGTACGTAG,0,2881039
ompRp3,0.16666666666666666,5,5,GCATTCTATTCGGAAACGTA,0,2877547
ompRp3,0.16666666666666666,5,5,GCATTAGGGGTCTCGAACAC,0,2892989
ompRp3,0.16666666666666666,5,5,GCATGTGACTTATTATACGT,0,2888014
ompRp3,0.16666666666666666,5,5,GCATGCTAGACTGCAATATT,0,2884191
ompRp3,0.16666666666666666,5,5,GCAGGCAGATTATATGGCCG,0,2897547
ompRp3,0.16666666666666666,5,5,GCAGGAGCCAAGCAGCTTAA,0,2866425
ompRp3,0.16666666666666666,5,5,GCACTGTAGAACTGTGCCGC,0,2892444
ompRp3,0.16666666666666666,5,5,GCACGAGTAGTTTGCTTGTG,0,2869022
ompRp3,0.16666666666666666,5,5,GCACGACACCTAGGTAAACA,0,2901871
ompRp3,0.16666666666666666,5,5,GCACCTAGGAATTCAACCAT,0,2879362
ompRp3,0.16666666666666666,5,5,GCACCACAATCTCGACTACG,0,2903101
ompRp3,0.16666666666666666,5,5,GCACAAGAGCCCTTGTTAGA,0,2877874
ompRp3,0.16666666666666666,5,5,GCAATACGTCGTAAAACCCA,0,2901829
ompRp3,0.16666666666666666,5,5,GCAAGATGGGGGCTGTGGAA,0,2868730
ompRp3,0.16666666666666666,5,5,GCAAAGGGACTATGATTGGG,0,2894575
ompRp3,0.16666666666666666,5,5,GCAAAAGACAGTGAGCGTGA,0,2890673
ompRp3,0.16666666666666666,5,5,GATTTCTGACGGAAGAAATG,0,2865213
ompRp3,0.16666666666666666,5,5,GATTTCGTATGGGCTGGTGA,0,2871193
ompRp3,0.16666666666666666,5,5,GATTAGTGAGCTTTAGCAAG,0,2902097
ompRp3,0.16666666666666666,5,5,GATGGTCCCATTGCAGTCCT,0,2880884
ompRp3,0.16666666666666666,5,5,GATGGTATCCCTGTATGGAG,0,2896967
ompRp3,0.16666666666666666,5,5,GATGGCGGGGACAGAGCCAT,0,2883132
ompRp3,0.16666666666666666,5,5,GATGCAGTTGCGGTGCATGG,0,2888550
ompRp3,0.16666666666666666,5,5,GATGAGATGGGCATCACGAA,0,2872214
ompRp3,0.16666666666666666,5,5,GATGACGCCCCCCTGAAACC,0,2865490
ompRp3,0.16666666666666666,5,5,GATCTACCTTGGGATATGAG,0,2872833
ompRp3,0.16666666666666666,5,5,GATCGGGCTCGATAGGTACG,0,2863974
ompRp3,0.16666666666666666,5,5,GATCGAGTTGTCGGAGTAGT,0,2864632
ompRp3,0.16666666666666666,5,5,GATCCTCCTTACAGAGTATG,0,2870165
ompRp3,0.16666666666666666,5,5,GATCCCTCGAGTAGACGTCT,0,2872003
ompRp3,0.16666666666666666,5,5,GATCAGGGAAAGCCGGGCTT,0,2880010
ompRp3,0.16666666666666666,5,5,GATATGGACGTGACGATGGT,0,2887682
ompRp3,0.16666666666666666,5,5,GATAGCGTGGGGATGCTGGG,0,2887343
ompRp3,0.16666666666666666,5,5,GATAGAGGTAAATTGGCCAC,0,2901463
ompRp3,0.16666666666666666,5,5,GATACGACAGCTGTGTTCCA,0,2870577
ompRp3,0.16666666666666666,5,5,GAGTTTATCTGTTGCAGGTA,0,2879857
ompRp3,0.16666666666666666,5,5,GAGTGTTCCAGTCAAGCCAT,0,2863905
ompRp3,0.16666666666666666,5,5,GAGTGTGGTTATGCTTCTTG,0,2897270
ompRp3,0.16666666666666666,5,5,GAGGGACACAGGATGGTACA,0,2868667
ompRp3,0.16666666666666666,5,5,GAGGCAACATATCAGCTTGC,0,2879474
ompRp3,0.16666666666666666,5,5,GAGGATTTCCTAGGAGACTG,0,2905987
ompRp3,0.16666666666666666,5,5,GAGGAAGCACCGGAAGCATG,0,2867049
ompRp3,0.16666666666666666,5,5,GAGCTTTTCGTAGACGCAGC,0,2880972
ompRp3,0.16666666666666666,5,5,GAGCGAGGTCGCGATTCCGT,0,2895734
ompRp3,0.16666666666666666,5,5,GAGATTTATGCGGACCTCCT,0,2872930
ompRp3,0.16666666666666666,5,5,GAGATTCTATCGTGACTGGG,0,2870411
ompRp3,0.16666666666666666,5,5,GAGATTCCGGGTAAGGGTAA,0,2894147
ompRp3,0.16666666666666666,5,5,GAGATGGCTTACGGAGCAGC,0,2868656
ompRp3,0.16666666666666666,5,5,GAGACCGGACACAACGCCGA,0,2862321
ompRp3,0.16666666666666666,5,5,GAGACCAGTTGGTGCCTGCA,0,2870007
ompRp3,0.16666666666666666,5,5,GAGAAGAAGAGTAGAGCCCT,0,2874136
ompRp3,0.16666666666666666,5,5,GACTGCTTGCGACATCATTA,0,2883044
ompRp3,0.16666666666666666,5,5,GACTCCTATCCGAAAAAAAT,0,2881491
ompRp3,0.16666666666666666,5,5,GACTCAAAACAGACGGGTGA,0,2872168
ompRp3,0.16666666666666666,5,5,GACTACGATTCTTGCGATTC,0,2890811
ompRp3,0.16666666666666666,5,5,GACTAAGTACTAACGCGCTA,0,2896550
ompRp3,0.16666666666666666,5,5,GACGTTCAGGTACGCGAATT,0,2861018
ompRp3,0.16666666666666666,5,5,GACGGGTGTATAGGAATCCT,0,2874341
ompRp3,0.16666666666666666,5,5,GACGGATCACGCCTTGCATC,0,2880921
ompRp3,0.16666666666666666,5,5,GACCTCACGGATCCAATGGC,0,2904513
ompRp3,0.16666666666666666,5,5,GACCGTATTTTGTGTATTCT,0,2873298
ompRp3,0.16666666666666666,5,5,GACCGGCCGCAAATCCGGCA,0,2885759
ompRp3,0.16666666666666666,5,5,GACCGCAAATACGGCTCATC,0,2888578
ompRp3,0.16666666666666666,5,5,GACCCACTACCGATAGGCAT,0,2902956
ompRp3,0.16666666666666666,5,5,GACAGGTTGACGCGAGCGGG,0,2872141
ompRp3,0.16666666666666666,5,5,GACACACAGCCATGGCGAAC,0,2902937
ompRp3,0.16666666666666666,5,5,GACAACTAGACAGCAAGCAG,0,2881610
ompRp3,0.16666666666666666,5,5,GAATTGCTCTACGTTTGACA,0,2871279
ompRp3,0.16666666666666666,5,5,GAATCGTTGTGGTAAGGCCC,0,2866048
ompRp3,0.16666666666666666,5,5,GAATACGTCTGTGGGGGGCA,0,2876469
ompRp3,0.16666666666666666,5,5,GAAGTTTCATGCGTGTTAAT,0,2885094
ompRp3,0.16666666666666666,5,5,GAAGCCCCATTGACGAGATT,0,2895565
ompRp3,0.16666666666666666,5,5,GAAGCCATGAACCTCTACGA,0,2876131
ompRp3,0.16666666666666666,5,5,GAAGCAAGACGACCGTCTAG,0,2900493
ompRp3,0.16666666666666666,5,5,GAAGAACGCCTTGTAGTCGG,0,2865251
ompRp3,0.16666666666666666,5,5,GAACTCACCAGCTATAGGTT,0,2906644
ompRp3,0.16666666666666666,5,5,GAACGATTGAGCCGCTCAAT,0,2863215
ompRp3,0.16666666666666666,5,5,GAAACTTTATTTCGAGACAT,0,2904682
ompRp3,0.16666666666666666,5,5,GAAACGGATCTACATAGTTG,0,2878641
ompRp3,0.16666666666666666,5,5,CTTTTCACCTCTTTGAAGTC,0,2885985
ompRp3,0.16666666666666666,5,5,CTTTGTGCTGTGAACATAGG,0,2875555
ompRp3,0.16666666666666666,5,5,CTTGGTTCAAGCTTGCGGTT,0,2873394
ompRp3,0.16666666666666666,5,5,CTTGGCCAGTAGAGACAAGG,0,2868214
ompRp3,0.16666666666666666,5,5,CTTGCTAGGACAGACGATTG,0,2883251
ompRp3,0.16666666666666666,5,5,CTTGCAGGAAAATAAATATT,0,2892899
ompRp3,0.16666666666666666,5,5,CTTGAGCATTCTACAGGAGG,0,2906140
ompRp3,0.16666666666666666,5,5,CTTCTGGTACTGGCGGTTTA,0,2897702
ompRp3,0.16666666666666666,5,5,CTTCTCCGAATCAGTGAGGT,0,2864475
ompRp3,0.16666666666666666,5,5,CTTCAGTTTGACGCGCGTAA,0,2881807
ompRp3,0.16666666666666666,5,5,CTTCAGGTGTGGGTGTTCTA,0,2903739
ompRp3,0.16666666666666666,5,5,CTTCAGCTATGGTATTGAAA,0,2862933
ompRp3,0.16666666666666666,5,5,CTTATTCACTTGGACCAATC,0,2906308
ompRp3,0.16666666666666666,5,5,CTTAGATAATGTTCTAAGAA,0,2867497
ompRp3,0.16666666666666666,5,5,CTTACTTCTGCATATCATGA,0,2863857
ompRp3,0.16666666666666666,5,5,CTTAAGTAGGGCCTAGTATT,0,2895436
ompRp3,0.16666666666666666,5,5,CTGTTAGGCACATACTAGAC,0,2906905
ompRp3,0.16666666666666666,5,5,CTGTCGGTAGTCACAGCAAT,0,2873862
ompRp3,0.16666666666666666,5,5,CTGTATCCAACCGAATTACA,0,2896569
ompRp3,0.16666666666666666,5,5,CTGGGTAGAAGCTTGATTAT,0,2874861
ompRp3,0.16666666666666666,5,5,CTGGGGCGGCTCCGCATAGA,0,2877113
ompRp3,0.16666666666666666,5,5,CTGCTCAACGGGATCCCGAT,0,2876954
ompRp3,0.16666666666666666,5,5,CTGCTAGGGGTCCGTTTATC,0,2904622
ompRp3,0.16666666666666666,5,5,CTGCCCCGTACGTGGGAATC,0,2898471
ompRp3,0.16666666666666666,5,5,CTGCCCCGCAACTAGAACAC,0,2870257
ompRp3,0.16666666666666666,5,5,CTGATGAAGCAATTAGAAAT,0,2883931
ompRp3,0.16666666666666666,5,5,CTGATCGTGTATGGGATGAT,0,2902205
ompRp3,0.16666666666666666,5,5,CTGATCGAAAAGGCTGATGA,0,2874505
ompRp3,0.16666666666666666,5,5,CTGAGGTAAACCATCTGGCA,0,2903217
ompRp3,0.16666666666666666,5,5,CTGAATATGGGGTATCTTAT,0,2880978
ompRp3,0.16666666666666666,5,5,CTCTGACAACGGAGTATCTA,0,2906398
ompRp3,0.16666666666666666,5,5,CTCTCTCAAAATCAGAACTC,0,2900828
ompRp3,0.16666666666666666,5,5,CTCTCAAGATCACGGCGTCC,0,2900647
ompRp3,0.16666666666666666,5,5,CTCTACGTCACGGCTTCCAC,0,2870538
ompRp3,0.16666666666666666,5,5,CTCGGTCCCCATGGGGTGTC,0,2892068
ompRp3,0.16666666666666666,5,5,CTCGGCGTCAGACCGTTATA,0,2887122
ompRp3,0.16666666666666666,5,5,CTCCATTATCTTACCGCCAT,0,2891425
ompRp3,0.16666666666666666,5,5,CTCCAGGCATTAGAACCTTT,0,2901244
ompRp3,0.16666666666666666,5,5,CTCAGTTAGCGCTTTTCTAA,0,2883227
ompRp3,0.16666666666666666,5,5,CTCAGGCGGCAGGACCACGA,0,2880301
ompRp3,0.16666666666666666,5,5,CTCACTGAAGAACAACCATC,0,2863155
ompRp3,0.16666666666666666,5,5,CTCACCGGGTGAATGTGTCC,0,2864566
ompRp3,0.16666666666666666,5,5,CTCAAGCTCCCCCCGTTGTG,0,2902249
ompRp3,0.16666666666666666,5,5,CTATTATAAGTACCTGCAAG,0,2877122
ompRp3,0.16666666666666666,5,5,CTATGGAGTTACGTAGAAAC,0,2903371
ompRp3,0.16666666666666666,5,5,CTAGCCATTACCTGGTAGGA,0,2906099
ompRp3,0.16666666666666666,5,5,CTAGACCGGTTCGTATGCAA,0,2888573
ompRp3,0.16666666666666666,5,5,CTACTGTGCACTTTTAACAA,0,2881054
ompRp3,0.16666666666666666,5,5,CTACGGCATTCTTCTCAATG,0,2875431
ompRp3,0.16666666666666666,5,5,CTACATACTTGCGTCGGTTT,0,2863725
ompRp3,0.16666666666666666,5,5,CTACAAATGTCGTCTCTAGC,0,2883641
ompRp3,0.16666666666666666,5,5,CTACAAAGTTTATTTCAGCC,0,2865902
ompRp3,0.16666666666666666,5,5,CTAAGATAACTCGCATACTC,0,2880040
ompRp3,0.16666666666666666,5,5,CTAACGATCGGAGATCTCTT,0,2876864
ompRp3,0.16666666666666666,5,5,CGTTTGACGTGTTTGTCTAC,0,2905932
ompRp3,0.16666666666666666,5,5,CGTTGTCCGCGCGGTGCAAG,0,2893931
ompRp3,0.16666666666666666,5,5,CGTTATATTACATGGAGCAT,0,2906873
ompRp3,0.16666666666666666,5,5,CGTTAGCGCATAACGAAGCT,0,2865853
ompRp3,0.16666666666666666,5,5,CGTTAACTCGCTAAGGCCAC,0,2872772
ompRp3,0.16666666666666666,5,5,CGTGTCTGATAAAAACCCAT,0,2862538
ompRp3,0.16666666666666666,5,5,CGTGGGCTTAGGAAGCTCAT,0,2899898
ompRp3,0.16666666666666666,5,5,CGTGGCGTGGAGAGTCTCCC,0,2865719
ompRp3,0.16666666666666666,5,5,CGTGCAGTAAACTTTTTCTC,0,2869384
ompRp3,0.16666666666666666,5,5,CGTGAGGCAACGTGGAAGCA,0,2862242
ompRp3,0.16666666666666666,5,5,CGTGAACCTGTTCGTCGAGG,0,2875030
ompRp3,0.16666666666666666,5,5,CGTCTTCTCCCAATATTGCT,0,2867927
ompRp3,0.16666666666666666,5,5,CGTAAGCTTTTCTTTTCTTT,0,2876583
ompRp3,0.16666666666666666,5,5,CGTAACACTACGGTATGAAA,0,2893162
ompRp3,0.16666666666666666,5,5,CGGTGGTTACCTGAGAGGCA,0,2879066
ompRp3,0.16666666666666666,5,5,CGGTGCATGCTGCGCTTGGA,0,2873661
ompRp3,0.16666666666666666,5,5,CGGTCGCTCTTGCAAACTTA,0,2865948
ompRp3,0.16666666666666666,5,5,CGGTCGATCAAAACTGCGTC,0,2872240
ompRp3,0.16666666666666666,5,5,CGGTATTGAGAGGAAACCCG,0,2868457
ompRp3,0.16666666666666666,5,5,CGGTACTAGACATGCCTCTT,0,2903668
ompRp3,0.16666666666666666,5,5,CGGGTCGGGGGTGGCTGTCC,0,2882432
ompRp3,0.16666666666666666,5,5,CGGGGATTTGGCATTACGTA,0,2873167
ompRp3,0.16666666666666666,5,5,CGGGCTCGTGGACCCGTCTA,0,2871299
ompRp3,0.16666666666666666,5,5,CGGGCGTCATCATGACCGCA,0,2897896
ompRp3,0.16666666666666666,5,5,CGGGCGCCGTTCGGGGCAAA,0,2863425
ompRp3,0.16666666666666666,5,5,CGGCTTTGTTACACTGGCTT,0,2867176
ompRp3,0.16666666666666666,5,5,CGGCTGACGGTTGAAAGCTC,0,2862299
ompRp3,0.16666666666666666,5,5,CGGCGCCTGGCATTTTCGGG,0,2890267
ompRp3,0.16666666666666666,5,5,CGGCCAAGTTCTATCTTGCC,0,2902140
ompRp3,0.16666666666666666,5,5,CGGAGAGTTGGCCGATGGAG,0,2876609
ompRp3,0.16666666666666666,5,5,CGGACGGTGTCTGCGCTGAA,0,2894026
ompRp3,0.16666666666666666,5,5,CGGACATTGAGACGAGATTC,0,2872597
ompRp3,0.16666666666666666,5,5,CGGAATTACGCCGACAATCC,0,2901570
ompRp3,0.16666666666666666,5,5,CGCTACCGCCAAATCGACCC,0,2897450
ompRp3,0.16666666666666666,5,5,CGCTAAAAGTCGCGTGACAA,0,2883471
ompRp3,0.16666666666666666,5,5,CGCGGAAGGCCATCTCGCTG,0,2896776
ompRp3,0.16666666666666666,5,5,CGCGCTTGGTCGGAGTACTC,0,2882577
ompRp3,0.16666666666666666,5,5,CGCGCACGACCGGGCAAATT,0,2875675
ompRp3,0.16666666666666666,5,5,CGCGATTGTTCTTTTAATAG,0,2881141
ompRp3,0.16666666666666666,5,5,CGCCTCTATAGCATGGCAGT,0,2867838
ompRp3,0.16666666666666666,5,5,CGCCTCCAGTTGAGTGGAAT,0,2902880
ompRp3,0.16666666666666666,5,5,CGCCGGAAAGGCGTCACCTC,0,2891251
ompRp3,0.16666666666666666,5,5,CGCCGAGGTTTCTCTAAGTA,0,2878722
ompRp3,0.16666666666666666,5,5,CGCCGAATTCGCTCTTCTTT,0,2873333
ompRp3,0.16666666666666666,5,5,CGCCCGGGTCAAAGCGCCCT,0,2890572
ompRp3,0.16666666666666666,5,5,CGCCCCACTATCTCTTATGT,0,2891341
ompRp3,0.16666666666666666,5,5,CGCCCCACGTTCGATGTACC,0,2868840
ompRp3,0.16666666666666666,5,5,CGCATGCAATGTTAAGTATG,0,2863027
ompRp3,0.16666666666666666,5,5,CGCAGGAATCCCAGACGGAG,0,2872186
ompRp3,0.16666666666666666,5,5,CGCAATATTTTCTAATTCGG,0,2886527
ompRp3,0.16666666666666666,5,5,CGATGTGTATTTCTGGGCGA,0,2873439
ompRp3,0.16666666666666666,5,5,CGATGATAGTACTTCCCCTG,0,2897795
ompRp3,0.16666666666666666,5,5,CGATGATACGACGTACACTT,0,2872287
ompRp3,0.16666666666666666,5,5,CGATAAACCGTGGTAAGGAC,0,2888010
ompRp3,0.16666666666666666,5,5,CGAGTATAGTTATAAACGAA,0,2868843
ompRp3,0.16666666666666666,5,5,CGAGTAAGAGACATGGTATT,0,2895940
ompRp3,0.16666666666666666,5,5,CGAGGTGCGACGTCGGTCCA,0,2902024
ompRp3,0.16666666666666666,5,5,CGAGATGGGGGGACTTAAGT,0,2884435
ompRp3,0.16666666666666666,5,5,CGAGAGCGGGTGGGATCATT,0,2873985
ompRp3,0.16666666666666666,5,5,CGACGGTTTACGGGTCGTAA,0,2902654
ompRp3,0.16666666666666666,5,5,CGACGCTATTCATGCAGACG,0,2866812
ompRp3,0.16666666666666666,5,5,CGACGCCTGCTTTGGACCTC,0,2868039
ompRp3,0.16666666666666666,5,5,CGACCGGGAACTGCCCGTGC,0,2861501
ompRp3,0.16666666666666666,5,5,CGAATTAATGCACAAGCAAC,0,2902461
ompRp3,0.16666666666666666,5,5,CGAATACGCCATCGGAGGGG,0,2871351
ompRp3,0.16666666666666666,5,5,CGAATACCGTATGGTCAAGT,0,2894785
ompRp3,0.16666666666666666,5,5,CGAACCGGCGTCACACCCCT,0,2871947
ompRp3,0.16666666666666666,5,5,CGAAAGAGACCAGGTTGTAA,0,2897162
ompRp3,0.16666666666666666,5,5,CCTTTTGAGTTAGGTGGATC,0,2873630
ompRp3,0.16666666666666666,5,5,CCTTTGTAGTGAATTAAACC,0,2879532
ompRp3,0.16666666666666666,5,5,CCTTCAGTAATGGGAACGCC,0,2867337
ompRp3,0.16666666666666666,5,5,CCTTAAACCGCCTGGGGCGT,0,2867421
ompRp3,0.16666666666666666,5,5,CCTGGTATTGTATAGAGCAT,0,2901587
ompRp3,0.16666666666666666,5,5,CCTGGAAGTCGGGTGCTTTG,0,2898245
ompRp3,0.16666666666666666,5,5,CCTGCTTGGACGCAAAGGGT,0,2901325
ompRp3,0.16666666666666666,5,5,CCTGCCACGCAGCACGGCCA,0,2874266
ompRp3,0.16666666666666666,5,5,CCTGCATACCTGAACGGGTC,0,2888690
ompRp3,0.16666666666666666,5,5,CCTCGTTGACGACCCAGGAT,0,2898286
ompRp3,0.16666666666666666,5,5,CCTCGTACGATCCAGACCAT,0,2902474
ompRp3,0.16666666666666666,5,5,CCTCAGGAAGGATTGTCATA,0,2873850
ompRp3,0.16666666666666666,5,5,CCTCAAAGTGTTGGTAGAAG,0,2898037
ompRp3,0.16666666666666666,5,5,CCTACTACCTTCGTCTCTTT,0,2892687
ompRp3,0.16666666666666666,5,5,CCTAACCTAATAAACTGTGT,0,2863421
ompRp3,0.16666666666666666,5,5,CCTAACACTTTTGAGAGGAA,0,2868583
ompRp3,0.16666666666666666,5,5,CCGTGCACGCCAGCAGCTTC,0,2890026
ompRp3,0.16666666666666666,5,5,CCGTGATATCACGCGCCAAG,0,2903978
ompRp3,0.16666666666666666,5,5,CCGTCGCTGGAACAGTTACC,0,2902270
ompRp3,0.16666666666666666,5,5,CCGTCGCGTGGGCATGAATG,0,2874924
ompRp3,0.16666666666666666,5,5,CCGTAGTTTCCTAAGTGCGT,0,2873223
ompRp3,0.16666666666666666,5,5,CCGTAATGATACACACGAGA,0,2868648
ompRp3,0.16666666666666666,5,5,CCGGGTATGACAACCCCGCA,0,2866227
ompRp3,0.16666666666666666,5,5,CCGGGCCTGAACACAAGTCA,0,2890645
ompRp3,0.16666666666666666,5,5,CCGGGCAAAACTTAGATCTT,0,2904420
ompRp3,0.16666666666666666,5,5,CCGGCTACAATACTATTAAC,0,2903095
ompRp3,0.16666666666666666,5,5,CCGCTTTCTGCAACCCAACT,0,2896779
ompRp3,0.16666666666666666,5,5,CCGCGTTCGCCAGGTACGGG,0,2905749
ompRp3,0.16666666666666666,5,5,CCGCCTTCCGGTTTAACAGA,0,2866334
ompRp3,0.16666666666666666,5,5,CCGCATGGCAAGAGATGAAT,0,2875267
ompRp3,0.16666666666666666,5,5,CCGATTTCAATCAGCCCTTA,0,2905788
ompRp3,0.16666666666666666,5,5,CCGATGAACGCGGGATACTG,0,2864242
ompRp3,0.16666666666666666,5,5,CCGAGTCTGCATCACGGGTT,0,2893377
ompRp3,0.16666666666666666,5,5,CCGAGACAGTTTAGGCTTTG,0,2875278
ompRp3,0.16666666666666666,5,5,CCGACTTATAGACCATGCGA,0,2894003
ompRp3,0.16666666666666666,5,5,CCGACAACAGGAACAGCAAG,0,2865120
ompRp3,0.16666666666666666,5,5,CCGAATTGGTATTGCGAGAG,0,2876683
ompRp3,0.16666666666666666,5,5,CCCTTTCCGGAAACCGATAA,0,2900908
ompRp3,0.16666666666666666,5,5,CCCTTCGTTACCGAAGGGCA,0,2891330
ompRp3,0.16666666666666666,5,5,CCCGGTATCGCTTACGTAGC,0,2885828
ompRp3,0.16666666666666666,5,5,CCCGCTGCTCCTAATGTGGA,0,2905242
ompRp3,0.16666666666666666,5,5,CCCGCGAAAATAATCGGTAA,0,2906574
ompRp3,0.16666666666666666,5,5,CCCGATGGTCGGCTCTGCGA,0,2904617
ompRp3,0.16666666666666666,5,5,CCCGACCTCGCGGGAAATCT,0,2867326
ompRp3,0.16666666666666666,5,5,CCCCCTGATAATTTCAGTGT,0,2875862
ompRp3,0.16666666666666666,5,5,CCCACGAAGCGTGGCTGGGA,0,2883473
ompRp3,0.16666666666666666,5,5,CCATGCGACACTCCCAGTGT,0,2878216
ompRp3,0.16666666666666666,5,5,CCATGAGCTGTTGATTATGG,0,2902806
ompRp3,0.16666666666666666,5,5,CCATGACGCCGGTAGGCGGC,0,2873754
ompRp3,0.16666666666666666,5,5,CCATCTCGTCTGTTTTCAGG,0,2883276
ompRp3,0.16666666666666666,5,5,CCAGTACTCAGACGCATCCC,0,2900252
ompRp3,0.16666666666666666,5,5,CCAGGCATAGAAAATCCGAC,0,2877046
ompRp3,0.16666666666666666,5,5,CCAGGATATTGAGAGTGAAA,0,2895725
ompRp3,0.16666666666666666,5,5,CCAGCTCACCGAGCTCCGTG,0,2882627
ompRp3,0.16666666666666666,5,5,CCAGCCGCCCCGCGATCCAC,0,2891230
ompRp3,0.16666666666666666,5,5,CCAGCAAACAGTGACGCCTA,0,2884777
ompRp3,0.16666666666666666,5,5,CCACCGCCCCGTCGCGGTAG,0,2880293
ompRp3,0.16666666666666666,5,5,CCACATATGGTACCAAATAC,0,2873328
ompRp3,0.16666666666666666,5,5,CCAACTCCCCCGTTATAGTA,0,2874698
ompRp3,0.16666666666666666,5,5,CCAACGGGCTAGAGTATGTG,0,2901753
ompRp3,0.16666666666666666,5,5,CCAAACTCCACTATAAGGAC,0,2886828
ompRp3,0.16666666666666666,5,5,CATTGGTCACCCGTGCCGAG,0,2863505
ompRp3,0.16666666666666666,5,5,CATTGCTGTATGATCTTCTC,0,2893410
ompRp3,0.16666666666666666,5,5,CATTCTCCGCGCCGGTTGTC,0,2884742
ompRp3,0.16666666666666666,5,5,CATGTCGGCGAATACTCGGT,0,2884681
ompRp3,0.16666666666666666,5,5,CATGGCGCTAAATCGGAATG,0,2899320
ompRp3,0.16666666666666666,5,5,CATGGCCATCCCTCTCTGAT,0,2861266
ompRp3,0.16666666666666666,5,5,CATGCTACATAAATATTTAC,0,2877188
ompRp3,0.16666666666666666,5,5,CATCGGTCCGCCCTCGTGTA,0,2899503
ompRp3,0.16666666666666666,5,5,CATATTCCAAGGAAACCGTG,0,2882483
ompRp3,0.16666666666666666,5,5,CATAGTAATACCGTTGGGAC,0,2864182
ompRp3,0.16666666666666666,5,5,CATAGGATGATGTGGCGCAA,0,2866741
ompRp3,0.16666666666666666,5,5,CAGTCGGAGTGTATTGCTTA,0,2903515
ompRp3,0.16666666666666666,5,5,CAGTACTCGATTGGTTATCA,0,2900150
ompRp3,0.16666666666666666,5,5,CAGGTTTTGCTTGGGGGAGT,0,2907343
ompRp3,0.16666666666666666,5,5,CAGGCAGCCCGCCGTAATAT,0,2881000
ompRp3,0.16666666666666666,5,5,CAGGATCGGCCAGAAAGGGT,0,2886024
ompRp3,0.16666666666666666,5,5,CAGGACAGCTATTCTGAGCT,0,2904826
ompRp3,0.16666666666666666,5,5,CAGGAACTGGGAAGCATCTC,0,2861998
ompRp3,0.16666666666666666,5,5,CAGCTCCAGCTCTACTTACC,0,2861428
ompRp3,0.16666666666666666,5,5,CAGCGCTAGACCGGCGATCA,0,2892648
ompRp3,0.16666666666666666,5,5,CAGCGACGTCTGTACGTCAC,0,2899039
ompRp3,0.16666666666666666,5,5,CAGCAATGCAGCCGTCTTTG,0,2881079
ompRp3,0.16666666666666666,5,5,CAGATATTGCCTCATGCGTA,0,2878895
ompRp3,0.16666666666666666,5,5,CAGAGTGCTCCCATCGAGTC,0,2877887
ompRp3,0.16666666666666666,5,5,CAGAACGGAGGTATAGTGTT,0,2860988
ompRp3,0.16666666666666666,5,5,CACTTGTTTAAACCATGCCT,0,2881288
ompRp3,0.16666666666666666,5,5,CACTGGATCAGCTGGCTAGC,0,2877648
ompRp3,0.16666666666666666,5,5,CACTGCGTCTATCCGTCAAC,0,2861426
ompRp3,0.16666666666666666,5,5,CACTCTTTAATCGAGTTCGA,0,2898618
ompRp3,0.16666666666666666,5,5,CACGTTTTGGCACGCACAGT,0,2901015
ompRp3,0.16666666666666666,5,5,CACGTGGTATTACATGATAT,0,2880620
ompRp3,0.16666666666666666,5,5,CACGTCAGCGTAGGTTATAT,0,2862896
ompRp3,0.16666666666666666,5,5,CACGAAAAGTTGGCAATAAG,0,2889354
ompRp3,0.16666666666666666,5,5,CACCTGAGTATATAAATCTA,0,2882256
ompRp3,0.16666666666666666,5,5,CACCTGACTCTGAGCTAGAA,0,2882204
ompRp3,0.16666666666666666,5,5,CACCTAGGAGGGCACTTGAA,0,2876322
ompRp3,0.16666666666666666,5,5,CACCTAGACTGCTTCACTAA,0,2905605
ompRp3,0.16666666666666666,5,5,CACCCATCTCGCTGCAGGTC,0,2875393
ompRp3,0.16666666666666666,5,5,CACCCAGTGCTGGAGGCACG,0,2881588
ompRp3,0.16666666666666666,5,5,CACCCACGCCTATGAACGAA,0,2888187
ompRp3,0.16666666666666666,5,5,CACAGATAGAAGCCGGATAG,0,2887204
ompRp3,0.16666666666666666,5,5,CACACCATTGGCTACTACGC,0,2866237
ompRp3,0.16666666666666666,5,5,CACAAGTTTCGTTACACAGC,0,2890737
ompRp3,0.16666666666666666,5,5,CAATTTCCTGAGCGGGGTCT,0,2890887
ompRp3,0.16666666666666666,5,5,CAATTTATCTGCCGCGAACT,0,2869376
ompRp3,0.16666666666666666,5,5,CAATCAGGCAGGTCTAATTA,0,2883538
ompRp3,0.16666666666666666,5,5,CAATACGGACCGGCAGCACG,0,2868682
ompRp3,0.16666666666666666,5,5,CAAGTATGTAGGAACAGGGA,0,2875122
ompRp3,0.16666666666666666,5,5,CAAGGGTCGAGGGATAAGAA,0,2883823
ompRp3,0.16666666666666666,5,5,CAAGCTTTTTGGTCTATCTG,0,2864239
ompRp3,0.16666666666666666,5,5,CAAGCTCCGTATGACACATA,0,2886924
ompRp3,0.16666666666666666,5,5,CAAGCCGTTTGTAGTATTAC,0,2886259
ompRp3,0.16666666666666666,5,5,CAAGCATACGATTCTGTCTG,0,2872806
ompRp3,0.16666666666666666,5,5,CAACGTATTCCAGTAATTAG,0,2899232
ompRp3,0.16666666666666666,5,5,CAACCTTTTGTCCGTTCCCA,0,2907291
ompRp3,0.16666666666666666,5,5,CAACATCACCGTAAGCTCCG,0,2861680
ompRp3,0.16666666666666666,5,5,CAAATGCCACCGATAACCAG,0,2902742
ompRp3,0.16666666666666666,5,5,CAAAGCGTATAGCGCGCGTG,0,2867019
ompRp3,0.16666666666666666,5,5,CAAACTCCTCGACCAAACGT,0,2886082
ompRp3,0.16666666666666666,5,5,CAAACCGAGGACGCATCGTC,0,2876912
ompRp3,0.16666666666666666,5,5,ATTTTTACGAATTACTCGTA,0,2899966
ompRp3,0.16666666666666666,5,5,ATTGTTCTGGACCCGATCCT,0,2878634
ompRp3,0.16666666666666666,5,5,ATTGTTATTCGCCTGCCGAC,0,2886912
ompRp3,0.16666666666666666,5,5,ATTGTGTCTAGGTACTTAGA,0,2883614
ompRp3,0.16666666666666666,5,5,ATTGTCGGCAAGGAATACGT,0,2872413
ompRp3,0.16666666666666666,5,5,ATTGTATGAAGCGTTTGACC,0,2880107
ompRp3,0.16666666666666666,5,5,ATTGTAAGGGTTGAGCTTGC,0,2905738
ompRp3,0.16666666666666666,5,5,ATTGGCCCAGGCGTCTAATT,0,2886366
ompRp3,0.16666666666666666,5,5,ATTCGTTACGGTCGGGCTCG,0,2898623
ompRp3,0.16666666666666666,5,5,ATTCCGTGGTTGTTTGTAAG,0,2869904
ompRp3,0.16666666666666666,5,5,ATTCATAGGCCTGACGCATG,0,2882767
ompRp3,0.16666666666666666,5,5,ATTATGTTAATCCGCGTCTA,0,2870795
ompRp3,0.16666666666666666,5,5,ATTAGTTGTTCATGAATCCT,0,2870866
ompRp3,0.16666666666666666,5,5,ATTAGACAGGTCGAATTTTC,0,2890551
ompRp3,0.16666666666666666,5,5,ATGTGCAATCGAGCCAGTGA,0,2876052
ompRp3,0.16666666666666666,5,5,ATGTCGGCCATTCCGTGATT,0,2903883
ompRp3,0.16666666666666666,5,5,ATGTCGGAGTCAAATGAGCA,0,2868358
ompRp3,0.16666666666666666,5,5,ATGTCCCAGCTCCCCATACC,0,2873717
ompRp3,0.16666666666666666,5,5,ATGTCAGCACTGCTCTTTGA,0,2874471
ompRp3,0.16666666666666666,5,5,ATGTATGTATCCCGATATGG,0,2867199
ompRp3,0.16666666666666666,5,5,ATGGTTTAGTGCTAACGTAC,0,2878757
ompRp3,0.16666666666666666,5,5,ATGGTAGGTCCTGTCCCATT,0,2864260
ompRp3,0.16666666666666666,5,5,ATGGGTCTAAGCTAAGGTAA,0,2886559
ompRp3,0.16666666666666666,5,5,ATGGGTCCAGCGCGGTCGCA,0,2872601
ompRp3,0.16666666666666666,5,5,ATGGCTCTAACTGTAGTTTC,0,2882913
ompRp3,0.16666666666666666,5,5,ATGGCTCCACGAACGTACGC,0,2894982
ompRp3,0.16666666666666666,5,5,ATGGCTATGGATGTTCCTCT,0,2860844
ompRp3,0.16666666666666666,5,5,ATGGCGGGTATGAAACTGCA,0,2883548
ompRp3,0.16666666666666666,5,5,ATGCTAATAACTGATTAGGG,0,2885016
ompRp3,0.16666666666666666,5,5,ATGCCGTTACACTCGCAGTC,0,2882144
ompRp3,0.16666666666666666,5,5,ATGCCAGCCAGCATTTCTTG,0,2881073
ompRp3,0.16666666666666666,5,5,ATGCATGGGCATAAGCAATA,0,2895385
ompRp3,0.16666666666666666,5,5,ATGATCCTGTTTCGCTCAGA,0,2898587
ompRp3,0.16666666666666666,5,5,ATGAGGGTTTGTTCTGCAGG,0,2902246
ompRp3,0.16666666666666666,5,5,ATGAGAGTATTCGTGTAGTA,0,2889793
ompRp3,0.16666666666666666,5,5,ATGACAGTGTAGTTTTGTGG,0,2869552
ompRp3,0.16666666666666666,5,5,ATGAATGATGCAAGGTCAGG,0,2896635
ompRp3,0.16666666666666666,5,5,ATGAAGGGGGGTGCGGCGAT,0,2883620
ompRp3,0.16666666666666666,5,5,ATCTCTGCCCAAAGACGTTA,0,2897032
ompRp3,0.16666666666666666,5,5,ATCTAGGGCGTCGCCGAGGA,0,2878406
ompRp3,0.16666666666666666,5,5,ATCTACTACGCGGGCGATTG,0,2885748
ompRp3,0.16666666666666666,5,5,ATCTACGCAGGAACTGTTAA,0,2893508
ompRp3,0.16666666666666666,5,5,ATCGGTACTATCGCGTGCTC,0,2881520
ompRp3,0.16666666666666666,5,5,ATCGGGGCTTGCTGCTAGAA,0,2897417
ompRp3,0.16666666666666666,5,5,ATCGGCGGTTACTCCGGAGT,0,2900385
ompRp3,0.16666666666666666,5,5,ATCGCCTTTCGTTCTGCATG,0,2869377
ompRp3,0.16666666666666666,5,5,ATCCTCTCCGGCGGATTATA,0,2901344
ompRp3,0.16666666666666666,5,5,ATCCTAAACGTGGACGACCA,0,2882970
ompRp3,0.16666666666666666,5,5,ATCCGCAGTGGCCTGATGTG,0,2867468
ompRp3,0.16666666666666666,5,5,ATCCAGGTCGCTGGGTATGG,0,2882705
ompRp3,0.16666666666666666,5,5,ATCCACTGATGGGAGTTCTA,0,2897472
ompRp3,0.16666666666666666,5,5,ATCCACTCCTAAAAATCATT,0,2896421
ompRp3,0.16666666666666666,5,5,ATCCACGATCATTAGGTTCC,0,2903281
ompRp3,0.16666666666666666,5,5,ATCAGTATTTCTTGCTTACG,0,2902807
ompRp3,0.16666666666666666,5,5,ATCACGATTTCCCCTGCGGT,0,2873190
ompRp3,0.16666666666666666,5,5,ATCAATGTGTGATTAACGGA,0,2870069
ompRp3,0.16666666666666666,5,5,ATCAACGTCCCGTCTCAGAT,0,2905761
ompRp3,0.16666666666666666,5,5,ATATGCGGCAGTTAAGGGTA,0,2900599
ompRp3,0.16666666666666666,5,5,ATATACACAGTCTACACCTA,0,2873497
ompRp3,0.16666666666666666,5,5,ATACGTTGAATTAGCACGCC,0,2897738
ompRp3,0.16666666666666666,5,5,ATACGTACCCACGAGAGCTT,0,2884878
ompRp3,0.16666666666666666,5,5,ATAATGCGAGTCCAGTGGTT,0,2877989
ompRp3,0.16666666666666666,5,5,ATAACTTCGAGTCCATCGGC,0,2874856
ompRp3,0.16666666666666666,5,5,ATAAACCGAGTCGAAAGTGT,0,2886965
ompRp3,0.16666666666666666,5,5,ATAAAAGCTTCCACGGCCGT,0,2884768
ompRp3,0.16666666666666666,5,5,ATAAAAAAGTGAGGAACATT,0,2888698
ompRp3,0.16666666666666666,5,5,AGTTTTGGTGGGAGTTCCTT,0,2884436
ompRp3,0.16666666666666666,5,5,AGTTGGTTACAGGTGTACTA,0,2902586
ompRp3,0.16666666666666666,5,5,AGTTGCAAGCCACAGATCAA,0,2907197
ompRp3,0.16666666666666666,5,5,AGTTCATGGTCTTGAGGTTT,0,2894743
ompRp3,0.16666666666666666,5,5,AGTTCACAATTAGATGGGTC,0,2869690
ompRp3,0.16666666666666666,5,5,AGTTATCTACATAGTGGCGG,0,2905590
ompRp3,0.16666666666666666,5,5,AGTTATCAGAGTCAAGATGT,0,2884526
ompRp3,0.16666666666666666,5,5,AGTGGTTCCACGCGGATGTG,0,2881800
ompRp3,0.16666666666666666,5,5,AGTGCTACGCTCAGGCTAAC,0,2903087
ompRp3,0.16666666666666666,5,5,AGTGCGGTCCTGGAATGAGG,0,2866814
ompRp3,0.16666666666666666,5,5,AGTGCGAACTCCTGCTTGAT,0,2872841
ompRp3,0.16666666666666666,5,5,AGTGACCGACGCGCTTGATT,0,2865295
ompRp3,0.16666666666666666,5,5,AGTGAACTACGCATAGGCCC,0,2879148
ompRp3,0.16666666666666666,5,5,AGTCTTCACGATGCCTAGGT,0,2903759
ompRp3,0.16666666666666666,5,5,AGTCTGAGATACTCTCGGCA,0,2902068
ompRp3,0.16666666666666666,5,5,AGTCGTCTGTAACCTCACAG,0,2873453
ompRp3,0.16666666666666666,5,5,AGTCCACATTTTGCGTGTTT,0,2890786
ompRp3,0.16666666666666666,5,5,AGTCAATCTGGTAGCCGGAA,0,2871713
ompRp3,0.16666666666666666,5,5,AGTCAAGCAAGTATATTGGT,0,2903047
ompRp3,0.16666666666666666,5,5,AGTATTATCCCCCTCACCAC,0,2879481
ompRp3,0.16666666666666666,5,5,AGTATGGATCACGATCTAAG,0,2876241
ompRp3,0.16666666666666666,5,5,AGTATAGGTCTACGTGAGCT,0,2863513
ompRp3,0.16666666666666666,5,5,AGTACTTTTGCGGGTACTCA,0,2871489
ompRp3,0.16666666666666666,5,5,AGTACAGCTGGGCTGTTGCA,0,2866273
ompRp3,0.16666666666666666,5,5,AGGTTTCCTTAAGGACTCAG,0,2889220
ompRp3,0.16666666666666666,5,5,AGGTTCCGACCAATAAGGAA,0,2892642
ompRp3,0.16666666666666666,5,5,AGGTTACAATGTCTGGGAAG,0,2897118
ompRp3,0.16666666666666666,5,5,AGGTGGTTTAAGCTCCTTAG,0,2867754
ompRp3,0.16666666666666666,5,5,AGGTCTCATGTAATTGCTAA,0,2886955
ompRp3,0.16666666666666666,5,5,AGGTCCGGAAAGTAGTAGTC,0,2882071
ompRp3,0.16666666666666666,5,5,AGGTATGTCCAAAGCCATAC,0,2876401
ompRp3,0.16666666666666666,5,5,AGGTACGATGCGTTTTTTTC,0,2887891
ompRp3,0.16666666666666666,5,5,AGGGTGCCCCCTATTTTCAG,0,2887288
ompRp3,0.16666666666666666,5,5,AGGGGTGGGATGAACACAGA,0,2883127
ompRp3,0.16666666666666666,5,5,AGGGGATAATCGGGGTCCAG,0,2869509
ompRp3,0.16666666666666666,5,5,AGGGGACATATGGTTGGGTA,0,2887196
ompRp3,0.16666666666666666,5,5,AGGGCTGGGGTATTCCAAAG,0,2899072
ompRp3,0.16666666666666666,5,5,AGGGCACGCACGTTTTCGCG,0,2898297
ompRp3,0.16666666666666666,5,5,AGGGATCCTCTGTAATCGGG,0,2862736
ompRp3,0.16666666666666666,5,5,AGGGACGTAGTGTACCCATT,0,2901627
ompRp3,0.16666666666666666,5,5,AGGCTTGAACCCTACTGGAT,0,2888238
ompRp3,0.16666666666666666,5,5,AGGCTTCAAGGTCAACCAAC,0,2865288
ompRp3,0.16666666666666666,5,5,AGGCGGCTGTCTGTGCGGCC,0,2861645
ompRp3,0.16666666666666666,5,5,AGGCGGCTGCGACATGTAAA,0,2873127
ompRp3,0.16666666666666666,5,5,AGGCGCTCTTCCCTGCGGTA,0,2867040
ompRp3,0.16666666666666666,5,5,AGGCCAAATCCGGTATAGGC,0,2863722
ompRp3,0.16666666666666666,5,5,AGGCATTGTTGGACAGATGT,0,2889339
ompRp3,0.16666666666666666,5,5,AGGCATTGTTAACATTTGGA,0,2876991
ompRp3,0.16666666666666666,5,5,AGGCACTCATGCCCCGCACG,0,2895130
ompRp3,0.16666666666666666,5,5,AGGCAAAGTGATTGCCGCAG,0,2898537
ompRp3,0.16666666666666666,5,5,AGGAGCCTTACATCTAGGGG,0,2873588
ompRp3,0.16666666666666666,5,5,AGGAGCCTAGTGAACATCCA,0,2880821
ompRp3,0.16666666666666666,5,5,AGGACGTGGTTACGAATAAT,0,2888309
ompRp3,0.16666666666666666,5,5,AGGACGACCTAAGACTCTGT,0,2895941
ompRp3,0.16666666666666666,5,5,AGGAATCCGCTAGGGAGTAA,0,2872365
ompRp3,0.16666666666666666,5,5,AGGAAGTTAAGAGCAAGCCT,0,2884431
ompRp3,0.16666666666666666,5,5,AGGAAGTGAGCATCTCCACG,0,2876385
ompRp3,0.16666666666666666,5,5,AGCTGTCGCCTTATGCTAAT,0,2860722
ompRp3,0.16666666666666666,5,5,AGCTGGTGTATGGGTATGCA,0,2863531
ompRp3,0.16666666666666666,5,5,AGCTCCTTGATCCACAAAGG,0,2876046
ompRp3,0.16666666666666666,5,5,AGCTCCCGTTGTGAGGCTCT,0,2887585
ompRp3,0.16666666666666666,5,5,AGCTAGTCGTAAAGGCTCCT,0,2875655
ompRp3,0.16666666666666666,5,5,AGCGCAGTGTGAATCTTGAA,0,2881486
ompRp3,0.16666666666666666,5,5,AGCGAGTGGACAGAGTCAAT,0,2898153
ompRp3,0.16666666666666666,5,5,AGCCTAGGCTGAAGAGATTT,0,2878640
ompRp3,0.16666666666666666,5,5,AGCCGGGAATGCATTTAGGC,0,2866861
ompRp3,0.16666666666666666,5,5,AGCCACTTCTTTAATGATTG,0,2873682
ompRp3,0.16666666666666666,5,5,AGCACTTGGGCCGCCCACGC,0,2870208
ompRp3,0.16666666666666666,5,5,AGATACCTTGAGAATTTATT,0,2879210
ompRp3,0.16666666666666666,5,5,AGAGTGGTGGAAACAGCGGG,0,2898304
ompRp3,0.16666666666666666,5,5,AGAGGGCAGTCCGACGGTAG,0,2883977
ompRp3,0.16666666666666666,5,5,AGAGGCTGGGGGGCGTAGCA,0,2880345
ompRp3,0.16666666666666666,5,5,AGAGCTATAGGTTGTATGGA,0,2866126
ompRp3,0.16666666666666666,5,5,AGAGAAAACTGGAGCTAGAA,0,2899467
ompRp3,0.16666666666666666,5,5,AGACGGGTTACCGTGTGTGA,0,2872684
ompRp3,0.16666666666666666,5,5,AGACGAAGTGTGTAGACACA,0,2878011
ompRp3,0.16666666666666666,5,5,AGACCCTAAGCGGGTGGGAG,0,2861430
ompRp3,0.16666666666666666,5,5,AGACACCTAACAGACTGAGC,0,2881391
ompRp3,0.16666666666666666,5,5,AGACAACACGGGCGAGATGC,0,2887566
ompRp3,0.16666666666666666,5,5,AGAACTTGGGTATAACAAAT,0,2882301
ompRp3,0.16666666666666666,5,5,AGAACACGGAAACAACTCGG,0,2902314
ompRp3,0.16666666666666666,5,5,ACTTTTGGACCGGCCGGACG,0,2891186
ompRp3,0.16666666666666666,5,5,ACTTGGCATTGTATTAATTA,0,2897150
ompRp3,0.16666666666666666,5,5,ACTTGCTTCGTCGCGTGTAT,0,2905917
ompRp3,0.16666666666666666,5,5,ACTTACAAGGGTGCCCAAAT,0,2867750
ompRp3,0.16666666666666666,5,5,ACTGTGCAGTCTGCAGTGAA,0,2874272
ompRp3,0.16666666666666666,5,5,ACTGTACGGATCTTTAGGAC,0,2882113
ompRp3,0.16666666666666666,5,5,ACTGCTTCTCAGAGCCAGAG,0,2873522
ompRp3,0.16666666666666666,5,5,ACTGAAGCCGCTTACAGTTT,0,2878177
ompRp3,0.16666666666666666,5,5,ACTCAGACGTAGTCGGCCAG,0,2899999
ompRp3,0.16666666666666666,5,5,ACTATACGACACTTCGTATG,0,2881951
ompRp3,0.16666666666666666,5,5,ACTACTGAACAACTGATGCT,0,2904325
ompRp3,0.16666666666666666,5,5,ACTACGGCATATCAATGAGA,0,2875377
ompRp3,0.16666666666666666,5,5,ACGTGGCAGACCGACCTTGC,0,2881732
ompRp3,0.16666666666666666,5,5,ACGTCTGCCCAGACAATTAG,0,2897551
ompRp3,0.16666666666666666,5,5,ACGTCGTAAACTTAGACCAT,0,2904605
ompRp3,0.16666666666666666,5,5,ACGTCATACCTCGCTACGGT,0,2888575
ompRp3,0.16666666666666666,5,5,ACGTATGCACCCGAATCGGG,0,2874008
ompRp3,0.16666666666666666,5,5,ACGGGATGTTGATTTAAGTC,0,2874814
ompRp3,0.16666666666666666,5,5,ACGGCGCGACGACCGAGCCA,0,2894508
ompRp3,0.16666666666666666,5,5,ACGGCCGTATATTCTTCCAT,0,2897269
ompRp3,0.16666666666666666,5,5,ACGGACGGACATTGTGACAT,0,2905365
ompRp3,0.16666666666666666,5,5,ACGGACCAGCTTAGAGGGTT,0,2893378
ompRp3,0.16666666666666666,5,5,ACGCTTGTTTGTCTATCTCG,0,2898084
ompRp3,0.16666666666666666,5,5,ACGCTGTCGGGCTACTCGCC,0,2880521
ompRp3,0.16666666666666666,5,5,ACGCCTAAAAGAGGTGCAAG,0,2879576
ompRp3,0.16666666666666666,5,5,ACGATTGCCGTACGGTGGCA,0,2900292
ompRp3,0.16666666666666666,5,5,ACGATTGAATTCGAGATTAG,0,2867785
ompRp3,0.16666666666666666,5,5,ACGACGCGTCCTCTGAATTT,0,2861957
ompRp3,0.16666666666666666,5,5,ACCTGTTGACAGGGTGACGG,0,2890007
ompRp3,0.16666666666666666,5,5,ACCTGCGAGCTACACTACAC,0,2878768
ompRp3,0.16666666666666666,5,5,ACCTCGTTGAAATTATCTTC,0,2869813
ompRp3,0.16666666666666666,5,5,ACCTCGAAGTCCATAACTTT,0,2888930
ompRp3,0.16666666666666666,5,5,ACCTAGTGCAGAATCTATGG,0,2890123
ompRp3,0.16666666666666666,5,5,ACCGTTCCTTTGGGGGGTCA,0,2906886
ompRp3,0.16666666666666666,5,5,ACCGGGTGCTTACCAGCGTT,0,2877573
ompRp3,0.16666666666666666,5,5,ACCGCCGGATGTACACGATG,0,2868848
ompRp3,0.16666666666666666,5,5,ACCCTACGGTAGGGTTTGTA,0,2891307
ompRp3,0.16666666666666666,5,5,ACCCGGGGCGCATTGTTGCT,0,2881671
ompRp3,0.16666666666666666,5,5,ACCCGCGGTTAGAGTCCTTC,0,2889113
ompRp3,0.16666666666666666,5,5,ACCCCTAAATGGTCACGCAT,0,2899893
ompRp3,0.16666666666666666,5,5,ACCCCGCTCGAGTCCCAATC,0,2893765
ompRp3,0.16666666666666666,5,5,ACCCATATTCGGTCCGGGAC,0,2862044
ompRp3,0.16666666666666666,5,5,ACCCAGTGATATACAGTGCA,0,2882654
ompRp3,0.16666666666666666,5,5,ACCAGGAGTGAAAGGTGCGC,0,2876982
ompRp3,0.16666666666666666,5,5,ACAGCTGGGGAAAGGGGTTG,0,2901739
ompRp3,0.16666666666666666,5,5,ACAGCTCCCAACTCTAACAA,0,2903455
ompRp3,0.16666666666666666,5,5,ACAGCATCTGATCTTGCAAT,0,2903106
ompRp3,0.16666666666666666,5,5,ACAGCAGAGGCATGTCACGG,0,2902879
ompRp3,0.16666666666666666,5,5,ACAGACAGCAGCTCGGCGCT,0,2872944
ompRp3,0.16666666666666666,5,5,ACACTGGATCTGGCGATACA,0,2862701
ompRp3,0.16666666666666666,5,5,ACACCGGGTTTAAAAGTGTG,0,2898002
ompRp3,0.16666666666666666,5,5,ACACAGATCAGGCCTGACGT,0,2885136
ompRp3,0.16666666666666666,5,5,ACAACAATGGGTATCAAATT,0,2899259
ompRp3,0.16666666666666666,5,5,ACAACAATGCTGACGACAGC,0,2873892
ompRp3,0.16666666666666666,5,5,ACAAAATTACTCCGCGCTGG,0,2881832
ompRp3,0.16666666666666666,5,5,AATTATGCGGTCCGTTATAT,0,2870052
ompRp3,0.16666666666666666,5,5,AATGTGTTAACCTAGAGGAT,0,2870858
ompRp3,0.16666666666666666,5,5,AATGGGACGCCTATCCTATT,0,2875829
ompRp3,0.16666666666666666,5,5,AATGCGTGGTGGGGAGCTAA,0,2863014
ompRp3,0.16666666666666666,5,5,AATGCGAAATATAAAGTTAC,0,2888739
ompRp3,0.16666666666666666,5,5,AATGATCCTGCTATTATTGA,0,2890120
ompRp3,0.16666666666666666,5,5,AATCTTATGGTGTATGTCCT,0,2874412
ompRp3,0.16666666666666666,5,5,AATCCATCCCAGTCTACCCT,0,2860765
ompRp3,0.16666666666666666,5,5,AATCATCGTACGTCATACAG,0,2897280
ompRp3,0.16666666666666666,5,5,AATATGCAGTGCAAATATGC,0,2898307
ompRp3,0.16666666666666666,5,5,AATATAAGCTTTTGAGATGC,0,2904922
ompRp3,0.16666666666666666,5,5,AATAGGCCAGAGGGTGGCTG,0,2898021
ompRp3,0.16666666666666666,5,5,AATACATTAAGCGAAATCCT,0,2886274
ompRp3,0.16666666666666666,5,5,AAGTTGCAGCGGCCGGTAAA,0,2881751
ompRp3,0.16666666666666666,5,5,AAGTGGTTGGTAAGAACGAC,0,2906492
ompRp3,0.16666666666666666,5,5,AAGTGAGGCACTCTTAGCCG,0,2861102
ompRp3,0.16666666666666666,5,5,AAGTATCTGAGTCCTAATGC,0,2878251
ompRp3,0.16666666666666666,5,5,AAGTAGGAAGGGTACCAGCT,0,2890726
ompRp3,0.16666666666666666,5,5,AAGTAGAGGACTCAATGATA,0,2888203
ompRp3,0.16666666666666666,5,5,AAGTACAGAGTCCACGGTAT,0,2872051
ompRp3,0.16666666666666666,5,5,AAGGTTGCTCCTACTATTGT,0,2869446
ompRp3,0.16666666666666666,5,5,AAGGGTAACTTAATCTCACT,0,2886442
ompRp3,0.16666666666666666,5,5,AAGGGGAGCGGTATTTCGTC,0,2903881
ompRp3,0.16666666666666666,5,5,AAGGCTTCACGAACTTACTC,0,2881777
ompRp3,0.16666666666666666,5,5,AAGCTCTGTATCTCGGCCGG,0,2895411
ompRp3,0.16666666666666666,5,5,AAGCTATTACTTCAGACAGT,0,2882375
ompRp3,0.16666666666666666,5,5,AAGCTATGCGGAATGCTAAA,0,2863617
ompRp3,0.16666666666666666,5,5,AAGCTACAACCTAACAGGGG,0,2874403
ompRp3,0.16666666666666666,5,5,AAGCGGATCCATTTAAAGAC,0,2862038
ompRp3,0.16666666666666666,5,5,AAGCCTTATGAGCCATGTCA,0,2883542
ompRp3,0.16666666666666666,5,5,AAGCCGTTGCTAAATTACTG,0,2888817
ompRp3,0.16666666666666666,5,5,AAGCATAAGGAAACAGAAAT,0,2869055
ompRp3,0.16666666666666666,5,5,AAGACGCAGTACTTATTCGG,0,2905745
ompRp3,0.16666666666666666,5,5,AAGACACATACACAACAGCT,0,2902002
ompRp3,0.16666666666666666,5,5,AACTGTGTGTTTAAGACATA,0,2897407
ompRp3,0.16666666666666666,5,5,AACTGATTCATTAGTTATGT,0,2898353
ompRp3,0.16666666666666666,5,5,AACGTTCTAGGCTCCGGACG,0,2883443
ompRp3,0.16666666666666666,5,5,AACGCGAGTTGACTGGAATG,0,2865906
ompRp3,0.16666666666666666,5,5,AACGCCCGGAAGACGAGAGG,0,2878802
ompRp3,0.16666666666666666,5,5,AACGATTTAACATGAGTGTT,0,2895639
ompRp3,0.16666666666666666,5,5,AACGAGGACCGTCAAATATG,0,2894612
ompRp3,0.16666666666666666,5,5,AACCGTTGCGCGTAGCCCCA,0,2907157
ompRp3,0.16666666666666666,5,5,AACCGTGCGTACGGGAAAGC,0,2874957
ompRp3,0.16666666666666666,5,5,AACCGTAAGTTCCGGTCGCA,0,2875466
ompRp3,0.16666666666666666,5,5,AACCCCAACAAACGCTTTTC,0,2877560
ompRp3,0.16666666666666666,5,5,AACCCATGCACTACCCAGTA,0,2895555
ompRp3,0.16666666666666666,5,5,AACCCAATCCTTGACGAACA,0,2873360
ompRp3,0.16666666666666666,5,5,AACCAATACATTTCGTCTAT,0,2882515
ompRp3,0.16666666666666666,5,5,AACCAAACGTTCGTTTATAA,0,2904218
ompRp3,0.16666666666666666,5,5,AACATAGTCGGGGCGGCAGT,0,2881598
ompRp3,0.16666666666666666,5,5,AACATACGGATGGTACGGAC,0,2874757
ompRp3,0.16666666666666666,5,5,AACAAAATTCTTTTCTCTGA,0,2896280
ompRp3,0.16666666666666666,5,5,AAATGTACAAGGGGTGGGTC,0,2889627
ompRp3,0.16666666666666666,5,5,AAATGCACTTGGCCCGCATC,0,2877546
ompRp3,0.16666666666666666,5,5,AAAGGTGGAGGCATATCGAG,0,2886927
ompRp3,0.16666666666666666,5,5,AAAGGCTTAGATAGTGTCGG,0,2871878
ompRp3,0.16666666666666666,5,5,AAAGATAACGCTTCCCACGG,0,2901667
ompRp3,0.16666666666666666,5,5,AAAGAACATTTGGCTTCTTG,0,2900345
ompRp3,0.16666666666666666,5,5,AAACTACGAGTCGCGTACCA,0,2868458
ompRp3,0.16666666666666666,5,5,AAACCGATCCCACTTGTATA,0,2870177
ompRp3,0.16666666666666666,5,5,AAACATACTAGAGTTCACAG,0,2894168
ompRp3,0.16666666666666666,5,5,AAACACTTACTTGGCAAGAC,0,2894892
ompRp3,0.16666666666666666,5,5,AAACAACACTACACGGTCTC,0,2893102
ompRp3,0.16666666666666666,5,5,AAAATTCATCTTGTGGTAAG,0,2887472
ompRp3,0.16666666666666666,5,5,AAAAGCCGAAGCGCTCTCCG,0,2868084
ompRp3,0.16666666666666666,5,5,AAAACAGGGATATCCTCGTA,0,2876180
ompRp3,0.16666666666666666,5,5,AAAAACTACGCTCTTTATCG,0,2867975
ompRp3,0.2,4,4,TTTTTATGGGCTAGTGGCCC,0,2907353
ompRp3,0.2,4,4,TTTTTACACTGGTAACACGA,0,2864909
ompRp3,0.2,4,4,TTTTGGGAGCTGGGTCTGGA,0,2881540
ompRp3,0.2,4,4,TTTTACCCATCGGTCAATTC,0,2887161
ompRp3,0.2,4,4,TTTTAAGGCAACTCGGGCTT,0,2902748
ompRp3,0.2,4,4,TTTGGTGGATAAATCGCTGG,0,2899013
ompRp3,0.2,4,4,TTTGGGAACGCTTCCCATAG,0,2871008
ompRp3,0.2,4,4,TTTGCAATTAACCGAGCTGA,0,2890150
ompRp3,0.2,4,4,TTTGAACATAAGCACGGAGT,0,2896678
ompRp3,0.2,4,4,TTTCTTGGTTACCCACCACT,0,2895229
ompRp3,0.2,4,4,TTTCTGCGGGGTCCAAATCA,0,2862126
ompRp3,0.2,4,4,TTTCTCTACTTAAGTACGTG,0,2890512
ompRp3,0.2,4,4,TTTCGCCGCGTCGTGACTGT,0,2872757
ompRp3,0.2,4,4,TTTCCGCAAGGCATCGCGCA,0,2873750
ompRp3,0.2,4,4,TTTCACGTGTGTAGTGCGTG,0,2872860
ompRp3,0.2,4,4,TTTATCCGCGGTCAATCTCT,0,2871093
ompRp3,0.2,4,4,TTTATATCCAAGGCCGCCAG,0,2895101
ompRp3,0.2,4,4,TTTAGGGTGGGGATGCGATA,0,2881243
ompRp3,0.2,4,4,TTTAGGAGCTCAGACCACAT,0,2872604
ompRp3,0.2,4,4,TTGTTTTATTAGACATCTGG,0,2907133
ompRp3,0.2,4,4,TTGTCTCATATGTATGCTTC,0,2901280
ompRp3,0.2,4,4,TTGTCGGTGGTGACAGCTTT,0,2892022
ompRp3,0.2,4,4,TTGTCGGATGGAGTCAACCG,0,2893440
ompRp3,0.2,4,4,TTGTATCACTTCGGCCTTTA,0,2891540
ompRp3,0.2,4,4,TTGGTTGTTCATGTTTCTAA,0,2871390
ompRp3,0.2,4,4,TTGGGTCCGATAACGCGTGG,0,2878499
ompRp3,0.2,4,4,TTGGGGAGGCTGCCGGTTTC,0,2874224
ompRp3,0.2,4,4,TTGGGCTTCACACTGGGAGG,0,2868677
ompRp3,0.2,4,4,TTGGCAAGTGTGGTAGGAGG,0,2871006
ompRp3,0.2,4,4,TTGCTGTGAAGCGGCGCACA,0,2874926
ompRp3,0.2,4,4,TTGCGCTGTACTACCCTCTC,0,2905034
ompRp3,0.2,4,4,TTGCCGGTAGTCTGCACCCA,0,2871311
ompRp3,0.2,4,4,TTGCCACACCAACAAACAGG,0,2884790
ompRp3,0.2,4,4,TTGATGTACTTGTATGTAAG,0,2861504
ompRp3,0.2,4,4,TTCTTGTCCGACCAAGTTGG,0,2879358
ompRp3,0.2,4,4,TTCTTGTATGTGGCGCGGAA,0,2870903
ompRp3,0.2,4,4,TTCTGGGGCGCTCAGAGCGA,0,2883016
ompRp3,0.2,4,4,TTCTGAGCTGTCCACCAAAC,0,2880734
ompRp3,0.2,4,4,TTCTCGGCGTGACCATCTGT,0,2869748
ompRp3,0.2,4,4,TTCTCGCCCATTCCTGCATG,0,2904567
ompRp3,0.2,4,4,TTCTCCATTAGGAGCGCTTT,0,2895175
ompRp3,0.2,4,4,TTCGTGTTATGGTACTTGGT,0,2876762
ompRp3,0.2,4,4,TTCGTGGTTATAAACTACCC,0,2884498
ompRp3,0.2,4,4,TTCGGGGAAGAATGTGTGGC,0,2886585
ompRp3,0.2,4,4,TTCGGGCGAACTGTTAAACG,0,2897662
ompRp3,0.2,4,4,TTCGGACAAGCTAGCACATT,0,2865024
ompRp3,0.2,4,4,TTCGCGGCCTGAGTAACGCA,0,2890931
ompRp3,0.2,4,4,TTCGATTTTCTGGGGTCCGC,0,2875575
ompRp3,0.2,4,4,TTCCTTAGTTCTTGCTTCAA,0,2880058
ompRp3,0.2,4,4,TTCCTCTCTCGGCTCCGATC,0,2872454
ompRp3,0.2,4,4,TTCCCTTGCTATTCGTCGGA,0,2867135
ompRp3,0.2,4,4,TTCCACGCAGCCCCGGTCAA,0,2865172
ompRp3,0.2,4,4,TTCATGATAGCGCGGTTATG,0,2861240
ompRp3,0.2,4,4,TTCATAGGTTGTCTTCGATG,0,2873208
ompRp3,0.2,4,4,TTCAGGACACCCACTAATAT,0,2864588
ompRp3,0.2,4,4,TTATTACGACGGGTTGTAGG,0,2878280
ompRp3,0.2,4,4,TTATCTACACCGTCCGGTGT,0,2890820
ompRp3,0.2,4,4,TTAGGGTGTAGGATTCTCGT,0,2861816
ompRp3,0.2,4,4,TTACTCTGATCTCATCATTT,0,2862181
ompRp3,0.2,4,4,TTACGCATTGTAGAGACTAA,0,2902078
ompRp3,0.2,4,4,TTACCGTGCTATCGGCTTTA,0,2898228
ompRp3,0.2,4,4,TTACAGAGCGCGATGAGGTG,0,2861384
ompRp3,0.2,4,4,TTAATCGTAGTGCCAGAGCT,0,2895045
ompRp3,0.2,4,4,TTAACTGATTGATCTGTCTG,0,2900752
ompRp3,0.2,4,4,TTAACACTCTCCGTTCGTCT,0,2896973
ompRp3,0.2,4,4,TTAAAGGGGTCGCCACACTA,0,2871017
ompRp3,0.2,4,4,TTAAAGACTAAATCTTGTTA,0,2888546
ompRp3,0.2,4,4,TGTTGCGATATTGCATCATC,0,2891258
ompRp3,0.2,4,4,TGTTGAGGAATATCCGAACC,0,2862433
ompRp3,0.2,4,4,TGTTCGAATCTAAATAATAT,0,2882201
ompRp3,0.2,4,4,TGTGTCCCCCATTGCCAGGC,0,2877043
ompRp3,0.2,4,4,TGTGTCATGGATTTACGGAG,0,2904088
ompRp3,0.2,4,4,TGTGGTACTTAGAAAAAGGA,0,2901059
ompRp3,0.2,4,4,TGTGCGGGGGTTCCACTTCC,0,2901346
ompRp3,0.2,4,4,TGTCGAGCTAGTGCCCCGTC,0,2869378
ompRp3,0.2,4,4,TGTCCTGACAGGCACGATGT,0,2889104
ompRp3,0.2,4,4,TGTACGAGTGCCGCGGGCTT,0,2892819
ompRp3,0.2,4,4,TGGTTAACACCTTTGTTGCC,0,2890305
ompRp3,0.2,4,4,TGGTGAGCTCGTGTTGCCAG,0,2888628
ompRp3,0.2,4,4,TGGTCTTTACTGTCAAGAAG,0,2863068
ompRp3,0.2,4,4,TGGGTAGATCCGCAGTACGA,0,2867429
ompRp3,0.2,4,4,TGGGTAATGACGAGGACTAC,0,2897874
ompRp3,0.2,4,4,TGGGTAACATATTTGTAAGG,0,2886680
ompRp3,0.2,4,4,TGGGGCCACTCAAGGCAAAT,0,2882873
ompRp3,0.2,4,4,TGGGGCATTTCGAGGTCTCG,0,2887101
ompRp3,0.2,4,4,TGGGGCATCCGCGTTATCCA,0,2876450
ompRp3,0.2,4,4,TGGGATTTCCTAATCGAGTG,0,2886806
ompRp3,0.2,4,4,TGGCTGCACACTTACGATGG,0,2899456
ompRp3,0.2,4,4,TGGCTCACTTCCGTAAATTG,0,2876047
ompRp3,0.2,4,4,TGGCTAACGGCTTCCGAGAG,0,2879076
ompRp3,0.2,4,4,TGGCCTTTGTCCGCATAGAC,0,2875797
ompRp3,0.2,4,4,TGGCCAACCTATAGTTCATC,0,2894928
ompRp3,0.2,4,4,TGGCATTACTGGGAAACTAA,0,2894153
ompRp3,0.2,4,4,TGGCATGTGTTCAGTTTAGA,0,2891895
ompRp3,0.2,4,4,TGGATCGTGAGTGGAGATCT,0,2892820
ompRp3,0.2,4,4,TGGAGTGGAGTGTCTGGACA,0,2880726
ompRp3,0.2,4,4,TGGAGTATCGTAAGCCAAGT,0,2892961
ompRp3,0.2,4,4,TGGACTTGGCGCAGGATAAC,0,2878199
ompRp3,0.2,4,4,TGGACGCCCGAAAGGGGGAC,0,2870415
ompRp3,0.2,4,4,TGGACACAACCCTTTATTCA,0,2890439
ompRp3,0.2,4,4,TGGAAGGTATGGATCCTCTG,0,2867194
ompRp3,0.2,4,4,TGGAAGGTAGGAGGCGTTTG,0,2897406
ompRp3,0.2,4,4,TGCTGTGTTGTGTGTCTCTG,0,2877905
ompRp3,0.2,4,4,TGCTCATGTATAATGTCAAT,0,2888412
ompRp3,0.2,4,4,TGCTCATAGTGTAGTAGGAG,0,2889948
ompRp3,0.2,4,4,TGCTATGAATCTTCTCATGC,0,2868293
ompRp3,0.2,4,4,TGCGCCAATCTTGACTTCCG,0,2901131
ompRp3,0.2,4,4,TGCCGCGGTCCGAGCGTTTC,0,2869966
ompRp3,0.2,4,4,TGCCCACCAAGTGGGGTGAC,0,2887968
ompRp3,0.2,4,4,TGCACGTCTCTCGGTACAAA,0,2897178
ompRp3,0.2,4,4,TGCACACCCAGGGTGTGGAC,0,2878612
ompRp3,0.2,4,4,TGATTGTCCACGGGACGTGA,0,2880409
ompRp3,0.2,4,4,TGATTGACTGAACTTTGGGG,0,2877231
ompRp3,0.2,4,4,TGAGTGGGACGGATATGTAT,0,2885727
ompRp3,0.2,4,4,TGAGTCAAGAGTCAACGCAT,0,2886973
ompRp3,0.2,4,4,TGAGGTCATCGCTTACGGGG,0,2865616
ompRp3,0.2,4,4,TGAGGACTATTGGGACCGCA,0,2880347
ompRp3,0.2,4,4,TGAGATTTGTATTGTTCGGA,0,2889943
ompRp3,0.2,4,4,TGACTGCTCACTGTGAGGGT,0,2863995
ompRp3,0.2,4,4,TGACTCCCAGTGTAAATGTT,0,2874485
ompRp3,0.2,4,4,TGACGTCACCATCATAGTGT,0,2861306
ompRp3,0.2,4,4,TGACCAGTAGGCGAGACGGT,0,2897365
ompRp3,0.2,4,4,TGACCAATCATGGGACTTCA,0,2865818
ompRp3,0.2,4,4,TGACATCTTTTAAGAGACAT,0,2877829
ompRp3,0.2,4,4,TGACATATCGAAATCTTCAA,0,2864423
ompRp3,0.2,4,4,TGACAATTCGAGTACCTTTG,0,2889792
ompRp3,0.2,4,4,TGAATTTAGGGGTTTGACTC,0,2888013
ompRp3,0.2,4,4,TGAATCTGGCCTATATACTG,0,2878434
ompRp3,0.2,4,4,TGAAGATTGCTTAGAGAACA,0,2890438
ompRp3,0.2,4,4,TGAACTCAATGTGTTAGAAG,0,2862472
ompRp3,0.2,4,4,TGAACGTGTGCTTCATACCT,0,2869866
ompRp3,0.2,4,4,TGAAAGCAATCTGTCCCTGT,0,2887817
ompRp3,0.2,4,4,TGAAAAGGCTTAAACTCCAT,0,2884988
ompRp3,0.2,4,4,TCTTTGAAGTCCGGTGAACC,0,2863979
ompRp3,0.2,4,4,TCTTTACAGCACAGTCGCCT,0,2875842
ompRp3,0.2,4,4,TCTTGGAAGAATCGGGGGTA,0,2866181
ompRp3,0.2,4,4,TCTTGCGGTACAACTTCCAT,0,2865647
ompRp3,0.2,4,4,TCTTGATTTACACAGAGAGG,0,2879744
ompRp3,0.2,4,4,TCTTATTTATAGGGCCAAAA,0,2887502
ompRp3,0.2,4,4,TCTTAGAGTCGAACCCACGG,0,2892292
ompRp3,0.2,4,4,TCTGTGTCCTATATCCATAT,0,2885719
ompRp3,0.2,4,4,TCTGGCCTACAGATTGGGGA,0,2879339
ompRp3,0.2,4,4,TCTGGAAAGGTAAGGATTGT,0,2889045
ompRp3,0.2,4,4,TCTGAGCTTTGACTAGCAGG,0,2902080
ompRp3,0.2,4,4,TCTGAGCACGCTAGCGCTAT,0,2882736
ompRp3,0.2,4,4,TCTGAATTTCAAACGCCAGG,0,2861338
ompRp3,0.2,4,4,TCTCGGTTCAATTAAGATGA,0,2901725
ompRp3,0.2,4,4,TCTCGCGAATGTTTGGGGTC,0,2904982
ompRp3,0.2,4,4,TCTCCAGTCCGCTGTGACAC,0,2865871
ompRp3,0.2,4,4,TCTCAGCAACCTCGCACGCT,0,2861975
ompRp3,0.2,4,4,TCTAGGCGTTCGATTTAAAG,0,2871404
ompRp3,0.2,4,4,TCTAGGCCTTGTTTAATGTG,0,2872741
ompRp3,0.2,4,4,TCTAGATAGGATGGCAACGA,0,2867830
ompRp3,0.2,4,4,TCTACGTATGCATCCCCCTG,0,2892474
ompRp3,0.2,4,4,TCTACGATTCTCCCCGCACT,0,2863093
ompRp3,0.2,4,4,TCGTTATCCTTTTTTTAGAT,0,2882124
ompRp3,0.2,4,4,TCGTGAGAAAGAAGACAAGA,0,2902385
ompRp3,0.2,4,4,TCGTCTATGCCGGGTACACA,0,2896007
ompRp3,0.2,4,4,TCGTCAACACTAGGGTCGAG,0,2901937
ompRp3,0.2,4,4,TCGTACATACTTGCCGAACT,0,2902589
ompRp3,0.2,4,4,TCGGTTCACGTACTAATCGT,0,2906902
ompRp3,0.2,4,4,TCGGTGAAAGGAACTTCTGC,0,2875708
ompRp3,0.2,4,4,TCGGTCCCTAAATAAACAGG,0,2892208
ompRp3,0.2,4,4,TCGGTACGGTTAAAAACCTG,0,2889584
ompRp3,0.2,4,4,TCGGGGATGAAAGGTTCGGA,0,2891426
ompRp3,0.2,4,4,TCGGGATTATCTCCGAACGG,0,2873392
ompRp3,0.2,4,4,TCGGGAGATGGCCAGCTTCT,0,2862364
ompRp3,0.2,4,4,TCGGCTCATCAAGCGATGTT,0,2880267
ompRp3,0.2,4,4,TCGGCACTCTGCTTTTACGG,0,2881344
ompRp3,0.2,4,4,TCGGCAATTACTTTTATAGA,0,2905863
ompRp3,0.2,4,4,TCGCTGCATCTACCAGACAG,0,2892771
ompRp3,0.2,4,4,TCGCGGCGAGGTTTCAGCAT,0,2892036
ompRp3,0.2,4,4,TCGCCTCGGCGAACGGAAGT,0,2905465
ompRp3,0.2,4,4,TCGCCAGGCCCAAGAGCCAT,0,2872058
ompRp3,0.2,4,4,TCGACATCTCTCCGAATGGG,0,2886630
ompRp3,0.2,4,4,TCGACACGATATGGGGTCAA,0,2873802
ompRp3,0.2,4,4,TCCTTGTCACCGCGAGTCCT,0,2881889
ompRp3,0.2,4,4,TCCTGAGCTAGCTATGCCTT,0,2875626
ompRp3,0.2,4,4,TCCTCTTCCCAACGGACCCA,0,2869462
ompRp3,0.2,4,4,TCCTCCAGGGTTTCGACTAT,0,2903213
ompRp3,0.2,4,4,TCCGTTTCCATAGGCTAACG,0,2874018
ompRp3,0.2,4,4,TCCGTTGCTGACAGACGCGG,0,2884341
ompRp3,0.2,4,4,TCCGCATGAATCAGGTGGTG,0,2880218
ompRp3,0.2,4,4,TCCCTTTTTATTTGGCCCCC,0,2865667
ompRp3,0.2,4,4,TCCCTGTCCAAGAGGGAAGC,0,2879559
ompRp3,0.2,4,4,TCCCCATCACTGACTGACAC,0,2860879
ompRp3,0.2,4,4,TCCATGAGCTCTCTTGTAGG,0,2903416
ompRp3,0.2,4,4,TCCACAGCAATGACAATGTC,0,2886284
ompRp3,0.2,4,4,TCCAAAGAATGACGTATAAT,0,2885987
ompRp3,0.2,4,4,TCCAAAATTTCATTTGCTCC,0,2879268
ompRp3,0.2,4,4,TCATGTTGGCACTTTCTAAG,0,2882421
ompRp3,0.2,4,4,TCATCGACTTCACATAATCG,0,2901758
ompRp3,0.2,4,4,TCATCGACGCAAATACACCG,0,2868666
ompRp3,0.2,4,4,TCATAGTACCGCGCGGGCAT,0,2903762
ompRp3,0.2,4,4,TCATAAGGCAATTTCGGGAC,0,2889114
ompRp3,0.2,4,4,TCAGGTGGAAGGCGCAGTGG,0,2885309
ompRp3,0.2,4,4,TCAGGTAATAGTCATGGTTG,0,2904364
ompRp3,0.2,4,4,TCAGGGTCACTAGCAGCAAT,0,2868701
ompRp3,0.2,4,4,TCAGCATGTTACACCTGCAG,0,2881696
ompRp3,0.2,4,4,TCACGTTTCGAATCCTCCGG,0,2903899
ompRp3,0.2,4,4,TCACGTTTCATTCATGCACG,0,2898198
ompRp3,0.2,4,4,TCACGATCCGTATATTAACC,0,2872915
ompRp3,0.2,4,4,TCACGAGATGAATAAAAATA,0,2866761
ompRp3,0.2,4,4,TCACCCGCTTTTTGCCGAAC,0,2904163
ompRp3,0.2,4,4,TCAACGAGGACACGAAGGTT,0,2872281
ompRp3,0.2,4,4,TATTTCGCTGGTTGGTATTT,0,2891888
ompRp3,0.2,4,4,TATTTAACGCTGATAAACGT,0,2875077
ompRp3,0.2,4,4,TATGTGGCGCCTTGAGATTA,0,2886887
ompRp3,0.2,4,4,TATGTATGATACTGCGGTAG,0,2887630
ompRp3,0.2,4,4,TATGAATCGGGCTCTAGAGA,0,2894435
ompRp3,0.2,4,4,TATGAAGAAGGCGGTTATGT,0,2898445
ompRp3,0.2,4,4,TATCTGGGGTCACAAGAGGA,0,2899309
ompRp3,0.2,4,4,TATCGTTAAGCGACAAACCT,0,2874800
ompRp3,0.2,4,4,TATCACAGGGGGTAAGTTAA,0,2875903
ompRp3,0.2,4,4,TATATTCTAATCATAGTGGG,0,2871014
ompRp3,0.2,4,4,TATATGTTCATCCCGTTAGC,0,2894217
ompRp3,0.2,4,4,TATATGTTATTTGTCGCTAA,0,2882519
ompRp3,0.2,4,4,TATATACACGCTATCAGGGT,0,2886263
ompRp3,0.2,4,4,TAGGGTACAACCTTAGGGAA,0,2864159
ompRp3,0.2,4,4,TAGGGAGTTGGTTACAGCCG,0,2861219
ompRp3,0.2,4,4,TAGGGAACATAGCTGCTTCT,0,2907251
ompRp3,0.2,4,4,TAGGATCAACAGCTGACCGC,0,2893731
ompRp3,0.2,4,4,TAGGAGCGACCGTGAAATGT,0,2899275
ompRp3,0.2,4,4,TAGCTTCTACGGTGTCTGCA,0,2893074
ompRp3,0.2,4,4,TAGCTCTGCAATAGTGGTAC,0,2907401
ompRp3,0.2,4,4,TAGCTCCTCCTACATTCCAC,0,2885563
ompRp3,0.2,4,4,TAGCTAGGGTCTGCCTCGCC,0,2861509
ompRp3,0.2,4,4,TAGCGTTTCAGATTGTTGCT,0,2895916
ompRp3,0.2,4,4,TAGCGGCTGTATGGGTCACC,0,2884038
ompRp3,0.2,4,4,TAGAGTCCAAAGCTACGGTC,0,2886769
ompRp3,0.2,4,4,TAGAACGACGGCTAGTGCGG,0,2882651
ompRp3,0.2,4,4,TACTTGTCTACACGCTCGTA,0,2901636
ompRp3,0.2,4,4,TACTTCCCGATAACAAGAGT,0,2871199
ompRp3,0.2,4,4,TACTTCAGTGGCTGTTCTGG,0,2883779
ompRp3,0.2,4,4,TACGAGTGAAGTTTTCTTAC,0,2881163
ompRp3,0.2,4,4,TACCGGCCGGTCGATCGATT,0,2891089
ompRp3,0.2,4,4,TACCAGGGGTCTGACGTTCA,0,2861719
ompRp3,0.2,4,4,TACATAGTAGTGAAAGTCTA,0,2891368
ompRp3,0.2,4,4,TACAGGTAATCCTACCCCGG,0,2879962
ompRp3,0.2,4,4,TACAGGCGGGCTATCGGATA,0,2898227
ompRp3,0.2,4,4,TACAGGACGGAAGGACCGTC,0,2899799
ompRp3,0.2,4,4,TACACGCTGGCACAGTCCTT,0,2868422
ompRp3,0.2,4,4,TAATTGCCCAGCAAAGAATC,0,2898527
ompRp3,0.2,4,4,TAATGCTGCGGCCGCCCAAC,0,2871052
ompRp3,0.2,4,4,TAATGAAGTATTGTACAAAG,0,2874430
ompRp3,0.2,4,4,TAATAGGCCTGTGGTCGGTC,0,2899628
ompRp3,0.2,4,4,TAATAGAACCTCCCTTCTCA,0,2900263
ompRp3,0.2,4,4,TAATACCGGCTGTGCATGGT,0,2882309
ompRp3,0.2,4,4,TAAGTTTGGGAGGTTGGATT,0,2888535
ompRp3,0.2,4,4,TAAGGATAGGCGTGACATAT,0,2870825
ompRp3,0.2,4,4,TAAGCTAGTATACCATGTGT,0,2906407
ompRp3,0.2,4,4,TAAGCGGGAGCACTTGAGCC,0,2883190
ompRp3,0.2,4,4,TAAGCGAGGTTGGATCATGT,0,2869010
ompRp3,0.2,4,4,TAACCATTCGACTAATTCCC,0,2879318
ompRp3,0.2,4,4,TAACCACTAGGAGACCTGTT,0,2882972
ompRp3,0.2,4,4,TAACATGATGAGGGACGTTA,0,2891180
ompRp3,0.2,4,4,TAACATCTGCACAAGGTTAC,0,2879247
ompRp3,0.2,4,4,TAACAGATTGACAACGCGAA,0,2872466
ompRp3,0.2,4,4,TAAAGGGGCGACCTTCCCAA,0,2870613
ompRp3,0.2,4,4,TAAAATAATCGGTCATGGAG,0,2903764
ompRp3,0.2,4,4,GTTTGCGATCTCTTCACATA,0,2875691
ompRp3,0.2,4,4,GTTTCGTGGTTAGTTTTACA,0,2884120
ompRp3,0.2,4,4,GTTTCGGATAGATTAGCATA,0,2863361
ompRp3,0.2,4,4,GTTTCGATGTTGGGCAAACC,0,2902702
ompRp3,0.2,4,4,GTTTCAGTGCGTCAAAAGAT,0,2898966
ompRp3,0.2,4,4,GTTTCACGAATTCCCCGAGG,0,2860772
ompRp3,0.2,4,4,GTTTATACAGAAAGTCGCTT,0,2896911
ompRp3,0.2,4,4,GTTGGGGCGAATCAATAATG,0,2902666
ompRp3,0.2,4,4,GTTGCGGTGTCTTTTCGTCC,0,2902677
ompRp3,0.2,4,4,GTTCTATGCTAATGCCGTCT,0,2864301
ompRp3,0.2,4,4,GTTCGTCTGTTCACAAAGTC,0,2894214
ompRp3,0.2,4,4,GTTCGCAACACCTAGTGTCG,0,2874372
ompRp3,0.2,4,4,GTTCCACCAGGCATAGCGGC,0,2905984
ompRp3,0.2,4,4,GTTCATCGACCGAGAGTTCC,0,2870002
ompRp3,0.2,4,4,GTTCATAATGTATTTTAGGA,0,2873772
ompRp3,0.2,4,4,GTTATGTGGAATCAGTTACA,0,2874029
ompRp3,0.2,4,4,GTTATGAGGGACGCGCACTA,0,2900540
ompRp3,0.2,4,4,GTTAGTAGAGTAATGACCTT,0,2870766
ompRp3,0.2,4,4,GTTAGGACGGGGCGCCTATG,0,2887248
ompRp3,0.2,4,4,GTTACGGAAGATAGAAATCT,0,2883687
ompRp3,0.2,4,4,GTTACACGGCCAACCTCCAG,0,2895375
ompRp3,0.2,4,4,GTGTGCCGGACGAGGGCTCT,0,2866269
ompRp3,0.2,4,4,GTGTATACCGAGCTGATTAG,0,2889951
ompRp3,0.2,4,4,GTGGTACCCTCAGGGACATT,0,2884025
ompRp3,0.2,4,4,GTGGTAAGTGAGTCAGTGGT,0,2895278
ompRp3,0.2,4,4,GTGGATCAACCTTCCATCCT,0,2899557
ompRp3,0.2,4,4,GTGGAGGCGTGTGCAGACAA,0,2887370
ompRp3,0.2,4,4,GTGCTTGGCCGAAAGCATAT,0,2905154
ompRp3,0.2,4,4,GTGCGTTTGTAATATCGCAT,0,2881995
ompRp3,0.2,4,4,GTGCGGGAGATCCCCCCTTT,0,2907048
ompRp3,0.2,4,4,GTGCGGACGCGCAACAGTGC,0,2891471
ompRp3,0.2,4,4,GTGCGACCTCGGCGGAACGC,0,2869903
ompRp3,0.2,4,4,GTGCCTGCTCCTACTACCCG,0,2891397
ompRp3,0.2,4,4,GTGCATTCGGCCCCTTAAGT,0,2872330
ompRp3,0.2,4,4,GTGCAGTCCATATCAAGTCT,0,2878854
ompRp3,0.2,4,4,GTGCAGAGGTTTGAGTGTCA,0,2894541
ompRp3,0.2,4,4,GTGACGTCACATTGGCCACG,0,2861081
ompRp3,0.2,4,4,GTGACGGTAAACATCGGACA,0,2891802
ompRp3,0.2,4,4,GTGACGAGGGAGATCACGTC,0,2871247
ompRp3,0.2,4,4,GTCTTAGAGGCTCGCGTAAA,0,2906059
ompRp3,0.2,4,4,GTCTGGGTTAGGCATTTAGT,0,2904319
ompRp3,0.2,4,4,GTCTGGCGCAAAGCAGTCTA,0,2874530
ompRp3,0.2,4,4,GTCTGCTGTGCCGCTTTGGT,0,2862699
ompRp3,0.2,4,4,GTCTGAATGCGATCTGGAGT,0,2887840
ompRp3,0.2,4,4,GTCTGAAGCGAAATCCCGGG,0,2864340
ompRp3,0.2,4,4,GTCTCTTAGAGTACAGGCTC,0,2873586
ompRp3,0.2,4,4,GTCTCTCGGATACTCTGGGA,0,2884726
ompRp3,0.2,4,4,GTCGTGACCCTATTGGCGGA,0,2892328
ompRp3,0.2,4,4,GTCGTATTCCCTTGTATATC,0,2870940
ompRp3,0.2,4,4,GTCGTAGCTTTCTACAGGAA,0,2874882
ompRp3,0.2,4,4,GTCGTAACATCATGAGGTGT,0,2874570
ompRp3,0.2,4,4,GTCGATGGGCATGGAGAGTT,0,2870035
ompRp3,0.2,4,4,GTCCCCCGTTCAGGGTCAGC,0,2893673
ompRp3,0.2,4,4,GTCCCCCAGACAACCCTGGA,0,2872229
ompRp3,0.2,4,4,GTCCACCACGTGACTCGGGC,0,2865456
ompRp3,0.2,4,4,GTCCAAGGTCATAGCGTTTT,0,2901931
ompRp3,0.2,4,4,GTCAGGGATTAGGAAGTAGC,0,2876673
ompRp3,0.2,4,4,GTCAGGCTAGGTTATGAAGC,0,2868653
ompRp3,0.2,4,4,GTATTTTCGATACAAGTAGA,0,2896774
ompRp3,0.2,4,4,GTATTTACATCAGTGGTATG,0,2878164
ompRp3,0.2,4,4,GTATTGGCCTATCCGAGTCA,0,2882606
ompRp3,0.2,4,4,GTATTCAGTCAGTTGCGTGT,0,2882100
ompRp3,0.2,4,4,GTATTAGAGCGAGGGTGAGC,0,2897272
ompRp3,0.2,4,4,GTATGCTGGGTGGTCTTTTC,0,2883090
ompRp3,0.2,4,4,GTAGTCGAAAATTAAAGCGA,0,2868949
ompRp3,0.2,4,4,GTAGGCGGTCACGTTCCAGT,0,2889009
ompRp3,0.2,4,4,GTAGGCCACTCGCCCCGCGG,0,2895585
ompRp3,0.2,4,4,GTAGGAGTCTTAATTCGGGT,0,2904288
ompRp3,0.2,4,4,GTAGCTGTTCACATTCAAGC,0,2866630
ompRp3,0.2,4,4,GTAGCCTAGGGCGGCTTTTT,0,2894247
ompRp3,0.2,4,4,GTAGCACACTATTCAGAGCA,0,2901532
ompRp3,0.2,4,4,GTAGAGTCAGCGCAATTGCG,0,2905701
ompRp3,0.2,4,4,GTACGGTTATGACTTAGTCC,0,2867424
ompRp3,0.2,4,4,GTACATCCACCGGGCGTATC,0,2906957
ompRp3,0.2,4,4,GTAATGTATTTCCTTCCTCT,0,2883911
ompRp3,0.2,4,4,GTAAGTGTATGCGACATTGC,0,2875033
ompRp3,0.2,4,4,GTAAGCCGGGGGCGTGAGTC,0,2906747
ompRp3,0.2,4,4,GTAACTTATAAAAGATGATC,0,2871144
ompRp3,0.2,4,4,GTAACATGGCAAGTGCATAG,0,2868662
ompRp3,0.2,4,4,GTAAACTCTGCTCCCTAAAG,0,2885606
ompRp3,0.2,4,4,GGTTTTCGTCTCACTCTCCA,0,2873587
ompRp3,0.2,4,4,GGTTCAGAAATCTGTTGTTG,0,2880992
ompRp3,0.2,4,4,GGTTACGCCACACAGCTCTC,0,2872002
ompRp3,0.2,4,4,GGTGTGGGGCTACCTCCGAT,0,2879127
ompRp3,0.2,4,4,GGTGAGAACCGCGTGCGAGA,0,2886817
ompRp3,0.2,4,4,GGTCTGCAGTGAGTCGGTCC,0,2892283
ompRp3,0.2,4,4,GGTCAGCAATGCACAATCGT,0,2907123
ompRp3,0.2,4,4,GGTCAACCTCCCGCCGGTGT,0,2896661
ompRp3,0.2,4,4,GGTCAACCCGGCGGAGAGGT,0,2907252
ompRp3,0.2,4,4,GGTATTAAATAAGACCGTAA,0,2862599
ompRp3,0.2,4,4,GGTAGGTCGCGCACTTCTAG,0,2890815
ompRp3,0.2,4,4,GGTAGACACTCATTTGAATG,0,2900501
ompRp3,0.2,4,4,GGTAACGAATATCGCACTGT,0,2903630
ompRp3,0.2,4,4,GGGTGGGATGGGAAGGTATT,0,2880149
ompRp3,0.2,4,4,GGGTCGTGCAAACAAAAGTT,0,2875252
ompRp3,0.2,4,4,GGGTCGAGAACTATTATGGA,0,2866888
ompRp3,0.2,4,4,GGGTAGCTTTGGCTAATGCT,0,2869879
ompRp3,0.2,4,4,GGGTAATGGTAGAAATCTGG,0,2905096
ompRp3,0.2,4,4,GGGGTAGGCAGGACCATACA,0,2865614
ompRp3,0.2,4,4,GGGGGCCTTTCTTGAGTTAG,0,2893443
ompRp3,0.2,4,4,GGGCTACTTTGGTGGCGTTT,0,2892432
ompRp3,0.2,4,4,GGGCGAATCTACAGGTCATA,0,2880288
ompRp3,0.2,4,4,GGGCCGGCTTAAGTCAACAC,0,2903633
ompRp3,0.2,4,4,GGGCACTATTAAAGATCCCC,0,2905028
ompRp3,0.2,4,4,GGGATATGACATCTGATTGT,0,2887015
ompRp3,0.2,4,4,GGGAGCAATTTACCGATCTG,0,2897870
ompRp3,0.2,4,4,GGGAGAAGCGGCAACAGTCT,0,2897545
ompRp3,0.2,4,4,GGGACCCGGTGTTTGGCATT,0,2874537
ompRp3,0.2,4,4,GGCTTTCCGTTTAAGAGGTT,0,2902993
ompRp3,0.2,4,4,GGCTCAAGTACACCTAGGCT,0,2886431
ompRp3,0.2,4,4,GGCTATGTTACCACCCGCGC,0,2879164
ompRp3,0.2,4,4,GGCGTGGCCTTCCGCTCATA,0,2881204
ompRp3,0.2,4,4,GGCGGCCCGCTCCCCCTCAC,0,2868792
ompRp3,0.2,4,4,GGCGCGTGATTAATGATCCG,0,2907010
ompRp3,0.2,4,4,GGCCTTGCGTATGTTGTTAG,0,2907379
ompRp3,0.2,4,4,GGCCTGTAGGGCACATAACG,0,2899607
ompRp3,0.2,4,4,GGCATAGGCGTGGACGCCCG,0,2873395
ompRp3,0.2,4,4,GGCATACCATCTGTCAAAAA,0,2894241
ompRp3,0.2,4,4,GGCATACACCCCTGGATTAT,0,2888541
ompRp3,0.2,4,4,GGCAGTAGAAGGGAACAAAT,0,2862037
ompRp3,0.2,4,4,GGCACCGGGTGACAAGTACC,0,2899959
ompRp3,0.2,4,4,GGCACCGGACATCATCAGAC,0,2884242
ompRp3,0.2,4,4,GGATTTATGGTCGTTGTGTC,0,2877054
ompRp3,0.2,4,4,GGATTGTACAAGCGTTGCAG,0,2887048
ompRp3,0.2,4,4,GGATGTATTTTTAGCGGTCC,0,2865782
ompRp3,0.2,4,4,GGATCTTAAACTCTTCTTGA,0,2893430
ompRp3,0.2,4,4,GGATCACGTTTTGGCAATTT,0,2897163
ompRp3,0.2,4,4,GGATAGCAATTTCTTACCTG,0,2900587
ompRp3,0.2,4,4,GGATAATAAGTCGTGGAGGC,0,2870511
ompRp3,0.2,4,4,GGAGTACAACCGGAAAGGCG,0,2898065
ompRp3,0.2,4,4,GGAGTAATTTAAGGCCGGCA,0,2893921
ompRp3,0.2,4,4,GGAGGTTGCGTCTCTTTTGA,0,2876392
ompRp3,0.2,4,4,GGAGGGAGCGGTTGCTTAGC,0,2868759
ompRp3,0.2,4,4,GGAGCACGAGCCGAACCGAG,0,2875153
ompRp3,0.2,4,4,GGAGCAAGTGGAGCTTAGGG,0,2882974
ompRp3,0.2,4,4,GGACTGCATTTATGGGTCTC,0,2864807
ompRp3,0.2,4,4,GGACGTCGATTACAACGGAG,0,2881695
ompRp3,0.2,4,4,GGACCTCTCTTGGGTACAGG,0,2901526
ompRp3,0.2,4,4,GGACAAGCATCCAAACGTTT,0,2894830
ompRp3,0.2,4,4,GGAATTTTTGGCGTGAAATT,0,2906317
ompRp3,0.2,4,4,GGAATTAATCGGATCTCCTC,0,2892683
ompRp3,0.2,4,4,GGAATGTGAATTGTGATCTT,0,2871565
ompRp3,0.2,4,4,GGAATGCCTTTCGTTGGGAC,0,2906772
ompRp3,0.2,4,4,GGAATACTCCGCGGAGTTGG,0,2899850
ompRp3,0.2,4,4,GGAAGTGTGGTATTCGTGGA,0,2879735
ompRp3,0.2,4,4,GGAAGTGAGTGTCATCCTCC,0,2896760
ompRp3,0.2,4,4,GGAAGAATTTCAATATGCAG,0,2873483
ompRp3,0.2,4,4,GGAACATTTAAGCGTGTGTG,0,2888107
ompRp3,0.2,4,4,GGAACACTATATCGGCAAGT,0,2860859
ompRp3,0.2,4,4,GGAAAAGGTTTTAACAAGAA,0,2898526
ompRp3,0.2,4,4,GCTTTTTTTTGAGGCGCGGA,0,2897650
ompRp3,0.2,4,4,GCTTGGCGATGGATCGGTGC,0,2894396
ompRp3,0.2,4,4,GCTTGCCCCGTTTAGCTACT,0,2873137
ompRp3,0.2,4,4,GCTTATATGCACTGTGTGCA,0,2864353
ompRp3,0.2,4,4,GCTTAATGGTATTTTAAAGC,0,2904053
ompRp3,0.2,4,4,GCTGTCTGGTGACTCCCAGG,0,2874319
ompRp3,0.2,4,4,GCTGGTTCCGAAATGGGTTC,0,2888769
ompRp3,0.2,4,4,GCTGGCTCATATAGGTGCAA,0,2905817
ompRp3,0.2,4,4,GCTGATGGCTCAACGTCTAC,0,2862539
ompRp3,0.2,4,4,GCTGATCCAACAGTAGGTCT,0,2905391
ompRp3,0.2,4,4,GCTCATATCAGGTATGGCAA,0,2905586
ompRp3,0.2,4,4,GCTATGCCCTGGTATGTTTA,0,2875283
ompRp3,0.2,4,4,GCTATACCCACTAGGCGAAT,0,2905670
ompRp3,0.2,4,4,GCTACCCAGCGCGGAATAAA,0,2890257
ompRp3,0.2,4,4,GCTAAATCCCGTGGTGCTCA,0,2894484
ompRp3,0.2,4,4,GCTAAAGTTCTGGTTACGTG,0,2887308
ompRp3,0.2,4,4,GCGTGGGGGTCGGATGAAGC,0,2900586
ompRp3,0.2,4,4,GCGTCCAGGACCGCTGTGAG,0,2878218
ompRp3,0.2,4,4,GCGGGTTGCCGTGCCAGGAG,0,2904173
ompRp3,0.2,4,4,GCGGCTCTCGTCGTTGTGGC,0,2862320
ompRp3,0.2,4,4,GCGGATGGGATACTGTGATC,0,2867600
ompRp3,0.2,4,4,GCGGACCCGACTATCGGGCT,0,2894543
ompRp3,0.2,4,4,GCGCTTCGCCGTCACAGGCG,0,2867081
ompRp3,0.2,4,4,GCGCTGGAGTAGGAGGAATT,0,2880924
ompRp3,0.2,4,4,GCGCCTTGGGACTTGCGTGT,0,2882129
ompRp3,0.2,4,4,GCGCCCCTAATCACCAAGAT,0,2890739
ompRp3,0.2,4,4,GCGCATTCTAAGTCTGGGGG,0,2905821
ompRp3,0.2,4,4,GCGCAGTTAGCAGACAATTG,0,2893478
ompRp3,0.2,4,4,GCGCACTGTTTACTGCCCAC,0,2871447
ompRp3,0.2,4,4,GCGCACTGAAGTATGCACTC,0,2873329
ompRp3,0.2,4,4,GCGATTGAACTTGGTTGAAC,0,2875444
ompRp3,0.2,4,4,GCGATCCCCGATTGGGCTCC,0,2902578
ompRp3,0.2,4,4,GCGACATTATTCATGCGAAG,0,2863452
ompRp3,0.2,4,4,GCGAAGAACGAGGCATGATA,0,2897883
ompRp3,0.2,4,4,GCCTTAGTTAGCCGTGATCT,0,2890275
ompRp3,0.2,4,4,GCCTGTGCTACTTAGTCAGC,0,2869909
ompRp3,0.2,4,4,GCCTGTAACCGGGGACCACA,0,2886337
ompRp3,0.2,4,4,GCCTCACGCACTAAAAAAGT,0,2901313
ompRp3,0.2,4,4,GCCGTGGGATTCAGTAGCTT,0,2871975
ompRp3,0.2,4,4,GCCGTGAACAGGGTCATCGG,0,2882565
ompRp3,0.2,4,4,GCCGGAGGGTACATTGTTTT,0,2883530
ompRp3,0.2,4,4,GCCGAGCTATGCAACTATTG,0,2870549
ompRp3,0.2,4,4,GCCGAGCTATAGTATCAAGA,0,2886960
ompRp3,0.2,4,4,GCCCTAAAGGACCAGATGTG,0,2893982
ompRp3,0.2,4,4,GCCCGAACGCCCTCGGGTGT,0,2897391
ompRp3,0.2,4,4,GCCCCAGTCCTCGAGCTCGA,0,2901804
ompRp3,0.2,4,4,GCCCAGACGTCCGTATCCGT,0,2906561
ompRp3,0.2,4,4,GCCCACCTCCAAACCGTCTT,0,2891033
ompRp3,0.2,4,4,GCCCAAAGATCAGCGCGCAA,0,2877097
ompRp3,0.2,4,4,GCCAGGATCGTCTACAGTCA,0,2861510
ompRp3,0.2,4,4,GCCACGACAAGTAACGGCCA,0,2891674
ompRp3,0.2,4,4,GCCAAGTTGGTTAGCTCCGC,0,2907419
ompRp3,0.2,4,4,GCATGGGACCTAAAGCTATG,0,2864663
ompRp3,0.2,4,4,GCATGCTTGGATTACGTCTG,0,2884544
ompRp3,0.2,4,4,GCATACTTCGATGTAAGACT,0,2874860
ompRp3,0.2,4,4,GCAGTCCGATCTCAAATCTT,0,2896453
ompRp3,0.2,4,4,GCAGGTGTCTTTTCATCGAT,0,2860945
ompRp3,0.2,4,4,GCACTTGGGTACTACGGACA,0,2888900
ompRp3,0.2,4,4,GCACGCGTTGGTAATCTTTA,0,2900596
ompRp3,0.2,4,4,GCACACGGGACTTACCCGGA,0,2870820
ompRp3,0.2,4,4,GCAATGTATCGGGTAGCTGG,0,2861606
ompRp3,0.2,4,4,GCAATCTGGCGCCTCCCCCC,0,2877567
ompRp3,0.2,4,4,GCAACCTGGGCATGCTAGGT,0,2900503
ompRp3,0.2,4,4,GCAACCTGCATGGCGGGATC,0,2901981
ompRp3,0.2,4,4,GCAACCAGCACTGGTAACGT,0,2868726
ompRp3,0.2,4,4,GCAAACCTTTCTGCGGAAGA,0,2875461
ompRp3,0.2,4,4,GCAAACCCTATTATGGTATG,0,2874264
ompRp3,0.2,4,4,GATTTATGGTATACGAATAT,0,2872075
ompRp3,0.2,4,4,GATTGTCTGTAACGCAGGTA,0,2872455
ompRp3,0.2,4,4,GATTATAATATCCTTGTGCG,0,2898867
ompRp3,0.2,4,4,GATGTTGAAGGTCCTCCTTC,0,2877593
ompRp3,0.2,4,4,GATGTCATACTATGCACAAT,0,2883370
ompRp3,0.2,4,4,GATGTCAGAGTACGGCTGAC,0,2903059
ompRp3,0.2,4,4,GATGGGCTGTACAAGAGATT,0,2891454
ompRp3,0.2,4,4,GATGGCGTAAACGCTTACGC,0,2878540
ompRp3,0.2,4,4,GATGCTCGAATACTAGAGTT,0,2880256
ompRp3,0.2,4,4,GATGCGTACCACGGCTGCTA,0,2871561
ompRp3,0.2,4,4,GATCTTTCGTAATGCAAATA,0,2890552
ompRp3,0.2,4,4,GATCCTTAAGATTACATGGA,0,2875295
ompRp3,0.2,4,4,GATCCTACCGCGGCAGCGAA,0,2889515
ompRp3,0.2,4,4,GATCCGTGTAGGATTATTTA,0,2881702
ompRp3,0.2,4,4,GATCCGGGCTCACCTTGTCT,0,2887655
ompRp3,0.2,4,4,GATCAAGCACCTATTTTGAC,0,2884675
ompRp3,0.2,4,4,GATATTGGATCTGCAATCGC,0,2879229
ompRp3,0.2,4,4,GATATTAGGTATCAAACAGC,0,2900734
ompRp3,0.2,4,4,GATATGTATCACAGGCCTTA,0,2871422
ompRp3,0.2,4,4,GATATGCATATCATCAGTTA,0,2905501
ompRp3,0.2,4,4,GATATACACACGCGGCCCAT,0,2887975
ompRp3,0.2,4,4,GAGTTCAAAAATACTTTCTA,0,2895181
ompRp3,0.2,4,4,GAGTGAGTGGATATTCTCAT,0,2903182
ompRp3,0.2,4,4,GAGTCCGGGCTTGCAGGACG,0,2878335
ompRp3,0.2,4,4,GAGTCAGGTCGCGGATCTGA,0,2884238
ompRp3,0.2,4,4,GAGTATTCTGACAGTGTTAG,0,2890528
ompRp3,0.2,4,4,GAGTATATTCCTAAGCTTCG,0,2872312
ompRp3,0.2,4,4,GAGTACGGTAAAAACGGTCT,0,2885567
ompRp3,0.2,4,4,GAGGTCTTCAACTCTCAGTA,0,2878264
ompRp3,0.2,4,4,GAGGTCAGACGAACCAATAT,0,2864844
ompRp3,0.2,4,4,GAGGTACCGTACGCAGAAAA,0,2878681
ompRp3,0.2,4,4,GAGGGTTCCATCCGGTAAAA,0,2869248
ompRp3,0.2,4,4,GAGGGCTGGTGTAATAAGAC,0,2880713
ompRp3,0.2,4,4,GAGGGCAAGTCTAGCTGCGG,0,2874917
ompRp3,0.2,4,4,GAGGAGCAAAAGGGAATCAC,0,2905906
ompRp3,0.2,4,4,GAGGAGAGCAGCGCAGGAGC,0,2881145
ompRp3,0.2,4,4,GAGCGGGGTCACTTACTCGG,0,2897063
ompRp3,0.2,4,4,GAGCGCGCTCTGCCTTGGTA,0,2902881
ompRp3,0.2,4,4,GAGCGCAAGTTCTATGGGTC,0,2898654
ompRp3,0.2,4,4,GAGCCTGGGTCACCGCTGTA,0,2870539
ompRp3,0.2,4,4,GAGCCCGGGTATTCGCAACT,0,2874143
ompRp3,0.2,4,4,GAGCAGAGACGAGCCTCGGC,0,2865603
ompRp3,0.2,4,4,GAGAGGCAGAGACGCGCTTA,0,2877823
ompRp3,0.2,4,4,GAGAGAAGTTACCAATGGAT,0,2903988
ompRp3,0.2,4,4,GAGACATAATTTAGCGATTA,0,2881554
ompRp3,0.2,4,4,GACTTTAGAACGCAAATTTG,0,2896384
ompRp3,0.2,4,4,GACTACTGGTTTAAATTAGA,0,2860839
ompRp3,0.2,4,4,GACGTCACCTCGAAATGCCA,0,2879526
ompRp3,0.2,4,4,GACGGGGGTTCCTTTTCGGT,0,2877664
ompRp3,0.2,4,4,GACGCACATCTGTTCACCTG,0,2872840
ompRp3,0.2,4,4,GACGCAACTTTGCTAGCCGT,0,2905296
ompRp3,0.2,4,4,GACGAATGATGCCGAAAACT,0,2891766
ompRp3,0.2,4,4,GACCTTCGAAAGATGCTTCA,0,2906285
ompRp3,0.2,4,4,GACCGCACGCCTACTACTTC,0,2876418
ompRp3,0.2,4,4,GACAGAAGGTTCCGCTGCTG,0,2887937
ompRp3,0.2,4,4,GACACGGAGTTGTTACTGCA,0,2860757
ompRp3,0.2,4,4,GACACCTATGGGTACGGCGG,0,2890964
ompRp3,0.2,4,4,GAATGTTCGGCGATCCGGCT,0,2897238
ompRp3,0.2,4,4,GAATGTGTCGCTCATGTCTT,0,2880623
ompRp3,0.2,4,4,GAATGCTCTTGTCCAATGGA,0,2878797
ompRp3,0.2,4,4,GAATGATTCGACCCCACGCT,0,2863865
ompRp3,0.2,4,4,GAATGAAATCGTTACTATGA,0,2867074
ompRp3,0.2,4,4,GAATAGCCTTATCATAAGAG,0,2863195
ompRp3,0.2,4,4,GAATAGACCTTCCACACCGA,0,2901178
ompRp3,0.2,4,4,GAAGTTGAGCCATCCAGGGA,0,2871684
ompRp3,0.2,4,4,GAACTTGATGTAACGTCAGG,0,2876486
ompRp3,0.2,4,4,GAAATTTCGGAGGATGGGGA,0,2886599
ompRp3,0.2,4,4,GAAATTGAAAAAAGGCGGAA,0,2871899
ompRp3,0.2,4,4,GAAATGGAGTATACGAACGC,0,2906019
ompRp3,0.2,4,4,GAAAGATGGATCTATATCGT,0,2876431
ompRp3,0.2,4,4,GAAACGGACTCACTGGTGCG,0,2899977
ompRp3,0.2,4,4,CTTTGTGCTCTTACCAGTTT,0,2865567
ompRp3,0.2,4,4,CTTTCTTTCATGCGAAAGCT,0,2882808
ompRp3,0.2,4,4,CTTTCGCCTAGCACGCTTTT,0,2871196
ompRp3,0.2,4,4,CTTTAGGGCTTTGCGTAGTA,0,2882906
ompRp3,0.2,4,4,CTTTACTCTGCTTTTCACGA,0,2902743
ompRp3,0.2,4,4,CTTTACGGTAAAAGATAGCT,0,2901836
ompRp3,0.2,4,4,CTTGTTCGACCAGATCTTGA,0,2886830
ompRp3,0.2,4,4,CTTGGACTCTCCAGAATACT,0,2899034
ompRp3,0.2,4,4,CTTGGAAACGCTAAGCCTTT,0,2886648
ompRp3,0.2,4,4,CTTGAATCCGATGTTGCAAG,0,2881432
ompRp3,0.2,4,4,CTTCCTGTGCCCCGGCGGGA,0,2892799
ompRp3,0.2,4,4,CTTCACTCAGATCGGGAGAT,0,2889814
ompRp3,0.2,4,4,CTTATCCGGGGGCATAGCTC,0,2882632
ompRp3,0.2,4,4,CTTAGGGATCAATTGGCAGC,0,2865329
ompRp3,0.2,4,4,CTTAGATAGGGTGCCGAAGT,0,2865529
ompRp3,0.2,4,4,CTTAGAGGAGCTGAGCTCAT,0,2888478
ompRp3,0.2,4,4,CTTACCAAGGCCTGTTTGTG,0,2895797
ompRp3,0.2,4,4,CTTAAGTAAAAGTTGGAGTT,0,2873004
ompRp3,0.2,4,4,CTGTCGCATTCGGATGGAGT,0,2872257
ompRp3,0.2,4,4,CTGTATGCGGAAGTTTCACT,0,2888392
ompRp3,0.2,4,4,CTGTACCGCATCAGTTTCTG,0,2888999
ompRp3,0.2,4,4,CTGGTGGCCTACCGCTCATG,0,2879952
ompRp3,0.2,4,4,CTGGGGGTTCGTTAGTCTTC,0,2881303
ompRp3,0.2,4,4,CTGGGGGGGCGAATCATTAA,0,2879794
ompRp3,0.2,4,4,CTGGCGCCTGTGTAAGGATT,0,2861578
ompRp3,0.2,4,4,CTGGATGTGGTTGTTACCCG,0,2883270
ompRp3,0.2,4,4,CTGCTGTCTAGTGCGTATCC,0,2871810
ompRp3,0.2,4,4,CTGCGTGAAGTAGGCTAAAG,0,2864347
ompRp3,0.2,4,4,CTGCCGTATCCGCACAAGAG,0,2876075
ompRp3,0.2,4,4,CTGCCCATTCCCTCTTCGCT,0,2895642
ompRp3,0.2,4,4,CTGCCCAAGGGGCATGTGGT,0,2885538
ompRp3,0.2,4,4,CTGCACTATTGAAGACCAGA,0,2896248
ompRp3,0.2,4,4,CTGCACATTTGCCCGAATAC,0,2901727
ompRp3,0.2,4,4,CTGAGTGTGACGGTAACTTC,0,2868657
ompRp3,0.2,4,4,CTGAGGAGGGGCTCGGTTAG,0,2881959
ompRp3,0.2,4,4,CTGAGCTGCCCGCACCTACA,0,2880260
ompRp3,0.2,4,4,CTGAGAAATTTGATAGGGTG,0,2891260
ompRp3,0.2,4,4,CTGAAGGGTACTCGGGCAGG,0,2903086
ompRp3,0.2,4,4,CTCTCGCAAGGCAATGGGTG,0,2903132
ompRp3,0.2,4,4,CTCTCGAGACCACACTTCTA,0,2890965
ompRp3,0.2,4,4,CTCGGGCGCCTTTAAGGACA,0,2895858
ompRp3,0.2,4,4,CTCGGCCTTAGTCTGAAAGT,0,2862852
ompRp3,0.2,4,4,CTCCTGCAAATCGAGAAATT,0,2868782
ompRp3,0.2,4,4,CTCCTAATAATATGACCAAT,0,2887004
ompRp3,0.2,4,4,CTCCTAACAGCAATTCGTTA,0,2903448
ompRp3,0.2,4,4,CTCCCGTGGGATTATTAGAC,0,2905846
ompRp3,0.2,4,4,CTCATGACCTCTGATGTCAC,0,2881132
ompRp3,0.2,4,4,CTCACGGTTAGGCCAATAGG,0,2870492
ompRp3,0.2,4,4,CTATGTCAGTCCTGGAAAGA,0,2873640
ompRp3,0.2,4,4,CTATGCTCCGTACCTTCACT,0,2869815
ompRp3,0.2,4,4,CTATGACGGTCGCAGCTCTA,0,2898752
ompRp3,0.2,4,4,CTATCGGGCCGGTGTGCTGA,0,2888460
ompRp3,0.2,4,4,CTAGTGTCAGGCACCGAATC,0,2898593
ompRp3,0.2,4,4,CTAGGACTTGTCGCGAATAC,0,2868486
ompRp3,0.2,4,4,CTAGCGGAATTAAGGTGTGT,0,2890228
ompRp3,0.2,4,4,CTAGATGTTAAGCGCCGAGA,0,2862002
ompRp3,0.2,4,4,CTACTTGCACATGTTAGTGC,0,2884318
ompRp3,0.2,4,4,CTACTACCGTCTATGAACAC,0,2902904
ompRp3,0.2,4,4,CTACCTGCACAAACTCAGAA,0,2895059
ompRp3,0.2,4,4,CTACAATGCCCGAGCCGACT,0,2894150
ompRp3,0.2,4,4,CTAATAAGATACCACAATAA,0,2875140
ompRp3,0.2,4,4,CTAAGGGGGTAAACCAGCTG,0,2881954
ompRp3,0.2,4,4,CTAAGGGATGCATCTAATTA,0,2885681
ompRp3,0.2,4,4,CTAACTGTGGAGTACGGCTT,0,2874374
ompRp3,0.2,4,4,CTAACGTATTGAAATAGTAC,0,2906384
ompRp3,0.2,4,4,CGTTCCCTGATAATGACGCC,0,2892678
ompRp3,0.2,4,4,CGTGTCGGCGGCGGTGGCTG,0,2882119
ompRp3,0.2,4,4,CGTGGGGTTGTCACTCGTAA,0,2876843
ompRp3,0.2,4,4,CGTGCACCCATCTGTATCTG,0,2899691
ompRp3,0.2,4,4,CGTGAACTGAGGTTCGTACG,0,2865497
ompRp3,0.2,4,4,CGTCTGATAAGCTTTAAGGA,0,2874474
ompRp3,0.2,4,4,CGTCCCGCAATGCCACAAGC,0,2902663
ompRp3,0.2,4,4,CGTCCAGCGTCGAAAAAATT,0,2871951
ompRp3,0.2,4,4,CGTATTGAACTTCATCTCTG,0,2871257
ompRp3,0.2,4,4,CGTAGTACGATAGTGGCCTA,0,2881517
ompRp3,0.2,4,4,CGTAGCTCTAAGGCCCAGAA,0,2906339
ompRp3,0.2,4,4,CGTACGCCCGGGTGTTACAA,0,2889841
ompRp3,0.2,4,4,CGTAAAAATAATGCCAGTTA,0,2898677
ompRp3,0.2,4,4,CGGTCGGGGTAATTTAAAAT,0,2874039
ompRp3,0.2,4,4,CGGTATGGTATTAGCTATGA,0,2898607
ompRp3,0.2,4,4,CGGTATCTCGGCAGGATCAG,0,2878850
ompRp3,0.2,4,4,CGGGTTGTGCCAAGTCCCCA,0,2905787
ompRp3,0.2,4,4,CGGGTTGGGCACCCCCCATA,0,2897047
ompRp3,0.2,4,4,CGGGTCCTGCTAGAAGTCGC,0,2899468
ompRp3,0.2,4,4,CGGGGTGGTTACGGAACTGA,0,2892274
ompRp3,0.2,4,4,CGGGGGGACCAATGGGTGAG,0,2883062
ompRp3,0.2,4,4,CGGGGGATGAACGGGACTTA,0,2889899
ompRp3,0.2,4,4,CGGGGAGGATTCCTCTATGA,0,2861028
ompRp3,0.2,4,4,CGGGCGATCTGTGTAGTTAG,0,2870729
ompRp3,0.2,4,4,CGGGCGAAGCGTAGTCGGGT,0,2866226
ompRp3,0.2,4,4,CGGGCCGAGGGAAAGTTAAT,0,2865792
ompRp3,0.2,4,4,CGGGATGCATGTGGGATATA,0,2885796
ompRp3,0.2,4,4,CGGGAACCCTGGACACCGTC,0,2861192
ompRp3,0.2,4,4,CGGCTGCGCAAGCCAGAAAA,0,2883296
ompRp3,0.2,4,4,CGGCTCAACAGGGCGCGATA,0,2897695
ompRp3,0.2,4,4,CGGCGTTTTAGAGAGCACCT,0,2881962
ompRp3,0.2,4,4,CGGCCCGTGCACGGCTAACA,0,2864478
ompRp3,0.2,4,4,CGGCCCGGGAGGTGTAGACA,0,2869352
ompRp3,0.2,4,4,CGGAAGATCCCTAATTGGGT,0,2881052
ompRp3,0.2,4,4,CGGAAATCCCGGCCGGACTT,0,2903841
ompRp3,0.2,4,4,CGCTTAGGAGGAGACGTGAA,0,2898229
ompRp3,0.2,4,4,CGCTAGACTCCCCTCTTGTA,0,2870819
ompRp3,0.2,4,4,CGCGTTAAACGAGAGAGACA,0,2903139
ompRp3,0.2,4,4,CGCGTGATCACGTTCACGAC,0,2900665
ompRp3,0.2,4,4,CGCGTCTAAAACAAGGGTGT,0,2904139
ompRp3,0.2,4,4,CGCGTCCTCCCTCGAACCTC,0,2864932
ompRp3,0.2,4,4,CGCGGACTGCTCGAGTCGTG,0,2893128
ompRp3,0.2,4,4,CGCGCATGCTACTGCACTAT,0,2865491
ompRp3,0.2,4,4,CGCGATATCCACGGTTGTTG,0,2901494
ompRp3,0.2,4,4,CGCCTTTTGGTCGCCACGCA,0,2900245
ompRp3,0.2,4,4,CGCCGTCGGACATACTTGCT,0,2906250
ompRp3,0.2,4,4,CGCCGGAGCGAAAGCCTCCA,0,2886130
ompRp3,0.2,4,4,CGCCCCACCTGTGGCGACCT,0,2866944
ompRp3,0.2,4,4,CGCATGGGGCACTAATTTCA,0,2896107
ompRp3,0.2,4,4,CGCAGGAGACTTCTGTGAAT,0,2886703
ompRp3,0.2,4,4,CGCACAACCACGTAAGGATG,0,2880551
ompRp3,0.2,4,4,CGCAATACAACGGAGCGGCT,0,2884239
ompRp3,0.2,4,4,CGCAAATGTCGTTGAGAGGT,0,2896956
ompRp3,0.2,4,4,CGATTGTTTGTCTGTAACTA,0,2865394
ompRp3,0.2,4,4,CGATTCGCGTACGCACGGCA,0,2864912
ompRp3,0.2,4,4,CGATTATAACGAGCACAGCA,0,2902928
ompRp3,0.2,4,4,CGATTAGTACAGTCCAGCCT,0,2899465
ompRp3,0.2,4,4,CGATAATACCTGATAAGTAA,0,2881200
ompRp3,0.2,4,4,CGAGGGGGGTAATTGACTTA,0,2879142
ompRp3,0.2,4,4,CGAGGCGATATGCTCTGGAC,0,2871704
ompRp3,0.2,4,4,CGAGGAGCATGAGTCGAAAA,0,2863613
ompRp3,0.2,4,4,CGAGGAACCCCGGAAGCTGT,0,2866279
ompRp3,0.2,4,4,CGACTGGTCTACCTCGTTGA,0,2882213
ompRp3,0.2,4,4,CGACATCGCTTTCTCGCCCG,0,2885851
ompRp3,0.2,4,4,CGACAAGGGGACAAAGGCGG,0,2867238
ompRp3,0.2,4,4,CGACAAGCTCGTGGGGTGTT,0,2898180
ompRp3,0.2,4,4,CGAAGTACGATACACCTAAA,0,2901862
ompRp3,0.2,4,4,CGAAGAGGCTTCAATGATCT,0,2895892
ompRp3,0.2,4,4,CGAAGACTGCATCCACTCAT,0,2889928
ompRp3,0.2,4,4,CGAAATTTAGTCAGCCCGTG,0,2870449
ompRp3,0.2,4,4,CGAAACGAAGTCACGTATAC,0,2893648
ompRp3,0.2,4,4,CCTTTGCATTATAGGTACCC,0,2871709
ompRp3,0.2,4,4,CCTTTCGCTCTTGTTGATGG,0,2872209
ompRp3,0.2,4,4,CCTTGTTCCGGTTTATTACC,0,2872892
ompRp3,0.2,4,4,CCTTGCAATGCACGCCCCCA,0,2902519
ompRp3,0.2,4,4,CCTTCACATCGCTCATCATG,0,2873361
ompRp3,0.2,4,4,CCTTAAATTTCAACCTACGC,0,2903697
ompRp3,0.2,4,4,CCTGTTGGCGTAAACACGTT,0,2895364
ompRp3,0.2,4,4,CCTGTAGTGACTGTCTGTGT,0,2886652
ompRp3,0.2,4,4,CCTGGCAGGCTCTCCGGACC,0,2888989
ompRp3,0.2,4,4,CCTGCTAAGTGAGCCCGATG,0,2865142
ompRp3,0.2,4,4,CCTGCCAGGATAGCAACAGA,0,2865113
ompRp3,0.2,4,4,CCTGCAATATGGGTCTCTTG,0,2884265
ompRp3,0.2,4,4,CCTGATGTCTTCAGTATGGT,0,2887097
ompRp3,0.2,4,4,CCTCTTGTGTAGAATTCAGG,0,2900445
ompRp3,0.2,4,4,CCTCTGGAAAGACCAAAAAT,0,2894701
ompRp3,0.2,4,4,CCTCTGCGGGAGGGAAACCT,0,2865157
ompRp3,0.2,4,4,CCTCCAGACCGGTCCGCTAA,0,2885799
ompRp3,0.2,4,4,CCTCCAAACGCACTCGGAAG,0,2862708
ompRp3,0.2,4,4,CCTCAAACTGGTAGCTTAAT,0,2906736
ompRp3,0.2,4,4,CCTATTGCGGATCAGGTCTG,0,2902245
ompRp3,0.2,4,4,CCTAGTAATATGACGTACGG,0,2899362
ompRp3,0.2,4,4,CCTAGGGGAGAACGCTTAGT,0,2875417
ompRp3,0.2,4,4,CCTAGGCCACGTAAGACACC,0,2887871
ompRp3,0.2,4,4,CCTACGATAGGTGCCGGTGA,0,2882208
ompRp3,0.2,4,4,CCTAAGTAGCAAGCGAGGAT,0,2881078
ompRp3,0.2,4,4,CCGTTTCGCTTTGGCTGCGC,0,2861078
ompRp3,0.2,4,4,CCGTTCAATCCACAGAGCTA,0,2880588
ompRp3,0.2,4,4,CCGTCTTGTCTCGGATTGAT,0,2885473
ompRp3,0.2,4,4,CCGGTTAGTGTGTTCCTCTC,0,2895154
ompRp3,0.2,4,4,CCGGTGTATCTTCGGTTACG,0,2874380
ompRp3,0.2,4,4,CCGGTGACGCGATGTGTCAT,0,2860857
ompRp3,0.2,4,4,CCGGTATAGGAAGCAGTACT,0,2895689
ompRp3,0.2,4,4,CCGGGGATCGAAACAGTAGA,0,2879011
ompRp3,0.2,4,4,CCGGGACTATGGTACCGAAG,0,2877123
ompRp3,0.2,4,4,CCGGCTTTCGTGGGGGGCAT,0,2890220
ompRp3,0.2,4,4,CCGGAATTAGTATACCCGGG,0,2864381
ompRp3,0.2,4,4,CCGGAAGGGAGGGTCGGAAG,0,2903638
ompRp3,0.2,4,4,CCGCGTCTGCTAGCGTGGGA,0,2893746
ompRp3,0.2,4,4,CCGCGGGTCGGTATAGGTCT,0,2900946
ompRp3,0.2,4,4,CCGCCTTGACGGGTCTTCCC,0,2885426
ompRp3,0.2,4,4,CCGCACTCGGGGCGCAATTG,0,2888019
ompRp3,0.2,4,4,CCGCACATCTCTCATGGCGT,0,2881866
ompRp3,0.2,4,4,CCGAGTTCCAGCGGGCCTAA,0,2886338
ompRp3,0.2,4,4,CCGAGTCTGTCCGGTTAATG,0,2894760
ompRp3,0.2,4,4,CCGAGTCAGCCCCAACCCCC,0,2895330
ompRp3,0.2,4,4,CCGAGGATACCCGAGGCCTC,0,2880494
ompRp3,0.2,4,4,CCGAGCAGGAGCAGCGGTAC,0,2900585
ompRp3,0.2,4,4,CCGACGGGTTTACTATGTTG,0,2895788
ompRp3,0.2,4,4,CCGACCCGGTGGACCTCGGG,0,2901767
ompRp3,0.2,4,4,CCGACAGGCTAACATCGTCC,0,2872446
ompRp3,0.2,4,4,CCGACAGATTAGCGTAACAA,0,2890121
ompRp3,0.2,4,4,CCCTGCTCGTGCATTCAGCA,0,2900628
ompRp3,0.2,4,4,CCCTATTCGATGAGTAGAAG,0,2893357
ompRp3,0.2,4,4,CCCGTGACCCGGTACTTACA,0,2893983
ompRp3,0.2,4,4,CCCGGTGAAGCAGTCCCGGC,0,2895990
ompRp3,0.2,4,4,CCCGGGCAGGCAAAATTGCC,0,2894991
ompRp3,0.2,4,4,CCCGGCTCAACGCATCTGCC,0,2875338
ompRp3,0.2,4,4,CCCGCCTGGGACCTCCGTCA,0,2882166
ompRp3,0.2,4,4,CCCGAGCAGGCATTTACGCA,0,2906550
ompRp3,0.2,4,4,CCCGACGAATGTTGCACCCT,0,2882652
ompRp3,0.2,4,4,CCCGAACGTGAGCGGTGCAT,0,2894485
ompRp3,0.2,4,4,CCCCGGGAGGAGACGGCACC,0,2862700
ompRp3,0.2,4,4,CCCCATATCGAAGTATGTCA,0,2867254
ompRp3,0.2,4,4,CCCCATACCTAGCACCAAGT,0,2896200
ompRp3,0.2,4,4,CCCACGGTTGGTTCAGGCTC,0,2870894
ompRp3,0.2,4,4,CCATTCGCGAATACCGAGAT,0,2888375
ompRp3,0.2,4,4,CCATTAGGATAATCGTCCGA,0,2905970
ompRp3,0.2,4,4,CCATAACTTGGCCCCCATAG,0,2874091
ompRp3,0.2,4,4,CCATAACGGCTTTCCTGTAT,0,2906553
ompRp3,0.2,4,4,CCAGTGATCGAGGGGCCTGG,0,2900515
ompRp3,0.2,4,4,CCAGGGGGGCACGTGGATGA,0,2890162
ompRp3,0.2,4,4,CCAGCTCTGTCCAAAGTATC,0,2889343
ompRp3,0.2,4,4,CCAGCAAAGCTCGGTGCTAC,0,2866805
ompRp3,0.2,4,4,CCAGACGGTAGGTCGTTCGG,0,2883686
ompRp3,0.2,4,4,CCACTTGTAACGGGCTACAA,0,2883068
ompRp3,0.2,4,4,CCACTTGAAAGTGCGGCCCT,0,2887836
ompRp3,0.2,4,4,CCACTCCGGTAACCCCCGAT,0,2883678
ompRp3,0.2,4,4,CCACATGACAGAATGGACCA,0,2888761
ompRp3,0.2,4,4,CCACACGTCTCATCTTGGTA,0,2902430
ompRp3,0.2,4,4,CCAATTTAGAAATATTGGGT,0,2897500
ompRp3,0.2,4,4,CCAATCGGGTCATCGTTCGC,0,2865875
ompRp3,0.2,4,4,CCAAGTTTTTTTCTGTGGGT,0,2900257
ompRp3,0.2,4,4,CCAAGTCTGATGGGCGGTAA,0,2898924
ompRp3,0.2,4,4,CCAAGAGGAGGATGCAGATA,0,2874811
ompRp3,0.2,4,4,CCAACTTGTACGGGCCGCGA,0,2895549
ompRp3,0.2,4,4,CCAACTTAGGATCGACGCCA,0,2882841
ompRp3,0.2,4,4,CCAAATTCGTGCTTCTCCGA,0,2888694
ompRp3,0.2,4,4,CCAAACATGACGGCGCCGTT,0,2895279
ompRp3,0.2,4,4,CATTTGACTGGCAGTTGTAT,0,2876270
ompRp3,0.2,4,4,CATTGTAGGATATCATATGT,0,2868392
ompRp3,0.2,4,4,CATTCGAAGTGTTTCTGGGT,0,2866158
ompRp3,0.2,4,4,CATGTCTCTGTGGTCATTGC,0,2893868
ompRp3,0.2,4,4,CATGGTCTGCGGCATGGATT,0,2877142
ompRp3,0.2,4,4,CATGCTAAATACAGGTAGAA,0,2884799
ompRp3,0.2,4,4,CATGCACAATTTTCTCGGTG,0,2868022
ompRp3,0.2,4,4,CATGATGTTTACTCATTTGC,0,2888154
ompRp3,0.2,4,4,CATGAATCGGCATAGCGTAG,0,2891130
ompRp3,0.2,4,4,CATCTGATCTCCAGGCTATT,0,2892460
ompRp3,0.2,4,4,CATCGAGCGCACCCTCGTGC,0,2875908
ompRp3,0.2,4,4,CATCCCCTACAGAATCTCTT,0,2867538
ompRp3,0.2,4,4,CATCATAGCGAAACTATCGA,0,2885174
ompRp3,0.2,4,4,CATATGAAGCGGGATTAAAA,0,2878097
ompRp3,0.2,4,4,CATATCAGTCACACATATTG,0,2901451
ompRp3,0.2,4,4,CATATAGGGGCCTTCAACGC,0,2864704
ompRp3,0.2,4,4,CATAGTGAATAGGGGACGAC,0,2902311
ompRp3,0.2,4,4,CATAGGAGATAGGCTGATTG,0,2905979
ompRp3,0.2,4,4,CATAAGATACCTGTGCACTG,0,2899075
ompRp3,0.2,4,4,CATAACGTGGGATACGGCCA,0,2894185
ompRp3,0.2,4,4,CAGTTGGTTAGAGGGGAGCG,0,2902828
ompRp3,0.2,4,4,CAGTGTCCGTCCCCCGCCAT,0,2905682
ompRp3,0.2,4,4,CAGTCCTTGAAATCGGGGTT,0,2879506
ompRp3,0.2,4,4,CAGTCATTGGTATCTTCGGT,0,2876422
ompRp3,0.2,4,4,CAGTACCGGATCGCTCTGAC,0,2892154
ompRp3,0.2,4,4,CAGGTGGATCCAACCTGCAT,0,2868288
ompRp3,0.2,4,4,CAGGTCCCTGCATTAGCTTC,0,2863200
ompRp3,0.2,4,4,CAGGGTACTCCAACTATGCA,0,2894735
ompRp3,0.2,4,4,CAGGCCCCGTGCAGAATAGC,0,2892376
ompRp3,0.2,4,4,CAGGAGGAACCCAGGGTCTA,0,2896019
ompRp3,0.2,4,4,CAGGAGATGGAAGTTAGATT,0,2883692
ompRp3,0.2,4,4,CAGCTTCAAATTAAACTAGG,0,2871621
ompRp3,0.2,4,4,CAGCGGTCGAAGGTTACTTT,0,2901249
ompRp3,0.2,4,4,CAGCGCCTATGTAATTTAGC,0,2862334
ompRp3,0.2,4,4,CAGCCCGTTACTGTGTTACC,0,2885349
ompRp3,0.2,4,4,CAGCCCGATTCTTCTAGGAG,0,2866684
ompRp3,0.2,4,4,CAGATGAGGAGTATTACATC,0,2881649
ompRp3,0.2,4,4,CAGAGTGTAAACGGGTGAGC,0,2874226
ompRp3,0.2,4,4,CAGAGTGGTATTGACCACGC,0,2872691
ompRp3,0.2,4,4,CAGACCCCCCTGTTGGGTCT,0,2899365
ompRp3,0.2,4,4,CAGAATGGATGCAGCGACGG,0,2864331
ompRp3,0.2,4,4,CAGAAGGTCAAATGTAAGGA,0,2903223
ompRp3,0.2,4,4,CAGAAAGAATGCCTGTGATT,0,2892766
ompRp3,0.2,4,4,CAGAAAAAAGCTAGGGTCGG,0,2862834
ompRp3,0.2,4,4,CACTGCTAAAGACTCAATCA,0,2866602
ompRp3,0.2,4,4,CACTGCGTCATTCATCAGGG,0,2874154
ompRp3,0.2,4,4,CACTCAGACACTTTCTATCT,0,2874259
ompRp3,0.2,4,4,CACTATAAGTGAAAGCGATA,0,2870658
ompRp3,0.2,4,4,CACGTGCGTTGATCATCCCA,0,2891988
ompRp3,0.2,4,4,CACGGTGGTTGCTCTTCCGT,0,2875401
ompRp3,0.2,4,4,CACGGCTTCGGAGCACCGAG,0,2905816
ompRp3,0.2,4,4,CACGGCGCACAATAAAACAA,0,2904528
ompRp3,0.2,4,4,CACGCCACGGTTACCCTCAT,0,2865745
ompRp3,0.2,4,4,CACGCAACAACCGCAACTTT,0,2906335
ompRp3,0.2,4,4,CACGATACCGAATACATCAA,0,2864621
ompRp3,0.2,4,4,CACCTTTTTATCCATGAATA,0,2888766
ompRp3,0.2,4,4,CACCACCTTTCACGTCTCTC,0,2888805
ompRp3,0.2,4,4,CACATAACTACCTAAGCACG,0,2886531
ompRp3,0.2,4,4,CACACGCGAATTTCACATTC,0,2865626
ompRp3,0.2,4,4,CAATGACTATTCCTCCTCAT,0,2870730
ompRp3,0.2,4,4,CAATCGGTCAAGGTACACAG,0,2906314
ompRp3,0.2,4,4,CAAGGCATGCGTTCCAGAAG,0,2884821
ompRp3,0.2,4,4,CAACTCCAGTGGACAAGTCA,0,2873170
ompRp3,0.2,4,4,CAACTATCTGGGCTTCAGTT,0,2896413
ompRp3,0.2,4,4,CAACGTTGAAAGACAAATTG,0,2866451
ompRp3,0.2,4,4,CAACGCGCCCTTGTAGACTA,0,2892395
ompRp3,0.2,4,4,CAAATTCGCTCAACCTCCCA,0,2884503
ompRp3,0.2,4,4,CAAACATTGGGGTCACTCGG,0,2885211
ompRp3,0.2,4,4,CAAAAACGCCAATTGTGAAT,0,2890113
ompRp3,0.2,4,4,ATTTTCGAGCAAGGTATTAC,0,2888503
ompRp3,0.2,4,4,ATTTTAGATGTCTACAGCTG,0,2888339
ompRp3,0.2,4,4,ATTTGGCCACACATACGGCG,0,2887618
ompRp3,0.2,4,4,ATTTGCTGGGGTAATATTAA,0,2874333
ompRp3,0.2,4,4,ATTTCGTTAACAGGGTCCCT,0,2862649
ompRp3,0.2,4,4,ATTTCCCGTGCGAAGTCTCT,0,2889521
ompRp3,0.2,4,4,ATTTACAGTACCGTTCTTTG,0,2878622
ompRp3,0.2,4,4,ATTGGGTCTAAGGCAGTTGT,0,2903857
ompRp3,0.2,4,4,ATTGGATTATGCGAACAGTA,0,2885770
ompRp3,0.2,4,4,ATTCTTCCATGTGGTACACA,0,2897346
ompRp3,0.2,4,4,ATTCTAATCGTCTAGGCAGT,0,2891961
ompRp3,0.2,4,4,ATTCGCAACAGGCCTGAGGG,0,2862951
ompRp3,0.2,4,4,ATTCCGTGGTACCTTTAAGT,0,2867476
ompRp3,0.2,4,4,ATTCATAGGGTGGTGGTGTC,0,2867509
ompRp3,0.2,4,4,ATTCAGACTACACGCTCTGA,0,2898354
ompRp3,0.2,4,4,ATTATGCGTCGCGCTGGATT,0,2891637
ompRp3,0.2,4,4,ATTATATTTATTCGGAACAT,0,2907241
ompRp3,0.2,4,4,ATTAGGCCCACCGCCCCGTA,0,2877372
ompRp3,0.2,4,4,ATTACTCAAACGGGCGTCCC,0,2881917
ompRp3,0.2,4,4,ATTAATTCTCCAGGTAGGGA,0,2878791
ompRp3,0.2,4,4,ATTAACTAGAACTGCTTTCA,0,2863834
ompRp3,0.2,4,4,ATGTTGTAGCACGTAGGCCA,0,2863556
ompRp3,0.2,4,4,ATGTTCCCAGTAAGGCCGGC,0,2875158
ompRp3,0.2,4,4,ATGTGTTTTAAAGCCTAAGC,0,2904734
ompRp3,0.2,4,4,ATGTAGGGTTTTTCACGGAC,0,2865068
ompRp3,0.2,4,4,ATGTAACGGTGCCTTGATCT,0,2878679
ompRp3,0.2,4,4,ATGGTTCCGGTATCGTATAT,0,2860729
ompRp3,0.2,4,4,ATGGTTATATGATAATATAT,0,2887470
ompRp3,0.2,4,4,ATGGTTATAATGGATGTGAG,0,2867031
ompRp3,0.2,4,4,ATGGTAGACTTCGCTAGGAG,0,2880676
ompRp3,0.2,4,4,ATGGGGGTCGAGGCATATTT,0,2889069
ompRp3,0.2,4,4,ATGGGACAAAGTGAAGCGCA,0,2871023
ompRp3,0.2,4,4,ATGGCCTAAATTTATCGTAT,0,2868264
ompRp3,0.2,4,4,ATGCGCTCTAAACGTTACTG,0,2883225
ompRp3,0.2,4,4,ATGCCTCTATCAAGAAAGGG,0,2868525
ompRp3,0.2,4,4,ATGCATGCAATTGGACTTTT,0,2904589
ompRp3,0.2,4,4,ATGCATCGGAGGGTGCAAAA,0,2906602
ompRp3,0.2,4,4,ATGAGTTGCCAGCCCCACCT,0,2890705
ompRp3,0.2,4,4,ATGAGCACACGGGGGGATGG,0,2890219
ompRp3,0.2,4,4,ATGAATAGATTATTCGCGAG,0,2907220
ompRp3,0.2,4,4,ATCTTGTGCCCGTACGAGGA,0,2888251
ompRp3,0.2,4,4,ATCTTGTCGTCGGTGGTAAA,0,2903347
ompRp3,0.2,4,4,ATCTTGACACCTCCGCCGCT,0,2890465
ompRp3,0.2,4,4,ATCTGACGCTCTTGGGCCGG,0,2886498
ompRp3,0.2,4,4,ATCTCGGTGGTGAGCGTCCC,0,2881252
ompRp3,0.2,4,4,ATCTAATGGACGTTTGATTG,0,2868329
ompRp3,0.2,4,4,ATCGTGAATGAAGTTTGGGT,0,2881199
ompRp3,0.2,4,4,ATCGTATACACGGGCGACGT,0,2866936
ompRp3,0.2,4,4,ATCCGATTATTTACGACGTT,0,2907439
ompRp3,0.2,4,4,ATCCGACGCCTTTAGATCCA,0,2882094
ompRp3,0.2,4,4,ATCCCCTGAGTTCCCACATG,0,2899233
ompRp3,0.2,4,4,ATCCCCCCAGAGCATGGCCA,0,2889079
ompRp3,0.2,4,4,ATCCCAGATATCCCCGTACA,0,2869659
ompRp3,0.2,4,4,ATCATTCGGGTGCGGTACTG,0,2906705
ompRp3,0.2,4,4,ATCACGATTTTACCTGCAAT,0,2892681
ompRp3,0.2,4,4,ATCACCTCACAACCGGGTCA,0,2906277
ompRp3,0.2,4,4,ATATCGGTGCGCGATCCAAC,0,2888878
ompRp3,0.2,4,4,ATATAGTGGATAGGGGCTTC,0,2875106
ompRp3,0.2,4,4,ATATACGGAATGCGTCAAGA,0,2888340
ompRp3,0.2,4,4,ATATAAGTATGATTTGGGGA,0,2860978
ompRp3,0.2,4,4,ATAGTATAGTCTAATAGTAG,0,2872064
ompRp3,0.2,4,4,ATAGGGAATTGTACTGGGTT,0,2860840
ompRp3,0.2,4,4,ATAGGATCTAGGCACCCGTT,0,2896609
ompRp3,0.2,4,4,ATAGCGGGGCATTTCAAATG,0,2876070
ompRp3,0.2,4,4,ATAGAGAAGCTGAATCCGAT,0,2868521
ompRp3,0.2,4,4,ATACGTGGCTGCGCGGCCTC,0,2899603
ompRp3,0.2,4,4,ATACGTCCTCCCATAGTGCA,0,2870777
ompRp3,0.2,4,4,ATACGATATCGGATGGGACA,0,2907301
ompRp3,0.2,4,4,ATACGAATCACGGGGCGTCG,0,2884389
ompRp3,0.2,4,4,ATACCAATTTTGATTGTCGT,0,2862025
ompRp3,0.2,4,4,ATACATTAGGCACGATTATC,0,2892997
ompRp3,0.2,4,4,ATACATCCTCTGCCTTACTA,0,2889254
ompRp3,0.2,4,4,ATACAGGAATGGGTTGCGGG,0,2899261
ompRp3,0.2,4,4,ATAAGTTATTGGATCCCGTG,0,2881186
ompRp3,0.2,4,4,ATAAGTCATTCATTAGTAGT,0,2865238
ompRp3,0.2,4,4,ATAAAGCAGCTTTGTCAAAT,0,2873332
ompRp3,0.2,4,4,AGTTAGATCAAACATGCCCG,0,2871066
ompRp3,0.2,4,4,AGTTAAGAAATTTACCTATA,0,2885867
ompRp3,0.2,4,4,AGTGGAGTTGAGCCACCCCA,0,2901992
ompRp3,0.2,4,4,AGTGATGGGCTCGCCCTGCA,0,2904789
ompRp3,0.2,4,4,AGTGACGCTCCATACATACC,0,2866551
ompRp3,0.2,4,4,AGTCCTAGTGTCGCCAAGCC,0,2866007
ompRp3,0.2,4,4,AGTCCACTTCCCCTTTCTCC,0,2901033
ompRp3,0.2,4,4,AGTATGGCACTTATCGTATG,0,2867526
ompRp3,0.2,4,4,AGTAGGGTCCCTTTAGTTCG,0,2890482
ompRp3,0.2,4,4,AGTAGCCGGGCCATGTATTT,0,2861055
ompRp3,0.2,4,4,AGTACTGTTCTCTAGGTAAT,0,2888384
ompRp3,0.2,4,4,AGGTGTGTGTTCGGGATATA,0,2880254
ompRp3,0.2,4,4,AGGTGTGCCGATACCAATCG,0,2875730
ompRp3,0.2,4,4,AGGTGTCAGCAGTATCTAAG,0,2882646
ompRp3,0.2,4,4,AGGTCTTCCGCGCCGGATAA,0,2887536
ompRp3,0.2,4,4,AGGTCTGTCCCGCCATAATA,0,2900727
ompRp3,0.2,4,4,AGGTAGTTTACAATATGCTA,0,2861876
ompRp3,0.2,4,4,AGGTAAATTCTTACAGAGCT,0,2880353
ompRp3,0.2,4,4,AGGGGGTTTTCCTTAGTGGT,0,2874068
ompRp3,0.2,4,4,AGGGCCTGGACGTAACACGG,0,2894014
ompRp3,0.2,4,4,AGGGCACGGTGACGTATTTC,0,2887264
ompRp3,0.2,4,4,AGGGATAGCGCCGGAATTCT,0,2896272
ompRp3,0.2,4,4,AGGCTACAACGGCTCGATCC,0,2905608
ompRp3,0.2,4,4,AGGCGGACCTTAATGATCTA,0,2901892
ompRp3,0.2,4,4,AGGCATCATGTGCGTACGTT,0,2895188
ompRp3,0.2,4,4,AGGAGGAACCCAACATCAGT,0,2874865
ompRp3,0.2,4,4,AGGACTTGACACAACGGAGC,0,2904110
ompRp3,0.2,4,4,AGCTTGGTGAAGAATACGCA,0,2872805
ompRp3,0.2,4,4,AGCTTCCGGTAAACTAAACT,0,2897679
ompRp3,0.2,4,4,AGCTTATGCCCTACCGCAAC,0,2899596
ompRp3,0.2,4,4,AGCTTATATCAAGCTTTGGA,0,2886623
ompRp3,0.2,4,4,AGCTGTTACCGTTTAGCCTT,0,2901795
ompRp3,0.2,4,4,AGCTGCGCCCGTAGAGGTTC,0,2883930
ompRp3,0.2,4,4,AGCTGAAGCGTGCTCGCTCG,0,2871891
ompRp3,0.2,4,4,AGCTCGTTATAGCCGCACAC,0,2868359
ompRp3,0.2,4,4,AGCTCGCCAGGAGTCGATAT,0,2878472
ompRp3,0.2,4,4,AGCTAAATCTTCTTTTTTTC,0,2899672
ompRp3,0.2,4,4,AGCGGTGCAACAACTTTGCT,0,2889218
ompRp3,0.2,4,4,AGCGGTCACCAACGCGGAAT,0,2898244
ompRp3,0.2,4,4,AGCGCTGTAAATGATCGCTC,0,2882530
ompRp3,0.2,4,4,AGCGCTACGGTGACACGACA,0,2887663
ompRp3,0.2,4,4,AGCGCGGAAACTACATTTTT,0,2887250
ompRp3,0.2,4,4,AGCGATTTGGGTGGCATCCT,0,2892110
ompRp3,0.2,4,4,AGCGACCTGGAAATGCGGGA,0,2880141
ompRp3,0.2,4,4,AGCCCGTTTGCTGCATATAT,0,2906669
ompRp3,0.2,4,4,AGCCAACCAAACACTGACAC,0,2878304
ompRp3,0.2,4,4,AGCAGTAAAACGTGAGAAGT,0,2872986
ompRp3,0.2,4,4,AGCACTGCCGCGGTTCGCGA,0,2897366
ompRp3,0.2,4,4,AGCACTCGACCTCGATAGCA,0,2881788
ompRp3,0.2,4,4,AGCACATAAATACGGATGGA,0,2878954
ompRp3,0.2,4,4,AGCAAGTAACCTGTCCATAC,0,2895257
ompRp3,0.2,4,4,AGATTTTGTTTGTTCTCTAT,0,2901833
ompRp3,0.2,4,4,AGATTTAATCAGGATGGTCT,0,2870204
ompRp3,0.2,4,4,AGATTGCGACGACACTCAAT,0,2877591
ompRp3,0.2,4,4,AGATGCAAAACCCTAGTCTT,0,2873092
ompRp3,0.2,4,4,AGAGTTTCGTCGGTCACTCA,0,2900646
ompRp3,0.2,4,4,AGAGGCTAGCATCTGCTTAG,0,2871957
ompRp3,0.2,4,4,AGAGGACCGGCAATCAAATC,0,2862039
ompRp3,0.2,4,4,AGAGCGGAGATCGATAGTGG,0,2872171
ompRp3,0.2,4,4,AGAGCGCCATTTGTCCTTCT,0,2906141
ompRp3,0.2,4,4,AGAGACAACGGATCGTACGG,0,2892393
ompRp3,0.2,4,4,AGACTGGGTGAGACGCCGCA,0,2873672
ompRp3,0.2,4,4,AGACGCTAGCGGGGGTCAAT,0,2885434
ompRp3,0.2,4,4,AGACGAGGGAATGGTTCATT,0,2861425
ompRp3,0.2,4,4,AGACCGCTCTCCCGCAGACT,0,2882872
ompRp3,0.2,4,4,AGACCCGCTCGACGCTGGGG,0,2895715
ompRp3,0.2,4,4,AGACAATTGACCGGCCCCGG,0,2877485
ompRp3,0.2,4,4,AGAATTCCATGACCAGCAAT,0,2889559
ompRp3,0.2,4,4,AGAATAGGGTACCCCCGCTG,0,2875831
ompRp3,0.2,4,4,AGAAGTGTCGGAACCGTAAA,0,2879291
ompRp3,0.2,4,4,AGAACAGGTAGATGATCGGA,0,2895664
ompRp3,0.2,4,4,AGAAATCACAGCCACTCGCA,0,2862759
ompRp3,0.2,4,4,AGAAACGGCCCAGATAGTGT,0,2883241
ompRp3,0.2,4,4,AGAAAAAGCAAAGCGGCCTA,0,2901907
ompRp3,0.2,4,4,ACTTTAGAGCAACGCAGTCA,0,2902376
ompRp3,0.2,4,4,ACTTGCTTGGAGGCTCGTAT,0,2880593
ompRp3,0.2,4,4,ACTTCTGAGGTCTCCGTCCT,0,2901174
ompRp3,0.2,4,4,ACTGTCGTTAGTCCAGCTCT,0,2899031
ompRp3,0.2,4,4,ACTGGTAAATTAGGGAAACG,0,2903505
ompRp3,0.2,4,4,ACTGACTTCCGTCTCCACAT,0,2901827
ompRp3,0.2,4,4,ACTCTTCATAATAGTGGCGT,0,2894684
ompRp3,0.2,4,4,ACTCAGACTATTACTGGTAT,0,2901437
ompRp3,0.2,4,4,ACTAGCACGAGTCAGATCGT,0,2868187
ompRp3,0.2,4,4,ACTACAGCATTGATTCGGTG,0,2906650
ompRp3,0.2,4,4,ACTAAGTTGATACCAAGCGT,0,2901830
ompRp3,0.2,4,4,ACTAAATGGTTGACTTCGCC,0,2880440
ompRp3,0.2,4,4,ACGTCCTGACTGCCATAGGC,0,2860965
ompRp3,0.2,4,4,ACGTCAGGAGCTACTTTAAA,0,2890649
ompRp3,0.2,4,4,ACGTATAAATATGTGTCTAC,0,2861439
ompRp3,0.2,4,4,ACGGTAATAATATCAATGAG,0,2882392
ompRp3,0.2,4,4,ACGGCTTACTTTCGGCAGTC,0,2872704
ompRp3,0.2,4,4,ACGGCTGAGCCCTTAGCGAA,0,2863910
ompRp3,0.2,4,4,ACGGCGCTAAAGAGGTCCGC,0,2876959
ompRp3,0.2,4,4,ACGGCCCCTATGTCCAGGCG,0,2872636
ompRp3,0.2,4,4,ACGGCCATATAGTAAAAGGT,0,2863097
ompRp3,0.2,4,4,ACGGCAGCTGAAATAGCATG,0,2882125
ompRp3,0.2,4,4,ACGCTATACAGGCTGACCAA,0,2872695
ompRp3,0.2,4,4,ACGATTTCAATATAAATCGT,0,2882399
ompRp3,0.2,4,4,ACGATTGCGTTGAGTGATAG,0,2867858
ompRp3,0.2,4,4,ACGATACATGGGACGCCCAC,0,2894049
ompRp3,0.2,4,4,ACGAGTTTCACCGGTTGTAC,0,2870146
ompRp3,0.2,4,4,ACGAGGCGTGTGGAAAACGT,0,2895607
ompRp3,0.2,4,4,ACGAACCAAACACTCTGTAT,0,2893817
ompRp3,0.2,4,4,ACCTTTGCCTATTAAACTTA,0,2874688
ompRp3,0.2,4,4,ACCTTAGATGGAATCGGCTC,0,2899296
ompRp3,0.2,4,4,ACCTGTCAGCGACATTTGGG,0,2892545
ompRp3,0.2,4,4,ACCTCCGGGTAAAGGTGGTC,0,2869653
ompRp3,0.2,4,4,ACCGTATTGTTAAGTGCCCA,0,2890504
ompRp3,0.2,4,4,ACCGGCTATTGTACTCCTAC,0,2888420
ompRp3,0.2,4,4,ACCGCGGATCCCCGAACTAA,0,2902872
ompRp3,0.2,4,4,ACCGCCGCCTTGCTGGGCGC,0,2897283
ompRp3,0.2,4,4,ACCGACACAGGGGGGAGTCC,0,2865578
ompRp3,0.2,4,4,ACCCTCCATTCCGGGGCTTG,0,2893231
ompRp3,0.2,4,4,ACCCGCGTAGTGATGGGCTC,0,2893471
ompRp3,0.2,4,4,ACCCCCTGGAAGGGTGGAGA,0,2893064
ompRp3,0.2,4,4,ACCATCCGCATCAGATCATC,0,2876206
ompRp3,0.2,4,4,ACCATCAGGCGGGTTCGACT,0,2882691
ompRp3,0.2,4,4,ACCAGGAATTGTGCGTTCCA,0,2867532
ompRp3,0.2,4,4,ACCAGCTGCCGGAATCTTAA,0,2861714
ompRp3,0.2,4,4,ACCAGCGAGGGAAGCTACAG,0,2896885
ompRp3,0.2,4,4,ACCAGACCGGACGTTAAGTG,0,2900446
ompRp3,0.2,4,4,ACCAGACCCTACGCAGCTCA,0,2879278
ompRp3,0.2,4,4,ACCACGGGAAAGTCTGGGCT,0,2894023
ompRp3,0.2,4,4,ACCACGGCGCTACGGCTAGC,0,2861095
ompRp3,0.2,4,4,ACCACGAAAAGCAACTTCGT,0,2874754
ompRp3,0.2,4,4,ACCACAGATAATTACAGGCA,0,2878046
ompRp3,0.2,4,4,ACCAACTCTTTGGACTGTTT,0,2885379
ompRp3,0.2,4,4,ACCAAAGATCGAAGGGTGAT,0,2867741
ompRp3,0.2,4,4,ACATTTCCGCAGGGAATACA,0,2905557
ompRp3,0.2,4,4,ACATTGGGATACAAGAGGAG,0,2871406
ompRp3,0.2,4,4,ACATGTCCTTTGGCACAGAG,0,2905171
ompRp3,0.2,4,4,ACATCAAGACGTGAATCTCC,0,2889727
ompRp3,0.2,4,4,ACATCAAATTACACCGGAAA,0,2880529
ompRp3,0.2,4,4,ACATATGATTCCGTAACTTC,0,2896711
ompRp3,0.2,4,4,ACAGCGGGAACGTATCGCGA,0,2890591
ompRp3,0.2,4,4,ACAGAAGTTACAGTTTTCAT,0,2904517
ompRp3,0.2,4,4,ACACTTGGCCTCGGTCCAAC,0,2882459
ompRp3,0.2,4,4,ACACTCAGGAGCATACCACC,0,2875901
ompRp3,0.2,4,4,ACACGTTCGTATTGGGGTGT,0,2876809
ompRp3,0.2,4,4,ACACGCGCGGCGCAGGCATT,0,2869799
ompRp3,0.2,4,4,ACACGAGACATATTGAAATA,0,2865451
ompRp3,0.2,4,4,ACACCGCCATGCTCAACACT,0,2868849
ompRp3,0.2,4,4,ACACCAGGGTCACACTACAG,0,2862064
ompRp3,0.2,4,4,ACACATAGTGCATGGTACGG,0,2905584
ompRp3,0.2,4,4,ACACACTGGATAACGGCCTT,0,2895443
ompRp3,0.2,4,4,ACAATTCGCCTAGCAGTTAC,0,2880596
ompRp3,0.2,4,4,ACAAGTGGCAAGCGTTGAGT,0,2898178
ompRp3,0.2,4,4,ACAACTGCTCGGGAAGATTT,0,2883379
ompRp3,0.2,4,4,ACAACCTTGATGAGCGAGTA,0,2884360
ompRp3,0.2,4,4,ACAACCTTCGTACTCGTTAC,0,2865144
ompRp3,0.2,4,4,ACAACATTAGGGTTCTCTGC,0,2900733
ompRp3,0.2,4,4,ACAAATCCTATAGCCGGGTT,0,2894932
ompRp3,0.2,4,4,ACAAAGGATAGGACTCTAAT,0,2874767
ompRp3,0.2,4,4,ACAAAGATGGCGTCTTAACC,0,2903412
ompRp3,0.2,4,4,AATTTCAGTCGGCAAGTAAA,0,2875016
ompRp3,0.2,4,4,AATTGTCTGACACCTAATTC,0,2881390
ompRp3,0.2,4,4,AATTGTCCACGTGATTCTTA,0,2889406
ompRp3,0.2,4,4,AATTGGATTCTTTGGAAAAA,0,2901638
ompRp3,0.2,4,4,AATTGGACGCACATTGGTTG,0,2905695
ompRp3,0.2,4,4,AATTCTGGCCTCCTTAGGGA,0,2907216
ompRp3,0.2,4,4,AATTCTCAATGGATCACAGA,0,2871752
ompRp3,0.2,4,4,AATTCTAATCAAACGTCCAC,0,2862544
ompRp3,0.2,4,4,AATTCTAATACCCCGCTGCA,0,2890022
ompRp3,0.2,4,4,AATTCACTTGCTGGGGGTGT,0,2871437
ompRp3,0.2,4,4,AATTCACCTACAAGACCCAT,0,2897630
ompRp3,0.2,4,4,AATTACCCAGAGTCTCAACG,0,2866893
ompRp3,0.2,4,4,AATGTTGCCTTACGTACTAT,0,2907259
ompRp3,0.2,4,4,AATGTTACCGTGAATAAAAT,0,2871886
ompRp3,0.2,4,4,AATGTCTACGGATACATGCC,0,2891234
ompRp3,0.2,4,4,AATGTATTCCGGTCGCCTAG,0,2894554
ompRp3,0.2,4,4,AATGGCTAAAGCGGTCGATC,0,2895655
ompRp3,0.2,4,4,AATGCCAGTTTCCGAAACTC,0,2906422
ompRp3,0.2,4,4,AATGCAGTCTGGCAGGACTG,0,2904119
ompRp3,0.2,4,4,AATCTAGGAGTCTGTGCAGT,0,2880743
ompRp3,0.2,4,4,AATCACACAAGGTGTCTCTA,0,2898214
ompRp3,0.2,4,4,AATATCCGACGATAACGGAG,0,2898516
ompRp3,0.2,4,4,AATATAGTGTAATAATCATA,0,2902784
ompRp3,0.2,4,4,AATACAAGGGCAGTGTGCAC,0,2878841
ompRp3,0.2,4,4,AAGTTCTCGGTCCGTATAGC,0,2869317
ompRp3,0.2,4,4,AAGTGTCCTTTGAGGAGGCC,0,2861595
ompRp3,0.2,4,4,AAGTGATAGAATAACCGCAA,0,2902588
ompRp3,0.2,4,4,AAGTCCTGCCTTGCCCGTTT,0,2866938
ompRp3,0.2,4,4,AAGTATCGAGCTCAGAGAGG,0,2875068
ompRp3,0.2,4,4,AAGTAGCGTTGTAGCGATGT,0,2885742
ompRp3,0.2,4,4,AAGTAAGTATGATCAAAGGG,0,2870315
ompRp3,0.2,4,4,AAGGGTATGCTGGCGGGCCA,0,2884234
ompRp3,0.2,4,4,AAGGGACGACGGTAATAACC,0,2889674
ompRp3,0.2,4,4,AAGCTAGAGAGTGCCGTGGC,0,2883993
ompRp3,0.2,4,4,AAGCGGTCCCTATCTGTGCG,0,2901239
ompRp3,0.2,4,4,AAGCGCCTTCGTAGGTCTCA,0,2868136
ompRp3,0.2,4,4,AAGCGAACTACAGAGATGTT,0,2891704
ompRp3,0.2,4,4,AAGCCTATCTCGACTCATGT,0,2867502
ompRp3,0.2,4,4,AAGCCAGAAGCTAGTATTAT,0,2886305
ompRp3,0.2,4,4,AAGCAAACGAGTCTTGAGGC,0,2871733
ompRp3,0.2,4,4,AACTTGAATCAGCAGCCCAC,0,2871278
ompRp3,0.2,4,4,AACTATTATCACAAGAAAAG,0,2870571
ompRp3,0.2,4,4,AACGTTCTTCCGAGGTATGT,0,2863303
ompRp3,0.2,4,4,AACGGTGGGTGCAACTGCGA,0,2904885
ompRp3,0.2,4,4,AACGGTACTTCCTAGTGTGT,0,2870136
ompRp3,0.2,4,4,AACCCTAATCCGTGTGTTTC,0,2901729
ompRp3,0.2,4,4,AACCCAACTAGGTCACCTCA,0,2882117
ompRp3,0.2,4,4,AACATTACCGGTGGTGCTAT,0,2892373
ompRp3,0.2,4,4,AACATATTGTTGGGTTAAGG,0,2878237
ompRp3,0.2,4,4,AACACATTCAGTGGTATATT,0,2874324
ompRp3,0.2,4,4,AAATTGTAAAGCACCACCTG,0,2881977
ompRp3,0.2,4,4,AAATTGCCGGACACAAGAAC,0,2879013
ompRp3,0.2,4,4,AAATGTAACAGTTCTGGCTA,0,2892131
ompRp3,0.2,4,4,AAATGGCACTCATTCACCAA,0,2864263
ompRp3,0.2,4,4,AAATCGGACCAACCCGGCAA,0,2867133
ompRp3,0.2,4,4,AAAGTCGATTGTATCATGAA,0,2886408
ompRp3,0.2,4,4,AAAGTCCATATACCCTTGCT,0,2904387
ompRp3,0.2,4,4,AAAGGAATAGGAACACCAAA,0,2901969
ompRp3,0.2,4,4,AAAGGAAAACAAGCAACCTG,0,2905522
ompRp3,0.2,4,4,AAAGATTGGTTTTAGTCGTT,0,2892583
ompRp3,0.2,4,4,AAAGAATGGAACGGCGACAG,0,2882380
ompRp3,0.2,4,4,AAAGAACTTTTGGTGATCAT,0,2861653
ompRp3,0.2,4,4,AAACTTTTCGCGGCTTTTTT,0,2879985
ompRp3,0.2,4,4,AAACTTGTGGGCTGCGTAAG,0,2868335
ompRp3,0.2,4,4,AAACGCCTATTATCGGCATC,0,2874117
ompRp3,0.2,4,4,AAACCTGCACTTGAGTAATC,0,2887810
ompRp3,0.2,4,4,AAACAATCGATTCTTATGTA,0,2861770
ompRp3,0.2,4,4,AAAAGGCATTATCCATTGGG,0,2907444
ompRp3,0.2,4,4,AAAACTTGCTTGGTTGCCGT,0,2897942
ompRp3,0.2,4,4,AAAACGTCAGATAGAACACA,0,2862806
ompRp3,0.2,4,4,AAAACGTAGCAACGAAGTAC,0,2896301
ompRp3,0.2,4,4,AAAAACCACCATGTGGCCAT,0,2871757
ompRp3,0.25,3,3,TTTTTGCTCCGATAGCACAT,0,2895838
ompRp3,0.25,3,3,TTTTTGACCTATAAGACGCG,0,2879104
ompRp3,0.25,3,3,TTTTTGAAGTGACAACTACG,0,2883297
ompRp3,0.25,3,3,TTTGTTCGTACGGGTCTTTC,0,2903680
ompRp3,0.25,3,3,TTTGTGGTCGGCGTGCATGA,0,2905226
ompRp3,0.25,3,3,TTTGTGGCCAAAGCCCCCAA,0,2868246
ompRp3,0.25,3,3,TTTGTCGATTGCGTTAGCGT,0,2888771
ompRp3,0.25,3,3,TTTGTCCACTAAAGAATGAT,0,2883295
ompRp3,0.25,3,3,TTTGTAGTGTGCTTTACCTA,0,2885143
ompRp3,0.25,3,3,TTTGCCGTGGAGGCTGGTCC,0,2866313
ompRp3,0.25,3,3,TTTGAGTGCTGCGAGCAGTA,0,2869610
ompRp3,0.25,3,3,TTTGAGCTAATGTTCCACTC,0,2895076
ompRp3,0.25,3,3,TTTGAGAAAACCCATCCCAA,0,2907600
ompRp3,0.25,3,3,TTTGAATGGCAAAGAGGTAA,0,2886142
ompRp3,0.25,3,3,TTTCGTCCTGTATATCAGTA,0,2870694
ompRp3,0.25,3,3,TTTCGCACAAAGCCGCGCTT,0,2905087
ompRp3,0.25,3,3,TTTCCCGAGGCTATGGGTTT,0,2891043
ompRp3,0.25,3,3,TTTCCACAAACCCCTCTAAG,0,2903705
ompRp3,0.25,3,3,TTTATTAAGGACGGGACCAT,0,2870853
ompRp3,0.25,3,3,TTTATGCCGCGACTTAATGA,0,2893702
ompRp3,0.25,3,3,TTTATCCTTACAGGGATCGA,0,2863094
ompRp3,0.25,3,3,TTTAGTTTATTTGGCGTAGT,0,2894940
ompRp3,0.25,3,3,TTTAGAAAGCCGGTACCCCC,0,2891703
ompRp3,0.25,3,3,TTTACCCCGGCGCCTAACGG,0,2862455
ompRp3,0.25,3,3,TTTAAGCTTACGGCTGTGTT,0,2882879
ompRp3,0.25,3,3,TTGTTTCGGACTGCATGCAA,0,2897218
ompRp3,0.25,3,3,TTGTTGGACATGGCTTGTCT,0,2878165
ompRp3,0.25,3,3,TTGTTAAGGTGCGGACCATG,0,2866196
ompRp3,0.25,3,3,TTGTCTGTGTCAGCCCAAGG,0,2868939
ompRp3,0.25,3,3,TTGTCGCACAGTTGGGGGCA,0,2884355
ompRp3,0.25,3,3,TTGTAATCTTTTCAAGTGAC,0,2902687
ompRp3,0.25,3,3,TTGGGTAGTTTGTTGGCGGT,0,2888344
ompRp3,0.25,3,3,TTGGCTGGGTTATCACTCAT,0,2863259
ompRp3,0.25,3,3,TTGGACATATTCGTGCTCTA,0,2903907
ompRp3,0.25,3,3,TTGCCTAGCGATGTATTCCT,0,2885292
ompRp3,0.25,3,3,TTGCACCCTTAGCGAGCCGA,0,2865470
ompRp3,0.25,3,3,TTGCAATCGCACGTACTGCA,0,2886663
ompRp3,0.25,3,3,TTGCAACCATTACCCCCAGT,0,2879862
ompRp3,0.25,3,3,TTGAGAACTTCTGTGGGCCT,0,2875536
ompRp3,0.25,3,3,TTCTGGTCTTTTAGTCGTAT,0,2871098
ompRp3,0.25,3,3,TTCTGCATACGCATATCTGC,0,2890055
ompRp3,0.25,3,3,TTCTATATTGTCTTTGTGCC,0,2867339
ompRp3,0.25,3,3,TTCTAGCTTTCTCTGTACCC,0,2865936
ompRp3,0.25,3,3,TTCTAGACTCCCAAATCCTA,0,2872222
ompRp3,0.25,3,3,TTCTAACTCGTTAAGCGTAG,0,2872470
ompRp3,0.25,3,3,TTCGTGAGCCGGCATGTAGG,0,2904524
ompRp3,0.25,3,3,TTCGCGGATTCTGGCGAATT,0,2907117
ompRp3,0.25,3,3,TTCGCCTATGGCCTCAGCGT,0,2901839
ompRp3,0.25,3,3,TTCGCCCAATGAGACGCGAA,0,2879063
ompRp3,0.25,3,3,TTCGAAATAACGACCCGCAG,0,2876269
ompRp3,0.25,3,3,TTCCTGCTATGGTTTACTTA,0,2881371
ompRp3,0.25,3,3,TTCCGGGAGTCCAGCGCATA,0,2903498
ompRp3,0.25,3,3,TTCCGGCTCGTTGGAAGTAT,0,2889046
ompRp3,0.25,3,3,TTCCACCGACCGGTTGCAGA,0,2871296
ompRp3,0.25,3,3,TTCATTCTATAAGCATTCCA,0,2901321
ompRp3,0.25,3,3,TTCATTAGAAAAACGTATAA,0,2862461
ompRp3,0.25,3,3,TTCAGGTGAAGTCGCGGAGC,0,2883781
ompRp3,0.25,3,3,TTCAGGAAGTGGTAATTGAT,0,2875849
ompRp3,0.25,3,3,TTCACGTCAACGGCCGGGAA,0,2875392
ompRp3,0.25,3,3,TTCACCCCGCGAGGCCGAAA,0,2866063
ompRp3,0.25,3,3,TTATTTCCCCAGCGCAAGCA,0,2907284
ompRp3,0.25,3,3,TTATTCGGTTTGGCACCTAG,0,2898807
ompRp3,0.25,3,3,TTATGGAGGTAGCAGCTGCC,0,2871412
ompRp3,0.25,3,3,TTATGAGTAAGACCCTTAGT,0,2876250
ompRp3,0.25,3,3,TTATCAGAGACGTGGGAGTG,0,2882232
ompRp3,0.25,3,3,TTATATGCAATCCGACACTA,0,2891456
ompRp3,0.25,3,3,TTATACGAACCGTCACGTCG,0,2894373
ompRp3,0.25,3,3,TTAGGTGCATGGGTGTAGAA,0,2894496
ompRp3,0.25,3,3,TTAGGCTCCACCGAAGTTTA,0,2890803
ompRp3,0.25,3,3,TTAGCGTCGTCTTCTAAATG,0,2899652
ompRp3,0.25,3,3,TTAGAAGGTTGTCAATGTTG,0,2895373
ompRp3,0.25,3,3,TTAGAAGGGGCCAAGGGTGG,0,2888679
ompRp3,0.25,3,3,TTAGAAAGATACCGGGGTGT,0,2906970
ompRp3,0.25,3,3,TTACTTCTAACGGGAGTGCC,0,2861929
ompRp3,0.25,3,3,TTACTGCTGATGCCAGGATA,0,2869721
ompRp3,0.25,3,3,TTACGCTAGACAGGTGAAAC,0,2873402
ompRp3,0.25,3,3,TTACCTGGATTCCGTTTTCA,0,2866705
ompRp3,0.25,3,3,TTACCCGGACCACGCGGGCG,0,2887444
ompRp3,0.25,3,3,TTACAGTCTTGAGGTCTTCG,0,2896184
ompRp3,0.25,3,3,TTACACCAATCCTCCTACTC,0,2906280
ompRp3,0.25,3,3,TTACACACTCTGAGCGGGTC,0,2891992
ompRp3,0.25,3,3,TTAACGTCTGTAGACCCCTT,0,2892823
ompRp3,0.25,3,3,TTAAACCATTAAGGCAGGTG,0,2897754
ompRp3,0.25,3,3,TTAAACACCGTTCCGTACCA,0,2883186
ompRp3,0.25,3,3,TGTTTACGTGCCCGTTTTCA,0,2877173
ompRp3,0.25,3,3,TGTTGCGCATGGCCTAGCTG,0,2889807
ompRp3,0.25,3,3,TGTTCTCTGGGGCGGATAGT,0,2902583
ompRp3,0.25,3,3,TGTGTCTTACCGTCTAGTGG,0,2881415
ompRp3,0.25,3,3,TGTGCTCGTTTGCAGGCCCA,0,2877530
ompRp3,0.25,3,3,TGTGCGATATATGGGCATTT,0,2879691
ompRp3,0.25,3,3,TGTCTTGCATACCTCCCTAA,0,2893916
ompRp3,0.25,3,3,TGTCTTCCAATGGCAGATCG,0,2886857
ompRp3,0.25,3,3,TGTCTAGTCTCGTGCGGTAT,0,2885908
ompRp3,0.25,3,3,TGTATGCCACCCTGTCTAAA,0,2868191
ompRp3,0.25,3,3,TGTAGCAAATGTAATGACCC,0,2889128
ompRp3,0.25,3,3,TGTACCTTAAGTTTCGATCA,0,2872736
ompRp3,0.25,3,3,TGTAACACTGTCTTTTCATG,0,2872797
ompRp3,0.25,3,3,TGTAAACAGACTATGAACAA,0,2880424
ompRp3,0.25,3,3,TGGTTGGTATTAAGTGTAGT,0,2898004
ompRp3,0.25,3,3,TGGTTATATCTTATGCAGCG,0,2862658
ompRp3,0.25,3,3,TGGTGACAGCGACCCTCAAG,0,2879573
ompRp3,0.25,3,3,TGGGGGATGGAGAACGCCCT,0,2904302
ompRp3,0.25,3,3,TGGGGATTGGACGTTTGAAT,0,2903531
ompRp3,0.25,3,3,TGGCACCAACGCTATGCCCC,0,2867329
ompRp3,0.25,3,3,TGGATTTGAGCGGGTCTGTA,0,2878431
ompRp3,0.25,3,3,TGGATGGAGGTGCAAAGACA,0,2865386
ompRp3,0.25,3,3,TGGAGTTATAGTATACAGAA,0,2865506
ompRp3,0.25,3,3,TGGACGACACCTGCCTCTCT,0,2899257
ompRp3,0.25,3,3,TGGACAACCCTCCTTGTGGG,0,2874598
ompRp3,0.25,3,3,TGGAATCGTCATCGTATACT,0,2867794
ompRp3,0.25,3,3,TGGAAATCACTACAGGCGAT,0,2871095
ompRp3,0.25,3,3,TGCTTTTGAGCCCAGTTTAT,0,2879948
ompRp3,0.25,3,3,TGCTTGGGTCAGTTTTATAT,0,2896428
ompRp3,0.25,3,3,TGCTGAGCCTCTTAAGTACC,0,2866916
ompRp3,0.25,3,3,TGCTGAAACGCTGCATCATT,0,2898140
ompRp3,0.25,3,3,TGCTATCATCATGTTCCGCT,0,2907113
ompRp3,0.25,3,3,TGCTAAAGCGCACTTGCTGC,0,2867436
ompRp3,0.25,3,3,TGCGCGTATTCCCCTTTTGA,0,2866381
ompRp3,0.25,3,3,TGCGCCGCACCTCTTCGCCC,0,2900051
ompRp3,0.25,3,3,TGCGAGGCTGAAATCGAGAC,0,2866487
ompRp3,0.25,3,3,TGCCCTAGCGAGGATTATCA,0,2899735
ompRp3,0.25,3,3,TGCCCGGCGGTATCGTGCAA,0,2876916
ompRp3,0.25,3,3,TGCCCGAAGAGACTCCTAAT,0,2877574
ompRp3,0.25,3,3,TGCCCAGGCCACGCACCCAT,0,2899794
ompRp3,0.25,3,3,TGCCACGTGTCGTTGTGACA,0,2892684
ompRp3,0.25,3,3,TGCCACCTTCGTCCGTCATG,0,2867291
ompRp3,0.25,3,3,TGCAGTGACTACCATACAGC,0,2871629
ompRp3,0.25,3,3,TGCAGCCTACGGGGTGCAAC,0,2893536
ompRp3,0.25,3,3,TGATTAGCCAAGGATGTTTT,0,2897626
ompRp3,0.25,3,3,TGATGACTAAACAACACCGT,0,2869526
ompRp3,0.25,3,3,TGATACTGTCCCAGCGAGTG,0,2894034
ompRp3,0.25,3,3,TGAGGTGCCATGAACATGTG,0,2894702
ompRp3,0.25,3,3,TGAGGGCTAAGCTCCTATTT,0,2880087
ompRp3,0.25,3,3,TGAGATGATTGGTTGTTGTT,0,2892368
ompRp3,0.25,3,3,TGAGAGGCGCCGGGTTGAAC,0,2867967
ompRp3,0.25,3,3,TGACTCATTTCAGATCATGG,0,2904036
ompRp3,0.25,3,3,TGACTCATCCGAGGGGATCC,0,2886547
ompRp3,0.25,3,3,TGACGGGGAATTAGCGGCCA,0,2882332
ompRp3,0.25,3,3,TGAAGAGTCTCTCATGGGAT,0,2904211
ompRp3,0.25,3,3,TGAACTCAATTTCGACCCGC,0,2880576
ompRp3,0.25,3,3,TGAACAAGCGGCCAGTATCA,0,2891027
ompRp3,0.25,3,3,TGAAATTTTGTGCTAAAAGG,0,2865866
ompRp3,0.25,3,3,TGAAAAGGCACATCAAAAAT,0,2867143
ompRp3,0.25,3,3,TCTTTACGGGAGCAAAACAC,0,2883797
ompRp3,0.25,3,3,TCTTGGTCTAAAACAACTAC,0,2863656
ompRp3,0.25,3,3,TCTTGCGGTGGAGGCTGCAA,0,2888137
ompRp3,0.25,3,3,TCTTAGTGGGTTCTCGTCAC,0,2892400
ompRp3,0.25,3,3,TCTTACTCCCTGGCAGTCGG,0,2906682
ompRp3,0.25,3,3,TCTGTGATGAGATGGTGTGA,0,2895074
ompRp3,0.25,3,3,TCTGGGTCACATATTTCTGG,0,2887297
ompRp3,0.25,3,3,TCTGAGTACCACCGTATCGC,0,2899950
ompRp3,0.25,3,3,TCTCTTGCGTCACGACAATC,0,2864919
ompRp3,0.25,3,3,TCTCGTAGGACCTCTCCGAA,0,2890316
ompRp3,0.25,3,3,TCTCATGGAAGGCTCTAACG,0,2900714
ompRp3,0.25,3,3,TCTCACCTCCGTGGGATACT,0,2880995
ompRp3,0.25,3,3,TCTCAACGCCAGGAGGGTGT,0,2890389
ompRp3,0.25,3,3,TCTAGGTAGGTCAACGCGCA,0,2869036
ompRp3,0.25,3,3,TCTAATCTGCCGGGATACTA,0,2903555
ompRp3,0.25,3,3,TCTAAAGGGTTTGAAGGCCT,0,2905457
ompRp3,0.25,3,3,TCGTTTACCAAGGCATTCAT,0,2861541
ompRp3,0.25,3,3,TCGTTCAGCTGCTAGATTGC,0,2900365
ompRp3,0.25,3,3,TCGTCTCCTCATTCGCTACT,0,2868635
ompRp3,0.25,3,3,TCGTATGGAGCGATCGGGGG,0,2896947
ompRp3,0.25,3,3,TCGTATAGGCGAGAAGCCCG,0,2879900
ompRp3,0.25,3,3,TCGTAGTGTTGACGGCTCCA,0,2872673
ompRp3,0.25,3,3,TCGTACGACGACAATCCTTC,0,2899687
ompRp3,0.25,3,3,TCGGTGGCGTTAGCAAACCT,0,2895033
ompRp3,0.25,3,3,TCGGTCGCTTTTTGCAGATC,0,2867766
ompRp3,0.25,3,3,TCGGGAGGCAACCTTGCGGT,0,2861629
ompRp3,0.25,3,3,TCGGGAGCAGCGGCCAATAG,0,2889432
ompRp3,0.25,3,3,TCGGCATGCGGCAAGAGGCT,0,2878536
ompRp3,0.25,3,3,TCGCTTTAATTAATAGCTTT,0,2872394
ompRp3,0.25,3,3,TCGCTGCGCGGTAAATATGC,0,2864173
ompRp3,0.25,3,3,TCGCTCACAAATTGCGGCTC,0,2861101
ompRp3,0.25,3,3,TCGCCGCGTACTGCAAGGGC,0,2900630
ompRp3,0.25,3,3,TCGAGGCGGAGGTAGTGTCT,0,2889616
ompRp3,0.25,3,3,TCGACGCAACTCCGGCCTAT,0,2872037
ompRp3,0.25,3,3,TCGAAAGGGTTTCCTCCTTG,0,2882498
ompRp3,0.25,3,3,TCCTGGTAACAATGTATGGA,0,2901207
ompRp3,0.25,3,3,TCCTCACTAGAGATTTCATC,0,2904715
ompRp3,0.25,3,3,TCCTATACTGTCACCGTTCT,0,2904312
ompRp3,0.25,3,3,TCCTAGACGTCCGCGATAAT,0,2900230
ompRp3,0.25,3,3,TCCTAATACCTACCCCCCAC,0,2905565
ompRp3,0.25,3,3,TCCGTGCAGTATTGGGGGCA,0,2875120
ompRp3,0.25,3,3,TCCGTACGCATGTCAGACAC,0,2870575
ompRp3,0.25,3,3,TCCGTAACACTCATAAGTTT,0,2898056
ompRp3,0.25,3,3,TCCGGTTCATGCGAGTTTGC,0,2898930
ompRp3,0.25,3,3,TCCGGTCTGATCCGTAAATG,0,2893332
ompRp3,0.25,3,3,TCCGCCGTCTATCGTGCGTT,0,2865109
ompRp3,0.25,3,3,TCCGCCAACAATCGCTTTAT,0,2877337
ompRp3,0.25,3,3,TCCGCAGGTCCTTCCCGCAG,0,2886490
ompRp3,0.25,3,3,TCCGATAAATGGACTTGGAA,0,2884551
ompRp3,0.25,3,3,TCCCGCTCGTAATCAAAGCG,0,2907054
ompRp3,0.25,3,3,TCCCGATGTTGGGACGGTTG,0,2893804
ompRp3,0.25,3,3,TCCCGACGCGGCAGCCCAAT,0,2900381
ompRp3,0.25,3,3,TCCCCACGTGATGGGGTCCC,0,2865499
ompRp3,0.25,3,3,TCCCATAGTATCACCCTGTA,0,2893172
ompRp3,0.25,3,3,TCCCACAACGTCCCTGAGAG,0,2862631
ompRp3,0.25,3,3,TCCAGTTTCAGGGATGAATA,0,2862000
ompRp3,0.25,3,3,TCCAGTGGCTAACTATGATC,0,2902172
ompRp3,0.25,3,3,TCCACAACTAGCCCGAATGG,0,2896706
ompRp3,0.25,3,3,TCCAACGTTCACAGCATTGC,0,2890640
ompRp3,0.25,3,3,TCATTTCCTAGTCGGCGGTT,0,2894708
ompRp3,0.25,3,3,TCATTCTCTCATGCATTATG,0,2890721
ompRp3,0.25,3,3,TCATTATACAGTAAAAGGGG,0,2868420
ompRp3,0.25,3,3,TCATGGTTCTTCAGCGGAAA,0,2870907
ompRp3,0.25,3,3,TCATCCGATAATAGATTCTG,0,2889803
ompRp3,0.25,3,3,TCATCACGTCTAGCTCCCCT,0,2871545
ompRp3,0.25,3,3,TCATAATGGCCCCGGAACCT,0,2904084
ompRp3,0.25,3,3,TCAGTTCAGTTCAATGCCGA,0,2881956
ompRp3,0.25,3,3,TCAGTGCCGGCACTAATCTG,0,2904369
ompRp3,0.25,3,3,TCAGGCGCGTGTAGCATGAT,0,2862045
ompRp3,0.25,3,3,TCAGGCAGTTGTTCAATCTT,0,2867024
ompRp3,0.25,3,3,TCACTTGGCTAAGTCCCGGT,0,2888106
ompRp3,0.25,3,3,TCACTCTATTGGTATCCATG,0,2886356
ompRp3,0.25,3,3,TCACTCGTAATCAAGATAGC,0,2863712
ompRp3,0.25,3,3,TCACGCCGGACGCAGCGGGC,0,2883590
ompRp3,0.25,3,3,TCACGAGGACGTTTGCCACG,0,2868887
ompRp3,0.25,3,3,TCACGAACGTTCTGGCGGGC,0,2906190
ompRp3,0.25,3,3,TCACCGAAAGGGTGACTTCG,0,2881756
ompRp3,0.25,3,3,TCACATCTATTTATCGCTGT,0,2869314
ompRp3,0.25,3,3,TCACAGCATGATTACGTAGG,0,2888518
ompRp3,0.25,3,3,TCACAGACGTAAAACAGACC,0,2862398
ompRp3,0.25,3,3,TCAAGCGGAATCTAAGTGAC,0,2882665
ompRp3,0.25,3,3,TCAAGATGCCGCCGATCTCT,0,2896590
ompRp3,0.25,3,3,TCAACGGTACGTCTACAGAC,0,2882291
ompRp3,0.25,3,3,TATTTTTTAAATTCACTCTA,0,2891655
ompRp3,0.25,3,3,TATTTGTAGGTAAGGATGGT,0,2868808
ompRp3,0.25,3,3,TATTTGACGTTGGCACGGCT,0,2881345
ompRp3,0.25,3,3,TATTCGGTCCCAATGGGGAA,0,2885387
ompRp3,0.25,3,3,TATGTCCCCATTTCCCTCAT,0,2868382
ompRp3,0.25,3,3,TATGGTGATTTGGCCGAGTT,0,2868518
ompRp3,0.25,3,3,TATGGGCACGGTAGGTCTAA,0,2900762
ompRp3,0.25,3,3,TATGCCACGAAGTCAACCCT,0,2872039
ompRp3,0.25,3,3,TATCTTGATTTGTCGCTTGG,0,2862616
ompRp3,0.25,3,3,TATCGCCGGTCGCCCTTAGG,0,2898001
ompRp3,0.25,3,3,TATCGATTTGTTCTTTGTAC,0,2902785
ompRp3,0.25,3,3,TATCCGTAATTCCGCAAATT,0,2884872
ompRp3,0.25,3,3,TATCCCGCATCGATAGAGGT,0,2866994
ompRp3,0.25,3,3,TATACTAGGGTGAGGAACTA,0,2892397
ompRp3,0.25,3,3,TATACGGCTGTGCAGACCGC,0,2873977
ompRp3,0.25,3,3,TATACGGCAGCACAGCGGTC,0,2879695
ompRp3,0.25,3,3,TATACACCGGACAGCGTTTC,0,2866871
ompRp3,0.25,3,3,TAGGTTTTCGACTCGATCGC,0,2889246
ompRp3,0.25,3,3,TAGGTGCCACGAGCAGAAAA,0,2865794
ompRp3,0.25,3,3,TAGGTAGGCCGGAGAACTAT,0,2893376
ompRp3,0.25,3,3,TAGGTAAGCCGCTGGGATGG,0,2897301
ompRp3,0.25,3,3,TAGGGCTCAACTAGGCCCCG,0,2895054
ompRp3,0.25,3,3,TAGGCGTCACAAGGCTAACA,0,2863165
ompRp3,0.25,3,3,TAGGCACAAGAAGAAGTTCA,0,2872942
ompRp3,0.25,3,3,TAGCTGATCTACTCCACGAA,0,2898205
ompRp3,0.25,3,3,TAGCTCATCACATTGCGGTT,0,2879246
ompRp3,0.25,3,3,TAGCGTCTTGAAACCATTTG,0,2903916
ompRp3,0.25,3,3,TAGCCAGCGTGGTGATGACC,0,2875863
ompRp3,0.25,3,3,TAGACTCAGGAGGATCCCCA,0,2865112
ompRp3,0.25,3,3,TAGACAGTTTTCTGCCTAGG,0,2873176
ompRp3,0.25,3,3,TAGAAGCTTCTACCGTCGTA,0,2887958
ompRp3,0.25,3,3,TACTGGTAAGGTGTAAGGCG,0,2898009
ompRp3,0.25,3,3,TACTGCCAAAAGCAAGGTCG,0,2884633
ompRp3,0.25,3,3,TACTCTCGCCATTGTGGTGA,0,2885573
ompRp3,0.25,3,3,TACGTCACCGCATCACGTCG,0,2894431
ompRp3,0.25,3,3,TACGGGGCGGCAGACTCTTG,0,2887057
ompRp3,0.25,3,3,TACGGCTTACATCGCACTCG,0,2865285
ompRp3,0.25,3,3,TACGGATTGGTCCTTGAGGT,0,2864294
ompRp3,0.25,3,3,TACGCCTGGCGAGACAGGCT,0,2887361
ompRp3,0.25,3,3,TACGCAAGCGGCTTTATATT,0,2863924
ompRp3,0.25,3,3,TACGAGAGGAACGGAAGTAT,0,2874359
ompRp3,0.25,3,3,TACGAGACTCCACGGATAAA,0,2898787
ompRp3,0.25,3,3,TACCTATGTAGTGAACTTTG,0,2885570
ompRp3,0.25,3,3,TACCGGGAGTGTCCAGAACC,0,2882033
ompRp3,0.25,3,3,TACCCAGTTACCGAGGAGCC,0,2890910
ompRp3,0.25,3,3,TACCAATCCTAAAAGTGCGG,0,2903011
ompRp3,0.25,3,3,TACATGTTCCAGATTGACGG,0,2878906
ompRp3,0.25,3,3,TACAGTTTGGTTCGTGGCGG,0,2880968
ompRp3,0.25,3,3,TACAACCCCTAGGACCTAGC,0,2880925
ompRp3,0.25,3,3,TAATTTCATTCATCGAGGGA,0,2892122
ompRp3,0.25,3,3,TAATTACTTCATATCGTTGA,0,2898463
ompRp3,0.25,3,3,TAATGTCAGAGCGTAGGGTG,0,2863149
ompRp3,0.25,3,3,TAATATCTGAAATACTGCCC,0,2902952
ompRp3,0.25,3,3,TAATAGTCACCTACAAAATC,0,2891524
ompRp3,0.25,3,3,TAAGTGAGGGGATGTTTCGG,0,2894752
ompRp3,0.25,3,3,TAAGCGAGGAGGATGTTTCG,0,2904142
ompRp3,0.25,3,3,TAAGCCTGAATCAAAATTGT,0,2905090
ompRp3,0.25,3,3,TAAGCCCACCAATGTACAAA,0,2884938
ompRp3,0.25,3,3,TAACTAGAAGCACAGCTAAT,0,2884256
ompRp3,0.25,3,3,TAACGCGGCTGTATTCCGGT,0,2897082
ompRp3,0.25,3,3,TAACGCCAGGAGCTTGGATG,0,2900244
ompRp3,0.25,3,3,TAACGCCAAACTCGTGGTTA,0,2877799
ompRp3,0.25,3,3,TAACCGCCACCCCAACCCGA,0,2905071
ompRp3,0.25,3,3,TAACAGGCAAGTAGTCGTTG,0,2886842
ompRp3,0.25,3,3,TAAAGACTCGAACGTTTGGG,0,2897832
ompRp3,0.25,3,3,TAAACCCGGGACTAGGAAGA,0,2898629
ompRp3,0.25,3,3,TAAACACGCAAAGAATGCCT,0,2869103
ompRp3,0.25,3,3,TAAAACTCGCTACATATTAA,0,2904537
ompRp3,0.25,3,3,GTTTTTTACAGTCCTACTTA,0,2904054
ompRp3,0.25,3,3,GTTTTGCTGACAGAATACAG,0,2895372
ompRp3,0.25,3,3,GTTTCAGGAGGCCCTCGGCC,0,2905820
ompRp3,0.25,3,3,GTTGTTACTAAAGCCGTATT,0,2866222
ompRp3,0.25,3,3,GTTGTCCATACATTAGTGAG,0,2884123
ompRp3,0.25,3,3,GTTGTATTAACGAGAAGGAA,0,2862237
ompRp3,0.25,3,3,GTTGTATGACACAAGTAGTC,0,2898203
ompRp3,0.25,3,3,GTTGTAGAAAGGCGCGCACC,0,2871186
ompRp3,0.25,3,3,GTTGGTAGTTAATACCTAGC,0,2879497
ompRp3,0.25,3,3,GTTCTTGTGTGAATACATTT,0,2881933
ompRp3,0.25,3,3,GTTCTTCTAGGGTATGCGCC,0,2872369
ompRp3,0.25,3,3,GTTCTCCAAGAAACCTCTAG,0,2878745
ompRp3,0.25,3,3,GTTCGGGGTGGCCGGTGCTG,0,2907122
ompRp3,0.25,3,3,GTTCGGGGTCACGCAGAGGT,0,2877005
ompRp3,0.25,3,3,GTTCCGGTAATGTTGTGTGG,0,2870822
ompRp3,0.25,3,3,GTTCCCCCCGAATTTGGCGC,0,2895424
ompRp3,0.25,3,3,GTTCCACTACATCATAGGCT,0,2886341
ompRp3,0.25,3,3,GTTCCACGTGGATTGTCGAG,0,2884317
ompRp3,0.25,3,3,GTTCAGCGGAATGTTCTCTG,0,2889508
ompRp3,0.25,3,3,GTTATCTGGGAGCGCTCCAC,0,2884090
ompRp3,0.25,3,3,GTTATAACAGTCTTATACGT,0,2867791
ompRp3,0.25,3,3,GTTAGCGTAGAGAAGCGACA,0,2877699
ompRp3,0.25,3,3,GTTAGCATGGGGTTCCCGAT,0,2888205
ompRp3,0.25,3,3,GTTACGCTTCTTTCACGCCA,0,2896634
ompRp3,0.25,3,3,GTTAACTCTTTCACTTGCCC,0,2880383
ompRp3,0.25,3,3,GTTAACCATAGATTATGCGT,0,2888363
ompRp3,0.25,3,3,GTTAAAGTTGTGATAATAGC,0,2875588
ompRp3,0.25,3,3,GTGTTTTACTCAGGGCGCAA,0,2887801
ompRp3,0.25,3,3,GTGTTAGTCCATCCCTGTCG,0,2903463
ompRp3,0.25,3,3,GTGTGATTTCCCGCTACACT,0,2873106
ompRp3,0.25,3,3,GTGGTAGGGAACCGACACTC,0,2902811
ompRp3,0.25,3,3,GTGGTAACTCGGTCTTTAAA,0,2872976
ompRp3,0.25,3,3,GTGGAACCCAGAGTATGGAA,0,2893103
ompRp3,0.25,3,3,GTGCTGATTTAGGATAAATT,0,2900480
ompRp3,0.25,3,3,GTGCGTTTATCGGAGAGGCT,0,2866403
ompRp3,0.25,3,3,GTGCCGTTTCGGCGGTTTTG,0,2864469
ompRp3,0.25,3,3,GTGCCGCATTCCCACCTATG,0,2895057
ompRp3,0.25,3,3,GTGCAGAATTGCTCTAGATC,0,2869763
ompRp3,0.25,3,3,GTGACGAACAGGGGGCTTTT,0,2888711
ompRp3,0.25,3,3,GTCTTCCATGATTAACACAG,0,2897801
ompRp3,0.25,3,3,GTCTGGTAGTGGATCTGAGG,0,2872061
ompRp3,0.25,3,3,GTCTACACCAATCAGCGGTT,0,2907618
ompRp3,0.25,3,3,GTCGCGTTTCGTCTCCGGCA,0,2870050
ompRp3,0.25,3,3,GTCGCCTTGACGTAAGAATC,0,2871323
ompRp3,0.25,3,3,GTCCTGAGTAGGAGCAATTT,0,2907127
ompRp3,0.25,3,3,GTCCTCTGCTAACTCGCGTT,0,2868037
ompRp3,0.25,3,3,GTCCGTCTATATGTTATTTC,0,2871503
ompRp3,0.25,3,3,GTCCGGTTACGACCAGATCC,0,2876527
ompRp3,0.25,3,3,GTCCGGGGGAATAGCCTAAC,0,2882610
ompRp3,0.25,3,3,GTCCCGGCGAACGATGGTGC,0,2862166
ompRp3,0.25,3,3,GTCCAGTGCCATAAATCTTA,0,2906899
ompRp3,0.25,3,3,GTCCAGATCTTGTGGGGCTT,0,2890158
ompRp3,0.25,3,3,GTCATCGAAAGCAAGCAGGA,0,2895265
ompRp3,0.25,3,3,GTCAGTTCTCGTGCTTAAGC,0,2891126
ompRp3,0.25,3,3,GTCAGTACGAACTATCTCGG,0,2880679
ompRp3,0.25,3,3,GTCACTAAACATCTATTGGA,0,2906452
ompRp3,0.25,3,3,GTATTTATTGGGAGGCATGC,0,2867582
ompRp3,0.25,3,3,GTATTCCAGTATTCGGCGTT,0,2883053
ompRp3,0.25,3,3,GTATTACAAAAGTCAACGAT,0,2876065
ompRp3,0.25,3,3,GTATCTCTGGTCAGCCTTCG,0,2891404
ompRp3,0.25,3,3,GTAGGTGATGGAGTATTAAT,0,2889636
ompRp3,0.25,3,3,GTAGGCTTGTCCTAAACAGC,0,2904711
ompRp3,0.25,3,3,GTAGGACGGCAAGCTCACTG,0,2899669
ompRp3,0.25,3,3,GTAGAATGTGATGGTCAGGT,0,2881722
ompRp3,0.25,3,3,GTACTGGGCGGAATGAACTT,0,2869305
ompRp3,0.25,3,3,GTACTGCATTGTCTACATAT,0,2891699
ompRp3,0.25,3,3,GTACTAACGACAAACCACTT,0,2861567
ompRp3,0.25,3,3,GTACCGTGCATATTCACGAC,0,2890755
ompRp3,0.25,3,3,GTACCCCAGGCACTACCTAA,0,2904046
ompRp3,0.25,3,3,GTACAATGACCACCATCTTC,0,2878580
ompRp3,0.25,3,3,GTAATTCTAGCGAGACTGAT,0,2879671
ompRp3,0.25,3,3,GTAATCTTTCCGAGGCATAT,0,2890370
ompRp3,0.25,3,3,GTAATCCTGCGCCGCCACGG,0,2877682
ompRp3,0.25,3,3,GTAAGTACTGTTAAGGCTGT,0,2873596
ompRp3,0.25,3,3,GTAAGATCATGCAGCCGTGA,0,2887962
ompRp3,0.25,3,3,GTAAGACTCCCCGCGAGAGA,0,2906678
ompRp3,0.25,3,3,GTAACGAGCTATCATGAGTG,0,2905204
ompRp3,0.25,3,3,GTAACAGTGCTAAATCTTTT,0,2904827
ompRp3,0.25,3,3,GTAAATGGACCTTGTATCCC,0,2878700
ompRp3,0.25,3,3,GGTTTACTGGTCCCTCCCCG,0,2862394
ompRp3,0.25,3,3,GGTTGTTTCCTAAGCCCGAG,0,2896516
ompRp3,0.25,3,3,GGTTGGGTTCCGTTATTCGC,0,2867333
ompRp3,0.25,3,3,GGTTGGGGCAAACTAGATTG,0,2896279
ompRp3,0.25,3,3,GGTTGAACAGGAAGACCCTC,0,2892193
ompRp3,0.25,3,3,GGTTCGACCTAATAGGGGTG,0,2901831
ompRp3,0.25,3,3,GGTTCAGGCGCGGATCCCAC,0,2889235
ompRp3,0.25,3,3,GGTTAGTCCCATGTGAGTAC,0,2900948
ompRp3,0.25,3,3,GGTGTTAGAAATGTTAGCGG,0,2892408
ompRp3,0.25,3,3,GGTGTCAGGCACAATAGATA,0,2898765
ompRp3,0.25,3,3,GGTGGGGCGCCGGCATCGGA,0,2898902
ompRp3,0.25,3,3,GGTGCAATGAGCCTTAACGA,0,2869119
ompRp3,0.25,3,3,GGTGAATGAGATCTTGTGCT,0,2883963
ompRp3,0.25,3,3,GGTCTCCGTGTCGATTCAAG,0,2896230
ompRp3,0.25,3,3,GGTCGGCTTACATCCAGCGG,0,2889772
ompRp3,0.25,3,3,GGTCGCTGCCTACGGACAGT,0,2897640
ompRp3,0.25,3,3,GGTCGCGCGGACTGGTGGAT,0,2893940
ompRp3,0.25,3,3,GGTCCCAACATGGCAGTGAA,0,2885161
ompRp3,0.25,3,3,GGTCAGGTTTGAGCCATCCA,0,2864840
ompRp3,0.25,3,3,GGTCAACATCAACACAGCCG,0,2889134
ompRp3,0.25,3,3,GGTATTCTGTGCGCAACCTG,0,2903311
ompRp3,0.25,3,3,GGTATATGATCCGGCTTGAG,0,2880922
ompRp3,0.25,3,3,GGTACTAGATGCAGTCTATG,0,2865840
ompRp3,0.25,3,3,GGTACCTTTTGGATGTGTTC,0,2882621
ompRp3,0.25,3,3,GGTAAGCCATCCCCAGTACA,0,2871028
ompRp3,0.25,3,3,GGGTGGGGAACGTGGAGCAG,0,2883801
ompRp3,0.25,3,3,GGGTGAAAGCGCTGGGCAGC,0,2895831
ompRp3,0.25,3,3,GGGTCCTTTCCGAAGTGGAG,0,2886030
ompRp3,0.25,3,3,GGGTCACGATTCCACGTCGG,0,2903294
ompRp3,0.25,3,3,GGGGTTCCACTGAGGGTGAT,0,2882425
ompRp3,0.25,3,3,GGGGTGTCCTTTCTATTAAT,0,2875064
ompRp3,0.25,3,3,GGGGTGAGTTGTGCACCGAC,0,2898104
ompRp3,0.25,3,3,GGGGTCCCGAGCTTGTGCGT,0,2892998
ompRp3,0.25,3,3,GGGGGTAACTGGTTCGCAAT,0,2881700
ompRp3,0.25,3,3,GGGGGCAGTACGACTTCCTT,0,2875194
ompRp3,0.25,3,3,GGGGCGTTAAAGCCTGGTGT,0,2901867
ompRp3,0.25,3,3,GGGGCATTTCATGCGCCTAC,0,2881424
ompRp3,0.25,3,3,GGGGATAGACTGCTGCTTCA,0,2862925
ompRp3,0.25,3,3,GGGGAAGGACAAAAGGCGTG,0,2868138
ompRp3,0.25,3,3,GGGGAAAGATCCATGGCTTT,0,2888081
ompRp3,0.25,3,3,GGGCTTTACAGACTTGTGCT,0,2907255
ompRp3,0.25,3,3,GGGCTGCGCTCTGTTTGGAG,0,2861037
ompRp3,0.25,3,3,GGGCTATACCAAATACCACT,0,2890620
ompRp3,0.25,3,3,GGGCGTGCATACCTCCAGAT,0,2880603
ompRp3,0.25,3,3,GGGCGTCCCGCACCAAACTC,0,2874454
ompRp3,0.25,3,3,GGGCGGGCTACGTTAATATA,0,2863942
ompRp3,0.25,3,3,GGGCGCAATACACACGAAAG,0,2873982
ompRp3,0.25,3,3,GGGCCAGCGCGATCACACTA,0,2890979
ompRp3,0.25,3,3,GGGATGCAGACGAAGGCGAG,0,2881521
ompRp3,0.25,3,3,GGGATCCGACGAACTCCTGC,0,2863266
ompRp3,0.25,3,3,GGGATCAGGTCGCACCGAAA,0,2903374
ompRp3,0.25,3,3,GGGACTCGCGCGACACGCAT,0,2905782
ompRp3,0.25,3,3,GGGACATACGCTTGTAACGC,0,2862267
ompRp3,0.25,3,3,GGCTTAGTCGATGCCCCCCC,0,2866080
ompRp3,0.25,3,3,GGCTTAGATCAGTATGCTCC,0,2886147
ompRp3,0.25,3,3,GGCTGCATACAACGCCTGCA,0,2898724
ompRp3,0.25,3,3,GGCTGACAAATGCAACTTGT,0,2865732
ompRp3,0.25,3,3,GGCTCTTGTAATGTTTTGTC,0,2887365
ompRp3,0.25,3,3,GGCTCCCCTAGGCATAGGTT,0,2861256
ompRp3,0.25,3,3,GGCGGCATATCAACAAAGTA,0,2890616
ompRp3,0.25,3,3,GGCGCGTAATCGGTACTGAA,0,2868378
ompRp3,0.25,3,3,GGCGCCGATAACTCATAGGG,0,2867467
ompRp3,0.25,3,3,GGCGCCCAAGCTGATCAATA,0,2879546
ompRp3,0.25,3,3,GGCGCACTTGACACCATGTT,0,2874082
ompRp3,0.25,3,3,GGCGAGGAAACTGTAACTCT,0,2896506
ompRp3,0.25,3,3,GGCGAAGGGGTACGATGCGC,0,2867056
ompRp3,0.25,3,3,GGCCTGGCAACGTACCCGAA,0,2877244
ompRp3,0.25,3,3,GGCCGCAGGGGTCCGATGAA,0,2880889
ompRp3,0.25,3,3,GGCCAATTATTGGTGCGAGT,0,2864449
ompRp3,0.25,3,3,GGCCAATAATGCTTACCCGT,0,2901418
ompRp3,0.25,3,3,GGCATTGGCGAAGGTATATT,0,2874591
ompRp3,0.25,3,3,GGCATTCGGCGCTGAGAGGG,0,2868898
ompRp3,0.25,3,3,GGCATCGTTGGACTGCATAT,0,2902905
ompRp3,0.25,3,3,GGCAGGAAGCCGTGGAGTAG,0,2865535
ompRp3,0.25,3,3,GGCAACTTGCCTGTTGGGGT,0,2870122
ompRp3,0.25,3,3,GGATTCATCGTATCAGTGAG,0,2868523
ompRp3,0.25,3,3,GGATGGGCCAGCGATTCGAG,0,2878259
ompRp3,0.25,3,3,GGATGCTCCGCGGGGCTTGA,0,2865272
ompRp3,0.25,3,3,GGATGATCCACGCACGCATG,0,2868135
ompRp3,0.25,3,3,GGATCTATGCGACTGCCGGA,0,2874858
ompRp3,0.25,3,3,GGATATAAGGACTCTGCATG,0,2892855
ompRp3,0.25,3,3,GGAGTTCCCATTCTGAGAGT,0,2870848
ompRp3,0.25,3,3,GGAGGCAGAAATCAGACGTT,0,2871936
ompRp3,0.25,3,3,GGACTTAGGGCAGGTGCTGA,0,2894890
ompRp3,0.25,3,3,GGACGATACTTCACTGGAGA,0,2881196
ompRp3,0.25,3,3,GGACCAAGCCTATGGAAGGT,0,2881133
ompRp3,0.25,3,3,GGAATGTTCCTAAGTATAAC,0,2891442
ompRp3,0.25,3,3,GGAAGCCGCCAAATCCTCGC,0,2899042
ompRp3,0.25,3,3,GGAACGCAAAGGTACGCTCC,0,2872020
ompRp3,0.25,3,3,GGAAACATATTGCGAATCAT,0,2905017
ompRp3,0.25,3,3,GCTTTTGTGATCTAGTTCAC,0,2862912
ompRp3,0.25,3,3,GCTTTGCCCCTGAGAACCAC,0,2871669
ompRp3,0.25,3,3,GCTTTCGCTCCCAAACGTTG,0,2881483
ompRp3,0.25,3,3,GCTTTCCAGTAAAGACAGGA,0,2901619
ompRp3,0.25,3,3,GCTTGCGGTGTGATATAGAG,0,2862470
ompRp3,0.25,3,3,GCTTGATCATTTGTAGGTGA,0,2897447
ompRp3,0.25,3,3,GCTTCTCAGCGGCGTTCTAG,0,2899254
ompRp3,0.25,3,3,GCTTATGGCATTTACAGACT,0,2866401
ompRp3,0.25,3,3,GCTTAAGCCCGATATGGCCA,0,2864292
ompRp3,0.25,3,3,GCTGTTAGACACGTTAAGAT,0,2903175
ompRp3,0.25,3,3,GCTGGGAACCGTATTCAGCT,0,2903554
ompRp3,0.25,3,3,GCTGCGGGGTTGCCTGAGCT,0,2875845
ompRp3,0.25,3,3,GCTGCATGTGCTATAGAAGG,0,2891024
ompRp3,0.25,3,3,GCTCTGATGGCGAAGTGTGC,0,2866748
ompRp3,0.25,3,3,GCTCTAATACCGATACGGTA,0,2874743
ompRp3,0.25,3,3,GCTCGTCGTGGGCACAACAA,0,2880154
ompRp3,0.25,3,3,GCTCGAACAAACTTCAACGC,0,2875975
ompRp3,0.25,3,3,GCTCACGGGGGTTTCTGACA,0,2880579
ompRp3,0.25,3,3,GCTCAAGCGGGAGGGACGCT,0,2876927
ompRp3,0.25,3,3,GCTATGGGTGGTCGCACGTG,0,2889082
ompRp3,0.25,3,3,GCTATGACTCAGCTCGGATA,0,2872571
ompRp3,0.25,3,3,GCTAGCTTCAACTTGAGTTA,0,2905939
ompRp3,0.25,3,3,GCTACTCTAGACTCATGAGG,0,2864650
ompRp3,0.25,3,3,GCTAAAACAGTCAATATCCA,0,2871643
ompRp3,0.25,3,3,GCGTTTCGGTCGTGGCAGGC,0,2872998
ompRp3,0.25,3,3,GCGTTGTGACTACCAGAGCT,0,2862886
ompRp3,0.25,3,3,GCGTTCAGTCGGAAGCGAAT,0,2866156
ompRp3,0.25,3,3,GCGTCTCTTAAGTGACTGAA,0,2870772
ompRp3,0.25,3,3,GCGTATAACAGGAATCCGCC,0,2894346
ompRp3,0.25,3,3,GCGTAGCAGCTTCTACACGT,0,2868462
ompRp3,0.25,3,3,GCGGTGATAGACTCCTTGAC,0,2875274
ompRp3,0.25,3,3,GCGGTCCGCGCGCCTGGGCT,0,2865165
ompRp3,0.25,3,3,GCGGGATACTCCTTGCTATC,0,2873724
ompRp3,0.25,3,3,GCGGCTTTAAGGCTTGGGTA,0,2890273
ompRp3,0.25,3,3,GCGGCGAAGCAGGCACGATA,0,2870108
ompRp3,0.25,3,3,GCGGACGGTCAAAAAGATTA,0,2871589
ompRp3,0.25,3,3,GCGGACCAGCCTTGCCGATA,0,2878959
ompRp3,0.25,3,3,GCGGACACCAAGCACATGGT,0,2893125
ompRp3,0.25,3,3,GCGCGTCGAGACACGACGCA,0,2899374
ompRp3,0.25,3,3,GCGCGCAGTGATGACCGTGG,0,2873024
ompRp3,0.25,3,3,GCGCATGGTATTGTGTAACG,0,2889382
ompRp3,0.25,3,3,GCGATTTAGGTACGTGGGTC,0,2865844
ompRp3,0.25,3,3,GCGAGGGGGCGTAAAAGGGT,0,2897395
ompRp3,0.25,3,3,GCGACACAAGACTACACGTG,0,2886358
ompRp3,0.25,3,3,GCCTTTAATCCGCACAAACC,0,2887505
ompRp3,0.25,3,3,GCCTGTGGATGCTCGGTAAT,0,2892832
ompRp3,0.25,3,3,GCCTGGGTCTAGACGGGAGT,0,2890848
ompRp3,0.25,3,3,GCCTGCCGTACTCCTTTAGA,0,2883492
ompRp3,0.25,3,3,GCCTGATAGATTTGGGGCGA,0,2869772
ompRp3,0.25,3,3,GCCTGAGGGCTGCCGACACA,0,2867595
ompRp3,0.25,3,3,GCCTGACGCTGAGACTGCTG,0,2882485
ompRp3,0.25,3,3,GCCGTGCATTCCAATACCTT,0,2877356
ompRp3,0.25,3,3,GCCGTAGCCTGTTGCGCTAT,0,2881856
ompRp3,0.25,3,3,GCCGGGTAAAACCACGTGCT,0,2862157
ompRp3,0.25,3,3,GCCGGGGCAACCAATGCGTA,0,2902138
ompRp3,0.25,3,3,GCCGCTTAATATCCCATCGC,0,2901672
ompRp3,0.25,3,3,GCCGATGTTTCCATTCAGTG,0,2899015
ompRp3,0.25,3,3,GCCCTGGTCACATTCACTTG,0,2894855
ompRp3,0.25,3,3,GCCCTGCGTTATTTGCATAG,0,2873660
ompRp3,0.25,3,3,GCCCGGGTGTGCGAGCAGGT,0,2898397
ompRp3,0.25,3,3,GCCCCGCTGTGTGGCCCCAA,0,2897114
ompRp3,0.25,3,3,GCCCAGCTCTGTGCTTCAAC,0,2888962
ompRp3,0.25,3,3,GCCCAACCGTTGACCAGTAC,0,2896195
ompRp3,0.25,3,3,GCCCAAAGGGTGCATGTTCA,0,2878603
ompRp3,0.25,3,3,GCCATGCGCTTCGTTCAGGG,0,2869003
ompRp3,0.25,3,3,GCCATATTTTAGATTTGCAA,0,2891539
ompRp3,0.25,3,3,GCCATAGATACACTTCCCGA,0,2875990
ompRp3,0.25,3,3,GCCAGTTCGGTGCAGTAGCA,0,2900806
ompRp3,0.25,3,3,GCCAGGGTGGGCCGAAAAAA,0,2888070
ompRp3,0.25,3,3,GCCAGCCGCTCGGTTTACTT,0,2872371
ompRp3,0.25,3,3,GCCAGAGCGAGAACGCTACC,0,2895981
ompRp3,0.25,3,3,GCCAAGACCGCGACGCTTCT,0,2866618
ompRp3,0.25,3,3,GCCAACTACAGTGTAGGACG,0,2875976
ompRp3,0.25,3,3,GCCAACCTGGCGCATCCCAG,0,2893239
ompRp3,0.25,3,3,GCATTTACAGTATGAAGTAA,0,2898209
ompRp3,0.25,3,3,GCATTCGTGGGCTTAAGGAG,0,2897475
ompRp3,0.25,3,3,GCATCAGAGATTCTACGTCA,0,2893470
ompRp3,0.25,3,3,GCATCAGACTTCACACGGAC,0,2889646
ompRp3,0.25,3,3,GCATAGGTCACTGCCACTTT,0,2883203
ompRp3,0.25,3,3,GCATAGAGGTCATTAACCAT,0,2863145
ompRp3,0.25,3,3,GCATACCAACTGAGCGGGAG,0,2903234
ompRp3,0.25,3,3,GCATAAGAAGCTTGGAGCCC,0,2868331
ompRp3,0.25,3,3,GCAGGCTCGTCAGGCTACGC,0,2864746
ompRp3,0.25,3,3,GCAGGCTAGGCCAGGACTAC,0,2869092
ompRp3,0.25,3,3,GCAGACTTAGCATGGAGGTC,0,2869175
ompRp3,0.25,3,3,GCAGACATCTGCGTGTGTAT,0,2898496
ompRp3,0.25,3,3,GCACTGGAGATATTTGATAG,0,2897666
ompRp3,0.25,3,3,GCACTGAGAGCCAGAATCAT,0,2903868
ompRp3,0.25,3,3,GCACGTTAGGAGACGACGGA,0,2879956
ompRp3,0.25,3,3,GCACACGGCGCTCCGTATTT,0,2864382
ompRp3,0.25,3,3,GCACAATGTATATTTAGTAC,0,2905737
ompRp3,0.25,3,3,GCAAGTAATGCCACGTTGCA,0,2862657
ompRp3,0.25,3,3,GCAAGGACTAGAGAGTATAG,0,2890936
ompRp3,0.25,3,3,GCAAGCTCTTTATCGTTCAT,0,2870581
ompRp3,0.25,3,3,GCAAGCCGAAAATGCTCGGC,0,2897071
ompRp3,0.25,3,3,GCAAGACCTTTCTTTTGGTG,0,2894216
ompRp3,0.25,3,3,GCAAATATTCTCCAGTTTAC,0,2870496
ompRp3,0.25,3,3,GCAAAACGGTCTGAGCTCGG,0,2885109
ompRp3,0.25,3,3,GATTTGTGACGCGTAGCCAC,0,2884608
ompRp3,0.25,3,3,GATTTGGAGTATTCGACCAA,0,2873480
ompRp3,0.25,3,3,GATTGTTGTGTTAACGCGAA,0,2894095
ompRp3,0.25,3,3,GATTATTGTAACGAGTGAGG,0,2877290
ompRp3,0.25,3,3,GATGTCCCCTACTCTCCGCG,0,2901002
ompRp3,0.25,3,3,GATGGTGTGACTTTATTTAA,0,2864279
ompRp3,0.25,3,3,GATGGTCTGCTATCGCTAAT,0,2892410
ompRp3,0.25,3,3,GATGGCCGGTCTCATCAGAT,0,2891600
ompRp3,0.25,3,3,GATGAATCGTGGTGGGCTGA,0,2885021
ompRp3,0.25,3,3,GATCTCTGTTTTGTGGAGAT,0,2862337
ompRp3,0.25,3,3,GATCGGCAAGACTCCCCGAG,0,2897138
ompRp3,0.25,3,3,GATCGCCGGAGTAATAGCAT,0,2882037
ompRp3,0.25,3,3,GATCCCAACATTGGAGGGGG,0,2890532
ompRp3,0.25,3,3,GATCCAAAGACTCACGCGTA,0,2877983
ompRp3,0.25,3,3,GATCATGGTGCGGACCGCCA,0,2902193
ompRp3,0.25,3,3,GATCAGGAGACCGAATAGTT,0,2887978
ompRp3,0.25,3,3,GATCAGATAGCGTTACCACC,0,2888758
ompRp3,0.25,3,3,GATCAATGCAATATAGATAA,0,2889479
ompRp3,0.25,3,3,GATCAATCTGGCTGGGAGGC,0,2904499
ompRp3,0.25,3,3,GATCAATCAGTCCAGGGTAG,0,2868698
ompRp3,0.25,3,3,GATAGACCTTAATTGGAACA,0,2882517
ompRp3,0.25,3,3,GATACCAAAGGAAGCGACGT,0,2889433
ompRp3,0.25,3,3,GATAATTACTTCGTGGCACA,0,2886716
ompRp3,0.25,3,3,GATAATAAGATATGTGATTA,0,2881462
ompRp3,0.25,3,3,GATAAAACTATTACCCCAAG,0,2894806
ompRp3,0.25,3,3,GAGGTCAGTGTATGTTTCTG,0,2871047
ompRp3,0.25,3,3,GAGGGTTGTCTCGCTTTGCT,0,2865059
ompRp3,0.25,3,3,GAGGGGCAGAATGCTGAGTT,0,2888371
ompRp3,0.25,3,3,GAGGCGCCTGTGGCCGCATT,0,2887925
ompRp3,0.25,3,3,GAGGATTCGTAACATTTGAA,0,2892763
ompRp3,0.25,3,3,GAGCTAAGCTAAATCTTTGT,0,2904457
ompRp3,0.25,3,3,GAGCGGCCCGGGCGGTATAA,0,2863182
ompRp3,0.25,3,3,GAGAATTTTGCGGGGCGAGC,0,2900055
ompRp3,0.25,3,3,GACTGGGTAGCGGAGTCGAG,0,2863726
ompRp3,0.25,3,3,GACTGGGCTATCAAGTGTCA,0,2889215
ompRp3,0.25,3,3,GACTGGGCACTAGATGTCCA,0,2899998
ompRp3,0.25,3,3,GACTCATACCAACATTCGCA,0,2895735
ompRp3,0.25,3,3,GACTATTGCGAACGTATTGC,0,2880614
ompRp3,0.25,3,3,GACTAATATTAGCGACGCAG,0,2876276
ompRp3,0.25,3,3,GACTAATATAATGAACATTT,0,2888253
ompRp3,0.25,3,3,GACGCGTATAAAAGCGTATG,0,2899005
ompRp3,0.25,3,3,GACGCAGCCATGTGAAGGAA,0,2888618
ompRp3,0.25,3,3,GACGACGGGTGATCACCCCA,0,2906836
ompRp3,0.25,3,3,GACCTAGGAGTCGAGTTTTC,0,2900392
ompRp3,0.25,3,3,GACCGCTCGCAAGTGCAATT,0,2875584
ompRp3,0.25,3,3,GACCGCGCGCCTCGGCTAGA,0,2872078
ompRp3,0.25,3,3,GACCGCGCCAGATAAGAACT,0,2907253
ompRp3,0.25,3,3,GACCCTGCGCTGGCATCGGC,0,2861221
ompRp3,0.25,3,3,GACCCCATGGTCGGAGCTCA,0,2895211
ompRp3,0.25,3,3,GACATCCGAGAAAAGAGGGT,0,2900330
ompRp3,0.25,3,3,GACAGAGTTCCGTGCGGGTC,0,2897444
ompRp3,0.25,3,3,GACACGCCCCTAATAAGTAG,0,2877332
ompRp3,0.25,3,3,GAATTTGAAGTACAGAAATG,0,2872599
ompRp3,0.25,3,3,GAATTACAATGTGAACCATG,0,2878765
ompRp3,0.25,3,3,GAATGAGTGGCAGGTCTGAC,0,2901886
ompRp3,0.25,3,3,GAATCTCAGCCCACGGCACG,0,2893230
ompRp3,0.25,3,3,GAAGTTGGCGTTTACCTCTA,0,2895808
ompRp3,0.25,3,3,GAAGTTCGTCGCCTGAAGAT,0,2880981
ompRp3,0.25,3,3,GAAGGGGTCCCTCGCTGGGT,0,2863813
ompRp3,0.25,3,3,GAAGGGCGGCGAAACCGCGT,0,2902526
ompRp3,0.25,3,3,GAAGCTGCTCTATGTGTCAC,0,2876989
ompRp3,0.25,3,3,GAAGCGAGCCTCTTCTCCAT,0,2885075
ompRp3,0.25,3,3,GAAGCAAGTCCCAGTAAATA,0,2900875
ompRp3,0.25,3,3,GAAGATTAAAGGTGGACAGA,0,2866461
ompRp3,0.25,3,3,GAAGAACACGGAGCGAAAGC,0,2896074
ompRp3,0.25,3,3,GAACTTCAGACCGGCCTAGG,0,2878937
ompRp3,0.25,3,3,GAACTGAGTAGGCCTGGTTT,0,2863524
ompRp3,0.25,3,3,GAACTATTAGTGTTCAATCT,0,2902951
ompRp3,0.25,3,3,GAACGGGTGGTTTGATTCAG,0,2883783
ompRp3,0.25,3,3,GAACGGGTATCCCGGTTAGT,0,2905840
ompRp3,0.25,3,3,GAACCTGTCGTCGCGGCCGA,0,2886386
ompRp3,0.25,3,3,GAAAGGACTGTCTTGCTGTG,0,2878056
ompRp3,0.25,3,3,GAAACGGCGAGGGAGGCAGC,0,2887414
ompRp3,0.25,3,3,GAAACACAGGGGCTTGGATC,0,2886550
ompRp3,0.25,3,3,GAAAAACCTTTTAATCATCA,0,2905937
ompRp3,0.25,3,3,CTTTGGGGATCTCTGTGCAT,0,2905286
ompRp3,0.25,3,3,CTTGTTCAGCACATTGATCG,0,2872712
ompRp3,0.25,3,3,CTTGTGGGGGGGCCGAACAC,0,2894865
ompRp3,0.25,3,3,CTTGGTGCGGTTCGAGATCA,0,2899352
ompRp3,0.25,3,3,CTTGGTCATGTACTTAGACT,0,2892115
ompRp3,0.25,3,3,CTTGGGCCGTTTGTCGCCGC,0,2863388
ompRp3,0.25,3,3,CTTGCGCTTCTTTGCTCAGA,0,2904038
ompRp3,0.25,3,3,CTTGCCAGGTCAGTGGAATC,0,2878690
ompRp3,0.25,3,3,CTTGAGTTTACTTGGCTAGA,0,2871456
ompRp3,0.25,3,3,CTTGAATAAATTTCAGGTCG,0,2903631
ompRp3,0.25,3,3,CTTCTGCAGCTAGAACAAGG,0,2862750
ompRp3,0.25,3,3,CTTCTACGGCTCTTGCAGCT,0,2869275
ompRp3,0.25,3,3,CTTCGTTGGGCGACTCTAGC,0,2898455
ompRp3,0.25,3,3,CTTCGGATCACGGGCTTTCA,0,2876229
ompRp3,0.25,3,3,CTTCGCCCGGAGGGACTTCT,0,2879295
ompRp3,0.25,3,3,CTTCGCAAACTATGGTAGCC,0,2898329
ompRp3,0.25,3,3,CTTCATGAGGGAGACCTATT,0,2874506
ompRp3,0.25,3,3,CTTCATGACAGAAAACACCC,0,2862249
ompRp3,0.25,3,3,CTTATTGAGGCCGGAAAAGT,0,2877073
ompRp3,0.25,3,3,CTTATCATTTTACAATCGTG,0,2864841
ompRp3,0.25,3,3,CTTATCAGCCACGGTGCCAC,0,2896160
ompRp3,0.25,3,3,CTTAGAGGGTGGGAAAGAGA,0,2867245
ompRp3,0.25,3,3,CTTAGAGGCTCGCGTCTTTC,0,2907068
ompRp3,0.25,3,3,CTTACATCTTGCGCTGGCTC,0,2876477
ompRp3,0.25,3,3,CTTAATATGAGCTCTAAACA,0,2875281
ompRp3,0.25,3,3,CTTAAGGATTGGGTTGATCG,0,2881081
ompRp3,0.25,3,3,CTTAAATTGGTCTGCTTTGA,0,2874890
ompRp3,0.25,3,3,CTGTTTGCCAGAGGATAGCA,0,2882633
ompRp3,0.25,3,3,CTGTTGCTTTAGGGTTGTTT,0,2886778
ompRp3,0.25,3,3,CTGTTCAACAAAGTGAACAC,0,2903034
ompRp3,0.25,3,3,CTGTGGTTGTATCCGTGGCA,0,2889557
ompRp3,0.25,3,3,CTGTATAATTTGCACAGATG,0,2869096
ompRp3,0.25,3,3,CTGGTCCATGGGCGACCGAA,0,2896497
ompRp3,0.25,3,3,CTGGTAAAACTTAAGGTAGT,0,2867536
ompRp3,0.25,3,3,CTGGCGGGTCAAGTGAAAGG,0,2867388
ompRp3,0.25,3,3,CTGGCGGAGCAGGTGTTGAT,0,2882778
ompRp3,0.25,3,3,CTGGCCTATCGTAGAGACTG,0,2897608
ompRp3,0.25,3,3,CTGGCCCATAGACCAGCCCC,0,2882297
ompRp3,0.25,3,3,CTGGAACGGTAGTAATCTGT,0,2872135
ompRp3,0.25,3,3,CTGCTTTACGCGCATCCGGC,0,2881270
ompRp3,0.25,3,3,CTGCTTACACCTCGAGTGAC,0,2881436
ompRp3,0.25,3,3,CTGCGTGACTTAGTTCCTGT,0,2863771
ompRp3,0.25,3,3,CTGCCGCGGTCAACGGATGA,0,2890819
ompRp3,0.25,3,3,CTGCCCAGAGCTAGTCCACA,0,2894529
ompRp3,0.25,3,3,CTGCCACAAACATACTCGAT,0,2885874
ompRp3,0.25,3,3,CTGATAGACCGAGCTTGAAT,0,2900945
ompRp3,0.25,3,3,CTGATAAGTCACGAATCCGC,0,2900792
ompRp3,0.25,3,3,CTGACAGGCTATCGAGAGGC,0,2905310
ompRp3,0.25,3,3,CTGAATATGTCATTTCGATT,0,2872218
ompRp3,0.25,3,3,CTCTTCTTCCACCAAGTGAG,0,2862385
ompRp3,0.25,3,3,CTCTCTTGTCAACGGGGTCC,0,2870010
ompRp3,0.25,3,3,CTCTCGGGGAAATCAGGGAT,0,2880888
ompRp3,0.25,3,3,CTCTCGAACACAACAATCGT,0,2899953
ompRp3,0.25,3,3,CTCGTTTTTTGGTTTAGTAC,0,2874001
ompRp3,0.25,3,3,CTCGTACCTCGGTCGCGGTG,0,2903220
ompRp3,0.25,3,3,CTCGGTGTGACTGTACTCCT,0,2880755
ompRp3,0.25,3,3,CTCGGTAGTTTACCATAGGT,0,2874500
ompRp3,0.25,3,3,CTCGGAGATCATCCCAGACG,0,2886992
ompRp3,0.25,3,3,CTCCGTTATTGAAACTGACT,0,2893632
ompRp3,0.25,3,3,CTCCGGGCACTGCAAAGATA,0,2867929
ompRp3,0.25,3,3,CTCCCGACAATTGGAAGGCA,0,2897672
ompRp3,0.25,3,3,CTCCACGGTAGGAGTATGGT,0,2906655
ompRp3,0.25,3,3,CTCCAAGTAGATTCGTTTGT,0,2893236
ompRp3,0.25,3,3,CTCATTTCGTGGGGCTCCGT,0,2871791
ompRp3,0.25,3,3,CTCACTTATGTACGCATCGA,0,2892603
ompRp3,0.25,3,3,CTCACGCGTTCCCGGGCGGG,0,2886551
ompRp3,0.25,3,3,CTCACAGACCAGAAAGGGGC,0,2901114
ompRp3,0.25,3,3,CTATTTTCCTCATCTGTAGG,0,2890254
ompRp3,0.25,3,3,CTATTCCTATCCAATAGATA,0,2903163
ompRp3,0.25,3,3,CTATGTAGTGTACGATGGCC,0,2889906
ompRp3,0.25,3,3,CTATGCCCGCCCCTTCAAGT,0,2861613
ompRp3,0.25,3,3,CTATGCAACAATAAAGCGGC,0,2866253
ompRp3,0.25,3,3,CTATGAGATAGGTCTATTCA,0,2906491
ompRp3,0.25,3,3,CTATCATGATTACAAGAATT,0,2861644
ompRp3,0.25,3,3,CTATCAAACGAGGATTGATG,0,2886154
ompRp3,0.25,3,3,CTATACTTGGGATTCACGAT,0,2886681
ompRp3,0.25,3,3,CTAGGGGCGTGGGGACAACG,0,2899319
ompRp3,0.25,3,3,CTAGGGCTAAATGCGGCTGG,0,2880967
ompRp3,0.25,3,3,CTAGGCAAGCGTTCTAAATT,0,2873897
ompRp3,0.25,3,3,CTAGAGACTGCGGATTTGTA,0,2896686
ompRp3,0.25,3,3,CTAGAAGTATTTGAAACTCT,0,2881879
ompRp3,0.25,3,3,CTACGTGGATATTGACTGTT,0,2891054
ompRp3,0.25,3,3,CTACGAACTACACTGCAACC,0,2900617
ompRp3,0.25,3,3,CTACCGGTTTTGAGTTGATG,0,2865382
ompRp3,0.25,3,3,CTACCGGTAGCGCGGAACGA,0,2867214
ompRp3,0.25,3,3,CTACACAAGTTCCGGCATGC,0,2880807
ompRp3,0.25,3,3,CTAATCATACGGCACGTTAC,0,2875207
ompRp3,0.25,3,3,CTAAGGGGCTTCAACTTTCG,0,2886969
ompRp3,0.25,3,3,CTAAAAATATACCGGACGTA,0,2906472
ompRp3,0.25,3,3,CGTTCCGTATTTATAGGTTA,0,2864327
ompRp3,0.25,3,3,CGTTCACTGTTCGGGAACCC,0,2900638
ompRp3,0.25,3,3,CGTTATTGCTAAGTTACATT,0,2878956
ompRp3,0.25,3,3,CGTTATAGCGGGAAATCGGC,0,2890798
ompRp3,0.25,3,3,CGTGTACTGGAAGTCACTTT,0,2871110
ompRp3,0.25,3,3,CGTGGTTTTAGTCTGGTATC,0,2904547
ompRp3,0.25,3,3,CGTGGGAAAACATTATTCTG,0,2877474
ompRp3,0.25,3,3,CGTGGCTTCTAGTCAGTGCC,0,2886833
ompRp3,0.25,3,3,CGTGGCACCTCTCCGGCCCG,0,2877490
ompRp3,0.25,3,3,CGTGCTGAAGTGTTATCACG,0,2863066
ompRp3,0.25,3,3,CGTGATCACCTTATCGGTTT,0,2880660
ompRp3,0.25,3,3,CGTCTTTACTCGGGACACGT,0,2879091
ompRp3,0.25,3,3,CGTCTGTGAGACAGGATAGA,0,2891202
ompRp3,0.25,3,3,CGTCTGATCGTCCTCCCAAA,0,2875923
ompRp3,0.25,3,3,CGTCTACGTTCTACATGAGG,0,2904851
ompRp3,0.25,3,3,CGTCGGACACGAAATTTACG,0,2886978
ompRp3,0.25,3,3,CGTCCTCCCACTAACGAGTT,0,2885810
ompRp3,0.25,3,3,CGTCATGTAGTTTGCGGGGT,0,2864619
ompRp3,0.25,3,3,CGTCAGTGCAACAGTTCCCG,0,2879626
ompRp3,0.25,3,3,CGTCAATTACGACGGATTGG,0,2899863
ompRp3,0.25,3,3,CGTATAGTAGGACCTCTTAG,0,2905634
ompRp3,0.25,3,3,CGTAGGGGACATAAGATTAT,0,2895904
ompRp3,0.25,3,3,CGTAATCTATCATGGCCATG,0,2883685
ompRp3,0.25,3,3,CGTAACGCCGTAAAACGATT,0,2875559
ompRp3,0.25,3,3,CGTAAAGGCGCTGATGAGTT,0,2905436
ompRp3,0.25,3,3,CGGTTGTGGCCCCGGTCACT,0,2864928
ompRp3,0.25,3,3,CGGTTAATGACACCGGTATT,0,2879729
ompRp3,0.25,3,3,CGGTGTTCGCTGAGGCAGAT,0,2874731
ompRp3,0.25,3,3,CGGTCGTAGCCGCGTTTCAT,0,2896353
ompRp3,0.25,3,3,CGGTCGAGGCCATGGCGGGG,0,2880300
ompRp3,0.25,3,3,CGGTCCCTCAATTAAATTCT,0,2900936
ompRp3,0.25,3,3,CGGTAGGGGGCTCCCTATCG,0,2862127
ompRp3,0.25,3,3,CGGGTGTTTTAGCTAAGCGT,0,2869624
ompRp3,0.25,3,3,CGGGTGGTACTCAAACAGTA,0,2903824
ompRp3,0.25,3,3,CGGGGTCAGCTCGCCTTCAC,0,2862422
ompRp3,0.25,3,3,CGGGCGTCTAACTCTCCAGT,0,2873461
ompRp3,0.25,3,3,CGGGATTGAAGGTATTTGTG,0,2895909
ompRp3,0.25,3,3,CGGGATCCACAGTTCTCTGT,0,2886376
ompRp3,0.25,3,3,CGGGATCCAAAAATGCCCGC,0,2902411
ompRp3,0.25,3,3,CGGGAGATAAATTGAGACTA,0,2881694
ompRp3,0.25,3,3,CGGGACGTTTTGCGAAAGAA,0,2866106
ompRp3,0.25,3,3,CGGGACGCGTGATTTAGGTG,0,2880190
ompRp3,0.25,3,3,CGGGACCCCTACGCAACAAA,0,2870046
ompRp3,0.25,3,3,CGGCCGGACGCGGATAGATG,0,2884609
ompRp3,0.25,3,3,CGGCAAAACTGCCGGCCATG,0,2906758
ompRp3,0.25,3,3,CGGAGCTTTATTTGAGCGGC,0,2867239
ompRp3,0.25,3,3,CGGAGACGTACCTGTTTCCT,0,2864509
ompRp3,0.25,3,3,CGGAACGGTCCACTCGACTA,0,2868563
ompRp3,0.25,3,3,CGGAAATTTTTGTCGGTGCT,0,2862007
ompRp3,0.25,3,3,CGCTGCAGCAGAATAGTCTC,0,2886773
ompRp3,0.25,3,3,CGCTGACTCGGAAATCATTA,0,2898363
ompRp3,0.25,3,3,CGCTGAACTTCCTGCAACTA,0,2893047
ompRp3,0.25,3,3,CGCTCGCGGTATGCCTCGCC,0,2897813
ompRp3,0.25,3,3,CGCTCCGGGTAGCCTGTGAC,0,2876579
ompRp3,0.25,3,3,CGCTCCCGCACGCGTGTCCT,0,2904618
ompRp3,0.25,3,3,CGCTAGCGTGGTTCAACGGC,0,2904470
ompRp3,0.25,3,3,CGCTAGACCTTGCCACATGT,0,2898087
ompRp3,0.25,3,3,CGCGTTTACAATTACTTCAC,0,2862445
ompRp3,0.25,3,3,CGCGTCGCCCATGGGGCTAA,0,2896646
ompRp3,0.25,3,3,CGCGGTTGTCTCCCCTTCCA,0,2892281
ompRp3,0.25,3,3,CGCGGGGTGTCCCGTCGGCG,0,2897984
ompRp3,0.25,3,3,CGCGGCTCATTATGCAGCTA,0,2884874
ompRp3,0.25,3,3,CGCGCGTCTTCTCTCCCTCC,0,2897006
ompRp3,0.25,3,3,CGCGCGGGAAAGATGTTTAT,0,2891395
ompRp3,0.25,3,3,CGCGCATGGTGGGGACACTA,0,2901589
ompRp3,0.25,3,3,CGCGATGATAACTCAACAAA,0,2876187
ompRp3,0.25,3,3,CGCGATCGTACTACATAGTA,0,2902613
ompRp3,0.25,3,3,CGCGACTTGTGTCGAAAGTA,0,2886285
ompRp3,0.25,3,3,CGCCTCATACTTGAAACTGG,0,2873493
ompRp3,0.25,3,3,CGCCGTCGGTCGGCTCATGA,0,2876177
ompRp3,0.25,3,3,CGCCGGGTGCCTAGGCGTTT,0,2875128
ompRp3,0.25,3,3,CGCCGGACATAGGCGGCGTC,0,2878544
ompRp3,0.25,3,3,CGCCCATATAGTATTCCGGA,0,2890525
ompRp3,0.25,3,3,CGCCATGGGGAAGCTCAATT,0,2887100
ompRp3,0.25,3,3,CGCCAGGATACGTTGACGTC,0,2898646
ompRp3,0.25,3,3,CGCCAGACTGTACTGATGGT,0,2861936
ompRp3,0.25,3,3,CGCATTCTGTCTGGAAAGCC,0,2886998
ompRp3,0.25,3,3,CGCATCGACTAGCACAGTGA,0,2906416
ompRp3,0.25,3,3,CGCATATCAAGATCGTCCTG,0,2872411
ompRp3,0.25,3,3,CGCATATATGCAATACTCAT,0,2891955
ompRp3,0.25,3,3,CGCACTCTTTCAAGTCACAT,0,2893416
ompRp3,0.25,3,3,CGCACAATCTGCAGGTTAGC,0,2897961
ompRp3,0.25,3,3,CGCAAGTTGTGGATCGCGAC,0,2874961
ompRp3,0.25,3,3,CGATTCACCGCATAGTCCAC,0,2903211
ompRp3,0.25,3,3,CGATTACTACATCTAGTCAG,0,2870900
ompRp3,0.25,3,3,CGATTAAATTGACGTTCCGA,0,2903331
ompRp3,0.25,3,3,CGATGGGTATGCGAGGTCGT,0,2889511
ompRp3,0.25,3,3,CGATGAACGACACGCAGAGG,0,2900637
ompRp3,0.25,3,3,CGATCCCACTACTAGACACA,0,2888337
ompRp3,0.25,3,3,CGATCACGGCAATAACGCCA,0,2888335
ompRp3,0.25,3,3,CGATACTCGCGTCGCGTCGC,0,2902553
ompRp3,0.25,3,3,CGAGGGAATGGGGCTTGTAT,0,2886528
ompRp3,0.25,3,3,CGACTCATTTTCAGTGCTTT,0,2891736
ompRp3,0.25,3,3,CGACCGATCATTACGGTCGG,0,2870981
ompRp3,0.25,3,3,CGACCAATTTTCTGTCCCCC,0,2872173
ompRp3,0.25,3,3,CGAATGAGGCTATATCCAGC,0,2895065
ompRp3,0.25,3,3,CGAAGGGCGAACGAGGCGGT,0,2884232
ompRp3,0.25,3,3,CGAACAAGTTCGCCATCGCG,0,2883293
ompRp3,0.25,3,3,CGAAAAGGCCCAGACTAACT,0,2874664
ompRp3,0.25,3,3,CCTTTTAGCAGCGCTGGCGG,0,2862159
ompRp3,0.25,3,3,CCTTTCCGTCACCGTACTGA,0,2889924
ompRp3,0.25,3,3,CCTTTCAATCCTGGTACGTC,0,2903148
ompRp3,0.25,3,3,CCTTGTTTAGCGAGCAGGCC,0,2906183
ompRp3,0.25,3,3,CCTTGCGATTTGTGCAGGGA,0,2893535
ompRp3,0.25,3,3,CCTTCTTCACAGTTTCTTCC,0,2888498
ompRp3,0.25,3,3,CCTTCGATCGAAACCACCAG,0,2897967
ompRp3,0.25,3,3,CCTTCATAAGAAATAGCCAC,0,2861500
ompRp3,0.25,3,3,CCTTCAACTCCCCAAATGCC,0,2899337
ompRp3,0.25,3,3,CCTGGTCGCGAAACCACCAA,0,2870114
ompRp3,0.25,3,3,CCTGGACAGTGTCATGGAAG,0,2894614
ompRp3,0.25,3,3,CCTGAACTTTAAAAGCGAGG,0,2879734
ompRp3,0.25,3,3,CCTCGCCTGAAATCTGCGAG,0,2871792
ompRp3,0.25,3,3,CCTCCGCCTATTAGTGGAGG,0,2906217
ompRp3,0.25,3,3,CCTAGGCCACTGCGCAGGGT,0,2875630
ompRp3,0.25,3,3,CCTAACATCAATCAGTCATC,0,2888976
ompRp3,0.25,3,3,CCGTTGTAAAACAATCCTAT,0,2899775
ompRp3,0.25,3,3,CCGTGGTTGAGGGTTTCGTG,0,2905188
ompRp3,0.25,3,3,CCGTGAACTGATAGCTTGGG,0,2862174
ompRp3,0.25,3,3,CCGTCGTGGGAGTCACATCC,0,2891259
ompRp3,0.25,3,3,CCGTCGAGCTAAGGTGTATA,0,2894492
ompRp3,0.25,3,3,CCGTCATGCAACATCAGTTG,0,2868790
ompRp3,0.25,3,3,CCGTCAACTAGGCCCTTTCC,0,2895574
ompRp3,0.25,3,3,CCGTAGGAGGAAGGACTCCT,0,2883908
ompRp3,0.25,3,3,CCGTAGCGTTCTGGCACCCC,0,2868994
ompRp3,0.25,3,3,CCGTAATTGGTGAATCCTCC,0,2888647
ompRp3,0.25,3,3,CCGGTGAGCCGTAACGCCCT,0,2870667
ompRp3,0.25,3,3,CCGGTCTTCATGGGCTAGTC,0,2883580
ompRp3,0.25,3,3,CCGGTCCGGCAGTACTATCC,0,2882772
ompRp3,0.25,3,3,CCGGTACGAGAACAAGGGTC,0,2888944
ompRp3,0.25,3,3,CCGGGCCCGCCGTTGTGAAT,0,2861222
ompRp3,0.25,3,3,CCGGCGTTTGTCCATCGTCT,0,2880702
ompRp3,0.25,3,3,CCGGCGTCATTCACAGGAGA,0,2874545
ompRp3,0.25,3,3,CCGGCGAACTGAACCAACCA,0,2880138
ompRp3,0.25,3,3,CCGGCCCGCTGAGAAGAGTA,0,2885683
ompRp3,0.25,3,3,CCGGATGAGGCTTCATGTGT,0,2888058
ompRp3,0.25,3,3,CCGGACGGATAATGGCGATT,0,2878048
ompRp3,0.25,3,3,CCGGACCCATAGCGAGTAGG,0,2902429
ompRp3,0.25,3,3,CCGCTCTTTCAGTCCGGTAA,0,2867769
ompRp3,0.25,3,3,CCGCGGCGCGTGAAAACAGC,0,2895591
ompRp3,0.25,3,3,CCGCCCATTTAATATCGTGT,0,2897096
ompRp3,0.25,3,3,CCGCAGGAAGCGCGGCTTTG,0,2903300
ompRp3,0.25,3,3,CCGATTTGAACACCGCATCT,0,2883553
ompRp3,0.25,3,3,CCGATTACTTGGAGTCACGC,0,2887270
ompRp3,0.25,3,3,CCGATCCGGTGGAAACAAGT,0,2881447
ompRp3,0.25,3,3,CCGATCCACTGACGGGAAAT,0,2904738
ompRp3,0.25,3,3,CCGATAAAACAGCGGGGTAG,0,2875000
ompRp3,0.25,3,3,CCGACGTGGCTGACCGTTGA,0,2907268
ompRp3,0.25,3,3,CCGACCTCTAGTGTTACACG,0,2883817
ompRp3,0.25,3,3,CCGAAGCTTAAATTCATACC,0,2903296
ompRp3,0.25,3,3,CCGAACCTTGGGTTGAACTT,0,2891492
ompRp3,0.25,3,3,CCCTTTGTCGCTCAGAAGTA,0,2881963
ompRp3,0.25,3,3,CCCTGAACAGGAACTTCCCG,0,2861074
ompRp3,0.25,3,3,CCCTCGACCGCATTAAGGCG,0,2884746
ompRp3,0.25,3,3,CCCTATCCAGCACAACGCGC,0,2903526
ompRp3,0.25,3,3,CCCTACTCGAAAAACTAAGG,0,2897835
ompRp3,0.25,3,3,CCCTAATCGAACTGGTCGCT,0,2893832
ompRp3,0.25,3,3,CCCTAACTAGTACTCAGACC,0,2887215
ompRp3,0.25,3,3,CCCGGGGACTCCATATTCGT,0,2879374
ompRp3,0.25,3,3,CCCGACTCAGTAAGATTAGG,0,2879598
ompRp3,0.25,3,3,CCCCGCGTAATCCATAACTT,0,2895351
ompRp3,0.25,3,3,CCCCCTAAGAAAGCCTCATT,0,2865347
ompRp3,0.25,3,3,CCCCATAGAACGGCGTTTTA,0,2890719
ompRp3,0.25,3,3,CCCAGTGTACGTACTTCAAT,0,2877674
ompRp3,0.25,3,3,CCCAGGAGTGCGCAGATGGA,0,2906420
ompRp3,0.25,3,3,CCCACTACATTCGCACAGAC,0,2864428
ompRp3,0.25,3,3,CCCACCTGGGATAAGGAAGT,0,2872349
ompRp3,0.25,3,3,CCCAATATTCGACGAACCTA,0,2884668
ompRp3,0.25,3,3,CCCAAGATAGCGGTTAGACA,0,2869841
ompRp3,0.25,3,3,CCATAGGACATCTTACGATG,0,2900822
ompRp3,0.25,3,3,CCAGTCTATTCTCTAATCGC,0,2880558
ompRp3,0.25,3,3,CCAGGGTCAGCCTTATTTCA,0,2863830
ompRp3,0.25,3,3,CCAGGCACTCTGACCACGTA,0,2895691
ompRp3,0.25,3,3,CCAGCGTTGGTCTATAAACG,0,2863874
ompRp3,0.25,3,3,CCAGCGCGAGTTATATGATT,0,2877225
ompRp3,0.25,3,3,CCAGCCATACAGAACTGTAT,0,2880647
ompRp3,0.25,3,3,CCACTCGCCATATTAACAAA,0,2873992
ompRp3,0.25,3,3,CCACTACAAGATTTGAAGAA,0,2873505
ompRp3,0.25,3,3,CCACGCTAACAGGTGCATTT,0,2901495
ompRp3,0.25,3,3,CCACGAGGGGGTCATACTGA,0,2890108
ompRp3,0.25,3,3,CCACCGAATTCAACCGCAAT,0,2868957
ompRp3,0.25,3,3,CCACCCCCAGTTGAAATTGA,0,2878330
ompRp3,0.25,3,3,CCACCAGACCTAGCTTAACC,0,2901365
ompRp3,0.25,3,3,CCACAGCGTCAGCACATAAA,0,2888418
ompRp3,0.25,3,3,CCACACATGTGCGGGGGCTA,0,2896039
ompRp3,0.25,3,3,CCACAACGGCTTGTCGCAGA,0,2885915
ompRp3,0.25,3,3,CCAAGCTCCCGGGTACAGGT,0,2875673
ompRp3,0.25,3,3,CCAAGATCTCTGGGGGTGGT,0,2905665
ompRp3,0.25,3,3,CCAACCGCTTAGACTGCTCA,0,2881544
ompRp3,0.25,3,3,CCAAAATGAGTAAGAAACTA,0,2905490
ompRp3,0.25,3,3,CATTTGATGGACACTGCGGA,0,2885935
ompRp3,0.25,3,3,CATTGGTTCCTGCCTTCGGG,0,2905056
ompRp3,0.25,3,3,CATGTTGACCTTAGGTCATA,0,2870818
ompRp3,0.25,3,3,CATGGTCCATTCCAGTTACA,0,2873125
ompRp3,0.25,3,3,CATGGGCTGCGGTCTGAATA,0,2893753
ompRp3,0.25,3,3,CATGGAAGACGGTTCCGCCG,0,2902775
ompRp3,0.25,3,3,CATGCGTGGGGGTTTACGCT,0,2881653
ompRp3,0.25,3,3,CATGAGTGCAATCGAAAATA,0,2888222
ompRp3,0.25,3,3,CATGACACCAGTTTGTGGCA,0,2894784
ompRp3,0.25,3,3,CATCGATCGTGTCGGTAGGT,0,2874406
ompRp3,0.25,3,3,CATCACTATCAGCACGACAA,0,2868551
ompRp3,0.25,3,3,CATAGTTTTGCAAAGGTCAC,0,2872910
ompRp3,0.25,3,3,CATAGGTTAAGGTGGCTCGT,0,2904546
ompRp3,0.25,3,3,CATACTTTTCGCATTGCTGG,0,2886200
ompRp3,0.25,3,3,CATACGCGCTCCTCGCCGCG,0,2863127
ompRp3,0.25,3,3,CATAATGATAAATCCGCAGA,0,2871813
ompRp3,0.25,3,3,CAGTTTTGCGCTGCCTGCGA,0,2872010
ompRp3,0.25,3,3,CAGTTCTCCGAAGTCCTCCT,0,2866117
ompRp3,0.25,3,3,CAGTTACAAGTTAGCAGGAC,0,2869807
ompRp3,0.25,3,3,CAGTGGCCTTCCAACATGGC,0,2872938
ompRp3,0.25,3,3,CAGTGACTGGCTTGAAAGTA,0,2903161
ompRp3,0.25,3,3,CAGTAGCAAAGAAGGTGCCC,0,2868503
ompRp3,0.25,3,3,CAGGTAGCGTCGGGTGCGGT,0,2878047
ompRp3,0.25,3,3,CAGGCATGAAATAAGATTAT,0,2888243
ompRp3,0.25,3,3,CAGCTCCTTAGTGTCCCGGA,0,2874605
ompRp3,0.25,3,3,CAGCTAGAATATGGGTAGAA,0,2898896
ompRp3,0.25,3,3,CAGCGTTGCATCCTCGACGT,0,2862291
ompRp3,0.25,3,3,CAGCCCTCCTCTAAAAGCCG,0,2874200
ompRp3,0.25,3,3,CAGCAAGTAAACGATGCCCA,0,2889671
ompRp3,0.25,3,3,CAGATTTCTCGACTTCATGT,0,2904901
ompRp3,0.25,3,3,CAGAGGTGGCTAATGAATCC,0,2889494
ompRp3,0.25,3,3,CAGAGCTCCGTTTTACAGCC,0,2885343
ompRp3,0.25,3,3,CAGAGAAAATCTAATCTGCT,0,2906104
ompRp3,0.25,3,3,CAGACACTGATGATTTCATG,0,2906035
ompRp3,0.25,3,3,CAGAATGTCACCGGCCAGTC,0,2885077
ompRp3,0.25,3,3,CAGAAATTTCAAATCTTGCG,0,2870863
ompRp3,0.25,3,3,CACTTGTTGCCTGCGATGCA,0,2862672
ompRp3,0.25,3,3,CACTTGCACAAGCCCATGCT,0,2906946
ompRp3,0.25,3,3,CACTGGACAGGACATGCTCG,0,2903533
ompRp3,0.25,3,3,CACTACCTCTGGGCGTTCGG,0,2899117
ompRp3,0.25,3,3,CACGTCGCGTTTGCATCAGC,0,2896386
ompRp3,0.25,3,3,CACGGTTATCTTATTATAGT,0,2887688
ompRp3,0.25,3,3,CACGCTTATCGGTTACTTTC,0,2888116
ompRp3,0.25,3,3,CACGACTTGGGCGGGGATTA,0,2898105
ompRp3,0.25,3,3,CACCGCACCCTTCGTTGGAG,0,2906201
ompRp3,0.25,3,3,CACCCTGGTGATAGTAGAGC,0,2875617
ompRp3,0.25,3,3,CACATCTGGGACGGTATTCC,0,2887564
ompRp3,0.25,3,3,CACATACTAACTTTCCTTGA,0,2867937
ompRp3,0.25,3,3,CAATTCCTGACGTTCGATAG,0,2903496
ompRp3,0.25,3,3,CAATTACTACCTATCAATGT,0,2874180
ompRp3,0.25,3,3,CAATGCTCAAATGAGTTGGG,0,2880072
ompRp3,0.25,3,3,CAATCTTCCAGGTTGCTGAG,0,2884780
ompRp3,0.25,3,3,CAAGTATCACTTCTTCTTAA,0,2903572
ompRp3,0.25,3,3,CAAGGTTGTGCGACATTGCT,0,2865864
ompRp3,0.25,3,3,CAAGGCAGTTCAAATCGAAG,0,2862167
ompRp3,0.25,3,3,CAAGGAGTACCGCAGTCCCT,0,2877055
ompRp3,0.25,3,3,CAAGCTTTCAGTGCCTCACT,0,2877282
ompRp3,0.25,3,3,CAAGCACCTTCGTGGTTCTC,0,2872057
ompRp3,0.25,3,3,CAACTTCCCCTAGCGTGACT,0,2886707
ompRp3,0.25,3,3,CAACGGGCATGACCAGAAAA,0,2893335
ompRp3,0.25,3,3,CAACGGATCGGCCGCTGGTA,0,2907473
ompRp3,0.25,3,3,CAACCGCTGGAGTATGGTAC,0,2885989
ompRp3,0.25,3,3,CAAAGTGGAAATCATTTCAA,0,2868549
ompRp3,0.25,3,3,CAAAGATACTCCGTATCCGC,0,2901957
ompRp3,0.25,3,3,CAAAAGGCGGGGGACTCTCA,0,2889847
ompRp3,0.25,3,3,CAAAAGCTCCAGTGACGTAT,0,2889554
ompRp3,0.25,3,3,ATTTTCTCTCTGTGATTCAA,0,2907140
ompRp3,0.25,3,3,ATTTTCCAGGGCTGCTTAGT,0,2896176
ompRp3,0.25,3,3,ATTTGTTCATCAGTTAGGGG,0,2885264
ompRp3,0.25,3,3,ATTTCTGTGATCTTTACCAT,0,2874501
ompRp3,0.25,3,3,ATTTCTGTATTCGGCATAAG,0,2890548
ompRp3,0.25,3,3,ATTTCTCAACGCAATCCCGT,0,2884881
ompRp3,0.25,3,3,ATTTCGAGCCCCAGCAGGAC,0,2883335
ompRp3,0.25,3,3,ATTTACTTGCACCGAGGACG,0,2881644
ompRp3,0.25,3,3,ATTTAAGAGCTATTAACCTT,0,2883700
ompRp3,0.25,3,3,ATTTAAACATACCACGCGGT,0,2892607
ompRp3,0.25,3,3,ATTGTTATTTAAAATCTTTG,0,2879930
ompRp3,0.25,3,3,ATTGTGGTGGGGCAAGGCCC,0,2889146
ompRp3,0.25,3,3,ATTGTCTCGACCGCGAACCA,0,2876410
ompRp3,0.25,3,3,ATTGGGATAATGTGCCTGCA,0,2868785
ompRp3,0.25,3,3,ATTGGGACTAGTATGTGGGA,0,2898774
ompRp3,0.25,3,3,ATTGGATAGTGAATAAACCT,0,2884034
ompRp3,0.25,3,3,ATTGCTGGCTACGTCTTCAC,0,2888626
ompRp3,0.25,3,3,ATTGAACTAGCTATCTCGCG,0,2884434
ompRp3,0.25,3,3,ATTCGGACAACCAGATCGCC,0,2878359
ompRp3,0.25,3,3,ATTCGCAAAACTTTGTCGCA,0,2873581
ompRp3,0.25,3,3,ATTCCGAGAGTTATAGAGGC,0,2868910
ompRp3,0.25,3,3,ATTCAAGCGCAAAAATCACA,0,2904621
ompRp3,0.25,3,3,ATTATAATTTTATATATTCG,0,2865111
ompRp3,0.25,3,3,ATTAGACAGAGGGAGTGAGC,0,2896949
ompRp3,0.25,3,3,ATTACCCAGTTGCTCTACTA,0,2869127
ompRp3,0.25,3,3,ATTACCAATGATTGAAATTG,0,2872494
ompRp3,0.25,3,3,ATTACACTGTATCCGTACAT,0,2890396
ompRp3,0.25,3,3,ATTAACTACGTTGATAATGT,0,2893919
ompRp3,0.25,3,3,ATTAAAACCCCTGTTCGCAT,0,2905768
ompRp3,0.25,3,3,ATGTTCGCAGCTTTCCCAAT,0,2885287
ompRp3,0.25,3,3,ATGTGCGACGCAGTGGCGCA,0,2889680
ompRp3,0.25,3,3,ATGTCGGATATAACACTATG,0,2861824
ompRp3,0.25,3,3,ATGTCCGAAATTGTGCGGAT,0,2906934
ompRp3,0.25,3,3,ATGTACGCGGGGCAACCGTT,0,2882649
ompRp3,0.25,3,3,ATGGTTGAAAGGCCTACTTC,0,2897840
ompRp3,0.25,3,3,ATGGTTAACCCAATGGGGTG,0,2903118
ompRp3,0.25,3,3,ATGGTGAAAGTCCCTTCGCA,0,2895729
ompRp3,0.25,3,3,ATGGGCGATCTTAGTCCGCT,0,2891986
ompRp3,0.25,3,3,ATGGATTAGGTTTCCGGCGG,0,2904802
ompRp3,0.25,3,3,ATGCTGGGATGCCTCTTAAT,0,2880407
ompRp3,0.25,3,3,ATGCTCAAGGCTAAATCCTT,0,2879538
ompRp3,0.25,3,3,ATGCTAACGGGGAAATTGAT,0,2875333
ompRp3,0.25,3,3,ATGCGGCCTCTAATCACGCT,0,2901534
ompRp3,0.25,3,3,ATGCCTGCATTCACATATAT,0,2891598
ompRp3,0.25,3,3,ATGCCCCCGGGATGTCTTGA,0,2864477
ompRp3,0.25,3,3,ATGCCCACTGAACAACAGTC,0,2879831
ompRp3,0.25,3,3,ATGCCACTGTCGGCACCTAC,0,2874533
ompRp3,0.25,3,3,ATGATTCGGAGATAATAAAT,0,2866736
ompRp3,0.25,3,3,ATGAACGGGTTCTAGGGTGA,0,2865358
ompRp3,0.25,3,3,ATGAAAGCCCATCTGCCCGC,0,2862128
ompRp3,0.25,3,3,ATCTTCGAAAGGACGGGAGA,0,2900262
ompRp3,0.25,3,3,ATCTGGTGTTTTAACTCTAC,0,2897780
ompRp3,0.25,3,3,ATCTGAGATGAATCGGACTT,0,2885445
ompRp3,0.25,3,3,ATCTCGGGTTCGGGGGGTGG,0,2876468
ompRp3,0.25,3,3,ATCTCGATCAAAGCTAGTTG,0,2880538
ompRp3,0.25,3,3,ATCTCCCTGCCCTATATTGT,0,2901601
ompRp3,0.25,3,3,ATCGTCGTGGGCGTTCCAGA,0,2889440
ompRp3,0.25,3,3,ATCGGTGGGTACAATTCTCC,0,2885430
ompRp3,0.25,3,3,ATCGCCCAGGATAAAATGAT,0,2886188
ompRp3,0.25,3,3,ATCGCCACCCGTCAAACTGA,0,2868819
ompRp3,0.25,3,3,ATCGAAATCGAGCCGGAACG,0,2882980
ompRp3,0.25,3,3,ATCCTTATGGTGTCCGGGAG,0,2904544
ompRp3,0.25,3,3,ATCCTCGACTCGTTTGGGAG,0,2876303
ompRp3,0.25,3,3,ATCCGTTTTCAGTTCCGATC,0,2885303
ompRp3,0.25,3,3,ATCCGTGTCACCACGTCTCT,0,2867052
ompRp3,0.25,3,3,ATCCACCGGTCCACAGCGCA,0,2901968
ompRp3,0.25,3,3,ATCAGGGAATGCATTGCCGA,0,2861511
ompRp3,0.25,3,3,ATCACACTATTACCCTCGGC,0,2902170
ompRp3,0.25,3,3,ATCAACGCTTTATTATTCAC,0,2897866
ompRp3,0.25,3,3,ATATTCACTTGGAGTGAAAC,0,2867308
ompRp3,0.25,3,3,ATATGACTACTGCATTTGAT,0,2884772
ompRp3,0.25,3,3,ATATCGTACCGGACTTCCAC,0,2892401
ompRp3,0.25,3,3,ATATCCGGGAGCATGTTATT,0,2880615
ompRp3,0.25,3,3,ATATCAGTACGTGACCCCAG,0,2885040
ompRp3,0.25,3,3,ATATAAGCCTGTAAGGATTA,0,2884585
ompRp3,0.25,3,3,ATAGTTTAGTCATCGAGGCC,0,2888300
ompRp3,0.25,3,3,ATAGGTGTTTATGGGTCTCG,0,2870860
ompRp3,0.25,3,3,ATAGACCTCACCTAAGAGCG,0,2869125
ompRp3,0.25,3,3,ATACCGTATGTATTGGTTCG,0,2889043
ompRp3,0.25,3,3,ATACCGAGGTGACACTACGT,0,2869937
ompRp3,0.25,3,3,ATACCCAGCCTCATTTGTGT,0,2878144
ompRp3,0.25,3,3,ATAAGCGAGTAGTGAGCGAG,0,2865409
ompRp3,0.25,3,3,ATAACGCATCCACAGGTTAA,0,2872725
ompRp3,0.25,3,3,ATAAACGAGAGCTCACTCCC,0,2894277
ompRp3,0.25,3,3,ATAAAATGGGTCCGTAATTA,0,2899119
ompRp3,0.25,3,3,AGTTTTGCCTGTTTAAAAGC,0,2871074
ompRp3,0.25,3,3,AGTTTAACGCGTCTAGCATA,0,2897350
ompRp3,0.25,3,3,AGTTGTGTTCACCTATTAGC,0,2866966
ompRp3,0.25,3,3,AGTTGCTAAGGGCTAACATA,0,2862746
ompRp3,0.25,3,3,AGTTCGTACCTTATTACTAA,0,2884319
ompRp3,0.25,3,3,AGTTAGTGGATCAGTCAGTG,0,2885503
ompRp3,0.25,3,3,AGTGTTGGTCACAAGTCCTC,0,2906778
ompRp3,0.25,3,3,AGTGTGTATATTAATTTGTC,0,2878650
ompRp3,0.25,3,3,AGTGTGACCTGGGCAAATAG,0,2888242
ompRp3,0.25,3,3,AGTGGGCTCATCTTATAAAG,0,2905789
ompRp3,0.25,3,3,AGTGGCTAATAACGTCGTAC,0,2885956
ompRp3,0.25,3,3,AGTGCTTCCTATCGGTGCGT,0,2889977
ompRp3,0.25,3,3,AGTCTTTCAGGAGCGGTCCA,0,2870572
ompRp3,0.25,3,3,AGTCTGGCAAGGCCCTTTAA,0,2888029
ompRp3,0.25,3,3,AGTCTGACTAAAAGGTCGTG,0,2868967
ompRp3,0.25,3,3,AGTCTATAGATGACAAGTTT,0,2887000
ompRp3,0.25,3,3,AGTCTACGGGTGCAAGTAAT,0,2872632
ompRp3,0.25,3,3,AGTCCGCTTGAAGGGGCGCC,0,2892134
ompRp3,0.25,3,3,AGTCCAGGACTAGGTAAATT,0,2872820
ompRp3,0.25,3,3,AGTCATGGCTGCCACCTTTA,0,2893059
ompRp3,0.25,3,3,AGTCATACTGCGGATCGGCG,0,2879903
ompRp3,0.25,3,3,AGTCAATAGTGACTTTTGAA,0,2901453
ompRp3,0.25,3,3,AGTATCGCTTTCTAAATCAC,0,2877898
ompRp3,0.25,3,3,AGTAGTATTTGTACGAAATG,0,2906786
ompRp3,0.25,3,3,AGTAGGTTCCCGATCCGCGG,0,2882025
ompRp3,0.25,3,3,AGTAGGACAGGTTAGCACAC,0,2862232
ompRp3,0.25,3,3,AGTAGGAATGAAACCCGCCA,0,2881118
ompRp3,0.25,3,3,AGTAGAGACCTATCGGGAAC,0,2861966
ompRp3,0.25,3,3,AGTACTGTGGCTTACTTGAT,0,2886109
ompRp3,0.25,3,3,AGTACGCAGTGCAGTGCACA,0,2900221
ompRp3,0.25,3,3,AGTACCTACTGGGACGAGTA,0,2900364
ompRp3,0.25,3,3,AGGTTTGACATGATGTGAAA,0,2875586
ompRp3,0.25,3,3,AGGTGTTTTATGTGTGTAGA,0,2874960
ompRp3,0.25,3,3,AGGTGTCGGTATATGCCCTA,0,2889725
ompRp3,0.25,3,3,AGGTGTAAGTTAGCCGGAAT,0,2887389
ompRp3,0.25,3,3,AGGTGCCGACTATTTAGCCT,0,2869908
ompRp3,0.25,3,3,AGGTGACTCCGACCGAATTA,0,2885492
ompRp3,0.25,3,3,AGGTGACTCACGTATAGGTC,0,2886786
ompRp3,0.25,3,3,AGGTCGTAAGCTTTTACATA,0,2869599
ompRp3,0.25,3,3,AGGTCCCGGGAAGAAAGCCT,0,2885245
ompRp3,0.25,3,3,AGGTAGAATACCGAGCCTAA,0,2902261
ompRp3,0.25,3,3,AGGTAATTCGGTAATTGTGT,0,2882601
ompRp3,0.25,3,3,AGGTAAATGTGTACGTCGTA,0,2871588
ompRp3,0.25,3,3,AGGGTTCCTCGCCACATGTA,0,2890496
ompRp3,0.25,3,3,AGGGTTCACGGTAGTGATGA,0,2871410
ompRp3,0.25,3,3,AGGGTCTCAAACACTGGCGA,0,2890344
ompRp3,0.25,3,3,AGGGTCACATATAGGCTTAT,0,2885215
ompRp3,0.25,3,3,AGGGGTCCCATATGCATTAA,0,2866991
ompRp3,0.25,3,3,AGGGGTATCCACGGATCACT,0,2895569
ompRp3,0.25,3,3,AGGGGAAGACAACACATATG,0,2889024
ompRp3,0.25,3,3,AGGGAGGAGAACATACAAAG,0,2878976
ompRp3,0.25,3,3,AGGGACAATCGCCTCTCTGG,0,2902257
ompRp3,0.25,3,3,AGGCGTTCTCCGGATTGCTG,0,2895474
ompRp3,0.25,3,3,AGGCGGGTAGCCGAGATACT,0,2880378
ompRp3,0.25,3,3,AGGCGCACTCCAGGGCCGAC,0,2887796
ompRp3,0.25,3,3,AGGCCTGTCCCCTCCGATCC,0,2881924
ompRp3,0.25,3,3,AGGCCTGCGCATGCTCTTGT,0,2897613
ompRp3,0.25,3,3,AGGCCCCTCACACAGTGGTT,0,2904816
ompRp3,0.25,3,3,AGGCAGGCTAAGTTGCAACG,0,2876268
ompRp3,0.25,3,3,AGGCAGCGAAGCATGATCCA,0,2870814
ompRp3,0.25,3,3,AGGATCAACGGCAGGAAGGG,0,2878013
ompRp3,0.25,3,3,AGGACTAAGCTGTTTGTATG,0,2897389
ompRp3,0.25,3,3,AGGAACGCTTACGAGTTCTA,0,2874967
ompRp3,0.25,3,3,AGGAACCTGCGCTATCGACA,0,2899335
ompRp3,0.25,3,3,AGGAAAGTTCAAGGCTTAAT,0,2862497
ompRp3,0.25,3,3,AGCTTTTGCCTATTAGGCTA,0,2866026
ompRp3,0.25,3,3,AGCTGGAGCTAATAAGTCGT,0,2864845
ompRp3,0.25,3,3,AGCTGATGATGTGCTTTGGC,0,2893539
ompRp3,0.25,3,3,AGCTAGTTGTTGAAGAATCT,0,2862792
ompRp3,0.25,3,3,AGCGTCGGCCTACTAATTTC,0,2868205
ompRp3,0.25,3,3,AGCGGGTCTTGAAGCTGTCT,0,2887917
ompRp3,0.25,3,3,AGCGGACACGAACTAAAAAC,0,2895630
ompRp3,0.25,3,3,AGCGCCTCATTATTGAATAA,0,2864497
ompRp3,0.25,3,3,AGCGATGCTACGGATAGGCT,0,2879736
ompRp3,0.25,3,3,AGCCGATGGCGCCATACCTC,0,2881071
ompRp3,0.25,3,3,AGCCCTTACCGTAGGCGATG,0,2882016
ompRp3,0.25,3,3,AGCCCACGCTCACGGGTTGG,0,2880452
ompRp3,0.25,3,3,AGCATGTCAACCGGCCCCAC,0,2902153
ompRp3,0.25,3,3,AGCATATGTAATATATAGCC,0,2876644
ompRp3,0.25,3,3,AGCAAATGAATTTAAGCGTA,0,2891791
ompRp3,0.25,3,3,AGCAAAGAAGAGTGAACTGG,0,2872952
ompRp3,0.25,3,3,AGATTTAGGGGGGCAGCACA,0,2898359
ompRp3,0.25,3,3,AGATTCATTCACTCGGGGCA,0,2886403
ompRp3,0.25,3,3,AGATCAGACGAAGGGCTTCC,0,2875460
ompRp3,0.25,3,3,AGAGTTCTCCAAGCCACTTA,0,2882994
ompRp3,0.25,3,3,AGAGTCGCTATTGGGTACCT,0,2900977
ompRp3,0.25,3,3,AGAGGCAGTAGCCAGCAGCG,0,2898240
ompRp3,0.25,3,3,AGAGCTCGGTCTTAGCCAAA,0,2867521
ompRp3,0.25,3,3,AGAGCTCGCGTTAACGCAGT,0,2875780
ompRp3,0.25,3,3,AGAGACTACCGACGACGGGT,0,2864114
ompRp3,0.25,3,3,AGACCTTTTTCCAGCGAGAT,0,2886222
ompRp3,0.25,3,3,AGACCCTGTGGTTGCCAGAG,0,2892724
ompRp3,0.25,3,3,AGACAGTGCAGATCTATCTT,0,2902070
ompRp3,0.25,3,3,AGACACATGCGCGTCGAAAC,0,2889389
ompRp3,0.25,3,3,AGAATGCTAATATCACACGA,0,2886296
ompRp3,0.25,3,3,AGAAGCACTTAAGCGAGCGT,0,2907047
ompRp3,0.25,3,3,ACTTGTAGGCGGATTAAAAG,0,2884474
ompRp3,0.25,3,3,ACTTCGATGGTGGGGTGGGT,0,2884817
ompRp3,0.25,3,3,ACTTCCTCACCCGAAGACTT,0,2895247
ompRp3,0.25,3,3,ACTGGAGCACTTAGTGCGAT,0,2866749
ompRp3,0.25,3,3,ACTGAGCACTATGCGGGTCA,0,2872607
ompRp3,0.25,3,3,ACTCTTGAGCCTCGCGTCGG,0,2879700
ompRp3,0.25,3,3,ACTCTCTTAACCCTCTCAGC,0,2870129
ompRp3,0.25,3,3,ACTCTCGGTTGGATTGTATG,0,2887548
ompRp3,0.25,3,3,ACTCTCATAATGTGTTAGGA,0,2881545
ompRp3,0.25,3,3,ACTCCTTCAATCAAAGGGAC,0,2885328
ompRp3,0.25,3,3,ACTCCACCGGCCACTTTGCA,0,2903372
ompRp3,0.25,3,3,ACTCCAATGTTACTAAGCTC,0,2907591
ompRp3,0.25,3,3,ACTATTCGTACCATCATAGC,0,2894243
ompRp3,0.25,3,3,ACTATAGACCCTATTAGCCA,0,2881925
ompRp3,0.25,3,3,ACTAAGACACTGATCTACGA,0,2904217
ompRp3,0.25,3,3,ACTAACTGAGAACCAGCCGT,0,2890271
ompRp3,0.25,3,3,ACGTTAGGTGGACCTCAGAC,0,2906107
ompRp3,0.25,3,3,ACGTGTTGTGGTCGTGGCGA,0,2897274
ompRp3,0.25,3,3,ACGTGTACGGGTCCATGCCC,0,2869083
ompRp3,0.25,3,3,ACGTGGGCCATTACCGTGTT,0,2895444
ompRp3,0.25,3,3,ACGTGGATTAGACACAAGAA,0,2882068
ompRp3,0.25,3,3,ACGTGCTCAAACCCACCTGG,0,2894075
ompRp3,0.25,3,3,ACGTCCTCACAAGCTGCCAG,0,2897908
ompRp3,0.25,3,3,ACGTAATGCTGATTGCTTAA,0,2869886
ompRp3,0.25,3,3,ACGGTTGATGACCAAAACGG,0,2869740
ompRp3,0.25,3,3,ACGGTCGGGTAAAACAGTTC,0,2889518
ompRp3,0.25,3,3,ACGGTAGACTTTGAAGGTAT,0,2888350
ompRp3,0.25,3,3,ACGGGCAGTTGGCACCCGAT,0,2901665
ompRp3,0.25,3,3,ACGGGACTTACCAAAGGAAC,0,2885378
ompRp3,0.25,3,3,ACGGGAACCATGTGCTCTCT,0,2869153
ompRp3,0.25,3,3,ACGGCGGGCGCATCTGCCAG,0,2883777
ompRp3,0.25,3,3,ACGGACCGGCATATCGTGTG,0,2867063
ompRp3,0.25,3,3,ACGCGAGATTTTGGTGGGTT,0,2881978
ompRp3,0.25,3,3,ACGCCTTTAGTGGACGTCAC,0,2884841
ompRp3,0.25,3,3,ACGCCCGCACCTTGACTCTA,0,2895950
ompRp3,0.25,3,3,ACGCACAAGCTGAATCGGAT,0,2877002
ompRp3,0.25,3,3,ACGATGTGCTAGGCTCACGC,0,2901287
ompRp3,0.25,3,3,ACGAGCAGACGGCTTAAGAA,0,2864684
ompRp3,0.25,3,3,ACCTGTTCTTGGTCTCCAAC,0,2862535
ompRp3,0.25,3,3,ACCTGTATAATCCCCTCGAT,0,2903819
ompRp3,0.25,3,3,ACCTGCTTCTTTATGGTCAA,0,2898898
ompRp3,0.25,3,3,ACCTGCTAATGTCGAAGGCT,0,2876903
ompRp3,0.25,3,3,ACCTGACACGGCGGGATTTA,0,2876368
ompRp3,0.25,3,3,ACCTCTTATTTAATAGTTGT,0,2872123
ompRp3,0.25,3,3,ACCTCTGTCACCCAAATGCT,0,2866404
ompRp3,0.25,3,3,ACCTCTAGTATTGCAGAGCG,0,2906332
ompRp3,0.25,3,3,ACCTCGAGCTCCGGTTCCTA,0,2870875
ompRp3,0.25,3,3,ACCTCCACTGCGTTTGACTT,0,2882853
ompRp3,0.25,3,3,ACCTCAATAGTATGTTCAGA,0,2893385
ompRp3,0.25,3,3,ACCGTGACGCGGCATTATAG,0,2894171
ompRp3,0.25,3,3,ACCGTACCCCCATAGTATGT,0,2885335
ompRp3,0.25,3,3,ACCGGGTTTAGCCCGAGTGT,0,2897167
ompRp3,0.25,3,3,ACCGGCGTTAATCAAACGCC,0,2868368
ompRp3,0.25,3,3,ACCCTTGACTTAATAGTTTG,0,2887417
ompRp3,0.25,3,3,ACCCATGCAGGCAGCTCTTC,0,2888537
ompRp3,0.25,3,3,ACCCACAAAGCACTGAGTCA,0,2889503
ompRp3,0.25,3,3,ACCACCTCGCCACGCCGACC,0,2895977
ompRp3,0.25,3,3,ACCAAGCTCACCAAATCAGG,0,2876396
ompRp3,0.25,3,3,ACCAACTTATACCGTCTGGT,0,2880682
ompRp3,0.25,3,3,ACCAAAGTTGATATCCGACT,0,2902619
ompRp3,0.25,3,3,ACATTTAGCTGTGAGCCAGA,0,2884884
ompRp3,0.25,3,3,ACATTGAGGGGCCCTGCGAT,0,2897833
ompRp3,0.25,3,3,ACATGGCGGTGCACGGGGTT,0,2886062
ompRp3,0.25,3,3,ACATGCTTCGAAAAGAATCA,0,2861033
ompRp3,0.25,3,3,ACATCTGGCTACTAGGCGGC,0,2863304
ompRp3,0.25,3,3,ACATCCCCCGGGCTAGAGCG,0,2861218
ompRp3,0.25,3,3,ACATACGTCTGACTTAAGGG,0,2887866
ompRp3,0.25,3,3,ACAGTGAATCTGCGAAGAGT,0,2863107
ompRp3,0.25,3,3,ACAGGTATGGCATGTATCCA,0,2870803
ompRp3,0.25,3,3,ACAGGGTTTGACCTTGAAAC,0,2883275
ompRp3,0.25,3,3,ACAGGCCCATGTGCAACCAT,0,2893299
ompRp3,0.25,3,3,ACAGCCTTACTATGTCTATA,0,2900500
ompRp3,0.25,3,3,ACAGCATTGACGGTAGTTCG,0,2867684
ompRp3,0.25,3,3,ACAGAGTTGGTGCCAACGGT,0,2887614
ompRp3,0.25,3,3,ACAGAGGCTATTTATCACGA,0,2878915
ompRp3,0.25,3,3,ACACTTTAAAAAGGCTTAAT,0,2903994
ompRp3,0.25,3,3,ACACTTACGAATTTATGGCT,0,2880718
ompRp3,0.25,3,3,ACACGGTGGCCGATAAGTGC,0,2862114
ompRp3,0.25,3,3,ACACAAGTATGCGGCCACTC,0,2899084
ompRp3,0.25,3,3,ACAAGCTGGCAATGAACCAT,0,2862626
ompRp3,0.25,3,3,ACAACTAAACTTCGGCCGTC,0,2877185
ompRp3,0.25,3,3,ACAACACTGTGGTTTACTCC,0,2906718
ompRp3,0.25,3,3,AATTGTTGCAAGGGAGTGCC,0,2865104
ompRp3,0.25,3,3,AATTGGGCATCAGGTTTTAT,0,2902714
ompRp3,0.25,3,3,AATTCGGTGCCAAGCACCAA,0,2900108
ompRp3,0.25,3,3,AATTATAAGGTTGGATCACG,0,2893464
ompRp3,0.25,3,3,AATTAACGATTGATGACATC,0,2874300
ompRp3,0.25,3,3,AATGTGCAGCGAACAACTCT,0,2884663
ompRp3,0.25,3,3,AATGGCTAGAGTCTGTATAG,0,2872244
ompRp3,0.25,3,3,AATGATCGGTGGATGGCAGG,0,2885022
ompRp3,0.25,3,3,AATGAGCGAGACGTGTGCAT,0,2878334
ompRp3,0.25,3,3,AATCTAGGGCAGAATTACTG,0,2884327
ompRp3,0.25,3,3,AATCGTAGTAGGTCACGACA,0,2888488
ompRp3,0.25,3,3,AATCCACACCTCTCGTCATA,0,2905302
ompRp3,0.25,3,3,AATCATCTCACTTGAGAGCT,0,2901569
ompRp3,0.25,3,3,AATATGTACAATACTTGTGC,0,2893710
ompRp3,0.25,3,3,AATATGGCTTGGCGGCGCAA,0,2884392
ompRp3,0.25,3,3,AATATGAGCGGGATGTTCGA,0,2905643
ompRp3,0.25,3,3,AATACTCGCTTAGCATTATG,0,2864041
ompRp3,0.25,3,3,AATACGTCTTACCTGGTTTG,0,2877750
ompRp3,0.25,3,3,AATAATCATAGGGTGAAAAG,0,2867506
ompRp3,0.25,3,3,AAGTGGCCAGACTCGCCTTA,0,2905308
ompRp3,0.25,3,3,AAGTGAGCGTGGATTAGGCG,0,2895490
ompRp3,0.25,3,3,AAGTCCGAGTACGTCGATTA,0,2890221
ompRp3,0.25,3,3,AAGTACAAACATGTCGTTAT,0,2896034
ompRp3,0.25,3,3,AAGGTCTGGGATTTATTAAC,0,2882490
ompRp3,0.25,3,3,AAGGTCGGTCCAATCAGTAA,0,2907659
ompRp3,0.25,3,3,AAGGTCGGAACCTTGGTATT,0,2889226
ompRp3,0.25,3,3,AAGGTATAACACTTCTCGTA,0,2874161
ompRp3,0.25,3,3,AAGGTAACAATCACTTAGCA,0,2884688
ompRp3,0.25,3,3,AAGGGCTTTAATAGGCATAT,0,2874538
ompRp3,0.25,3,3,AAGGAGGGGCAGTTCCTGGA,0,2907583
ompRp3,0.25,3,3,AAGGACCAGGAGATGGTCCA,0,2885137
ompRp3,0.25,3,3,AAGCGTAGCTGCTAAAGCCG,0,2888261
ompRp3,0.25,3,3,AAGCGGTATTTTGATTAGCA,0,2905882
ompRp3,0.25,3,3,AAGCGACATCATTACCTGAG,0,2867919
ompRp3,0.25,3,3,AAGCGAAAGTATCAATCGTT,0,2877723
ompRp3,0.25,3,3,AAGCCGCCCGGGATATATAG,0,2897893
ompRp3,0.25,3,3,AAGCAGAGAAGGGGCAAACG,0,2886493
ompRp3,0.25,3,3,AAGCAAGACTGTGCGTACAT,0,2899589
ompRp3,0.25,3,3,AAGATTTCTCATTGTATGGA,0,2887451
ompRp3,0.25,3,3,AAGAGCACCCGGCAATCATG,0,2878995
ompRp3,0.25,3,3,AAGACTGTCTAACAGAGGAA,0,2888529
ompRp3,0.25,3,3,AAGAACGTGAATCTTCGGGA,0,2901647
ompRp3,0.25,3,3,AACTTAGGATTTACTCTTCC,0,2899138
ompRp3,0.25,3,3,AACTGATACTGCTCTACTGA,0,2886373
ompRp3,0.25,3,3,AACGGGGTCTACTGTGATAC,0,2890621
ompRp3,0.25,3,3,AACGGCATGACTACTTAGGA,0,2903475
ompRp3,0.25,3,3,AACGAGTACTCTGTATTTTT,0,2898933
ompRp3,0.25,3,3,AACGAAAGCACAACTTTCTC,0,2874717
ompRp3,0.25,3,3,AACCGTAAGTAGAATGTCAT,0,2895738
ompRp3,0.25,3,3,AACCCTTTCAACCCACCGAA,0,2901537
ompRp3,0.25,3,3,AACATCTTAGTACTAACGTC,0,2875853
ompRp3,0.25,3,3,AACAGGCCAGGGCTGCAGGG,0,2889747
ompRp3,0.25,3,3,AACAACTACTTAGTCCCCAT,0,2893716
ompRp3,0.25,3,3,AACAAAAGGAAATGCCCGGG,0,2882042
ompRp3,0.25,3,3,AAATTTGTTTTCCTGTACTA,0,2891527
ompRp3,0.25,3,3,AAATGCGGTTGTGCCAAAGT,0,2890399
ompRp3,0.25,3,3,AAATGACCAGAAATGTTGAT,0,2889289
ompRp3,0.25,3,3,AAATATATAAGGGCCACTGG,0,2878561
ompRp3,0.25,3,3,AAAGTTTAGGAACCGGATAG,0,2884546
ompRp3,0.25,3,3,AAAGTTCGTGACGTGTCACG,0,2869907
ompRp3,0.25,3,3,AAAGTTATTTTTGAGGATCC,0,2892589
ompRp3,0.25,3,3,AAAGTAATCCACATTCTACA,0,2864081
ompRp3,0.25,3,3,AAAGGTGCGGACAATTACAG,0,2897735
ompRp3,0.25,3,3,AAAGGGCAGTGTCTGCAGTA,0,2863956
ompRp3,0.25,3,3,AAAGGCGCTCGGGGTAGGAG,0,2899470
ompRp3,0.25,3,3,AAAGGCATTACGTTACCAGG,0,2864004
ompRp3,0.25,3,3,AAAGAACTCGGGAGTAGTTC,0,2889920
ompRp3,0.25,3,3,AAACTGCGATGAAAACAAGA,0,2870030
ompRp3,0.25,3,3,AAACTCTCAGTGATGCAGGG,0,2884107
ompRp3,0.25,3,3,AAACTAGCGGTCTGGACGTC,0,2878903
ompRp3,0.25,3,3,AAACGAGCTGATGAATCCAG,0,2907340
ompRp3,0.25,3,3,AAACGAGATCATGCTTTACG,0,2886999
ompRp3,0.25,3,3,AAACCTAAGCTCTGCTTCCT,0,2892552
ompRp3,0.25,3,3,AAACCAGGTGAGCGATTCTT,0,2879554
ompRp3,0.25,3,3,AAAATGTTAATGCGTAAGTA,0,2896275
ompRp3,0.25,3,3,AAAAGGCAATGCGGAGCCAG,0,2872929
ompRp3,0.25,3,3,AAAACCAGGTTCGGGACGGC,0,2897219
ompRp3,0.25,3,3,AAAAACTGCGCTGACCAGTG,0,2894151
ompRp3,0.25,3,3,AAAAAATCTGCGTTGTCTGC,0,2867703
ompRp3,0.25,3,3,AAAAAAGATGGAGATCGTCT,0,2899302
ompRp3,0.3333333333333333,2,2,TTTTTTTCGCGGACGATCGG,0,2895131
ompRp3,0.3333333333333333,2,2,TTTTTGCTAGTTCCGGTGTT,0,2895507
ompRp3,0.3333333333333333,2,2,TTTTTAAGTGTTAAGTTGTT,0,2895846
ompRp3,0.3333333333333333,2,2,TTTTGTTTCTCTGGTTTGGT,0,2864165
ompRp3,0.3333333333333333,2,2,TTTTGGATCCCCCGTACATA,0,2877427
ompRp3,0.3333333333333333,2,2,TTTTCCTGCTGCTTGACATC,0,2894888
ompRp3,0.3333333333333333,2,2,TTTTCCCCTAGCTCCTCTGA,0,2864627
ompRp3,0.3333333333333333,2,2,TTTTACAGTCCATCCCGGTG,0,2883839
ompRp3,0.3333333333333333,2,2,TTTTAATAATGTAGGCCTTT,0,2868889
ompRp3,0.3333333333333333,2,2,TTTGTTCTAAATTTAAACCT,0,2905399
ompRp3,0.3333333333333333,2,2,TTTGTTCCTGGGAGCTCTGG,0,2882931
ompRp3,0.3333333333333333,2,2,TTTGTATTAGCGGCATGGTG,0,2884548
ompRp3,0.3333333333333333,2,2,TTTGCCAAGCATTCCGGGAA,0,2868305
ompRp3,0.3333333333333333,2,2,TTTGACGAGCTAATTCAGTT,0,2906676
ompRp3,0.3333333333333333,2,2,TTTGAATGGTTATATCCGAT,0,2890741
ompRp3,0.3333333333333333,2,2,TTTCTTGTCACACCCAGTAA,0,2892018
ompRp3,0.3333333333333333,2,2,TTTCTTCTGGGGCATTCTCT,0,2879014
ompRp3,0.3333333333333333,2,2,TTTCTGGAATAGCGAGTTAC,0,2873359
ompRp3,0.3333333333333333,2,2,TTTCTCGGCCAAGCGAATAG,0,2894740
ompRp3,0.3333333333333333,2,2,TTTCTATCTCATTATTATAT,0,2879964
ompRp3,0.3333333333333333,2,2,TTTCGGCCCGATGTGTCATG,0,2901040
ompRp3,0.3333333333333333,2,2,TTTCCTTTAACGGCGCCCTA,0,2867391
ompRp3,0.3333333333333333,2,2,TTTCCTAGAAAATCCATCTG,0,2882981
ompRp3,0.3333333333333333,2,2,TTTCAGGACAGGGGCTTTCA,0,2888142
ompRp3,0.3333333333333333,2,2,TTTCAAGATGTATAGCCTCC,0,2864375
ompRp3,0.3333333333333333,2,2,TTTATCAAGTGGGTTGTTAT,0,2875011
ompRp3,0.3333333333333333,2,2,TTTAGTAGGTGATATCTGAT,0,2883018
ompRp3,0.3333333333333333,2,2,TTTAGAGTACGCTTAAGGCC,0,2890461
ompRp3,0.3333333333333333,2,2,TTTAACACAGGTGATTTTAT,0,2877825
ompRp3,0.3333333333333333,2,2,TTTAAAGTATTAGGCCCTTC,0,2890191
ompRp3,0.3333333333333333,2,2,TTTAAAGTACATATAGTTTG,0,2901876
ompRp3,0.3333333333333333,2,2,TTTAAAAAGAATGCTCCCCA,0,2883745
ompRp3,0.3333333333333333,2,2,TTGTTGTCACGCGAACATGT,0,2893224
ompRp3,0.3333333333333333,2,2,TTGTTCTCATTCCCGAGGCA,0,2889051
ompRp3,0.3333333333333333,2,2,TTGTGTATATTCAAGGGTGC,0,2885939
ompRp3,0.3333333333333333,2,2,TTGTGCACCTTGTAAATAGT,0,2893369
ompRp3,0.3333333333333333,2,2,TTGTCGCTATCAGAGCCTCA,0,2892957
ompRp3,0.3333333333333333,2,2,TTGTCCTTATTGACTTTACA,0,2904726
ompRp3,0.3333333333333333,2,2,TTGTCCACACGGAAATAGCA,0,2886473
ompRp3,0.3333333333333333,2,2,TTGTCAGTGCAACCCATGAA,0,2878699
ompRp3,0.3333333333333333,2,2,TTGTAGGGTCGCCAGGTGAT,0,2886128
ompRp3,0.3333333333333333,2,2,TTGTACAAATTGAATAGGGA,0,2894146
ompRp3,0.3333333333333333,2,2,TTGGTTCGCCGGATGCCAAG,0,2869593
ompRp3,0.3333333333333333,2,2,TTGGTTAATGAGCGTAGCAG,0,2861310
ompRp3,0.3333333333333333,2,2,TTGGTACCCGGCGGATATAA,0,2905488
ompRp3,0.3333333333333333,2,2,TTGGCGGCCCAGCGCCCGTA,0,2907622
ompRp3,0.3333333333333333,2,2,TTGGAGGTACCGCTGGATGT,0,2879560
ompRp3,0.3333333333333333,2,2,TTGGACATCGGGTTTTTATA,0,2887481
ompRp3,0.3333333333333333,2,2,TTGACTTTACGAAAAGGGAT,0,2888994
ompRp3,0.3333333333333333,2,2,TTGAACTGACCCCGTGGTGC,0,2891100
ompRp3,0.3333333333333333,2,2,TTCTTATAGGCCAATCCGGC,0,2867382
ompRp3,0.3333333333333333,2,2,TTCTGGGAAATGCGCGTAAC,0,2873811
ompRp3,0.3333333333333333,2,2,TTCTCTGCCATAAAGGCGAA,0,2899255
ompRp3,0.3333333333333333,2,2,TTCTCGGTCCCTCCTAGTGA,0,2899862
ompRp3,0.3333333333333333,2,2,TTCTACATGGAGTTGGTAAT,0,2907217
ompRp3,0.3333333333333333,2,2,TTCGTCTACTGCGATGCTAA,0,2906093
ompRp3,0.3333333333333333,2,2,TTCGGAACAGACGCGCCCGC,0,2882880
ompRp3,0.3333333333333333,2,2,TTCGCGGCCTAATTGATTCC,0,2898408
ompRp3,0.3333333333333333,2,2,TTCGCGCCCAATATTATACT,0,2865067
ompRp3,0.3333333333333333,2,2,TTCGCCTTTAGGTGGCTTGG,0,2896806
ompRp3,0.3333333333333333,2,2,TTCGCAACCCTCAGACCATA,0,2899961
ompRp3,0.3333333333333333,2,2,TTCGACTAGGTCAAACAGCT,0,2867701
ompRp3,0.3333333333333333,2,2,TTCGACGGGAATATCTCGGC,0,2892635
ompRp3,0.3333333333333333,2,2,TTCCTCTTGAGGTACCGAGG,0,2891696
ompRp3,0.3333333333333333,2,2,TTCCGTCGATGGGAAAAACC,0,2890404
ompRp3,0.3333333333333333,2,2,TTCCCCAAGTATCAGATTTT,0,2886080
ompRp3,0.3333333333333333,2,2,TTCCATCGGAAGTATGAATC,0,2907451
ompRp3,0.3333333333333333,2,2,TTCCATATTTGACCTGACTA,0,2866973
ompRp3,0.3333333333333333,2,2,TTCCACTGAGCAGAACTTTC,0,2876824
ompRp3,0.3333333333333333,2,2,TTCCACGATCATCTATCCAA,0,2886767
ompRp3,0.3333333333333333,2,2,TTCAGGTAGAATCCTTTTTA,0,2889477
ompRp3,0.3333333333333333,2,2,TTCAGACGGCTCATAATACA,0,2904648
ompRp3,0.3333333333333333,2,2,TTCACTCTACACTTGGCGGA,0,2874718
ompRp3,0.3333333333333333,2,2,TTCACCCGGTGGGATAATGG,0,2877313
ompRp3,0.3333333333333333,2,2,TTCACACCAAGATCGAGCGG,0,2867192
ompRp3,0.3333333333333333,2,2,TTCAATTACAGCGTCCTGAT,0,2861717
ompRp3,0.3333333333333333,2,2,TTATGCGCACCGACGCTAGA,0,2873130
ompRp3,0.3333333333333333,2,2,TTATGACTAAGAGCCAACGG,0,2863906
ompRp3,0.3333333333333333,2,2,TTATCGTTCTCCGACGTATC,0,2906108
ompRp3,0.3333333333333333,2,2,TTATCGGTCAATTTCGGCCA,0,2893240
ompRp3,0.3333333333333333,2,2,TTATACCCCTAAGCCGTGCT,0,2874480
ompRp3,0.3333333333333333,2,2,TTAGGGCGTAGGCGTGGCCC,0,2888935
ompRp3,0.3333333333333333,2,2,TTAGCTAAACCCCCTCGAGC,0,2878275
ompRp3,0.3333333333333333,2,2,TTAGCGGATAAAGTGGCGTG,0,2864244
ompRp3,0.3333333333333333,2,2,TTACTTTTCACAGCCTGTAT,0,2905574
ompRp3,0.3333333333333333,2,2,TTACTCATCCTGCTATTTGT,0,2893006
ompRp3,0.3333333333333333,2,2,TTACGGTATTCTGCAGCGAG,0,2875498
ompRp3,0.3333333333333333,2,2,TTACCATTACAATGCCAGTA,0,2861520
ompRp3,0.3333333333333333,2,2,TTACCAATCGGCTACGCCCA,0,2891159
ompRp3,0.3333333333333333,2,2,TTACATTGGCACTCCTTTAT,0,2888373
ompRp3,0.3333333333333333,2,2,TTACAGCTAGTACCCGTCCC,0,2885128
ompRp3,0.3333333333333333,2,2,TTAAGCGCTGATGAAAACTT,0,2867539
ompRp3,0.3333333333333333,2,2,TTAAGCAATCATCTTTACTG,0,2897737
ompRp3,0.3333333333333333,2,2,TTAAATCCGCGAGGTTAGTT,0,2867841
ompRp3,0.3333333333333333,2,2,TGTTTACGCTGCTCTTGTGA,0,2885571
ompRp3,0.3333333333333333,2,2,TGTTGTACAAGGGGGCTGTA,0,2904997
ompRp3,0.3333333333333333,2,2,TGTTGGTTTCCTCCGCGCAA,0,2883922
ompRp3,0.3333333333333333,2,2,TGTTCAAGGTAGAACTCGGT,0,2880952
ompRp3,0.3333333333333333,2,2,TGTTATGGTTCTGCCTGGCC,0,2878105
ompRp3,0.3333333333333333,2,2,TGTTACAGAAGATTGAAGGA,0,2893291
ompRp3,0.3333333333333333,2,2,TGTTAACGTCTGGGTAACAC,0,2901625
ompRp3,0.3333333333333333,2,2,TGTGTTACCTTAGAGCAGAT,0,2885672
ompRp3,0.3333333333333333,2,2,TGTGTGGGGTTATCACCTAA,0,2863391
ompRp3,0.3333333333333333,2,2,TGTGTGCTGTGGTAGCGCAT,0,2880527
ompRp3,0.3333333333333333,2,2,TGTGTGCCCCACCCTTCGCT,0,2903445
ompRp3,0.3333333333333333,2,2,TGTGTAAAGATGAGAGGTCC,0,2898011
ompRp3,0.3333333333333333,2,2,TGTGGCCGAGATCTTTTGCA,0,2890229
ompRp3,0.3333333333333333,2,2,TGTGGCACTCCGATCCGGTT,0,2901656
ompRp3,0.3333333333333333,2,2,TGTGCTCGGGGATGCAGGAC,0,2874483
ompRp3,0.3333333333333333,2,2,TGTGCATACGAATGTTAATA,0,2864261
ompRp3,0.3333333333333333,2,2,TGTGAAGGTGACTACAACTG,0,2894797
ompRp3,0.3333333333333333,2,2,TGTGAACCTCTGCAGCCGGC,0,2896101
ompRp3,0.3333333333333333,2,2,TGTCTTTCTGGACGTGTTCT,0,2874622
ompRp3,0.3333333333333333,2,2,TGTCTTTAGGGTATGCAAGT,0,2898568
ompRp3,0.3333333333333333,2,2,TGTCGGCCAGAGGGGCTGCT,0,2861760
ompRp3,0.3333333333333333,2,2,TGTCCTCTCAGCTATCCAGA,0,2876078
ompRp3,0.3333333333333333,2,2,TGTCCAGTCTGGAGAGGTAG,0,2904449
ompRp3,0.3333333333333333,2,2,TGTCCAGCACAATTTTATAT,0,2888410
ompRp3,0.3333333333333333,2,2,TGTCATAGAGTATCACAGCC,0,2894362
ompRp3,0.3333333333333333,2,2,TGTAGTGATTGGTTCGAGTT,0,2897034
ompRp3,0.3333333333333333,2,2,TGTAGCTGCACGCTTTAATT,0,2866507
ompRp3,0.3333333333333333,2,2,TGTACTACATCCCATTACAA,0,2892472
ompRp3,0.3333333333333333,2,2,TGTACGGCATTCGCTACCTA,0,2869230
ompRp3,0.3333333333333333,2,2,TGTACATGCTCTCCGTGGAG,0,2894378
ompRp3,0.3333333333333333,2,2,TGTAAGCTCTTAGGTACTTG,0,2875948
ompRp3,0.3333333333333333,2,2,TGGTTGTATAGCCAGGTGCC,0,2865694
ompRp3,0.3333333333333333,2,2,TGGTTACGCTATTTGCTTTT,0,2900039
ompRp3,0.3333333333333333,2,2,TGGTTAATACGATAAACTCG,0,2900959
ompRp3,0.3333333333333333,2,2,TGGTTAACCACGTGGGGAAT,0,2882539
ompRp3,0.3333333333333333,2,2,TGGTCTGTACTTCGGATACC,0,2882463
ompRp3,0.3333333333333333,2,2,TGGTCGTTAACTAAACGAGG,0,2869139
ompRp3,0.3333333333333333,2,2,TGGGTTCCCGATATTCCTAG,0,2875777
ompRp3,0.3333333333333333,2,2,TGGGTGCATGGAATTCCTGA,0,2900767
ompRp3,0.3333333333333333,2,2,TGGGGTCTCGCCTTACCAAT,0,2894710
ompRp3,0.3333333333333333,2,2,TGGGGGTCCATCCTGGCCTT,0,2894990
ompRp3,0.3333333333333333,2,2,TGGGCAGCCAGGGGTAAAGG,0,2872510
ompRp3,0.3333333333333333,2,2,TGGGAGGATTCAACCTCTAT,0,2877287
ompRp3,0.3333333333333333,2,2,TGGGAAAACCCTATCATGAT,0,2865505
ompRp3,0.3333333333333333,2,2,TGGCTGGATTACGAGATGCC,0,2883722
ompRp3,0.3333333333333333,2,2,TGGCGCCGTAGAAGCCATAG,0,2886662
ompRp3,0.3333333333333333,2,2,TGGCCTTGGGAGGAGTGCCC,0,2900131
ompRp3,0.3333333333333333,2,2,TGGCCTCCGTCATCATTTCA,0,2884975
ompRp3,0.3333333333333333,2,2,TGGCCGCCGATTTTAATAAA,0,2894783
ompRp3,0.3333333333333333,2,2,TGGCATAGCTAACGGGTTAA,0,2889634
ompRp3,0.3333333333333333,2,2,TGGCACGCACGGCGAAGTAT,0,2871678
ompRp3,0.3333333333333333,2,2,TGGCACAGGGTGCTCAGAGT,0,2886484
ompRp3,0.3333333333333333,2,2,TGGAGTTTTGGAAGAGTTAG,0,2891472
ompRp3,0.3333333333333333,2,2,TGGACCTATTTTGCCGGTAC,0,2883586
ompRp3,0.3333333333333333,2,2,TGCTTTGGAGGGGTCATCAC,0,2890908
ompRp3,0.3333333333333333,2,2,TGCTTGAGACTTAGTTCGTT,0,2882482
ompRp3,0.3333333333333333,2,2,TGCTTCATCCAATGGCCGGT,0,2889773
ompRp3,0.3333333333333333,2,2,TGCTGAGGCGACAAGTGTTT,0,2874277
ompRp3,0.3333333333333333,2,2,TGCTCTTATCAGTATCCCGG,0,2870342
ompRp3,0.3333333333333333,2,2,TGCTCGTACTTTACGCTTAT,0,2865652
ompRp3,0.3333333333333333,2,2,TGCTACATACACCCCCTCGA,0,2874512
ompRp3,0.3333333333333333,2,2,TGCGTCGCTCTGAGACATCA,0,2873673
ompRp3,0.3333333333333333,2,2,TGCGGTTCCTTCGCCTATTC,0,2868621
ompRp3,0.3333333333333333,2,2,TGCGGTCGATCATATATGTG,0,2875309
ompRp3,0.3333333333333333,2,2,TGCGGCATATCAGCTATGAA,0,2898758
ompRp3,0.3333333333333333,2,2,TGCGCAACTCAATGTTGCAA,0,2891977
ompRp3,0.3333333333333333,2,2,TGCGATATTCTAGGTATTTT,0,2864212
ompRp3,0.3333333333333333,2,2,TGCGACGTAGGACACGGAGA,0,2894428
ompRp3,0.3333333333333333,2,2,TGCCTATAGCACGACTCTCA,0,2866388
ompRp3,0.3333333333333333,2,2,TGCCTACGGTGAATAATGAA,0,2861523
ompRp3,0.3333333333333333,2,2,TGCCCTGGGAAGTGCCTTAA,0,2874239
ompRp3,0.3333333333333333,2,2,TGCATACGGGACCGTGCAGG,0,2874630
ompRp3,0.3333333333333333,2,2,TGCATAAGGGGAGGGTGCGG,0,2892074
ompRp3,0.3333333333333333,2,2,TGCAGCGTCTCTGCTGACTC,0,2865812
ompRp3,0.3333333333333333,2,2,TGCACTATCCACGCGGGCCT,0,2883869
ompRp3,0.3333333333333333,2,2,TGCACGGGCTTACTGGATCG,0,2888951
ompRp3,0.3333333333333333,2,2,TGCACCTGCACGGATGAAGA,0,2870942
ompRp3,0.3333333333333333,2,2,TGCACCGCGATCACGGGACT,0,2904363
ompRp3,0.3333333333333333,2,2,TGCAACTGGGCAAAGTTAAT,0,2869605
ompRp3,0.3333333333333333,2,2,TGCAAAGTGAGGTATGCCAC,0,2867735
ompRp3,0.3333333333333333,2,2,TGCAAACAAAGGCCGATGGG,0,2899006
ompRp3,0.3333333333333333,2,2,TGATTTGGTCACCTTGTGAG,0,2865322
ompRp3,0.3333333333333333,2,2,TGATTGGCTCCGTTCATAGG,0,2889797
ompRp3,0.3333333333333333,2,2,TGATGCACAAGCCATTGCCG,0,2867666
ompRp3,0.3333333333333333,2,2,TGATCAGAGGTAGCTAGGCG,0,2865774
ompRp3,0.3333333333333333,2,2,TGATAGGCGGACATATTGGT,0,2891124
ompRp3,0.3333333333333333,2,2,TGATAGGAATAGATAAGCCT,0,2899131
ompRp3,0.3333333333333333,2,2,TGATACACATATTTCCTACT,0,2876810
ompRp3,0.3333333333333333,2,2,TGAGTGTTCATAGTTGCACA,0,2873132
ompRp3,0.3333333333333333,2,2,TGAGGTAAGGAAATGTGATT,0,2883631
ompRp3,0.3333333333333333,2,2,TGAGGGTCTAAAATAGCTTC,0,2866440
ompRp3,0.3333333333333333,2,2,TGAGCCTTATCAAGGACCAA,0,2883858
ompRp3,0.3333333333333333,2,2,TGAGCCTCGGAAATGATGCC,0,2891755
ompRp3,0.3333333333333333,2,2,TGACTTCTCCGAAGACCAAA,0,2864929
ompRp3,0.3333333333333333,2,2,TGACTGATTAACGTAGGACA,0,2905053
ompRp3,0.3333333333333333,2,2,TGACCATAATTAGTAAGTAA,0,2869249
ompRp3,0.3333333333333333,2,2,TGAATGCCCCACTCCTATGG,0,2884106
ompRp3,0.3333333333333333,2,2,TGAAGTTCAATCGGGATCAC,0,2907202
ompRp3,0.3333333333333333,2,2,TGAACTCGTGTATTAGAGTT,0,2901402
ompRp3,0.3333333333333333,2,2,TGAACGTAAGTTGATTCCAC,0,2895477
ompRp3,0.3333333333333333,2,2,TGAACCTGGGGTGGCAACAA,0,2876342
ompRp3,0.3333333333333333,2,2,TCTTTGTCTTGAAAAGCAAG,0,2902817
ompRp3,0.3333333333333333,2,2,TCTTTCGTAAGCTGGAGTTA,0,2880805
ompRp3,0.3333333333333333,2,2,TCTTTATGCACGCACTGGAC,0,2883029
ompRp3,0.3333333333333333,2,2,TCTTTAGGTTCACCTTGATC,0,2888171
ompRp3,0.3333333333333333,2,2,TCTTGCCCGACTCACAATGC,0,2893392
ompRp3,0.3333333333333333,2,2,TCTTCAGTGTAGTCCGTGTA,0,2866027
ompRp3,0.3333333333333333,2,2,TCTGGCTAATAAGAAGGGCG,0,2901811
ompRp3,0.3333333333333333,2,2,TCTGGACCTACGGCCTATAA,0,2873930
ompRp3,0.3333333333333333,2,2,TCTGGACACGTCCCATGATC,0,2880559
ompRp3,0.3333333333333333,2,2,TCTGACTACAAGTTCGCTTG,0,2865138
ompRp3,0.3333333333333333,2,2,TCTCTGCTAAGGGCGGCGTG,0,2884442
ompRp3,0.3333333333333333,2,2,TCTCGTTTTCGGTAGGTAGT,0,2879827
ompRp3,0.3333333333333333,2,2,TCTCGTTGTCCAGGATTGAA,0,2882625
ompRp3,0.3333333333333333,2,2,TCTCGCATGTCTTTAGAGCC,0,2865581
ompRp3,0.3333333333333333,2,2,TCTCATGCTCAGAGCTCACT,0,2883792
ompRp3,0.3333333333333333,2,2,TCTATGTTCTATTTGCTAAC,0,2864910
ompRp3,0.3333333333333333,2,2,TCTATCTCCGACGTGCCTCG,0,2900149
ompRp3,0.3333333333333333,2,2,TCTATAAGCATATGAACTTT,0,2868367
ompRp3,0.3333333333333333,2,2,TCTAGTCACTGGGGGATGTT,0,2872310
ompRp3,0.3333333333333333,2,2,TCTAGGTGACGGACCAACGG,0,2888011
ompRp3,0.3333333333333333,2,2,TCTACCCGCGCTGTTCGGGA,0,2882270
ompRp3,0.3333333333333333,2,2,TCTAATCCCTGTCATTTCTA,0,2889972
ompRp3,0.3333333333333333,2,2,TCTAAGTTGCGTCCATGTAG,0,2881099
ompRp3,0.3333333333333333,2,2,TCGTTGAACTTAAGCACCCG,0,2904436
ompRp3,0.3333333333333333,2,2,TCGTTACTCCGAGACTGACC,0,2863071
ompRp3,0.3333333333333333,2,2,TCGTGATCACGCTCCGACAT,0,2867984
ompRp3,0.3333333333333333,2,2,TCGTATTCACGGTCTGTAAA,0,2900049
ompRp3,0.3333333333333333,2,2,TCGTATGTACCGCATTCTTA,0,2889799
ompRp3,0.3333333333333333,2,2,TCGGTATCGTTACGCGAGGA,0,2904336
ompRp3,0.3333333333333333,2,2,TCGGGCTGTTTTCATTTGGT,0,2898051
ompRp3,0.3333333333333333,2,2,TCGGCCTCCGATCTGCCAAG,0,2871821
ompRp3,0.3333333333333333,2,2,TCGGAACGATCTATATGTGA,0,2889647
ompRp3,0.3333333333333333,2,2,TCGCTTGCCGCCGTTATATT,0,2880264
ompRp3,0.3333333333333333,2,2,TCGCTCCTTATTATTCTGAA,0,2873762
ompRp3,0.3333333333333333,2,2,TCGCGTCTAACTCGACTCCT,0,2904064
ompRp3,0.3333333333333333,2,2,TCGCGCGAACCTGGACAACA,0,2892834
ompRp3,0.3333333333333333,2,2,TCGCGACGTGCTTCTCAAGA,0,2894552
ompRp3,0.3333333333333333,2,2,TCGCCTTACTAGACCGCCCA,0,2870574
ompRp3,0.3333333333333333,2,2,TCGCCTGCGTGCACCGGTAT,0,2884673
ompRp3,0.3333333333333333,2,2,TCGCAGCTCGCAGTCCTCTG,0,2873676
ompRp3,0.3333333333333333,2,2,TCGATTTCTGAGGAAACTAA,0,2865387
ompRp3,0.3333333333333333,2,2,TCGATCACAGATCCCGGGGA,0,2892298
ompRp3,0.3333333333333333,2,2,TCGATACTCTGGGTTAGCAT,0,2905223
ompRp3,0.3333333333333333,2,2,TCGAGGGAGGAGTCACAAAA,0,2875610
ompRp3,0.3333333333333333,2,2,TCGACGGAGGTCATACCTCC,0,2905002
ompRp3,0.3333333333333333,2,2,TCCTTCATCGTTGCCCATGT,0,2891253
ompRp3,0.3333333333333333,2,2,TCCTCTTCAAAATATACCAG,0,2899349
ompRp3,0.3333333333333333,2,2,TCCTCCGGGTTAGCGCGCGC,0,2906842
ompRp3,0.3333333333333333,2,2,TCCTACATACGATTTCAGAA,0,2892090
ompRp3,0.3333333333333333,2,2,TCCGTCGTCGTGATCCCGGC,0,2893437
ompRp3,0.3333333333333333,2,2,TCCGGTCACTTCGAAAGCGC,0,2870240
ompRp3,0.3333333333333333,2,2,TCCGGGTTCTCGAAGACAGG,0,2896362
ompRp3,0.3333333333333333,2,2,TCCGCTGCATGGGACAGTAT,0,2886649
ompRp3,0.3333333333333333,2,2,TCCGCGGACTCAAGGGTTGG,0,2900130
ompRp3,0.3333333333333333,2,2,TCCGCACGAGTTCCTGAACG,0,2882531
ompRp3,0.3333333333333333,2,2,TCCGATCAGGTGGTCATGAT,0,2882562
ompRp3,0.3333333333333333,2,2,TCCGACAACCAACTCGTAGA,0,2878347
ompRp3,0.3333333333333333,2,2,TCCCGGGGCATCACGGGTAA,0,2895944
ompRp3,0.3333333333333333,2,2,TCCCGGCAGCGACGGAGAAC,0,2892830
ompRp3,0.3333333333333333,2,2,TCCCGGAAGTTCCTTCCGCC,0,2888708
ompRp3,0.3333333333333333,2,2,TCCCGCGATGTATATGGACA,0,2898729
ompRp3,0.3333333333333333,2,2,TCCCCCCCTCGGTTAGACCT,0,2902834
ompRp3,0.3333333333333333,2,2,TCCCATGACCAAAAGGAGGC,0,2869399
ompRp3,0.3333333333333333,2,2,TCCCACAGTTCGCCTGTGCA,0,2889248
ompRp3,0.3333333333333333,2,2,TCCATTCTTGAAGGCTAACT,0,2894170
ompRp3,0.3333333333333333,2,2,TCCAGGTTCCACAGTAGTCA,0,2867013
ompRp3,0.3333333333333333,2,2,TCCAAGTCATTAGCTATCAT,0,2900393
ompRp3,0.3333333333333333,2,2,TCCAAAATGACTTCCTTAAA,0,2885724
ompRp3,0.3333333333333333,2,2,TCATTTTACCAGGCCGGATC,0,2892113
ompRp3,0.3333333333333333,2,2,TCATTCTCAATCGAAACATG,0,2886357
ompRp3,0.3333333333333333,2,2,TCATATAATTAGTCACCCGG,0,2905703
ompRp3,0.3333333333333333,2,2,TCAGGTTGTAGCTATCACTG,0,2885072
ompRp3,0.3333333333333333,2,2,TCAGGGGTCTTGCCTTCTCT,0,2872608
ompRp3,0.3333333333333333,2,2,TCAGGGATGATGCTTGGGTC,0,2877080
ompRp3,0.3333333333333333,2,2,TCAGCTTTTAGAGAATGAGT,0,2890299
ompRp3,0.3333333333333333,2,2,TCAGCGTATCTGAATCAGTG,0,2895469
ompRp3,0.3333333333333333,2,2,TCAGCCCCTCGGCTAATGCT,0,2888441
ompRp3,0.3333333333333333,2,2,TCAGAAACATTCACGCGCTA,0,2873357
ompRp3,0.3333333333333333,2,2,TCACGCATGCTTCTGTTATC,0,2879582
ompRp3,0.3333333333333333,2,2,TCACCGCGGGAGTGAGGTAG,0,2864651
ompRp3,0.3333333333333333,2,2,TCACCATAAGCGGTATATCG,0,2862788
ompRp3,0.3333333333333333,2,2,TCACATTCTCCGATCAACGT,0,2905725
ompRp3,0.3333333333333333,2,2,TCAAGATAGTAGATAAGTCA,0,2883711
ompRp3,0.3333333333333333,2,2,TCAACGCCGTTATCGGAACT,0,2886450
ompRp3,0.3333333333333333,2,2,TCAACGAGCAATTTCCACGG,0,2882687
ompRp3,0.3333333333333333,2,2,TCAAAGAATTTCTCGTCCCG,0,2901430
ompRp3,0.3333333333333333,2,2,TCAAACTCTTCAGTCCGTCG,0,2907335
ompRp3,0.3333333333333333,2,2,TATTTCGATTGGACAAACAT,0,2861843
ompRp3,0.3333333333333333,2,2,TATTTACGTACTATTGGTAC,0,2878581
ompRp3,0.3333333333333333,2,2,TATTGCTACTAATTCGGCGG,0,2899919
ompRp3,0.3333333333333333,2,2,TATTCTAGGCTCTATTTGGT,0,2872331
ompRp3,0.3333333333333333,2,2,TATTCCTTAATAGTTAGAGC,0,2861872
ompRp3,0.3333333333333333,2,2,TATTCCAGAGAGGATGAAGC,0,2879137
ompRp3,0.3333333333333333,2,2,TATTACAATGACACTAATTA,0,2890890
ompRp3,0.3333333333333333,2,2,TATGTGCCGAAAGAGCCTGG,0,2868891
ompRp3,0.3333333333333333,2,2,TATGTAGTGTCAGTTAAAGA,0,2889118
ompRp3,0.3333333333333333,2,2,TATGTAGCTCTGCAAAATCC,0,2877670
ompRp3,0.3333333333333333,2,2,TATGCTCGTCATTGAGATGC,0,2889008
ompRp3,0.3333333333333333,2,2,TATCTACTAGACAAATGTGA,0,2891336
ompRp3,0.3333333333333333,2,2,TATCGTGAATTACGCAGGAC,0,2868143
ompRp3,0.3333333333333333,2,2,TATCGTCCGTGAAGCATTGT,0,2899635
ompRp3,0.3333333333333333,2,2,TATCGCTAGCTGGGCCTAAG,0,2894359
ompRp3,0.3333333333333333,2,2,TATCCTGTGTTCGTAACCGT,0,2868753
ompRp3,0.3333333333333333,2,2,TATCCCTGCTAGCCACGACT,0,2905841
ompRp3,0.3333333333333333,2,2,TATCCAGCTTGGGCAGTGTC,0,2870236
ompRp3,0.3333333333333333,2,2,TATCATAGCCACGTTAAGAT,0,2895096
ompRp3,0.3333333333333333,2,2,TATCACTAGCGCGTTCTAAG,0,2866892
ompRp3,0.3333333333333333,2,2,TATATGACTCTCAGTTGTGA,0,2894292
ompRp3,0.3333333333333333,2,2,TATAGTGACAGTCTCATATC,0,2869019
ompRp3,0.3333333333333333,2,2,TATAGCGGATTTGACGCATA,0,2875454
ompRp3,0.3333333333333333,2,2,TATAGCCAGTTAATCCCATT,0,2885149
ompRp3,0.3333333333333333,2,2,TATACACATAAACGGAAGAC,0,2881309
ompRp3,0.3333333333333333,2,2,TATAATTATTGGTTTGGGCG,0,2882693
ompRp3,0.3333333333333333,2,2,TATAACCGCACGCCTTCGTC,0,2860987
ompRp3,0.3333333333333333,2,2,TAGTGATGCTTCGGATTGAA,0,2886100
ompRp3,0.3333333333333333,2,2,TAGGGTCCATTTGGGGTAAA,0,2872159
ompRp3,0.3333333333333333,2,2,TAGGCTGGCATTCCTGACCC,0,2863784
ompRp3,0.3333333333333333,2,2,TAGGAGGGACGTGAAAATCT,0,2893191
ompRp3,0.3333333333333333,2,2,TAGCTATTACTGCAACCGCC,0,2863754
ompRp3,0.3333333333333333,2,2,TAGCCTAGCTTGAGCACATT,0,2890207
ompRp3,0.3333333333333333,2,2,TAGCCGGCAAGCCCTCAGGG,0,2901671
ompRp3,0.3333333333333333,2,2,TAGCATAGTCTTGACGAATT,0,2901770
ompRp3,0.3333333333333333,2,2,TAGAGTCACCCTCTTAAGAT,0,2866434
ompRp3,0.3333333333333333,2,2,TAGAGGTTTGGGCACCGTAC,0,2899767
ompRp3,0.3333333333333333,2,2,TACTGCCATCTTTAAGGAGG,0,2889391
ompRp3,0.3333333333333333,2,2,TACTGCATACCGTTCAGTTA,0,2875053
ompRp3,0.3333333333333333,2,2,TACTACCTACCGATAGTAAG,0,2905260
ompRp3,0.3333333333333333,2,2,TACTACATCGGGGTCTAGTA,0,2885104
ompRp3,0.3333333333333333,2,2,TACGTGATGTTAGCACCGCA,0,2881837
ompRp3,0.3333333333333333,2,2,TACGGGTGGGGTATCATTAC,0,2862452
ompRp3,0.3333333333333333,2,2,TACGGCACCCAAGCACCGAC,0,2861344
ompRp3,0.3333333333333333,2,2,TACGCGCGGTGCGCTACCAA,0,2872508
ompRp3,0.3333333333333333,2,2,TACGACCTTCAATGTAACAT,0,2880616
ompRp3,0.3333333333333333,2,2,TACGAACCCATTCCAGCGCT,0,2878613
ompRp3,0.3333333333333333,2,2,TACCTTCTGAACGCCTTATC,0,2876628
ompRp3,0.3333333333333333,2,2,TACCTACACACTGTGGCCTG,0,2902012
ompRp3,0.3333333333333333,2,2,TACCGAAAGACCAGTATCGT,0,2875902
ompRp3,0.3333333333333333,2,2,TACCCTAGCGACAAGTCGGT,0,2863554
ompRp3,0.3333333333333333,2,2,TACCCGGCTGGGAACAGCGC,0,2869744
ompRp3,0.3333333333333333,2,2,TACCCAGCGCGTGTCGGTCC,0,2869978
ompRp3,0.3333333333333333,2,2,TACCCAACGGAGGCCGCATT,0,2892902
ompRp3,0.3333333333333333,2,2,TACATTAAGTCGCATACCTC,0,2889860
ompRp3,0.3333333333333333,2,2,TACATACCCTAGCGTGCAGA,0,2906585
ompRp3,0.3333333333333333,2,2,TACAGGGGTCTCATAAAATT,0,2894831
ompRp3,0.3333333333333333,2,2,TACAGGATTTGTCAGGTGTA,0,2905326
ompRp3,0.3333333333333333,2,2,TACAGGAGTCGTCCTCCGGG,0,2876232
ompRp3,0.3333333333333333,2,2,TACAGAGGATAATAGGGGAT,0,2894521
ompRp3,0.3333333333333333,2,2,TACACGCGGACAGTGGAGTA,0,2873711
ompRp3,0.3333333333333333,2,2,TACACCCGAATGTGCAGTAC,0,2890106
ompRp3,0.3333333333333333,2,2,TAATGTACGTATTAATAATA,0,2895604
ompRp3,0.3333333333333333,2,2,TAATGACGTTCGGGAGTTGG,0,2890317
ompRp3,0.3333333333333333,2,2,TAATCGAGGGCTCATGCCAC,0,2862629
ompRp3,0.3333333333333333,2,2,TAATATTCCCGCGATGTACG,0,2863277
ompRp3,0.3333333333333333,2,2,TAAGTTAAGGATCCTGGAGA,0,2871117
ompRp3,0.3333333333333333,2,2,TAAGTGGATTCTGCCGTCAG,0,2863129
ompRp3,0.3333333333333333,2,2,TAAGGGTTACGTTTTGCCAC,0,2904530
ompRp3,0.3333333333333333,2,2,TAAGGATCGTTTAGGGAAGT,0,2871298
ompRp3,0.3333333333333333,2,2,TAAGCATCAGGTGGTATGCT,0,2892017
ompRp3,0.3333333333333333,2,2,TAAGAGGGTTATTGTCCGTG,0,2875918
ompRp3,0.3333333333333333,2,2,TAACTCATAGATGTAATTTG,0,2873454
ompRp3,0.3333333333333333,2,2,TAACGGGCACTACCCAAACC,0,2905711
ompRp3,0.3333333333333333,2,2,TAACGGGACCAATTTCTCAC,0,2872448
ompRp3,0.3333333333333333,2,2,TAACGACAGTTAATGGATTT,0,2878926
ompRp3,0.3333333333333333,2,2,TAACCTCTTGACTGTGTCGT,0,2860739
ompRp3,0.3333333333333333,2,2,TAACCAGAACTCAGAGGCGT,0,2890066
ompRp3,0.3333333333333333,2,2,TAACAGGTCCGTGGACGCTC,0,2863803
ompRp3,0.3333333333333333,2,2,TAAATTAGGCATCAAGTATA,0,2899967
ompRp3,0.3333333333333333,2,2,TAAAGTACTTCTCCGAAGAC,0,2902154
ompRp3,0.3333333333333333,2,2,TAAAGATCAGCCAGGCCATT,0,2898492
ompRp3,0.3333333333333333,2,2,TAAACTCGCACGACGACCAG,0,2887476
ompRp3,0.3333333333333333,2,2,TAAAATTAATAGGAGAAGCT,0,2900390
ompRp3,0.3333333333333333,2,2,TAAAAGTCGCAGATCAAAAC,0,2898640
ompRp3,0.3333333333333333,2,2,TAAAACCGTTGAGCTATCGT,0,2869186
ompRp3,0.3333333333333333,2,2,GTTTTTAATGTGCAGCTTAG,0,2892470
ompRp3,0.3333333333333333,2,2,GTTTTGTGCGTCACTTTGTA,0,2887399
ompRp3,0.3333333333333333,2,2,GTTTTATAACAAATAGCACT,0,2892367
ompRp3,0.3333333333333333,2,2,GTTTTAATGCACGCTGCGGA,0,2883544
ompRp3,0.3333333333333333,2,2,GTTTGTTTAACGGAAGGTCG,0,2875659
ompRp3,0.3333333333333333,2,2,GTTTGTCTGACGTAAGAATA,0,2893976
ompRp3,0.3333333333333333,2,2,GTTTGGACCCGTTTTGCGGA,0,2891066
ompRp3,0.3333333333333333,2,2,GTTTCTCACTTACTGCCGAT,0,2874874
ompRp3,0.3333333333333333,2,2,GTTTCGAATATATGATTCAG,0,2905599
ompRp3,0.3333333333333333,2,2,GTTTCCTACACAAGATCCCC,0,2886700
ompRp3,0.3333333333333333,2,2,GTTTCATGTTATTCGTCGTA,0,2885656
ompRp3,0.3333333333333333,2,2,GTTTATTAATAAGGGCAAAC,0,2882335
ompRp3,0.3333333333333333,2,2,GTTGGTATCCACGGAATACA,0,2886655
ompRp3,0.3333333333333333,2,2,GTTGGTACGCTTCCACTTTT,0,2901013
ompRp3,0.3333333333333333,2,2,GTTGCACTGTCGCGGAGCGG,0,2869467
ompRp3,0.3333333333333333,2,2,GTTGAATCTTATAAGCATTG,0,2903681
ompRp3,0.3333333333333333,2,2,GTTCTGGTTAGCTAGAGTGA,0,2872602
ompRp3,0.3333333333333333,2,2,GTTCTGAACAGAGTTACATT,0,2889592
ompRp3,0.3333333333333333,2,2,GTTCGTTAGCTTTCTGCTTT,0,2905124
ompRp3,0.3333333333333333,2,2,GTTCGTCGTGATTGTCGAAT,0,2894670
ompRp3,0.3333333333333333,2,2,GTTCGCGGCGTAAGAGTGCG,0,2884295
ompRp3,0.3333333333333333,2,2,GTTCGATGTCAGGTGCGGCT,0,2861112
ompRp3,0.3333333333333333,2,2,GTTCGAGAGCTCTGAAACTA,0,2889056
ompRp3,0.3333333333333333,2,2,GTTCCGCGGTACGTTAGCTC,0,2896576
ompRp3,0.3333333333333333,2,2,GTTATATGCCATCATGACGG,0,2888903
ompRp3,0.3333333333333333,2,2,GTTAGGAGCGATCAACCTTT,0,2906541
ompRp3,0.3333333333333333,2,2,GTTAGCGGTCCTTGAGTAGA,0,2893641
ompRp3,0.3333333333333333,2,2,GTTAGCAGGAGGATCGGTTG,0,2900979
ompRp3,0.3333333333333333,2,2,GTTACGGTTTTTTTCCCAGG,0,2886647
ompRp3,0.3333333333333333,2,2,GTTACGAGTTTCGTACTCAA,0,2900199
ompRp3,0.3333333333333333,2,2,GTTAATACGCGCAGAACCTA,0,2866091
ompRp3,0.3333333333333333,2,2,GTGTTGCCAGGCTTTCTAAT,0,2875896
ompRp3,0.3333333333333333,2,2,GTGTCTCCTGACTCCGGAGA,0,2894810
ompRp3,0.3333333333333333,2,2,GTGTCTAACGGTGAAAACTG,0,2905663
ompRp3,0.3333333333333333,2,2,GTGTCGTCACTGCTTTATAT,0,2903007
ompRp3,0.3333333333333333,2,2,GTGTCGCGAGCGTAATCTTC,0,2901153
ompRp3,0.3333333333333333,2,2,GTGTCAGAGGTGATCTTCAA,0,2889967
ompRp3,0.3333333333333333,2,2,GTGGTTCTAGCGGTGCGTCT,0,2874318
ompRp3,0.3333333333333333,2,2,GTGGGAGGGAATCAGGCGAT,0,2889042
ompRp3,0.3333333333333333,2,2,GTGGAATAAGTGGAAGATCA,0,2890304
ompRp3,0.3333333333333333,2,2,GTGCTGCCACGCAGAGAGTG,0,2875906
ompRp3,0.3333333333333333,2,2,GTGCTCTCGCGGCTCACCCC,0,2900751
ompRp3,0.3333333333333333,2,2,GTGCTAATGGCGCACCCTCT,0,2887835
ompRp3,0.3333333333333333,2,2,GTGCGTATAGATGAAGGTAA,0,2895713
ompRp3,0.3333333333333333,2,2,GTGCGGGCACTTCAAACTCC,0,2884299
ompRp3,0.3333333333333333,2,2,GTGCGGGAATAGGCAGCGTC,0,2864372
ompRp3,0.3333333333333333,2,2,GTGCATGTGGGCGTTTAGTG,0,2883945
ompRp3,0.3333333333333333,2,2,GTGATTGCCGGTTTGATAGA,0,2873529
ompRp3,0.3333333333333333,2,2,GTGATGTGACCAACATTAAT,0,2899834
ompRp3,0.3333333333333333,2,2,GTGATAAGTCGTCAAACCAG,0,2878220
ompRp3,0.3333333333333333,2,2,GTGAGGTCTGTTCGCGAGGT,0,2901477
ompRp3,0.3333333333333333,2,2,GTGAGAAATTACTGGCAGGG,0,2905764
ompRp3,0.3333333333333333,2,2,GTGAAGAACTAAACTATGGC,0,2904791
ompRp3,0.3333333333333333,2,2,GTGAACTCCCATGTCTCTGG,0,2898396
ompRp3,0.3333333333333333,2,2,GTCGTAACTCTTTTGAACTG,0,2883607
ompRp3,0.3333333333333333,2,2,GTCGGCTCACATTCAACTAG,0,2886862
ompRp3,0.3333333333333333,2,2,GTCGGCGGATTTTAGTCTAG,0,2875023
ompRp3,0.3333333333333333,2,2,GTCGCTTGCGGAGTTGGCAT,0,2863151
ompRp3,0.3333333333333333,2,2,GTCGCGAGAAACGCTGGAGC,0,2865919
ompRp3,0.3333333333333333,2,2,GTCGCCGTAGCTGTACGGGT,0,2907087
ompRp3,0.3333333333333333,2,2,GTCGATGGCTAAATGAAGAT,0,2861840
ompRp3,0.3333333333333333,2,2,GTCCTGCTCCGCGTAAAGGT,0,2873665
ompRp3,0.3333333333333333,2,2,GTCCTCTACAAGATTAGAGG,0,2903536
ompRp3,0.3333333333333333,2,2,GTCCTCCTATCCGCGCACGG,0,2890928
ompRp3,0.3333333333333333,2,2,GTCCGCTAATTACCCTTGAC,0,2884616
ompRp3,0.3333333333333333,2,2,GTCCGCGCTTGTGCCCCAAT,0,2876505
ompRp3,0.3333333333333333,2,2,GTCCGCCATCTACAGACCCC,0,2882289
ompRp3,0.3333333333333333,2,2,GTCCGATGAGCCTGGTCACA,0,2866385
ompRp3,0.3333333333333333,2,2,GTCCCTAATCATGGAGTACC,0,2901120
ompRp3,0.3333333333333333,2,2,GTCCATTTTAGATCCAGCGA,0,2878132
ompRp3,0.3333333333333333,2,2,GTCCATAGGTCCGAGAAAGC,0,2862833
ompRp3,0.3333333333333333,2,2,GTCCAGTTTTTATTATATGG,0,2868489
ompRp3,0.3333333333333333,2,2,GTCATCTGGAACTCGATATG,0,2888677
ompRp3,0.3333333333333333,2,2,GTCATAAGAGAAGTAAAGGG,0,2865458
ompRp3,0.3333333333333333,2,2,GTCAGTTCGCGTGGTGACCA,0,2863374
ompRp3,0.3333333333333333,2,2,GTCAGCATACGTGAACTGTT,0,2870465
ompRp3,0.3333333333333333,2,2,GTCACACACCACTCGATGTA,0,2887818
ompRp3,0.3333333333333333,2,2,GTCAAGTTCGACCTCGGGGT,0,2885687
ompRp3,0.3333333333333333,2,2,GTCAACATCCTGTTATACAG,0,2860800
ompRp3,0.3333333333333333,2,2,GTCAAAATAGTAAGCCCCCC,0,2870618
ompRp3,0.3333333333333333,2,2,GTATTCACAGGTATCTATTT,0,2893296
ompRp3,0.3333333333333333,2,2,GTATGGACAGCTCCATGTGG,0,2894102
ompRp3,0.3333333333333333,2,2,GTATGAACCACGACCGAGTA,0,2864836
ompRp3,0.3333333333333333,2,2,GTATCGTGGATGCCATATGC,0,2896376
ompRp3,0.3333333333333333,2,2,GTATACCAGTGGAAAGTGCT,0,2864358
ompRp3,0.3333333333333333,2,2,GTATAATGATTTGTTCGAAC,0,2863092
ompRp3,0.3333333333333333,2,2,GTAGGTCGTGAAGCTTGAAG,0,2885482
ompRp3,0.3333333333333333,2,2,GTAGCTGTCACTCTTATCTT,0,2906236
ompRp3,0.3333333333333333,2,2,GTAGCCAACTCGCCGTCCGT,0,2868437
ompRp3,0.3333333333333333,2,2,GTACTTGGCGACAACGTGTG,0,2885847
ompRp3,0.3333333333333333,2,2,GTACTAAAATGACTCCTTAA,0,2888319
ompRp3,0.3333333333333333,2,2,GTACGTCATGTAGGAACTTG,0,2872932
ompRp3,0.3333333333333333,2,2,GTACCTCTGCTTGAATCCTG,0,2894573
ompRp3,0.3333333333333333,2,2,GTACCGTGTGTGTGCTTAGA,0,2904192
ompRp3,0.3333333333333333,2,2,GTAATAGCCTCCTCTTGCCA,0,2871325
ompRp3,0.3333333333333333,2,2,GTAATAGATTTCATACGTTT,0,2905555
ompRp3,0.3333333333333333,2,2,GTAAATGCGATTGTTTCCGA,0,2903057
ompRp3,0.3333333333333333,2,2,GTAAAGTGTACTCTCTAGCA,0,2890426
ompRp3,0.3333333333333333,2,2,GTAAACAAAGGATGGTTCTA,0,2868102
ompRp3,0.3333333333333333,2,2,GGTTTTCACCCCAGTCTGTG,0,2890896
ompRp3,0.3333333333333333,2,2,GGTTTTAATCAATAGCCAAT,0,2878260
ompRp3,0.3333333333333333,2,2,GGTTTCTCACCTCTAGTAAG,0,2906793
ompRp3,0.3333333333333333,2,2,GGTTTACTTTGGACTGGAGC,0,2863100
ompRp3,0.3333333333333333,2,2,GGTTGAAATACACCATACTC,0,2866337
ompRp3,0.3333333333333333,2,2,GGTTCGTGGGCTGCAATCCC,0,2866188
ompRp3,0.3333333333333333,2,2,GGTTATCCGGAACTGGTGAT,0,2870495
ompRp3,0.3333333333333333,2,2,GGTTAGTTCCTTGGGGGCAA,0,2883793
ompRp3,0.3333333333333333,2,2,GGTTACTTTGCCTTCAAGCG,0,2893771
ompRp3,0.3333333333333333,2,2,GGTGTACGGATGGGGATCTC,0,2868455
ompRp3,0.3333333333333333,2,2,GGTCTGGCTTAGTACTGTTC,0,2890777
ompRp3,0.3333333333333333,2,2,GGTAGTTGCAATAGCTGTGA,0,2906518
ompRp3,0.3333333333333333,2,2,GGTAGTCCAAATTTAGTGCC,0,2869572
ompRp3,0.3333333333333333,2,2,GGTAGCGTGCAATTGAATTG,0,2871354
ompRp3,0.3333333333333333,2,2,GGTACGAGATATTCGAAAAT,0,2874299
ompRp3,0.3333333333333333,2,2,GGTACCGGCCGAGAAAGCTA,0,2902189
ompRp3,0.3333333333333333,2,2,GGTACCCGAGCAAGGGATAT,0,2877187
ompRp3,0.3333333333333333,2,2,GGGTTGAGCAGCCACATGTA,0,2886505
ompRp3,0.3333333333333333,2,2,GGGTTCATCACTACAACGCT,0,2883239
ompRp3,0.3333333333333333,2,2,GGGTCTACGAAGTGTCAGTC,0,2902071
ompRp3,0.3333333333333333,2,2,GGGTCGCGTGGCACTGACAT,0,2863848
ompRp3,0.3333333333333333,2,2,GGGTCCTGTTCATGGTGGGA,0,2893080
ompRp3,0.3333333333333333,2,2,GGGTCCTCTCACAACATAAA,0,2861242
ompRp3,0.3333333333333333,2,2,GGGTCCCCGAAAGCGGATGT,0,2890632
ompRp3,0.3333333333333333,2,2,GGGTCCAGCTATGAGAATGA,0,2882740
ompRp3,0.3333333333333333,2,2,GGGTATTTATCTGTTAATGG,0,2863322
ompRp3,0.3333333333333333,2,2,GGGTAGCCGCCCGTGGAGGC,0,2899434
ompRp3,0.3333333333333333,2,2,GGGTAGAGAATGCCCCCCCG,0,2903156
ompRp3,0.3333333333333333,2,2,GGGTACTCCAATTAATAAAG,0,2883657
ompRp3,0.3333333333333333,2,2,GGGTACACGTTGTGAGCCCC,0,2902217
ompRp3,0.3333333333333333,2,2,GGGGTATGTTCATGCCCTAC,0,2881464
ompRp3,0.3333333333333333,2,2,GGGGTATGGTTCACCCCCTA,0,2897776
ompRp3,0.3333333333333333,2,2,GGGGTACCTCTACGAATCAA,0,2899196
ompRp3,0.3333333333333333,2,2,GGGGCACTTCGGGCTATTCC,0,2870216
ompRp3,0.3333333333333333,2,2,GGGGCAAATCAATCGTCCTA,0,2868120
ompRp3,0.3333333333333333,2,2,GGGGATAATCTTAGAGCATT,0,2886616
ompRp3,0.3333333333333333,2,2,GGGGAGGGGAGGAGCTTCGC,0,2874990
ompRp3,0.3333333333333333,2,2,GGGCTTCTCCTTGGCCCTAT,0,2875133
ompRp3,0.3333333333333333,2,2,GGGCTGTGGCTCCCTATTAT,0,2899231
ompRp3,0.3333333333333333,2,2,GGGCTCGGACCGTGTTGCCC,0,2864463
ompRp3,0.3333333333333333,2,2,GGGCATCCGACATCTCTTGC,0,2882598
ompRp3,0.3333333333333333,2,2,GGGCAGTTCAGAGCTCCAGA,0,2871675
ompRp3,0.3333333333333333,2,2,GGGCACTTTTGGCACCTATT,0,2882431
ompRp3,0.3333333333333333,2,2,GGGCAAAGTGTATTAATTTC,0,2899693
ompRp3,0.3333333333333333,2,2,GGGATTCGCACCCAAAGTTT,0,2880619
ompRp3,0.3333333333333333,2,2,GGGATCAATGCTGGCGCGAT,0,2868389
ompRp3,0.3333333333333333,2,2,GGGAGCAAAATATTTTCGCC,0,2874869
ompRp3,0.3333333333333333,2,2,GGGACGTCGGCTCGAGATAA,0,2905417
ompRp3,0.3333333333333333,2,2,GGGAATCGGCTCCACAAGTG,0,2861232
ompRp3,0.3333333333333333,2,2,GGGAAGGAAATGATATAATA,0,2889568
ompRp3,0.3333333333333333,2,2,GGGAACAAAACAGGAGTCCC,0,2897644
ompRp3,0.3333333333333333,2,2,GGCTTCTATTCGTTCTGATA,0,2873320
ompRp3,0.3333333333333333,2,2,GGCTTCGTCCGTGGACAGGA,0,2888819
ompRp3,0.3333333333333333,2,2,GGCTGGGATCCTAACGGCCG,0,2898673
ompRp3,0.3333333333333333,2,2,GGCTGCAAAGTGAACTCCTT,0,2900047
ompRp3,0.3333333333333333,2,2,GGCTGAAGTCTTACGGTCTT,0,2866275
ompRp3,0.3333333333333333,2,2,GGCGGTGTTATTAGAACAAT,0,2902198
ompRp3,0.3333333333333333,2,2,GGCGGTGTGGGATAAGCCAT,0,2875738
ompRp3,0.3333333333333333,2,2,GGCGCCGGGTCGAGAGTAGT,0,2895029
ompRp3,0.3333333333333333,2,2,GGCGCCGAGAACGTAAATCA,0,2871808
ompRp3,0.3333333333333333,2,2,GGCCTGGGCATTTCGGTAAC,0,2902315
ompRp3,0.3333333333333333,2,2,GGCCGGTTTCAACGGCCCAG,0,2904406
ompRp3,0.3333333333333333,2,2,GGCCAGCTTTTACGTCCGTA,0,2899448
ompRp3,0.3333333333333333,2,2,GGCCAAATAGAGACGAGCCG,0,2870421
ompRp3,0.3333333333333333,2,2,GGCATTCTAACTGTTACTCC,0,2883258
ompRp3,0.3333333333333333,2,2,GGCAGTGAACTTAGTGTGTA,0,2873744
ompRp3,0.3333333333333333,2,2,GGCAGTCACCCTTATTGGGT,0,2870267
ompRp3,0.3333333333333333,2,2,GGCAGCGGGGTGCAGGCGGT,0,2907477
ompRp3,0.3333333333333333,2,2,GGCACAAAGCGGGTTCTTGA,0,2866025
ompRp3,0.3333333333333333,2,2,GGCAAATACCACCGGGCGTA,0,2863664
ompRp3,0.3333333333333333,2,2,GGATTCATCTTACTGCGACG,0,2866886
ompRp3,0.3333333333333333,2,2,GGATGCGCAATGTCCTCAAG,0,2906113
ompRp3,0.3333333333333333,2,2,GGATGAGAATTGGTTTTCAG,0,2894193
ompRp3,0.3333333333333333,2,2,GGATGAATAACCCGCTTAGT,0,2895210
ompRp3,0.3333333333333333,2,2,GGATGAAGCTGATTAGCCCC,0,2862463
ompRp3,0.3333333333333333,2,2,GGATCGTCCGGTCCGGTTTG,0,2897674
ompRp3,0.3333333333333333,2,2,GGATCGGTTCTCAAGAGTCT,0,2869753
ompRp3,0.3333333333333333,2,2,GGATCCGCTCTACTTTCCAA,0,2885564
ompRp3,0.3333333333333333,2,2,GGATACTAGATTACTTCACA,0,2877266
ompRp3,0.3333333333333333,2,2,GGAGTTGACTGGGACCGCGG,0,2863193
ompRp3,0.3333333333333333,2,2,GGAGGGTACATAAGGCCGAT,0,2873393
ompRp3,0.3333333333333333,2,2,GGAGCAAACATTGTATGTTT,0,2892794
ompRp3,0.3333333333333333,2,2,GGACGAGAGAACTTACAAGA,0,2878027
ompRp3,0.3333333333333333,2,2,GGACCCTGAAAGCTTTAATC,0,2894421
ompRp3,0.3333333333333333,2,2,GGACCACGGGGGTGTAAGCA,0,2895687
ompRp3,0.3333333333333333,2,2,GGACCAATAATTCACAGGCC,0,2905482
ompRp3,0.3333333333333333,2,2,GGACAGATACCGTCCCGGCG,0,2873502
ompRp3,0.3333333333333333,2,2,GGACAATGTGCGCTAGCATG,0,2868465
ompRp3,0.3333333333333333,2,2,GGAATCAGACCTATCATTTT,0,2860893
ompRp3,0.3333333333333333,2,2,GGAACGTTTTTTGAGGACAG,0,2885526
ompRp3,0.3333333333333333,2,2,GGAACGTTCATGTTAAGCTT,0,2875634
ompRp3,0.3333333333333333,2,2,GGAACACGTACACTATCTAA,0,2888782
ompRp3,0.3333333333333333,2,2,GGAAAACAATCATATAGTCA,0,2891067
ompRp3,0.3333333333333333,2,2,GCTTTGCACCGAAGGTCCTT,0,2880680
ompRp3,0.3333333333333333,2,2,GCTTGTGGGCCGCACCTAAG,0,2885610
ompRp3,0.3333333333333333,2,2,GCTTGCAGCTAGTCTGAGCT,0,2892231
ompRp3,0.3333333333333333,2,2,GCTTGCAGCACGTTCTCGCT,0,2907350
ompRp3,0.3333333333333333,2,2,GCTTCTGACTACCCGTGCCA,0,2878366
ompRp3,0.3333333333333333,2,2,GCTTCGGTGTTCGGCAGCAA,0,2889808
ompRp3,0.3333333333333333,2,2,GCTGAACCAATAGCGGGTGA,0,2870915
ompRp3,0.3333333333333333,2,2,GCTCTGTCGCAAATACTATG,0,2884974
ompRp3,0.3333333333333333,2,2,GCTCTGCTTTTTAGAAGAAT,0,2900765
ompRp3,0.3333333333333333,2,2,GCTCGGTTTGAGAGACCTTT,0,2878678
ompRp3,0.3333333333333333,2,2,GCTCGGGGACCGGCCTCCTA,0,2872167
ompRp3,0.3333333333333333,2,2,GCTCGGACATTGGCCGTCTT,0,2875127
ompRp3,0.3333333333333333,2,2,GCTCCTAGTGTAAGTAGATT,0,2878158
ompRp3,0.3333333333333333,2,2,GCTCAGTTGCGAAATACACA,0,2886387
ompRp3,0.3333333333333333,2,2,GCTCAGGTCTCCTAGGCCAA,0,2861492
ompRp3,0.3333333333333333,2,2,GCTCACTGGCCCGTTCTGTG,0,2868798
ompRp3,0.3333333333333333,2,2,GCTATATTTTTTGTTCGCGT,0,2873527
ompRp3,0.3333333333333333,2,2,GCTAGGAAAACTATAACAGG,0,2888668
ompRp3,0.3333333333333333,2,2,GCTACATTGTAAGACTTACA,0,2885622
ompRp3,0.3333333333333333,2,2,GCGTTTCCGCATACAACTCA,0,2897712
ompRp3,0.3333333333333333,2,2,GCGTCCGGTAGCTTAATTCA,0,2905750
ompRp3,0.3333333333333333,2,2,GCGTATGCGGTTGGAAGGGG,0,2876706
ompRp3,0.3333333333333333,2,2,GCGTATGCCTGCGCTTTGGA,0,2905498
ompRp3,0.3333333333333333,2,2,GCGTATAATACCGTTCAAGG,0,2907285
ompRp3,0.3333333333333333,2,2,GCGGTCGCGGCTGTCACGGG,0,2903835
ompRp3,0.3333333333333333,2,2,GCGGGTGTGCTGCACGGAGC,0,2885410
ompRp3,0.3333333333333333,2,2,GCGGGGAGAATACGCGACCT,0,2897892
ompRp3,0.3333333333333333,2,2,GCGGGCTAGGCGTTACAGGC,0,2905819
ompRp3,0.3333333333333333,2,2,GCGGCTTTGGGCAAGGGCTA,0,2867948
ompRp3,0.3333333333333333,2,2,GCGGAGACCTCGCTTCCGTG,0,2870896
ompRp3,0.3333333333333333,2,2,GCGGAAAGGGTACCTTGTTG,0,2899360
ompRp3,0.3333333333333333,2,2,GCGCTTGTACCGGGGAATAA,0,2884706
ompRp3,0.3333333333333333,2,2,GCGCTACGTCACAAAAGCTA,0,2885725
ompRp3,0.3333333333333333,2,2,GCGCCTCGGTTGGAGGACAC,0,2882413
ompRp3,0.3333333333333333,2,2,GCGCCCGTATTTCGTATAGC,0,2893554
ompRp3,0.3333333333333333,2,2,GCGCCATTTCAGAACGAACG,0,2875343
ompRp3,0.3333333333333333,2,2,GCGCATTACAGTCAATTACG,0,2884716
ompRp3,0.3333333333333333,2,2,GCGCACGTTAGCGAAAGGGT,0,2889151
ompRp3,0.3333333333333333,2,2,GCGCACGCCTTAAGTCCTAA,0,2885753
ompRp3,0.3333333333333333,2,2,GCGATTGAGATCGTTTTCGC,0,2887018
ompRp3,0.3333333333333333,2,2,GCGATCTATACAGCAACATC,0,2882347
ompRp3,0.3333333333333333,2,2,GCGAGATGGAAGAACCATAA,0,2889649
ompRp3,0.3333333333333333,2,2,GCGACAGGAAGTAGGTGTCG,0,2871968
ompRp3,0.3333333333333333,2,2,GCGAAGCGCCGGGTGTCCTA,0,2871794
ompRp3,0.3333333333333333,2,2,GCGAAAGTCACGGGCTCACT,0,2872522
ompRp3,0.3333333333333333,2,2,GCGAAAAGCTTGAATACGAG,0,2899248
ompRp3,0.3333333333333333,2,2,GCCTTGTACGCAGGCGGATG,0,2860779
ompRp3,0.3333333333333333,2,2,GCCTTGCCTAGGGCCGGGAA,0,2885654
ompRp3,0.3333333333333333,2,2,GCCTTCACTGCAATAGTTCA,0,2865174
ompRp3,0.3333333333333333,2,2,GCCTTATAGCTACAAAGTGA,0,2862245
ompRp3,0.3333333333333333,2,2,GCCTGCATAGATTAGTTGTA,0,2860880
ompRp3,0.3333333333333333,2,2,GCCTGCACAATTTCATGACC,0,2901859
ompRp3,0.3333333333333333,2,2,GCCTCTCGTTTACTCTCGCC,0,2877974
ompRp3,0.3333333333333333,2,2,GCCTCGCTTTGGGGTTTGCT,0,2891295
ompRp3,0.3333333333333333,2,2,GCCTCCTTGTTCCCGTTCAG,0,2901039
ompRp3,0.3333333333333333,2,2,GCCGGTCTTCGTGGGTTTAT,0,2892241
ompRp3,0.3333333333333333,2,2,GCCGGCAGTCTGACTCCCGT,0,2877247
ompRp3,0.3333333333333333,2,2,GCCGCGTTTCCATGCTGGTG,0,2888582
ompRp3,0.3333333333333333,2,2,GCCGAGTGAGCATACAGGCG,0,2894254
ompRp3,0.3333333333333333,2,2,GCCCTAAGAGTCGTCCGTGG,0,2891068
ompRp3,0.3333333333333333,2,2,GCCCGCGCTCCTTATGAGAA,0,2881181
ompRp3,0.3333333333333333,2,2,GCCCCCATTTTGTAATCACT,0,2907575
ompRp3,0.3333333333333333,2,2,GCCCCAATACGCCCTGATGG,0,2900907
ompRp3,0.3333333333333333,2,2,GCCATGCACCTGGGGGCATT,0,2884312
ompRp3,0.3333333333333333,2,2,GCCAGGGTGAGTCAAGTTCA,0,2892697
ompRp3,0.3333333333333333,2,2,GCCAGGGCAACAAAGGAATT,0,2903357
ompRp3,0.3333333333333333,2,2,GCCAGATTACCTTATATTTA,0,2882882
ompRp3,0.3333333333333333,2,2,GCCACTTGAATTCCACGCGC,0,2896838
ompRp3,0.3333333333333333,2,2,GCCACACATGCCACTTAAGA,0,2879176
ompRp3,0.3333333333333333,2,2,GCCAATCGCCAGTGTGCGCT,0,2889242
ompRp3,0.3333333333333333,2,2,GCCAAAGCGGCTGTTAAACT,0,2870518
ompRp3,0.3333333333333333,2,2,GCATTTTAAAATGGCGGTAA,0,2895276
ompRp3,0.3333333333333333,2,2,GCATGGGGCATTCTTAAGGC,0,2862486
ompRp3,0.3333333333333333,2,2,GCATGAAGGTGGTCCCGGAT,0,2889804
ompRp3,0.3333333333333333,2,2,GCATACGAAATGACAGTTAG,0,2863101
ompRp3,0.3333333333333333,2,2,GCAGTGGCCAACGCGTCCCA,0,2867619
ompRp3,0.3333333333333333,2,2,GCAGTCGTGTGCAGATGCCA,0,2900522
ompRp3,0.3333333333333333,2,2,GCAGGGGCCTAAACCTCTCT,0,2900525
ompRp3,0.3333333333333333,2,2,GCAGGCGGAAGCCATCATAC,0,2902221
ompRp3,0.3333333333333333,2,2,GCAGCGATAGGCGATGCGTT,0,2891923
ompRp3,0.3333333333333333,2,2,GCAGCAGGACACCACGTCGT,0,2894673
ompRp3,0.3333333333333333,2,2,GCAATTCCGCGCGTTAGTAA,0,2891694
ompRp3,0.3333333333333333,2,2,GCAAGGCTTGATGGGTTATG,0,2892614
ompRp3,0.3333333333333333,2,2,GCAAGACACGAGCCACGTCC,0,2867676
ompRp3,0.3333333333333333,2,2,GCAACTACAAACGAACCTTT,0,2890787
ompRp3,0.3333333333333333,2,2,GCAACAATGCGGTAGACTAT,0,2906249
ompRp3,0.3333333333333333,2,2,GATTTTGATTTTTGCTCAAA,0,2867160
ompRp3,0.3333333333333333,2,2,GATTTCTCGGGCCGACTGGA,0,2904989
ompRp3,0.3333333333333333,2,2,GATTTATGTGAACAGTTCCC,0,2864567
ompRp3,0.3333333333333333,2,2,GATTCCAGGCGAGCGTTAAC,0,2897349
ompRp3,0.3333333333333333,2,2,GATTCAGAGCTTCGCGGTCG,0,2876865
ompRp3,0.3333333333333333,2,2,GATTATGAGATCTCGGACTG,0,2903451
ompRp3,0.3333333333333333,2,2,GATTAAGGCGAGTTCGGACA,0,2897730
ompRp3,0.3333333333333333,2,2,GATGTTGTTCTTTATGTTAT,0,2870428
ompRp3,0.3333333333333333,2,2,GATGTGCGACCATCTGGAAC,0,2890420
ompRp3,0.3333333333333333,2,2,GATGTACCGGTGAAGACCAA,0,2901686
ompRp3,0.3333333333333333,2,2,GATGGTGCCTCAGCAGCTGT,0,2905444
ompRp3,0.3333333333333333,2,2,GATGCCTCGCAACGTCTGAC,0,2873492
ompRp3,0.3333333333333333,2,2,GATGATGTATTGGAGGCTGC,0,2877851
ompRp3,0.3333333333333333,2,2,GATGACTAGGTTCCACGGCC,0,2873242
ompRp3,0.3333333333333333,2,2,GATCTTAGCCGAGGGAAATC,0,2878905
ompRp3,0.3333333333333333,2,2,GATCTGGTTCTTGCGGCGCA,0,2887332
ompRp3,0.3333333333333333,2,2,GATCTGGGCTCAGTCAGGGC,0,2862707
ompRp3,0.3333333333333333,2,2,GATCATGTCGGTCCCAATGG,0,2876819
ompRp3,0.3333333333333333,2,2,GATCATAAGCCAGGATTGAC,0,2893735
ompRp3,0.3333333333333333,2,2,GATATCGGGGTTTATACGAT,0,2902051
ompRp3,0.3333333333333333,2,2,GATAGCTTTCTAAATCCTAC,0,2878015
ompRp3,0.3333333333333333,2,2,GATACTCTATCATGGGCTGA,0,2862846
ompRp3,0.3333333333333333,2,2,GATAAAGATGCTGCTGCGAT,0,2875951
ompRp3,0.3333333333333333,2,2,GAGTTCGGACTCAGGACTCA,0,2869464
ompRp3,0.3333333333333333,2,2,GAGTTAGTTGGCCCGAAGCA,0,2873131
ompRp3,0.3333333333333333,2,2,GAGTGCATATCCGGTTTATA,0,2880827
ompRp3,0.3333333333333333,2,2,GAGTGAAGTAACCTGTAGGT,0,2905119
ompRp3,0.3333333333333333,2,2,GAGTCCGTCCCGTTACTAAA,0,2875977
ompRp3,0.3333333333333333,2,2,GAGTCACTTTGAATAAGATC,0,2887830
ompRp3,0.3333333333333333,2,2,GAGTAGACCTAAAATGGACG,0,2883827
ompRp3,0.3333333333333333,2,2,GAGGTTTAGTGTTTCCCACA,0,2862790
ompRp3,0.3333333333333333,2,2,GAGGCGACTCCTGAGCCAGC,0,2875844
ompRp3,0.3333333333333333,2,2,GAGGCAGCTCCTGGACCCTG,0,2901196
ompRp3,0.3333333333333333,2,2,GAGGATTAGATGTGGGACCA,0,2863961
ompRp3,0.3333333333333333,2,2,GAGGAGTCAAATACAGTTCT,0,2884589
ompRp3,0.3333333333333333,2,2,GAGCTCTACTGAGGCGGGGG,0,2898040
ompRp3,0.3333333333333333,2,2,GAGCAGGCGGGAAGGATGAC,0,2876473
ompRp3,0.3333333333333333,2,2,GAGCAAGTGACCGGGCATAG,0,2891934
ompRp3,0.3333333333333333,2,2,GAGATTGTCAACCAGACGTG,0,2865269
ompRp3,0.3333333333333333,2,2,GAGATCAAAGATCAGTCCTC,0,2907667
ompRp3,0.3333333333333333,2,2,GAGAATTCTAGATCGTTCAG,0,2889183
ompRp3,0.3333333333333333,2,2,GAGAACGGCAGTTTAGTAGT,0,2907152
ompRp3,0.3333333333333333,2,2,GAGAACAGGTACGCCAACAC,0,2893434
ompRp3,0.3333333333333333,2,2,GAGAAACCGGGTGTAAGTCC,0,2907188
ompRp3,0.3333333333333333,2,2,GACTTTTGCGAGCCCTCCGT,0,2901151
ompRp3,0.3333333333333333,2,2,GACTTTCCTTGATACCCTGC,0,2885621
ompRp3,0.3333333333333333,2,2,GACTTTCAGGGCGCGGGGAC,0,2868795
ompRp3,0.3333333333333333,2,2,GACTTTAAGAGCGAATCGGC,0,2884982
ompRp3,0.3333333333333333,2,2,GACTTACACTGCGCCTGCAG,0,2867508
ompRp3,0.3333333333333333,2,2,GACTGGTTCCACACAGGGAA,0,2879666
ompRp3,0.3333333333333333,2,2,GACTGCATCACGAACGTACA,0,2873663
ompRp3,0.3333333333333333,2,2,GACTCGTAACAATGGTTGTT,0,2902345
ompRp3,0.3333333333333333,2,2,GACTCCTAATAGATTGTCCA,0,2867463
ompRp3,0.3333333333333333,2,2,GACTCATAATTGTCTACGGC,0,2863973
ompRp3,0.3333333333333333,2,2,GACTAGCACCATGCAGCTAT,0,2870584
ompRp3,0.3333333333333333,2,2,GACTAATATGGTAAGCCCAG,0,2870607
ompRp3,0.3333333333333333,2,2,GACGTTTTTCACGTACAGCA,0,2886506
ompRp3,0.3333333333333333,2,2,GACGTTATCACGTGCTTCTC,0,2880176
ompRp3,0.3333333333333333,2,2,GACGTGCGCGCCTACATAAT,0,2892639
ompRp3,0.3333333333333333,2,2,GACGAGGGTACGTGCACAAT,0,2882473
ompRp3,0.3333333333333333,2,2,GACCGCCAACTGTTATCTAC,0,2906074
ompRp3,0.3333333333333333,2,2,GACCCTATATGGTCGTTTGG,0,2903480
ompRp3,0.3333333333333333,2,2,GACCCCGCATACGACATGAA,0,2873225
ompRp3,0.3333333333333333,2,2,GACCCCGAAATGAATCCGGT,0,2880361
ompRp3,0.3333333333333333,2,2,GACCCATCAACACATGAAAA,0,2877444
ompRp3,0.3333333333333333,2,2,GACCATTCCGGAATAATAAA,0,2884557
ompRp3,0.3333333333333333,2,2,GACCAGTAGCCTACTCCAGA,0,2869191
ompRp3,0.3333333333333333,2,2,GACATCGGGACCTCAGTCTT,0,2902871
ompRp3,0.3333333333333333,2,2,GACAAAAGAAGGCATCTTAA,0,2901448
ompRp3,0.3333333333333333,2,2,GAATTTAGTACTTTGGATTG,0,2871895
ompRp3,0.3333333333333333,2,2,GAATCAACAAGACAGGTAAT,0,2876899
ompRp3,0.3333333333333333,2,2,GAATAGCTTTGGCGCTCCGA,0,2875729
ompRp3,0.3333333333333333,2,2,GAATAAGTGCAGTGCTCATT,0,2866013
ompRp3,0.3333333333333333,2,2,GAAGGCTACCCCTATCAGGA,0,2882719
ompRp3,0.3333333333333333,2,2,GAAGCGAAGAACTAATTTCC,0,2899411
ompRp3,0.3333333333333333,2,2,GAAGCCCAGCGGAATTAATC,0,2885478
ompRp3,0.3333333333333333,2,2,GAAGCCATCAAGCTTGTACT,0,2901759
ompRp3,0.3333333333333333,2,2,GAAGCAGTATCTTGGAGTAT,0,2876198
ompRp3,0.3333333333333333,2,2,GAAGAAGGAAGCACTGACGT,0,2900713
ompRp3,0.3333333333333333,2,2,GAACTGGATTCCGACGAATT,0,2883432
ompRp3,0.3333333333333333,2,2,GAACTCATGAAAGCGAACAG,0,2862953
ompRp3,0.3333333333333333,2,2,GAACTCAAAATCATGTCAGA,0,2862572
ompRp3,0.3333333333333333,2,2,GAACGCTCGAATGAGTAACT,0,2869603
ompRp3,0.3333333333333333,2,2,GAACGAGTCGGCTCTTTCCG,0,2905005
ompRp3,0.3333333333333333,2,2,GAACGACGTACCCAACGCAC,0,2875681
ompRp3,0.3333333333333333,2,2,GAACACGTCGGAACGAGTCG,0,2876837
ompRp3,0.3333333333333333,2,2,GAAATATTGTCCTAGAACCT,0,2894773
ompRp3,0.3333333333333333,2,2,GAAATAATCGTCGCGCCATT,0,2864215
ompRp3,0.3333333333333333,2,2,GAAACCCTCCATAGCGTTTT,0,2888880
ompRp3,0.3333333333333333,2,2,GAAAACACGTTCTGGCTATG,0,2879636
ompRp3,0.3333333333333333,2,2,GAAAAATAGCCTCAAAAGGA,0,2890124
ompRp3,0.3333333333333333,2,2,CTTTTTTACCTGATTCTATA,0,2900090
ompRp3,0.3333333333333333,2,2,CTTTTGTCCATATGCGGACA,0,2891298
ompRp3,0.3333333333333333,2,2,CTTTGTATGTGCTTGGGTCT,0,2890974
ompRp3,0.3333333333333333,2,2,CTTTGGAACAACCTGATTCT,0,2890613
ompRp3,0.3333333333333333,2,2,CTTGTGTGAGTAGATAAACC,0,2895995
ompRp3,0.3333333333333333,2,2,CTTGTCTTTGAAGTTGCAGC,0,2896121
ompRp3,0.3333333333333333,2,2,CTTGTCGTACTATTATTTTT,0,2886959
ompRp3,0.3333333333333333,2,2,CTTGTCCTCGCGGCGGGTAA,0,2878748
ompRp3,0.3333333333333333,2,2,CTTGGTTAACTAATTGATGT,0,2893935
ompRp3,0.3333333333333333,2,2,CTTGGCGCAGCGCGCTCGTC,0,2892668
ompRp3,0.3333333333333333,2,2,CTTGATAAAAGGAGTGACCC,0,2868271
ompRp3,0.3333333333333333,2,2,CTTCGCGAATTGCGAGTATA,0,2901070
ompRp3,0.3333333333333333,2,2,CTTCGCAGTGCAGCGGGGAA,0,2896338
ompRp3,0.3333333333333333,2,2,CTTCCTCGGGTACAAGCAAC,0,2895791
ompRp3,0.3333333333333333,2,2,CTTCCGCCTCCGCAAGCCGT,0,2875956
ompRp3,0.3333333333333333,2,2,CTTCCCTCGCGGTCCTAGTG,0,2880638
ompRp3,0.3333333333333333,2,2,CTTCATTACCCGTCGGCAAG,0,2866971
ompRp3,0.3333333333333333,2,2,CTTCATACGTATGCCGCACG,0,2892157
ompRp3,0.3333333333333333,2,2,CTTAACTAGGGACCTCATCC,0,2896337
ompRp3,0.3333333333333333,2,2,CTGTTCCTTTAACGGTAGCC,0,2887511
ompRp3,0.3333333333333333,2,2,CTGTGGTAACACACGCCTGA,0,2861873
ompRp3,0.3333333333333333,2,2,CTGTCGGCTGCTCGTGCGAT,0,2891364
ompRp3,0.3333333333333333,2,2,CTGTATGAGTGCTTCTGCCG,0,2875560
ompRp3,0.3333333333333333,2,2,CTGTATCACGTCCCTCCCGT,0,2875426
ompRp3,0.3333333333333333,2,2,CTGGTCATATTCAGGATTAA,0,2899991
ompRp3,0.3333333333333333,2,2,CTGGGTCAGACCCCAAGGTG,0,2900997
ompRp3,0.3333333333333333,2,2,CTGGGACCCTTTTTGCCTGA,0,2876174
ompRp3,0.3333333333333333,2,2,CTGGCTGACCTGCGGTCTCT,0,2867132
ompRp3,0.3333333333333333,2,2,CTGGCGCAAGCAGAGCTTCC,0,2875073
ompRp3,0.3333333333333333,2,2,CTGGCCTTCACGGGGGCCCG,0,2880828
ompRp3,0.3333333333333333,2,2,CTGCTCTAAACATCGAGATG,0,2886509
ompRp3,0.3333333333333333,2,2,CTGCGATGGTTCGTTCTTTG,0,2880219
ompRp3,0.3333333333333333,2,2,CTGCCTAGTGTGCAGCTTTC,0,2902802
ompRp3,0.3333333333333333,2,2,CTGCCATTAGGCTGTAGGTA,0,2880228
ompRp3,0.3333333333333333,2,2,CTGCACAACTGAGCGGACTG,0,2891495
ompRp3,0.3333333333333333,2,2,CTGATTAGGCTAGCATCACA,0,2884819
ompRp3,0.3333333333333333,2,2,CTGATCGCAAGCTAAAGACA,0,2905228
ompRp3,0.3333333333333333,2,2,CTGAGAGCATAGTCCCAGGC,0,2899631
ompRp3,0.3333333333333333,2,2,CTGAGAGCAGGACCTAATGC,0,2900621
ompRp3,0.3333333333333333,2,2,CTGACTTGTTGATCACCGTC,0,2866098
ompRp3,0.3333333333333333,2,2,CTGAATGCCCATCTTTACTA,0,2905466
ompRp3,0.3333333333333333,2,2,CTGAAACGTGACCCGTAAGA,0,2891663
ompRp3,0.3333333333333333,2,2,CTCTTTGAGGTGTTAGCGGC,0,2893339
ompRp3,0.3333333333333333,2,2,CTCTTTAAATGTCGCGCATT,0,2892019
ompRp3,0.3333333333333333,2,2,CTCTTGCTATGCCCATGTAA,0,2863186
ompRp3,0.3333333333333333,2,2,CTCTTCCGGGCATGTCGGCA,0,2871909
ompRp3,0.3333333333333333,2,2,CTCTGTGGTTTGCAGGTAAG,0,2868487
ompRp3,0.3333333333333333,2,2,CTCTCATGCGATGGCGTAGA,0,2902279
ompRp3,0.3333333333333333,2,2,CTCTACGAACCTGGGTTACT,0,2883061
ompRp3,0.3333333333333333,2,2,CTCTAACTCAGGCCGGTGTT,0,2904552
ompRp3,0.3333333333333333,2,2,CTCGTCGTACACTAAGGCCA,0,2906714
ompRp3,0.3333333333333333,2,2,CTCGGTTCTAGTAACTCGGG,0,2905075
ompRp3,0.3333333333333333,2,2,CTCGCAGAAGACCCGAGTGA,0,2895828
ompRp3,0.3333333333333333,2,2,CTCGCACGCGGCACTCTTGA,0,2887881
ompRp3,0.3333333333333333,2,2,CTCGATGGTAAGGGACTTTG,0,2886446
ompRp3,0.3333333333333333,2,2,CTCGAGCACTCCGTTTTGGA,0,2872183
ompRp3,0.3333333333333333,2,2,CTCCTTGCAATGGTCGGGTG,0,2899092
ompRp3,0.3333333333333333,2,2,CTCCGTACTGAATAAGCCCC,0,2891680
ompRp3,0.3333333333333333,2,2,CTCCGTAAGTTGCACACGGG,0,2906045
ompRp3,0.3333333333333333,2,2,CTCCGAACTACTCTATGGCA,0,2891572
ompRp3,0.3333333333333333,2,2,CTCCCGCCCGCACGGACGGG,0,2894105
ompRp3,0.3333333333333333,2,2,CTCCCCTCAAGGCCGTACAC,0,2881235
ompRp3,0.3333333333333333,2,2,CTCCACGTGAGACTGTGTCA,0,2887687
ompRp3,0.3333333333333333,2,2,CTCAGCGATGGAACTGCAGC,0,2867014
ompRp3,0.3333333333333333,2,2,CTCAGAAAACTGAAGTTTCG,0,2905913
ompRp3,0.3333333333333333,2,2,CTCACCCTTGCGCAGTTGAG,0,2873827
ompRp3,0.3333333333333333,2,2,CTCAATGATTCTGCCGGACC,0,2872594
ompRp3,0.3333333333333333,2,2,CTATTTCTTTGACGCGGAGG,0,2867713
ompRp3,0.3333333333333333,2,2,CTATTAGTGTGCATTTCAAA,0,2892394
ompRp3,0.3333333333333333,2,2,CTATGTAGGGACAACCTAGG,0,2865726
ompRp3,0.3333333333333333,2,2,CTATGACACATGATCCAATT,0,2907485
ompRp3,0.3333333333333333,2,2,CTATCAGGGCTAATTGGCGT,0,2871492
ompRp3,0.3333333333333333,2,2,CTATATGGCTAGATACGTCA,0,2899790
ompRp3,0.3333333333333333,2,2,CTATATACGCGGTTGCACAT,0,2872774
ompRp3,0.3333333333333333,2,2,CTATAGTAGGAGTCGCTACA,0,2872052
ompRp3,0.3333333333333333,2,2,CTATACGGGCTATTCTGGTA,0,2894194
ompRp3,0.3333333333333333,2,2,CTAGTGACTGAGTACTCCAG,0,2878609
ompRp3,0.3333333333333333,2,2,CTAGTCTTCACAGTCGAACC,0,2894986
ompRp3,0.3333333333333333,2,2,CTAGTACTTACGTTTTTAGT,0,2873301
ompRp3,0.3333333333333333,2,2,CTAGCAAGAGTCGAGATATT,0,2870033
ompRp3,0.3333333333333333,2,2,CTACGGAACGAGAATAAAGA,0,2881961
ompRp3,0.3333333333333333,2,2,CTACGATATCTATGGGGATG,0,2874610
ompRp3,0.3333333333333333,2,2,CTACCATCGCTATTAGGGCA,0,2886654
ompRp3,0.3333333333333333,2,2,CTACAGAAACGGATGCACAT,0,2866375
ompRp3,0.3333333333333333,2,2,CTAATTCATGGAGACCTAGT,0,2871516
ompRp3,0.3333333333333333,2,2,CTAATCACGGCCAAATGGCA,0,2882971
ompRp3,0.3333333333333333,2,2,CTAATAGACGGGGGTCTACC,0,2867091
ompRp3,0.3333333333333333,2,2,CTAAGATGCACATTGGATGC,0,2880184
ompRp3,0.3333333333333333,2,2,CTAAAAGGGAAACCGAAGGC,0,2861482
ompRp3,0.3333333333333333,2,2,CTAAAAAACGCTAGCGTTGT,0,2873926
ompRp3,0.3333333333333333,2,2,CGTTTTAGGCAAGATTACGG,0,2884501
ompRp3,0.3333333333333333,2,2,CGTTTGACGCTCCGGTCATA,0,2873670
ompRp3,0.3333333333333333,2,2,CGTTGGTGTCGCAGCAGGGC,0,2904579
ompRp3,0.3333333333333333,2,2,CGTTGATGCGCGGATACATC,0,2892993
ompRp3,0.3333333333333333,2,2,CGTTACACGTTGGTCTCTGC,0,2892456
ompRp3,0.3333333333333333,2,2,CGTGGGGGTGAGGGCATGAT,0,2878989
ompRp3,0.3333333333333333,2,2,CGTGCTTTCTACGGCGACAC,0,2898645
ompRp3,0.3333333333333333,2,2,CGTGCGATTAGCTAAAGCTT,0,2905219
ompRp3,0.3333333333333333,2,2,CGTGCCCTTGGTTTCAGGGA,0,2865932
ompRp3,0.3333333333333333,2,2,CGTGACTTACGAGTGCTGGG,0,2874137
ompRp3,0.3333333333333333,2,2,CGTCTTTGGGCGTACGCAAT,0,2869573
ompRp3,0.3333333333333333,2,2,CGTCTGATTGCGCGAGTCAC,0,2876462
ompRp3,0.3333333333333333,2,2,CGTCGTGAGTACGGTACCGA,0,2866902
ompRp3,0.3333333333333333,2,2,CGTCGGCATAGGGCCAATCT,0,2878772
ompRp3,0.3333333333333333,2,2,CGTCCATAGTAACCCCGGTG,0,2865935
ompRp3,0.3333333333333333,2,2,CGTCATCAGCTGGGCTACTT,0,2887063
ompRp3,0.3333333333333333,2,2,CGTCATAGTCTCTGACGCGG,0,2865571
ompRp3,0.3333333333333333,2,2,CGTCAAATCAGGCGCGTATC,0,2876345
ompRp3,0.3333333333333333,2,2,CGTCAAACACATCCCCAGTT,0,2880119
ompRp3,0.3333333333333333,2,2,CGTATTTGGGGTGTCGGCTG,0,2880706
ompRp3,0.3333333333333333,2,2,CGTATTCTGAGGACGTACGT,0,2903707
ompRp3,0.3333333333333333,2,2,CGTATAGTTTTTTATACCAA,0,2866266
ompRp3,0.3333333333333333,2,2,CGTAGCTGTTAGGCCTTTGT,0,2886768
ompRp3,0.3333333333333333,2,2,CGTACGGTCCGCTTCGCTCG,0,2889152
ompRp3,0.3333333333333333,2,2,CGTACCCTCATGCCTTGTAC,0,2879795
ompRp3,0.3333333333333333,2,2,CGTACCCACACATTGTAGCT,0,2865697
ompRp3,0.3333333333333333,2,2,CGTAATGGGACTTGAGAAGG,0,2882695
ompRp3,0.3333333333333333,2,2,CGTAAAAGAACCGTGGGCGG,0,2875007
ompRp3,0.3333333333333333,2,2,CGGTTGAGTGACCGAGAAAG,0,2876190
ompRp3,0.3333333333333333,2,2,CGGTTCGTACTCTCTGGAAG,0,2903985
ompRp3,0.3333333333333333,2,2,CGGTGGCGGGCATTCCAACG,0,2895413
ompRp3,0.3333333333333333,2,2,CGGTGAGGCCACGGCGTGGA,0,2899477
ompRp3,0.3333333333333333,2,2,CGGTCTTAGGTCAAAGCCAA,0,2863983
ompRp3,0.3333333333333333,2,2,CGGTCAGTTGACGAGTAGCT,0,2886583
ompRp3,0.3333333333333333,2,2,CGGTATGTGATTACATGTAA,0,2906345
ompRp3,0.3333333333333333,2,2,CGGTATGAGACGCTCTCGCT,0,2894284
ompRp3,0.3333333333333333,2,2,CGGTATCGTTCGTACTTTCC,0,2892878
ompRp3,0.3333333333333333,2,2,CGGTAAAGACGGTACCTAAG,0,2900140
ompRp3,0.3333333333333333,2,2,CGGGTACTACAGCACGGCGT,0,2879165
ompRp3,0.3333333333333333,2,2,CGGGGTTTACGGTTTAAGCT,0,2901588
ompRp3,0.3333333333333333,2,2,CGGGGTGAAATCTGTACGTG,0,2902634
ompRp3,0.3333333333333333,2,2,CGGGGTAGTAAAGGCTAGTA,0,2877977
ompRp3,0.3333333333333333,2,2,CGGGCTTAAACACTCGTAGG,0,2896861
ompRp3,0.3333333333333333,2,2,CGGGCTACGGGCTTAGTCTG,0,2871496
ompRp3,0.3333333333333333,2,2,CGGGAGGCAAGCACCGAGGA,0,2886219
ompRp3,0.3333333333333333,2,2,CGGGAAGGTGAATGATTGAG,0,2897277
ompRp3,0.3333333333333333,2,2,CGGCTATCGATGGCTCATCA,0,2866825
ompRp3,0.3333333333333333,2,2,CGGCTATACAGCGGCATGCT,0,2889480
ompRp3,0.3333333333333333,2,2,CGGCGCTCGCTTACATGTAC,0,2898671
ompRp3,0.3333333333333333,2,2,CGGCGCTCCGGCATAGGGGG,0,2863048
ompRp3,0.3333333333333333,2,2,CGGCGCTATAAGCTTCATAT,0,2896000
ompRp3,0.3333333333333333,2,2,CGGCCTTTTCGCTTGAACAA,0,2875650
ompRp3,0.3333333333333333,2,2,CGGCAGCGGTAGTTGACGTC,0,2872506
ompRp3,0.3333333333333333,2,2,CGGATTGTATCTTTGTCCAC,0,2876223
ompRp3,0.3333333333333333,2,2,CGGATTCACTGATATTAATA,0,2864150
ompRp3,0.3333333333333333,2,2,CGGATGCTTAGGTCGTGATC,0,2882190
ompRp3,0.3333333333333333,2,2,CGGATCGGGTCCACAAACCC,0,2891504
ompRp3,0.3333333333333333,2,2,CGGAGATTCCCCATGACTGA,0,2881293
ompRp3,0.3333333333333333,2,2,CGGACCGTCCACTCGTTGTG,0,2907498
ompRp3,0.3333333333333333,2,2,CGGAACCTGGGGTAATACTG,0,2882650
ompRp3,0.3333333333333333,2,2,CGGAACAGATTATCTTGGTA,0,2864770
ompRp3,0.3333333333333333,2,2,CGCTTTGCTCAAGAACCGCG,0,2885699
ompRp3,0.3333333333333333,2,2,CGCTGTGAGTAAATACGAGT,0,2891757
ompRp3,0.3333333333333333,2,2,CGCTCTTACCCCAGGGAGAC,0,2891463
ompRp3,0.3333333333333333,2,2,CGCTCTGCTGGTGTTAGGTT,0,2892739
ompRp3,0.3333333333333333,2,2,CGCTCGAATTTGTGAAATGC,0,2899722
ompRp3,0.3333333333333333,2,2,CGCTAAACACCCAGACCATC,0,2864298
ompRp3,0.3333333333333333,2,2,CGCGTATGAAATGGAAGACC,0,2863639
ompRp3,0.3333333333333333,2,2,CGCGGTATACTCATGTGTGA,0,2903909
ompRp3,0.3333333333333333,2,2,CGCGGCTAGAAATCACAGCT,0,2863261
ompRp3,0.3333333333333333,2,2,CGCGCTTAAGGACCCCAAAT,0,2868064
ompRp3,0.3333333333333333,2,2,CGCGCGAACACGCGTCGGGT,0,2874663
ompRp3,0.3333333333333333,2,2,CGCGACCTATGCGCATTCGG,0,2900597
ompRp3,0.3333333333333333,2,2,CGCGAATTGTTTAAGTGCCC,0,2884774
ompRp3,0.3333333333333333,2,2,CGCGAACCTCATTCTCCGAC,0,2872537
ompRp3,0.3333333333333333,2,2,CGCCTTTGCCACCCTTACTA,0,2883095
ompRp3,0.3333333333333333,2,2,CGCCTTGCTCGTCCTTCTGA,0,2891953
ompRp3,0.3333333333333333,2,2,CGCCTGCGGTTCCGTGCACC,0,2866433
ompRp3,0.3333333333333333,2,2,CGCCTAGGACAATCGCGATT,0,2889236
ompRp3,0.3333333333333333,2,2,CGCCGCTACCTCTCCCAGGT,0,2872260
ompRp3,0.3333333333333333,2,2,CGCCCGTTCTACGGCATGTG,0,2876890
ompRp3,0.3333333333333333,2,2,CGCATTTGGGAGTCGGTCTT,0,2874205
ompRp3,0.3333333333333333,2,2,CGCATCTCGTGTGCAAACAT,0,2863409
ompRp3,0.3333333333333333,2,2,CGCATCCCAAATCACGTAGT,0,2881663
ompRp3,0.3333333333333333,2,2,CGCAGGCCACACAGGCCCCG,0,2901485
ompRp3,0.3333333333333333,2,2,CGCAGAGATGTTGTACCATC,0,2904223
ompRp3,0.3333333333333333,2,2,CGCACGAAGGATCGGAACGT,0,2900709
ompRp3,0.3333333333333333,2,2,CGATTGCCCAGGGAAACATT,0,2868564
ompRp3,0.3333333333333333,2,2,CGATTCTACTCAGCCTCGCA,0,2892856
ompRp3,0.3333333333333333,2,2,CGATTCAGAGCATTGCTTAG,0,2874509
ompRp3,0.3333333333333333,2,2,CGATTATTGTGATCATGCCT,0,2902363
ompRp3,0.3333333333333333,2,2,CGATGAATCCGCAGACACCT,0,2891347
ompRp3,0.3333333333333333,2,2,CGATACCGGGAGATCGACGG,0,2866522
ompRp3,0.3333333333333333,2,2,CGAGTTATAGCACCACCGAC,0,2862238
ompRp3,0.3333333333333333,2,2,CGAGTCTCATTTTGAGTATA,0,2882945
ompRp3,0.3333333333333333,2,2,CGAGTATTCACACCGATATT,0,2872377
ompRp3,0.3333333333333333,2,2,CGAGGTAGGACGCCCGTCCA,0,2886359
ompRp3,0.3333333333333333,2,2,CGAGGGTAAACGTTTGGGCT,0,2862308
ompRp3,0.3333333333333333,2,2,CGAGCGGACCGCTTGTACGT,0,2904314
ompRp3,0.3333333333333333,2,2,CGACTGGCCGACGGTTCTGT,0,2882985
ompRp3,0.3333333333333333,2,2,CGACTGAGTAAGGATACGAC,0,2905832
ompRp3,0.3333333333333333,2,2,CGACTATTCTGGTTCATTTT,0,2877659
ompRp3,0.3333333333333333,2,2,CGACGGCGCAAAGATGAAGA,0,2893210
ompRp3,0.3333333333333333,2,2,CGACCACGAATGAAAACTAG,0,2869830
ompRp3,0.3333333333333333,2,2,CGACATCTTAGAATGATCAG,0,2898135
ompRp3,0.3333333333333333,2,2,CGAATTAACTGGGAAAGATT,0,2892351
ompRp3,0.3333333333333333,2,2,CGAATCTCCAAAAGGGCGTC,0,2863190
ompRp3,0.3333333333333333,2,2,CGAATATCGAATAGGCTGGT,0,2894923
ompRp3,0.3333333333333333,2,2,CGAATAGTACTCGCAATAAT,0,2889010
ompRp3,0.3333333333333333,2,2,CGAATACCCAAGGCATTCCC,0,2896433
ompRp3,0.3333333333333333,2,2,CGAAAAAGACCGGCACCTTA,0,2868004
ompRp3,0.3333333333333333,2,2,CCTTTTGATTGTGTCCGAAA,0,2896238
ompRp3,0.3333333333333333,2,2,CCTTTTCGCTCGGCGTACCC,0,2861926
ompRp3,0.3333333333333333,2,2,CCTTTTCAAGTGAACTTGGA,0,2881988
ompRp3,0.3333333333333333,2,2,CCTTTTATTCCTAAGACACC,0,2897067
ompRp3,0.3333333333333333,2,2,CCTTTCAGGGTTCATGATAA,0,2898336
ompRp3,0.3333333333333333,2,2,CCTTTACTGACGGTGGAAGA,0,2865846
ompRp3,0.3333333333333333,2,2,CCTTCCGGAATAATGAAGGG,0,2903628
ompRp3,0.3333333333333333,2,2,CCTGTAGGGGTCTTAACCTA,0,2864413
ompRp3,0.3333333333333333,2,2,CCTGAGGAAATGGCTCATTG,0,2888390
ompRp3,0.3333333333333333,2,2,CCTCTCGATCGAAACCTCGC,0,2902090
ompRp3,0.3333333333333333,2,2,CCTCGGTCGGGGAACTATTA,0,2873809
ompRp3,0.3333333333333333,2,2,CCTCGCGAGAATGAGGGAGT,0,2881958
ompRp3,0.3333333333333333,2,2,CCTCGACCTAAATCAAGCAG,0,2878804
ompRp3,0.3333333333333333,2,2,CCTATGCCGCTGCGAAAAAG,0,2890340
ompRp3,0.3333333333333333,2,2,CCTATCCTCTTTAGGACCAG,0,2872205
ompRp3,0.3333333333333333,2,2,CCTATACAGACCTCACGTCA,0,2886619
ompRp3,0.3333333333333333,2,2,CCTAGTTACATGTATCCTTA,0,2893881
ompRp3,0.3333333333333333,2,2,CCTAGTCCCTTTAAATCTAA,0,2881566
ompRp3,0.3333333333333333,2,2,CCTACCGATAAAGGAGCATG,0,2895686
ompRp3,0.3333333333333333,2,2,CCTACACGCTATTCGTGCAG,0,2884704
ompRp3,0.3333333333333333,2,2,CCTAATGCAGACTTCGTGAC,0,2874620
ompRp3,0.3333333333333333,2,2,CCTAAGACAGCGGCGGTTAC,0,2894656
ompRp3,0.3333333333333333,2,2,CCGTTGGATCTTAGAGACAC,0,2893130
ompRp3,0.3333333333333333,2,2,CCGTTCTCTCCGATACACGC,0,2868801
ompRp3,0.3333333333333333,2,2,CCGTGCTCAGATTCATGTGC,0,2886497
ompRp3,0.3333333333333333,2,2,CCGTCCGAAACGTGCCGTTG,0,2901880
ompRp3,0.3333333333333333,2,2,CCGTATGTAGGTTTGGGGTT,0,2885213
ompRp3,0.3333333333333333,2,2,CCGGTGTTGTAAGCCGGAAC,0,2892779
ompRp3,0.3333333333333333,2,2,CCGGTCATACCGCTGAACCT,0,2882350
ompRp3,0.3333333333333333,2,2,CCGGGTCTCGCCCTTCGGGT,0,2896469
ompRp3,0.3333333333333333,2,2,CCGGGGATCGAGCGCGGCCA,0,2876459
ompRp3,0.3333333333333333,2,2,CCGGGCTTGCGTAGAGTTCC,0,2882526
ompRp3,0.3333333333333333,2,2,CCGGCTTTCACGGGCTGGCA,0,2862328
ompRp3,0.3333333333333333,2,2,CCGGCTAGTTGAAGTGCATT,0,2875450
ompRp3,0.3333333333333333,2,2,CCGGCTACCCGTGAATTCCT,0,2881136
ompRp3,0.3333333333333333,2,2,CCGGCATGAACCCCCCCCAC,0,2867464
ompRp3,0.3333333333333333,2,2,CCGGAGGCAGTATTCGGCAA,0,2861389
ompRp3,0.3333333333333333,2,2,CCGGACCTCTTGGCGATTGG,0,2863501
ompRp3,0.3333333333333333,2,2,CCGCTGCAACTTATGTCACT,0,2872875
ompRp3,0.3333333333333333,2,2,CCGCTCGGTTTGTGGGGATA,0,2878744
ompRp3,0.3333333333333333,2,2,CCGCTAGGATCACGAACAAC,0,2871780
ompRp3,0.3333333333333333,2,2,CCGCGACACGCGCTCTTCAC,0,2878840
ompRp3,0.3333333333333333,2,2,CCGCACATGCACCTTAAAGA,0,2869601
ompRp3,0.3333333333333333,2,2,CCGATTTCGCTAACTGGGTT,0,2874192
ompRp3,0.3333333333333333,2,2,CCGACCCTGACAGATAAGTC,0,2865105
ompRp3,0.3333333333333333,2,2,CCGAATATAGCAACGCGCAT,0,2895106
ompRp3,0.3333333333333333,2,2,CCCTGTCCACATCGACGAAG,0,2869192
ompRp3,0.3333333333333333,2,2,CCCTGTAATAATATGCGGTA,0,2902725
ompRp3,0.3333333333333333,2,2,CCCTGTAAAATTTCGTTCCA,0,2877174
ompRp3,0.3333333333333333,2,2,CCCTGGGACGTCGTGGCAAC,0,2864282
ompRp3,0.3333333333333333,2,2,CCCTGGCAAACAACGTCATT,0,2885586
ompRp3,0.3333333333333333,2,2,CCCTCTTTGTTCCCGTCTTA,0,2890818
ompRp3,0.3333333333333333,2,2,CCCTCAGGCTTCTCGCCACG,0,2870746
ompRp3,0.3333333333333333,2,2,CCCTATTCGGGCGGGGTAAC,0,2873317
ompRp3,0.3333333333333333,2,2,CCCGGTCGAAGCGGCTAGTT,0,2889615
ompRp3,0.3333333333333333,2,2,CCCGGTAGGTGCCTATCACA,0,2897037
ompRp3,0.3333333333333333,2,2,CCCGGACCGGGTGTAGGATT,0,2890200
ompRp3,0.3333333333333333,2,2,CCCGCCCAGCAGAGACATAA,0,2879868
ompRp3,0.3333333333333333,2,2,CCCGCAAAGTAGCCCTGAAA,0,2888684
ompRp3,0.3333333333333333,2,2,CCCGAATGAGCAAGCACCAG,0,2894925
ompRp3,0.3333333333333333,2,2,CCCCTCCAAAATTCGGGTAT,0,2870643
ompRp3,0.3333333333333333,2,2,CCCCTAGATACCCGACGCGC,0,2889141
ompRp3,0.3333333333333333,2,2,CCCCGTTAGGTCCGTGGCGA,0,2898468
ompRp3,0.3333333333333333,2,2,CCCCACGCATAAATGGTTTC,0,2871518
ompRp3,0.3333333333333333,2,2,CCCATTTCGTAGGAGAATGG,0,2871195
ompRp3,0.3333333333333333,2,2,CCCATTGGAGTTAACGGGTC,0,2893115
ompRp3,0.3333333333333333,2,2,CCCATTCAGCGAGCGCGGAG,0,2865627
ompRp3,0.3333333333333333,2,2,CCCATCGGGACAATAGGCTT,0,2873388
ompRp3,0.3333333333333333,2,2,CCCAACGCCGATCTTTGTTG,0,2868310
ompRp3,0.3333333333333333,2,2,CCCAAATGCTCAAGTGGTCA,0,2901974
ompRp3,0.3333333333333333,2,2,CCATTTGCGTAACCTCGGAC,0,2860962
ompRp3,0.3333333333333333,2,2,CCATGAGACTGTCTTGGTAC,0,2861358
ompRp3,0.3333333333333333,2,2,CCATCTTGATTGCCGCATGT,0,2887501
ompRp3,0.3333333333333333,2,2,CCATCGGAATAGTTGCTGCA,0,2894059
ompRp3,0.3333333333333333,2,2,CCATCACATTTTACATGGGA,0,2860851
ompRp3,0.3333333333333333,2,2,CCATATGTAGGAAGACTCTG,0,2887427
ompRp3,0.3333333333333333,2,2,CCATATCATGCTTCTTACAT,0,2888103
ompRp3,0.3333333333333333,2,2,CCATACGGGAATTCGATCAT,0,2882527
ompRp3,0.3333333333333333,2,2,CCAGTTACGAATACTCCATA,0,2891806
ompRp3,0.3333333333333333,2,2,CCAGTCTATAGACGCTGGGC,0,2890467
ompRp3,0.3333333333333333,2,2,CCAGTCGGCGATGTAGTATG,0,2905965
ompRp3,0.3333333333333333,2,2,CCAGCTTCCCTACTGGTTTC,0,2890093
ompRp3,0.3333333333333333,2,2,CCAGCGAGGTCGTTTCGTGT,0,2861835
ompRp3,0.3333333333333333,2,2,CCAGCACCTTAGCCAAAATG,0,2900968
ompRp3,0.3333333333333333,2,2,CCACTCTAATGGGTGCCATT,0,2890008
ompRp3,0.3333333333333333,2,2,CCACTCCCTAGCTTCTCTCG,0,2874581
ompRp3,0.3333333333333333,2,2,CCACCGCTCCTATCGTAGGG,0,2906511
ompRp3,0.3333333333333333,2,2,CCACCCGTCACGTACATGGA,0,2871542
ompRp3,0.3333333333333333,2,2,CCACATTCGTTACAGCAAGA,0,2868250
ompRp3,0.3333333333333333,2,2,CCACACTTTCCAATGGGGGC,0,2898686
ompRp3,0.3333333333333333,2,2,CCAAGTACCAACTCAGAATG,0,2884703
ompRp3,0.3333333333333333,2,2,CCAAGGAATGCTGGGGAGTC,0,2883464
ompRp3,0.3333333333333333,2,2,CCAACTGAGGATATCTCACA,0,2869512
ompRp3,0.3333333333333333,2,2,CCAACGGTCTTGTGATTGTA,0,2879618
ompRp3,0.3333333333333333,2,2,CCAACGCCGTGCCACCGTCC,0,2907020
ompRp3,0.3333333333333333,2,2,CCAACCCTCTCTGATACTGC,0,2868846
ompRp3,0.3333333333333333,2,2,CCAACAGGCCTTTAACGTGC,0,2863636
ompRp3,0.3333333333333333,2,2,CCAAAGTAAACCGTGAGATA,0,2882928
ompRp3,0.3333333333333333,2,2,CATTTTGTACGATCTTGCGG,0,2877636
ompRp3,0.3333333333333333,2,2,CATTTAGGTTGCTATCCTCA,0,2873236
ompRp3,0.3333333333333333,2,2,CATTGAAACGTTATTGGGCC,0,2886611
ompRp3,0.3333333333333333,2,2,CATTCCGGGGTACACGTGGC,0,2883789
ompRp3,0.3333333333333333,2,2,CATTAGCGTTCCGGTGCAAG,0,2887537
ompRp3,0.3333333333333333,2,2,CATGTGTAGGTCGTACTGGC,0,2900006
ompRp3,0.3333333333333333,2,2,CATGTGGCCGAGGGAAGCTA,0,2870241
ompRp3,0.3333333333333333,2,2,CATGTCCGCACAGAGGCGGG,0,2878842
ompRp3,0.3333333333333333,2,2,CATGGGACGGGGCGGTGTAT,0,2903473
ompRp3,0.3333333333333333,2,2,CATGCTTGTCAACTTCATCC,0,2869276
ompRp3,0.3333333333333333,2,2,CATGCTCCAGGCGCAACCCT,0,2881709
ompRp3,0.3333333333333333,2,2,CATGCGGAATGTGGTTATTC,0,2905275
ompRp3,0.3333333333333333,2,2,CATGCGATTTATTGGTTTCT,0,2904278
ompRp3,0.3333333333333333,2,2,CATCTTATTCGCGCCCCCAG,0,2865783
ompRp3,0.3333333333333333,2,2,CATCCGAACCAGCAGAATTG,0,2906575
ompRp3,0.3333333333333333,2,2,CATCCACGTTCATGCCACCA,0,2904877
ompRp3,0.3333333333333333,2,2,CATCATTAGATATTTTTCGC,0,2902757
ompRp3,0.3333333333333333,2,2,CATCAGGACAATACGGGCTA,0,2895614
ompRp3,0.3333333333333333,2,2,CATCACTCGTGCAAATGATT,0,2902656
ompRp3,0.3333333333333333,2,2,CATATGTAGATGTAATCGAG,0,2897590
ompRp3,0.3333333333333333,2,2,CATACGGTTCCATGAGATAG,0,2861020
ompRp3,0.3333333333333333,2,2,CATACAGACCACATCGGCAA,0,2881245
ompRp3,0.3333333333333333,2,2,CATAAGGGTGGTAGGATGCT,0,2886464
ompRp3,0.3333333333333333,2,2,CATAAGGCCAATCAAAGATG,0,2891346
ompRp3,0.3333333333333333,2,2,CAGTTATAGGGATGAGACAC,0,2866935
ompRp3,0.3333333333333333,2,2,CAGTGGAAGATAGAGAATAT,0,2880350
ompRp3,0.3333333333333333,2,2,CAGTCCTCTATTAATTTGAC,0,2881769
ompRp3,0.3333333333333333,2,2,CAGTAGGGCTAATGAAAACG,0,2873096
ompRp3,0.3333333333333333,2,2,CAGTAAGAGCTAATGGGACA,0,2885697
ompRp3,0.3333333333333333,2,2,CAGGTGCCCTCGCCCCGGTG,0,2880032
ompRp3,0.3333333333333333,2,2,CAGGTCAGTCGAAACTTGCT,0,2903306
ompRp3,0.3333333333333333,2,2,CAGGGCAAAATCACCGTGCA,0,2899879
ompRp3,0.3333333333333333,2,2,CAGGCTAGACCGGCTCTAGT,0,2862947
ompRp3,0.3333333333333333,2,2,CAGGCATGCGCGTAGATCAT,0,2892952
ompRp3,0.3333333333333333,2,2,CAGGCAAAGGTAGCCAAAGT,0,2895558
ompRp3,0.3333333333333333,2,2,CAGGATCTCGACTCGTAAAA,0,2877856
ompRp3,0.3333333333333333,2,2,CAGGATATATACGGGAGAGT,0,2880441
ompRp3,0.3333333333333333,2,2,CAGGACTTCTAAGAAGACGC,0,2900142
ompRp3,0.3333333333333333,2,2,CAGGACGAAAGCGCTAGCGA,0,2876556
ompRp3,0.3333333333333333,2,2,CAGCTTCGTGCGACCTCTTC,0,2892592
ompRp3,0.3333333333333333,2,2,CAGCTGCTCTGGGTTTTTTC,0,2877572
ompRp3,0.3333333333333333,2,2,CAGCGTATGGTAACTCGGCT,0,2877279
ompRp3,0.3333333333333333,2,2,CAGCGCCTGTAGCGGGCCAC,0,2905295
ompRp3,0.3333333333333333,2,2,CAGCCGAGTACTGAGTATAA,0,2860735
ompRp3,0.3333333333333333,2,2,CAGCACTCTGACCGTGATTA,0,2866982
ompRp3,0.3333333333333333,2,2,CAGCACGCACAGTCTAGAAC,0,2866449
ompRp3,0.3333333333333333,2,2,CAGATCACGGTAACCTAATG,0,2892674
ompRp3,0.3333333333333333,2,2,CAGAGGCGGCAAGGTAAGTA,0,2863828
ompRp3,0.3333333333333333,2,2,CAGAGCTCAGAATTTAATCT,0,2905393
ompRp3,0.3333333333333333,2,2,CAGAGCCGGGGTGTATATAC,0,2884011
ompRp3,0.3333333333333333,2,2,CAGAAAATTGGCGCGACGCG,0,2906399
ompRp3,0.3333333333333333,2,2,CACTGGTCATCTTCGCGTGC,0,2900201
ompRp3,0.3333333333333333,2,2,CACTGCTATTGATAGCAACT,0,2879502
ompRp3,0.3333333333333333,2,2,CACGTTGTCTCATTAAGGAC,0,2861519
ompRp3,0.3333333333333333,2,2,CACGATTGGATAGGGGCTGA,0,2902337
ompRp3,0.3333333333333333,2,2,CACGACGACCGAGGGCATCG,0,2892638
ompRp3,0.3333333333333333,2,2,CACGACCATGCCGGCCACAT,0,2869647
ompRp3,0.3333333333333333,2,2,CACCCAATTGGCGGCGTCTA,0,2887600
ompRp3,0.3333333333333333,2,2,CACCACGATATCTACGCCGT,0,2898967
ompRp3,0.3333333333333333,2,2,CACATGCGTGCATGATCTCG,0,2874129
ompRp3,0.3333333333333333,2,2,CACATGAGCAGGAGTATGGT,0,2864983
ompRp3,0.3333333333333333,2,2,CACATACGTATAGGCATGTG,0,2886122
ompRp3,0.3333333333333333,2,2,CACAGGTCAAGCGGTGTCAC,0,2882078
ompRp3,0.3333333333333333,2,2,CACAGGGGGGTCCTGCTAGT,0,2872992
ompRp3,0.3333333333333333,2,2,CACACGGTCGCATCCGCTAA,0,2887036
ompRp3,0.3333333333333333,2,2,CACACCGATACATAGAAACC,0,2897376
ompRp3,0.3333333333333333,2,2,CACAAAGTGCCATTTAAAGT,0,2906790
ompRp3,0.3333333333333333,2,2,CAATGAATATCCTCCTGACC,0,2869938
ompRp3,0.3333333333333333,2,2,CAATCGGTGGAGTGGGGCAG,0,2861120
ompRp3,0.3333333333333333,2,2,CAATACTTCTTCGAGTCTTA,0,2868213
ompRp3,0.3333333333333333,2,2,CAATAAGTGTGCACATGGGT,0,2896073
ompRp3,0.3333333333333333,2,2,CAAGTAGAAATAAAGGCAAG,0,2880898
ompRp3,0.3333333333333333,2,2,CAAGGAGCCGTAGTACGAAT,0,2896756
ompRp3,0.3333333333333333,2,2,CAAGGAATTAGAGGAGGTGG,0,2905843
ompRp3,0.3333333333333333,2,2,CAAGCCGTTTCCGCTCGGTC,0,2866650
ompRp3,0.3333333333333333,2,2,CAAGCCAGCGTCTTACACTA,0,2860728
ompRp3,0.3333333333333333,2,2,CAACTGCTTCGATTTCATCA,0,2864625
ompRp3,0.3333333333333333,2,2,CAACGTTGAGAAGCGGAGGA,0,2877582
ompRp3,0.3333333333333333,2,2,CAACGGCAAACGGACGTACA,0,2903621
ompRp3,0.3333333333333333,2,2,CAAATCAGTTCTCGTTTAAT,0,2861952
ompRp3,0.3333333333333333,2,2,CAAACTTGTGGTGAGTAGGC,0,2885390
ompRp3,0.3333333333333333,2,2,CAAAAGGTCTGTGACACTGT,0,2876607
ompRp3,0.3333333333333333,2,2,CAAAACCATATAGACTTTAC,0,2890226
ompRp3,0.3333333333333333,2,2,CAAAACACCGGTTTACCACA,0,2873766
ompRp3,0.3333333333333333,2,2,CAAAAATGCTCGTTCTTAAA,0,2876365
ompRp3,0.3333333333333333,2,2,ATTTTTCGGTTATTTGCATT,0,2884226
ompRp3,0.3333333333333333,2,2,ATTTTGGCGGGTTGACCCCA,0,2905921
ompRp3,0.3333333333333333,2,2,ATTTTAGTGAAAGCTGCGAC,0,2891877
ompRp3,0.3333333333333333,2,2,ATTTGTGCGTCTCCACCTTC,0,2877844
ompRp3,0.3333333333333333,2,2,ATTTGGCGCTCTCGAGTTGG,0,2904413
ompRp3,0.3333333333333333,2,2,ATTTCGACCAAATAGGGCTA,0,2873950
ompRp3,0.3333333333333333,2,2,ATTTACGATAGAGTTCTCGT,0,2887951
ompRp3,0.3333333333333333,2,2,ATTTACAAAGTTCATTTCGA,0,2868146
ompRp3,0.3333333333333333,2,2,ATTGTTCTGTCTGTTTGATC,0,2898961
ompRp3,0.3333333333333333,2,2,ATTGTGGTCACCAGAAGTCC,0,2881603
ompRp3,0.3333333333333333,2,2,ATTGTGATCCCAAGTAGTCT,0,2892752
ompRp3,0.3333333333333333,2,2,ATTGGTGCTCGGGACCATAA,0,2873498
ompRp3,0.3333333333333333,2,2,ATTGGTAGTAAAGATTCGGG,0,2870847
ompRp3,0.3333333333333333,2,2,ATTGGCTAAGCAAATCTTTA,0,2888737
ompRp3,0.3333333333333333,2,2,ATTGGACCGACGGGTGATTC,0,2898120
ompRp3,0.3333333333333333,2,2,ATTGCCCAGCGAAGGGATTT,0,2882183
ompRp3,0.3333333333333333,2,2,ATTCTTCGGCAAACCATACC,0,2875739
ompRp3,0.3333333333333333,2,2,ATTCCAGGTCGCGGGGCGTG,0,2872699
ompRp3,0.3333333333333333,2,2,ATTCCACTCCAACCAAACGA,0,2903976
ompRp3,0.3333333333333333,2,2,ATTATTTGATACCTCATCAT,0,2889326
ompRp3,0.3333333333333333,2,2,ATTAGGGATCGACAGGCCAA,0,2868189
ompRp3,0.3333333333333333,2,2,ATTAGGACTTACCGCCGTTT,0,2865787
ompRp3,0.3333333333333333,2,2,ATTAGATGTGAGCAAGTTAC,0,2888981
ompRp3,0.3333333333333333,2,2,ATTAGACGAGGATCCTGACT,0,2902066
ompRp3,0.3333333333333333,2,2,ATTACCCACTTCCAACGGGT,0,2875032
ompRp3,0.3333333333333333,2,2,ATTAAACTTGGAAGTAGAGT,0,2871135
ompRp3,0.3333333333333333,2,2,ATGTTGGTTGGCGACTAAAA,0,2878876
ompRp3,0.3333333333333333,2,2,ATGTGATACCAGGATTCCTG,0,2898891
ompRp3,0.3333333333333333,2,2,ATGTCTCATACGCGCTTTGG,0,2904583
ompRp3,0.3333333333333333,2,2,ATGTAAGATCTGTGTCGGAG,0,2866671
ompRp3,0.3333333333333333,2,2,ATGGGTCTGAGAGACCCGTG,0,2861317
ompRp3,0.3333333333333333,2,2,ATGGGGTGAGTGCGCGGATA,0,2904376
ompRp3,0.3333333333333333,2,2,ATGGGGGTGCTTTTCAGCCG,0,2869505
ompRp3,0.3333333333333333,2,2,ATGGCAACTACTACCTCAAA,0,2892390
ompRp3,0.3333333333333333,2,2,ATGGACTCGCCATCAATTCG,0,2883577
ompRp3,0.3333333333333333,2,2,ATGCTGACGCACTTTGTAAA,0,2905231
ompRp3,0.3333333333333333,2,2,ATGCTCTTCTGAGACTTAAT,0,2896626
ompRp3,0.3333333333333333,2,2,ATGCTCTGGGTGTGAGGGCT,0,2879405
ompRp3,0.3333333333333333,2,2,ATGCGCGTGACCGACCCGGG,0,2902884
ompRp3,0.3333333333333333,2,2,ATGCGAGAGTACCTCGTGCT,0,2886894
ompRp3,0.3333333333333333,2,2,ATGCGACTTCGGTGCTGACC,0,2868113
ompRp3,0.3333333333333333,2,2,ATGCCGATTCGCATGCTAGT,0,2873747
ompRp3,0.3333333333333333,2,2,ATGCAACGCCAGGATAAGTA,0,2880140
ompRp3,0.3333333333333333,2,2,ATGATGCGGTGCCGAACTTG,0,2886708
ompRp3,0.3333333333333333,2,2,ATGATCTACTTTACATGACA,0,2861643
ompRp3,0.3333333333333333,2,2,ATGATCGCACTAAGGCAAAA,0,2871270
ompRp3,0.3333333333333333,2,2,ATGAGTAGCGCCTACCAGCG,0,2865999
ompRp3,0.3333333333333333,2,2,ATGAGAAGCTTGCCTCTGTT,0,2899894
ompRp3,0.3333333333333333,2,2,ATGACATTGAAGACGACATC,0,2869017
ompRp3,0.3333333333333333,2,2,ATGACATCTCAGCGTAGCTT,0,2890586
ompRp3,0.3333333333333333,2,2,ATGACATCCGACCAATTCTG,0,2901949
ompRp3,0.3333333333333333,2,2,ATGAAGTTTTGCCAAGTAAT,0,2868991
ompRp3,0.3333333333333333,2,2,ATGAACGGTACCGGTAGTTT,0,2894182
ompRp3,0.3333333333333333,2,2,ATCTTGCCGCTGGTGAGTGG,0,2879356
ompRp3,0.3333333333333333,2,2,ATCTTCAAGGGAGTTTGGTT,0,2904644
ompRp3,0.3333333333333333,2,2,ATCTGTAGAGCCCAATTGTC,0,2866784
ompRp3,0.3333333333333333,2,2,ATCTGGTCTGGCTGTTTTTT,0,2907038
ompRp3,0.3333333333333333,2,2,ATCTCATATTCTGCTTCTTT,0,2871152
ompRp3,0.3333333333333333,2,2,ATCTAATTTCAGGAAGCCCT,0,2865296
ompRp3,0.3333333333333333,2,2,ATCGTGTGCTATCTGTCTGC,0,2884558
ompRp3,0.3333333333333333,2,2,ATCGTGTGATCATGGTGGCG,0,2893608
ompRp3,0.3333333333333333,2,2,ATCGGTCTCGGTGATCGGGC,0,2894852
ompRp3,0.3333333333333333,2,2,ATCGGCGCTCTGCCCCTGGA,0,2896729
ompRp3,0.3333333333333333,2,2,ATCGCGTGGAGATAGCGACT,0,2894655
ompRp3,0.3333333333333333,2,2,ATCGCCGTCTACTCCGGACT,0,2899711
ompRp3,0.3333333333333333,2,2,ATCGCCCTGGAATTGTCATT,0,2890255
ompRp3,0.3333333333333333,2,2,ATCGCCATACCGTCCTGCAA,0,2868019
ompRp3,0.3333333333333333,2,2,ATCGAAAAAGGGGTTGCGTG,0,2899750
ompRp3,0.3333333333333333,2,2,ATCCTTTATCCCACAGTTTC,0,2900031
ompRp3,0.3333333333333333,2,2,ATCCATTTCAAATGTACGTG,0,2882229
ompRp3,0.3333333333333333,2,2,ATCCAGAAGTGCCAAATTAT,0,2898041
ompRp3,0.3333333333333333,2,2,ATCATCTCTTGTCGCGAGAC,0,2865169
ompRp3,0.3333333333333333,2,2,ATCATAGGGTGGCCGCCTCG,0,2881294
ompRp3,0.3333333333333333,2,2,ATCAAGGAGCGCGTTGCCCG,0,2884794
ompRp3,0.3333333333333333,2,2,ATCAAATCTCGGGCACGGCC,0,2865415
ompRp3,0.3333333333333333,2,2,ATATTGCGTATCAGCAACGG,0,2879342
ompRp3,0.3333333333333333,2,2,ATATGTTGACGTCGGAGAGC,0,2864697
ompRp3,0.3333333333333333,2,2,ATATGTGATGTTAGAGACTT,0,2885512
ompRp3,0.3333333333333333,2,2,ATATGTACATAGACAATAGA,0,2901194
ompRp3,0.3333333333333333,2,2,ATATGGTAGCTTCTCATCCA,0,2905992
ompRp3,0.3333333333333333,2,2,ATATATCGGCTGTAGCCACG,0,2893863
ompRp3,0.3333333333333333,2,2,ATATACGTGGGGATTACTGT,0,2874514
ompRp3,0.3333333333333333,2,2,ATATACGGATGACTATAATA,0,2884976
ompRp3,0.3333333333333333,2,2,ATATAAGTTCCCGATCCCTC,0,2898512
ompRp3,0.3333333333333333,2,2,ATAGTATTGGGAACCTCAGT,0,2869945
ompRp3,0.3333333333333333,2,2,ATAGGCCTTAGGGTGAACGC,0,2870283
ompRp3,0.3333333333333333,2,2,ATAGGCCTGCTAATTCTAGC,0,2886580
ompRp3,0.3333333333333333,2,2,ATAGACGAGGCAGTAACGTG,0,2884796
ompRp3,0.3333333333333333,2,2,ATACTTGTTAGACTCGCAAT,0,2889129
ompRp3,0.3333333333333333,2,2,ATACTTCATCCAAGAAGGGT,0,2895877
ompRp3,0.3333333333333333,2,2,ATACTGGGAACCACTGGTTT,0,2878168
ompRp3,0.3333333333333333,2,2,ATACGCTTAACCCAAATGAG,0,2864713
ompRp3,0.3333333333333333,2,2,ATACCATCCTTCTACGGTTA,0,2905105
ompRp3,0.3333333333333333,2,2,ATACCAAGCCGATCGTTAAG,0,2899221
ompRp3,0.3333333333333333,2,2,ATACACGCCGGTGCTACCTA,0,2897814
ompRp3,0.3333333333333333,2,2,ATACACAACGGGGAGGCAGG,0,2874292
ompRp3,0.3333333333333333,2,2,ATAATGCGACGGGGTAACAA,0,2889510
ompRp3,0.3333333333333333,2,2,ATAATCAGGGACGCAAGTTT,0,2861844
ompRp3,0.3333333333333333,2,2,ATAATAGCACTCCCTGGTGC,0,2863300
ompRp3,0.3333333333333333,2,2,ATAAGGGTCTTTGCATCTAA,0,2865053
ompRp3,0.3333333333333333,2,2,ATAAGATTATTCGTGTCGGG,0,2892901
ompRp3,0.3333333333333333,2,2,ATAACGAGTTAGGGCTCATA,0,2880668
ompRp3,0.3333333333333333,2,2,ATAACGAGAGCCCCAGGTCT,0,2887570
ompRp3,0.3333333333333333,2,2,ATAACATTAGTCCGTTTCTG,0,2872453
ompRp3,0.3333333333333333,2,2,ATAAATGACGCGTGACAAAT,0,2901238
ompRp3,0.3333333333333333,2,2,AGTTTCGGTTGGGTGACTTT,0,2889874
ompRp3,0.3333333333333333,2,2,AGTTGTTGATCATAGCAGTG,0,2861671
ompRp3,0.3333333333333333,2,2,AGTTGTATCCAACCATTCAA,0,2862106
ompRp3,0.3333333333333333,2,2,AGTTGCAGCTGAACGACTAA,0,2906293
ompRp3,0.3333333333333333,2,2,AGTTGAACGGACTGATTGAC,0,2870057
ompRp3,0.3333333333333333,2,2,AGTTCCATCCCCGCCCCCAT,0,2865703
ompRp3,0.3333333333333333,2,2,AGTTACTCGAGCTGTCTAGA,0,2861325
ompRp3,0.3333333333333333,2,2,AGTTAAATGAGACGTGAGCC,0,2906237
ompRp3,0.3333333333333333,2,2,AGTTAAACTCGTGCTGATTG,0,2898965
ompRp3,0.3333333333333333,2,2,AGTGTTCGTCGTGAAATTCA,0,2879489
ompRp3,0.3333333333333333,2,2,AGTGTAGCAGGCAAATGTGG,0,2885926
ompRp3,0.3333333333333333,2,2,AGTGTACGTGCCTATGTCAC,0,2876494
ompRp3,0.3333333333333333,2,2,AGTGGTTATTCTTATAAGGT,0,2878362
ompRp3,0.3333333333333333,2,2,AGTGGGAGAGTAACATAACT,0,2879081
ompRp3,0.3333333333333333,2,2,AGTGCAGGCTGGATCATAAT,0,2889941
ompRp3,0.3333333333333333,2,2,AGTGCAACGCGGGGCAAATT,0,2888613
ompRp3,0.3333333333333333,2,2,AGTGAATGAGATCCCCTGGC,0,2866865
ompRp3,0.3333333333333333,2,2,AGTCTTCAGGGTATCCGAGC,0,2898943
ompRp3,0.3333333333333333,2,2,AGTCTCGACAGGTTAAGGTC,0,2888881
ompRp3,0.3333333333333333,2,2,AGTCGAGCTATGACGCTGCG,0,2893543
ompRp3,0.3333333333333333,2,2,AGTATATAAGTGTCGGTAAA,0,2891702
ompRp3,0.3333333333333333,2,2,AGTAGTATCTAAAACGCATT,0,2897113
ompRp3,0.3333333333333333,2,2,AGTAGATGACCAATATGAGT,0,2864163
ompRp3,0.3333333333333333,2,2,AGTAAATATATCATGGTTAC,0,2862177
ompRp3,0.3333333333333333,2,2,AGGTTATATTTATAGAAACG,0,2901596
ompRp3,0.3333333333333333,2,2,AGGTTACGGGAACCCAGGAT,0,2889420
ompRp3,0.3333333333333333,2,2,AGGTGCTGCACAACACTGAT,0,2900383
ompRp3,0.3333333333333333,2,2,AGGTCGTTGGACGACATACT,0,2877189
ompRp3,0.3333333333333333,2,2,AGGTCCGCCGAAGGAGCACA,0,2888622
ompRp3,0.3333333333333333,2,2,AGGTACGGCCAGGGGGACGG,0,2899549
ompRp3,0.3333333333333333,2,2,AGGGCCAAATTACTACCGTT,0,2870042
ompRp3,0.3333333333333333,2,2,AGGCTCGTAGCCTCACGGCC,0,2894526
ompRp3,0.3333333333333333,2,2,AGGCTATTTCATGATGCTAA,0,2877040
ompRp3,0.3333333333333333,2,2,AGGCTAGGAAAGTGTTGGAG,0,2870040
ompRp3,0.3333333333333333,2,2,AGGCGGGGTCGCACCCAGCG,0,2878126
ompRp3,0.3333333333333333,2,2,AGGCGGGGACCTGAAGAATG,0,2903949
ompRp3,0.3333333333333333,2,2,AGGCGATTTCGATATGTGAA,0,2872464
ompRp3,0.3333333333333333,2,2,AGGCCAATTTTTTCCTCTCA,0,2895246
ompRp3,0.3333333333333333,2,2,AGGCAGTAGACTTTTGTATA,0,2882255
ompRp3,0.3333333333333333,2,2,AGGCAAACACACCAAATAAT,0,2894891
ompRp3,0.3333333333333333,2,2,AGGATTTTGCTCGCTGGCTT,0,2879029
ompRp3,0.3333333333333333,2,2,AGGATGTTCAGATATCGGAG,0,2872223
ompRp3,0.3333333333333333,2,2,AGGAGTATCCGGACTCTCGT,0,2900939
ompRp3,0.3333333333333333,2,2,AGGAGGAGAAGGCGTTCATG,0,2895891
ompRp3,0.3333333333333333,2,2,AGCTTGTCTTCCCCATTGGG,0,2891252
ompRp3,0.3333333333333333,2,2,AGCTTCTCTCTCCTCTCAAG,0,2879790
ompRp3,0.3333333333333333,2,2,AGCTGGATTCTAGCTAACCC,0,2904619
ompRp3,0.3333333333333333,2,2,AGCTCGGGCACCCGTTAATG,0,2897201
ompRp3,0.3333333333333333,2,2,AGCTATTCAAGCGGTAGGTC,0,2890937
ompRp3,0.3333333333333333,2,2,AGCGGTGGTTTCTGCTTATA,0,2881609
ompRp3,0.3333333333333333,2,2,AGCGGATACCCCTTTCAAAA,0,2906287
ompRp3,0.3333333333333333,2,2,AGCGCGCTATTACCGCCAAG,0,2905481
ompRp3,0.3333333333333333,2,2,AGCGCATGGGGTACACTCTT,0,2882171
ompRp3,0.3333333333333333,2,2,AGCGATGTCATTAGGAGGGA,0,2889886
ompRp3,0.3333333333333333,2,2,AGCGAGGGCGATGTTCCGTA,0,2862688
ompRp3,0.3333333333333333,2,2,AGCCTGGATCATTGGCTTCT,0,2870502
ompRp3,0.3333333333333333,2,2,AGCCTGAGTGCTAACAGTGA,0,2904417
ompRp3,0.3333333333333333,2,2,AGCCCAATATTGTCCTAGTG,0,2861473
ompRp3,0.3333333333333333,2,2,AGCATGGAACCGATTTACGG,0,2866515
ompRp3,0.3333333333333333,2,2,AGCATCTTTGCAATCCTGCA,0,2882067
ompRp3,0.3333333333333333,2,2,AGCAGGGTGGAGTTACAGGT,0,2867740
ompRp3,0.3333333333333333,2,2,AGCAGCAGTAACCCCCAGTA,0,2884964
ompRp3,0.3333333333333333,2,2,AGCAATACTGGGGGCCTCCA,0,2884086
ompRp3,0.3333333333333333,2,2,AGCAACAAGGGTGGTCCCTA,0,2898591
ompRp3,0.3333333333333333,2,2,AGATTTGATGACCAAATGGC,0,2891331
ompRp3,0.3333333333333333,2,2,AGATTGATATATTAACATAT,0,2897830
ompRp3,0.3333333333333333,2,2,AGATTGAGGTACTTGTTGGT,0,2895497
ompRp3,0.3333333333333333,2,2,AGATCTTTCAACACAGCGGC,0,2877542
ompRp3,0.3333333333333333,2,2,AGATCCACGATTATTGTCCT,0,2901043
ompRp3,0.3333333333333333,2,2,AGATATAGAACTCTAGACGT,0,2907006
ompRp3,0.3333333333333333,2,2,AGATAGGGCGCACAGCAGGG,0,2864781
ompRp3,0.3333333333333333,2,2,AGATAGCTTTATCTGGCCTT,0,2867344
ompRp3,0.3333333333333333,2,2,AGAGTGGAGCGGCGTGTTGA,0,2902762
ompRp3,0.3333333333333333,2,2,AGAGGGCTCTGGGGGCACGG,0,2892824
ompRp3,0.3333333333333333,2,2,AGAGCCGCTATAGCCGAGGT,0,2868256
ompRp3,0.3333333333333333,2,2,AGAGAAAGCCTAGGGGGGCT,0,2878738
ompRp3,0.3333333333333333,2,2,AGACGGACCAGGATAGGCGC,0,2884769
ompRp3,0.3333333333333333,2,2,AGAATCTCCACAATTGCAAT,0,2890308
ompRp3,0.3333333333333333,2,2,AGAACTTCTCTGCTGGTGGG,0,2878134
ompRp3,0.3333333333333333,2,2,AGAACGCAAATCCGTAGTTT,0,2875945
ompRp3,0.3333333333333333,2,2,AGAACACTCTAAACCAGACC,0,2890945
ompRp3,0.3333333333333333,2,2,AGAACAAGACATGAGGCGTG,0,2896447
ompRp3,0.3333333333333333,2,2,AGAAAATGTTCCTATGCACA,0,2907232
ompRp3,0.3333333333333333,2,2,ACTTTGAGAAAGGTATAAAA,0,2888155
ompRp3,0.3333333333333333,2,2,ACTTTCGGGCAGCCGTATGT,0,2900170
ompRp3,0.3333333333333333,2,2,ACTTTAGCGCGCTCGCGGCC,0,2875651
ompRp3,0.3333333333333333,2,2,ACTTTAAGCTCTCGGGAGAC,0,2867884
ompRp3,0.3333333333333333,2,2,ACTTTAAAGGAGCACCAGTC,0,2906548
ompRp3,0.3333333333333333,2,2,ACTTGGGGAAGGGTGCAAAT,0,2882706
ompRp3,0.3333333333333333,2,2,ACTTGATGCGTTACCGTGAC,0,2887807
ompRp3,0.3333333333333333,2,2,ACTTGACAGGGACCCTTACG,0,2867158
ompRp3,0.3333333333333333,2,2,ACTTCTTCGTATTCACTAAT,0,2883477
ompRp3,0.3333333333333333,2,2,ACTTCCAGCCAACTATTCAA,0,2894048
ompRp3,0.3333333333333333,2,2,ACTGTTCGACGCCGCCAATG,0,2893011
ompRp3,0.3333333333333333,2,2,ACTGTCCCTTTATGGGCCCT,0,2866135
ompRp3,0.3333333333333333,2,2,ACTGCAGCTTGGTCGTTTGT,0,2878939
ompRp3,0.3333333333333333,2,2,ACTGCAATAAGAATTCAGTT,0,2895213
ompRp3,0.3333333333333333,2,2,ACTGATCCAATGGGAGGGCC,0,2881480
ompRp3,0.3333333333333333,2,2,ACTCTGGGCAATAACACAGA,0,2889049
ompRp3,0.3333333333333333,2,2,ACTCTCAACGCGCAACCCCC,0,2885983
ompRp3,0.3333333333333333,2,2,ACTCGTCCCTATGCAATGAG,0,2878574
ompRp3,0.3333333333333333,2,2,ACTCGGAGTTTTGCGTTTCA,0,2899988
ompRp3,0.3333333333333333,2,2,ACTCCAGGGCAGGAAGAGAA,0,2886513
ompRp3,0.3333333333333333,2,2,ACTCAAGGTCACGGCAGACT,0,2904164
ompRp3,0.3333333333333333,2,2,ACTATGGAGCGAATCGACGC,0,2868363
ompRp3,0.3333333333333333,2,2,ACTATAATTAAGATCCGGTG,0,2903699
ompRp3,0.3333333333333333,2,2,ACGTTTCCGGGGAGTCGTGA,0,2882524
ompRp3,0.3333333333333333,2,2,ACGTGCTGAGTTTGGCGGTC,0,2877797
ompRp3,0.3333333333333333,2,2,ACGTCTCTTTTGCTCATTCA,0,2872527
ompRp3,0.3333333333333333,2,2,ACGTCCCTCTTAAGTCCGTC,0,2903941
ompRp3,0.3333333333333333,2,2,ACGTCATCAGTTACAAATGT,0,2861324
ompRp3,0.3333333333333333,2,2,ACGTATGATATTAGACCAGA,0,2866278
ompRp3,0.3333333333333333,2,2,ACGGTTCTGCGCGCCGCGGA,0,2894671
ompRp3,0.3333333333333333,2,2,ACGGTCGTCTACGGCCGCTG,0,2872703
ompRp3,0.3333333333333333,2,2,ACGGTACCGGACGTCGTTAT,0,2903060
ompRp3,0.3333333333333333,2,2,ACGGTAATGATGACGCCGAG,0,2903413
ompRp3,0.3333333333333333,2,2,ACGGGTACGGGGGGAGCAGA,0,2861472
ompRp3,0.3333333333333333,2,2,ACGGGGTCGAGGTGCCAGAT,0,2878425
ompRp3,0.3333333333333333,2,2,ACGGCCCAGTCCTAGGAGGG,0,2869941
ompRp3,0.3333333333333333,2,2,ACGGCATAGCAGACAACTCT,0,2862862
ompRp3,0.3333333333333333,2,2,ACGGAGAAAGAAACTTATTT,0,2882936
ompRp3,0.3333333333333333,2,2,ACGGACTGCTCTAGCCGAGT,0,2861229
ompRp3,0.3333333333333333,2,2,ACGGACATGGCCAGTGTCAC,0,2869936
ompRp3,0.3333333333333333,2,2,ACGCTGTATGGGGGAAGACA,0,2869157
ompRp3,0.3333333333333333,2,2,ACGCTGCTTCGTAATGTTTT,0,2882430
ompRp3,0.3333333333333333,2,2,ACGCTGATGTCGGTTACCTT,0,2870631
ompRp3,0.3333333333333333,2,2,ACGCGTTTTTCTAAAGTGCC,0,2877256
ompRp3,0.3333333333333333,2,2,ACGCGAATCTTAACTCATCA,0,2900020
ompRp3,0.3333333333333333,2,2,ACGCATCCGTCTAGGGTATA,0,2895799
ompRp3,0.3333333333333333,2,2,ACGCAAGCTTAACCAAGGTC,0,2886837
ompRp3,0.3333333333333333,2,2,ACGATTCCAAAAGCCATAAG,0,2871705
ompRp3,0.3333333333333333,2,2,ACGATATTTCTCAAACCCGG,0,2867370
ompRp3,0.3333333333333333,2,2,ACGAGGCGCAAGAGCTGTAC,0,2880004
ompRp3,0.3333333333333333,2,2,ACGAGACTGATACTGATCCC,0,2893267
ompRp3,0.3333333333333333,2,2,ACGACTGAATATCCGGAATA,0,2876733
ompRp3,0.3333333333333333,2,2,ACGACTACACAACCAGTATG,0,2869358
ompRp3,0.3333333333333333,2,2,ACGAACGCGATTTCGTTCGA,0,2903779
ompRp3,0.3333333333333333,2,2,ACGAAAGGGTTTAATATCGA,0,2906162
ompRp3,0.3333333333333333,2,2,ACCTTCCACATAATTGGGAG,0,2887708
ompRp3,0.3333333333333333,2,2,ACCTTACAGACCAGTCGCGC,0,2894163
ompRp3,0.3333333333333333,2,2,ACCTGTCCTTGAGCTACTGG,0,2866904
ompRp3,0.3333333333333333,2,2,ACCTGATGCTCGGTCGACAT,0,2871651
ompRp3,0.3333333333333333,2,2,ACCTCCGGCTATACAGGTCT,0,2905626
ompRp3,0.3333333333333333,2,2,ACCTATCTGGAAGATGGGTG,0,2872633
ompRp3,0.3333333333333333,2,2,ACCGGAGATGCCAAGCTGCC,0,2867029
ompRp3,0.3333333333333333,2,2,ACCCTCAGTATAGTGGGCGC,0,2863686
ompRp3,0.3333333333333333,2,2,ACCCGTGAGCTTATGGAGAC,0,2901152
ompRp3,0.3333333333333333,2,2,ACCCGAACCAACCTAAGATC,0,2888317
ompRp3,0.3333333333333333,2,2,ACCCCCCGCATCAGCTGGCA,0,2907258
ompRp3,0.3333333333333333,2,2,ACCCCACGGGCACTTCGGAG,0,2893934
ompRp3,0.3333333333333333,2,2,ACCCCACGAAAACGTAATCT,0,2904493
ompRp3,0.3333333333333333,2,2,ACCCAAGCTCAGTTTCGTAA,0,2899677
ompRp3,0.3333333333333333,2,2,ACCATCAGTTCTTACAGTTG,0,2884067
ompRp3,0.3333333333333333,2,2,ACCAAATGCCGCAGCTGATC,0,2895800
ompRp3,0.3333333333333333,2,2,ACATTCGGGTTGAGCGTGTA,0,2865749
ompRp3,0.3333333333333333,2,2,ACATGTCACTACGTATAGAT,0,2880403
ompRp3,0.3333333333333333,2,2,ACATGTAGCTCGCTGACTGG,0,2876701
ompRp3,0.3333333333333333,2,2,ACATCTCTGGTTCTTTAAGC,0,2886133
ompRp3,0.3333333333333333,2,2,ACATCCATCCATGTTGCTTG,0,2861145
ompRp3,0.3333333333333333,2,2,ACATCATCAACGAGCTCCGT,0,2866073
ompRp3,0.3333333333333333,2,2,ACATATGAACAAGTCCTTGG,0,2866555
ompRp3,0.3333333333333333,2,2,ACAGTCGTACATCCTATGAT,0,2878002
ompRp3,0.3333333333333333,2,2,ACAGTAAAGGGTCTCCGGGC,0,2907221
ompRp3,0.3333333333333333,2,2,ACAGGTCATAAGCAGGGCTA,0,2867535
ompRp3,0.3333333333333333,2,2,ACAGGGTTTTTCGAACTAAC,0,2904897
ompRp3,0.3333333333333333,2,2,ACAGCGCTTTAGCCGTTCGG,0,2873929
ompRp3,0.3333333333333333,2,2,ACAGCAATAATAATGCCCTG,0,2882388
ompRp3,0.3333333333333333,2,2,ACAGAAGTTGGACGTTCATG,0,2886864
ompRp3,0.3333333333333333,2,2,ACACGTTCACTACTGTGCTA,0,2868845
ompRp3,0.3333333333333333,2,2,ACACGGTGTTGTAGCCCCTT,0,2889345
ompRp3,0.3333333333333333,2,2,ACACGGATCGTGCCACGGAA,0,2877281
ompRp3,0.3333333333333333,2,2,ACACGCAAACGCCGCCGCGT,0,2867094
ompRp3,0.3333333333333333,2,2,ACACCTTGTATTTGTATTCG,0,2894201
ompRp3,0.3333333333333333,2,2,ACACCGCTCGGGTAACTTGA,0,2871050
ompRp3,0.3333333333333333,2,2,ACACCATCATACTCTGGGCT,0,2876618
ompRp3,0.3333333333333333,2,2,ACACAAGTGTACGCTATGAG,0,2872557
ompRp3,0.3333333333333333,2,2,ACAAGGAAGAAAGAAATTCG,0,2899466
ompRp3,0.3333333333333333,2,2,ACAAGACCAAGCCGCGGGTA,0,2899638
ompRp3,0.3333333333333333,2,2,ACAACCCGGTAGGAAGTTAG,0,2866946
ompRp3,0.3333333333333333,2,2,ACAAATAGCAGTTCGGCCGC,0,2895264
ompRp3,0.3333333333333333,2,2,ACAAAGGTAGGGAGCCATCG,0,2872628
ompRp3,0.3333333333333333,2,2,ACAAAACACGCGAAAACAAA,0,2891190
ompRp3,0.3333333333333333,2,2,AATTTTAGACGACGTGCTAT,0,2876732
ompRp3,0.3333333333333333,2,2,AATTGGATTGGGTGATGGAC,0,2893690
ompRp3,0.3333333333333333,2,2,AATTGAGGAGTACAGCGGCT,0,2885422
ompRp3,0.3333333333333333,2,2,AATTCCACATGGATTGACTT,0,2861499
ompRp3,0.3333333333333333,2,2,AATTAGGACGAACACAGGAA,0,2875740
ompRp3,0.3333333333333333,2,2,AATTAGAGCGGTCCCTGTAC,0,2887980
ompRp3,0.3333333333333333,2,2,AATGTGTTGAAAACAAAGTT,0,2887296
ompRp3,0.3333333333333333,2,2,AATGTGCTACGAGTTCAATC,0,2882596
ompRp3,0.3333333333333333,2,2,AATGTCGTGACATGCTAAGG,0,2874092
ompRp3,0.3333333333333333,2,2,AATGCCCAATGGACAAGTCG,0,2886232
ompRp3,0.3333333333333333,2,2,AATCTGGCATGCATCCCCCT,0,2904898
ompRp3,0.3333333333333333,2,2,AATCTAGCCGATGACAGGTC,0,2899118
ompRp3,0.3333333333333333,2,2,AATCGGCATCATGCCTAGCT,0,2904559
ompRp3,0.3333333333333333,2,2,AATCGCTTATCTATATCGAT,0,2880563
ompRp3,0.3333333333333333,2,2,AATCGATAGGTTTGTGTAGA,0,2893703
ompRp3,0.3333333333333333,2,2,AATCCCGGGGTCCGATCCTC,0,2888727
ompRp3,0.3333333333333333,2,2,AATCAGTTGAAGTTATTCCA,0,2883299
ompRp3,0.3333333333333333,2,2,AATCAGCAGAGATCACGGAA,0,2864973
ompRp3,0.3333333333333333,2,2,AATCAATCCCAACTGGCTAA,0,2893541
ompRp3,0.3333333333333333,2,2,AATATGTGGATTAGCATTAT,0,2888102
ompRp3,0.3333333333333333,2,2,AATATGGTCAATGTTCACCA,0,2868405
ompRp3,0.3333333333333333,2,2,AATACCGGTCCTACGCAGTT,0,2880520
ompRp3,0.3333333333333333,2,2,AATACACCAAACCATATTAC,0,2868608
ompRp3,0.3333333333333333,2,2,AATAATTGTTGCCTTATGTC,0,2861257
ompRp3,0.3333333333333333,2,2,AATAATTGGACCTGTAGGCG,0,2896713
ompRp3,0.3333333333333333,2,2,AATAAGAGCTGCGCGCGTCG,0,2889255
ompRp3,0.3333333333333333,2,2,AAGTTAGCCATTGGATTGGT,0,2899307
ompRp3,0.3333333333333333,2,2,AAGTTAGATACGGCTCTATT,0,2864496
ompRp3,0.3333333333333333,2,2,AAGTCTTCTCTAAATGACGG,0,2900429
ompRp3,0.3333333333333333,2,2,AAGTCGTATCTGCTACCGGG,0,2868186
ompRp3,0.3333333333333333,2,2,AAGTATGGATGGTCGAATGA,0,2894770
ompRp3,0.3333333333333333,2,2,AAGGTAAGCCGTGCAAGATA,0,2861808
ompRp3,0.3333333333333333,2,2,AAGGGTCAATCCACCAATCA,0,2878292
ompRp3,0.3333333333333333,2,2,AAGGCTGCACTATCATTAGT,0,2900696
ompRp3,0.3333333333333333,2,2,AAGGCATCTGGCATCTTGCG,0,2897806
ompRp3,0.3333333333333333,2,2,AAGGATTCTCCTAGCCTATC,0,2902156
ompRp3,0.3333333333333333,2,2,AAGCTGTGGCCATCGCACTG,0,2896763
ompRp3,0.3333333333333333,2,2,AAGCTGGGACATGACCGGCA,0,2876412
ompRp3,0.3333333333333333,2,2,AAGCGTTATCGAATTGATTC,0,2902779
ompRp3,0.3333333333333333,2,2,AAGCGTAGGGAAGCAGAAAT,0,2890248
ompRp3,0.3333333333333333,2,2,AAGCGGGTGTATTACGCATA,0,2870123
ompRp3,0.3333333333333333,2,2,AAGCACGAGACCCGAGCCTT,0,2897756
ompRp3,0.3333333333333333,2,2,AAGATTGCAGGATACGCTAC,0,2880127
ompRp3,0.3333333333333333,2,2,AAGATGTAACTCTGCTCCTG,0,2872764
ompRp3,0.3333333333333333,2,2,AAGAGGAGTAGGAGCCACTA,0,2880314
ompRp3,0.3333333333333333,2,2,AAGAAGGTCATATGAATCCT,0,2864148
ompRp3,0.3333333333333333,2,2,AAGAAGCCAGGCACTGTCCG,0,2889149
ompRp3,0.3333333333333333,2,2,AAGAACCCGATTGGGGAGAT,0,2862009
ompRp3,0.3333333333333333,2,2,AAGAAAGTGATCTGTCCAAA,0,2882807
ompRp3,0.3333333333333333,2,2,AACTGTGCCAGAAACAAACG,0,2881107
ompRp3,0.3333333333333333,2,2,AACTGGTGTGGGATGAACGT,0,2889148
ompRp3,0.3333333333333333,2,2,AACTGCATAGATCGTATATG,0,2880098
ompRp3,0.3333333333333333,2,2,AACGTAGTCCTTTACCCCGC,0,2867256
ompRp3,0.3333333333333333,2,2,AACGTAACCCCAACGCGTAG,0,2867479
ompRp3,0.3333333333333333,2,2,AACGCTAACCTTCGGCCATT,0,2862363
ompRp3,0.3333333333333333,2,2,AACGCGCAAAGTCGAAGAGC,0,2892407
ompRp3,0.3333333333333333,2,2,AACGAGTGGGATAGTGTCGG,0,2862982
ompRp3,0.3333333333333333,2,2,AACGAGGGAAAGTATTCGGT,0,2885684
ompRp3,0.3333333333333333,2,2,AACCTACGGCATTAGGGGGT,0,2907289
ompRp3,0.3333333333333333,2,2,AACCGATTCGTTGTAACCGG,0,2904651
ompRp3,0.3333333333333333,2,2,AACCCTGCTACCGAAGTTAT,0,2865270
ompRp3,0.3333333333333333,2,2,AACCAGAGATTTCCTAGCGC,0,2880015
ompRp3,0.3333333333333333,2,2,AACATTGAAGCGTTGTGGCC,0,2879005
ompRp3,0.3333333333333333,2,2,AACATCGGTCTTTCCACCCG,0,2906218
ompRp3,0.3333333333333333,2,2,AACATACCGACTTCTGGAAG,0,2901941
ompRp3,0.3333333333333333,2,2,AACAGTCCAGAAACAGCTTA,0,2891904
ompRp3,0.3333333333333333,2,2,AACAGCAACCTTGTCTCGAT,0,2892341
ompRp3,0.3333333333333333,2,2,AACACACTGTTAAAGTGGAC,0,2868827
ompRp3,0.3333333333333333,2,2,AACAATCCTTGATTAGCCAC,0,2893298
ompRp3,0.3333333333333333,2,2,AACAAAAATTGCTATAACAT,0,2867444
ompRp3,0.3333333333333333,2,2,AAATTGGATCTTAATGGTGC,0,2875193
ompRp3,0.3333333333333333,2,2,AAATGGTTCACTGGGTTTTC,0,2881606
ompRp3,0.3333333333333333,2,2,AAATGGGAGCTGAGATGCGT,0,2882733
ompRp3,0.3333333333333333,2,2,AAATGCTTTCGGGCCACATA,0,2889099
ompRp3,0.3333333333333333,2,2,AAATCGAACAGTGTCAGTTC,0,2865747
ompRp3,0.3333333333333333,2,2,AAATCCTAGAGGAAAACAAG,0,2860855
ompRp3,0.3333333333333333,2,2,AAATCAGTCTTTTAGTTCTC,0,2902313
ompRp3,0.3333333333333333,2,2,AAATCAGCATAAGGGCAACT,0,2885417
ompRp3,0.3333333333333333,2,2,AAAGTGGAAGGTGAAACTTA,0,2895915
ompRp3,0.3333333333333333,2,2,AAAGGGGTGAACGTTGAAAT,0,2886747
ompRp3,0.3333333333333333,2,2,AAAGGGGGTCGGATCCACTC,0,2898610
ompRp3,0.3333333333333333,2,2,AAAGGGCGGGCTTGGGTTCT,0,2901090
ompRp3,0.3333333333333333,2,2,AAAGGCTATTATGGGATAGT,0,2882029
ompRp3,0.3333333333333333,2,2,AAAGGATGTTCTCAGGAACA,0,2897768
ompRp3,0.3333333333333333,2,2,AAAGCTCGGAATTTGGCTTT,0,2865560
ompRp3,0.3333333333333333,2,2,AAAGCAATCGAAGTGACGTT,0,2879826
ompRp3,0.3333333333333333,2,2,AAACTTGATCTCTGGGATGG,0,2904468
ompRp3,0.3333333333333333,2,2,AAACGTGGAATAATTCCTGA,0,2878639
ompRp3,0.3333333333333333,2,2,AAACCCAATTCCGGTTGGAG,0,2905148
ompRp3,0.3333333333333333,2,2,AAACACAGTAAGCCCCTTCA,0,2891497
ompRp3,0.3333333333333333,2,2,AAAATGGTAGTCAGAGCATG,0,2896884
ompRp3,0.3333333333333333,2,2,AAAATCGTAGGGGATGGGTG,0,2889075
ompRp3,0.3333333333333333,2,2,AAAAACGACCCGCAACAATA,0,2884444
ompRp3,0.3333333333333333,2,2,AAAAAACGGGTATTTTCAGA,0,2869480
ompRp3,0.5,1,1,TTTTTTCCATTCTGCCTGCA,0,2894835
ompRp3,0.5,1,1,TTTTTTACCGGGGAGTGGAA,0,2891597
ompRp3,0.5,1,1,TTTTTCGTATTTATGACGTT,0,2906137
ompRp3,0.5,1,1,TTTTTATACTTAGTTCGAGG,0,2874355
ompRp3,0.5,1,1,TTTTGTACTGCAGCTCCGTT,0,2905136
ompRp3,0.5,1,1,TTTTGCTGACACCTTGGTTT,0,2867759
ompRp3,0.5,1,1,TTTTGACTACGAACTGTGTT,0,2861042
ompRp3,0.5,1,1,TTTTCTTGGCGTGCCAGAGC,0,2901861
ompRp3,0.5,1,1,TTTTCTTGACCGTACGTAGT,0,2877879
ompRp3,0.5,1,1,TTTTCCTGAGTTGGTACTAT,0,2893862
ompRp3,0.5,1,1,TTTTCAATCAACAAACCTGG,0,2863223
ompRp3,0.5,1,1,TTTTATTGGTAGCGTCAAAG,0,2898585
ompRp3,0.5,1,1,TTTTATTATGGGTCACACGT,0,2897013
ompRp3,0.5,1,1,TTTGTGCCTTCGTTACTGTA,0,2868750
ompRp3,0.5,1,1,TTTGGGATTGCTGTTGAACT,0,2873420
ompRp3,0.5,1,1,TTTGGCCTCTCTTCATGATT,0,2878395
ompRp3,0.5,1,1,TTTGGACTCGTTACAACAGC,0,2897225
ompRp3,0.5,1,1,TTTGGAATTTCTCCATATGC,0,2875305
ompRp3,0.5,1,1,TTTGATCACCTTAGAGTTGC,0,2883739
ompRp3,0.5,1,1,TTTGAAGTTCTCAGGACGTG,0,2884649
ompRp3,0.5,1,1,TTTCTCTAGGCCTCAATTGA,0,2887945
ompRp3,0.5,1,1,TTTCGGAATCTCGCAATCAC,0,2895000
ompRp3,0.5,1,1,TTTCCTCGCTGACTGTGCGC,0,2867286
ompRp3,0.5,1,1,TTTCCTCAAGCCAGGCTTAC,0,2893166
ompRp3,0.5,1,1,TTTCAGAAACGTCAGACAAG,0,2901724
ompRp3,0.5,1,1,TTTCAATGTCAGCCGGAAGT,0,2889032
ompRp3,0.5,1,1,TTTATTGCGTCGGGGGGCAT,0,2900422
ompRp3,0.5,1,1,TTTATCACTTGCGGCAGTCT,0,2871283
ompRp3,0.5,1,1,TTTATATATCCGTTGGAGTT,0,2882003
ompRp3,0.5,1,1,TTTAGTCCGCGCTATCGACC,0,2883984
ompRp3,0.5,1,1,TTTACTTATCAAAGACGGCG,0,2877246
ompRp3,0.5,1,1,TTTAAAGGTCTGAGGCTCTG,0,2891817
ompRp3,0.5,1,1,TTGTTATAATCATTCTGTGC,0,2895340
ompRp3,0.5,1,1,TTGTCGCTGTACTTGTGGCC,0,2886228
ompRp3,0.5,1,1,TTGTCGCTCACCTCTAAGAT,0,2888341
ompRp3,0.5,1,1,TTGTCCCGTGGCTATTCGCC,0,2893783
ompRp3,0.5,1,1,TTGTCCATTCAGATTTAGGG,0,2879387
ompRp3,0.5,1,1,TTGTAGGCCTATTCGGGTAT,0,2885778
ompRp3,0.5,1,1,TTGGTTGTCCTACAGATCGG,0,2876876
ompRp3,0.5,1,1,TTGGTGCTTGATGAGCCTCA,0,2875898
ompRp3,0.5,1,1,TTGGTGAGTCTTACAAACGA,0,2901089
ompRp3,0.5,1,1,TTGGTCCGAAGAGTAGCGGA,0,2888699
ompRp3,0.5,1,1,TTGGGTGTTTTCTACATGGA,0,2869550
ompRp3,0.5,1,1,TTGGGGGTCCGCATCCAGTG,0,2868042
ompRp3,0.5,1,1,TTGGGAAGAACGTCCTTAGG,0,2867367
ompRp3,0.5,1,1,TTGGCTGGATAAACGAAGAG,0,2885057
ompRp3,0.5,1,1,TTGGCTATGGTCCGATAAGG,0,2888378
ompRp3,0.5,1,1,TTGGCCATTAAGTTGATACT,0,2899406
ompRp3,0.5,1,1,TTGGCAATTAGTCGCGTAAT,0,2879706
ompRp3,0.5,1,1,TTGGCAACGTCTCGGGTGTG,0,2881381
ompRp3,0.5,1,1,TTGGATCGGAGATTTCAAAA,0,2904911
ompRp3,0.5,1,1,TTGCTGAGCGACCGGTCTGA,0,2862847
ompRp3,0.5,1,1,TTGCGTATCCGCCCCATAGA,0,2875039
ompRp3,0.5,1,1,TTGCGGGGTCTACATACATA,0,2899731
ompRp3,0.5,1,1,TTGCGGCCTTTCGCGAGGAG,0,2901917
ompRp3,0.5,1,1,TTGCATACGGGCGTCCTTTA,0,2896380
ompRp3,0.5,1,1,TTGCAGGCGCACGCTCGCCA,0,2890274
ompRp3,0.5,1,1,TTGCAGGAGATGGCGCTGTT,0,2881550
ompRp3,0.5,1,1,TTGATCGCCCTCGCTCGGCA,0,2889553
ompRp3,0.5,1,1,TTGAGCATACAAGCATCCTC,0,2877778
ompRp3,0.5,1,1,TTGAGAAAGTAAGCACCGGG,0,2879206
ompRp3,0.5,1,1,TTGACCAGATACGTTATTGT,0,2891793
ompRp3,0.5,1,1,TTGACAAAGAGACCTGGAGG,0,2867039
ompRp3,0.5,1,1,TTCTTTTGACGATGGGCTCA,0,2882731
ompRp3,0.5,1,1,TTCTTTCTTTCTCAAACGGT,0,2868903
ompRp3,0.5,1,1,TTCTTTCCACGGTAGCGCTG,0,2886081
ompRp3,0.5,1,1,TTCTTCTTCGAGTCTGTAAT,0,2872895
ompRp3,0.5,1,1,TTCTGTGGCTAATACCAGCA,0,2899236
ompRp3,0.5,1,1,TTCTCTCTAGGGTTACTACA,0,2898303
ompRp3,0.5,1,1,TTCTCGGGTACGGGCCTGAG,0,2882372
ompRp3,0.5,1,1,TTCTATGCGTGTAGATCGTG,0,2887396
ompRp3,0.5,1,1,TTCTATCAGTTGCAAAGTAA,0,2862637
ompRp3,0.5,1,1,TTCTACCGGCCAGTTTTCTA,0,2874660
ompRp3,0.5,1,1,TTCGTTGGGTGGTCGAAAAT,0,2864626
ompRp3,0.5,1,1,TTCGTTCACCTCATCTTCAA,0,2890745
ompRp3,0.5,1,1,TTCGTGTGTACATCTCCTTA,0,2863460
ompRp3,0.5,1,1,TTCGTGCGAAAGCAAAAATG,0,2867203
ompRp3,0.5,1,1,TTCGCCTAATCCCCTCATCT,0,2903729
ompRp3,0.5,1,1,TTCGCCAAGCGCCCGGTCAA,0,2888923
ompRp3,0.5,1,1,TTCGATCTGCGGCCACCCCA,0,2894055
ompRp3,0.5,1,1,TTCGATACGAACTATTGTAT,0,2892000
ompRp3,0.5,1,1,TTCCTTCTCTATGGCTTCCC,0,2895122
ompRp3,0.5,1,1,TTCCTGCGAGTCCACGTATT,0,2863281
ompRp3,0.5,1,1,TTCCTCTCGACCTGCGAGAC,0,2880681
ompRp3,0.5,1,1,TTCCTAAATGATCTCGATGC,0,2892282
ompRp3,0.5,1,1,TTCCGATTGAATTGCCGACC,0,2906115
ompRp3,0.5,1,1,TTCCGACTATGTTCAGGAGA,0,2890280
ompRp3,0.5,1,1,TTCCCCGATTGATCGCGTGG,0,2891359
ompRp3,0.5,1,1,TTCCATACACCCCGGGAGTC,0,2903773
ompRp3,0.5,1,1,TTCCACAGTTATTCGGCACA,0,2875214
ompRp3,0.5,1,1,TTCCACAGGTGAGCGGATAA,0,2870364
ompRp3,0.5,1,1,TTCATATCGCTTGCGGCCCC,0,2880262
ompRp3,0.5,1,1,TTCATACAGTGGGATGCTTT,0,2874589
ompRp3,0.5,1,1,TTCATAACCAACCGGGAAAG,0,2898711
ompRp3,0.5,1,1,TTCACTACGAAGCGACTTAG,0,2894827
ompRp3,0.5,1,1,TTCACCTGGATCAAAAGTGA,0,2877661
ompRp3,0.5,1,1,TTATTTCTTGACCCTTTGGT,0,2884437
ompRp3,0.5,1,1,TTATGTTTTGATTTTGCCTG,0,2904328
ompRp3,0.5,1,1,TTATCTGAATGTCTATGGGG,0,2902819
ompRp3,0.5,1,1,TTATCCGCTGCGCGAGTCAA,0,2883658
ompRp3,0.5,1,1,TTATAAGTGAAACCATAACT,0,2888338
ompRp3,0.5,1,1,TTAGTATGTTTAGTTGGGTA,0,2863453
ompRp3,0.5,1,1,TTAGCTCCTAGCACACTACG,0,2889764
ompRp3,0.5,1,1,TTAGCGCGTAACACGTTAGA,0,2906741
ompRp3,0.5,1,1,TTAGATTCGCGTATCCTCTT,0,2864531
ompRp3,0.5,1,1,TTACTAGACATCAGCTCAGG,0,2902979
ompRp3,0.5,1,1,TTACGTCTGTCCATGTGGGA,0,2881803
ompRp3,0.5,1,1,TTACCTGGGCTTAGCACGAA,0,2879345
ompRp3,0.5,1,1,TTACAATGGATTAGGAATAT,0,2907512
ompRp3,0.5,1,1,TTAATCATATTTTACTGGAC,0,2884707
ompRp3,0.5,1,1,TTAATAATGTCTGAGAATCG,0,2875253
ompRp3,0.5,1,1,TTAAGTACTTCTGTTTGGGA,0,2884493
ompRp3,0.5,1,1,TTAACCCTCTCACGCGCACG,0,2876142
ompRp3,0.5,1,1,TTAAATACGATGTTTAAGAC,0,2862627
ompRp3,0.5,1,1,TGTTTTCGATGGGATTCTGT,0,2884657
ompRp3,0.5,1,1,TGTTTGGGCTAACATTTGCA,0,2886560
ompRp3,0.5,1,1,TGTTTGCAGACAAAATATAC,0,2901723
ompRp3,0.5,1,1,TGTTTGACACATCCTGCCAT,0,2863465
ompRp3,0.5,1,1,TGTTTATAATAGTATTATGG,0,2877564
ompRp3,0.5,1,1,TGTTTAGGATTCGGGTCTAA,0,2876613
ompRp3,0.5,1,1,TGTTGGGTCGGTATCGGCCC,0,2898544
ompRp3,0.5,1,1,TGTTGAGGCATATACGAGAT,0,2891421
ompRp3,0.5,1,1,TGTTCTTCAACTGTCTCTCC,0,2876524
ompRp3,0.5,1,1,TGTTCTCCTGTGATCTCAGA,0,2892165
ompRp3,0.5,1,1,TGTTATGTGTTGGCAGATGC,0,2876604
ompRp3,0.5,1,1,TGTTAGGTGGGTACTTATTG,0,2906980
ompRp3,0.5,1,1,TGTTAGGCCAGATCTAAATT,0,2882822
ompRp3,0.5,1,1,TGTTAGAGCAGCGGGTCAGG,0,2873396
ompRp3,0.5,1,1,TGTTAAGATCAACATCTCAC,0,2868688
ompRp3,0.5,1,1,TGTGTATACAGTTGCAGAGC,0,2878545
ompRp3,0.5,1,1,TGTGGTTTGCATGTCCATAG,0,2877932
ompRp3,0.5,1,1,TGTGGGGAGCCGGAGACCAT,0,2863962
ompRp3,0.5,1,1,TGTCTGGCGTTATCGCACTA,0,2882107
ompRp3,0.5,1,1,TGTCTACCCACGACATGGAA,0,2892795
ompRp3,0.5,1,1,TGTCTAATCTTTTCTCCTTT,0,2902669
ompRp3,0.5,1,1,TGTCGAATAGCCCTCCTTCG,0,2886503
ompRp3,0.5,1,1,TGTCCATCGTTGAGCATATT,0,2893066
ompRp3,0.5,1,1,TGTCAATGGCTATTTTGGTT,0,2879349
ompRp3,0.5,1,1,TGTATGATGACCAGACGCTA,0,2905530
ompRp3,0.5,1,1,TGTATACTGGGTTGTATTTA,0,2904385
ompRp3,0.5,1,1,TGTATAAGAGTAGCGGGGCG,0,2868581
ompRp3,0.5,1,1,TGTAGTCAACGTCATGCAGC,0,2862667
ompRp3,0.5,1,1,TGTAGACCGTTAGTAAGTTA,0,2897498
ompRp3,0.5,1,1,TGTACCAAATCCGTTGCGAA,0,2862554
ompRp3,0.5,1,1,TGTACAATCTGGGGACGGTA,0,2901898
ompRp3,0.5,1,1,TGGTGGTTACGACCGCACGT,0,2860741
ompRp3,0.5,1,1,TGGTGAGAAATTGCTCTCAT,0,2862356
ompRp3,0.5,1,1,TGGTAGGTTATTTATTGGTG,0,2880266
ompRp3,0.5,1,1,TGGTAGCGTTCGTCGAATGA,0,2902718
ompRp3,0.5,1,1,TGGTACGCTGTAGACATTCG,0,2890161
ompRp3,0.5,1,1,TGGTAATGCTTGTGCAGCGA,0,2895804
ompRp3,0.5,1,1,TGGTAAACGGCTCATTAGCG,0,2894317
ompRp3,0.5,1,1,TGGGTGTCAGGGGTTCGGGA,0,2863548
ompRp3,0.5,1,1,TGGGTGGCGTACCATTGCGA,0,2884512
ompRp3,0.5,1,1,TGGGCGGCAATATTCTGACG,0,2880612
ompRp3,0.5,1,1,TGGGCGCCCAGGGTGAGAAA,0,2900093
ompRp3,0.5,1,1,TGGGATAGATTTCTGTGCTC,0,2861450
ompRp3,0.5,1,1,TGGGAGCCCAGTTGGGCTTA,0,2906193
ompRp3,0.5,1,1,TGGGACGCCCGGCCTTACCC,0,2896886
ompRp3,0.5,1,1,TGGCGGCCGCGTGTCCTTTA,0,2866915
ompRp3,0.5,1,1,TGGCCCTCTGAGGGCCTACA,0,2862818
ompRp3,0.5,1,1,TGGCCATCGCGCCTAGGGAA,0,2868921
ompRp3,0.5,1,1,TGGCAGAGATCTCAAGGGAC,0,2873081
ompRp3,0.5,1,1,TGGCAATTTTTAAGAAAGAG,0,2901304
ompRp3,0.5,1,1,TGGCAAGTCTAAGACCCCAA,0,2886563
ompRp3,0.5,1,1,TGGATCGTAATTTCAATACC,0,2877036
ompRp3,0.5,1,1,TGGATAGTGGCTGTTCGAAG,0,2904893
ompRp3,0.5,1,1,TGGAGGGGAAATATCTTTTG,0,2868810
ompRp3,0.5,1,1,TGGAGGGAATTTTGGTTATA,0,2897296
ompRp3,0.5,1,1,TGGAGAAAAAATGATCGTGC,0,2906248
ompRp3,0.5,1,1,TGGACGCATCCTCTACGGCC,0,2886676
ompRp3,0.5,1,1,TGGAATCGGACCCTTCCATA,0,2905350
ompRp3,0.5,1,1,TGCTGACGTCCAGTATAATT,0,2879223
ompRp3,0.5,1,1,TGCTATGTTCATGCAGCCGT,0,2899099
ompRp3,0.5,1,1,TGCTAGCAAAAGGTACCCGA,0,2874634
ompRp3,0.5,1,1,TGCTAGAGCTTGCCAAGTCA,0,2896768
ompRp3,0.5,1,1,TGCGTCCGCTAATATATGAG,0,2881887
ompRp3,0.5,1,1,TGCGTCACGGATGGAGATAA,0,2900584
ompRp3,0.5,1,1,TGCGGCTTCTTAGCAGGAGA,0,2907383
ompRp3,0.5,1,1,TGCGCCTACTGTTTCCGTAC,0,2869344
ompRp3,0.5,1,1,TGCGCACATATATAATTCGA,0,2893666
ompRp3,0.5,1,1,TGCGATCACAGTAGGCCCAC,0,2866310
ompRp3,0.5,1,1,TGCGAAAGGGGTTTTCTATG,0,2871189
ompRp3,0.5,1,1,TGCCTGTCATGGGAAACCTA,0,2866789
ompRp3,0.5,1,1,TGCCTCTCCCCGCTGGTATC,0,2867426
ompRp3,0.5,1,1,TGCCTCGACTGCTTCGTGTA,0,2896525
ompRp3,0.5,1,1,TGCCTATGGGTTAGTAGCGA,0,2871022
ompRp3,0.5,1,1,TGCCGGCTTACTACGGAATC,0,2880690
ompRp3,0.5,1,1,TGCCGCGGTGCGTAAGGCCG,0,2905790
ompRp3,0.5,1,1,TGCCCGGGTTTAATAGTGGG,0,2894449
ompRp3,0.5,1,1,TGCCCGATTACAACCTTCAA,0,2864623
ompRp3,0.5,1,1,TGCCAGCGTAGAGAGTGCTC,0,2904529
ompRp3,0.5,1,1,TGCATGCGCGACCGTAGACT,0,2888413
ompRp3,0.5,1,1,TGCATGATTAATGAGATGAC,0,2881552
ompRp3,0.5,1,1,TGCATATTGCCGTCCCGTCC,0,2868134
ompRp3,0.5,1,1,TGCAGCGGGCACATCGTGGT,0,2869685
ompRp3,0.5,1,1,TGCAGATGACAGGGGAGGCA,0,2871304
ompRp3,0.5,1,1,TGCACAGAGTCAAGTACTGA,0,2902751
ompRp3,0.5,1,1,TGCACACACAGCGCCGATTT,0,2897481
ompRp3,0.5,1,1,TGCAAGGTAGCCATTACACA,0,2878851
ompRp3,0.5,1,1,TGCAACGTTCTTGGGCAAGG,0,2875979
ompRp3,0.5,1,1,TGCAAAGCAGGTTTAGTATG,0,2881307
ompRp3,0.5,1,1,TGATTTTCCTCCCATCTTGA,0,2899219
ompRp3,0.5,1,1,TGATTTCTAGAACTTCTCTG,0,2862362
ompRp3,0.5,1,1,TGATTGGGTGGGCGGAGAGT,0,2884625
ompRp3,0.5,1,1,TGATGTGCTCGTCTCTTCTT,0,2902501
ompRp3,0.5,1,1,TGATGAGACTTAGGCCTTCT,0,2882384
ompRp3,0.5,1,1,TGATCTTAGGCAGGTGCTTC,0,2901584
ompRp3,0.5,1,1,TGATCAAATCCGACAAATGA,0,2868061
ompRp3,0.5,1,1,TGAGTGGTCAAGGTATACTG,0,2884153
ompRp3,0.5,1,1,TGAGGGAAGCGCCGAGTATA,0,2895733
ompRp3,0.5,1,1,TGAGCGGTCCGTTTCCTATC,0,2894949
ompRp3,0.5,1,1,TGAGCCTGTCGCGTGGTGTG,0,2888731
ompRp3,0.5,1,1,TGAGAAATTTCTACCCCTCC,0,2880005
ompRp3,0.5,1,1,TGACTTAGCACATAAGCAGA,0,2865424
ompRp3,0.5,1,1,TGACGTAGGGAAAGCTTGTG,0,2890658
ompRp3,0.5,1,1,TGACGCGGTTGGCATAGTGT,0,2864842
ompRp3,0.5,1,1,TGACGAGGTGGGGAAGACTG,0,2875081
ompRp3,0.5,1,1,TGACGAGGTATTAACTGATT,0,2878808
ompRp3,0.5,1,1,TGACCTATTAAAAACCGGGT,0,2901360
ompRp3,0.5,1,1,TGACCGTTTATACAGTTCTT,0,2884263
ompRp3,0.5,1,1,TGACCGTTATAACAAGACAA,0,2876129
ompRp3,0.5,1,1,TGACCCAATAGAATCTAATG,0,2880322
ompRp3,0.5,1,1,TGAATCATCACTCCATAATG,0,2897499
ompRp3,0.5,1,1,TGAATAGTAACTCCCAGTGC,0,2904765
ompRp3,0.5,1,1,TGAAGTTAGCCCAGGGATCC,0,2867825
ompRp3,0.5,1,1,TGAAGAAATACTGATTGACA,0,2887125
ompRp3,0.5,1,1,TCTTGTCGCAGGACAAAACC,0,2897046
ompRp3,0.5,1,1,TCTTGGTACAGTCCAAGCTT,0,2866732
ompRp3,0.5,1,1,TCTTCTTTTGGATCCTCTTG,0,2863689
ompRp3,0.5,1,1,TCTTCTTTACCCAGAGCGTG,0,2907057
ompRp3,0.5,1,1,TCTTCTTGCTTCCTATGTGT,0,2889703
ompRp3,0.5,1,1,TCTTCCCCGCAATAGACATC,0,2901869
ompRp3,0.5,1,1,TCTTCACTTGGGTCCAGCGA,0,2869038
ompRp3,0.5,1,1,TCTTAGATCGGGTACCCCGC,0,2871566
ompRp3,0.5,1,1,TCTTAACCATTTGTTCCGGA,0,2874301
ompRp3,0.5,1,1,TCTGTTGGAGTGTATCAGCA,0,2890966
ompRp3,0.5,1,1,TCTGTTAGGGTTTAGTTCGC,0,2867363
ompRp3,0.5,1,1,TCTGTATTTTAATATAAATG,0,2871961
ompRp3,0.5,1,1,TCTGGTATATACTTGGGTCT,0,2892990
ompRp3,0.5,1,1,TCTGGTAATTTGCTGGCAAC,0,2869442
ompRp3,0.5,1,1,TCTGGCTCTAGCTTTCTAAG,0,2897321
ompRp3,0.5,1,1,TCTGCGTCTAACCGAGTGTC,0,2877662
ompRp3,0.5,1,1,TCTGAAGGAGCGCCGAAGTG,0,2877329
ompRp3,0.5,1,1,TCTGAACTAGAAACTAGATT,0,2907049
ompRp3,0.5,1,1,TCTCTCTTGCACCAAGACTT,0,2887878
ompRp3,0.5,1,1,TCTCTCAAAGTTATGTAGTG,0,2905139
ompRp3,0.5,1,1,TCTCGCTAGTTAACACGTGG,0,2902859
ompRp3,0.5,1,1,TCTCGAGTTGGCTGGTACCT,0,2863802
ompRp3,0.5,1,1,TCTCGAGTTAACCGATGGAT,0,2897571
ompRp3,0.5,1,1,TCTCCGGGGGCCTGAATCAC,0,2898921
ompRp3,0.5,1,1,TCTCAGCCAGTTAACCAGGA,0,2874626
ompRp3,0.5,1,1,TCTCAACGTCTGTGGAGGCG,0,2884561
ompRp3,0.5,1,1,TCTATTTTAACTCAGGGAAT,0,2893085
ompRp3,0.5,1,1,TCTAAGGCGCCGACTATAAT,0,2903447
ompRp3,0.5,1,1,TCGTTTTCAAGGAATCAGTA,0,2869271
ompRp3,0.5,1,1,TCGTTCCGATCGCGACCTGG,0,2904303
ompRp3,0.5,1,1,TCGTTCAAGCCGTGATGAAC,0,2889481
ompRp3,0.5,1,1,TCGTGGTGGTTGGCGCTTTC,0,2876981
ompRp3,0.5,1,1,TCGTGCGTGCACCAAGGATC,0,2898260
ompRp3,0.5,1,1,TCGTGAAGAAAATCATCGGC,0,2891927
ompRp3,0.5,1,1,TCGTGAACCTTCGTAATGAA,0,2893282
ompRp3,0.5,1,1,TCGTAGATGACCTAAGAGAA,0,2900975
ompRp3,0.5,1,1,TCGGTTTGACCACGCCTTTT,0,2877565
ompRp3,0.5,1,1,TCGGTTTCTCTAAGCAGAGA,0,2861617
ompRp3,0.5,1,1,TCGGTTGCCGATTTAGGGGT,0,2870414
ompRp3,0.5,1,1,TCGGTCTACCAACTATACCA,0,2862252
ompRp3,0.5,1,1,TCGGTATTTCTTCCATCCAG,0,2874737
ompRp3,0.5,1,1,TCGGCTAGTTAAAGTCACTG,0,2883679
ompRp3,0.5,1,1,TCGGCGGGGAATTGCTGGGG,0,2897109
ompRp3,0.5,1,1,TCGGATAGCGTACCTTACTC,0,2867877
ompRp3,0.5,1,1,TCGGACTTGTAGTCACCAAG,0,2864319
ompRp3,0.5,1,1,TCGGAACATACTTGCCCTAG,0,2899643
ompRp3,0.5,1,1,TCGCTGGCACGAGGCAATTC,0,2861423
ompRp3,0.5,1,1,TCGCTATTTCCATACGCAAT,0,2886940
ompRp3,0.5,1,1,TCGCGTGGTTGGTGTAGAAT,0,2870101
ompRp3,0.5,1,1,TCGCGGATCGACTGTAAACC,0,2882771
ompRp3,0.5,1,1,TCGCGCTCACGGAATTCCCT,0,2896448
ompRp3,0.5,1,1,TCGCCCTTGGTTACCTCGGC,0,2888643
ompRp3,0.5,1,1,TCGCCCTATGTTTCCGAACT,0,2898406
ompRp3,0.5,1,1,TCGCAGTCAGCCCATCGCTG,0,2904969
ompRp3,0.5,1,1,TCGCAGCTTGCCCCCGACCC,0,2872255
ompRp3,0.5,1,1,TCGCACTACCATCACCGGGG,0,2897203
ompRp3,0.5,1,1,TCGATGTCTCTCATACGGCA,0,2873876
ompRp3,0.5,1,1,TCGAGTGTTTCCGACGTAGG,0,2865241
ompRp3,0.5,1,1,TCGAGCAGGGCTGGTTCAAC,0,2905418
ompRp3,0.5,1,1,TCGACAGGTCGTAGTTCCCA,0,2900220
ompRp3,0.5,1,1,TCGAAAAGCACGACAAGGCG,0,2877944
ompRp3,0.5,1,1,TCCTTGCTTGCGTTCTCAAT,0,2873836
ompRp3,0.5,1,1,TCCTTAACTTGGGTCACCCT,0,2906229
ompRp3,0.5,1,1,TCCTGGCACATTACGCGTAA,0,2904845
ompRp3,0.5,1,1,TCCTCTCCACGCGCGGACCT,0,2862595
ompRp3,0.5,1,1,TCCTCGTGTCGTATATGTTC,0,2898106
ompRp3,0.5,1,1,TCCTAGTCAATACGCAACAC,0,2899716
ompRp3,0.5,1,1,TCCTAGGGAGATGCGGGGGT,0,2898210
ompRp3,0.5,1,1,TCCTACACTACACGCTGCAT,0,2877680
ompRp3,0.5,1,1,TCCGGGTAATAGATCCAACC,0,2877341
ompRp3,0.5,1,1,TCCGGCATTTGGGGATGGAA,0,2888239
ompRp3,0.5,1,1,TCCGGACTGCTGTGAGACCA,0,2882692
ompRp3,0.5,1,1,TCCGCTACGGTTTCATTGGC,0,2880606
ompRp3,0.5,1,1,TCCCTGTCCGTCTGAACTAA,0,2877669
ompRp3,0.5,1,1,TCCCTATTCCCACTTTAATG,0,2878654
ompRp3,0.5,1,1,TCCCTACCGTTAAATCACAT,0,2897469
ompRp3,0.5,1,1,TCCCGGTATACCCGAGCAAG,0,2879613
ompRp3,0.5,1,1,TCCCCCAACCGATCTTCCTA,0,2866435
ompRp3,0.5,1,1,TCCCAAAGGTAAGCGCTTAA,0,2895861
ompRp3,0.5,1,1,TCCATCAAAACATCTAAGTG,0,2871585
ompRp3,0.5,1,1,TCCATACACTCGTGATTATC,0,2894457
ompRp3,0.5,1,1,TCCAGTGCCAAATTTTGTGG,0,2890012
ompRp3,0.5,1,1,TCCAGTAGAAATTTGTCCAG,0,2881683
ompRp3,0.5,1,1,TCCACTTGATACTAGATATT,0,2864645
ompRp3,0.5,1,1,TCCACGTTGTGGACATTCAC,0,2904949
ompRp3,0.5,1,1,TCCACGCCTTTTTCCATCGG,0,2876165
ompRp3,0.5,1,1,TCCAACGGCATTTTAAAAAG,0,2875657
ompRp3,0.5,1,1,TCATTAGCGGGCAGTCAACT,0,2863057
ompRp3,0.5,1,1,TCATAGCACGGCAGTCGAAG,0,2862923
ompRp3,0.5,1,1,TCAGTTACAGGCTAGACACA,0,2871100
ompRp3,0.5,1,1,TCAGTCATGTGAGTATTTTG,0,2873019
ompRp3,0.5,1,1,TCAGTATCACTTGCGGCTTC,0,2884946
ompRp3,0.5,1,1,TCAGTAGTTTCAACCAAGTA,0,2875388
ompRp3,0.5,1,1,TCAGAGGGTGTTATTGCGCT,0,2862499
ompRp3,0.5,1,1,TCACGTCGTTAGTCAATCAC,0,2879732
ompRp3,0.5,1,1,TCACGAAGTTGAGTACTATG,0,2867839
ompRp3,0.5,1,1,TCACAGTGTCTAATACTTTA,0,2898899
ompRp3,0.5,1,1,TCAATAGTGCGAACCGCGTT,0,2907407
ompRp3,0.5,1,1,TCAAGCTATCGTCAAGAGAC,0,2905069
ompRp3,0.5,1,1,TCAACTGTTTCTAGGTTCTT,0,2867503
ompRp3,0.5,1,1,TCAAATACGGGTAATAGACA,0,2875652
ompRp3,0.5,1,1,TCAAAGTCGGTGTATACATT,0,2881830
ompRp3,0.5,1,1,TATTTTACCAATGCTTGCGA,0,2878169
ompRp3,0.5,1,1,TATTGCGAATTACTTCGGAA,0,2869190
ompRp3,0.5,1,1,TATTCGGATGTCGGTTCGGT,0,2885362
ompRp3,0.5,1,1,TATTCCCGTGACCGAACGGG,0,2866615
ompRp3,0.5,1,1,TATTATCCAATCTTTCTGTT,0,2895407
ompRp3,0.5,1,1,TATGTCTATGTTAGCCACGC,0,2868880
ompRp3,0.5,1,1,TATGTATCCCCCATGGTCGT,0,2893980
ompRp3,0.5,1,1,TATGTAAAGGATTGTTCATT,0,2861713
ompRp3,0.5,1,1,TATGGTGTGATTGTAATTTT,0,2867461
ompRp3,0.5,1,1,TATGGCAAGCCTGTGAACTA,0,2886225
ompRp3,0.5,1,1,TATGGATGAGCAGCTCGCAT,0,2880041
ompRp3,0.5,1,1,TATGGATCTGCATGGCCATG,0,2898884
ompRp3,0.5,1,1,TATGGACGATTAATTTCACC,0,2870722
ompRp3,0.5,1,1,TATGCCTGGTCCATTGATTT,0,2878486
ompRp3,0.5,1,1,TATGCCCAACGATGTATGAT,0,2888759
ompRp3,0.5,1,1,TATGCCAGTTATATCTTCCA,0,2894077
ompRp3,0.5,1,1,TATGCCAAGCTTTACTATTC,0,2901118
ompRp3,0.5,1,1,TATGATTTGGTGGTCGGCTG,0,2872096
ompRp3,0.5,1,1,TATGAATTCAGCCGATAGCG,0,2873175
ompRp3,0.5,1,1,TATGAACTTGTCAGCTCCGC,0,2904983
ompRp3,0.5,1,1,TATCTTGCCCTACATTCGGT,0,2890038
ompRp3,0.5,1,1,TATCTCAATTTCCAATCTCG,0,2896460
ompRp3,0.5,1,1,TATCGTTGAACACTCCGGAC,0,2885779
ompRp3,0.5,1,1,TATCGTCGTGCTGGTGTAGC,0,2901294
ompRp3,0.5,1,1,TATATGAGTTTCCGTTTACA,0,2896278
ompRp3,0.5,1,1,TATATGAAGTGTGCTCTAGT,0,2886115
ompRp3,0.5,1,1,TATACTCCGATCTTGCTCGT,0,2897916
ompRp3,0.5,1,1,TATACGTATAAACAGTGTGA,0,2901624
ompRp3,0.5,1,1,TATACAGGGTCGATAGTCGT,0,2902209
ompRp3,0.5,1,1,TATAATGTAGTCCGTAGAAG,0,2892453
ompRp3,0.5,1,1,TATAATAACAATAGTTGGAT,0,2874347
ompRp3,0.5,1,1,TATAACCTTCGGTGAAGAAA,0,2897681
ompRp3,0.5,1,1,TAGTCTTACGATAATGACCA,0,2883269
ompRp3,0.5,1,1,TAGTCACTTACTATAGTCTT,0,2863630
ompRp3,0.5,1,1,TAGGTCGTAGATCGGTTCGT,0,2888068
ompRp3,0.5,1,1,TAGGGGACAACATACTATGC,0,2902149
ompRp3,0.5,1,1,TAGGGCGGCCAGAGAATATG,0,2866187
ompRp3,0.5,1,1,TAGGCAACGGTGTAAAGTCA,0,2884290
ompRp3,0.5,1,1,TAGGAGGGATAGTATGTATC,0,2897079
ompRp3,0.5,1,1,TAGGAATGTCTCTCAAGACA,0,2860783
ompRp3,0.5,1,1,TAGCGCTTTACCGCATGCAG,0,2895581
ompRp3,0.5,1,1,TAGCGCTACGGTCACGTCAC,0,2904085
ompRp3,0.5,1,1,TAGCCGGCACCCCTGGACCC,0,2862903
ompRp3,0.5,1,1,TAGCCGCTGACCTCCATGAA,0,2901377
ompRp3,0.5,1,1,TAGCATTCATACTGATTGAA,0,2877072
ompRp3,0.5,1,1,TAGCATCAACTCGGGGATTA,0,2871898
ompRp3,0.5,1,1,TAGCAGCCACCTGTCCTACG,0,2883782
ompRp3,0.5,1,1,TAGATGTTTGGTATTGATTC,0,2891452
ompRp3,0.5,1,1,TAGACCTAACATGTTCGTTT,0,2883230
ompRp3,0.5,1,1,TAGAATACACATAGCCTTTC,0,2878274
ompRp3,0.5,1,1,TACTTTTACAGTTTGTTCTC,0,2888411
ompRp3,0.5,1,1,TACTTGTTAATCGAGAATCT,0,2899260
ompRp3,0.5,1,1,TACTGGCGAGACTAGAACGT,0,2875996
ompRp3,0.5,1,1,TACTCTGTATTTGTAAAATA,0,2878312
ompRp3,0.5,1,1,TACTATGCGCCAAACTCTGG,0,2906304
ompRp3,0.5,1,1,TACTAAATCATTAATAGTTC,0,2879835
ompRp3,0.5,1,1,TACGTCCTTGTTCGTATGAC,0,2877218
ompRp3,0.5,1,1,TACGGTGCAAGTACATACTA,0,2886428
ompRp3,0.5,1,1,TACGGATCTCGACTGTCTAA,0,2873852
ompRp3,0.5,1,1,TACGCGTACACAAGGTTTCA,0,2875276
ompRp3,0.5,1,1,TACGCGCGCGGTATCCCTCT,0,2864429
ompRp3,0.5,1,1,TACGCATCCGGGCCAAGCCA,0,2906645
ompRp3,0.5,1,1,TACGAGTAGGGCAGACGGGT,0,2891765
ompRp3,0.5,1,1,TACCTTACCCTAGATGGGAC,0,2872145
ompRp3,0.5,1,1,TACCGTCCTTTCACGTCACG,0,2894013
ompRp3,0.5,1,1,TACCGGGAAGCCAGACAAAT,0,2864734
ompRp3,0.5,1,1,TACCGGACAGATCGACTGGA,0,2863804
ompRp3,0.5,1,1,TACCAGTGGGGGCACTGGCT,0,2897241
ompRp3,0.5,1,1,TACCAAAGCCAACTCGGAAG,0,2884592
ompRp3,0.5,1,1,TACAGCGGCTGCCTACAGTA,0,2894823
ompRp3,0.5,1,1,TACAGCCGTGAAAACGAACT,0,2901212
ompRp3,0.5,1,1,TACAGCCACCTTGGACCGTT,0,2888439
ompRp3,0.5,1,1,TACACTGAACCCGGCGATGG,0,2894276
ompRp3,0.5,1,1,TACACGACTCGGCGAGATGG,0,2881765
ompRp3,0.5,1,1,TAATTTATCATTCCTGTCTA,0,2882356
ompRp3,0.5,1,1,TAATTGAACGTCGCAGCCGT,0,2892660
ompRp3,0.5,1,1,TAATGGACACTAAGAGAGTT,0,2872292
ompRp3,0.5,1,1,TAATGCGTTCCAAAATATAG,0,2869549
ompRp3,0.5,1,1,TAATGACCGGTGGTCGGTTT,0,2899673
ompRp3,0.5,1,1,TAATCCCTGGGGCTGGCGTG,0,2865212
ompRp3,0.5,1,1,TAATATCAGCACCCCCTTCT,0,2872074
ompRp3,0.5,1,1,TAATAGCATGAGAACCAATG,0,2870409
ompRp3,0.5,1,1,TAATAAGGTTTGGGGCAGTG,0,2864852
ompRp3,0.5,1,1,TAAGTTACATACTCATACTC,0,2866727
ompRp3,0.5,1,1,TAAGGTTTGGAGTCCAATAT,0,2898091
ompRp3,0.5,1,1,TAAGGTAATGATTTGTGTGG,0,2903508
ompRp3,0.5,1,1,TAAGGACAACGAGTTGAGAC,0,2890648
ompRp3,0.5,1,1,TAAGCTTCGCTCGCCAGTCT,0,2892092
ompRp3,0.5,1,1,TAAGCGGTACGGTGTGGTGC,0,2889912
ompRp3,0.5,1,1,TAAGCCACGGAGACGCTTGT,0,2879946
ompRp3,0.5,1,1,TAAGAGGAAGCCACCTCGTG,0,2877973
ompRp3,0.5,1,1,TAACTTTTATTCACTTTGGG,0,2880613
ompRp3,0.5,1,1,TAACTGTGCTATACAACTAC,0,2884816
ompRp3,0.5,1,1,TAACTGGAAGTAGGGCCGGG,0,2907565
ompRp3,0.5,1,1,TAACCAAACCATTACCTGTC,0,2904624
ompRp3,0.5,1,1,TAACACGGAACACCTCGCAC,0,2866398
ompRp3,0.5,1,1,TAAATGTGTATACGAACGTT,0,2866981
ompRp3,0.5,1,1,TAAATCGAAGTGTATTCGCG,0,2889366
ompRp3,0.5,1,1,TAAAGTAGTATCATCTCGAT,0,2877711
ompRp3,0.5,1,1,TAAAGGCGTACTTAAAACAT,0,2888973
ompRp3,0.5,1,1,TAAACACCTATAACCGTTTC,0,2890020
ompRp3,0.5,1,1,TAAAAGCTCGACCGTGCAAC,0,2871340
ompRp3,0.5,1,1,TAAAAAGTGTCGCCTTGTGT,0,2886340
ompRp3,0.5,1,1,GTTTGCAGTCTGGGAGTGCG,0,2899577
ompRp3,0.5,1,1,GTTTCGAAAATTATCGGAAT,0,2869472
ompRp3,0.5,1,1,GTTTATGCGAACGGTAAGCT,0,2871870
ompRp3,0.5,1,1,GTTGTTATGAGTAAACTATT,0,2898225
ompRp3,0.5,1,1,GTTGTATAATTCAACTAGAC,0,2879480
ompRp3,0.5,1,1,GTTGGTTCGTTCTCCAATAA,0,2867892
ompRp3,0.5,1,1,GTTGGGGTCAGAGGGCAAAG,0,2886610
ompRp3,0.5,1,1,GTTGGAGTTGGCTCGCTGAA,0,2895463
ompRp3,0.5,1,1,GTTGCTGTGCTACCAGGGTT,0,2864667
ompRp3,0.5,1,1,GTTGCAAGCTAGTCCGCGCG,0,2873216
ompRp3,0.5,1,1,GTTGACACTGGCCGCTGTCG,0,2877721
ompRp3,0.5,1,1,GTTGAAACGCCTGCTTGTTC,0,2876358
ompRp3,0.5,1,1,GTTCTCGAACGTCATCCTTT,0,2901411
ompRp3,0.5,1,1,GTTCGTATGTCGTGTAGCTG,0,2879963
ompRp3,0.5,1,1,GTTCGGGCTGGTCTAATAAG,0,2884441
ompRp3,0.5,1,1,GTTCCTGCCAAACATCATGT,0,2872334
ompRp3,0.5,1,1,GTTCCTCCATATAGTGGATT,0,2866436
ompRp3,0.5,1,1,GTTCCAACATATGACGTCGG,0,2886530
ompRp3,0.5,1,1,GTTCATGACGTAGGTGTTTT,0,2900868
ompRp3,0.5,1,1,GTTCAGCTCCAAGCGAATGG,0,2889003
ompRp3,0.5,1,1,GTTCAAGTCCTAAGTTACAC,0,2875608
ompRp3,0.5,1,1,GTTATGGAGGGCGAGCATGA,0,2872408
ompRp3,0.5,1,1,GTTATACCTCGTCCAAGTAA,0,2889302
ompRp3,0.5,1,1,GTTAGGAGCGGAATCATTCC,0,2902083
ompRp3,0.5,1,1,GTTAGATTCCATGACAGATA,0,2885913
ompRp3,0.5,1,1,GTTACCCTAATAGCATTAGG,0,2890775
ompRp3,0.5,1,1,GTTACAAAAAGATTCCATCA,0,2899303
ompRp3,0.5,1,1,GTTAACGACATCGTTATGTA,0,2901593
ompRp3,0.5,1,1,GTGTTGTATTTACTTGACCT,0,2886660
ompRp3,0.5,1,1,GTGTTGGCCCACGAATCCGA,0,2902431
ompRp3,0.5,1,1,GTGTTATCGGAATGACGTGG,0,2865683
ompRp3,0.5,1,1,GTGTTAACGAGCCCAAGCCA,0,2905657
ompRp3,0.5,1,1,GTGTCTTGTTAGTATTAGGT,0,2902901
ompRp3,0.5,1,1,GTGTCGTGGATATGTAACGC,0,2863440
ompRp3,0.5,1,1,GTGTCGCTGGACAAATGGTT,0,2903910
ompRp3,0.5,1,1,GTGTATCTGGTCAATGAGAT,0,2906447
ompRp3,0.5,1,1,GTGTAACTTCAATGATTTAC,0,2904940
ompRp3,0.5,1,1,GTGGGTCGAATATCCTCTCG,0,2860887
ompRp3,0.5,1,1,GTGGGAATCGCTAGACCCAA,0,2880677
ompRp3,0.5,1,1,GTGGCTTTTGGACAAGGATG,0,2875084
ompRp3,0.5,1,1,GTGGCGCTTGGCTTTAGTAA,0,2894993
ompRp3,0.5,1,1,GTGGCGCTCGAAGCGTGCCT,0,2894922
ompRp3,0.5,1,1,GTGGCCGGACGGTAAGACTT,0,2874669
ompRp3,0.5,1,1,GTGGCCACTGCATGTACGCA,0,2872204
ompRp3,0.5,1,1,GTGGCAGGCTAGGGAAAACT,0,2872798
ompRp3,0.5,1,1,GTGGCACGCGACTCATGTGT,0,2877537
ompRp3,0.5,1,1,GTGGCACAAGCCCTGAGATA,0,2887719
ompRp3,0.5,1,1,GTGGAAGGGGGTTAAACGTT,0,2890832
ompRp3,0.5,1,1,GTGGAAGGACTTTGAGCGAT,0,2881034
ompRp3,0.5,1,1,GTGCTTCGCGGGTCTGGCTA,0,2885750
ompRp3,0.5,1,1,GTGCTCCTGTACCGATCATT,0,2901832
ompRp3,0.5,1,1,GTGCTACAGCAAGGGCAAAG,0,2888208
ompRp3,0.5,1,1,GTGCGATCCACCCCCACAGG,0,2864132
ompRp3,0.5,1,1,GTGCCTCCTTCGCCCGGTTT,0,2881238
ompRp3,0.5,1,1,GTGCCTCATCGGAAACGTCG,0,2891921
ompRp3,0.5,1,1,GTGCCGCAGTGTACTATAGC,0,2878141
ompRp3,0.5,1,1,GTGCATGGTTCGTATAACAA,0,2877489
ompRp3,0.5,1,1,GTGCATCTCAGGAGAGGAAC,0,2886519
ompRp3,0.5,1,1,GTGCACGTGATTCACCCGAT,0,2902334
ompRp3,0.5,1,1,GTGCACAGTACTACGAGCAA,0,2888311
ompRp3,0.5,1,1,GTGCAATGCGCGTCTCCCTC,0,2881859
ompRp3,0.5,1,1,GTGCAACCTACGGCGGGCGA,0,2896157
ompRp3,0.5,1,1,GTGCAAAGTTAATATCAACG,0,2892399
ompRp3,0.5,1,1,GTGATTGCTACCATTGCAAG,0,2863780
ompRp3,0.5,1,1,GTGAGCGGGTCACCTTTCCC,0,2886113
ompRp3,0.5,1,1,GTGAGACTATAGGACAAGGT,0,2893602
ompRp3,0.5,1,1,GTGACCTGCTTAGGAACGCA,0,2894930
ompRp3,0.5,1,1,GTGAATCCATGCTCGCTAGC,0,2880016
ompRp3,0.5,1,1,GTGAATACGACATTGTCTAC,0,2882648
ompRp3,0.5,1,1,GTGAACTATTCGATAGAAAT,0,2868040
ompRp3,0.5,1,1,GTGAAATCATTCAACAAAAT,0,2890738
ompRp3,0.5,1,1,GTGAAATCACAGTTTATTCC,0,2891187
ompRp3,0.5,1,1,GTGAAAGCTTTGCCCGCGGA,0,2897802
ompRp3,0.5,1,1,GTCTGGATTGAAAGACCCGA,0,2883533
ompRp3,0.5,1,1,GTCTGCTTGTAGCGAGAGCG,0,2903178
ompRp3,0.5,1,1,GTCTCGGTCAACCGGTAACG,0,2888077
ompRp3,0.5,1,1,GTCTACAAAACTTGACGAAG,0,2863510
ompRp3,0.5,1,1,GTCGTTGTGCTCTAATCGCA,0,2903823
ompRp3,0.5,1,1,GTCGTGTGAGCGCCGTGAGC,0,2893867
ompRp3,0.5,1,1,GTCGTCGAGAGGTTGAGCTG,0,2899952
ompRp3,0.5,1,1,GTCGTAGTCGTTATAACTGC,0,2863517
ompRp3,0.5,1,1,GTCGTAGGTACTACCAAACA,0,2863892
ompRp3,0.5,1,1,GTCGGACTACCTCACCTCCT,0,2879198
ompRp3,0.5,1,1,GTCGCTACAGCGCATACTTA,0,2892069
ompRp3,0.5,1,1,GTCGCCTGTAGCATCAGATG,0,2900537
ompRp3,0.5,1,1,GTCGAATTGAAGGCGCTCAT,0,2877114
ompRp3,0.5,1,1,GTCGAAGGCACGAGGTAGCA,0,2884357
ompRp3,0.5,1,1,GTCCGCAGCTTTATTAAACA,0,2895771
ompRp3,0.5,1,1,GTCCGAGTAGCCACATTGGA,0,2871587
ompRp3,0.5,1,1,GTCCCTGTTTAGGTTTCCAT,0,2887335
ompRp3,0.5,1,1,GTCCCCAAAAGGTAAACCCC,0,2904620
ompRp3,0.5,1,1,GTCCCAATTAGTGAGGCTGC,0,2884784
ompRp3,0.5,1,1,GTCCACGTTCATTAATGGAG,0,2892978
ompRp3,0.5,1,1,GTCCAAGGGAATCAGCTAAT,0,2889365
ompRp3,0.5,1,1,GTCCAACCCGGGGCGCATAT,0,2902502
ompRp3,0.5,1,1,GTCATGGGGACAATTTACAT,0,2872950
ompRp3,0.5,1,1,GTCATCCTGTCGGCTCTCAT,0,2861459
ompRp3,0.5,1,1,GTCAGCAAGTGATAAGTGAA,0,2880966
ompRp3,0.5,1,1,GTCAGAATAGAGTAGTGCCC,0,2876519
ompRp3,0.5,1,1,GTCACGTTGAATTTTGACAG,0,2878805
ompRp3,0.5,1,1,GTCACGTCGAGAGGTCAAGT,0,2874789
ompRp3,0.5,1,1,GTCAACCGTCCGGCGAACTT,0,2888122
ompRp3,0.5,1,1,GTATCGCCACATGTTCATGG,0,2889417
ompRp3,0.5,1,1,GTATCCATTCCACGATTCAT,0,2887256
ompRp3,0.5,1,1,GTATCAAGACGTGAAGCGCC,0,2885214
ompRp3,0.5,1,1,GTATAACCGACGCGAGGCTG,0,2891605
ompRp3,0.5,1,1,GTAGTTGATAAGATACCATA,0,2879662
ompRp3,0.5,1,1,GTAGTTAACCCGGATGCTGA,0,2905566
ompRp3,0.5,1,1,GTAGGTACAAGGTAGTTCAT,0,2887012
ompRp3,0.5,1,1,GTAGCATTACACGATGACTA,0,2882160
ompRp3,0.5,1,1,GTAGCATCCCTCTGAAAGAA,0,2887597
ompRp3,0.5,1,1,GTAGCATAGGGCAGTGAATG,0,2867722
ompRp3,0.5,1,1,GTAGAAAGGCAACGCCACTC,0,2866183
ompRp3,0.5,1,1,GTACTCGGGGTGTACCCATG,0,2905201
ompRp3,0.5,1,1,GTACTCCTGGGACAAGTTAG,0,2885437
ompRp3,0.5,1,1,GTACGGCGGTTATTGAGATA,0,2900193
ompRp3,0.5,1,1,GTACCGGGTTTTAGAAGCGC,0,2863012
ompRp3,0.5,1,1,GTACCGCCGAGACCATGATG,0,2885469
ompRp3,0.5,1,1,GTAATGATGGCTCCTTCCGG,0,2887509
ompRp3,0.5,1,1,GTAAGTGCCGAGGGCATTAA,0,2871368
ompRp3,0.5,1,1,GTAAGACTCCCCGCGAGAGT,0,2906693
ompRp3,0.5,1,1,GGTTTGACATCTTCGGAAGA,0,2901486
ompRp3,0.5,1,1,GGTTTCGGTGAATAGGATAA,0,2895197
ompRp3,0.5,1,1,GGTTTACGATGCAGAAAAGT,0,2885460
ompRp3,0.5,1,1,GGTTTAAATGGCAGTTCAAG,0,2878823
ompRp3,0.5,1,1,GGTTGTCCGGTCCGGACGCC,0,2891394
ompRp3,0.5,1,1,GGTTGGTGTGTGGAAGAGTA,0,2862565
ompRp3,0.5,1,1,GGTTGCTCATCGTATATTTG,0,2860953
ompRp3,0.5,1,1,GGTTCGGACTTATCCATTAA,0,2898847
ompRp3,0.5,1,1,GGTTCCATGGGTTCCATGCA,0,2861570
ompRp3,0.5,1,1,GGTTCAACTCCTTTTATGCA,0,2904677
ompRp3,0.5,1,1,GGTTAGTACCATCAGGTGTA,0,2870906
ompRp3,0.5,1,1,GGTTAGGCCAGTCGGACCAA,0,2900783
ompRp3,0.5,1,1,GGTGTCCTCTGGATTACTGG,0,2901339
ompRp3,0.5,1,1,GGTGGCGTCAAAAGGGCTAA,0,2862290
ompRp3,0.5,1,1,GGTGGCGGAGACAACTCCTG,0,2893634
ompRp3,0.5,1,1,GGTGAGTCTGCAAGAACTAT,0,2892318
ompRp3,0.5,1,1,GGTCTTAGCGTGCGGTTATG,0,2880341
ompRp3,0.5,1,1,GGTCTCGGAAAGTCGCCGCT,0,2879855
ompRp3,0.5,1,1,GGTCGTTGAAACCTCCTGCA,0,2900373
ompRp3,0.5,1,1,GGTCCCTCCCCTTGGCCTGG,0,2866695
ompRp3,0.5,1,1,GGTCCAAAGTCGAATTCTTA,0,2894116
ompRp3,0.5,1,1,GGTCATCCCATAAGTCGAAG,0,2893700
ompRp3,0.5,1,1,GGTCAATGAGTAGTTGGGAT,0,2869739
ompRp3,0.5,1,1,GGTATTCTGATAGCCTTTAT,0,2871273
ompRp3,0.5,1,1,GGTATTCATGTGTCTGGGGC,0,2864638
ompRp3,0.5,1,1,GGTATTACATTGCAGTTAAC,0,2897598
ompRp3,0.5,1,1,GGTATCCACACCCCGTTGGT,0,2875323
ompRp3,0.5,1,1,GGTATAAAGTTTTGTCACGC,0,2870350
ompRp3,0.5,1,1,GGTAGTGCCGTACTATGCGT,0,2875825
ompRp3,0.5,1,1,GGTAGTCAACATTTCGCAAT,0,2899508
ompRp3,0.5,1,1,GGTACCCTCGACGATTTTAG,0,2877068
ompRp3,0.5,1,1,GGTAATGGAGAAGTGCTAGC,0,2895072
ompRp3,0.5,1,1,GGTAATCTGGAAGTGTCACG,0,2885146
ompRp3,0.5,1,1,GGTAACGGTAGCATTATCGG,0,2896852
ompRp3,0.5,1,1,GGTAAAAACATCCAAAAACT,0,2874242
ompRp3,0.5,1,1,GGGTTTTACATGCGCGATTG,0,2883330
ompRp3,0.5,1,1,GGGTGAAAGGTCCGTCCCTA,0,2900337
ompRp3,0.5,1,1,GGGTCTTAACATCCCGTCCA,0,2878283
ompRp3,0.5,1,1,GGGTCGAGAATTTTCGAGCA,0,2878136
ompRp3,0.5,1,1,GGGTATACTGAAAGAGTTTG,0,2867614
ompRp3,0.5,1,1,GGGGGTCACGCACAGAGCGC,0,2904681
ompRp3,0.5,1,1,GGGGGCAATACAGTGCTTAT,0,2863657
ompRp3,0.5,1,1,GGGGGATAATCTGCGATCTT,0,2894943
ompRp3,0.5,1,1,GGGGCTTCATCGGAACAATT,0,2868160
ompRp3,0.5,1,1,GGGGCAAGGCGGACGTTCAA,0,2889109
ompRp3,0.5,1,1,GGGCTTTATCGCCGACACCC,0,2899594
ompRp3,0.5,1,1,GGGCTAAAAAGTAACGACTC,0,2905227
ompRp3,0.5,1,1,GGGCGTGGAAGGATGTGGGT,0,2879107
ompRp3,0.5,1,1,GGGCGTCCAGAGTCTTTTGC,0,2863311
ompRp3,0.5,1,1,GGGCGACCGTTTGCTGCGGA,0,2862050
ompRp3,0.5,1,1,GGGCGACCAAGAAGGTGAGT,0,2901764
ompRp3,0.5,1,1,GGGCCGATGCATATTATTGG,0,2890477
ompRp3,0.5,1,1,GGGCAGAGTCTAACGTCTGT,0,2866756
ompRp3,0.5,1,1,GGGATTGCTCTTCCACAGGG,0,2905144
ompRp3,0.5,1,1,GGGATGTATGCCCCAGCTGT,0,2875100
ompRp3,0.5,1,1,GGGAGTTTGTGTATGTCGGC,0,2896933
ompRp3,0.5,1,1,GGGAGTCCGGGGCTTTTGAC,0,2873026
ompRp3,0.5,1,1,GGGACGATGCAACGTGACTA,0,2865349
ompRp3,0.5,1,1,GGCTTTTGGTTAGGAGCCCA,0,2892898
ompRp3,0.5,1,1,GGCTTTGTGGGCAAAAGGTC,0,2886548
ompRp3,0.5,1,1,GGCTTTCGAATCTTAAGCAG,0,2906203
ompRp3,0.5,1,1,GGCTTTATAGAGACCTGCTG,0,2891720
ompRp3,0.5,1,1,GGCTTAGTCCTTCAACGTTA,0,2862598
ompRp3,0.5,1,1,GGCTGGTATTATTCCTACCC,0,2902374
ompRp3,0.5,1,1,GGCTCTAGAGTCAAAAGTCT,0,2865733
ompRp3,0.5,1,1,GGCTCGCTAAGGTAGAGGTT,0,2896737
ompRp3,0.5,1,1,GGCTCAACCAAAAAATCCTA,0,2872710
ompRp3,0.5,1,1,GGCTATCCTTCCGCCGATAG,0,2861173
ompRp3,0.5,1,1,GGCTAGAACATGTACACGAT,0,2896488
ompRp3,0.5,1,1,GGCGTATGCTGGGCCAGGCA,0,2878778
ompRp3,0.5,1,1,GGCGGTTTGGAAGGTGTCAC,0,2906109
ompRp3,0.5,1,1,GGCGGTTATCGAGACAAGTG,0,2902456
ompRp3,0.5,1,1,GGCGCTTGTATGGCGCGCCC,0,2881094
ompRp3,0.5,1,1,GGCGCCAAAGCTTTTGGTAG,0,2899408
ompRp3,0.5,1,1,GGCGACAGTACCTGGCTTGG,0,2881423
ompRp3,0.5,1,1,GGCCTGCGACTATTAGCGCC,0,2873455
ompRp3,0.5,1,1,GGCCGCGAGCCTTTTCCAGC,0,2896373
ompRp3,0.5,1,1,GGCCGCCTTCACAGCTCTTG,0,2897796
ompRp3,0.5,1,1,GGCCCGTTCCCTGTTGCGGG,0,2896637
ompRp3,0.5,1,1,GGCCCGTGACCTCGGGAGGA,0,2906982
ompRp3,0.5,1,1,GGCCCAAGTACACTGGTTAA,0,2880083
ompRp3,0.5,1,1,GGCCAGGCCCAAGGGCACGG,0,2906061
ompRp3,0.5,1,1,GGCATCCCACAAGTGCCTGG,0,2884361
ompRp3,0.5,1,1,GGCACTGCTCTGGCGTGTCT,0,2867742
ompRp3,0.5,1,1,GGCAATATCTCGGACAGGCG,0,2879508
ompRp3,0.5,1,1,GGCAAGCCTAATTATAGGCG,0,2880618
ompRp3,0.5,1,1,GGATTATGCTAGCGCTTTGC,0,2863537
ompRp3,0.5,1,1,GGATGTTTCCATGGGACAGA,0,2875983
ompRp3,0.5,1,1,GGATCGGTCAACCATGCGTT,0,2901424
ompRp3,0.5,1,1,GGATAGTTGTGAGCGCACTC,0,2887811
ompRp3,0.5,1,1,GGATACACGACGTCAGCGCG,0,2869515
ompRp3,0.5,1,1,GGAGTTTGTTACCTGTGTTG,0,2887422
ompRp3,0.5,1,1,GGAGTGGCTCCGGCAACTCA,0,2869765
ompRp3,0.5,1,1,GGAGTAGTCCAGCGTACGCA,0,2890077
ompRp3,0.5,1,1,GGAGGTCGAGCTGCAAGGAT,0,2874919
ompRp3,0.5,1,1,GGAGGTAATGTGTAAACCGT,0,2904685
ompRp3,0.5,1,1,GGAGGGTTCCGTTTAATAAC,0,2884877
ompRp3,0.5,1,1,GGAGGCCGACTTCCAACAGA,0,2882277
ompRp3,0.5,1,1,GGAGCGTCGTTTCGCATTCA,0,2869086
ompRp3,0.5,1,1,GGAGCGTATTTCACTTCTTA,0,2886808
ompRp3,0.5,1,1,GGAGCGTAATCGTAATGTAC,0,2890933
ompRp3,0.5,1,1,GGAGAAATGCTGTCGTATTC,0,2902462
ompRp3,0.5,1,1,GGACTTCAGTTTAGAACACC,0,2889136
ompRp3,0.5,1,1,GGACTTCAGTAAGGCCCCGG,0,2895586
ompRp3,0.5,1,1,GGACGTGAGAATCCCATACG,0,2867365
ompRp3,0.5,1,1,GGACGTAATGGTAACCACCA,0,2880887
ompRp3,0.5,1,1,GGACGCCTCCAAATCCCAGT,0,2889949
ompRp3,0.5,1,1,GGACGATCCCGTTCCTATTG,0,2891340
ompRp3,0.5,1,1,GGACCAGGTTTGGAACCTTG,0,2874577
ompRp3,0.5,1,1,GGACAGGGACAGTTAGAGTG,0,2861122
ompRp3,0.5,1,1,GGACACCACGAGATGAGATC,0,2861323
ompRp3,0.5,1,1,GGAAGAATGAACACGAGCCC,0,2874107
ompRp3,0.5,1,1,GGAAATATGACTCGTGGCTC,0,2873111
ompRp3,0.5,1,1,GGAAAGCAAGATCAAAACAC,0,2898624
ompRp3,0.5,1,1,GCTTCGGAGGGGTGCACTGC,0,2867786
ompRp3,0.5,1,1,GCTTCATATGCAGGCGGCTC,0,2869916
ompRp3,0.5,1,1,GCTTAAAGAACCAGAGTGTC,0,2866523
ompRp3,0.5,1,1,GCTGTGGGTCCGATTCATCG,0,2905602
ompRp3,0.5,1,1,GCTGTCGGGAGGTAACTTCA,0,2888247
ompRp3,0.5,1,1,GCTGGGCATTCGGCGCATGT,0,2876977
ompRp3,0.5,1,1,GCTGATATGCGTACACGGTG,0,2865245
ompRp3,0.5,1,1,GCTCGCAATGGGCCACGCAT,0,2890390
ompRp3,0.5,1,1,GCTCGACGACGTTATAAATC,0,2862207
ompRp3,0.5,1,1,GCTCAAAATACCTTGACGGA,0,2882023
ompRp3,0.5,1,1,GCTAGTCTCGACGACACTCG,0,2885377
ompRp3,0.5,1,1,GCTAACGACTGAGGCACGTG,0,2889499
ompRp3,0.5,1,1,GCGTTTCGGATTAAAAATGA,0,2907449
ompRp3,0.5,1,1,GCGTGGCGGGCGTCACGAAA,0,2875427
ompRp3,0.5,1,1,GCGTCCGTACTCTACTTGCT,0,2881599
ompRp3,0.5,1,1,GCGTATCGGGGCAGCATTCA,0,2883625
ompRp3,0.5,1,1,GCGTAACGGTCGCTGGGTAC,0,2900681
ompRp3,0.5,1,1,GCGGGGGTACCTATTATGAA,0,2873018
ompRp3,0.5,1,1,GCGGGCAGGTGAGACGTGAA,0,2899811
ompRp3,0.5,1,1,GCGGGACATGTAGGTTCGAT,0,2901258
ompRp3,0.5,1,1,GCGGAGGCTCACGACATGCC,0,2892705
ompRp3,0.5,1,1,GCGGACCTTCGCAGGGACGT,0,2895311
ompRp3,0.5,1,1,GCGGACCCGACTATCGGGCA,0,2894536
ompRp3,0.5,1,1,GCGGAAATTACAGACCCAGT,0,2894828
ompRp3,0.5,1,1,GCGCTGCGCATCGGTCAAAT,0,2896772
ompRp3,0.5,1,1,GCGCGTTCAATTAGGGGGTT,0,2887209
ompRp3,0.5,1,1,GCGCCTAGCCTACCTTATCC,0,2905976
ompRp3,0.5,1,1,GCGCCTACTTGTTGAGGACT,0,2863002
ompRp3,0.5,1,1,GCGCAGAGAGGTGAGCCTGG,0,2903615
ompRp3,0.5,1,1,GCGCAAACTAAATACCCCCT,0,2887642
ompRp3,0.5,1,1,GCGATCTAGTCGTTGGTTGT,0,2906838
ompRp3,0.5,1,1,GCGATCCCCTTCTTCCTGTT,0,2905397
ompRp3,0.5,1,1,GCGATCAACTTGCGCGAAAG,0,2860762
ompRp3,0.5,1,1,GCGAGTTAACGACTAACCAT,0,2884141
ompRp3,0.5,1,1,GCGAGTGAGCCCGAGAGTTT,0,2895256
ompRp3,0.5,1,1,GCGAGTCCGCTCGATGCTCG,0,2883155
ompRp3,0.5,1,1,GCGAGCCTAAGATACGAGGA,0,2891796
ompRp3,0.5,1,1,GCGACAGGCCCGGAGTGATC,0,2897035
ompRp3,0.5,1,1,GCGAATTTAACAATAATGAC,0,2866429
ompRp3,0.5,1,1,GCGAACGAGAAGAATCCGGT,0,2874434
ompRp3,0.5,1,1,GCGAAACATGTTTGACGACT,0,2900904
ompRp3,0.5,1,1,GCCTGCTTATGACTCAATCA,0,2874699
ompRp3,0.5,1,1,GCCTGCTAGGTACGGTCTTC,0,2860884
ompRp3,0.5,1,1,GCCTCGTTATGGATTAGTGT,0,2886452
ompRp3,0.5,1,1,GCCTAGTCCCCGAGCAGCGT,0,2889175
ompRp3,0.5,1,1,GCCTAGCGTGGTCACTCATT,0,2866342
ompRp3,0.5,1,1,GCCTACTATATTAGGCGCTG,0,2864854
ompRp3,0.5,1,1,GCCTAAGTACATTACTCAAG,0,2863854
ompRp3,0.5,1,1,GCCGTGTCTGCCAAGGTGTC,0,2906010
ompRp3,0.5,1,1,GCCGGTTTGGAGTGGGCTTA,0,2894863
ompRp3,0.5,1,1,GCCGGCAACTGCGATATTCA,0,2902379
ompRp3,0.5,1,1,GCCGCTCCTGGGGTTATCGC,0,2882062
ompRp3,0.5,1,1,GCCGCGTAGGACGGGGCGAG,0,2879096
ompRp3,0.5,1,1,GCCGCCCAAATCTGCACGAC,0,2864670
ompRp3,0.5,1,1,GCCGATCAATCGGTGCGTGC,0,2902846
ompRp3,0.5,1,1,GCCGAGCTGAAGATGTTGTT,0,2890059
ompRp3,0.5,1,1,GCCGACTAAGTTACCCTGCT,0,2875313
ompRp3,0.5,1,1,GCCGACCATATGCGATAGCG,0,2868948
ompRp3,0.5,1,1,GCCCGTTGACCCGTTGCTCC,0,2877331
ompRp3,0.5,1,1,GCCCGCGGCGGTGCTTAACA,0,2892522
ompRp3,0.5,1,1,GCCCGATGGCCCTTTCTCCT,0,2875654
ompRp3,0.5,1,1,GCCCCGATAATGGAGTTAAT,0,2896387
ompRp3,0.5,1,1,GCCCCCCTGTATCGAACTAT,0,2864484
ompRp3,0.5,1,1,GCCCAATCCTATAAGCCTTT,0,2885721
ompRp3,0.5,1,1,GCCATTCGGGCAGTGCCGGC,0,2900265
ompRp3,0.5,1,1,GCCATACTGACGGTCCCGTG,0,2907623
ompRp3,0.5,1,1,GCCAGCCCCGTGATAGGCTT,0,2890384
ompRp3,0.5,1,1,GCCACGAATACTATTATACT,0,2900620
ompRp3,0.5,1,1,GCCACCGATTGTAATTGAGG,0,2903559
ompRp3,0.5,1,1,GCCAATCGGCAGCTACCTCC,0,2892398
ompRp3,0.5,1,1,GCCAACGAAACCTCTTCGAA,0,2863692
ompRp3,0.5,1,1,GCATTAGTAAAGAGTTCAAC,0,2883341
ompRp3,0.5,1,1,GCATTACCAAAGAGTTTCCT,0,2865920
ompRp3,0.5,1,1,GCATGGTGACCATTGCTTAT,0,2863551
ompRp3,0.5,1,1,GCATGGCTTTGATTCGTATA,0,2898948
ompRp3,0.5,1,1,GCATGACGGATGGCCTCCTC,0,2874790
ompRp3,0.5,1,1,GCATCGGAAGCCCGCTCAGC,0,2867157
ompRp3,0.5,1,1,GCATCACATCGCATAACCGG,0,2867366
ompRp3,0.5,1,1,GCATACAGTCCGGTCCCCTC,0,2871854
ompRp3,0.5,1,1,GCAGTTTTTCTTACATACGC,0,2882108
ompRp3,0.5,1,1,GCAGTCTCGCCCGAGGCTTT,0,2880609
ompRp3,0.5,1,1,GCAGTACGTACCCACACACC,0,2872585
ompRp3,0.5,1,1,GCAGGCATGTACTTGTGATT,0,2900434
ompRp3,0.5,1,1,GCAGCCCATGTTGGATGTGA,0,2883172
ompRp3,0.5,1,1,GCAGCACCCATGCAGAGCAC,0,2870796
ompRp3,0.5,1,1,GCAGATACCAGCATCGGAAA,0,2860891
ompRp3,0.5,1,1,GCAGAATCCCAGCACACTAT,0,2867396
ompRp3,0.5,1,1,GCACGTTTCCAGGGGGCTCT,0,2872641
ompRp3,0.5,1,1,GCACGCTCCGTTGCAATGAA,0,2907297
ompRp3,0.5,1,1,GCACCGTGGGAAGGCTTTGA,0,2888682
ompRp3,0.5,1,1,GCACCAGCAAGAGGACAGTG,0,2900202
ompRp3,0.5,1,1,GCACAGCTGGAGGGGAGGAG,0,2891403
ompRp3,0.5,1,1,GCAATGGCAAAAAGGTAGCT,0,2896359
ompRp3,0.5,1,1,GCAATCGAACAGGAGGGAGC,0,2891936
ompRp3,0.5,1,1,GCAATATTAAATCCCCCAAG,0,2897710
ompRp3,0.5,1,1,GCAAGTTAAGTGGGCCATGC,0,2873191
ompRp3,0.5,1,1,GCAAACGGGTTGATACCCAG,0,2867880
ompRp3,0.5,1,1,GCAAAAGTAACAACAGTCGT,0,2872786
ompRp3,0.5,1,1,GATTTGTGACTTTTGCCACG,0,2882611
ompRp3,0.5,1,1,GATTTCTCGTTCGCTATGTG,0,2876390
ompRp3,0.5,1,1,GATTTATAGAGTGGATCTTC,0,2878636
ompRp3,0.5,1,1,GATTGTTTCGACATCAAACA,0,2864181
ompRp3,0.5,1,1,GATTGCAATCATTCAATGCA,0,2905035
ompRp3,0.5,1,1,GATTAAACCCCAGTTAGTAA,0,2866776
ompRp3,0.5,1,1,GATGTGCCACATTGCGTTGA,0,2892907
ompRp3,0.5,1,1,GATGGGATGTGGAACGACAC,0,2902047
ompRp3,0.5,1,1,GATGCACTCTCCAGAATAGG,0,2876186
ompRp3,0.5,1,1,GATGATGGTCCCCATCGGAG,0,2885906
ompRp3,0.5,1,1,GATGAATTGACGTTTGAGTA,0,2905083
ompRp3,0.5,1,1,GATCTGTGAAGAGGATCAAT,0,2890985
ompRp3,0.5,1,1,GATCTGAGATGTGGGGCTGG,0,2904322
ompRp3,0.5,1,1,GATCTCGCTAGAACTACCAA,0,2902178
ompRp3,0.5,1,1,GATCTACGAGTCTGACACCT,0,2895128
ompRp3,0.5,1,1,GATCCTAAGAACTAGAACGG,0,2883757
ompRp3,0.5,1,1,GATCCGTTTACAGAGCTGTG,0,2874295
ompRp3,0.5,1,1,GATCACAGATGTTGCGAAGT,0,2893229
ompRp3,0.5,1,1,GATCAAGTACAGTTAATGAT,0,2877985
ompRp3,0.5,1,1,GATATGCGGCGGTCGCATAA,0,2903972
ompRp3,0.5,1,1,GATACGTGGACGCCCGTTGG,0,2869681
ompRp3,0.5,1,1,GATACGGTTCGGCACCACCA,0,2896130
ompRp3,0.5,1,1,GATACGCGGGTTGCCAGCAG,0,2867620
ompRp3,0.5,1,1,GAGTTCAAGCGCCGGGGCAA,0,2888153
ompRp3,0.5,1,1,GAGTCCGACCTGTCCCAAAC,0,2878816
ompRp3,0.5,1,1,GAGGTGACCTCCAAGGGAAA,0,2876034
ompRp3,0.5,1,1,GAGGTCTAGAGATATTATCC,0,2906406
ompRp3,0.5,1,1,GAGGTAGGTGAGTTACTTTC,0,2903453
ompRp3,0.5,1,1,GAGGTACCAAAACCACCGTA,0,2882908
ompRp3,0.5,1,1,GAGGGTTAAGTGGGGTTCCA,0,2882699
ompRp3,0.5,1,1,GAGGGACAGTCGTACGGAAT,0,2879443
ompRp3,0.5,1,1,GAGGCTACAAGGGCGCTACG,0,2869219
ompRp3,0.5,1,1,GAGGCATAAGAGGAGATGGT,0,2865218
ompRp3,0.5,1,1,GAGGACTTAAGTACTCGTGT,0,2895024
ompRp3,0.5,1,1,GAGGAAAGCGGCGTTGTGAA,0,2891760
ompRp3,0.5,1,1,GAGCGTTCGCGGTGTAATCG,0,2906464
ompRp3,0.5,1,1,GAGCCGTTCAACAATGGTTT,0,2898157
ompRp3,0.5,1,1,GAGCCCTTAGGGAGTTTCTA,0,2879596
ompRp3,0.5,1,1,GAGCCAAGACAATTAGGCCT,0,2888327
ompRp3,0.5,1,1,GAGCAGCAATTGCTTGCAGG,0,2901071
ompRp3,0.5,1,1,GAGATCGTCACTAGGCGCCA,0,2889596
ompRp3,0.5,1,1,GAGAGTGGTTTCATCTCAAC,0,2905687
ompRp3,0.5,1,1,GAGAGTCATGTGGTATGTAA,0,2879084
ompRp3,0.5,1,1,GAGAGGTCGCTGAGCACTAA,0,2864387
ompRp3,0.5,1,1,GAGAGAGGATCGTACTTCTA,0,2905143
ompRp3,0.5,1,1,GAGAAATGGTCGGCCATCCT,0,2886439
ompRp3,0.5,1,1,GACTTGCACATATCCGCCAA,0,2861385
ompRp3,0.5,1,1,GACTTCGAAATTTTCCTTTA,0,2884012
ompRp3,0.5,1,1,GACTTAGCAGTCGTTCATTG,0,2893469
ompRp3,0.5,1,1,GACTGTAAATCTCACCTCAA,0,2883740
ompRp3,0.5,1,1,GACTGGCGGTTGACTGTATA,0,2900439
ompRp3,0.5,1,1,GACTGCTTTAAGGGATCTGA,0,2882422
ompRp3,0.5,1,1,GACTGACTTCATAGCCAAAA,0,2861889
ompRp3,0.5,1,1,GACTCGGTTGAAGCTCCAAA,0,2891001
ompRp3,0.5,1,1,GACTCAGGCCATCCGGTTAT,0,2870678
ompRp3,0.5,1,1,GACTAGAGAAACCCTCCATG,0,2904096
ompRp3,0.5,1,1,GACTACAATGATTGGAGTGT,0,2883163
ompRp3,0.5,1,1,GACGTCAATACTCGGACTAC,0,2883514
ompRp3,0.5,1,1,GACGGGGCTACTCATTAAGC,0,2905728
ompRp3,0.5,1,1,GACGCAGAGATCATGGGATA,0,2896865
ompRp3,0.5,1,1,GACCTCAGCACAACCCGCTA,0,2886297
ompRp3,0.5,1,1,GACCGGTTTGGTGTGGTTAC,0,2871441
ompRp3,0.5,1,1,GACCCCAATTGATTGCTACT,0,2905982
ompRp3,0.5,1,1,GACATCGTACTGGTTGCAAG,0,2888905
ompRp3,0.5,1,1,GACATAATCACGTTCGACAC,0,2897854
ompRp3,0.5,1,1,GACAGTGTCCAACAATGTAA,0,2906040
ompRp3,0.5,1,1,GACACTCACTCTGAGTTGGA,0,2892620
ompRp3,0.5,1,1,GACACTAGGGAAACCCTGAT,0,2896287
ompRp3,0.5,1,1,GACAATGGGCCGCTAATCCA,0,2874268
ompRp3,0.5,1,1,GAATTGGGACCGCAATTTTC,0,2876674
ompRp3,0.5,1,1,GAATTAGTGTTCGGGTAACT,0,2887105
ompRp3,0.5,1,1,GAATGTAAGAGCGGAGTTAT,0,2890468
ompRp3,0.5,1,1,GAATCCAGGGGGTTCACCAA,0,2897313
ompRp3,0.5,1,1,GAATACCGAGCCATAAGAAT,0,2874705
ompRp3,0.5,1,1,GAATAAAAAAGGCGGTCGGC,0,2886414
ompRp3,0.5,1,1,GAAGTCTAAGTCAGTTCCAA,0,2877640
ompRp3,0.5,1,1,GAAGGTTATGCCCCCCTCAG,0,2888499
ompRp3,0.5,1,1,GAAGGGCGGGTCGGAGGCTT,0,2877320
ompRp3,0.5,1,1,GAAGGCTCGAGGGGCCAGTA,0,2904721
ompRp3,0.5,1,1,GAAGGAATGACCGTGTCTCG,0,2872430
ompRp3,0.5,1,1,GAAGCTACGATCTGAAGTCT,0,2894893
ompRp3,0.5,1,1,GAAGATCGGCACAGTTGGCA,0,2886746
ompRp3,0.5,1,1,GAAGATACCGGCCCGAGAGA,0,2902842
ompRp3,0.5,1,1,GAAGAAGGAACGAGCGAGCG,0,2897014
ompRp3,0.5,1,1,GAACTTCATTATTTGGGGAA,0,2862049
ompRp3,0.5,1,1,GAACGTTGGTCTCCCCGGCC,0,2869193
ompRp3,0.5,1,1,GAACGCATGTAGGAAACGGC,0,2875239
ompRp3,0.5,1,1,GAACCCACTGTAATCATCCG,0,2869826
ompRp3,0.5,1,1,GAACATACCATGGAATAATA,0,2905952
ompRp3,0.5,1,1,GAAATTATTAACAAGTCGAG,0,2888612
ompRp3,0.5,1,1,GAAATTATACTCTATGGGTT,0,2878614
ompRp3,0.5,1,1,GAAATAGCGGTTGCTCAACC,0,2878987
ompRp3,0.5,1,1,GAAAGATCCCTGTTTGGCGC,0,2896452
ompRp3,0.5,1,1,GAAACGCCTAACCTCGCCAT,0,2872830
ompRp3,0.5,1,1,GAAAACCGACTTAGAAAGAT,0,2890312
ompRp3,0.5,1,1,GAAAACAATTTCGATACGCC,0,2889472
ompRp3,0.5,1,1,GAAAAAACCTACCGCTCTAA,0,2891816
ompRp3,0.5,1,1,CTTTTTGGCACACTATAGAG,0,2888959
ompRp3,0.5,1,1,CTTTTAAATACACGGGAGGG,0,2899507
ompRp3,0.5,1,1,CTTTGTTGTATTCGAGAGGC,0,2868235
ompRp3,0.5,1,1,CTTTGTTGCGCAGCGGGAAA,0,2866446
ompRp3,0.5,1,1,CTTTGCAAGAAGGCAAGTCC,0,2902006
ompRp3,0.5,1,1,CTTTCCGGTAGTCACCGAAT,0,2863423
ompRp3,0.5,1,1,CTTTCAGTCAATAGCTGACA,0,2886006
ompRp3,0.5,1,1,CTTTCACGCAAGTCACCGCC,0,2873446
ompRp3,0.5,1,1,CTTTCAATCGCGACAATCAC,0,2891555
ompRp3,0.5,1,1,CTTTATTGGCAGTATGTGGT,0,2896964
ompRp3,0.5,1,1,CTTTAATTTCTTCCGCACAC,0,2899570
ompRp3,0.5,1,1,CTTGGCCAGCCATCAAAAAA,0,2881413
ompRp3,0.5,1,1,CTTGAAGTACTAGATACACT,0,2901529
ompRp3,0.5,1,1,CTTCTGAGATCAAAAATACC,0,2896480
ompRp3,0.5,1,1,CTTCGTGCCTTCAACTCGAC,0,2864249
ompRp3,0.5,1,1,CTTCGTGAGGGAGGATTACG,0,2886896
ompRp3,0.5,1,1,CTTCGCTACGAGACCAAATC,0,2871633
ompRp3,0.5,1,1,CTTCGATTACAGCGCGACGA,0,2878800
ompRp3,0.5,1,1,CTTCGATGCCAATCTCCCCA,0,2902824
ompRp3,0.5,1,1,CTTCGAAAGGATGCGCCATC,0,2867169
ompRp3,0.5,1,1,CTTCCTGTTATGTCATAATT,0,2862695
ompRp3,0.5,1,1,CTTCCTGTGGATGTACTATT,0,2900134
ompRp3,0.5,1,1,CTTCCCTACGTTGTAGTAGA,0,2864118
ompRp3,0.5,1,1,CTTCATGGTCACCCCTCTAG,0,2882084
ompRp3,0.5,1,1,CTTCACACGTTCGGTCGGCA,0,2878698
ompRp3,0.5,1,1,CTTCAACGCATAGGACCTCT,0,2893270
ompRp3,0.5,1,1,CTTATGCCGATACGCTATCG,0,2905693
ompRp3,0.5,1,1,CTTATGACCAAGGCAGGCAA,0,2895251
ompRp3,0.5,1,1,CTTAGCCTAGACGTTCAAGA,0,2893065
ompRp3,0.5,1,1,CTTACTCCGACTCTCTTCTG,0,2870947
ompRp3,0.5,1,1,CTTACGGGACGGTTATGTGT,0,2895118
ompRp3,0.5,1,1,CTGTTGGTGGTTACCGGGTG,0,2901091
ompRp3,0.5,1,1,CTGTGTAATGATAATAAAAA,0,2876784
ompRp3,0.5,1,1,CTGTGATTGCCGGCCGTAGC,0,2888554
ompRp3,0.5,1,1,CTGTGACTTTGGCGCCCTTT,0,2869615
ompRp3,0.5,1,1,CTGTCTTAATGGGACGTTCG,0,2885096
ompRp3,0.5,1,1,CTGTCGCTTGACGTCCACAA,0,2899626
ompRp3,0.5,1,1,CTGTCCCAGAATGCTACGGA,0,2868449
ompRp3,0.5,1,1,CTGGTTGAAAATGTTCCGGT,0,2887549
ompRp3,0.5,1,1,CTGGTAGTGGTAAAGCTTAA,0,2900487
ompRp3,0.5,1,1,CTGGTACCCACATCACGGGG,0,2897121
ompRp3,0.5,1,1,CTGGGGGTGGATGCCTCCTA,0,2862367
ompRp3,0.5,1,1,CTGGGGCGGACTCGCATTAT,0,2877140
ompRp3,0.5,1,1,CTGGGCGTTGAATTCATTTG,0,2881921
ompRp3,0.5,1,1,CTGGCCGAGTGTATCTAGGG,0,2896764
ompRp3,0.5,1,1,CTGGCATCACCGGGTTGGAC,0,2893036
ompRp3,0.5,1,1,CTGGATCTCACCTGTCAACC,0,2890670
ompRp3,0.5,1,1,CTGGATAAACATACACGTTG,0,2869764
ompRp3,0.5,1,1,CTGGAACATTCGGTGTCCGA,0,2899778
ompRp3,0.5,1,1,CTGCTTAAAAGGGCCTGGTT,0,2868171
ompRp3,0.5,1,1,CTGCTGTATCAAGACTGATG,0,2870345
ompRp3,0.5,1,1,CTGCTGGTGAGATCAGTTAT,0,2877309
ompRp3,0.5,1,1,CTGCGTTAAATAACACCGGA,0,2869877
ompRp3,0.5,1,1,CTGCGCGAGAAAGGGACGGA,0,2905775
ompRp3,0.5,1,1,CTGCGATCGCCGTCACAGAA,0,2895244
ompRp3,0.5,1,1,CTGCCTGCTTGGCGCCATCG,0,2896458
ompRp3,0.5,1,1,CTGCCGTGTTAATACAAAGT,0,2869687
ompRp3,0.5,1,1,CTGCCGGATAACGAAGGCAG,0,2870887
ompRp3,0.5,1,1,CTGCCGACACGTCCATAGAG,0,2861990
ompRp3,0.5,1,1,CTGCCCACTGAGCGGAGTCG,0,2887888
ompRp3,0.5,1,1,CTGAGTGCCTGACTGCGCAT,0,2876018
ompRp3,0.5,1,1,CTGAGGTTGTAAGAATTACT,0,2862074
ompRp3,0.5,1,1,CTGACTGTTGCAGATAGCTA,0,2902799
ompRp3,0.5,1,1,CTGACCAGTAGATGCGTCGG,0,2897220
ompRp3,0.5,1,1,CTGAATAGCTGAACTTTGAG,0,2861432
ompRp3,0.5,1,1,CTCTTTTTGGTAGCTGTAAC,0,2888581
ompRp3,0.5,1,1,CTCTTTTACGTGGCGGGCGG,0,2878776
ompRp3,0.5,1,1,CTCTGTTCGTGCTTACTGAC,0,2869969
ompRp3,0.5,1,1,CTCTCTCTGTCGCAATTACT,0,2878801
ompRp3,0.5,1,1,CTCTCTCAGAAATCTCGACT,0,2880855
ompRp3,0.5,1,1,CTCTATTCCCCTCCCGCAAC,0,2896131
ompRp3,0.5,1,1,CTCTAAGTGTCTGGGTCGTA,0,2868448
ompRp3,0.5,1,1,CTCTAAGGTCGCGACGGGAA,0,2883709
ompRp3,0.5,1,1,CTCTAAGACAGCGCTTTTAA,0,2895794
ompRp3,0.5,1,1,CTCTAACTGCCCTTGTTCCT,0,2882549
ompRp3,0.5,1,1,CTCGTGTCGATAAGCAACTA,0,2874118
ompRp3,0.5,1,1,CTCGTCCGCCCATCTTAGCA,0,2874125
ompRp3,0.5,1,1,CTCGGTATACGCTATAACGA,0,2876602
ompRp3,0.5,1,1,CTCGGGAGGTCTGAAAGGCA,0,2867583
ompRp3,0.5,1,1,CTCGGCGGTCCCGCTTGTCG,0,2888940
ompRp3,0.5,1,1,CTCGGCCGTTGTTCCGGCCA,0,2861964
ompRp3,0.5,1,1,CTCGGCATGGGCGTGCAAGC,0,2889188
ompRp3,0.5,1,1,CTCGGAGCGAGGCAATCATA,0,2865177
ompRp3,0.5,1,1,CTCGCATAGTTAGTTATCTT,0,2897058
ompRp3,0.5,1,1,CTCGAGGGCATAAGGCTACA,0,2889434
ompRp3,0.5,1,1,CTCGACGGGCTATGGTCTAT,0,2861546
ompRp3,0.5,1,1,CTCGAATAAGTGCGGCTGAG,0,2865060
ompRp3,0.5,1,1,CTCGAATAAACTGGTGCGAC,0,2894721
ompRp3,0.5,1,1,CTCCTGGAACATGTACTCTG,0,2870006
ompRp3,0.5,1,1,CTCCGGTGATATCAAGTCGG,0,2870844
ompRp3,0.5,1,1,CTCCGCATTAAATCAATTAG,0,2891194
ompRp3,0.5,1,1,CTCATCATGGACGGCGTGTC,0,2872721
ompRp3,0.5,1,1,CTCAGGTGCCCTTAACTTGC,0,2872560
ompRp3,0.5,1,1,CTCACTTCGGTAACGCCTCT,0,2894886
ompRp3,0.5,1,1,CTCACGTTACGGATCCGCTA,0,2878535
ompRp3,0.5,1,1,CTCACCTAGCGTCCGGAAAT,0,2863611
ompRp3,0.5,1,1,CTCAACACAGCCTTAAATGG,0,2905476
ompRp3,0.5,1,1,CTATTCGAGAGTGTGGCACA,0,2879529
ompRp3,0.5,1,1,CTATGTGCATCATAGGGTGT,0,2862131
ompRp3,0.5,1,1,CTATCATCACGGTATTATTA,0,2874809
ompRp3,0.5,1,1,CTATATTTTGGCATGTTAGT,0,2906739
ompRp3,0.5,1,1,CTATAGGGCTCCAGCATGGT,0,2891803
ompRp3,0.5,1,1,CTATAAAATCCCAATCGAGT,0,2862409
ompRp3,0.5,1,1,CTAGTGATGGTGCAACCTGT,0,2903063
ompRp3,0.5,1,1,CTAGTATTAATGCTGATTCA,0,2885018
ompRp3,0.5,1,1,CTAGCTAGCAACCGGCCTTT,0,2887580
ompRp3,0.5,1,1,CTAGCCGTGGCAGATCCTCC,0,2890968
ompRp3,0.5,1,1,CTAGATGAATTGTCCGTACC,0,2888943
ompRp3,0.5,1,1,CTAGACTTTACTTGGGGATG,0,2896466
ompRp3,0.5,1,1,CTAGAATGTAATCCTTCGAA,0,2882026
ompRp3,0.5,1,1,CTACTCTCCTTGTATGCTCC,0,2888271
ompRp3,0.5,1,1,CTACGGGCAGGTGCTTGACG,0,2899829
ompRp3,0.5,1,1,CTACGCATCTGTAGTTTAGA,0,2886120
ompRp3,0.5,1,1,CTACGCAGCATCTAGTCCCA,0,2870172
ompRp3,0.5,1,1,CTACCGTACGTGCAAATCAA,0,2870688
ompRp3,0.5,1,1,CTACCCCGCCCTCCGATCGC,0,2887862
ompRp3,0.5,1,1,CTACATATTGAACGCACATC,0,2868591
ompRp3,0.5,1,1,CTAATCATCCTCAAGACACG,0,2884840
ompRp3,0.5,1,1,CTAAGCCTTGAGAAAGTGAT,0,2893502
ompRp3,0.5,1,1,CTAAGCAGTAACTTCGGTTC,0,2879243
ompRp3,0.5,1,1,CTAACGGTGCAGAGTATCAT,0,2869800
ompRp3,0.5,1,1,CTAAATTGCACGCGTAGAAT,0,2907690
ompRp3,0.5,1,1,CTAAATCGCCGTATTTTATT,0,2881297
ompRp3,0.5,1,1,CTAAACGTCTTGCGTCGATC,0,2903562
ompRp3,0.5,1,1,CTAAAAGTATCCACCTCATA,0,2903408
ompRp3,0.5,1,1,CGTTTGCTCACAAAGTAAGC,0,2901366
ompRp3,0.5,1,1,CGTTGATTATACGACTGATG,0,2868986
ompRp3,0.5,1,1,CGTTGATGCCCGATCGCCCG,0,2879232
ompRp3,0.5,1,1,CGTTCTATGGAAATGGGAAC,0,2882657
ompRp3,0.5,1,1,CGTGTTGCTGAGTAATCAAT,0,2886719
ompRp3,0.5,1,1,CGTGTTGAAGTTATACTAGC,0,2888896
ompRp3,0.5,1,1,CGTGTGTAGGTACATCTCGT,0,2897008
ompRp3,0.5,1,1,CGTGTCTGTCGGGCTCCTGA,0,2874441
ompRp3,0.5,1,1,CGTGGACCGTCCGATAAGCC,0,2893474
ompRp3,0.5,1,1,CGTGCCATTCGAGTTCTCCT,0,2899502
ompRp3,0.5,1,1,CGTGCCAGGGCGGAGCGATC,0,2905781
ompRp3,0.5,1,1,CGTGCAGTTTGTAGACTATC,0,2889698
ompRp3,0.5,1,1,CGTGCACATCAGGGAAGTCG,0,2906494
ompRp3,0.5,1,1,CGTGCAACGGGCTCTGCTAA,0,2887653
ompRp3,0.5,1,1,CGTGATGCCCTTTCTCATCG,0,2900825
ompRp3,0.5,1,1,CGTGAACAAAATTTACTACC,0,2897707
ompRp3,0.5,1,1,CGTCTGTTAGAATCCTCACA,0,2871049
ompRp3,0.5,1,1,CGTCTCCTTAACTAAACCAC,0,2897731
ompRp3,0.5,1,1,CGTCGCATCCAAGAAGGCAT,0,2888639
ompRp3,0.5,1,1,CGTCCTTAGCATAGGGTTTT,0,2893772
ompRp3,0.5,1,1,CGTCAGTGTGTCGCCGGTTT,0,2887247
ompRp3,0.5,1,1,CGTCAGCGATGCAACCTTGA,0,2891878
ompRp3,0.5,1,1,CGTCACCTTTATGAACTAGA,0,2875066
ompRp3,0.5,1,1,CGTCACCCTGGCTTTTTTCC,0,2878855
ompRp3,0.5,1,1,CGTAGGGGGAGGTGTTTGCG,0,2873450
ompRp3,0.5,1,1,CGTAGGCTATTTGTACGTAG,0,2875572
ompRp3,0.5,1,1,CGTAGGATGAGAGGGGTAAT,0,2869217
ompRp3,0.5,1,1,CGTAGATACGGTTTCGATGT,0,2885414
ompRp3,0.5,1,1,CGTAGAGCTGTATTGCCAAC,0,2900818
ompRp3,0.5,1,1,CGTAGAAAACATCCTCCGTT,0,2881410
ompRp3,0.5,1,1,CGTACTTGTTGTAAGCGGCA,0,2902167
ompRp3,0.5,1,1,CGTAAGATTCGGATGATAGG,0,2882227
ompRp3,0.5,1,1,CGTAACGTTGCAGGGGGATA,0,2865803
ompRp3,0.5,1,1,CGGTTTTTCTATTCCTAACT,0,2865203
ompRp3,0.5,1,1,CGGTTATTCCGTCGTTAAGT,0,2870309
ompRp3,0.5,1,1,CGGTGTTTCTGGATACGCTT,0,2881987
ompRp3,0.5,1,1,CGGTGTAGAAAGACTTTAGG,0,2907445
ompRp3,0.5,1,1,CGGTGCCCGCTTATCTGCGA,0,2893763
ompRp3,0.5,1,1,CGGTGCCCAAGTACGAAGCA,0,2904797
ompRp3,0.5,1,1,CGGTCGTTAGTCTCGGCGGC,0,2899720
ompRp3,0.5,1,1,CGGTCATCAAATGTGAGGCA,0,2878691
ompRp3,0.5,1,1,CGGTCAATATTGTTGCTACA,0,2870076
ompRp3,0.5,1,1,CGGTACATGGACTGCCCTAA,0,2870911
ompRp3,0.5,1,1,CGGGTGATTAATCCGCTTAG,0,2886214
ompRp3,0.5,1,1,CGGGGACTGTAAATCAGGTA,0,2906283
ompRp3,0.5,1,1,CGGGCGTTCTATAATCACCG,0,2889286
ompRp3,0.5,1,1,CGGGCGGTTAGGGGCTTGGT,0,2888595
ompRp3,0.5,1,1,CGGGCGCACAGTAAACCAAT,0,2888140
ompRp3,0.5,1,1,CGGGATAAGGCGTGCCGTAA,0,2890188
ompRp3,0.5,1,1,CGGGAGGAGTTCCTGATTAT,0,2901488
ompRp3,0.5,1,1,CGGCTTGGCCGCAGGATTCT,0,2898328
ompRp3,0.5,1,1,CGGCTTCTCGAGGGCGTACT,0,2891912
ompRp3,0.5,1,1,CGGCTGGACTATATGGTCCA,0,2863637
ompRp3,0.5,1,1,CGGCTACACTCCTTTCCTTC,0,2886926
ompRp3,0.5,1,1,CGGCGTTATGGACACCAAAG,0,2879562
ompRp3,0.5,1,1,CGGCGTAAGAGCGACCCCCT,0,2899855
ompRp3,0.5,1,1,CGGCCGAATGCCGTGTATTC,0,2877854
ompRp3,0.5,1,1,CGGCCCCTCCCCACTGTTCC,0,2875065
ompRp3,0.5,1,1,CGGCCATGCCCGAGAGGTTG,0,2891125
ompRp3,0.5,1,1,CGGCATAGGTATCGGTGAGA,0,2865204
ompRp3,0.5,1,1,CGGCATAATGCTAAAGTATA,0,2862233
ompRp3,0.5,1,1,CGGCAGCTCCGATTTACTGA,0,2878826
ompRp3,0.5,1,1,CGGAGCACGTCCGGCTTATC,0,2901655
ompRp3,0.5,1,1,CGGAGAAAAATTTGAGGAGC,0,2880829
ompRp3,0.5,1,1,CGGACTCGACGTCCTGTTTC,0,2885814
ompRp3,0.5,1,1,CGGACCCCTGCCCCCATCAG,0,2881179
ompRp3,0.5,1,1,CGGACACGTCAGATATTGGT,0,2873062
ompRp3,0.5,1,1,CGGAATTTTAAGTCCTCGGA,0,2888899
ompRp3,0.5,1,1,CGGAACTTTTTAGGTTTTAC,0,2899462
ompRp3,0.5,1,1,CGGAAATTAAGGCACGAGAG,0,2872070
ompRp3,0.5,1,1,CGCTTCTCATTCCAACCTCA,0,2870871
ompRp3,0.5,1,1,CGCTGGTGCTACGTATCGCC,0,2864371
ompRp3,0.5,1,1,CGCTGATGTCCCGGTCTTTC,0,2880179
ompRp3,0.5,1,1,CGCTCAATGGGGGATGATAA,0,2878965
ompRp3,0.5,1,1,CGCTATGTTAGGTTTATGTG,0,2876352
ompRp3,0.5,1,1,CGCTATATAAGTCGACGAAA,0,2891436
ompRp3,0.5,1,1,CGCTAGGCTGAGTGCGCATT,0,2882535
ompRp3,0.5,1,1,CGCGTGGTTCCGCATTTTTT,0,2867971
ompRp3,0.5,1,1,CGCGTCGCCCAGTCTATACT,0,2891942
ompRp3,0.5,1,1,CGCGTCAACTGCCTGTGCGA,0,2871149
ompRp3,0.5,1,1,CGCGGTTCTCGCTAGGATCA,0,2876681
ompRp3,0.5,1,1,CGCGGTATAGTCCCGGCAAC,0,2879516
ompRp3,0.5,1,1,CGCGGGTGCTGTCGCTAAAT,0,2881191
ompRp3,0.5,1,1,CGCGGCCAACTAAAGTCGTG,0,2874036
ompRp3,0.5,1,1,CGCGCGTTAGTTTTACGTGT,0,2879272
ompRp3,0.5,1,1,CGCGCGGCAGTTCTTAATGA,0,2878921
ompRp3,0.5,1,1,CGCGCAGCGAGCGCGCCCAA,0,2900673
ompRp3,0.5,1,1,CGCGATCAGCATTGTTACAT,0,2863515
ompRp3,0.5,1,1,CGCGATATTATCAAAATGGG,0,2877414
ompRp3,0.5,1,1,CGCGAGACCTCGCTTTTTCA,0,2892661
ompRp3,0.5,1,1,CGCGACACTTCGCCCGTTCT,0,2889820
ompRp3,0.5,1,1,CGCGAAGGTGAGTACAAGCT,0,2890943
ompRp3,0.5,1,1,CGCCCTAGTACCGCTTTTTC,0,2904381
ompRp3,0.5,1,1,CGCCAATATACTAACTCTAA,0,2895337
ompRp3,0.5,1,1,CGCATTTAGGCAGCGCATGT,0,2882389
ompRp3,0.5,1,1,CGCAGAGCCGGAATACGAGT,0,2879614
ompRp3,0.5,1,1,CGCAACCTTAATGAATCTTA,0,2862349
ompRp3,0.5,1,1,CGCAAACCGCCGTCTGGATA,0,2891804
ompRp3,0.5,1,1,CGATTGGCCTCGGCCAGTAG,0,2903464
ompRp3,0.5,1,1,CGATTATCGGTCCGGCTGGG,0,2903776
ompRp3,0.5,1,1,CGATGTGCTAGCTCCAACGG,0,2867751
ompRp3,0.5,1,1,CGATACGAGCGGGCAATTTG,0,2887764
ompRp3,0.5,1,1,CGAGTTGCTAAGGACCTCAT,0,2874797
ompRp3,0.5,1,1,CGAGGATTGTCATACACTCG,0,2863720
ompRp3,0.5,1,1,CGAGCCTTAAAACTTGGAAC,0,2868692
ompRp3,0.5,1,1,CGAGCACAGACCGCAAGCCC,0,2878455
ompRp3,0.5,1,1,CGACTTAGGCAATGGCAATC,0,2877312
ompRp3,0.5,1,1,CGACTCGACTCACGCAACAA,0,2863449
ompRp3,0.5,1,1,CGACGTCCGGCGTCCGCAAA,0,2888219
ompRp3,0.5,1,1,CGACCTGCTCTCCGGCGGAA,0,2901429
ompRp3,0.5,1,1,CGACCGGTCTACCACCAATT,0,2881135
ompRp3,0.5,1,1,CGACAGTGTTAAAGTACGTT,0,2869928
ompRp3,0.5,1,1,CGAAGTCATGAACGTTAAAG,0,2868788
ompRp3,0.5,1,1,CGAAGTAGATATTAGATATA,0,2863183
ompRp3,0.5,1,1,CGAAGCCTAGGTCTAGAGCT,0,2871446
ompRp3,0.5,1,1,CGAAGAATTACGTAGCGTCT,0,2897115
ompRp3,0.5,1,1,CGAACGGGTGCAAAGGGATA,0,2876184
ompRp3,0.5,1,1,CGAAACGGAGGAGCAGCTGC,0,2887893
ompRp3,0.5,1,1,CCTTGAGCGATCGCAGCGCT,0,2895765
ompRp3,0.5,1,1,CCTTGACACGCAAGAGCGCC,0,2905889
ompRp3,0.5,1,1,CCTTCTCACGGGAATTTGTT,0,2904012
ompRp3,0.5,1,1,CCTTCGCCTTAAACCCAAAA,0,2903651
ompRp3,0.5,1,1,CCTTAGTCGAGGCCATACCC,0,2903055
ompRp3,0.5,1,1,CCTGTTACCCAAGACCTTAG,0,2889373
ompRp3,0.5,1,1,CCTGTATAGCCATCGTTCCT,0,2876082
ompRp3,0.5,1,1,CCTGGGTAGAATCAACCTAG,0,2902004
ompRp3,0.5,1,1,CCTGGCGCATGGCTAGTAGA,0,2899683
ompRp3,0.5,1,1,CCTGAGTACAAGTCACGACC,0,2898464
ompRp3,0.5,1,1,CCTGAGCGCATAAGGTACGG,0,2860759
ompRp3,0.5,1,1,CCTCTATACTTACGCAGGTA,0,2869864
ompRp3,0.5,1,1,CCTCGCTGGTTTTTTCCGGC,0,2900781
ompRp3,0.5,1,1,CCTCCGCAAGCATTGAGGGT,0,2897363
ompRp3,0.5,1,1,CCTCCGCAACTCGGTGAGTT,0,2881083
ompRp3,0.5,1,1,CCTCATAGGAGTCGGAGGTT,0,2871764
ompRp3,0.5,1,1,CCTCACTTTAATTACTTAAG,0,2884244
ompRp3,0.5,1,1,CCTATTCTAGGCGACAGGGA,0,2882458
ompRp3,0.5,1,1,CCTAGAAGCCTGTCGTAGCA,0,2889997
ompRp3,0.5,1,1,CCTACTTACCCTACAAGTAT,0,2903987
ompRp3,0.5,1,1,CCTACTGGTCTTCACGAAAC,0,2897457
ompRp3,0.5,1,1,CCGTGCCGTAAAAAGGGTGT,0,2886606
ompRp3,0.5,1,1,CCGTGACTGCGCTTACCGTC,0,2897998
ompRp3,0.5,1,1,CCGTATTTGCATTCAACTTA,0,2906495
ompRp3,0.5,1,1,CCGTAGAACTGCGCCTGCTA,0,2902787
ompRp3,0.5,1,1,CCGTAATATTTTACTTGTGC,0,2905072
ompRp3,0.5,1,1,CCGGTGGTCGTCAGTTGTTT,0,2886168
ompRp3,0.5,1,1,CCGGTAGACGCGCACGCGGG,0,2897987
ompRp3,0.5,1,1,CCGGTACTCCGGCCCTCGCA,0,2895993
ompRp3,0.5,1,1,CCGGGGAGCAGAGGGCCTAA,0,2893655
ompRp3,0.5,1,1,CCGGGATAGCCATTCCCCCT,0,2887722
ompRp3,0.5,1,1,CCGGCTCAACTCACGTCCAC,0,2889966
ompRp3,0.5,1,1,CCGGCGTGAGCAAGCATACT,0,2884039
ompRp3,0.5,1,1,CCGGCCTCTATACGGGACGA,0,2899090
ompRp3,0.5,1,1,CCGGCCTAATGGACACCAAT,0,2878333
ompRp3,0.5,1,1,CCGGATGGCGGGGTCAAAAT,0,2895300
ompRp3,0.5,1,1,CCGCTTCGGGATGTTGTGCT,0,2904593
ompRp3,0.5,1,1,CCGCTAGTGGGTCATCAGCG,0,2895367
ompRp3,0.5,1,1,CCGCCGCAGTACAGAATGTC,0,2904847
ompRp3,0.5,1,1,CCGCCACTCATTCGGCAGTC,0,2906482
ompRp3,0.5,1,1,CCGCAGGTGGTTATTTTTAC,0,2898647
ompRp3,0.5,1,1,CCGATAACCCTATCCGGTCT,0,2875395
ompRp3,0.5,1,1,CCGACAAACACCGAGGAAGA,0,2866264
ompRp3,0.5,1,1,CCGAATCAGCCTAAATTTTT,0,2883431
ompRp3,0.5,1,1,CCCTTGGCCGCCGCCAGTTA,0,2868876
ompRp3,0.5,1,1,CCCTGTTTCGATCACGTAGC,0,2893428
ompRp3,0.5,1,1,CCCTGGCGCTTTAGCCAACC,0,2874987
ompRp3,0.5,1,1,CCCTCTTCCACGGGCAGGCG,0,2894218
ompRp3,0.5,1,1,CCCTATAAAGGCTGGTCTAA,0,2861096
ompRp3,0.5,1,1,CCCTAGACGGTCTTAATCCG,0,2862466
ompRp3,0.5,1,1,CCCGTGATCCAGTTGTACTT,0,2896327
ompRp3,0.5,1,1,CCCGGATGGGCCCATTGGGA,0,2881870
ompRp3,0.5,1,1,CCCGGAATTATCTTGTTCAC,0,2863852
ompRp3,0.5,1,1,CCCGCACGTTAGAAAATCTC,0,2873868
ompRp3,0.5,1,1,CCCCCGTTACGTAAAGCCCC,0,2864786
ompRp3,0.5,1,1,CCCCCGAACGGACAGTAGTG,0,2901467
ompRp3,0.5,1,1,CCCCATGACTCGTGACCTTA,0,2881455
ompRp3,0.5,1,1,CCCCAATTGCATTCGCTCAC,0,2903028
ompRp3,0.5,1,1,CCCCAAAGTTGTTCTTAGAG,0,2891845
ompRp3,0.5,1,1,CCCCAAAGAGTTAGAACTGC,0,2862244
ompRp3,0.5,1,1,CCCATTGACTCGGACGCATA,0,2872161
ompRp3,0.5,1,1,CCCATAGTGAGGAGGTGTAA,0,2868760
ompRp3,0.5,1,1,CCCAGCTCAGATGAGTGAGA,0,2896499
ompRp3,0.5,1,1,CCCAGCCTACGATCCTCATG,0,2896302
ompRp3,0.5,1,1,CCCACCTACCAAGGCGGCGC,0,2874996
ompRp3,0.5,1,1,CCCACCGGTGGACACGCAAG,0,2889328
ompRp3,0.5,1,1,CCCAAGATCTGGGCAAGAAT,0,2863654
ompRp3,0.5,1,1,CCCAACCGCGTGATAATTCC,0,2872148
ompRp3,0.5,1,1,CCCAAATTCAGACTGGCGAA,0,2871239
ompRp3,0.5,1,1,CCATCATAAATTAACACGCC,0,2888958
ompRp3,0.5,1,1,CCATAACCTCCTCATGATTG,0,2889358
ompRp3,0.5,1,1,CCAGTGCTGCATCTATACTG,0,2883910
ompRp3,0.5,1,1,CCAGTCTGACATCCTGATGG,0,2862641
ompRp3,0.5,1,1,CCAGGTAATGTAGAGTGACG,0,2887952
ompRp3,0.5,1,1,CCAGGGTATGACACCTTAAT,0,2895384
ompRp3,0.5,1,1,CCAGCGATCCACGTCAGTAG,0,2869047
ompRp3,0.5,1,1,CCAGCGAGGATGATACCCAT,0,2868615
ompRp3,0.5,1,1,CCAGCCAAAAGATGTTGAAA,0,2872175
ompRp3,0.5,1,1,CCAGCATTCCTGTTTCGGGG,0,2882903
ompRp3,0.5,1,1,CCAGAGGCGGCTCGCTGATA,0,2886345
ompRp3,0.5,1,1,CCACTTCTCTCTTCGGCGTG,0,2868732
ompRp3,0.5,1,1,CCACGGTACCTTGTACCCTG,0,2900520
ompRp3,0.5,1,1,CCACCGGAATCAAGACACGT,0,2864210
ompRp3,0.5,1,1,CCACCGCAAGGCTACTTCAA,0,2902713
ompRp3,0.5,1,1,CCACCGAGAGTTAACCGGGT,0,2864574
ompRp3,0.5,1,1,CCACCCGCTGAAATTCCACG,0,2861797
ompRp3,0.5,1,1,CCACCATTTGTCCCATAACT,0,2881401
ompRp3,0.5,1,1,CCACACCTTCTCCACCGGAG,0,2891192
ompRp3,0.5,1,1,CCACAAGAATATTCGGACTT,0,2886774
ompRp3,0.5,1,1,CCAATTGCGATTCTATGATG,0,2871868
ompRp3,0.5,1,1,CCAATATGGACCGGACGACG,0,2903984
ompRp3,0.5,1,1,CCAAGGCAGAACACTTGACC,0,2894790
ompRp3,0.5,1,1,CCAAGACTATGTCGTAATAG,0,2891711
ompRp3,0.5,1,1,CCAACCATGGAGCGTTGAAA,0,2898289
ompRp3,0.5,1,1,CCAAATCCGTCACCTAGTAG,0,2869259
ompRp3,0.5,1,1,CCAAACATAATGGCTGGAGA,0,2906949
ompRp3,0.5,1,1,CCAAAACCTTACGCGAATGG,0,2887199
ompRp3,0.5,1,1,CATTTGTCTGCCAAGAAAGG,0,2894301
ompRp3,0.5,1,1,CATTGTGTCTGAGTAGACAT,0,2865066
ompRp3,0.5,1,1,CATTGTCCTCCACTGAGCCG,0,2869801
ompRp3,0.5,1,1,CATTGCCTAAATCCTCGGCA,0,2879064
ompRp3,0.5,1,1,CATTGATAATGCTAAGTCGG,0,2885170
ompRp3,0.5,1,1,CATTCTCGGCTCCCTTTTTT,0,2883383
ompRp3,0.5,1,1,CATTCGGTTTTAGTCCCCCT,0,2892762
ompRp3,0.5,1,1,CATTCGGGATAAGTCACCCA,0,2879092
ompRp3,0.5,1,1,CATTAGAGGGATATTGCTGA,0,2868433
ompRp3,0.5,1,1,CATTAATGGATAGGCCATTT,0,2862660
ompRp3,0.5,1,1,CATGGGAATGCATCCCTAAC,0,2888574
ompRp3,0.5,1,1,CATGGCGTACTCGGCTGTGT,0,2887486
ompRp3,0.5,1,1,CATGGAGTTATGGACTCAAG,0,2904374
ompRp3,0.5,1,1,CATGGAATTGAACGGAGTAC,0,2879968
ompRp3,0.5,1,1,CATGCAGGCATGGGCCAATC,0,2864810
ompRp3,0.5,1,1,CATGATAAGATTGCACACGG,0,2890817
ompRp3,0.5,1,1,CATCTGTTCGCAACGCAGCT,0,2890432
ompRp3,0.5,1,1,CATCTAAGTGTACGCATCGA,0,2891309
ompRp3,0.5,1,1,CATATTCTCGCCACCAAAAC,0,2889124
ompRp3,0.5,1,1,CATATCCCTCGGTAAGAGGT,0,2869459
ompRp3,0.5,1,1,CATAGTAGGGACTGGCCCCC,0,2894995
ompRp3,0.5,1,1,CATAGAGGACTACTGGGAGG,0,2899853
ompRp3,0.5,1,1,CATACGTTGAACGGGCCCGT,0,2873330
ompRp3,0.5,1,1,CATACGTCCTTTGTAGGGTC,0,2893204
ompRp3,0.5,1,1,CATACGGAACTAAATTGTTG,0,2880065
ompRp3,0.5,1,1,CATACGCCTAGACCTACCAA,0,2866569
ompRp3,0.5,1,1,CAGTTTTTGGCATTCACAAT,0,2893479
ompRp3,0.5,1,1,CAGTTCTGAAGTCAGTCTTC,0,2870308
ompRp3,0.5,1,1,CAGTTCAGTTTGGGTACGTC,0,2883340
ompRp3,0.5,1,1,CAGTGGTGAACGTACAGGGA,0,2889558
ompRp3,0.5,1,1,CAGTCGTATGCCCATTTGTA,0,2901835
ompRp3,0.5,1,1,CAGTCGCGAGGGTCTTCTGC,0,2875114
ompRp3,0.5,1,1,CAGTCAGGAGCTTACGACGA,0,2904260
ompRp3,0.5,1,1,CAGTATCAGCGGTGTCTTAT,0,2868177
ompRp3,0.5,1,1,CAGTAGTTAAGGCGGGGGGG,0,2906149
ompRp3,0.5,1,1,CAGGGGTGACGAATATATAT,0,2879296
ompRp3,0.5,1,1,CAGGGGCTATGCCCGTCGCC,0,2873386
ompRp3,0.5,1,1,CAGGGGATTCTCAATTCATG,0,2878849
ompRp3,0.5,1,1,CAGGGGAATAGTAGCTAATG,0,2899892
ompRp3,0.5,1,1,CAGGCTGATTGCATATGGAT,0,2904412
ompRp3,0.5,1,1,CAGGCGAGTGCGGAGAACGT,0,2888141
ompRp3,0.5,1,1,CAGGCGAGACCGGCCGGAAC,0,2886153
ompRp3,0.5,1,1,CAGGCCGCACTTATGAGTGT,0,2877192
ompRp3,0.5,1,1,CAGGAGTGTCGGGAATGGGA,0,2907125
ompRp3,0.5,1,1,CAGGAGTCGGAACTTCGAGG,0,2865421
ompRp3,0.5,1,1,CAGCTTTATATGCCAGGTGT,0,2864641
ompRp3,0.5,1,1,CAGCTTTAGCCCATGACTAT,0,2884322
ompRp3,0.5,1,1,CAGCTGGTTTATAGCACTTC,0,2861858
ompRp3,0.5,1,1,CAGCTAAAAGTGTGGGCCAC,0,2878479
ompRp3,0.5,1,1,CAGCGTTGACAGGAAACATA,0,2905569
ompRp3,0.5,1,1,CAGCGCCCAGGGACACGGAT,0,2866245
ompRp3,0.5,1,1,CAGCGACCTCAAATAAACCA,0,2906470
ompRp3,0.5,1,1,CAGCCTATGCCAGCGGCTTT,0,2876791
ompRp3,0.5,1,1,CAGCCGTAACCCATTTCACC,0,2865868
ompRp3,0.5,1,1,CAGCCGCGGGGGTTGAGTAA,0,2875765
ompRp3,0.5,1,1,CAGCCCTAAGGGTGGCAGGG,0,2904921
ompRp3,0.5,1,1,CAGAGGGATCGGAATCGTCA,0,2893860
ompRp3,0.5,1,1,CAGAGGAGAGGATGGGAGTA,0,2889604
ompRp3,0.5,1,1,CAGACGGGAAACGATTTACA,0,2873628
ompRp3,0.5,1,1,CAGAATGTCACCGGAATTTT,0,2881448
ompRp3,0.5,1,1,CAGAATAGATATGTGACTAC,0,2865019
ompRp3,0.5,1,1,CAGAAGTGCCACAGCCGTTT,0,2886609
ompRp3,0.5,1,1,CAGAAGCGATCCAGAGTTAG,0,2900594
ompRp3,0.5,1,1,CAGAAGAACGATCGACGAAG,0,2890650
ompRp3,0.5,1,1,CAGAAAGCCTCCACCTGTGT,0,2879467
ompRp3,0.5,1,1,CACTTTGCGATTGCGTCCGG,0,2877057
ompRp3,0.5,1,1,CACTTTCGCCGGCGTGTGCA,0,2891304
ompRp3,0.5,1,1,CACTTGATCGCGATTATCTC,0,2880151
ompRp3,0.5,1,1,CACTGTCTGATGCATTATCG,0,2871978
ompRp3,0.5,1,1,CACTCAGGAGCATACGTGAT,0,2865653
ompRp3,0.5,1,1,CACTAGACCATGTCACAGAC,0,2899364
ompRp3,0.5,1,1,CACTAGAACTCGGGGTCATC,0,2902421
ompRp3,0.5,1,1,CACTACCAACCGCTCAGTAG,0,2874776
ompRp3,0.5,1,1,CACTAATTCATCACATGCGA,0,2895110
ompRp3,0.5,1,1,CACGGGTGCTCTGGATCGAA,0,2885763
ompRp3,0.5,1,1,CACGCGCAACAAGTACCCTG,0,2893082
ompRp3,0.5,1,1,CACGCCGAAACAGGATGGAT,0,2870467
ompRp3,0.5,1,1,CACGAGAGCATCATTACAAG,0,2871043
ompRp3,0.5,1,1,CACGAAATAAGATGGCATCA,0,2882018
ompRp3,0.5,1,1,CACCTTCGCGCAAATTTACT,0,2895740
ompRp3,0.5,1,1,CACCTTCCGAAAAATAATCG,0,2901027
ompRp3,0.5,1,1,CACCAATAGTGCTGGAAACG,0,2893417
ompRp3,0.5,1,1,CACATTGCCTGTGGGCCAAC,0,2866423
ompRp3,0.5,1,1,CACAGTTGACCGTTAGACGC,0,2871159
ompRp3,0.5,1,1,CACAGTCCATTGCGTCCCCG,0,2874463
ompRp3,0.5,1,1,CACAGGGCCGGTCTCCTTCT,0,2861228
ompRp3,0.5,1,1,CACAGGCTTCTTGCCGGTGT,0,2891030
ompRp3,0.5,1,1,CACACTACGCCACCTCTCAG,0,2895723
ompRp3,0.5,1,1,CACACAGATAAGTTCGACGA,0,2896926
ompRp3,0.5,1,1,CACAAGATGGCATAGCGCCA,0,2892195
ompRp3,0.5,1,1,CACAACAGTAAATCCCCAGC,0,2880774
ompRp3,0.5,1,1,CAATTTTGCGTTCGTCCCCG,0,2869146
ompRp3,0.5,1,1,CAATTGTCCCACTGGCTCCG,0,2906069
ompRp3,0.5,1,1,CAATTCGGTGTCTCGCGCTG,0,2861529
ompRp3,0.5,1,1,CAATGCGGATGGGACTGAAT,0,2897688
ompRp3,0.5,1,1,CAATCGGGTGCTAGTATAGG,0,2888407
ompRp3,0.5,1,1,CAATCATACAAAGCGGTCTG,0,2862669
ompRp3,0.5,1,1,CAATAGGCTCTTTGGGGAAA,0,2862266
ompRp3,0.5,1,1,CAATAGCATGTGTCGGTGAG,0,2889081
ompRp3,0.5,1,1,CAATACTGCGGTTTCTCTAG,0,2905896
ompRp3,0.5,1,1,CAAGTGTTAAACTACTATAT,0,2883244
ompRp3,0.5,1,1,CAAGGCAAACAGTTTACCCT,0,2883027
ompRp3,0.5,1,1,CAAGGACTGAAATATACGGA,0,2892323
ompRp3,0.5,1,1,CAAGCTGTTAGCACGTCGTC,0,2903961
ompRp3,0.5,1,1,CAAGCGCGCTGGTGCAGCGT,0,2882303
ompRp3,0.5,1,1,CAACTTGTCATGTTGTTTCC,0,2889485
ompRp3,0.5,1,1,CAACTATATACAAAATATTT,0,2879316
ompRp3,0.5,1,1,CAACGATGATATTGCGATGG,0,2861438
ompRp3,0.5,1,1,CAACCTTGAATGCCACCTAA,0,2903744
ompRp3,0.5,1,1,CAACCTTCAGATGCTGACGG,0,2867886
ompRp3,0.5,1,1,CAACCTACCTGACTCGCTTA,0,2872566
ompRp3,0.5,1,1,CAACACGGCGACTAGCATAG,0,2870196
ompRp3,0.5,1,1,CAAATTCTGAATTCGTATCT,0,2875806
ompRp3,0.5,1,1,CAAATGGCAGAGGAGTGTTG,0,2892617
ompRp3,0.5,1,1,CAAAGCTAGAGTTTCTCGTA,0,2869454
ompRp3,0.5,1,1,CAAAGATGTTTTCCTTCTCC,0,2862405
ompRp3,0.5,1,1,CAAACTCCAATGGTCGGATT,0,2898254
ompRp3,0.5,1,1,CAAACGGTGACCAACCATAT,0,2867480
ompRp3,0.5,1,1,CAAAAGAAACGTCTAGAATG,0,2870603
ompRp3,0.5,1,1,CAAAACCGTATAAAATCTGG,0,2898737
ompRp3,0.5,1,1,CAAAAACTTTTGAATAGCTC,0,2898375
ompRp3,0.5,1,1,ATTTTTGTCCGGACAGATCA,0,2906205
ompRp3,0.5,1,1,ATTTTGGCCTTTGAGGACTA,0,2889856
ompRp3,0.5,1,1,ATTTTCCCCAACGCAGCTAG,0,2864908
ompRp3,0.5,1,1,ATTTGGTGCGATTAGGTCAC,0,2875705
ompRp3,0.5,1,1,ATTTGATCCAGTTAACATGA,0,2892239
ompRp3,0.5,1,1,ATTTGAGCGCGGGTCCTCCA,0,2906114
ompRp3,0.5,1,1,ATTTCGTGACCCTTCAGACC,0,2874020
ompRp3,0.5,1,1,ATTTCCCTCAAACACGGGAT,0,2891213
ompRp3,0.5,1,1,ATTTATCGACAGAACAAGTA,0,2875912
ompRp3,0.5,1,1,ATTTAGTAAAACGGTGATCT,0,2889548
ompRp3,0.5,1,1,ATTTACCGCCCGTCCTCGCC,0,2874178
ompRp3,0.5,1,1,ATTTAATTAGTTCGTGAGTA,0,2876823
ompRp3,0.5,1,1,ATTTAAAGACCGCGGACCAG,0,2874003
ompRp3,0.5,1,1,ATTGTTATTGGGAGCTACAG,0,2872800
ompRp3,0.5,1,1,ATTGTCACAGTACTTTTCAA,0,2900092
ompRp3,0.5,1,1,ATTGTAGTAGCCGTAATAAT,0,2884886
ompRp3,0.5,1,1,ATTGGTGGTCGCGGAAGTGT,0,2864376
ompRp3,0.5,1,1,ATTGGTGCGCGAGAGTAAGG,0,2879121
ompRp3,0.5,1,1,ATTGGTATCCATTGTCGGTA,0,2869137
ompRp3,0.5,1,1,ATTGCGCAGAAATGGTCAAG,0,2894443
ompRp3,0.5,1,1,ATTGCCGTATCGTATATGGC,0,2903170
ompRp3,0.5,1,1,ATTGCAAGAGCAAATTGAGA,0,2906912
ompRp3,0.5,1,1,ATTGACGTTTGCACATAGCA,0,2884909
ompRp3,0.5,1,1,ATTCTCTTACGGACGAACTA,0,2860727
ompRp3,0.5,1,1,ATTCATCAGTGCGGAAAAAT,0,2904912
ompRp3,0.5,1,1,ATTCAGGTATCAATGTTCGG,0,2894248
ompRp3,0.5,1,1,ATTCAGCGCTACTTAGCAGG,0,2896122
ompRp3,0.5,1,1,ATTCACTGACGTTTATTCTC,0,2885854
ompRp3,0.5,1,1,ATTCAATTCCCTCACTAAGG,0,2870652
ompRp3,0.5,1,1,ATTCAAAGTGGCTCTGTTAC,0,2877397
ompRp3,0.5,1,1,ATTATGGTAGCTGTGCTTCA,0,2877911
ompRp3,0.5,1,1,ATTATCTGTAAGGGATGCGA,0,2879053
ompRp3,0.5,1,1,ATTATCGTAGCCATTTCGAC,0,2884683
ompRp3,0.5,1,1,ATTATCATTAATTGCACCTC,0,2893987
ompRp3,0.5,1,1,ATTAGTGTATCAAGAGAATG,0,2883547
ompRp3,0.5,1,1,ATTAGTAAATAAGAGAGGGT,0,2886161
ompRp3,0.5,1,1,ATTAGGGTAGGACGCGAACC,0,2862663
ompRp3,0.5,1,1,ATTAGGCTAGACCGGAACGA,0,2881298
ompRp3,0.5,1,1,ATTACCCTAGTAGCAACCCT,0,2900458
ompRp3,0.5,1,1,ATTAATGTGCACGTTAACTT,0,2873840
ompRp3,0.5,1,1,ATTAATCGTCTCCAGCAGGC,0,2886148
ompRp3,0.5,1,1,ATTAAGCAGCATTCTGGTTT,0,2884383
ompRp3,0.5,1,1,ATGTTGTGAGAAAAGATGCT,0,2868216
ompRp3,0.5,1,1,ATGTGGTCTCTACGATCGCG,0,2863234
ompRp3,0.5,1,1,ATGTGCGAGCGCATATCTAC,0,2873847
ompRp3,0.5,1,1,ATGTATGTAGTTCGGACGGA,0,2863201
ompRp3,0.5,1,1,ATGTACTATTAGCGACCTGT,0,2876573
ompRp3,0.5,1,1,ATGTAATTGGTCGGGGACCA,0,2883022
ompRp3,0.5,1,1,ATGGTTACATCTCCCACGTA,0,2873122
ompRp3,0.5,1,1,ATGGTATTTCGGCCGTTGGG,0,2892347
ompRp3,0.5,1,1,ATGGTACCCCGTGACGGCGT,0,2904798
ompRp3,0.5,1,1,ATGGGTAGGCTTCAGTGGGA,0,2895178
ompRp3,0.5,1,1,ATGGGAGGTCCCTCGTTTGT,0,2864512
ompRp3,0.5,1,1,ATGGAAGGACAACCTATGAC,0,2891415
ompRp3,0.5,1,1,ATGCTGACATGGATGCCGAC,0,2885521
ompRp3,0.5,1,1,ATGCTCTAAATTTACTAAAA,0,2880482
ompRp3,0.5,1,1,ATGCTCCAGAAGGCACTGGC,0,2901911
ompRp3,0.5,1,1,ATGCTCACCTGTTCGATGAT,0,2875978
ompRp3,0.5,1,1,ATGCGAGTTGCCCGAAGTTC,0,2886968
ompRp3,0.5,1,1,ATGCAACGTGAACAACTGAA,0,2905438
ompRp3,0.5,1,1,ATGATGCGACAGGCAGCCGC,0,2891881
ompRp3,0.5,1,1,ATGATGAGCCTCCGCTTTCA,0,2884642
ompRp3,0.5,1,1,ATGATCACCCGGGTTTAGCT,0,2887084
ompRp3,0.5,1,1,ATGACCGTTTGCGAGGGGGA,0,2902831
ompRp3,0.5,1,1,ATGAATTTTATCGTCTGGCG,0,2903021
ompRp3,0.5,1,1,ATGAAGCGCTAAGTGGTGCT,0,2862600
ompRp3,0.5,1,1,ATCTTTCGACGGACACGGGT,0,2880628
ompRp3,0.5,1,1,ATCTTGCGTACTTCACGCAT,0,2903481
ompRp3,0.5,1,1,ATCTTCCTAACGTTATCCTC,0,2898540
ompRp3,0.5,1,1,ATCTGGTAATCGACAAGATC,0,2890773
ompRp3,0.5,1,1,ATCTCTCCTTTGACCTCTTG,0,2887121
ompRp3,0.5,1,1,ATCTCGGTGCGACCACAAAG,0,2874531
ompRp3,0.5,1,1,ATCTCGCAGTGATTTGCATC,0,2894794
ompRp3,0.5,1,1,ATCTAAAAAGTCCGACATTG,0,2873211
ompRp3,0.5,1,1,ATCGGTAGCCGCATCGGGTT,0,2886353
ompRp3,0.5,1,1,ATCGGGAGTACGCGCATAGA,0,2899385
ompRp3,0.5,1,1,ATCGGCATCCGTAAACGTGA,0,2862429
ompRp3,0.5,1,1,ATCGGAAGAGATTGGACCTG,0,2886218
ompRp3,0.5,1,1,ATCGCTGTACTTATATATAT,0,2903295
ompRp3,0.5,1,1,ATCCTTCAAGGCCCTGCACG,0,2887723
ompRp3,0.5,1,1,ATCCTGACAGTGGAAGGCAA,0,2890914
ompRp3,0.5,1,1,ATCCTAGCTTACCGTCAATC,0,2864202
ompRp3,0.5,1,1,ATCCGGTTGACCCGGCCCCT,0,2861955
ompRp3,0.5,1,1,ATCCGATTGGTTCACAAGGA,0,2874022
ompRp3,0.5,1,1,ATCCCCTGGAGGGGGCCAAA,0,2890064
ompRp3,0.5,1,1,ATCCCCGGTGTGTTCTATGG,0,2888312
ompRp3,0.5,1,1,ATCCCAGAGGCCTCAGCTAA,0,2892529
ompRp3,0.5,1,1,ATCCATATAGTATACCCTCT,0,2868028
ompRp3,0.5,1,1,ATCCACGAACGGCTCTCAGA,0,2862040
ompRp3,0.5,1,1,ATCCAAAAGGAACCTACATA,0,2898118
ompRp3,0.5,1,1,ATCATAAGGGAGCCAGTATG,0,2894350
ompRp3,0.5,1,1,ATCAGTAGGGATCGGGCCGA,0,2872905
ompRp3,0.5,1,1,ATCAGCGGTTGGGCGTATCT,0,2894687
ompRp3,0.5,1,1,ATCAGCAACCACCCCGACTC,0,2864535
ompRp3,0.5,1,1,ATCACGCCAGGTAAAATGAC,0,2891409
ompRp3,0.5,1,1,ATCACACGACCGCGTTAAGG,0,2876662
ompRp3,0.5,1,1,ATCAACTGTGCATCTCGATA,0,2895060
ompRp3,0.5,1,1,ATCAACGACAATAAACGGGT,0,2895324
ompRp3,0.5,1,1,ATATTGGTCCCGACGTAGGG,0,2905122
ompRp3,0.5,1,1,ATATCGCAGTATTGGTTGGG,0,2898236
ompRp3,0.5,1,1,ATATCCGCGGTGCTACATGT,0,2879274
ompRp3,0.5,1,1,ATATCATCCGGCCCCCGATT,0,2882664
ompRp3,0.5,1,1,ATATCAAAGGGATCTAGGTA,0,2889438
ompRp3,0.5,1,1,ATAGTGGTATGGTACTGCTC,0,2869906
ompRp3,0.5,1,1,ATAGGTAACATGAGTGAAAG,0,2891170
ompRp3,0.5,1,1,ATAGGGGAACAGTAGATATG,0,2898764
ompRp3,0.5,1,1,ATAGGGCTTGCGCTAAAGTC,0,2861996
ompRp3,0.5,1,1,ATAGCGAAATGGCTGCAGGA,0,2902405
ompRp3,0.5,1,1,ATAGCCAAGGAACCCGTAGG,0,2905823
ompRp3,0.5,1,1,ATAGCACTTAACAGGAAACA,0,2873546
ompRp3,0.5,1,1,ATAGAGTCTGCGTTATAGCA,0,2884818
ompRp3,0.5,1,1,ATAGAGTCGCAGGCGTTTCC,0,2862892
ompRp3,0.5,1,1,ATAGAGTACTTCAAACTCAT,0,2894399
ompRp3,0.5,1,1,ATAGAAGTGGCTTATCGTGC,0,2877436
ompRp3,0.5,1,1,ATACTGCAACCACCCGCAGC,0,2904011
ompRp3,0.5,1,1,ATACCGCGACACAGCGCGCA,0,2870767
ompRp3,0.5,1,1,ATACCCTATCCCTCGCCAGT,0,2881652
ompRp3,0.5,1,1,ATACAGTGGCCAAATTCAGC,0,2883485
ompRp3,0.5,1,1,ATACAGAGAGTAGTATAACT,0,2876307
ompRp3,0.5,1,1,ATACACGGTGGCTGTCTAAG,0,2872913
ompRp3,0.5,1,1,ATAATATTTAGACAAAGCGC,0,2870893
ompRp3,0.5,1,1,ATAAGTTCAAATGGGCTTTC,0,2870476
ompRp3,0.5,1,1,ATAAGTCCTGTCGCGGACAA,0,2871214
ompRp3,0.5,1,1,ATAAGCGGGTTTTTGCATTA,0,2871549
ompRp3,0.5,1,1,ATAAGCGGCTCGTGCCCTAC,0,2864801
ompRp3,0.5,1,1,ATAACGCAGGCAGTTGAATT,0,2862438
ompRp3,0.5,1,1,ATAAAATTTATGTATCAGGA,0,2892075
ompRp3,0.5,1,1,AGTTTTATTTAAGACCCATA,0,2903171
ompRp3,0.5,1,1,AGTTTGTGATCCTACAGGTA,0,2906805
ompRp3,0.5,1,1,AGTTTGTCGCCCATGGATAC,0,2899528
ompRp3,0.5,1,1,AGTTTCAATATGGTTATTTT,0,2893872
ompRp3,0.5,1,1,AGTTTATTATCGGCCGCCTT,0,2865196
ompRp3,0.5,1,1,AGTTGGAGACATTTCATATA,0,2873308
ompRp3,0.5,1,1,AGTTCGGAAAGGGAAGAAAT,0,2891438
ompRp3,0.5,1,1,AGTTAGTTGAGCCCACACAC,0,2906451
ompRp3,0.5,1,1,AGTTACGTTGCAAGGACCTC,0,2891903
ompRp3,0.5,1,1,AGTGTAGGCTCACGGAGATA,0,2875234
ompRp3,0.5,1,1,AGTGGGTAGCTTAGTATTTC,0,2867961
ompRp3,0.5,1,1,AGTGGACGACAATAGACATT,0,2903009
ompRp3,0.5,1,1,AGTGCGCAGGCATTGCCAAC,0,2898589
ompRp3,0.5,1,1,AGTGCCTGATCAGGATTGAC,0,2887772
ompRp3,0.5,1,1,AGTGATAGATACAAAGTTGG,0,2886755
ompRp3,0.5,1,1,AGTGAATGTCGGAGCATCTC,0,2887002
ompRp3,0.5,1,1,AGTCGGCCTCGGCTGGGGGC,0,2860905
ompRp3,0.5,1,1,AGTCGAACACGTGGTAATGC,0,2872876
ompRp3,0.5,1,1,AGTCCACATTAACCCAAGTA,0,2889650
ompRp3,0.5,1,1,AGTATTGATTTGAATGAAAG,0,2871453
ompRp3,0.5,1,1,AGTATGGTGGCGTATCCAAA,0,2894799
ompRp3,0.5,1,1,AGTATGAATCGCTAGTGGTG,0,2875441
ompRp3,0.5,1,1,AGTATCTAAGGTAAATTCAG,0,2863842
ompRp3,0.5,1,1,AGTATATACAGCGCGCACGT,0,2889184
ompRp3,0.5,1,1,AGTATAGACTTCGAGTCCCT,0,2881033
ompRp3,0.5,1,1,AGTAGTTGGTCTCTGTTATA,0,2872948
ompRp3,0.5,1,1,AGTAGGTACTTGATTCTTGG,0,2902876
ompRp3,0.5,1,1,AGTAGCTTACGTTATATTGC,0,2883361
ompRp3,0.5,1,1,AGTAGAAGTTACTCCTCCTC,0,2891276
ompRp3,0.5,1,1,AGTACGGAAGGGGACGGGTT,0,2861842
ompRp3,0.5,1,1,AGTAATGCTACCGGGTCAAG,0,2864551
ompRp3,0.5,1,1,AGGTTTACAAACTTTTGATT,0,2900485
ompRp3,0.5,1,1,AGGTGCGAGGATCATCATTA,0,2887816
ompRp3,0.5,1,1,AGGTCTGAGGGAGAAATGCA,0,2866407
ompRp3,0.5,1,1,AGGTCTAGGTTCACGAAGGT,0,2896929
ompRp3,0.5,1,1,AGGGTTACATTGGGCACCTG,0,2880312
ompRp3,0.5,1,1,AGGGGACATATGTGCCTGGC,0,2899560
ompRp3,0.5,1,1,AGGGCTGAGACGCAGTGTCA,0,2906299
ompRp3,0.5,1,1,AGGGCAGGTGGGGGGCTCAT,0,2875764
ompRp3,0.5,1,1,AGGGATGAGTCGGTCCCACA,0,2901484
ompRp3,0.5,1,1,AGGGATCAGACTGACCCTCT,0,2860868
ompRp3,0.5,1,1,AGGCTGGAATGTTTACTTAT,0,2896409
ompRp3,0.5,1,1,AGGCGTTCACTCGAGCAAAA,0,2881149
ompRp3,0.5,1,1,AGGCGGTTGTTGGACTTCCA,0,2885986
ompRp3,0.5,1,1,AGGCGCTCCCGCGATGCTAG,0,2894759
ompRp3,0.5,1,1,AGGCGCGTTATCAGCCCCGA,0,2891084
ompRp3,0.5,1,1,AGGCATGGAAAAAACGTCAT,0,2862043
ompRp3,0.5,1,1,AGGCATCTGTGGGCAATCGT,0,2868984
ompRp3,0.5,1,1,AGGCATCGGTAACGTCGGTG,0,2876552
ompRp3,0.5,1,1,AGGCAGGCCGGGGTGGTCCG,0,2868201
ompRp3,0.5,1,1,AGGATATTAAGGGAACAATC,0,2865137
ompRp3,0.5,1,1,AGGAGTTAGATGCATGTGCT,0,2875062
ompRp3,0.5,1,1,AGGAGTCCTAATGTCTTTGC,0,2899917
ompRp3,0.5,1,1,AGGAGCACTTGCCATTCAAA,0,2888654
ompRp3,0.5,1,1,AGGAGCACAAGTACAAGGTA,0,2900112
ompRp3,0.5,1,1,AGGACTCCACGAACGGTTAC,0,2881868
ompRp3,0.5,1,1,AGGAATCTCGATCAGTGGGA,0,2905193
ompRp3,0.5,1,1,AGGAACTGGGTGCGAGATGT,0,2905941
ompRp3,0.5,1,1,AGGAAAAACCATCCCACTGT,0,2898659
ompRp3,0.5,1,1,AGCTTGCGAAGACCCACTCC,0,2878719
ompRp3,0.5,1,1,AGCTGTCTATTGGGACTGAG,0,2898997
ompRp3,0.5,1,1,AGCTCTGCCACTCCGATGGG,0,2891515
ompRp3,0.5,1,1,AGCTCAGAGTATCAGACGCT,0,2893178
ompRp3,0.5,1,1,AGCGTTAGCGCTCAGGAAGC,0,2879046
ompRp3,0.5,1,1,AGCGTGTGAGACCGGATGGC,0,2865555
ompRp3,0.5,1,1,AGCGTCTTCCACAAAATGGC,0,2878417
ompRp3,0.5,1,1,AGCGTCAGGTAAATATAGGG,0,2862710
ompRp3,0.5,1,1,AGCGTAAAAGTTCCCGTCGG,0,2873706
ompRp3,0.5,1,1,AGCGGGTACAGGGACATGTG,0,2905381
ompRp3,0.5,1,1,AGCGGGCGATAAATCAGATA,0,2880716
ompRp3,0.5,1,1,AGCGGACTAAGAATAGTGAC,0,2894772
ompRp3,0.5,1,1,AGCGCGTCCAGAGTGGTTTT,0,2895121
ompRp3,0.5,1,1,AGCGCCGGTACACAAAGGAC,0,2895696
ompRp3,0.5,1,1,AGCGCCAACGAGGTTTGCAT,0,2882212
ompRp3,0.5,1,1,AGCGATGCCCCCATCTGGTA,0,2881530
ompRp3,0.5,1,1,AGCGATCCTTCCCATGCGAG,0,2868343
ompRp3,0.5,1,1,AGCGAGAAATCAAACGCCAG,0,2899532
ompRp3,0.5,1,1,AGCGACTCTGCGGACAGCTA,0,2881348
ompRp3,0.5,1,1,AGCCTGCACTTCTCCCCGGT,0,2872242
ompRp3,0.5,1,1,AGCCTGATGGTATTGAGACG,0,2892252
ompRp3,0.5,1,1,AGCCGCGGGTTATGAAAGCG,0,2875872
ompRp3,0.5,1,1,AGCCGCCGTCATAGAGCGGT,0,2874035
ompRp3,0.5,1,1,AGCCCTGTTGGAAACATAAG,0,2879485
ompRp3,0.5,1,1,AGCCCTCTTCAGTATATCAG,0,2866517
ompRp3,0.5,1,1,AGCCCTAAGGAAAGGACGTT,0,2875335
ompRp3,0.5,1,1,AGCCCAGTTAACTTGACACC,0,2893737
ompRp3,0.5,1,1,AGCCCAACCTGGGAATTAAG,0,2862799
ompRp3,0.5,1,1,AGCCATTGTGGGTTTAGGTG,0,2903864
ompRp3,0.5,1,1,AGCATTCGATATGAGAATGG,0,2868150
ompRp3,0.5,1,1,AGCATCTAGGACAGCCGGCC,0,2887289
ompRp3,0.5,1,1,AGCATAGACAGATCACCGCT,0,2897817
ompRp3,0.5,1,1,AGCAGTATCCCTTGCTCGCA,0,2871577
ompRp3,0.5,1,1,AGCAGCTTTTGAGCAAAAGG,0,2901633
ompRp3,0.5,1,1,AGCAGATTTTAAGTTCTCAA,0,2889564
ompRp3,0.5,1,1,AGCAATGTTCTGAGTGTTTA,0,2876606
ompRp3,0.5,1,1,AGCAATCAATGCGCTATATA,0,2879969
ompRp3,0.5,1,1,AGATGCCTAACCGCGTTGCG,0,2882838
ompRp3,0.5,1,1,AGATGCAGCAGTCTGAACTT,0,2894422
ompRp3,0.5,1,1,AGATCGGCTTACATAGTCAG,0,2905713
ompRp3,0.5,1,1,AGATCATTTCTGCAATGGTG,0,2892083
ompRp3,0.5,1,1,AGATCAATACGCAGGCAGAC,0,2904832
ompRp3,0.5,1,1,AGAGGTACTTCTCGGGGCAA,0,2878549
ompRp3,0.5,1,1,AGAGGGGGAGTCCCTGAAGC,0,2895668
ompRp3,0.5,1,1,AGAGGGCAATATCAGGTGGT,0,2872235
ompRp3,0.5,1,1,AGAGGCAGGGCGTAGCGCCA,0,2896688
ompRp3,0.5,1,1,AGAGCATTCTAGTGGTTATC,0,2863843
ompRp3,0.5,1,1,AGAGATACGCAAGAGAAGAT,0,2880605
ompRp3,0.5,1,1,AGAGAGACATGACGAGTTAC,0,2897127
ompRp3,0.5,1,1,AGACTGGTTGTGTGAGAGGT,0,2899437
ompRp3,0.5,1,1,AGACTCCCAGCATCGACAAG,0,2873641
ompRp3,0.5,1,1,AGACGCGTTTTCGAGTTTCT,0,2885831
ompRp3,0.5,1,1,AGACGATATAAGTTTAAGCT,0,2892482
ompRp3,0.5,1,1,AGACCTTTCTGACCGCACAA,0,2883345
ompRp3,0.5,1,1,AGACCAGACATTTCATTTAA,0,2894866
ompRp3,0.5,1,1,AGACATAACCAGAAATGGAA,0,2889678
ompRp3,0.5,1,1,AGACACATGGCGTATCTCAA,0,2874650
ompRp3,0.5,1,1,AGAATGAGGCTACAAACCTG,0,2869144
ompRp3,0.5,1,1,AGAATAGTGGGGCATCTTCT,0,2899036
ompRp3,0.5,1,1,AGAAGGGTATGTTAATAATG,0,2884342
ompRp3,0.5,1,1,AGAAGGACGATAAGCCTTCG,0,2903532
ompRp3,0.5,1,1,AGAAGCCAGGTTACATCAGA,0,2877715
ompRp3,0.5,1,1,AGAACTTTTCAGTCTCAGGA,0,2870032
ompRp3,0.5,1,1,AGAACGGGATACGGGCTTGA,0,2883932
ompRp3,0.5,1,1,AGAACGATAGAAAAAGAATG,0,2888507
ompRp3,0.5,1,1,AGAACAATGGAGCACCTAGT,0,2864848
ompRp3,0.5,1,1,AGAAACCTGAGTTCCTTGGT,0,2877052
ompRp3,0.5,1,1,AGAAAAGGTACGATATGTTC,0,2889681
ompRp3,0.5,1,1,ACTTTTTCTAGAGACGTATA,0,2882445
ompRp3,0.5,1,1,ACTTTGTAATCCAAGGCAAT,0,2879366
ompRp3,0.5,1,1,ACTTTAGTTTGTGGAGTAAC,0,2872208
ompRp3,0.5,1,1,ACTTAGTTTGGCAAGGGGGA,0,2865509
ompRp3,0.5,1,1,ACTTAAGTGCGCTGCAATGG,0,2876005
ompRp3,0.5,1,1,ACTGGTAATGCAATGTGGGA,0,2870760
ompRp3,0.5,1,1,ACTGGGGCACGCGCTTCACA,0,2895801
ompRp3,0.5,1,1,ACTGCGAAGATCACTATACG,0,2892305
ompRp3,0.5,1,1,ACTCGATGAATGTAATAGAC,0,2861359
ompRp3,0.5,1,1,ACTCCTGATACAATGAGCCA,0,2885875
ompRp3,0.5,1,1,ACTCCGATCTATTGGCATGT,0,2906263
ompRp3,0.5,1,1,ACTATGTGATGGATGAACAT,0,2885497
ompRp3,0.5,1,1,ACTATATGCAGCGTGCATGC,0,2902976
ompRp3,0.5,1,1,ACTAGGGTGCGACCCTTTGC,0,2866998
ompRp3,0.5,1,1,ACTACTGTTCCGCGGCGGCC,0,2881076
ompRp3,0.5,1,1,ACTACGGGTCAGTCTAAGCG,0,2870989
ompRp3,0.5,1,1,ACTAATTGCTTTCAAATCTT,0,2885221
ompRp3,0.5,1,1,ACTAAGGTGAGAATTGGGAG,0,2898567
ompRp3,0.5,1,1,ACTAACATGGGCGTACCTAC,0,2880064
ompRp3,0.5,1,1,ACGTTTTTGAGCAGTCGTAC,0,2862633
ompRp3,0.5,1,1,ACGTTTTCGCATCCGTCGGT,0,2890538
ompRp3,0.5,1,1,ACGTTACTTGGTACACAAAT,0,2867655
ompRp3,0.5,1,1,ACGTCTGAAATTGCTGAAGG,0,2875438
ompRp3,0.5,1,1,ACGTCGATAGATAAACGCAT,0,2883220
ompRp3,0.5,1,1,ACGTCCATAGCGTCTAAGCC,0,2882481
ompRp3,0.5,1,1,ACGTCATCTGCGTGATAAAA,0,2863702
ompRp3,0.5,1,1,ACGTATGAGTGGGCTTAAGG,0,2874864
ompRp3,0.5,1,1,ACGGTTCAGGCTCCCGAAAA,0,2900790
ompRp3,0.5,1,1,ACGGTAAAAATTGACGGAAA,0,2898848
ompRp3,0.5,1,1,ACGGGGTAACGATAGCCCGC,0,2879589
ompRp3,0.5,1,1,ACGGGGCTGTTGCGGTTATG,0,2885666
ompRp3,0.5,1,1,ACGGCTCCTACTTCCTATTA,0,2870548
ompRp3,0.5,1,1,ACGGCCGCAGTCTTTCACTG,0,2891093
ompRp3,0.5,1,1,ACGGAACGTGCGCAGCCCCA,0,2866350
ompRp3,0.5,1,1,ACGCTCACTTGGGTATGACG,0,2905425
ompRp3,0.5,1,1,ACGCCGGGTTTCCGTAGAAG,0,2903594
ompRp3,0.5,1,1,ACGCCGCCATTATAGCTACG,0,2877413
ompRp3,0.5,1,1,ACGCCATGCTTTCCGCGCAC,0,2895865
ompRp3,0.5,1,1,ACGCCATCGGGACCCTAAGG,0,2901700
ompRp3,0.5,1,1,ACGCCAATCTGCTTGAGGAT,0,2891640
ompRp3,0.5,1,1,ACGATCAGCGTGAGCTCGTG,0,2886687
ompRp3,0.5,1,1,ACGATATCAATGGGGTGAAC,0,2903897
ompRp3,0.5,1,1,ACGAGGTTATCCCATCCGTA,0,2889861
ompRp3,0.5,1,1,ACGAGAGTAAGCGCCCGAGG,0,2876944
ompRp3,0.5,1,1,ACGAAATGGCGGAGATAACC,0,2880748
ompRp3,0.5,1,1,ACCTGGCTACAATACGACCC,0,2872836
ompRp3,0.5,1,1,ACCTGCTTGGTACGGGTCTT,0,2896218
ompRp3,0.5,1,1,ACCTGCATATTTATTGGCTT,0,2898906
ompRp3,0.5,1,1,ACCTCTAATGTCCTGTAGAC,0,2889812
ompRp3,0.5,1,1,ACCTCGGTTATGTCTTGCGG,0,2874891
ompRp3,0.5,1,1,ACCTCATCTACTCACTTACT,0,2866180
ompRp3,0.5,1,1,ACCTCACGTTCCGTGAACAT,0,2864517
ompRp3,0.5,1,1,ACCTAGTCTCCGGCAAGGCG,0,2891743
ompRp3,0.5,1,1,ACCGTCAGTGAGAGAATTCT,0,2892485
ompRp3,0.5,1,1,ACCGTAGTTTTTGTCGGAGG,0,2880111
ompRp3,0.5,1,1,ACCGTAAAACGCCCGGCTCA,0,2894672
ompRp3,0.5,1,1,ACCGGCGGAGTAACCAACAC,0,2864440
ompRp3,0.5,1,1,ACCGCGGGCTGGCACGAGGT,0,2868210
ompRp3,0.5,1,1,ACCGCGCGTTTATGACCACT,0,2905127
ompRp3,0.5,1,1,ACCGCAATGCGCCCACACAA,0,2879385
ompRp3,0.5,1,1,ACCGAGGCCCAACGGTCAGC,0,2887565
ompRp3,0.5,1,1,ACCGAGCCAGCAAGAGCTGA,0,2879174
ompRp3,0.5,1,1,ACCGAATGTCCATAGGGATC,0,2871088
ompRp3,0.5,1,1,ACCGAAGCTACAATTGTCAT,0,2899279
ompRp3,0.5,1,1,ACCCTACTGGGTCACACGAG,0,2897501
ompRp3,0.5,1,1,ACCCGTTGTTAGTAATCGGG,0,2885171
ompRp3,0.5,1,1,ACCCGCGTGGCGATACTAAT,0,2873083
ompRp3,0.5,1,1,ACCCGCATGGGTTTCATAAT,0,2881912
ompRp3,0.5,1,1,ACCCGAATTGTGACGATGAG,0,2869155
ompRp3,0.5,1,1,ACCCATCGAGTTGATCGCGG,0,2881050
ompRp3,0.5,1,1,ACCCAATTGTCGGAGAAGGA,0,2889925
ompRp3,0.5,1,1,ACCATATGCAAGAACAACGG,0,2895934
ompRp3,0.5,1,1,ACCAGCACCGCATATCCTTA,0,2875693
ompRp3,0.5,1,1,ACCACACGTCTCAGCTGTGA,0,2906385
ompRp3,0.5,1,1,ACCAATCTGGCCTCTCGTCT,0,2882314
ompRp3,0.5,1,1,ACCAATCACACGGGTTGATT,0,2898124
ompRp3,0.5,1,1,ACCAACGGGACGGCCGGTAC,0,2898371
ompRp3,0.5,1,1,ACCAACCGGCGGTCGGCGCA,0,2900322
ompRp3,0.5,1,1,ACCAAAGGCACAAGGGCACG,0,2899960
ompRp3,0.5,1,1,ACATGTGGCCCTTCAATCAA,0,2874719
ompRp3,0.5,1,1,ACATGAAGTCCTCCCCTAAA,0,2866704
ompRp3,0.5,1,1,ACATCGATGTCTGCTCGGGT,0,2884356
ompRp3,0.5,1,1,ACATATTGCGACAGGCGTGA,0,2897573
ompRp3,0.5,1,1,ACATAAATCAAACATGAGTT,0,2907398
ompRp3,0.5,1,1,ACAGTGGCTAAGGAACCGAG,0,2888069
ompRp3,0.5,1,1,ACAGGCGCCGGCCGCGGACT,0,2893626
ompRp3,0.5,1,1,ACAGATCGAAACTGTCGAGG,0,2876340
ompRp3,0.5,1,1,ACAGACGGGTATAATGGGAC,0,2872647
ompRp3,0.5,1,1,ACACTGTTACGAGTATCGAT,0,2889162
ompRp3,0.5,1,1,ACACGCGCCCAACTTGCATG,0,2897527
ompRp3,0.5,1,1,ACACAGCGACGTTGCGTGAT,0,2871992
ompRp3,0.5,1,1,ACACACTGGGTGCGGTTTAC,0,2878338
ompRp3,0.5,1,1,ACAATCTCCGGAACCGAAAA,0,2862522
ompRp3,0.5,1,1,ACAACGGATACACGCTAACA,0,2897419
ompRp3,0.5,1,1,ACAACCCGAGGTGACAAGGA,0,2893155
ompRp3,0.5,1,1,ACAAATCCTCTCAGAAATTA,0,2889961
ompRp3,0.5,1,1,AATTTCTTCTAAGGGGAATC,0,2869026
ompRp3,0.5,1,1,AATTTAAGACCAGTTAGGTA,0,2887480
ompRp3,0.5,1,1,AATTGCCTTGAAATCTGCTA,0,2905839
ompRp3,0.5,1,1,AATTCGTTCAGTTTCAGCGG,0,2893164
ompRp3,0.5,1,1,AATTCGAATGTCACTTTTCA,0,2894815
ompRp3,0.5,1,1,AATTCCACGATTGACAATAA,0,2893532
ompRp3,0.5,1,1,AATTCACAGTGCGACTCACT,0,2865149
ompRp3,0.5,1,1,AATTCAATTCACAGGCAATT,0,2888089
ompRp3,0.5,1,1,AATTATGGGCTATTCCGCAT,0,2887218
ompRp3,0.5,1,1,AATTATCTTAGTTTAATGGT,0,2868998
ompRp3,0.5,1,1,AATTACACCTGAGTAGCCGT,0,2869944
ompRp3,0.5,1,1,AATGTTGACGGTAGTCTGAT,0,2870375
ompRp3,0.5,1,1,AATGTCTAGCTATTCGTTGA,0,2891167
ompRp3,0.5,1,1,AATGTCGGTGGGCTGAGCAG,0,2866595
ompRp3,0.5,1,1,AATGGACCAGGGGATCTCGC,0,2892187
ompRp3,0.5,1,1,AATGGAAAAGCATTACTGTT,0,2881733
ompRp3,0.5,1,1,AATGATACTCGCCTCCCGGC,0,2901664
ompRp3,0.5,1,1,AATGAGATCTCGGGAAGTAA,0,2888063
ompRp3,0.5,1,1,AATGAGAGCTGTTAGTCCAG,0,2880552
ompRp3,0.5,1,1,AATGACGTTTGACATTAAAT,0,2892120
ompRp3,0.5,1,1,AATGACCTTAGGTTAATTCA,0,2876543
ompRp3,0.5,1,1,AATCTGTTATGTATCAGCCA,0,2881916
ompRp3,0.5,1,1,AATCTGTGTAAAAGCTCCGA,0,2892988
ompRp3,0.5,1,1,AATCTGGTTACAGAGCCGCT,0,2877942
ompRp3,0.5,1,1,AATCGACTCACATATTATGA,0,2880429
ompRp3,0.5,1,1,AATCCGGTGACTCGTAAGCA,0,2882315
ompRp3,0.5,1,1,AATCATTGAGACTAACTCAG,0,2866373
ompRp3,0.5,1,1,AATCAACATATCTTAGATCT,0,2891430
ompRp3,0.5,1,1,AATATGGTTCTTAAGGTGGC,0,2867257
ompRp3,0.5,1,1,AATATACGGTTCTCGCCTAA,0,2884524
ompRp3,0.5,1,1,AATAGCGCCATACCTGATCT,0,2860907
ompRp3,0.5,1,1,AATAGATTCAACCCTAAAAT,0,2905715
ompRp3,0.5,1,1,AATACAATTTGTCATAAGTG,0,2873759
ompRp3,0.5,1,1,AATAAAGCGCGGTTTTTGTA,0,2882826
ompRp3,0.5,1,1,AATAAAGAGTCTATACTTAA,0,2872961
ompRp3,0.5,1,1,AAGTTCCGATTGCCCTATTG,0,2882917
ompRp3,0.5,1,1,AAGTTCCAGATCCGCTATGG,0,2861859
ompRp3,0.5,1,1,AAGTGTTTGGCGGACTAGGG,0,2892750
ompRp3,0.5,1,1,AAGTGATACTTCTACACTAA,0,2902746
ompRp3,0.5,1,1,AAGTCGCAACCGGCCGATGA,0,2906776
ompRp3,0.5,1,1,AAGTCCCGACTCGAAAGCCT,0,2868114
ompRp3,0.5,1,1,AAGGTGGATGGATGTGATCG,0,2865215
ompRp3,0.5,1,1,AAGGGTATCTATCTAGAGTT,0,2892199
ompRp3,0.5,1,1,AAGGCTCAGGTGTTGTAGAT,0,2867648
ompRp3,0.5,1,1,AAGGCAGAAGTTACCTCCAA,0,2887616
ompRp3,0.5,1,1,AAGGAGATCCGATACGCATC,0,2887797
ompRp3,0.5,1,1,AAGCTTTAAGCATCTGGGTG,0,2892029
ompRp3,0.5,1,1,AAGCGGGTTGCGATACGGCC,0,2872995
ompRp3,0.5,1,1,AAGCGCTGACGTGGATCGCC,0,2878978
ompRp3,0.5,1,1,AAGCCCGCGACTAAATGGGG,0,2907470
ompRp3,0.5,1,1,AAGCCAACACGTTACAACGC,0,2878528
ompRp3,0.5,1,1,AAGCAAAGATTTGGGTGTCA,0,2898936
ompRp3,0.5,1,1,AAGATGATCGGTAAACACGT,0,2861470
ompRp3,0.5,1,1,AAGATCGAACTGAAGCTGCA,0,2865534
ompRp3,0.5,1,1,AAGATAGACCTGATCAGATG,0,2891155
ompRp3,0.5,1,1,AAGAGTCGGATCCGATTGCC,0,2880492
ompRp3,0.5,1,1,AAGACGTATGTTTCAGTCTC,0,2884833
ompRp3,0.5,1,1,AAGACAGGAGTCAACGGGCC,0,2892900
ompRp3,0.5,1,1,AAGACAAGCCAAGCTAGGAA,0,2876957
ompRp3,0.5,1,1,AACTCGAGGAGCATCGCCCA,0,2905664
ompRp3,0.5,1,1,AACTATTGAGTGGTCCGCTC,0,2871358
ompRp3,0.5,1,1,AACGGTTACTCTGCCCATGT,0,2906787
ompRp3,0.5,1,1,AACGGTGAGACACACAGGCA,0,2874832
ompRp3,0.5,1,1,AACGGACTAGAATGTAGTGT,0,2865910
ompRp3,0.5,1,1,AACGCTCGTCCTATGTTAGT,0,2903423
ompRp3,0.5,1,1,AACGCAGGCCAGAGTCACGG,0,2872345
ompRp3,0.5,1,1,AACGATGAAGGAGCCGGCTT,0,2862340
ompRp3,0.5,1,1,AACGATAGTAAGTCGCGTTG,0,2890296
ompRp3,0.5,1,1,AACGAGCCTGGTATTTTGGA,0,2895553
ompRp3,0.5,1,1,AACCTTATTATTCTGCGGTA,0,2867055
ompRp3,0.5,1,1,AACCTCGGCCTGGCTCAACA,0,2892629
ompRp3,0.5,1,1,AACCTCAGACGTAGTGCCCG,0,2866168
ompRp3,0.5,1,1,AACCTAGGTCAAAAATCTCA,0,2884183
ompRp3,0.5,1,1,AACCGTCTTTATAGCATTCC,0,2879791
ompRp3,0.5,1,1,AACCGTACTGGCTATGTGGT,0,2870966
ompRp3,0.5,1,1,AACCCGCTTAAATCTCAGCA,0,2868696
ompRp3,0.5,1,1,AACCCAGTACAATTTTAACC,0,2905777
ompRp3,0.5,1,1,AACATGGCATCGGGTGCTTG,0,2887821
ompRp3,0.5,1,1,AACATAAAGATTACCCGGGG,0,2884882
ompRp3,0.5,1,1,AACAGGTCTCAAGCATTAAG,0,2873112
ompRp3,0.5,1,1,AACAGGATGTGCTTGTTGCC,0,2873165
ompRp3,0.5,1,1,AACACTAGAAACCAACAGGA,0,2886904
ompRp3,0.5,1,1,AACACGCGTAGTGGAAGTAT,0,2866059
ompRp3,0.5,1,1,AACACCGGTTTGGTACACCT,0,2891262
ompRp3,0.5,1,1,AACAATGTGAAATCAGCGTT,0,2876538
ompRp3,0.5,1,1,AACAATCGTGCGGTCTAAGT,0,2873667
ompRp3,0.5,1,1,AACAACTCCTCTAGTTGTGT,0,2874320
ompRp3,0.5,1,1,AACAAAAGAGACACCCTCAT,0,2865069
ompRp3,0.5,1,1,AAATTTCTAAGGTAAGGGAG,0,2861168
ompRp3,0.5,1,1,AAATTGAAGACTAAACTCGT,0,2877476
ompRp3,0.5,1,1,AAATTAAGATAACCGAGGCT,0,2874315
ompRp3,0.5,1,1,AAATGACTCGTGACTCGGGA,0,2892403
ompRp3,0.5,1,1,AAATGACAGTGCATCAACTC,0,2897110
ompRp3,0.5,1,1,AAATATTAAATCTGACTCTT,0,2875279
ompRp3,0.5,1,1,AAATATAGATTACGAATGAA,0,2906401
ompRp3,0.5,1,1,AAATAGCTCTCCACAACAAG,0,2891031
ompRp3,0.5,1,1,AAATACTATTCGCGTCCAGC,0,2873427
ompRp3,0.5,1,1,AAAGTTACGTGGGTCATCTT,0,2866828
ompRp3,0.5,1,1,AAAGTCAGGAAATTGTATCG,0,2891303
ompRp3,0.5,1,1,AAAGCTTTTGGGCTACGTAC,0,2881697
ompRp3,0.5,1,1,AAAGCTCCTGGAGCTTCAGT,0,2874478
ompRp3,0.5,1,1,AAAGCGCTATGAAATATCCT,0,2871084
ompRp3,0.5,1,1,AAAGCGAGCCCATTTGGCAG,0,2880388
ompRp3,0.5,1,1,AAAGCCTAGAAAACGGATAC,0,2881613
ompRp3,0.5,1,1,AAAGATCGGGTACTTGCTCA,0,2891960
ompRp3,0.5,1,1,AAACTACATGGGGTATAAAA,0,2896611
ompRp3,0.5,1,1,AAACGGGTGCTAAAGGGATC,0,2902598
ompRp3,0.5,1,1,AAACCCACACAACACTTCCT,0,2883260
ompRp3,0.5,1,1,AAACACTAGCTTTAGTAGCC,0,2885384
ompRp3,0.5,1,1,AAACAATATGGGGGGGCTGA,0,2877908
ompRp3,0.5,1,1,AAACAAGCGGCTAGAGGAGT,0,2886224
ompRp3,0.5,1,1,AAAATTACGCGGACGATGTC,0,2880198
ompRp3,0.5,1,1,AAAATGCCGATTGGCAGTAT,0,2869479
ompRp3,0.5,1,1,AAAAGGTTCTTACCATCGTG,0,2896498
ompRp3,0.5,1,1,AAAAGGCGACTTTACAACAT,0,2868223
ompRp3,0.5,1,1,AAAAGCGACAGGCTGTACTA,0,2883948
ompRp3,0.5,1,1,AAAACGATGCCCGGGCTGTG,0,2861766
ompRp3,383.0,382,0,TATTTCCGCCTGATAGATCG,382,2887336
ompRp3,365.0,364,0,GGCCCCATCTGGTACAGGTG,364,2892237
ompRp3,274.0,273,0,ATACTTGGGATCACCACTGA,273,2881411
ompRp3,252.0,251,0,GAGCTTAGTTACTTTTTCCC,251,2878252
ompRp3,238.0,237,0,CAGCGTACACCGCCGAAGTC,237,2879057
ompRp3,214.0,213,0,CTGGATCAAAAGTTGCGGTT,213,2901074
ompRp3,214.0,213,0,ACGTTCTTTTAGTTAAACCA,213,2874081
ompRp3,192.0,191,0,GACCAAGTAAACCCAAGCTC,191,2871372
ompRp3,192.0,191,0,CCACACCTGCCGCACATATA,191,2897385
ompRp3,171.0,170,0,TTCTGCGAAGCTTTTCGGCA,170,2868610
ompRp3,153.0,152,0,CTGGGCAAGTACTACGGAAG,152,2860865
ompRp3,107.0,106,0,CAACTTGGGGGTTTTACATT,106,2872582
ompRp3,105.0,104,0,TCGGTTCTAAAATGGATTTT,104,2872574
ompRp3,100.0,99,0,AGTTCTAGACCGTTCGGACT,99,2891162
ompRp3,95.0,94,0,TTTCTATCAACAAGTGGCGA,94,2901066
ompRp3,91.0,90,0,GAGGGGCATGTTCCAGCCAG,90,2902225
ompRp3,82.0,81,0,CCTGGGTCCACCTTCCATTG,81,2903750
ompRp3,74.0,73,0,GACTTCGGATCCGCTGTGTC,73,2861252
ompRp3,69.0,68,0,TTGTAATTATCGGAGATTCT,68,2892775
ompRp3,65.0,64,0,AGCCTCGGTCGCCATATTAC,64,2890587
ompRp3,45.0,44,0,GGTTATTCTAGCATGGGCCT,44,2867847
ompRp3,43.0,42,0,TCCCCACTCAGGAATTACTG,42,2900805
ompRp3,24.0,23,0,CCGCGAACCACATTTTACGG,23,2875838
ompRp3,20.0,19,0,CCAGGACCATTGACGACCGT,19,2898521
ompRp3,15.0,14,0,ATCGTCGTAGTGACCCGATT,14,2906372
ompRp3,8.0,7,0,ATGAAGGACACGGGATCCAT,7,2893467
ompRp3,7.0,6,0,TTGAACATCACCCGAAGAGT,6,2871846
ompRp3,7.0,6,0,CAAGTTAGGAGAGACCAGGA,6,2904825
ompRp3,4.0,3,0,AGAGAATGGGTATGAGATTG,3,2895761
ompRp3,3.0,2,0,TATGCCGACGTAACCAGTTG,2,2863321
ompRp3,3.0,2,0,AGTAACCCGTGATGTTTAAG,2,2885756
ompRp3,2.0,1,0,TTGGTGGGGTCCCACGCTAA,1,2873872
ompRp3,2.0,1,0,TTCGTGACACATCCTTGGTA,1,2888065
ompRp3,2.0,1,0,TTAACAAGCCAACATCGAGC,1,2867462
ompRp3,2.0,1,0,TGTTATGACTCCAACAAAAC,1,2865537
ompRp3,2.0,1,0,TCTAAAAATCGGCAGAGCCT,1,2890000
ompRp3,2.0,1,0,TCGCCTTCAACTCCACAACT,1,2900554
ompRp3,2.0,1,0,TCCCACCGAATATCGGAAAC,1,2862397
ompRp3,2.0,1,0,TATAGGGCGGGAGTCTCTTC,1,2889864
ompRp3,2.0,1,0,TATACGTTTCTGAGTTCCCT,1,2865170
ompRp3,2.0,1,0,GTGAATTACCGACCCACAAG,1,2894621
ompRp3,2.0,1,0,GTCCGCCAATCCAATGCCAA,1,2866246
ompRp3,2.0,1,0,GGCCATTTGCGGTGATCCTG,1,2865180
ompRp3,2.0,1,0,GGCATTGCTAAGAAAAGCTA,1,2869587
ompRp3,2.0,1,0,GCACATAGGCGGGGATGATT,1,2875897
ompRp3,2.0,1,0,GATTATTCTCGGAGCAGAGT,1,2899861
ompRp3,2.0,1,0,GATCGAGTTGGTTAAGGATG,1,2893882
ompRp3,2.0,1,0,GACGACTGAGGTAGAAAGCA,1,2874901
ompRp3,2.0,1,0,CTGGATTGCTCCTCAGGAAT,1,2907567
ompRp3,2.0,1,0,CAGTTGACGTTCACGAAACC,1,2901746
ompRp3,2.0,1,0,CAGAACACCAATGAAACCTC,1,2872090
ompRp3,2.0,1,0,CACATTCTAGCGTTGGACGA,1,2897555
ompRp3,2.0,1,0,ATTAGCCCGGTGTTATTAGG,1,2900228
ompRp3,2.0,1,0,ATGCGGCGCAGCATGCTACG,1,2887357
ompRp3,2.0,1,0,ATCTGACAGAGTTCCTGAAC,1,2892858
ompRp3,2.0,1,0,AGCACATCCGGCTTTCTAAT,1,2896203
ompRp3,2.0,1,0,ACTTCGGAGTACCAAGAACC,1,2905825
ompRp3,2.0,1,0,ACCTACTCCGGGGGCGGAGG,1,2898547
ompRp3,2.0,1,0,AATCGCTAGTCAGCTTTCAA,1,2881471
ompRp3,2.0,1,0,AACGAACGTAGGCATCCAAA,1,2875598
