name,relative_counts,ct,ct_0,barcode,ct_1,barcode_ind
lacIp,0.6230529595015576,2082,1283,TAGCTTAGATCTTGTGTACA,799,2115497
lacIp,0.24250681198910082,454,366,TGGTCAAGGGACCTGTATTT,88,2096537
lacIp,0.10679611650485436,112,102,GCCTTAGGCTTCCTAGATCT,10,2086079
lacIp,1.4285714285714286,219,90,TCCGTGGGCCGACCATAGCT,129,2119661
lacIp,0.43023255813953487,121,85,GGAACGTGTTCCAGGTAAGA,36,2090483
lacIp,0.5232558139534884,129,85,AAACACAGCAGCGCCACGCA,44,2092491
lacIp,0.7804878048780488,144,81,ATCGAAGCAGGGCCTAAGGT,63,2094564
lacIp,0.0375,81,79,GCACCCGTGCTTTGAGGGGT,2,2103410
lacIp,0.056338028169014086,73,70,TTAAGGAGCGGTGCATCTAG,3,2101381
lacIp,2.2857142857142856,228,69,CGTTAACTGGACCTAGGCAT,159,2088408
lacIp,0.04411764705882353,69,67,GTAATTTGTCATGCAAATCG,2,2086907
lacIp,2.701492537313433,246,66,CGCACGTGGAATCACAGTAC,180,2100591
lacIp,0.36923076923076925,87,64,TCCGTGTGTCAAGTCTTACT,23,2092490
lacIp,0.046153846153846156,66,64,TACATGTGAGCAGAGCATGA,2,2115340
lacIp,0.8615384615384616,119,64,ACATCCCTGGAAACAAGGCT,55,2111987
lacIp,0.046875,65,63,AAGTACTCTAACCCGTGATA,2,2091866
lacIp,0.031746031746031744,63,62,TCCGCCGGTCACGCGGTTGA,1,2105809
lacIp,1.0634920634920635,128,62,CGGGGGTGGCTGATACAACA,66,2088689
lacIp,1.7301587301587302,170,62,AGCTAGTGCACGATGGATGC,108,2089488
lacIp,4.193548387096774,320,61,CCATACGGCGTACAATACCA,259,2086755
lacIp,1.6229508196721312,158,60,AGGCGCGTCAAAGGGCGGGT,98,2113691
lacIp,1.6206896551724137,150,57,GTGGCAAGTATCGAGTCCGA,93,2094288
lacIp,3.017543859649123,227,56,ACGAAATCTCGGCTCCCCCA,171,2101580
lacIp,3.232142857142857,235,55,GTGAACCGGAGTGTTGCACT,180,2094367
lacIp,6.196428571428571,401,55,CAATGGGACCGAGGTGACTC,346,2097016
lacIp,1.0363636363636364,110,54,CTTGAATAGCTTAACGTTGT,56,2106523
lacIp,0.9272727272727272,104,54,ATGTTGGACTCCGATCGTAC,50,2095074
lacIp,1.150943396226415,112,52,TCAATTTGCGTGCAACACAT,60,2098287
lacIp,0.9433962264150944,101,52,CCCACCAATTCGAAGAAGCT,49,2088643
lacIp,3.7358490566037736,249,52,AGCCTAGTGCCCCTGAGGGG,197,2110893
lacIp,0.04,50,49,CGAGGATACGGGGACTGGGA,1,2086373
lacIp,0.7,83,49,AGTGGCCGTCATGCACCTGC,34,2087683
lacIp,3.9,243,49,AGGCTAGCTATCTCAACGTT,194,2106196
lacIp,2.2857142857142856,159,48,GTTGAGCAACGATGCCGTTT,111,2085818
lacIp,0.04081632653061224,49,48,GGACGTCTAGCCGCTTGCGG,1,2115093
lacIp,2.857142857142857,187,48,GGAATTTATTTCGTGTGAAC,139,2091988
lacIp,0.061224489795918366,50,48,GCTATGAAATACTTCTACCA,2,2085976
lacIp,0.0625,49,47,GAGGACCGCAATGTAATGCA,2,2100829
lacIp,3.0625,193,47,CGCAAGCTCCGCCCGCGACA,146,2103680
lacIp,2.2708333333333335,155,47,CAGTGTCACTAATCTCATCA,108,2096648
lacIp,0.041666666666666664,48,47,ATCCACCGTCGGTGAGTGGT,1,2086113
lacIp,0.2765957446808511,58,46,ACGCGCGGATACCAATGCTG,12,2100868
lacIp,2.5,159,45,TGCTGCTGAGTCGAAAATAT,114,2100791
lacIp,0.13043478260869565,50,45,GTCCTCTCTCCGCCTTCAGT,5,2110052
lacIp,0.043478260869565216,46,45,GGATTCCCTACCACACGAGT,1,2085795
lacIp,0.06521739130434782,47,45,ATCTAAGAGTCGTAACACCT,2,2100265
lacIp,3.9782608695652173,227,45,ATAAGCGCCTTAGGGACGTC,182,2086145
lacIp,0.043478260869565216,46,45,AGATGCTACGTGTTAGGCCA,1,2087963
lacIp,7.177777777777778,366,44,TCTAGTTGGGACGTTACCGT,322,2098378
lacIp,0.06666666666666667,46,44,TCCCCTAGGCGAAACCAAAA,2,2109399
lacIp,0.1111111111111111,48,44,GTGCCCGCAGTTAAACGCAG,4,2088944
lacIp,0.2222222222222222,53,44,ACGCGTACCCGGTCGATCGA,9,2103395
lacIp,4.6,250,44,ACCGCCGACCGTCTGCAGGA,206,2097445
lacIp,1.1111111111111112,93,44,AATCACTGTTGAGGCTTAAG,49,2088611
lacIp,0.045454545454545456,44,43,CGGTCCTTCGATGTTTATAC,1,2086175
lacIp,0.4090909090909091,60,43,CCAGAATTGCGGCCGTACAA,17,2086841
lacIp,0.045454545454545456,44,43,AATGTGAATAAGCAGAACCT,1,2087669
lacIp,0.046511627906976744,43,42,TTTGACGCTCCTTTGGCTTG,1,2087436
lacIp,0.046511627906976744,43,42,TTGTAACGGACCAGGCCTCT,1,2104710
lacIp,2.9767441860465116,169,42,TAATGCATATAAAATTGCTG,127,2099498
lacIp,0.9767441860465116,83,42,GTATGACAAAGAGCATTAAT,41,2101003
lacIp,0.627906976744186,68,42,CTGCAAATTATGACACGCAT,26,2103286
lacIp,4.3023255813953485,226,42,CTAGGCGCTATCCCCCCGTA,184,2095946
lacIp,1.4186046511627908,102,42,CACGTTACGAAGACTGCCTT,60,2099119
lacIp,0.09302325581395349,45,42,AGCTGCATTTAACAGGCGAT,3,2112433
lacIp,0.046511627906976744,43,42,AGCCCTCTTCGAACGAGAGG,1,2089858
lacIp,1.7380952380952381,113,41,TCGCGAGCGCGCAGGCACTA,72,2112710
lacIp,2.119047619047619,129,41,CTTACTATACGCTCCTAATA,88,2090246
lacIp,0.2619047619047619,51,41,CAGATCTTTAGGTAGAGCAA,10,2093291
lacIp,2.642857142857143,151,41,CACGAAGCGAAAATCTTACG,110,2088943
lacIp,0.047619047619047616,42,41,ATTGTCTCCAGGTGTTTGGA,1,2101839
lacIp,0.07142857142857142,43,41,ACGACCACCGTGAATCACCC,2,2089586
lacIp,1.2195121951219512,89,40,TGCTATCGTCATCAAAACAT,49,2108187
lacIp,6.512195121951219,306,40,TGCTAATGTATTCCTGGTGT,266,2090911
lacIp,2.5365853658536586,143,40,TCGTTGAGACCTAGGGTCCT,103,2091494
lacIp,1.146341463414634,86,40,TAAGGGCGGTACAAGGGAAG,46,2097091
lacIp,2.8048780487804876,154,40,CTGCTCATGTGATGGATGAC,114,2088312
lacIp,2.8292682926829267,155,40,ATCCTAGTGAGCTTTGGCCA,115,2110473
lacIp,3.658536585365854,189,40,AGGTATTTCAGGACACGGAC,149,2088447
lacIp,4.634146341463414,229,40,AGGCATACCCATTAGGGCAT,189,2098157
lacIp,0.05,40,39,TTTAGTACAGAATGCCGGGT,1,2087714
lacIp,0.075,41,39,GAATGCTAGGCTGTCAGGGA,2,2117244
lacIp,0.05,40,39,CTCTGCGCTGCCGTCAGTTA,1,2088372
lacIp,1.95,116,39,CAAGCAGGAAGGGGTAAGAA,77,2092991
lacIp,0.20512820512820512,45,38,TGGGAGTTCGAATGCGATCT,7,2093341
lacIp,1.8974358974358974,111,38,GGCCCGGTGAGCATATAATT,73,2110489
lacIp,0.23076923076923078,46,38,GCTAGAACAGAACCGAGTTG,8,2101279
lacIp,0.05128205128205128,39,38,GAGCTTCGGCTTCACTACGC,1,2118802
lacIp,0.7948717948717948,68,38,GAGATATCCACCGCTCCATC,30,2114738
lacIp,1.358974358974359,90,38,CCTGGTCAACAAGGGAATAG,52,2090886
lacIp,0.05128205128205128,39,38,AGGACAAGCATCCGCCCAAG,1,2091612
lacIp,0.07894736842105263,39,37,TGACCAAGGCCTCCGCGCCG,2,2108788
lacIp,4.947368421052632,224,37,CTTTCTGTATGCCTTTTCAG,187,2093526
lacIp,3.5789473684210527,172,37,AAATTGCTATCTAGTCTCAT,135,2093350
lacIp,1.4594594594594594,89,36,TCGGGGTGGTTACTGGAACT,53,2096433
lacIp,0.05405405405405406,37,36,GTATCAACCGCTATAGCAAT,1,2109153
lacIp,0.05405405405405406,37,36,GGCCGGGGCTGCGGCTTGTT,1,2111739
lacIp,1.162162162162162,78,36,ATTTCCCGTCTCTTTGTGTT,42,2089439
lacIp,0.05405405405405406,37,36,AGGGTGGCCCGGCGCAGTTA,1,2087524
lacIp,1.4594594594594594,89,36,AGGACTCTACGCTAAAATGG,53,2092138
lacIp,0.05405405405405406,37,36,ACGTGGCAGGGTCTCAGTCC,1,2114892
lacIp,1.9189189189189189,106,36,ACATGAGTTGTCGGTGGTGA,70,2087961
lacIp,4.378378378378378,197,36,AACCCTCGATCCCGAGAGTT,161,2100525
lacIp,0.08333333333333333,37,35,TTACAACTACCCCGTCGAAT,2,2116308
lacIp,0.08333333333333333,37,35,TGCGAACGTCTTTCATGGTT,2,2109841
lacIp,0.05555555555555555,36,35,TAGCCGTTCTTAGAGTACAA,1,2093168
lacIp,0.05555555555555555,36,35,GGACGAGGCTGGGGCACTCA,1,2090437
lacIp,0.08333333333333333,37,35,CTTAGACTACACATGCCTAG,2,2107452
lacIp,3.3333333333333335,154,35,CAGCCTAGGAAATGCCCCTG,119,2107939
lacIp,3.5,160,35,CACAACCAGCGGTCTCAGTA,125,2093409
lacIp,0.08333333333333333,37,35,ACCGTCCTGGTATCCGGTTG,2,2087283
lacIp,2.7222222222222223,132,35,AATACTTCCATAGAGGCGAT,97,2108441
lacIp,0.05714285714285714,35,34,TTAGCTTGATTAAACGTCGT,1,2112773
lacIp,0.05714285714285714,35,34,TGCCAGAGCTTGAGGTTCTT,1,2108901
lacIp,1.2571428571428571,77,34,TGAGTGTCGAGTGCCACATC,43,2096786
lacIp,0.08571428571428572,36,34,TCCAGGCAATTCACCGGTGG,2,2088534
lacIp,2.657142857142857,126,34,TAAGTTCGAACTTGTTGCGA,92,2117031
lacIp,0.05714285714285714,35,34,GTATGAGCAGCTCGTTCAAT,1,2100895
lacIp,5.514285714285714,226,34,GTAACGGGTTATCACAGACT,192,2116162
lacIp,0.34285714285714286,45,34,GGCAGCCTGGCCGGTCTATG,11,2113371
lacIp,10.857142857142858,413,34,GATATCAGACCCGGCCCCTG,379,2095334
lacIp,0.05714285714285714,35,34,CGTGGCAACACGGCTACTTT,1,2094547
lacIp,0.45714285714285713,49,34,CGGCCGCATCATCATATGAT,15,2111054
lacIp,4.942857142857143,206,34,CCGTGACAGAGAACTATCTG,172,2105021
lacIp,0.5714285714285714,53,34,CAGGGTCAATTAAATAGCGA,19,2087729
lacIp,0.2,40,34,ACCACAATTTTGCTCAAAGT,6,2090545
lacIp,2.3823529411764706,113,33,TAGAATGTCTCCCTTTGGTA,80,2108632
lacIp,5.470588235294118,218,33,TAAGGTCGTGGGTGTAAAAT,185,2107427
lacIp,1.7941176470588236,93,33,GTGTAAGTATATTACAAATC,60,2109613
lacIp,2.823529411764706,128,33,GATCCCCAGCGACAAGTGCT,95,2092969
lacIp,0.8235294117647058,60,33,CGACTCCGCAAACTATCGGG,27,2093340
lacIp,0.8823529411764706,62,33,CGAACCCCCCAGCTGATCAG,29,2098710
lacIp,2.0294117647058822,101,33,CCCCCCTGATGTGGTGCTAA,68,2113467
lacIp,0.058823529411764705,34,33,ATATCTCGTGGCCCCAAATG,1,2086230
lacIp,0.36363636363636365,43,32,TGTCTATCGTTCTGATGCTA,11,2089860
lacIp,0.06060606060606061,33,32,TGAATTTGCTTGAGTGACAA,1,2092533
lacIp,0.06060606060606061,33,32,TGAAGGTCTTCAACTGATGA,1,2093117
lacIp,0.21212121212121213,38,32,GGCACAAAGCTCGGCGACTA,6,2117662
lacIp,2.606060606060606,117,32,CGGTAGAGTCAAGAATCCCT,85,2110994
lacIp,0.06060606060606061,33,32,CGCACGTACAGCCAGAGAGA,1,2105326
lacIp,2.393939393939394,110,32,CCCCCTACACTGCAGATTCT,78,2097072
lacIp,0.06060606060606061,33,32,CCAAGTCCTGATGGCTATAG,1,2089034
lacIp,0.42424242424242425,45,32,AGGGGAAACGTCTGTTGGGT,13,2103227
lacIp,2.212121212121212,104,32,ACTCGATTAATGTATCTCAG,72,2091296
lacIp,3.787878787878788,156,32,ACTCATTGGATAGTTGGCTT,124,2088450
lacIp,0.06060606060606061,33,32,ACGGCCTAAGGCTTTTATGA,1,2120736
lacIp,3.1818181818181817,136,32,ACAATGCGACCCTTCTAGCA,104,2089581
lacIp,0.0625,32,31,TTCTCATCGACTCCAGAGCT,1,2095515
lacIp,4.21875,165,31,TAGCGTCACCATGGGACTCA,134,2090346
lacIp,0.09375,33,31,GTTTGGTTATTAACCCACAT,2,2092427
lacIp,0.0625,32,31,GGAGGCTCACTTTGTATGAT,1,2092852
lacIp,0.0625,32,31,CTCGACCAACCTTTGGATCG,1,2087966
lacIp,0.0625,32,31,CGTAAGTCTTTGCGCTTCCG,1,2089934
lacIp,2.1875,100,31,ACAGGCAAACTCTGTCGTAT,69,2087152
lacIp,0.09375,33,31,AAGGTGTGAGGCGGGTTGTG,2,2088253
lacIp,4.875,186,31,AAGAGATCGCCATCAAACCC,155,2101503
lacIp,1.2580645161290323,68,30,TTAGGCGCAACTGGAGTACC,38,2116881
lacIp,0.5161290322580645,45,30,TGGTCGGAACAAGGATCAGC,15,2092285
lacIp,0.06451612903225806,31,30,TGCTCCAACAATGTTTAAGC,1,2101934
lacIp,0.06451612903225806,31,30,TGAGTATGCGGTTCGTTGTA,1,2096769
lacIp,2.7419354838709675,114,30,GTGCTATAGAAGTCTTGTGT,84,2094396
lacIp,0.6451612903225806,49,30,GGACTCAGGCCCCAGTCCAG,19,2117302
lacIp,5.032258064516129,185,30,GCGTATCCACTTAAGAAGCC,155,2103811
lacIp,0.06451612903225806,31,30,GCAGCTGACTAACATACGAA,1,2096948
lacIp,0.06451612903225806,31,30,CTTTGCCGTGTCGCTAGTAT,1,2106779
lacIp,0.06451612903225806,31,30,CGGTCCGGGGTCTGTGATCC,1,2109474
lacIp,0.06451612903225806,31,30,CGGGGAGTATCTCGCAATAC,1,2114409
lacIp,1.7741935483870968,84,30,CGCCATGTCCGCCTGGAGTT,54,2107932
lacIp,0.06451612903225806,31,30,CCTGGTGTGTAACCTAAATT,1,2113324
lacIp,5.451612903225806,198,30,CCCCATTGTGAACGTTACCA,168,2102920
lacIp,0.06451612903225806,31,30,CCAACCCAGTCTCCGACGGT,1,2091250
lacIp,0.4838709677419355,44,30,CATGAAAGCGCGAACCATGA,14,2113585
lacIp,0.06451612903225806,31,30,ATAATGGCATAATTTACAAA,1,2096546
lacIp,6.064516129032258,217,30,ACACACGTATGTGGCAGACA,187,2089420
lacIp,1.7096774193548387,82,30,AACCGCATTACGAATGCGTA,52,2112403
lacIp,0.06666666666666667,30,29,TTACACAAGTGCGCGACCCC,1,2121688
lacIp,4.1,151,29,TGGATTCTCTGAGTTTAGGA,122,2085742
lacIp,0.06666666666666667,30,29,TGAGGAGCGCACATTCAGAC,1,2092112
lacIp,0.06666666666666667,30,29,TCGCGTATTAAGAGACGGGG,1,2099863
lacIp,0.06666666666666667,30,29,TCGATGTCCACCGCAACGGA,1,2089259
lacIp,1.9,85,29,GTCTGTATGATGTCACCTAC,56,2100501
lacIp,1.6666666666666667,78,29,GTATTACAGTTCTTAACGGT,49,2090817
lacIp,0.2,34,29,GCGGGTGTCTGAATCGCCTA,5,2097750
lacIp,0.06666666666666667,30,29,GCAACTATGACTGCTAATAC,1,2091011
lacIp,0.06666666666666667,30,29,CGGTTTAAGCTAAAGGGTAG,1,2112617
lacIp,1.3,67,29,CGGCATCGATCCCCCAGCTT,38,2117423
lacIp,0.06666666666666667,30,29,CGACAAATTGAGAGTAAATT,1,2101046
lacIp,0.4,40,29,CCGTCAACGAAGTTCGGATA,11,2094582
lacIp,2.033333333333333,89,29,ATAAATACGCATGGCTGGAG,60,2106327
lacIp,0.06666666666666667,30,29,AGTCCGGGTCCCTGTCGGGT,1,2096136
lacIp,1.4,70,29,AGGTAAAGGGTGAATCTAGG,41,2106873
lacIp,0.6,46,29,AGGCGAACATCTACAACTGC,17,2115571
lacIp,0.06666666666666667,30,29,AGCATCCGGCCGGATCATTG,1,2085791
lacIp,5.9,205,29,ACGGGCCACGGTAGTAGTGA,176,2086804
lacIp,7.366666666666666,249,29,AATTGCTAAAACGGGATCCA,220,2086146
lacIp,0.06666666666666667,30,29,AAGCAAAGTTAGGTGCACTC,1,2114322
lacIp,0.06666666666666667,30,29,AAAGGCGAGTACCGAAATGA,1,2103448
lacIp,2.0344827586206895,86,28,TTTACTTGGTTATCCGCTTG,58,2090876
lacIp,0.06896551724137931,29,28,TTTAACTCGGGATCGACGCA,1,2106733
lacIp,0.06896551724137931,29,28,TCGCCATCTCAATGGAACAG,1,2104135
lacIp,3.0,114,28,TCCGAATTACTCTACCGAGT,86,2106864
lacIp,6.379310344827586,212,28,TCCCTCACATGTTGGTCTAT,184,2094107
lacIp,0.06896551724137931,29,28,GGCTCACGTGCGTAGGAGCC,1,2091920
lacIp,0.06896551724137931,29,28,GGACTAATTTTTTCGAAGAA,1,2098331
lacIp,5.137931034482759,176,28,GCTGGTCTGTGGTATCTCTG,148,2100852
lacIp,0.9310344827586207,54,28,GCGTATAAACGTTGTCGCCC,26,2110333
lacIp,0.3448275862068966,37,28,GATGCCAACTGGGGGAGATT,9,2118038
lacIp,2.8275862068965516,109,28,GAAGGGCGGCGCAGAATCCC,81,2111768
lacIp,0.3448275862068966,37,28,CGTGCGCTCCCAAATAGTCC,9,2116340
lacIp,5.206896551724138,178,28,CCAATGCTTTGTTGTGCAAT,150,2098714
lacIp,0.06896551724137931,29,28,CAGTTAGTTATAGTCGGGGA,1,2088166
lacIp,8.931034482758621,286,28,CAAGGGGCAAAATCGCACGT,258,2113142
lacIp,1.3793103448275863,67,28,ATTGTCGCCGATCAACTGCA,39,2098379
lacIp,0.10344827586206896,30,28,ATATCATATGGCGAACGAGC,2,2086523
lacIp,2.0,85,28,ATACCCTCTTATGGTGGTTT,57,2094749
lacIp,3.0344827586206895,115,28,ACTTCGCAGGGGAAGCTCTT,87,2093712
lacIp,0.06896551724137931,29,28,ACCAATCTTTACATGGCTAT,1,2115719
lacIp,3.3214285714285716,119,27,TTTGGAAACAGTTAGAAGCA,92,2110998
lacIp,0.07142857142857142,28,27,TTGGGCTGGGTTTCGTAGGA,1,2095379
lacIp,2.2142857142857144,88,27,TCACTACTCACGAAAACAGC,61,2096818
lacIp,3.0,110,27,GGATGTCAGGAAGGTTTAGT,83,2091228
lacIp,0.07142857142857142,28,27,GCGTTAGATCCTGAGGTGAC,1,2122323
lacIp,0.07142857142857142,28,27,CTGGCTGAAGCTGCTGTCGC,1,2085895
lacIp,0.2857142857142857,34,27,CTCGTATAAACCTGGGATAA,7,2103247
lacIp,0.07142857142857142,28,27,CGTGTCCTCGTTGTTGGGAC,1,2087271
lacIp,3.7857142857142856,132,27,CGATATATACGGAGCACACT,105,2089329
lacIp,4.107142857142857,141,27,CCTGTAAATCAATCATGCCT,114,2099367
lacIp,1.0,54,27,CCGTTGACGACAATCCCTAA,27,2098117
lacIp,0.07142857142857142,28,27,ATGAATGAGCTGACGAGCAT,1,2097971
lacIp,0.07142857142857142,28,27,ATCCCCGTAGCGCATTGAAT,1,2105449
lacIp,0.07142857142857142,28,27,AGCCTGGACAGTTACCATTT,1,2095021
lacIp,0.07142857142857142,28,27,ACTTGTTATCCGTCCTCTGG,1,2104078
lacIp,1.7857142857142858,76,27,ACTAGGAGCATCGGCGGCGC,49,2098003
lacIp,0.6071428571428571,43,27,ACAATGGGACACTCTTTTTG,16,2106544
lacIp,0.07142857142857142,28,27,AACTGTTCAAGCTAGGTAAC,1,2093003
lacIp,0.07407407407407407,27,26,TTCCCAATGATGGATGTCTG,1,2103705
lacIp,0.07407407407407407,27,26,TGCTATCCACCTTCCGCTGT,1,2111577
lacIp,0.3333333333333333,34,26,TGCTAGTACCCGTCCTCTGA,8,2114995
lacIp,4.074074074074074,135,26,TCCGCGCTAAGACTGCAGAT,109,2089687
lacIp,0.07407407407407407,27,26,TCCGATGATCTTAAAAAATT,1,2090889
lacIp,1.8148148148148149,74,26,TATGGGCTTAGAACCCTACG,48,2100966
lacIp,6.666666666666667,205,26,TATGAATATCTGGTAAATGC,179,2104307
lacIp,5.407407407407407,171,26,TAGAGATTTTCCGATATGTT,145,2093268
lacIp,0.5185185185185185,39,26,TAATCTCTCAAGCTCACCTT,13,2112645
lacIp,4.962962962962963,159,26,GTGGTGGAATAGTTTTGCGA,133,2101641
lacIp,0.07407407407407407,27,26,GGTGAGGTCCATGGCTTGCT,1,2101368
lacIp,0.07407407407407407,27,26,GATTGTGTAAGTACCAGGAG,1,2107563
lacIp,0.07407407407407407,27,26,CTAGCCACCCAGGTTTTGCT,1,2089206
lacIp,0.07407407407407407,27,26,CTACTCCCAGCCGTGAAGCA,1,2117011
lacIp,0.07407407407407407,27,26,CTACGACTACGGCATCTGTA,1,2120062
lacIp,0.07407407407407407,27,26,CGACCGTATCATGAATGCAT,1,2098161
lacIp,0.07407407407407407,27,26,CATAGGTGCGGGCTCCTAGT,1,2106964
lacIp,0.07407407407407407,27,26,ATTTGTGGGAACCGGGTCAC,1,2095568
lacIp,6.518518518518518,201,26,ATGGTCCAACTGATCGGTCC,175,2090520
lacIp,0.07407407407407407,27,26,ATCGTGACCGTCTTGCAAGG,1,2094657
lacIp,0.07407407407407407,27,26,ATCGCCCAGTTCGAGGGTAC,1,2101334
lacIp,6.148148148148148,191,26,AGCTGCACACCGTCTTACTA,165,2118904
lacIp,0.34615384615384615,33,25,TTCGTTGGCCGTTTGTTGAA,8,2089813
lacIp,0.19230769230769232,29,25,TCGTCCGCCGAAGCACGGAA,4,2112017
lacIp,0.07692307692307693,26,25,TCCAGGTTCTTATTCATCAA,1,2105300
lacIp,11.192307692307692,315,25,GTGATCCTCATACACATGAA,290,2116250
lacIp,3.5384615384615383,116,25,GGTCCAAGGCCACCCGATCC,91,2089493
lacIp,0.15384615384615385,28,25,GGACTCCACTGATGAATGCA,3,2108714
lacIp,6.730769230769231,199,25,GCTACGTCTTGGCCAAACCT,174,2092849
lacIp,5.538461538461538,168,25,GCGGGAGCACCGGGATTCTT,143,2103677
lacIp,1.6538461538461537,67,25,GCGAGGTTTGACATGCGTTT,42,2103170
lacIp,0.6153846153846154,40,25,GCCGGTCGGGAAAAAATAGT,15,2091783
lacIp,0.11538461538461539,27,25,GCAATCGGGCCTCGAAAATG,2,2111074
lacIp,5.038461538461538,155,25,GACCAGTAAAGCGTTCAGGC,130,2115585
lacIp,7.076923076923077,208,25,CGGGACCGTAACGCAACGGA,183,2086937
lacIp,4.038461538461538,129,25,CGGCAGGGAGACATGGTTTA,104,2102422
lacIp,0.11538461538461539,27,25,CGGCAGGCGTCCCCGAGGCT,2,2089554
lacIp,0.19230769230769232,29,25,CGCAGGGCTCGTAACGAGTG,4,2087098
lacIp,2.1923076923076925,81,25,CCGTTTTGGCTTGTAACCGA,56,2101329
lacIp,1.0769230769230769,52,25,CCCTATTCCGAGAACGCGAG,27,2095561
lacIp,1.2307692307692308,56,25,CATTTTTGCGGATCTGCTAG,31,2086880
lacIp,0.15384615384615385,28,25,CATGCCAACACGGGGACTCG,3,2109563
lacIp,0.8846153846153846,47,25,CAGTATTATGCTAATGGTGG,22,2100518
lacIp,0.07692307692307693,26,25,CACACGACGTTTATGCCTGA,1,2092620
lacIp,0.07692307692307693,26,25,CAACGCCTACAACTTACATA,1,2088753
lacIp,11.846153846153847,332,25,ATGCGAATTATCCAAGGAAC,307,2105246
lacIp,0.6923076923076923,42,25,ACTAATCTACGATGTTTAGA,17,2098177
lacIp,5.08,150,24,TGATCGGGGAGGCCTGAGTA,126,2086430
lacIp,7.96,222,24,TCGTTTGTGGGCGTATAGAC,198,2096619
lacIp,0.08,25,24,TATTACCTACATTGGAAGTA,1,2116608
lacIp,1.16,52,24,TAATCTCTGTGAACGCACGT,28,2103329
lacIp,0.52,36,24,GTTACGGGTCGTGGTGGCTT,12,2098902
lacIp,0.08,25,24,GGACAGTCTCTCTCGTATGG,1,2090976
lacIp,0.08,25,24,GCGAGTCTCTAGTCCTGGAG,1,2093737
lacIp,0.08,25,24,GCACGCCTAGGAATTTCTAA,1,2107787
lacIp,0.12,26,24,GATTGGAGCACACTAAGGAT,2,2091390
lacIp,0.08,25,24,GATTGGAAAGTACGTTAGCT,1,2087458
lacIp,0.64,39,24,CTAGTGCTTTGATCGGTCGC,15,2116122
lacIp,1.76,67,24,CTACGTACTCATACTGCAGC,43,2104454
lacIp,0.24,29,24,CGACGGTCGGGAAGTGTAAT,5,2090717
lacIp,0.08,25,24,CCCAGGCATCACCGACTGTG,1,2109925
lacIp,0.08,25,24,ATTGTCACGGCATATGGAAA,1,2109436
lacIp,5.32,156,24,AGTAGGCACTTGAGTCAGCG,132,2091649
lacIp,0.08,25,24,AGCGTGTTTGCTACAGAAAG,1,2088320
lacIp,0.16,27,24,AGAAAAGGCGTCGAACGTCG,3,2086990
lacIp,2.6,88,24,ACCACGAGCGTTTACCTGCC,64,2113396
lacIp,0.08,25,24,AAGCTTCCTCTGCATGCCTA,1,2099569
lacIp,0.08333333333333333,24,23,TTTGCACTCCTCATCTTGGT,1,2099089
lacIp,0.20833333333333334,27,23,TTCGCTCCATCGATCTTCCT,4,2102252
lacIp,0.08333333333333333,24,23,TTACACTACTTTTAAATAGT,1,2086284
lacIp,0.375,31,23,TCTTCTTCAGCACCTCTGCA,8,2118655
lacIp,0.08333333333333333,24,23,TCGCATAAATAATCCGGTGG,1,2104499
lacIp,2.75,88,23,TCCGCCGGGAGGTACTGAAA,65,2117027
lacIp,0.08333333333333333,24,23,GTTGCAAGCAAGTAATATTA,1,2103866
lacIp,5.5,154,23,GTTATGAGGCCGTATCCGGT,131,2096065
lacIp,0.08333333333333333,24,23,GTCCGTCCGAGGGTATAAAC,1,2117968
lacIp,0.08333333333333333,24,23,GGTCGGCCCGATCCACATAT,1,2104388
lacIp,0.08333333333333333,24,23,GGCGCTGTCCTCATCCCGAA,1,2098091
lacIp,0.08333333333333333,24,23,GCAAATATCACTGGAGCCCC,1,2093169
lacIp,9.541666666666666,251,23,CTGTAACGAACACAACGTCA,228,2115828
lacIp,0.08333333333333333,24,23,CTGCGCCTCCCGGTTCAGCG,1,2112562
lacIp,0.08333333333333333,24,23,CTGCAAAAATCAAGACTTAT,1,2096327
lacIp,0.5416666666666666,35,23,CTGATAAATCTACTTACGAA,12,2085820
lacIp,5.0,142,23,CGAAGTAACGCCTATGTGGA,119,2117737
lacIp,0.08333333333333333,24,23,CCGGCTTCACCATCCCGAGC,1,2092819
lacIp,0.08333333333333333,24,23,CCGACTTGTTGGACAAGGGG,1,2093583
lacIp,0.5,34,23,CCCGCAGAAATCTAATAAGC,11,2089196
lacIp,0.08333333333333333,24,23,CATTATGATCCTTAAAAGCT,1,2113016
lacIp,1.4166666666666667,56,23,CACATGATGGTATAATCCCG,33,2120781
lacIp,4.333333333333333,126,23,AGAGTCGTGCGCAAGACGTT,103,2087242
lacIp,4.416666666666667,128,23,ACTTCAATTCAACCGTCAAT,105,2094047
lacIp,3.7083333333333335,111,23,ACAGCAAGCCCTTCACGGTG,88,2102866
lacIp,6.208333333333333,171,23,ACAGAATGATTCTGGATGAT,148,2092850
lacIp,0.08333333333333333,24,23,AAGTTCCTCAAGTGCGCGGG,1,2099986
lacIp,5.5,154,23,AACCATAGCACATAGCGAAG,131,2102535
lacIp,1.1666666666666667,50,23,AACAGCTTACCCCAGGTAGA,27,2094254
lacIp,8.782608695652174,223,22,TTGTCAGCAGCAGCCTCGCA,201,2102881
lacIp,5.391304347826087,145,22,TTATGAGGCTGGTAGAGGGT,123,2120997
lacIp,0.08695652173913043,23,22,TGATGAAGTCTTAGACCTGG,1,2119064
lacIp,1.7826086956521738,62,22,TGAGGTATAGGGGCGCGGTC,40,2091828
lacIp,4.869565217391305,133,22,TCTATTTGTTGCTGACCACT,111,2086276
lacIp,4.695652173913044,129,22,TCGAGTCCTTACCACGCCTT,107,2110051
lacIp,3.130434782608696,93,22,TACCTCAATGAGATAGCTGA,71,2093410
lacIp,1.173913043478261,48,22,GTCGGCGGATTGACGGGGGT,26,2105221
lacIp,0.08695652173913043,23,22,GTCCACTACGGTGCGAAGAT,1,2111125
lacIp,2.1739130434782608,71,22,GCAGTCTTAACCTCCGATTA,49,2088260
lacIp,0.13043478260869565,24,22,GCAAACCATCACCAAAGAAA,2,2114836
lacIp,0.17391304347826086,25,22,GAGTTCCACGGATCAATATT,3,2094948
lacIp,0.4782608695652174,32,22,GACACTTCGCTCGGTAAGTG,10,2100256
lacIp,0.08695652173913043,23,22,CTGTAGATTAGCATTAAACC,1,2091351
lacIp,0.9565217391304348,43,22,CGCTGTGCGTCAAATATATG,21,2106953
lacIp,1.0869565217391304,46,22,CCTCGCCAAGGGTGAAGGCA,24,2117272
lacIp,0.08695652173913043,23,22,CAGTACACTATATCGCAATT,1,2089079
lacIp,0.08695652173913043,23,22,CAGCCCCGCATAAACCAGAA,1,2116119
lacIp,2.4347826086956523,77,22,CAAACATCCCCGGCTAAGAG,55,2103060
lacIp,0.17391304347826086,25,22,AGTAGTACAGTTTCAGCAAC,3,2093823
lacIp,5.130434782608695,139,22,AGTAATTGGCGCGTGAACAC,117,2092170
lacIp,4.782608695652174,131,22,ACTGGCGTTTAATATGCTCT,109,2098679
lacIp,0.08695652173913043,23,22,ACTGAATCACACACCTCAGA,1,2109007
lacIp,7.608695652173913,196,22,ACGTATACTCACGGCAATGG,174,2086083
lacIp,2.0,67,22,ACCCCCCATGACAACGAGTA,45,2110087
lacIp,0.08695652173913043,23,22,ACCAAAGCTGGCATATGAAT,1,2106557
lacIp,0.09090909090909091,22,21,TTTTCACACACTCCTGAGGG,1,2088646
lacIp,4.409090909090909,117,21,TTTGACATATGCTTATCCAT,96,2110272
lacIp,1.4090909090909092,51,21,TTTACCGGCCGTGAGAGGCT,30,2100058
lacIp,0.09090909090909091,22,21,TTAATGCTCGAGGTTTGCAA,1,2112579
lacIp,0.09090909090909091,22,21,TGGTTATTGTGAAGATCCCC,1,2098330
lacIp,0.13636363636363635,23,21,TCTTAATTGGTGTGAGAGGT,2,2094061
lacIp,6.818181818181818,170,21,TCCGCGGGCCGCATGCTCGT,149,2117200
lacIp,1.5,53,21,TCCCTACATTCTCAAATTAC,32,2088191
lacIp,1.0,42,21,GTCTTGTCCTGATTGTATTG,21,2106355
lacIp,0.2727272727272727,26,21,GCTATGTAAGCTAGAAGATT,5,2102906
lacIp,4.636363636363637,122,21,GCCATGGAACGAACTCGGGT,101,2092619
lacIp,0.18181818181818182,24,21,GATATAATATGAGTATGACA,3,2114708
lacIp,0.09090909090909091,22,21,GAGTGGTGTTTTCAGTCAAA,1,2090144
lacIp,0.13636363636363635,23,21,GAACAGATCTATATACCTCT,2,2114795
lacIp,0.6818181818181818,35,21,CTGGACACGTACAGCGCAAG,14,2091216
lacIp,0.09090909090909091,22,21,CTCTTAGGGCCAGCTTGCTC,1,2112264
lacIp,0.09090909090909091,22,21,CGTGTACAGGATTCTCCGGT,1,2098959
lacIp,9.636363636363637,232,21,CGGTCTGTGGTATGCCCAAA,211,2112331
lacIp,2.727272727272727,80,21,CGGACGTTAAGTACAAAGGT,59,2097676
lacIp,1.5909090909090908,55,21,CGCTGCACTACAGGGACCAT,34,2107937
lacIp,0.09090909090909091,22,21,CCGAACGACCCCTATAGAGT,1,2112849
lacIp,0.18181818181818182,24,21,CCCTGTCTACTTTGTCGCAG,3,2110683
lacIp,5.681818181818182,145,21,CCCTGAATATTCTATATCCC,124,2103442
lacIp,1.0,42,21,CCATGGCTCTCAGCCCCAGG,21,2085999
lacIp,0.09090909090909091,22,21,CAGGTGATCCAGGAGTGGGA,1,2120929
lacIp,2.6363636363636362,78,21,CAGATGTGCCGGGTGGTGTG,57,2105783
lacIp,9.636363636363637,232,21,CACCGTTCGACGGAGTATTG,211,2095374
lacIp,0.09090909090909091,22,21,CAAGCTGGTGATCCCACGAC,1,2097396
lacIp,0.09090909090909091,22,21,ATCCCGCCCAGATGCCTTTG,1,2091333
lacIp,0.09090909090909091,22,21,AGGGGGTGCCCGTCGTAAGA,1,2111946
lacIp,3.590909090909091,99,21,AGGCAGGTGCAGTAATACAT,78,2116144
lacIp,4.7727272727272725,125,21,AGGAGACACAGCAGACTCTA,104,2098499
lacIp,4.454545454545454,118,21,ACTATACCCAATCAGTCTAC,97,2120233
lacIp,0.36363636363636365,28,21,AATAGTGTCTCCGCCGGCCT,7,2089269
lacIp,4.090909090909091,110,21,AAACAAGTCCTGAATGCTAT,89,2090697
lacIp,5.619047619047619,137,20,TTTTTCTTATCTGTCCTACT,117,2101131
lacIp,1.7142857142857142,55,20,TTGTACAGTTGGTCGCTCGC,35,2103789
lacIp,0.09523809523809523,21,20,TTCGTTTGGCGTTACATAGG,1,2116690
lacIp,7.142857142857143,169,20,TTCGATCAGCACCGAAACTC,149,2091764
lacIp,1.0,40,20,TTATACCAATGTTATACGTG,20,2093241
lacIp,6.428571428571429,154,20,TGCCCGATGCATAAGATCAA,134,2089432
lacIp,0.09523809523809523,21,20,TGCAAAGCGCGGGATGATGC,1,2101541
lacIp,0.19047619047619047,23,20,TAATCGTTCAATGCTATTAG,3,2093680
lacIp,0.09523809523809523,21,20,GTTAACCTAGCTCTTTACCG,1,2117722
lacIp,0.09523809523809523,21,20,GTCGGATTGTCTGAATCGGA,1,2095888
lacIp,3.0952380952380953,84,20,GCTGGCGTTGGCCATCGGCG,64,2098897
lacIp,11.095238095238095,252,20,GCAGCTGGTGAGCATTGCGA,232,2096307
lacIp,0.09523809523809523,21,20,GCACGTCAGTACGGCGATGT,1,2103565
lacIp,4.0,103,20,GAGATACGGTGAGACACCAT,83,2093798
lacIp,2.4285714285714284,70,20,GAAGAGTCAGGGGCGCATAA,50,2111868
lacIp,3.0952380952380953,84,20,CTGGTTGTCATGAAATCAGG,64,2103209
lacIp,2.0,61,20,CTCATTATAGTATTAATTCT,41,2096817
lacIp,1.0952380952380953,42,20,CTAGGCAGCAAGTCCCTGTA,22,2100797
lacIp,2.238095238095238,66,20,CGGGACTCCACTCCTGCGAC,46,2089386
lacIp,0.09523809523809523,21,20,CGATAGTTGCGATCCGTTGG,1,2110395
lacIp,0.09523809523809523,21,20,CGACTGCAGTTAAACAAACG,1,2103153
lacIp,0.14285714285714285,22,20,CCCCTGATGTTATTTCAGTA,2,2104831
lacIp,7.523809523809524,177,20,CCACCATCATCAATTTTCTT,157,2094272
lacIp,1.380952380952381,48,20,CAGGTAACTGGGGTCCGGTG,28,2096800
lacIp,5.0,124,20,CACCGCTCATTAATAGAAGA,104,2088532
lacIp,0.09523809523809523,21,20,CAAGGGTCTCGTGGGATAGG,1,2117857
lacIp,3.0476190476190474,83,20,CAAAGCTGGTATCCATAAGC,63,2100935
lacIp,1.9523809523809523,60,20,ATAGCGGTAGTGCCGTCGTC,40,2088008
lacIp,5.904761904761905,143,20,AGTGCGGGTGTCGGTTAAAA,123,2090844
lacIp,2.1904761904761907,65,20,AGTGAGGCGGCCGTGTCCAC,45,2095913
lacIp,0.09523809523809523,21,20,AGCTAGGAGTTGAACCGAGA,1,2089212
lacIp,2.5238095238095237,72,20,ACTCTGAAACTTTCCGTTGA,52,2094662
lacIp,10.047619047619047,230,20,AAGGGCGAGCTATGTCACTT,210,2110782
lacIp,10.619047619047619,242,20,AACTCGAACACAGCTTACCA,222,2101321
lacIp,0.1,20,19,TCGATCTAACAGGCATGGGA,1,2099847
lacIp,19.9,416,19,TAACGTTTCCTCGCTTAACA,397,2096004
lacIp,13.5,288,19,GTGTCTTCGTCCGTCACGGT,269,2095592
lacIp,0.1,20,19,GTAGATCGCAGCAAAATAGC,1,2089318
lacIp,0.95,37,19,GGTTTCTTGATGTCATATCC,18,2103049
lacIp,0.3,24,19,GGTAGTGAATCGGATTTAAA,5,2089358
lacIp,5.0,118,19,GGCCAATGTACGACCAGTTT,99,2116990
lacIp,0.1,20,19,GGAACGTAAATCAAGTAATT,1,2090543
lacIp,0.1,20,19,GCTGCAGACTAAGGTCGAGG,1,2091706
lacIp,1.45,47,19,GCTCTCGTGTCCCGATCAAG,28,2092872
lacIp,6.2,142,19,GCCCTACTGAGCGCCTACGT,123,2109136
lacIp,1.55,49,19,GCAGTGTCTTACTACCGTCG,30,2121623
lacIp,0.15,21,19,GATTGACCTGGAGCGCGTTA,2,2099530
lacIp,0.1,20,19,GAGGCATAGCTCCCATCCCA,1,2085792
lacIp,3.4,86,19,GACTGTCGGTTTGCACTTAC,67,2104471
lacIp,0.1,20,19,GAAATGCCACGGGCAGTGGC,1,2105225
lacIp,0.1,20,19,GAAACACATAGGCCCCCGAA,1,2092017
lacIp,0.1,20,19,CTTAAGAGTTGGCATTCTAC,1,2088981
lacIp,0.1,20,19,CTGTGAAGCACAAACGGAGC,1,2110054
lacIp,1.1,40,19,CTGACAGTGGTGCCACGCTC,21,2101219
lacIp,0.1,20,19,CTCTGTGATACTCACGACTT,1,2086077
lacIp,9.35,205,19,CGGCCTTAGAACCGCTTTAT,186,2102733
lacIp,11.4,246,19,CGACTCTGAACTTGGAGTTC,227,2104077
lacIp,0.1,20,19,CGAATACAGCTCTACCCGTG,1,2100484
lacIp,0.1,20,19,CGAACAATGGGTCGCTTGAT,1,2090325
lacIp,9.15,201,19,CCTGCTCTCAATTAACGCGT,182,2103711
lacIp,0.1,20,19,CCCTTTATGATGGTCATATC,1,2111639
lacIp,0.1,20,19,CCATTGGCTGGCCTAAGGCT,1,2113289
lacIp,0.25,23,19,CCACGGTTGTCGCAATAGAA,4,2092297
lacIp,5.55,129,19,CAGTGGACTATACCACGCTA,110,2104210
lacIp,8.5,188,19,CAGTGCCGCATGGTTAACCA,169,2103423
lacIp,7.95,177,19,CAGGGGTAACGTTTAACAAG,158,2096216
lacIp,3.85,95,19,CACAGGCTGAATATTAACTC,76,2090114
lacIp,8.5,188,19,CACACGTATGTCACGGTACA,169,2092216
lacIp,1.85,55,19,CAAGTAGACGAGGCTACGTA,36,2108878
lacIp,9.7,212,19,ATCAGACGATCTGTCGGAAT,193,2103815
lacIp,2.7,72,19,AGGCTCTGTGAGAGGTAGAT,53,2100576
lacIp,0.5,28,19,AGGCCTCACAACCTTCACCT,9,2090596
lacIp,1.5,48,19,AGGCAATGGTAGACGCCTAA,29,2117293
lacIp,5.6,130,19,ACGATCTTCGAGTCCAGAGA,111,2100646
lacIp,0.1,20,19,ACCCTCCTTTCGATCAAGAA,1,2103238
lacIp,0.1,20,19,AATTACAGGGCCATGTCAAA,1,2108271
lacIp,4.6,110,19,AATGCGCACACCGCGCTCGA,91,2099676
lacIp,6.75,153,19,AATCTCCGAAGCCCGTCATG,134,2102285
lacIp,1.3,44,19,AAATCATTGAGCTGAACGAC,25,2097938
lacIp,4.105263157894737,95,18,TTTTGCCCACAGATTAAAAT,77,2101665
lacIp,0.15789473684210525,20,18,TTTCGAGGGCAACAACCCTT,2,2104498
lacIp,3.4210526315789473,82,18,TTGGGACGGTAGTCACGCAT,64,2092214
lacIp,2.4210526315789473,63,18,TTGCCCTTCCCGGGGATGTT,45,2097173
lacIp,6.2631578947368425,136,18,TTGCAATCAGTCAGCGCAGT,118,2104134
lacIp,3.526315789473684,84,18,TTGACTCCTCTCTGTATTTG,66,2099671
lacIp,0.10526315789473684,19,18,TTCGGTAGGATGGTATCGCA,1,2116307
lacIp,9.210526315789474,192,18,TGCCTACGACGAGGACTTGA,174,2093111
lacIp,8.947368421052632,187,18,TGAACAGCCGTCCGTTACTA,169,2098811
lacIp,0.10526315789473684,19,18,TCTGACCTGCAGTAACGTGG,1,2113183
lacIp,0.42105263157894735,25,18,TCCTAGCTTTTGAACGGTTC,7,2118404
lacIp,7.2631578947368425,155,18,GTTGTCACGTCCTTCGAGAA,137,2094946
lacIp,0.10526315789473684,19,18,GGCGACGGACGCGATACTGT,1,2088892
lacIp,4.947368421052632,111,18,GCTGGTGTGTGTGCACATAT,93,2088560
lacIp,1.3157894736842106,42,18,GCGTTCCGCGGTAGGGATCA,24,2092853
lacIp,0.10526315789473684,19,18,GCGTCACGGTTACCTCATGA,1,2111643
lacIp,5.842105263157895,128,18,GCGCACTTAAGCAGCTCGCC,110,2109272
lacIp,0.10526315789473684,19,18,GAGAGGAGGCTATGGGTAGA,1,2114317
lacIp,7.0,150,18,CTTTTCAAGTTGTACTTCAA,132,2098615
lacIp,10.263157894736842,212,18,CTTGGTTGCTTTTTGACCCT,194,2093469
lacIp,5.7894736842105265,127,18,CTTGCTGCGGGAAACCCTAG,109,2088081
lacIp,3.9473684210526314,92,18,CTGGTACGCCATGAAAGTTG,74,2097001
lacIp,1.7894736842105263,51,18,CGGTTCACTTATTTTTGCTG,33,2097558
lacIp,0.10526315789473684,19,18,CGGAGCTAACTCACTCGCAA,1,2086358
lacIp,8.263157894736842,174,18,CGGAGCGACATCTCGGAAAG,156,2114073
lacIp,3.8947368421052633,91,18,CGCTTTGTAGGCGGCGTCGC,73,2116973
lacIp,0.10526315789473684,19,18,CCGCCACCAAGCGAGACAAG,1,2097353
lacIp,4.368421052631579,100,18,CACCGTGCGCAGGAGGTGAG,82,2098297
lacIp,0.10526315789473684,19,18,CAACAAAATGACACCTCCCG,1,2119364
lacIp,0.15789473684210525,20,18,ATGACACAGACCAGTCACAA,2,2118901
lacIp,0.10526315789473684,19,18,ATATAGAATTAAAATAGGGA,1,2092693
lacIp,0.10526315789473684,19,18,ATAGTGCCCGAATATAGGAG,1,2113942
lacIp,0.10526315789473684,19,18,AGTCCCTAGCTGCCCAAGCA,1,2095171
lacIp,6.684210526315789,144,18,AGAGAAAAGTAGAAGATCAC,126,2092970
lacIp,10.052631578947368,208,18,ACATTCATACATGCCCGGGA,190,2092684
lacIp,0.10526315789473684,19,18,AAGTCGCAACACAGCGGCAT,1,2099336
lacIp,0.10526315789473684,19,18,AACACACTCCGTTGCGGGCT,1,2096864
lacIp,0.5789473684210527,28,18,AAAGTTTCTATCTAACAAGA,10,2120160
lacIp,0.1111111111111111,18,17,TTTAGATTAATACAGTAGCG,1,2118041
lacIp,0.1111111111111111,18,17,TTCCGTCAGATACCAGCTAA,1,2087941
lacIp,2.5,61,17,TTATAGGTTCTTCTACACCT,44,2113872
lacIp,0.1111111111111111,18,17,TTACGCGACCTTTCGGAACG,1,2108078
lacIp,0.1111111111111111,18,17,TGTTATATGTAGGGGAAAGG,1,2103727
lacIp,3.111111111111111,72,17,TGAGGCTGGGGGTTACCCTT,55,2100273
lacIp,3.5,79,17,TCTGTGCACACGCCTACCAT,62,2092434
lacIp,3.2777777777777777,75,17,TATAAATGGCTTATCCCAAC,58,2105457
lacIp,0.1111111111111111,18,17,TAGCTGACTTACCGCCGTCA,1,2094414
lacIp,17.77777777777778,336,17,TAAATCCGCCTCTGGGCGGC,319,2095668
lacIp,2.888888888888889,68,17,GGTCCGGATTAGGCCGCGTA,51,2099118
lacIp,1.5,43,17,GGGGCACTACACGGAGTTTT,26,2121215
lacIp,0.1111111111111111,18,17,GGCCTATGTTATATAACGTT,1,2099333
lacIp,3.3333333333333335,76,17,GCTCTTGTCCAGGACCTTCT,59,2107858
lacIp,0.1111111111111111,18,17,GCGACGCAGTTTAATCAACT,1,2090219
lacIp,6.277777777777778,129,17,GCCTGCAGCTATCCGTGGTC,112,2104406
lacIp,0.6111111111111112,27,17,GAGGCATGGGACCTGCGTTT,10,2092625
lacIp,5.0,106,17,GACGATATCTTTATCAGGAT,89,2088256
lacIp,0.1111111111111111,18,17,GAATAAGTGGATCCCCGATT,1,2117125
lacIp,0.7222222222222222,29,17,CTTAAGACCTGGCACTTAGA,12,2094323
lacIp,4.444444444444445,96,17,CTCCGTAATAAAGGGTCCTG,79,2086816
lacIp,5.722222222222222,119,17,CGTAAGCAATTTCCATTCAA,102,2103127
lacIp,5.111111111111111,108,17,CGCCAGCGAATGATGTAGTT,91,2092137
lacIp,0.1111111111111111,18,17,CGATGGTCATGTCCAGTACT,1,2091713
lacIp,0.1111111111111111,18,17,CCGCGGTTTCGAACGCCCCA,1,2107933
lacIp,0.6111111111111112,27,17,ATTTAAAGCTCATACTAACT,10,2114530
lacIp,0.16666666666666666,19,17,ATCCCATACAGCGGGGGCTG,2,2105860
lacIp,0.1111111111111111,18,17,ATATATCTTTGGTAACAAAT,1,2104550
lacIp,8.11111111111111,162,17,ATAGTTATCCCTCAGTGTCT,145,2091109
lacIp,0.16666666666666666,19,17,AGTTCGAAACGTCACAATAC,2,2092436
lacIp,0.1111111111111111,18,17,AGGGACATAGAACATGAGGA,1,2090633
lacIp,2.5,61,17,AGGACCCTCGCCGTGTCAAA,44,2086939
lacIp,0.16666666666666666,19,17,AGCTCATTCACCGGATCTGG,2,2100521
lacIp,2.0,52,17,ACGCCACGCGTAACGCTGAT,35,2102123
lacIp,0.1111111111111111,18,17,ACCCAAAGTAAGGAACCTGC,1,2107349
lacIp,0.16666666666666666,19,17,ACCATGCTACGGTGCGCGTA,2,2101788
lacIp,5.833333333333333,121,17,AATTAGTATTTGGACAGGGT,104,2106582
lacIp,5.666666666666667,118,17,AAGGGATACCGCGGTGATAG,101,2121966
lacIp,20.944444444444443,393,17,AAATATAATGGTCCATACTC,376,2089121
lacIp,0.11764705882352941,17,16,TTCTTCGGTGGGTAACTTGT,1,2113260
lacIp,0.4117647058823529,22,16,TTCGGCGGGTGGCCGATCCG,6,2098722
lacIp,0.47058823529411764,23,16,TTCACTGACGGCCGTGTGCC,7,2108589
lacIp,0.11764705882352941,17,16,TGCTGCAAAAGCCAGCACTA,1,2107668
lacIp,1.411764705882353,39,16,TGAAGAGATGATAGGGTGAG,23,2086654
lacIp,6.0588235294117645,118,16,TCTCGTCTGTGTAGGGACTG,102,2095916
lacIp,3.0588235294117645,67,16,TATTCTAGGTGTTCAGCAGC,51,2118349
lacIp,3.5294117647058822,75,16,TAGGGTCTTGGTTAATGGGT,59,2089046
lacIp,0.11764705882352941,17,16,TAGCTCTAAGCTAGCCCCCA,1,2099556
lacIp,0.11764705882352941,17,16,GTATTTGTCCTAAGTGCTAA,1,2091409
lacIp,0.17647058823529413,18,16,GGTAATGTGACCAGCACGTA,2,2112318
lacIp,2.7058823529411766,61,16,GGCGTTTTGCGCCGAATCCT,45,2106761
lacIp,2.0588235294117645,50,16,GGCGAACTGTGAGGCCGGTT,34,2096956
lacIp,1.2352941176470589,36,16,GCTCAGGTCGAGCTTCCATC,20,2104591
lacIp,0.11764705882352941,17,16,GCAACATTCAAAACGATAAA,1,2115658
lacIp,0.11764705882352941,17,16,GAGTCTAGCTGCATATCGCG,1,2112099
lacIp,0.11764705882352941,17,16,GAGAGCACGGTGATTTATGA,1,2099364
lacIp,0.11764705882352941,17,16,GACTCGCGCTAGCATCGCCC,1,2093044
lacIp,0.11764705882352941,17,16,CTTGATAAGCCGTAGGGAGA,1,2099282
lacIp,0.17647058823529413,18,16,CTCCTAACGCTATTCTTCCA,2,2090890
lacIp,0.11764705882352941,17,16,CTATGCTTTGTCCTAAATTA,1,2100795
lacIp,0.11764705882352941,17,16,CGGTAATTTATCGGTGAATA,1,2114734
lacIp,0.11764705882352941,17,16,CGCATGTTTTATTGACCTCT,1,2113372
lacIp,0.11764705882352941,17,16,CGACGTGTACTTGATGGCAT,1,2114742
lacIp,6.764705882352941,130,16,CGAACTGACATATATGGTAT,114,2092994
lacIp,11.352941176470589,208,16,CCTGTTCGAGGGCAAATGAT,192,2099370
lacIp,0.17647058823529413,18,16,CCTGGAGCACTCGGAACTCC,2,2091257
lacIp,0.5294117647058824,24,16,CCTGCTACCCTATGGCTAGT,8,2107525
lacIp,0.17647058823529413,18,16,CCTAGTAAGTAGTAAAGGTC,2,2092171
lacIp,0.11764705882352941,17,16,CCGGTTAACACTTGAGCGTT,1,2106506
lacIp,0.7647058823529411,28,16,CAGTCATCTCTTCGTCTGGT,12,2120232
lacIp,0.5882352941176471,25,16,CACTTTCGATAGGCCCAGGT,9,2090265
lacIp,0.11764705882352941,17,16,ATTCACAGAAACCTGGCGTC,1,2106963
lacIp,9.117647058823529,170,16,ATGTTTGCACATGTGGATAA,154,2120197
lacIp,4.0588235294117645,84,16,ATGTCTCCATGGCGGGTTTC,68,2102962
lacIp,8.941176470588236,167,16,ATCTCACGTTCCTGGCGTAG,151,2119129
lacIp,5.470588235294118,108,16,AGTGAGAGCTGTGTTCCGCA,92,2101550
lacIp,0.11764705882352941,17,16,AGGGGGGTATCGATAAAAGG,1,2096693
lacIp,0.11764705882352941,17,16,AGCTCATAGCGGGCTTATGG,1,2096331
lacIp,0.23529411764705882,19,16,ACTTTCCGATCCAAAAGTCG,3,2094191
lacIp,7.529411764705882,143,16,ACGGGGCGAGGGCCAGCTTT,127,2108071
lacIp,0.6470588235294118,26,16,ACGGACATTCTTCGCACAAT,10,2100621
lacIp,0.29411764705882354,20,16,ACGCTGGAGTTAACACGGTA,4,2105202
lacIp,1.0,32,16,ACGCTCTTCACGGTACTACC,16,2101457
lacIp,2.2941176470588234,54,16,AAACACTCTTGCGAGGTCCG,38,2088618
lacIp,4.6875,89,15,TTTGAAGGCCACGGAGGACC,74,2101214
lacIp,0.125,16,15,TTGAGACCTAAGTTGGACTT,1,2106240
lacIp,1.875,44,15,TTACTAATTACTGGTAAAGA,29,2109815
lacIp,0.125,16,15,TGTGTGTACATGCACTGTGT,1,2121290
lacIp,0.1875,17,15,TGTGATGTCCTCGCCTAACG,2,2111933
lacIp,2.375,52,15,TGTCCCATTAGCGAGAAGCA,37,2105431
lacIp,0.125,16,15,TGGTCCTGATCGTTAGAGTT,1,2111554
lacIp,0.6875,25,15,TGGGTGCGGCTGAGCCCTAA,10,2089070
lacIp,7.875,140,15,TGCGCGGGCGCATGTGCCAG,125,2088449
lacIp,0.1875,17,15,TGAGTATCAAAGAAAACCAT,2,2095559
lacIp,0.1875,17,15,TCTTAGGATACAACCCGGTA,2,2086377
lacIp,1.0625,31,15,TCGCGTCGCCTAAGACCCAG,16,2099618
lacIp,0.6875,25,15,TCGAAGTCACAAATTATCTC,10,2096418
lacIp,5.125,96,15,TCCCGGACTGAAACATAGGT,81,2113926
lacIp,0.125,16,15,TCAACTCTTGAAGCAACCTC,1,2095974
lacIp,3.4375,69,15,TCAACGTGCATTGCCCTTCT,54,2110122
lacIp,0.1875,17,15,TAATCGGTACTCTCGACTAT,2,2106757
lacIp,7.625,136,15,TAACTACCTTGCGGTGGGTC,121,2089459
lacIp,0.125,16,15,GTTCGCTCGACTTAGACACC,1,2101086
lacIp,9.9375,173,15,GTGAGGGGATTGTGCGGCAT,158,2108658
lacIp,0.125,16,15,GTCGTCCGGATACGGTAATA,1,2111631
lacIp,8.6875,153,15,GGCCACATGGTGTGTTTAGC,138,2097833
lacIp,6.3125,115,15,GCTCGCCGGGCACCGTTTAG,100,2101385
lacIp,2.125,48,15,GCTATGGGTATTTGATCGAT,33,2118058
lacIp,3.375,68,15,GCATGTGTGACATCGGCCTA,53,2093679
lacIp,6.5625,119,15,GCAACAGTAAGCGTTCTCGG,104,2095806
lacIp,16.8125,283,15,GAGAGCATACTATCTAATTC,268,2107426
lacIp,5.0,94,15,CTTATCTTAAGCCACTATAG,79,2115723
lacIp,7.125,128,15,CTGTCAAGTTAACTGATATC,113,2112047
lacIp,0.125,16,15,CTCACGTAGACTTAAGTCTT,1,2115212
lacIp,2.5625,55,15,CTATGCGGGTCCGTATGGTG,40,2108165
lacIp,14.9375,253,15,CTATAGCGACCGGTTCCGTT,238,2102253
lacIp,0.125,16,15,CTACGTTTACCAGCTCCTCC,1,2102200
lacIp,4.9375,93,15,CGTCTTTGAAAACCCCTGGA,78,2093644
lacIp,0.125,16,15,CGGTGCGGTGTTTACTTTGT,1,2111502
lacIp,2.8125,59,15,CCGAGACCCAATGACAGTTC,44,2095770
lacIp,0.125,16,15,CCCGTTGCGGCGGAGCGAAT,1,2103282
lacIp,0.125,16,15,CCCGATCTCGCTATTAGGCA,1,2097121
lacIp,4.6875,89,15,CATCGGAGTCGCTGCAACCT,74,2093653
lacIp,0.125,16,15,CAGTGACGGTCGGGTTTAGA,1,2091082
lacIp,6.9375,125,15,CAGGGCGGGGCGAATTTCCC,110,2087699
lacIp,5.5,102,15,CAAACATGTTTAACCGTTAA,87,2113503
lacIp,0.1875,17,15,ATGCAGCTTTCCTAGGGTGA,2,2098936
lacIp,7.875,140,15,ATCACTCGTGGCCCGTTATG,125,2090854
lacIp,14.4375,245,15,ATCACGGTTGAATTGAAGTC,230,2097094
lacIp,2.6875,57,15,AGTGCATGAGAAATCTACTT,42,2094418
lacIp,13.875,236,15,AGGTGGAATGACTAGAACTA,221,2092043
lacIp,0.125,16,15,AGGTAGTCTGTCATTGTGCT,1,2107419
lacIp,2.0,46,15,AGCCCCGGCGGAGAAGCTGG,31,2116525
lacIp,0.125,16,15,AGAGGATATGTGTCCTGGAT,1,2103439
lacIp,0.8125,27,15,AGAAGGGGTCCTGGTCGTGG,12,2100327
lacIp,0.125,16,15,ACTAAAGCATTGGCCTAGAC,1,2103263
lacIp,0.125,16,15,ACCCGGCACAGGTGAGTGCA,1,2104027
lacIp,9.4375,165,15,ACATATTCGGTATGCATTGG,150,2086359
lacIp,0.125,16,15,ACACGTGATTCTCATGTTGT,1,2108957
lacIp,1.25,34,15,AAGCTTTTCCTCGGTGCTAG,19,2109034
lacIp,0.13333333333333333,15,14,TTGGTTTGGATAATCGTTCC,1,2107826
lacIp,0.13333333333333333,15,14,TTGACGATGAGTATGTCTCT,1,2118133
lacIp,4.333333333333333,78,14,TTAAGAACCAACGCCACCAG,64,2088512
lacIp,3.466666666666667,65,14,TGAAATCTATCAAATGGATC,51,2099598
lacIp,1.1333333333333333,30,14,TCTAATATTTCCGATGCCGT,16,2096862
lacIp,9.133333333333333,150,14,TCCAGGAGGCTCGTTGGTCA,136,2091014
lacIp,5.066666666666666,89,14,TATTGAGCGCTATTTCCTAA,75,2107478
lacIp,0.13333333333333333,15,14,TATGCATACGGGGCACAACA,1,2112243
lacIp,0.13333333333333333,15,14,TAAAGTACCCCGGTGGATTG,1,2109653
lacIp,0.13333333333333333,15,14,TAAACGTAAATGAACGCGGA,1,2105358
lacIp,0.4,19,14,GTTTACTAATCACCTGGCTT,5,2086674
lacIp,5.0,88,14,GTTAATCAGTTGTACCTGAG,74,2111260
lacIp,0.13333333333333333,15,14,GTTAACGGCAGCCGTGTCAA,1,2089564
lacIp,0.2,16,14,GTGAGCCTGTTAAAGCCCAA,2,2117982
lacIp,0.26666666666666666,17,14,GTACTATACGTTCCAAAAGC,3,2101696
lacIp,5.733333333333333,99,14,GGTTTAACACAACGGTGAGA,85,2107256
lacIp,0.13333333333333333,15,14,GGTCCAGCGAAGTAGCGGGA,1,2107357
lacIp,9.733333333333333,159,14,GGTATTTCCCTATTTGTCAT,145,2109421
lacIp,0.13333333333333333,15,14,GGTAGGGCTGAAGGCTATTT,1,2090485
lacIp,4.4,79,14,GGGGGTATCGCGTGCTAATG,65,2106948
lacIp,0.13333333333333333,15,14,GGCCTACGTTTTTACTTAAC,1,2108795
lacIp,0.13333333333333333,15,14,GGATGTTTCGGCTGCCATAA,1,2107173
lacIp,2.6666666666666665,53,14,GGAGGGATGGACGCGCTGTC,39,2088034
lacIp,0.13333333333333333,15,14,GCTTCGGTTTGTCGCACCGA,1,2106630
lacIp,0.13333333333333333,15,14,GCTAATGGCTCTGGGTTTTC,1,2107254
lacIp,1.6666666666666667,38,14,GCCAAGAGTCGTATGACACG,24,2119824
lacIp,2.8,55,14,GATTCGACAATATCTAGTGC,41,2086134
lacIp,9.733333333333333,159,14,GATTAGACCTCCCGCGTGCA,145,2113452
lacIp,0.13333333333333333,15,14,GAGACAAGTGGGGCAATCAG,1,2106789
lacIp,0.13333333333333333,15,14,GACAAAAGAATCACGGTTAT,1,2091581
lacIp,3.533333333333333,66,14,CTTAGTAGTCGCCAACGGCG,52,2109816
lacIp,0.13333333333333333,15,14,CGTTTGTCAGCTACACCTCA,1,2101979
lacIp,1.7333333333333334,39,14,CGTGCCGATTTCGTCGATTC,25,2108956
lacIp,5.933333333333334,102,14,CGAAAGGTACGTAACCCGAT,88,2096206
lacIp,0.13333333333333333,15,14,CCTTGGCATAACTGCGGTAG,1,2102637
lacIp,0.13333333333333333,15,14,CCTACATGCGCTCCACTGAT,1,2102539
lacIp,6.466666666666667,110,14,CATTTTAGTAGCTGTAGCCT,96,2115169
lacIp,5.066666666666666,89,14,CATTGAACAAATACGAGAAT,75,2111839
lacIp,0.26666666666666666,17,14,CACAATAGTGGCGGTCTAGA,3,2100451
lacIp,0.13333333333333333,15,14,CAAATTTTCGCTAAGGCATG,1,2117560
lacIp,0.8,25,14,ATTTAGACGGGAACGGCGGC,11,2103651
lacIp,0.13333333333333333,15,14,ATTGCAGTTGGGTTCTCCAG,1,2107350
lacIp,10.266666666666667,167,14,ATTCAGAATTCCTGCGAAGA,153,2116400
lacIp,4.2,76,14,AGTGCACTTCCCCGCCTTTG,62,2095414
lacIp,0.13333333333333333,15,14,AGGTTCGATCTCAGACATTG,1,2105473
lacIp,0.13333333333333333,15,14,AGCGCCATCAAGTGTTAATG,1,2117496
lacIp,0.2,16,14,ACTGGCAATACATAAGGTAA,2,2110528
lacIp,0.13333333333333333,15,14,ACTGAAGAGGGGGAACCTCA,1,2106435
lacIp,3.2,61,14,ACCTAATGTGATTTGGTCCG,47,2116146
lacIp,0.13333333333333333,15,14,ACACTCCTCGGAATGCAGCT,1,2097422
lacIp,6.533333333333333,111,14,AATCGACTTGTAGACTGGCA,97,2115202
lacIp,0.13333333333333333,15,14,AACAAGTCGGGATCGGGCGA,1,2102831
lacIp,0.13333333333333333,15,14,AAAGGAAGTGCGGACGGTGA,1,2110203
lacIp,7.266666666666667,122,14,AAAATTCATTTCACGTGATG,108,2090259
lacIp,2.4285714285714284,46,13,TTTGGTAGTGTTTCAGGCGG,33,2108687
lacIp,2.0714285714285716,41,13,TTCCAGTTCATGCAAACGGT,28,2122343
lacIp,0.14285714285714285,14,13,TTACACTTTGCGTTGTCATA,1,2121109
lacIp,3.142857142857143,56,13,TTAACTGTGTTAACGTACTT,43,2089144
lacIp,0.14285714285714285,14,13,TGTGGGTACGCAAGCGTTCA,1,2099717
lacIp,6.285714285714286,100,13,TCGGTCTCCATTTTTAGGCT,87,2115411
lacIp,1.2142857142857142,29,13,TCGATCTCCAACGGCGGTAG,16,2087891
lacIp,2.5714285714285716,48,13,TCCGGAACAGGTACAAACGT,35,2121098
lacIp,0.2857142857142857,16,13,TCACAACTGCCTCCTGTCAT,3,2090858
lacIp,1.0714285714285714,27,13,TAGGCTACATTCGCGCGGGA,14,2088832
lacIp,1.3571428571428572,31,13,TAGCGGGGAGTAGCACTAAT,18,2116761
lacIp,0.14285714285714285,14,13,TACTCTGACACCGGGTTCGC,1,2102542
lacIp,0.14285714285714285,14,13,GTGGTTAACAGCGTCTGCGA,1,2091329
lacIp,1.2857142857142858,30,13,GTGGAGATAATAGTTCCGCA,17,2106383
lacIp,5.642857142857143,91,13,GTCGAAGCCACTATCCTCGT,78,2119444
lacIp,0.14285714285714285,14,13,GTACCTCCCGGGCAGAATTT,1,2110471
lacIp,0.14285714285714285,14,13,GTACCAGCTCAAGCCACCTT,1,2101816
lacIp,0.14285714285714285,14,13,GGTTGGGGTGACGTGCTATA,1,2088477
lacIp,0.14285714285714285,14,13,GGTGGAGCGCCGAGATAGGC,1,2108011
lacIp,0.14285714285714285,14,13,GGTCAGGGGCATCAGAATGA,1,2109329
lacIp,1.4285714285714286,32,13,GGTATGCATTAACATAATGT,19,2103373
lacIp,0.14285714285714285,14,13,GGGGGGAACTATAGAAAGGC,1,2085741
lacIp,0.21428571428571427,15,13,GGATCGCACCGCCGAACGCA,2,2101540
lacIp,0.5,19,13,GGAGATGATCGGGTGCATGT,6,2117647
lacIp,6.642857142857143,105,13,GGAATTGGTCGGGTTCATAT,92,2119141
lacIp,4.428571428571429,74,13,GCTTTAGTCTCGGGACATCT,61,2113301
lacIp,6.642857142857143,105,13,GCGGGCCATGCATACATGAC,92,2104268
lacIp,8.714285714285714,134,13,GCGCCGCATCGCTAACGAGT,121,2111216
lacIp,3.4285714285714284,60,13,GCCCTGGGTGGATGGTGGGC,47,2095785
lacIp,0.14285714285714285,14,13,GCATGGGTACCTCTGGAGAC,1,2113831
lacIp,0.21428571428571427,15,13,GCACTGCGGCTTCTTCATTG,2,2098231
lacIp,16.785714285714285,247,13,GCAACCTCATCTTCACCTCT,234,2093713
lacIp,0.14285714285714285,14,13,GATTCGCCTGCACCAGACCG,1,2086861
lacIp,10.642857142857142,161,13,GACTACTCCCAGATATCAGA,148,2103493
lacIp,0.14285714285714285,14,13,GACCTACGTGCAGGTGCGTT,1,2100705
lacIp,0.14285714285714285,14,13,GAAGCACCCTGCTAGGCCTC,1,2101084
lacIp,4.5,75,13,CTTCAGTTAGAAGTCTCGAA,62,2087783
lacIp,0.5714285714285714,20,13,CTGCGTGTCTACACCAGCAT,7,2119258
lacIp,11.857142857142858,178,13,CTGATGCTTCTCGTGTGAAA,165,2093366
lacIp,5.357142857142857,87,13,CTCCGTGGTAACGGTTTTCA,74,2092706
lacIp,10.357142857142858,157,13,CGGTTTGTATGAATTTCAGT,144,2106313
lacIp,11.5,173,13,CGGTACAGGGCGGTCCTCAT,160,2090977
lacIp,0.14285714285714285,14,13,CGGCATAAGGGGGATGGGAC,1,2098742
lacIp,0.14285714285714285,14,13,CCGGTACTCTCACGCGCTTA,1,2097637
lacIp,1.4285714285714286,32,13,CCCGACTGGCGCCCGCATCA,19,2097710
lacIp,0.14285714285714285,14,13,CATTTCGTACTCGTATTAGT,1,2110919
lacIp,0.14285714285714285,14,13,CATCGACTCGGGGGCTCAAT,1,2091498
lacIp,0.14285714285714285,14,13,CATACGCATAGAGCAACTGA,1,2104711
lacIp,1.6428571428571428,35,13,CAGACTAGCGTGGGTTGATA,22,2105472
lacIp,13.142857142857142,196,13,CACACGCTCTGGGATCATAC,183,2093846
lacIp,6.785714285714286,107,13,ATCTGCCCCTCACGCGCTAA,94,2111134
lacIp,3.0,54,13,ATACGCTTCGATCTTGCCCT,41,2092777
lacIp,6.785714285714286,107,13,AGCCTCGGTGCTAGTGCCGC,94,2098038
lacIp,7.928571428571429,123,13,ACTTTACATATAGACCGTTT,110,2106008
lacIp,1.0714285714285714,27,13,ACTGGGGAGTATGGCGTGTT,14,2102090
lacIp,1.5714285714285714,34,13,ACGGGGCGATCCCGCCAGCG,21,2095811
lacIp,3.857142857142857,66,13,ACGGCCATAAGGGAACAGTT,53,2121051
lacIp,1.0,26,13,ACGCAGGTTCCTCAGCCTCT,13,2088488
lacIp,0.14285714285714285,14,13,ACCGGGGCGTAATGTAGCCT,1,2087292
lacIp,0.14285714285714285,14,13,ACCAGTCATAGTACGCTTCA,1,2101011
lacIp,3.2142857142857144,57,13,ACAAGTCCCGAGTGCTTTAA,44,2106687
lacIp,0.14285714285714285,14,13,AATTGGCGTGATTCCACATG,1,2099008
lacIp,0.14285714285714285,14,13,AATATCCCTGCAATACTGAG,1,2085938
lacIp,5.857142857142857,94,13,AAGTTAGAACGAACGACGAC,81,2091382
lacIp,1.6153846153846154,32,12,TTTTCCGCTGCTCACAACTA,20,2119892
lacIp,0.15384615384615385,13,12,TTTCCACATAACATCCTGGA,1,2101518
lacIp,4.384615384615385,68,12,TTTATTCAAGAAACCCAAGA,56,2119993
lacIp,0.15384615384615385,13,12,TTGGACACTAGCCCAAGAAC,1,2117967
lacIp,2.4615384615384617,43,12,TTGCGGGGCTGTAGCGCGAA,31,2088324
lacIp,0.15384615384615385,13,12,TTAAGGCATCAGTCCAATGG,1,2116430
lacIp,8.538461538461538,122,12,TGTCACGCAGCTTACTATTC,110,2096863
lacIp,12.76923076923077,177,12,TGGCTCCCATGTGTGTGTTC,165,2110863
lacIp,2.6923076923076925,46,12,TGCACGAGTCCCATCATAGT,34,2111581
lacIp,0.15384615384615385,13,12,TCTCAGGGTCCTCTGGATAC,1,2098461
lacIp,3.1538461538461537,52,12,TCATTACAAGCGGATTACTT,40,2111802
lacIp,3.0,50,12,TAAGTGCTTGAACATCCGGA,38,2099401
lacIp,0.38461538461538464,16,12,TAAAGATAAGGCCCACAAAG,4,2090177
lacIp,0.15384615384615385,13,12,GTGTGCTGGGTACAAGCAAT,1,2103161
lacIp,0.6923076923076923,20,12,GTGACGATCCTAAGCCCCCT,8,2092065
lacIp,0.15384615384615385,13,12,GTCCCAGATAGGGGTGGCGC,1,2094942
lacIp,0.15384615384615385,13,12,GGTGAGCAAGGTTCGAGAGA,1,2106221
lacIp,6.076923076923077,90,12,GGGCGTGGGCGTGTCACCGA,78,2112583
lacIp,6.846153846153846,100,12,GGGAGGTATTCTCTCGATGG,88,2091950
lacIp,5.0,76,12,GGCGTGACTGATCCTGAGTT,64,2101679
lacIp,1.2307692307692308,27,12,GGCGGCCCTTGGGGAAGTAA,15,2086972
lacIp,0.3076923076923077,15,12,GGCCCGAAGCGTGCCGCAAA,3,2107023
lacIp,1.6923076923076923,33,12,GCGTAGCGTTCGCAATGAAA,21,2115389
lacIp,0.8461538461538461,22,12,GCGGCTAGGCTAACCGTGCC,10,2086180
lacIp,8.615384615384615,123,12,GCGCAATATAGGCTTCGGAT,111,2099393
lacIp,11.384615384615385,159,12,GCCTGGTGCAAAAACGAACG,147,2105823
lacIp,0.23076923076923078,14,12,GCACACTGGTAGCGGCAGGT,2,2101454
lacIp,0.15384615384615385,13,12,GATATAAGGGCGTTTGCTGT,1,2115871
lacIp,3.3076923076923075,54,12,GACACAGAATCCGATCTTCC,42,2111553
lacIp,12.692307692307692,176,12,GAACTTTACCCACTTATGCG,164,2093788
lacIp,6.923076923076923,101,12,CTTCTAGCAAATACTTATAA,89,2086525
lacIp,0.15384615384615385,13,12,CTCACATCTCAGAGCTTATC,1,2120625
lacIp,1.6923076923076923,33,12,CTACACGGTCTTAGCACGGG,21,2119512
lacIp,0.15384615384615385,13,12,CGGGCCTCTAAGTTGGTGTT,1,2102797
lacIp,13.846153846153847,191,12,CGGAACATTAACCCATAGCC,179,2087133
lacIp,0.15384615384615385,13,12,CGCATTCGCCTGAGTTACCC,1,2092893
lacIp,7.769230769230769,112,12,CCACTCACGGATACTCGACA,100,2100894
lacIp,11.153846153846153,156,12,CATTGGCTAACATCATCTAG,144,2116764
lacIp,4.461538461538462,69,12,CATTCACACGCCCTTCCACA,57,2116502
lacIp,0.15384615384615385,13,12,CACGGGAACAGGCCTGACAG,1,2114389
lacIp,8.923076923076923,127,12,CAACTGCCTCGTTCTTTCAT,115,2099001
lacIp,3.0,50,12,ATTGTATCGCAACGGCCATT,38,2090313
lacIp,0.23076923076923078,14,12,ATGCAGGAAGAGCTCTCCGG,2,2087791
lacIp,0.15384615384615385,13,12,ATCGCACGTCCCGTTCTGAA,1,2118562
lacIp,0.15384615384615385,13,12,ATCCGTAGGGTGTGGGGATA,1,2099572
lacIp,0.23076923076923078,14,12,AGTTAATATGGGAGCGAAAA,2,2105791
lacIp,0.8461538461538461,22,12,AGGGATGACCAAGGCAGCTT,10,2111965
lacIp,6.846153846153846,100,12,AGACCCAGGAGCCTCCTAAC,88,2109152
lacIp,9.461538461538462,134,12,ACGTTGCGGAATCCAGTTTA,122,2092710
lacIp,2.3076923076923075,41,12,ACGGGTAATCACATTAAGTG,29,2109256
lacIp,0.15384615384615385,13,12,ACGCGGCACGCCATCATTAA,1,2106457
lacIp,7.846153846153846,113,12,ACGCCGTGCTCCGCGAATGT,101,2105273
lacIp,12.23076923076923,170,12,ACGAAGCACCAGAAATTTGG,158,2093844
lacIp,0.15384615384615385,13,12,ACCGTAAGCCCTTCTCTCAA,1,2087145
lacIp,6.076923076923077,90,12,ACCGCACCATCTGCCCACTA,78,2098929
lacIp,0.15384615384615385,13,12,ACCAGTAAGCCACGTAACTC,1,2121001
lacIp,0.15384615384615385,13,12,ACAACCTTGATCAAAGTGAA,1,2096534
lacIp,2.3846153846153846,42,12,AAGTCATACTGATCATAGAT,30,2101232
lacIp,0.15384615384615385,13,12,AACGTTGAGAACTAGGATGA,1,2105767
lacIp,16.384615384615383,224,12,AAATTACCACATGCGTCGAA,212,2086812
lacIp,0.15384615384615385,13,12,AAATGGCTAGTGAAGGAGCA,1,2098538
lacIp,13.75,175,11,TTTTCGAGTGGTAGTCTAAA,164,2116921
lacIp,11.25,145,11,TTTGCGATCGACCCAAACGA,134,2095595
lacIp,0.16666666666666666,12,11,TTTCGGGGTTCACCGAGGGT,1,2090518
lacIp,7.333333333333333,98,11,TTGGTCGGAGACGAGCAAGC,87,2102029
lacIp,5.75,79,11,TTCGGGCACATGGGCGCCTA,68,2099233
lacIp,12.583333333333334,161,11,TGTCTTGGACTGTTATCTTA,150,2098563
lacIp,0.9166666666666666,21,11,TGCCGGTGCGCATAACCCGT,10,2109099
lacIp,3.5,52,11,TCCTCTTATATTCGACTGAA,41,2110212
lacIp,10.0,130,11,TCCGTTCAATGCAAGTAAAT,119,2108827
lacIp,13.166666666666666,168,11,TCCACGCGGAAAATACGATG,157,2119038
lacIp,0.16666666666666666,12,11,TCAGGGCAAATGCAGCGTAA,1,2096895
lacIp,10.75,139,11,TCACAAAGTCCAGCAGCTCA,128,2095975
lacIp,0.16666666666666666,12,11,TACTGCGTCCCTTCTCCGGT,1,2097020
lacIp,0.3333333333333333,14,11,TACAGGGTAACGGTACCCCA,3,2116930
lacIp,0.25,13,11,GTTCACTTCTGGCGCCACCT,2,2103769
lacIp,6.25,85,11,GTATGAACGCAATACACTAG,74,2102595
lacIp,0.16666666666666666,12,11,GTAGTGCTATTTAACTGTGA,1,2086991
lacIp,0.16666666666666666,12,11,GGGTACTCGTAAAGTGTCCC,1,2099365
lacIp,1.0833333333333333,23,11,GGATTCGGGTGGGGACGTTG,12,2086243
lacIp,5.916666666666667,81,11,GCTTTCGGTTAGTGCAATCA,70,2106645
lacIp,0.16666666666666666,12,11,GCGTGAATCATGATTGAGGA,1,2105256
lacIp,0.25,13,11,GCCATAGATCTCCGAGTCCT,2,2112191
lacIp,0.25,13,11,GCAGAGCATAAGGTGGGGAA,2,2118192
lacIp,0.16666666666666666,12,11,GCACTAGGTGCACGCTGTGT,1,2120570
lacIp,3.25,49,11,GATTCGGCGAAGTATTGGAC,38,2091389
lacIp,1.1666666666666667,24,11,GATGTTGGTACCAGGAAGTT,13,2112007
lacIp,0.16666666666666666,12,11,GAGGACTTACCTATAAGACT,1,2097953
lacIp,0.16666666666666666,12,11,GAGAGTAGCGGAGGATGACT,1,2088803
lacIp,1.0833333333333333,23,11,GACGCTGATAGCCTGTTCCA,12,2086257
lacIp,0.16666666666666666,12,11,GACAACAAGGGCGTCATAGA,1,2087025
lacIp,1.8333333333333333,32,11,GAAAGTCTGACAGGTTCGCA,21,2086728
lacIp,9.583333333333334,125,11,CTTGGTAAGCACCCTTGCAT,114,2118672
lacIp,0.8333333333333334,20,11,CTCGTTAGTACGTGCTGTGT,9,2094663
lacIp,2.0833333333333335,35,11,CTATCGCCTCGCACACATAG,24,2089797
lacIp,0.3333333333333333,14,11,CTAGGGATTAGCTCCGGATC,3,2100333
lacIp,15.416666666666666,195,11,CTACCCATCACAGCGGGAGA,184,2096831
lacIp,0.16666666666666666,12,11,CTACAAGTCTGCTCGGTGGA,1,2112355
lacIp,17.333333333333332,218,11,CTAAACCGCGTATTAACTTT,207,2100062
lacIp,4.916666666666667,69,11,CGTCAACAAGTCTACACATA,58,2099267
lacIp,2.9166666666666665,45,11,CGTAGGGTCCTCGGCTAAAG,34,2108339
lacIp,0.4166666666666667,15,11,CGTAGACCGGGGAACGTCAG,4,2086265
lacIp,5.666666666666667,78,11,CGGTGAAATCTCCTAAGGAG,67,2113062
lacIp,13.916666666666666,177,11,CGGTATAAGCAGATGACAAA,166,2104424
lacIp,0.25,13,11,CGCCCAACAATAAACCGTAA,2,2113619
lacIp,1.1666666666666667,24,11,CGATCATGAGCAGCGGTGAT,13,2095875
lacIp,7.75,103,11,CGAACTTCCATGGTATGCGT,92,2095699
lacIp,0.16666666666666666,12,11,CCTGCGCGGGCAGGTATCTT,1,2102120
lacIp,0.16666666666666666,12,11,CCGTGAATGCTTCTTTATCA,1,2099363
lacIp,0.16666666666666666,12,11,CCGGGAATGTACGTCAGATT,1,2117422
lacIp,1.5,28,11,CCGAAGGAACCCCTTTACAA,17,2104384
lacIp,0.16666666666666666,12,11,CCCGCGTTTCCACATACAAG,1,2101101
lacIp,2.3333333333333335,38,11,CCCAGGAAGACCTCCGGAGC,27,2098073
lacIp,8.583333333333334,113,11,CCATAAACGAAATCTGATTA,102,2114696
lacIp,7.25,97,11,CATGCTTCCGAGAGCCATCG,86,2111964
lacIp,1.25,25,11,CAGAAGGTGTGTACACAGCT,14,2115980
lacIp,10.916666666666666,141,11,CACCTTCTGGCCAAATTGAG,130,2113492
lacIp,0.16666666666666666,12,11,CAATCCAGATTTTCACTGAT,1,2089696
lacIp,11.75,151,11,ATTTGTCGGCCATCCGATCA,140,2089104
lacIp,8.916666666666666,117,11,ATTTGTCGCTACAGTTTCGT,106,2095663
lacIp,0.16666666666666666,12,11,ATTCCGAAAATACTAAGTGT,1,2098571
lacIp,0.25,13,11,ATTCAATCGCATGATCATTA,2,2095664
lacIp,0.16666666666666666,12,11,ATTCAAGTTGGGGCACCGTA,1,2117800
lacIp,8.583333333333334,113,11,ATGCTACCACGATTACTCCA,102,2103784
lacIp,0.16666666666666666,12,11,ATGCCTTCATCGGCCCGAAA,1,2091548
lacIp,6.166666666666667,84,11,ATCTTAAAAGCCTTAGACTC,73,2109946
lacIp,10.5,136,11,ATCATCGACTTCTTGTCCGT,125,2114218
lacIp,0.3333333333333333,14,11,AGTGCGTATCGCGGTGCGAC,3,2106809
lacIp,0.16666666666666666,12,11,AGTCCGGCGAGCACGTTCAT,1,2090544
lacIp,0.16666666666666666,12,11,AGACAGGTTATATTAACCGC,1,2108390
lacIp,9.083333333333334,119,11,AGAACCCGTCGCACGCGGAC,108,2091017
lacIp,2.6666666666666665,42,11,ACGTGAAGAGATGATGCGAA,31,2095198
lacIp,9.583333333333334,125,11,ACCGTGGTGGACCTTCGCGT,114,2101613
lacIp,0.16666666666666666,12,11,ACAGGTAACGACGCAATGCA,1,2108226
lacIp,1.5,28,11,AAGAATTGAAAGAATCGCTA,17,2102148
lacIp,0.16666666666666666,12,11,AACTACCCTTTCGTGAATAG,1,2086970
lacIp,0.25,13,11,AACGTTGATCATACTTCAAT,2,2100177
lacIp,0.5,16,11,AACGGCGAATTCTTGCTGTT,5,2107783
lacIp,0.16666666666666666,12,11,AAAGCCAGACATCACCTTGG,1,2112021
lacIp,2.5454545454545454,37,10,TTTAATAGCTAGTTATCAAG,27,2102904
lacIp,0.2727272727272727,12,10,TTGCCTTCGCACTGATCACA,2,2119310
lacIp,2.4545454545454546,36,10,TGTGTGGCCTATCAAACAGG,26,2103655
lacIp,10.181818181818182,121,10,TGTAAAGTAGCTTAGGGGAG,111,2120731
lacIp,4.909090909090909,63,10,TGGGGTACGCAGACGCAAAG,53,2097223
lacIp,0.18181818181818182,11,10,TGGCAGACAATTTCTCTCTG,1,2094585
lacIp,2.6363636363636362,38,10,TGATTGTGAATTACATCGGG,28,2096479
lacIp,5.181818181818182,66,10,TGATTACATTTAAGGTCATG,56,2118172
lacIp,0.45454545454545453,14,10,TGACTCAGTGCGCACGACTA,4,2106088
lacIp,0.36363636363636365,13,10,TCTAGTGCACGGGCTGACAC,3,2089285
lacIp,1.0909090909090908,21,10,TCGCATTTTCCTGGGAGCTT,11,2105537
lacIp,19.363636363636363,222,10,TCCATCATCGTAGAAAGGTT,212,2103813
lacIp,2.3636363636363638,35,10,TCCAGTTGCCTCGCGAACCC,25,2117674
lacIp,0.36363636363636365,13,10,TCAGCCGTAGCCACACATGA,3,2107895
lacIp,0.18181818181818182,11,10,TCAGATTGACGACTCAGTAT,1,2113202
lacIp,5.7272727272727275,72,10,TCAACGTCTGGTGTGTAATA,62,2108656
lacIp,1.9090909090909092,30,10,TCAAAGGACTGGCGCACTGT,20,2088332
lacIp,6.363636363636363,79,10,TACGTCCCCGTCCACCCACA,69,2090870
lacIp,2.727272727272727,39,10,GTTTCCCGGCAACGCTACGA,29,2100754
lacIp,1.9090909090909092,30,10,GTTGTATAGTCGGTACGCCC,20,2114655
lacIp,9.363636363636363,112,10,GTTGGACCGCTGGTTCCGAG,102,2112339
lacIp,0.18181818181818182,11,10,GTGACATAGCGGACGTAAGC,1,2092816
lacIp,0.2727272727272727,12,10,GTCGAGTGAGAACATTGACT,2,2112658
lacIp,0.18181818181818182,11,10,GTATTGATCCTCGCTCGCCA,1,2086520
lacIp,13.818181818181818,161,10,GGTCGGGAGATGACCTCAGT,151,2100059
lacIp,12.0,141,10,GGTACACGGTACCAAACAAC,131,2086982
lacIp,3.0,42,10,GGGAGCCATGGTGCGCACAA,32,2121953
lacIp,5.2727272727272725,67,10,GCTCGAGGCATCTCCTGCAG,57,2093367
lacIp,3.4545454545454546,47,10,GCGTACCCCTCATCGACCGG,37,2119348
lacIp,7.909090909090909,96,10,GCGCCACCCGGCGGCCACTT,86,2099536
lacIp,3.4545454545454546,47,10,GCCACGCAATCTATAAGGAT,37,2108893
lacIp,0.18181818181818182,11,10,GCACCAGGTATCGTCCATAC,1,2100644
lacIp,5.818181818181818,73,10,GAACTTCTCTTGGCTATAGT,63,2104935
lacIp,0.18181818181818182,11,10,CTTTGCGGAGACATCGAGAC,1,2088125
lacIp,4.181818181818182,55,10,CTGTTACTACGGAGTTGTAA,45,2118139
lacIp,1.0909090909090908,21,10,CTGTGAATCATTACTAACGC,11,2086304
lacIp,17.272727272727273,199,10,CTGGAACACACCAATCGCGG,189,2100980
lacIp,8.818181818181818,106,10,CTGAGTCCACCGCGTTGAGG,96,2103971
lacIp,0.18181818181818182,11,10,CTAAATAACAGTTGAGGTGT,1,2112196
lacIp,2.3636363636363638,35,10,CGTGGGATATGGTCCCAAAA,25,2117005
lacIp,0.18181818181818182,11,10,CGTCTTAGCTCATGAAGTGG,1,2108692
lacIp,2.909090909090909,41,10,CGGAAGTGTTTTATCCTCCC,31,2098529
lacIp,0.18181818181818182,11,10,CGATTTGTCGATAAACGGAC,1,2101095
lacIp,0.18181818181818182,11,10,CGAGATGTCGTGAATGCGGG,1,2107258
lacIp,0.2727272727272727,12,10,CGAACTCTTGTTGCTCTTTC,2,2093966
lacIp,7.909090909090909,96,10,CCGTTTGTTATTGAAATGCT,86,2097366
lacIp,1.8181818181818181,29,10,CCGTTTGTGAATAGAATAAC,19,2112503
lacIp,0.18181818181818182,11,10,CCGCATTTATAGCTGTTCGT,1,2091741
lacIp,0.18181818181818182,11,10,CCGATCCAACACTACGTTCA,1,2120517
lacIp,9.636363636363637,115,10,CCGAGGTTTCGAAGTCACCC,105,2096353
lacIp,0.36363636363636365,13,10,CCCTCTTGGCCTATATTCTG,3,2120824
lacIp,2.090909090909091,32,10,CCCCGTGGTACTCCGGTCCG,22,2105477
lacIp,3.272727272727273,45,10,CATTGGGCCTGGATGCCACT,35,2111651
lacIp,3.8181818181818183,51,10,CATGTTCAGTGTGGAATTCC,41,2096822
lacIp,2.0,31,10,CATGTACCCCTATTAGAACG,21,2119908
lacIp,0.18181818181818182,11,10,CATGGGCGCTCCCATAAACT,1,2104458
lacIp,7.909090909090909,96,10,CATCTCTTTGCCGATGAAGT,86,2101714
lacIp,1.8181818181818181,29,10,CAATTATGACAGCCGCTTTT,19,2115120
lacIp,0.18181818181818182,11,10,CAATATCGGGCCTACACCTT,1,2090399
lacIp,0.45454545454545453,14,10,ATTCATACCAGGGTTCCGAG,4,2106295
lacIp,4.090909090909091,54,10,ATTATCGGTTGGATTATGGA,44,2092492
lacIp,0.2727272727272727,12,10,ATTAAGCTCTGAGGAACACG,2,2106965
lacIp,4.7272727272727275,61,10,ATAGTCGATCGCGACTATAA,51,2100504
lacIp,0.18181818181818182,11,10,AGTGTGGTACGACCATTCGC,1,2107137
lacIp,0.6363636363636364,16,10,AGGTAATACCTGCGGAATTG,6,2100973
lacIp,11.0,130,10,AGGGCAGCGGTAGGGATTTG,120,2113247
lacIp,0.18181818181818182,11,10,AGATCGCCCACCATCCTTGT,1,2099366
lacIp,17.0,196,10,AGAGACGTCCTGTTGGCGAT,186,2112847
lacIp,14.0,163,10,AGAGACCAGGAGCGGTGTTC,153,2093764
lacIp,5.545454545454546,70,10,ACTAAGCTATCGAGTGGACT,60,2119094
lacIp,0.18181818181818182,11,10,ACGCGGGCCTGCTACGGCAT,1,2099662
lacIp,5.7272727272727275,72,10,ACCCTACCGATGATTGCCTT,62,2097424
lacIp,0.18181818181818182,11,10,ACCAGAGGATAGGAACGTGT,1,2103115
lacIp,0.18181818181818182,11,10,AATTACGAACCGCTGGTATT,1,2108666
lacIp,4.7272727272727275,61,10,AAGGAGCAGTAAAATTGTCT,51,2087399
lacIp,18.181818181818183,209,10,AAGGACTGGCGCACGGAGCT,199,2093019
lacIp,0.18181818181818182,11,10,AACCTTGTCCTAAGCGGTCA,1,2116358
lacIp,4.181818181818182,55,10,AACACGATAATAAGGTGTCG,45,2115099
lacIp,1.3,21,9,TTTAACCACTCTCATGTAGG,12,2091324
lacIp,0.2,10,9,TTGCAGTGTGAAAGGCTCTT,1,2116659
lacIp,4.5,53,9,TTCGGTGTAGCTCGGCAGAT,44,2114211
lacIp,1.6,24,9,TTACACAAAGTATTATGTTA,15,2118643
lacIp,0.2,10,9,TGCCGTTAGTCCGGCTGTCT,1,2093242
lacIp,6.5,73,9,TGCAGCCCGAGGGCGTGATA,64,2116636
lacIp,10.3,111,9,TGATAGCCTCTCCGTATCAA,102,2105816
lacIp,0.2,10,9,TGACCTATAAGGTCACTGCA,1,2094604
lacIp,0.2,10,9,TCTGGCGGGGACCGACTTGA,1,2093438
lacIp,0.2,10,9,TCTGACATCGTTTTGCCGCA,1,2095556
lacIp,0.2,10,9,TCGCTCGGAGTGTCTCGGGG,1,2093210
lacIp,7.5,83,9,TCGACTTCCTTGGCAGCGGG,74,2093446
lacIp,17.4,182,9,TCCTTAACTAGGCAACGCGT,173,2086818
lacIp,12.7,135,9,TCCACCTTCGCCAACGGTCC,126,2096448
lacIp,0.2,10,9,TCACTCTGGTAACAGGCGGG,1,2107753
lacIp,10.7,115,9,TATCACAGTGTCCCAGCGGA,106,2089808
lacIp,0.2,10,9,TATACGAAACGCGGCCTTGA,1,2111287
lacIp,2.3,31,9,GTGCTCGTTGTCGCTCTCAT,22,2121544
lacIp,0.2,10,9,GTGAGGATGCTTCTACGGCT,1,2110338
lacIp,0.3,11,9,GTCTTAACTGGACCGATGGG,2,2117232
lacIp,0.2,10,9,GGTCTGCCTCAGTCCACTAG,1,2101236
lacIp,0.2,10,9,GGGTATATCTGCGAGAGTTG,1,2111697
lacIp,6.7,75,9,GGGGGGACAGTACGCGGTAT,66,2115900
lacIp,0.2,10,9,GGGAAACCTATGGTATCACT,1,2104596
lacIp,0.2,10,9,GGCCGTAGCGTCGTAAGAAC,1,2090213
lacIp,2.8,36,9,GGAGCCTCGTCGAGCATACT,27,2110119
lacIp,3.7,45,9,GCGTGCTTCGCCTTTCCATC,36,2114678
lacIp,1.5,23,9,GCGGGAGCTGGGGTCCGGCG,14,2120779
lacIp,0.2,10,9,GCGGCGCCTCAGCATTCAGA,1,2117802
lacIp,0.2,10,9,GCCACTCTATCCAGCCCTAG,1,2099635
lacIp,15.3,161,9,GCAGATGTTAGTTGAATCTA,152,2112041
lacIp,18.3,191,9,GCAAATTTCTTAGCCAATAA,182,2098706
lacIp,0.2,10,9,GATGGACAGCGGTTGATATG,1,2120439
lacIp,6.6,74,9,GATCCTAGGAGTCTGTGGGG,65,2105977
lacIp,8.9,97,9,GATCCCCGAAACCTGCTGGA,88,2112519
lacIp,0.2,10,9,GAGTACATATTATCATGTTA,1,2087094
lacIp,0.2,10,9,GAGAAAGGCGGATGTCAGAT,1,2090726
lacIp,0.2,10,9,GACACGCCCCAGTTACCGTA,1,2105615
lacIp,0.9,17,9,GAATGGTCATATCAGTTAGC,8,2101867
lacIp,10.3,111,9,CTCGTGCAGGGCTCTACCGC,102,2111241
lacIp,1.3,21,9,CTCGGATAAAGTAGAACTTT,12,2093002
lacIp,0.4,12,9,CTCACCTTGTGCTGTCCGCG,3,2103687
lacIp,1.7,25,9,CGTCGTCCCCGCCTTTGACT,16,2099963
lacIp,0.3,11,9,CGGTGGCCGAGCCATCACTC,2,2092858
lacIp,0.2,10,9,CGGAACCCGAGAGAGTAGCT,1,2100257
lacIp,0.2,10,9,CGCTACCAGCGGATACCTCT,1,2120488
lacIp,1.1,19,9,CGCGGCCGAGATTCACCAGC,10,2088378
lacIp,18.8,196,9,CGCCGCAATGCGGTTGGGAA,187,2092913
lacIp,16.4,172,9,CGCACTTCGCGCGTACAAAG,163,2101998
lacIp,0.2,10,9,CGAGCCCACCATGACCAGCT,1,2086478
lacIp,6.7,75,9,CGAAGGGGCATACTGACCTC,66,2107934
lacIp,5.6,64,9,CGAAATACCGTGAACCGAAC,55,2093112
lacIp,9.9,107,9,CCTGAGTTTGTCGTCAGGAC,98,2117935
lacIp,1.1,19,9,CCGGACAAACAAATAATGAA,10,2102714
lacIp,2.5,33,9,CCGCCGGAGGAGGTGATAGA,24,2112616
lacIp,0.2,10,9,CCCGATCTCGGGGCATTTCC,1,2085954
lacIp,0.2,10,9,CCCCTGCCCAAAGCTTACGT,1,2100502
lacIp,9.3,101,9,CCAGTGTGCAATGTCGTGAC,92,2114688
lacIp,0.2,10,9,CAGGTTACGCGCCCCAGGGG,1,2109159
lacIp,24.3,251,9,CAGCCATTCACTTCGGACGT,242,2114811
lacIp,1.5,23,9,CACCCCCCTTGTATTGTCGT,14,2107171
lacIp,0.2,10,9,ATGACCCGGAAAGGGCAATA,1,2088300
lacIp,0.2,10,9,ATCTGGCTCTATGGGTTACA,1,2102143
lacIp,0.9,17,9,ATCCTTAGTTAGGTCTGTTT,8,2115730
lacIp,1.1,19,9,ATCCTGTCGCCACGTTACTG,10,2121445
lacIp,0.2,10,9,ATACTCGCTACTTATACTTT,1,2121361
lacIp,0.2,10,9,ATACCAAACCTCCGGTTAGT,1,2085851
lacIp,0.2,10,9,AGGGTTGACTCCAATTTCAG,1,2095033
lacIp,0.2,10,9,AGGCCGACTTGGTGAAGTAA,1,2117754
lacIp,2.6,34,9,AGGCACGTGGGCGCCTCTCT,25,2110970
lacIp,13.8,146,9,AGCGGTCAGCACCAGTTCTA,137,2109714
lacIp,1.8,26,9,AGCCAGTTAATATCTTGCGC,17,2086380
lacIp,0.3,11,9,ACTGTAAGTGATACTAATGC,2,2103894
lacIp,0.3,11,9,ACTCTTAGTCGATGAATCGT,2,2093078
lacIp,7.8,86,9,ACTCCATGCGCTCGTTCGGT,77,2122400
lacIp,0.5,13,9,ACTACGAACTTCTGTATCAC,4,2092733
lacIp,3.6,44,9,ACGGGTTGCCAGTCCTACTA,35,2108281
lacIp,0.2,10,9,ACGCCTAGGATCGCTCCTCA,1,2098041
lacIp,6.6,74,9,ACCAGATGCTTAATGGAACT,65,2111963
lacIp,11.9,127,9,ACACATTGGTTTGGCAAGTC,118,2102872
lacIp,7.3,81,9,AATTCAAGGATCATTCGGCC,72,2112703
lacIp,21.4,222,9,AATAGCAAGATATTGCACTT,213,2094745
lacIp,0.2,10,9,AAGGTATCTCTCCTAGCTCA,1,2118563
lacIp,4.0,48,9,AAGGGTTCCTTATTCTTTAT,39,2103028
lacIp,0.2,10,9,AAGATTGGGTGGCTGCGAGG,1,2105541
lacIp,38.22222222222222,351,8,TTTTAGGGCAGCTGGAGTAC,343,2110230
lacIp,9.666666666666666,94,8,TTGCTCGGCCGAACTTTCCT,86,2111388
lacIp,17.88888888888889,168,8,TTCGTCCACGGGCATATAAT,160,2110241
lacIp,5.888888888888889,60,8,TTCGGGGGACTAAAGCACAT,52,2106472
lacIp,0.2222222222222222,9,8,TTCGCGTTCCAATGGAGTGT,1,2114643
lacIp,0.2222222222222222,9,8,TTCGAGGCTGAACAAATAAA,1,2120161
lacIp,11.555555555555555,111,8,TTAGGCCCACTCTTTGGCCA,103,2119350
lacIp,2.3333333333333335,28,8,TTACGCTTGACCAGCAACAT,20,2113244
lacIp,21.555555555555557,201,8,TTACCGCCTCGGGATCCGAT,193,2101363
lacIp,19.77777777777778,185,8,TTACCATCGAAGCTAATGTC,177,2117683
lacIp,16.666666666666668,157,8,TGGTAAGACATGCAATGCGA,149,2113334
lacIp,0.2222222222222222,9,8,TGGGGTCACGACTCCTTAAT,1,2103935
lacIp,12.444444444444445,119,8,TGCGACCGGGAATCATCGCG,111,2118495
lacIp,14.333333333333334,136,8,TCTGTTGCCGGATCCGGGTC,128,2106891
lacIp,0.2222222222222222,9,8,TCGTCCCGATAATGACAGAT,1,2090510
lacIp,3.7777777777777777,41,8,TCGGCGAATTAATGACGTAT,33,2089167
lacIp,0.2222222222222222,9,8,TCCGCCTGTTAATACGAACT,1,2095774
lacIp,5.222222222222222,54,8,TCCAAAGGACTCACGGGTAC,46,2120626
lacIp,14.777777777777779,140,8,TCACCGTGGCGGCGACACTT,132,2102051
lacIp,2.5555555555555554,30,8,TATTCACGATATACGCGCGA,22,2093634
lacIp,0.2222222222222222,9,8,TAGAGTGGAATCACATACGC,1,2113584
lacIp,0.2222222222222222,9,8,TAGAGATAGCAGGTGGTAAG,1,2098982
lacIp,0.2222222222222222,9,8,TACTCAGCTACACAGTTAAT,1,2095298
lacIp,5.777777777777778,59,8,TAATTATGAGGGGACAGCTG,51,2115802
lacIp,0.2222222222222222,9,8,TAATATCAACAATTGTTGTC,1,2122188
lacIp,9.222222222222221,90,8,GTGGTCTGGCTCTGTAAAGG,82,2104143
lacIp,2.6666666666666665,31,8,GTGGCATGAGGTATGCTCCC,23,2114910
lacIp,8.0,79,8,GTCTAATACATTGTACCGAT,71,2105649
lacIp,0.2222222222222222,9,8,GTCCTGGGATTCCGTATCGT,1,2118959
lacIp,9.222222222222221,90,8,GTATTTGGTCGCAGGGGCTG,82,2101020
lacIp,10.333333333333334,100,8,GTAGACGGTTACCCGAGTTG,92,2090871
lacIp,1.1111111111111112,17,8,GGTGATACCCAACTTGGTGA,9,2092186
lacIp,9.777777777777779,95,8,GGAGGACAAACAAAACATAG,87,2089372
lacIp,12.88888888888889,123,8,GGAGCTTGCCACTGCGTCTC,115,2089592
lacIp,8.0,79,8,GCTTTCGGGGGGGGGAGCTC,71,2110130
lacIp,0.2222222222222222,9,8,GCTCAAGCTACCAGAGGTTG,1,2094941
lacIp,12.333333333333334,118,8,GCGGCCGCGGGTATTGCCTG,110,2091949
lacIp,6.888888888888889,69,8,GCGCTTGTCTCGGGTAGCTG,61,2099725
lacIp,2.7777777777777777,32,8,GCCCGGCGGTCGCGCAGTGT,24,2095273
lacIp,0.2222222222222222,9,8,GCACGGAAACGTGAGGTCTT,1,2117784
lacIp,2.5555555555555554,30,8,GCACCTGCTTCGGCATCCCA,22,2103808
lacIp,12.11111111111111,116,8,GCACAGTATCCGCTTTTCGT,108,2090805
lacIp,28.0,259,8,GCAACGGCACTGGTTAATGG,251,2092943
lacIp,3.111111111111111,35,8,GATTTACGATCAATTGAGTC,27,2087612
lacIp,24.666666666666668,229,8,GAGGGCCGCCTGGAAGTCAA,221,2086646
lacIp,33.666666666666664,310,8,GACTTTGCCTTTCTAGAGGC,302,2093771
lacIp,13.222222222222221,126,8,GACTGGTGTCCCACATCTAA,118,2107066
lacIp,22.333333333333332,208,8,GACGTGATAGATCTTAAAAT,200,2113938
lacIp,0.2222222222222222,9,8,CGGTCTGTTGTTGCCGTAAA,1,2087200
lacIp,8.444444444444445,83,8,CGGATGATGTTTGGTGAAAT,75,2115611
lacIp,0.2222222222222222,9,8,CGGACGTTGGCGGCGCTATG,1,2113600
lacIp,0.2222222222222222,9,8,CGGAACTGCATGATGTAACT,1,2109478
lacIp,19.88888888888889,186,8,CGAATGCACATGTGATTCAT,178,2093208
lacIp,36.0,331,8,CCTCATTGAGTGCAATGAAG,323,2104365
lacIp,13.0,124,8,CCGTTAAGACCATTAATATT,116,2105006
lacIp,0.2222222222222222,9,8,CCGGGTACGATCCTACTCAC,1,2106648
lacIp,12.222222222222221,117,8,CCCAGAAAGCTCTATTTTGT,109,2120988
lacIp,47.333333333333336,433,8,CCACACTCAGAATATTCTGA,425,2106070
lacIp,2.111111111111111,26,8,CATTCAGACTGCACACGTAA,18,2096163
lacIp,4.444444444444445,47,8,CATCTCACTTAGCCACCACA,39,2114028
lacIp,15.88888888888889,150,8,CATACGACTAGAATCAGTTA,142,2096680
lacIp,1.8888888888888888,24,8,CAGCCACCGCAGAGGGACAC,16,2119555
lacIp,9.333333333333334,91,8,CACTTCGACTTTCGCTGTAA,83,2111804
lacIp,12.0,115,8,CACGAGTTTTTTTGCAGTCA,107,2090188
lacIp,0.3333333333333333,10,8,CACCACATACTTGGACTATT,2,2118839
lacIp,12.777777777777779,122,8,CAACATGGGACGTCCCACTC,114,2106477
lacIp,5.0,52,8,ATTCTGTGCTCTCTATTATA,44,2097622
lacIp,0.2222222222222222,9,8,ATTCGTCGATTATGATTAAT,1,2096253
lacIp,0.2222222222222222,9,8,ATGCTATTCTTATACAAGCG,1,2086942
lacIp,0.3333333333333333,10,8,ATCCCCTCGTTTTCCCATAC,2,2113896
lacIp,7.888888888888889,78,8,ATCATATAAATGTAGTCGGC,70,2099335
lacIp,18.444444444444443,173,8,ATATGGTGGCCCCTTGTGCC,165,2119766
lacIp,18.555555555555557,174,8,ATATAGAATGGCGACTCGAC,166,2090522
lacIp,3.4444444444444446,38,8,ATACCGCTGCCCGCTCTCCG,30,2100777
lacIp,18.77777777777778,176,8,ATACAGACTCTTGACTTTAT,168,2098582
lacIp,0.2222222222222222,9,8,ATAAGATTGTGGAATTGCCT,1,2098744
lacIp,17.88888888888889,168,8,ATAACCGAGAACAAACTTTT,160,2099196
lacIp,1.2222222222222223,18,8,AGTTTCTCCGTCACACATTG,10,2104265
lacIp,11.11111111111111,107,8,AGTTGCCGTAGTATTCGATT,99,2101346
lacIp,0.2222222222222222,9,8,AGTCACCCGTACGACCATCA,1,2103228
lacIp,0.2222222222222222,9,8,AGGTACTTTCCCGATAAATA,1,2099176
lacIp,0.2222222222222222,9,8,AGGGCGGCATTTAGTACTCA,1,2112300
lacIp,0.2222222222222222,9,8,AGGCACTAAGGTCTGGAAGT,1,2100970
lacIp,1.8888888888888888,24,8,AGGCACCCTGGTCTCGCAAC,16,2096922
lacIp,0.2222222222222222,9,8,AGGATACAGCAGCGATTCTT,1,2106742
lacIp,1.1111111111111112,17,8,AGGAGACTCCAGGCCAGAGC,9,2118351
lacIp,0.4444444444444444,11,8,AGCTGGTCTCGCCGTGTCAG,3,2109060
lacIp,0.6666666666666666,13,8,AGCAGCCAGAACGTTCAGAA,5,2119507
lacIp,1.6666666666666667,22,8,AGCAATCATGTAGACTATCT,14,2114321
lacIp,12.0,115,8,AGACGAGAGCAGGGTTGCTC,107,2100579
lacIp,0.2222222222222222,9,8,AGAAATTGGCATCATTCAGG,1,2086726
lacIp,1.5555555555555556,21,8,ACTTGACACGTCCCTTCAAT,13,2105700
lacIp,5.333333333333333,55,8,ACTTATTTTAGACCGCTCCC,47,2094295
lacIp,0.3333333333333333,10,8,ACTGCAGCGGCTAAAGCCGC,2,2106306
lacIp,3.3333333333333335,37,8,ACTAAATGATCTTTATCTGT,29,2087561
lacIp,0.2222222222222222,9,8,ACGGAATCAACTTGTAAGGT,1,2087548
lacIp,1.3333333333333333,19,8,ACGCTTAACATCTTGCCCGA,11,2109213
lacIp,0.2222222222222222,9,8,ACGCCTGGTCTGGCCCCCCA,1,2090584
lacIp,9.666666666666666,94,8,ACGCCTATCTTTGATTTGAA,86,2106163
lacIp,0.2222222222222222,9,8,ACCTCTGGTGCCCGGAGAGG,1,2107652
lacIp,0.2222222222222222,9,8,ACCGTGCCCCGTGAGCGTGA,1,2099067
lacIp,1.1111111111111112,17,8,ACCGCGCATACCGAGCCTTT,9,2117325
lacIp,0.2222222222222222,9,8,ACCGAGCTTGTCTATGGTTA,1,2115140
lacIp,0.2222222222222222,9,8,ACCGAGAGAGACTCGTTATG,1,2121813
lacIp,0.2222222222222222,9,8,AATCTTGGGAGGATGCCAGC,1,2111480
lacIp,0.2222222222222222,9,8,AATCATGTAGCCGGACGTAC,1,2116628
lacIp,0.2222222222222222,9,8,AATAGGCACGCTCCTATACC,1,2100940
lacIp,0.2222222222222222,9,8,AACGGGGGTAACTAGCGAAA,1,2096764
lacIp,0.25,8,7,TTTGGCGATCGCTACAAACT,1,2100575
lacIp,0.25,8,7,TTGTCTGAAGCGAAGGTGAC,1,2102286
lacIp,8.0,70,7,TTGGGTCCAAATCAATCTAA,63,2110326
lacIp,0.25,8,7,TTGCGTAGATTTAAGGAGGA,1,2096766
lacIp,21.125,175,7,TTGCATGTTCGGTTAGTTCA,168,2093934
lacIp,21.625,179,7,TTCCGTGCCTACAGGAATAA,172,2098921
lacIp,0.25,8,7,TTAGTTCTTTTCGTCTCACG,1,2088211
lacIp,4.75,44,7,TGTCAGCAACGCTAGTATCG,37,2092075
lacIp,11.75,100,7,TGTACTCGTATCATACAAGC,93,2101242
lacIp,6.125,55,7,TGGTGCTCAAGTAAAGCTGA,48,2086808
lacIp,17.125,143,7,TGGTCATCTTCCGGAACGTC,136,2090695
lacIp,3.75,36,7,TGGGACTGCTTATGTATCTG,29,2107368
lacIp,9.125,79,7,TGCGAAAGATCGATACTCCA,72,2102355
lacIp,23.5,194,7,TGACTTGCGTACGTGTCTCA,187,2106972
lacIp,13.375,113,7,TCAGTTAGAAAAACGTGTCT,106,2106219
lacIp,0.25,8,7,TATTAAAGCTGTGGATTACT,1,2100328
lacIp,6.875,61,7,TATGGAAAGTTTATGCGTCT,54,2093953
lacIp,0.25,8,7,TATCCACTGTTAATATGCGC,1,2108968
lacIp,0.625,11,7,TAGGCGGTTCAGCCGACGGT,4,2113537
lacIp,10.125,87,7,TAGATTCGTCCTCCCGCGCA,80,2092449
lacIp,2.5,26,7,TACGTGAGGTAAGCTATTAC,19,2096233
lacIp,0.25,8,7,TACAAATGGCCAGACTTCCT,1,2108516
lacIp,0.375,9,7,TAACTACGCTAATTGAATAC,2,2104902
lacIp,11.375,97,7,GTGCTCCGGGACTGTCCCTC,90,2090589
lacIp,3.25,32,7,GTGCCAAGACTCGTTAGCCA,25,2093692
lacIp,8.625,75,7,GTCTTTACATGTTATATTTG,68,2099371
lacIp,19.25,160,7,GTCGGGTCCCATACCACCAT,153,2087978
lacIp,0.25,8,7,GGTTCCTAACCGGTCGAGGT,1,2094874
lacIp,5.375,49,7,GGTGAGAAACGTAAACATTT,42,2088414
lacIp,0.375,9,7,GGTACTGTCTGTACGCCAAA,2,2114667
lacIp,6.375,57,7,GGTAAAACCTTTACAACATG,50,2121968
lacIp,0.25,8,7,GGCGTCAAACGTATTTTAAG,1,2111977
lacIp,0.625,11,7,GGAGATGGACCAAAATTAAA,4,2097941
lacIp,0.875,13,7,GCTGAGTCTGTTTTAGGCCC,6,2098587
lacIp,13.0,110,7,GCAACTTTCGAATCGCCTAT,103,2091226
lacIp,5.625,51,7,GATTACTCGTTACCCGCATT,44,2103368
lacIp,0.25,8,7,GAGGCAGTTCACACGGTCAG,1,2101098
lacIp,14.0,118,7,GACTCCCAATACCCTCAGAG,111,2119354
lacIp,0.375,9,7,CTCCCAAAAGAGCCGCACAC,2,2113058
lacIp,0.25,8,7,CGTTTATCGAAGTCTTATCC,1,2097219
lacIp,0.25,8,7,CGTTCGGTGTCTCGAGCATC,1,2088596
lacIp,0.25,8,7,CGGGTAAATTCGTAGTTGCT,1,2086261
lacIp,0.25,8,7,CGGACAGGCAGCTTTCATTT,1,2102880
lacIp,0.25,8,7,CGCTTATTGTCGGCCGGGTT,1,2089947
lacIp,0.25,8,7,CGCTATCTAGATTTCAGAGC,1,2098579
lacIp,0.375,9,7,CGCCTCTGCGGCTCTCAGCC,2,2089045
lacIp,27.875,229,7,CGAGGAACGTTACGCAGTTC,222,2116557
lacIp,6.0,54,7,CCTACGCGGTCAAGGGTTCA,47,2106297
lacIp,3.25,32,7,CCATGGATCTGTTGAAGACG,25,2099229
lacIp,0.25,8,7,CCATCCACGCCCAGAGTAGA,1,2112288
lacIp,0.25,8,7,CATTTCATGAGCTTGGCAGT,1,2113373
lacIp,0.25,8,7,CATTTACCAGAAAAGCCGAA,1,2108529
lacIp,1.875,21,7,CATTCTACAAAATGCATCAA,14,2101254
lacIp,0.25,8,7,CATAGCAACCATGAGCCGAG,1,2109382
lacIp,0.25,8,7,CAGTAGGCATTGCGCGCATG,1,2121288
lacIp,0.5,10,7,CAGTAGAATCTTACGTTCCG,3,2091083
lacIp,8.875,77,7,CAGATGGGGGTCCTCGAGCG,70,2104634
lacIp,0.25,8,7,CACTACCAGGGTAGATATTA,1,2104677
lacIp,0.25,8,7,CACGTTTCTAGGAATTGTTC,1,2121336
lacIp,35.875,293,7,CACGGGCGCCTGCAAGATGG,286,2110786
lacIp,11.75,100,7,CACACATCTTTCAGATATGC,93,2109965
lacIp,0.25,8,7,CAATAGACGTGCCCGAGGTC,1,2115396
lacIp,0.375,9,7,ATCGAATAGAGTTTCATCGG,2,2109091
lacIp,5.75,52,7,ATATTCGTGCGGTAAGGGTG,45,2121704
lacIp,0.25,8,7,AGGGTATCGAGACGTTCGAA,1,2106464
lacIp,0.25,8,7,AGGAGGGTCACGAACGCATT,1,2106690
lacIp,0.25,8,7,AGCGTATCGCACGCTACTTC,1,2113826
lacIp,0.625,11,7,AGCCCTACGCTTAGCGTTTA,4,2104483
lacIp,0.375,9,7,ACTTGACCTGGTTTTTATGA,2,2094985
lacIp,0.375,9,7,ACTCGATCAGTCAACGTAAT,2,2104497
lacIp,0.25,8,7,ACTCCAAACTTTGCTGCGAT,1,2111858
lacIp,0.25,8,7,ACGACTTCGGAATTGTTTCA,1,2107351
lacIp,2.25,24,7,ACCAGTCGCCGCGGTAGAGC,17,2086651
lacIp,0.25,8,7,ACAAGCCGATAAACAAATTA,1,2112015
lacIp,0.25,8,7,AATTGTTGCCAAATCGGTAA,1,2113759
lacIp,0.25,8,7,AACCAATTACAATCCCGCTC,1,2105245
lacIp,0.25,8,7,AAATGTTGTGTAGATGATAT,1,2097313
lacIp,0.375,9,7,AAAGATGGGGTGTGCTCTAG,2,2119418
lacIp,15.857142857142858,116,6,TTTTGTTTCTACCCCTCACA,110,2105596
lacIp,0.2857142857142857,7,6,TTTGTAAAATTTGAATTTGC,1,2109490
lacIp,0.2857142857142857,7,6,TTTCTGTGCTATAGTAATTT,1,2107704
lacIp,3.142857142857143,27,6,TTTAGTCTGACTTTCCCCTC,21,2117474
lacIp,10.285714285714286,77,6,TTTAATGATAAACACTCCCC,71,2087526
lacIp,6.285714285714286,49,6,TTGGTAGACTAAGGAGCAGA,43,2091583
lacIp,11.428571428571429,85,6,TTGATGAGAACCGCTCGTTG,79,2115055
lacIp,6.428571428571429,50,6,TTCTATCGTGGGCAAGACAT,44,2093038
lacIp,8.857142857142858,67,6,TTCGATGAGTCTGAGGCGCT,61,2089718
lacIp,0.2857142857142857,7,6,TTCGAATTTCAGATATGATC,1,2102265
lacIp,3.857142857142857,32,6,TTCCTATCTAACTGATCATA,26,2106180
lacIp,2.7142857142857144,24,6,TTATGGACCGGTTCCTAGGA,18,2108332
lacIp,4.428571428571429,36,6,TTACGCACCGTGGGCTGCCG,30,2107331
lacIp,0.5714285714285714,9,6,TTAAAGATGTCAACCTCATC,3,2088715
lacIp,26.714285714285715,192,6,TGGGATCATTGATACGCATA,186,2093246
lacIp,0.42857142857142855,8,6,TGGCCCTCACCGTCTGATAT,2,2109392
lacIp,0.2857142857142857,7,6,TGGACCAACTACGAGCGGCG,1,2106248
lacIp,2.4285714285714284,22,6,TGCTCTGCAAACTTTGTATT,16,2103189
lacIp,3.142857142857143,27,6,TGCGGGCACTGTTATCCTTC,21,2115800
lacIp,18.857142857142858,137,6,TGATAGACGTCTCCATGCTA,131,2116220
lacIp,0.2857142857142857,7,6,TGACTCCGAGGCTCATAACT,1,2121911
lacIp,0.2857142857142857,7,6,TGACGATAGTAAAAGTAAGT,1,2112019
lacIp,0.42857142857142855,8,6,TCTTGCGGGCAGTCCACATA,2,2115852
lacIp,2.857142857142857,25,6,TCTCCCGAGCGGCACCCAAT,19,2113945
lacIp,5.142857142857143,41,6,TCTCACTCACGTTGGTGGCC,35,2100316
lacIp,0.2857142857142857,7,6,TCGTCAGAATACCTCAACAG,1,2090985
lacIp,10.428571428571429,78,6,TCGCGTTCCGTGCAAGAAGG,72,2107204
lacIp,0.5714285714285714,9,6,TCATTCGGTTTGCGAGTGTA,3,2105583
lacIp,1.4285714285714286,15,6,TCAAATATACATGTGATTCT,9,2107714
lacIp,0.2857142857142857,7,6,TATCGTGCATAATGCCTGCA,1,2086466
lacIp,10.857142857142858,81,6,TATCCCCCTCGTAATACCTT,75,2092024
lacIp,0.2857142857142857,7,6,TAGGAATCACTTGATCTATG,1,2089289
lacIp,11.285714285714286,84,6,TAGCTAGTTGATTACTCCCA,78,2092993
lacIp,7.571428571428571,58,6,TACTTGGATGTTCACGTCTT,52,2099007
lacIp,7.285714285714286,56,6,TACCGGTAAGATCCGACCAG,50,2094658
lacIp,0.42857142857142855,8,6,TACAGGACGTTTCCACGACA,2,2108188
lacIp,16.571428571428573,121,6,TAAGCGGTAATTTCCAATGT,115,2095067
lacIp,19.571428571428573,142,6,GTTTCCCGAAGGGGTATATA,136,2088209
lacIp,0.2857142857142857,7,6,GTTCGGTGCCGTGTAGTAAT,1,2107002
lacIp,8.428571428571429,64,6,GTTCATAACCCGCAGTTTGC,58,2098500
lacIp,0.2857142857142857,7,6,GTTAGTTTCAGTGTAAGGAC,1,2101799
lacIp,0.2857142857142857,7,6,GTGAAGTTTTGCCCTTGAAG,1,2093445
lacIp,1.2857142857142858,14,6,GTCCCTGGAAAAGTAATTAC,8,2100275
lacIp,7.142857142857143,55,6,GTCCCCTGCCCTTGGTTCTG,49,2094194
lacIp,2.857142857142857,25,6,GTAAGCCCACTGCTCTCTCC,19,2115565
lacIp,0.2857142857142857,7,6,GGTTTAGTTAGGAATCGGGT,1,2093546
lacIp,21.142857142857142,153,6,GGTTCGCATGCGTGTATTAC,147,2119077
lacIp,26.0,187,6,GGTGGCCCAATGTTAGTAGG,181,2089203
lacIp,27.857142857142858,200,6,GGTCCCTACCATTAGATGAT,194,2100285
lacIp,11.571428571428571,86,6,GGTCCCATGTAATCTACGGC,80,2086732
lacIp,21.285714285714285,154,6,GGTAAAGAGAGTGGCCGTAT,148,2102034
lacIp,6.714285714285714,52,6,GGGGAGGAGATTGCCATACG,46,2085824
lacIp,2.857142857142857,25,6,GGCATATCGCCTGCCCATGA,19,2115002
lacIp,13.428571428571429,99,6,GGCACGCGCTCGCGCGATTG,93,2093347
lacIp,0.2857142857142857,7,6,GGAATTGGGTCCGGAACACA,1,2117370
lacIp,0.2857142857142857,7,6,GCATTGGGTAATGACAAGGC,1,2091464
lacIp,0.2857142857142857,7,6,GATCGCTAGATCGGCGGACA,1,2117921
lacIp,0.2857142857142857,7,6,GATCCTCGCTGCCAATACCC,1,2086842
lacIp,9.285714285714286,70,6,GACTCATGGCTAACTCGAAT,64,2095416
lacIp,1.1428571428571428,13,6,GACGTAACAGAAAGTAATTT,7,2096758
lacIp,8.285714285714286,63,6,GACAGCCCACAAGGTATGGC,57,2122228
lacIp,4.571428571428571,37,6,GACACAACAGTCTGTAGGGT,31,2087846
lacIp,0.7142857142857143,10,6,GAAATACGTGCCATCGTGCT,4,2112717
lacIp,0.2857142857142857,7,6,CTGTAGTTGGGACAAGCTCA,1,2096565
lacIp,0.2857142857142857,7,6,CTGGTGTACAGTTATTCCCA,1,2098204
lacIp,16.285714285714285,119,6,CTCCGTAGCAACATATCATT,113,2094405
lacIp,4.0,33,6,CTAATAGGCAAAGCGCATGC,27,2107608
lacIp,2.2857142857142856,21,6,CGTAGTATGACGAGTAGGCT,15,2100800
lacIp,19.714285714285715,143,6,CGTAAACCCCCAAGCTAAAA,137,2110053
lacIp,14.142857142857142,104,6,CGGACATGTTACGGACGGCA,98,2108495
lacIp,5.714285714285714,45,6,CGCGTTATGCTTGATTTGCA,39,2092912
lacIp,5.428571428571429,43,6,CGCACTTCTCTAAGTTGGAA,37,2117264
lacIp,0.2857142857142857,7,6,CGATACGAGTTCACTGTCAT,1,2101785
lacIp,0.2857142857142857,7,6,CGACGGGTGAGCGGCGCCCC,1,2109928
lacIp,26.857142857142858,193,6,CCTCCTTGAAGGTTGCTCTG,187,2111931
lacIp,0.7142857142857143,10,6,CCTAGCATTGGCATTATCAA,4,2120633
lacIp,0.42857142857142855,8,6,CCTAAGTGAAAGGTCATTAT,2,2086025
lacIp,6.285714285714286,49,6,CCGTTGGTGGTCCCGAACAT,43,2087505
lacIp,12.857142857142858,95,6,CCGGAGCTATCCCCGTATAA,89,2101950
lacIp,0.2857142857142857,7,6,CCCGCATTCCTTAACTTGGA,1,2115187
lacIp,4.714285714285714,38,6,CATTGGCATATACTGACCCT,32,2112747
lacIp,28.714285714285715,206,6,CATCCCCATAGCAAAGCAAC,200,2094192
lacIp,26.142857142857142,188,6,CACTGCAACGGGAACTTCAT,182,2089183
lacIp,0.42857142857142855,8,6,CACGTGATGTGCTGCTGGAC,2,2105475
lacIp,4.714285714285714,38,6,CACGCGTATGCCGTGATGTC,32,2098448
lacIp,0.42857142857142855,8,6,CACGCCTATTCACGCACAAC,2,2119567
lacIp,28.857142857142858,207,6,CACGAGAGTGCAGAAAAGAT,201,2085756
lacIp,30.571428571428573,219,6,CACCGCTTTAGGTTCGCAAG,213,2086809
lacIp,0.42857142857142855,8,6,CACATGGAACATCGGCGTTG,2,2090745
lacIp,21.571428571428573,156,6,CAATCCACGCAGACTGATAA,150,2089014
lacIp,7.571428571428571,58,6,CAAGTCCGGAACTGCAAGAC,52,2088858
lacIp,2.142857142857143,20,6,ATTTATTCATGCGACGGTAA,14,2095205
lacIp,0.2857142857142857,7,6,ATTGGAAGGAGGAGGGACGA,1,2103338
lacIp,19.714285714285715,143,6,ATGTTAGTATGCAACCTGTG,137,2098498
lacIp,0.2857142857142857,7,6,ATGAAGGGTTCATATCTCGT,1,2109888
lacIp,2.0,19,6,ATCAGCATGCAGTGCGTTTC,13,2104215
lacIp,0.2857142857142857,7,6,ATATAGTATATGTGTGACTA,1,2113649
lacIp,2.0,19,6,ATAGCCCGTCTCTGTTCCGG,13,2094262
lacIp,0.2857142857142857,7,6,AGTTCCGATTGCTTCTATCA,1,2106047
lacIp,17.857142857142858,130,6,AGGAGTCGATAACGAGCTTT,124,2109148
lacIp,0.2857142857142857,7,6,AGCGGCCTGTGACCGGGCTT,1,2099620
lacIp,5.0,40,6,AGCGACCCAAATTGCACACC,34,2105147
lacIp,0.42857142857142855,8,6,AGCAAATTTTTCTGGATATC,2,2099512
lacIp,12.857142857142858,95,6,AGATTCACGTAAATGACCGG,89,2111379
lacIp,0.2857142857142857,7,6,AGAGCGCTAAACCCACAGTG,1,2104248
lacIp,0.5714285714285714,9,6,AGAACCAATGTCCATCCGGT,3,2118637
lacIp,9.142857142857142,69,6,ACTTGTCGAGCATTCGTACG,63,2089471
lacIp,19.571428571428573,142,6,ACTCAATAAGGTATTTATAA,136,2121151
lacIp,0.2857142857142857,7,6,ACGGAAGATGCGGTTAAGCC,1,2104719
lacIp,0.2857142857142857,7,6,ACATTACGGTAGCCGTTACT,1,2090851
lacIp,0.2857142857142857,7,6,ACAAGTTCCACATTGTGAAA,1,2102645
lacIp,0.2857142857142857,7,6,AAGCGCGCTATCCTGCGATT,1,2095005
lacIp,16.571428571428573,121,6,AACAGAAGCCCGTGGAGTGT,115,2088879
lacIp,0.2857142857142857,7,6,AAAGGCTCTACCACACGCTT,1,2089688
lacIp,7.5,49,5,TTTCTACACCCCGGCAACCC,44,2094413
lacIp,27.666666666666668,170,5,TTTCACCCTTCAGTGGTAAA,165,2102222
lacIp,7.0,46,5,TTTATCGGGAGTATAACTAG,41,2091221
lacIp,0.6666666666666666,8,5,TTGACGTTAAGGATCAATAG,3,2111449
lacIp,20.166666666666668,125,5,TTCCATGCAACGGGGATACA,120,2096199
lacIp,7.666666666666667,50,5,TTACGATGAAGCGGATTTAC,45,2103712
lacIp,0.3333333333333333,6,5,TTAAACAGTCGGCCGTGGTG,1,2088537
lacIp,24.666666666666668,152,5,TTAAAAAAGCCGACCTTGTA,147,2097274
lacIp,6.833333333333333,45,5,TGTTAAAATACACTGGAAGG,40,2121639
lacIp,7.5,49,5,TGTCTGCCCCGCTGCAGGAT,44,2118215
lacIp,0.3333333333333333,6,5,TGGCCGCCGATGTACCCTCA,1,2094642
lacIp,0.3333333333333333,6,5,TGGAGGATGAGAACCAGTCT,1,2097682
lacIp,0.6666666666666666,8,5,TGCATAGGGGGGAAATGCCA,3,2122398
lacIp,0.3333333333333333,6,5,TGAGCCATACTAACTGTACC,1,2089385
lacIp,14.333333333333334,90,5,TGACAGGGCCTGATTCTCGG,85,2111712
lacIp,6.833333333333333,45,5,TGAAGTGCCATCTAGGCTCG,40,2090035
lacIp,0.3333333333333333,6,5,TCGGAATATGATAGTGGTCT,1,2086269
lacIp,10.5,67,5,TCCTGTGGTCAGCAATTTGG,62,2093847
lacIp,5.166666666666667,35,5,TCCCTCGACGTATCGAGATA,30,2103530
lacIp,0.3333333333333333,6,5,TCAGGCAGTTTCAAGGAATA,1,2092274
lacIp,1.8333333333333333,15,5,TCAACTCTTGTTGGGGACGC,10,2085860
lacIp,2.3333333333333335,18,5,TAGCCCCTGATCCAGCACGG,13,2089851
lacIp,16.5,103,5,TACTGTGCATGTCTATTCCT,98,2085777
lacIp,1.1666666666666667,11,5,TACTGGTGTTCTGAAATTCA,6,2103343
lacIp,0.3333333333333333,6,5,TACTGATTGTTAATTCCTTT,1,2092685
lacIp,0.3333333333333333,6,5,TACAATAAGCTTATTGCCCA,1,2117720
lacIp,2.8333333333333335,21,5,TAATACAGTCGGGTAGATGT,16,2096385
lacIp,8.333333333333334,54,5,GTTGCTGCACAAGTGGATCG,49,2119765
lacIp,8.666666666666666,56,5,GTTCAAACACTACGCTTACT,51,2108824
lacIp,0.5,7,5,GTGTGTGGAACCTGAGTCAA,2,2110866
lacIp,15.333333333333334,96,5,GTGATGGTACCTCAGCTGTC,91,2114548
lacIp,3.5,25,5,GTCGCCAATCGACGAATGTT,20,2089102
lacIp,0.3333333333333333,6,5,GTCATCGGGCCACGAAGCAA,1,2112820
lacIp,20.166666666666668,125,5,GTCAAAACCGGTTGTCGGAA,120,2105247
lacIp,23.166666666666668,143,5,GTAGTCAACCGGCTTCCATC,138,2115222
lacIp,0.3333333333333333,6,5,GGGTCTATTTTACCGACAGG,1,2085695
lacIp,6.666666666666667,44,5,GGGAGCTCAAGGAAAAAAAT,39,2101674
lacIp,18.666666666666668,116,5,GGGACGGGAGGATTCTTACG,111,2113329
lacIp,15.0,94,5,GGCTTTGACGAGCATGCTTC,89,2100716
lacIp,11.0,70,5,GGCATCGTCGAATTCGGCGG,65,2088535
lacIp,8.666666666666666,56,5,GGCAACAGATCAGAGCCCTT,51,2086198
lacIp,18.5,115,5,GGAGCCCCAATCTTACAGAC,110,2093703
lacIp,0.3333333333333333,6,5,GGACTGGTCCCGATCGGCCA,1,2119959
lacIp,3.3333333333333335,24,5,GGAACAAGGATAAATGCATA,19,2093447
lacIp,9.166666666666666,59,5,GCGACAGGGTATGGAGTTTG,54,2118589
lacIp,1.5,13,5,GCCTTGATTACGATCCCCCC,8,2108481
lacIp,0.3333333333333333,6,5,GCCTTACATGCGGACAGGGA,1,2107871
lacIp,0.3333333333333333,6,5,GCCCCCATAATAGCAGGAGA,1,2089130
lacIp,13.0,82,5,GCATGTGATGAGGAGTTATA,77,2088569
lacIp,0.3333333333333333,6,5,GCAGAGCGCCTGTTCAACGC,1,2094857
lacIp,0.3333333333333333,6,5,GCAGACCAAGGTTACAAGCC,1,2089198
lacIp,0.3333333333333333,6,5,GATGTGGCGGCGCATGTACT,1,2112619
lacIp,0.3333333333333333,6,5,GATCTGAGGTTTTGTCTCTC,1,2097539
lacIp,4.333333333333333,30,5,GATATTACTTTCAAATGGCG,25,2087027
lacIp,2.5,19,5,GATATGGAGAGTGGGTTGGT,14,2098512
lacIp,4.666666666666667,32,5,GACGCTCCCGGTTTGAACGA,27,2110584
lacIp,12.666666666666666,80,5,GAAAAGACGCATACTCAAAG,75,2095635
lacIp,0.3333333333333333,6,5,CTTGAGCGATCTCTCTGCCC,1,2120642
lacIp,0.3333333333333333,6,5,CTGTGCTTGGAAGGACACTG,1,2088790
lacIp,2.8333333333333335,21,5,CTCGTGCTTCAAACGGGCAT,16,2112525
lacIp,0.3333333333333333,6,5,CTAAGGTAAGAGGTGTTTCT,1,2119806
lacIp,11.5,73,5,CGTCTCGTACCGCAGTCTCG,68,2089607
lacIp,31.333333333333332,192,5,CGTAGGACGATTTCGTGTGA,187,2102767
lacIp,13.833333333333334,87,5,CGGGCTACGGATGAGCCGCG,82,2103394
lacIp,5.333333333333333,36,5,CGGCCCATGATATACGATAT,31,2114032
lacIp,2.3333333333333335,18,5,CGAAATATAACTGAGGAGCC,13,2118472
lacIp,0.3333333333333333,6,5,CCTGCGATCTGGGCACGAGA,1,2109524
lacIp,0.5,7,5,CCTCTTCCGCAATTAATCGG,2,2103590
lacIp,0.3333333333333333,6,5,CCGGATTCAATTGTCCGACT,1,2096552
lacIp,0.3333333333333333,6,5,CCGGAGTGGTGTTTCTGTAC,1,2116223
lacIp,16.0,100,5,CCCCTGGCGACAAAAAAGTG,95,2098390
lacIp,0.3333333333333333,6,5,CCATGAGAATGACCGGGGAG,1,2103912
lacIp,0.3333333333333333,6,5,CATGAAGTCAGATTACATGT,1,2092702
lacIp,0.3333333333333333,6,5,CAGGAGCGAAGTTACTGACT,1,2121298
lacIp,0.3333333333333333,6,5,CAGAATGTGAAACCGCCTTC,1,2114504
lacIp,31.5,193,5,CACGTCGAACCCGTGGGGAT,188,2118417
lacIp,1.3333333333333333,12,5,CACCCCCAAGCAATTCTCCT,7,2100287
lacIp,0.5,7,5,CACCATCTTCGCTAGCGGGC,2,2110105
lacIp,31.0,190,5,ATTTATAGTCGCAGCAAGGT,185,2097532
lacIp,10.5,67,5,ATGTATCGTTCACGGACCAT,62,2098220
lacIp,0.3333333333333333,6,5,AGTTAACGTCATTTGAGACA,1,2119642
lacIp,0.3333333333333333,6,5,AGGGAAAAAAGGAAGCTTCC,1,2099420
lacIp,0.3333333333333333,6,5,AGGAGTGAAACATACCGTTG,1,2097068
lacIp,3.5,25,5,AGGAATGACCAAACTTAGCT,20,2087368
lacIp,11.166666666666666,71,5,AGAGTGAGCGACAGGTTCGT,66,2110630
lacIp,3.6666666666666665,26,5,ACTCAACCGAGGTGCAGCGT,21,2117951
lacIp,11.0,70,5,ACGCAAATGGATGAACCGGT,65,2115615
lacIp,0.3333333333333333,6,5,ACCTGCGCCTCGCCTTTATT,1,2106391
lacIp,23.333333333333332,144,5,ACCGGCAAGGGATGGAACGT,139,2114635
lacIp,0.3333333333333333,6,5,ACCATGGTGATAGCAAGCTC,1,2110963
lacIp,15.333333333333334,96,5,ACATGTCTTGCACGCGAGCA,91,2117785
lacIp,0.3333333333333333,6,5,ACATACCCCAGCTGTTTTTT,1,2098840
lacIp,7.666666666666667,50,5,ACACCTTGTGATCGCCAGCT,45,2114142
lacIp,0.3333333333333333,6,5,ACACAATTCGACAGACAACC,1,2106967
lacIp,27.0,166,5,AATTCCTTCTCTGACGTCCT,161,2093206
lacIp,0.3333333333333333,6,5,AAGCCATAGCCTTACTATAT,1,2103649
lacIp,0.3333333333333333,6,5,AAATTTCGCTCGATAGGAAT,1,2086057
lacIp,20.2,104,4,TTTTCATGTGCGCCGCGATG,100,2109530
lacIp,14.6,76,4,TTTCCAGGAGACACAGCAAG,72,2122348
lacIp,29.0,148,4,TTGGGCTTTCTAGAGACGAA,144,2107219
lacIp,33.6,171,4,TTCTCGCTTGAAGGCGATAT,167,2113042
lacIp,0.4,5,4,TTCAGGGACAAGGGGCGAGG,1,2086154
lacIp,11.0,58,4,TTCAATCGTGCCGTTTTGGT,54,2122269
lacIp,0.4,5,4,TTAGATTGTTCGGTAACCGT,1,2086691
lacIp,0.4,5,4,TGTTTATTTGTACGGGTTGA,1,2092559
lacIp,7.0,38,4,TGTATCGATGCGAGAGACTT,34,2109713
lacIp,20.6,106,4,TGGCGAGATCCGGTCCACCC,102,2088693
lacIp,41.8,212,4,TGCGTAGGACCTGACTACTA,208,2113553
lacIp,45.0,228,4,TGCATATAGCGACGACCTAG,224,2086671
lacIp,0.4,5,4,TGATGGCTGATTGTCCCGGT,1,2103331
lacIp,19.8,102,4,TGACGTAAAATTCTCCATCG,98,2110545
lacIp,0.4,5,4,TCTCGGTCAAGCACTTATAC,1,2119945
lacIp,0.4,5,4,TCGTGGCAGAGCATCCTAAG,1,2087357
lacIp,0.4,5,4,TCGGGTCCCCCCGCCATGCG,1,2115705
lacIp,46.2,234,4,TCGCAAGCTGGTGGTTTCTA,230,2089573
lacIp,1.0,8,4,TCCATAGGTATTTGAGAAGA,4,2110615
lacIp,0.4,5,4,TCCAAAGTCTTACCATCGTA,1,2105534
lacIp,0.6,6,4,TATGCTTGCATTACGTAGTT,2,2089870
lacIp,31.2,159,4,TATGAAGGTGGTTCACCGTT,155,2088264
lacIp,12.2,64,4,TATCGAAGTCGTATCGACGA,60,2119226
lacIp,0.4,5,4,TACGACCGGTGCACTATCGA,1,2100963
lacIp,0.4,5,4,TACACTCCCGACCGAGCCGA,1,2093082
lacIp,33.2,169,4,TACACTAGAAGTTACCTCCT,165,2121457
lacIp,0.4,5,4,TAAGCGTCTATTAGACGGCA,1,2093740
lacIp,5.4,30,4,TAACTGGTTTACACGTGTAT,26,2098756
lacIp,0.4,5,4,GTTTGGTCCACGGGACCGTA,1,2114692
lacIp,0.4,5,4,GTTGTTAGTTGCCTTTGAAT,1,2087147
lacIp,0.4,5,4,GTTCTCGGATAAATTCGTCT,1,2117290
lacIp,0.4,5,4,GTGTTTGCCAACGATCAAGG,1,2094118
lacIp,25.4,130,4,GTGGAATGGCAGGGTGTGTA,126,2096447
lacIp,0.4,5,4,GTGCCCTTCTCACTAGTGCC,1,2102664
lacIp,29.8,152,4,GTCTGGGTACCTATAACCAA,148,2112879
lacIp,11.2,59,4,GTCCAATACCGACAATTAAT,55,2116994
lacIp,22.4,115,4,GTATATATATCAGCTAGACA,111,2111676
lacIp,0.8,7,4,GGTGCATGGGGGCCTGTTGT,3,2096596
lacIp,23.8,122,4,GGTCTTTCAGTCTCTTATGG,118,2110329
lacIp,11.6,61,4,GGTCCAGCGAATGCGCCAAG,57,2091812
lacIp,10.4,55,4,GGGGCAAGTTGATTCGGCTT,51,2114022
lacIp,0.4,5,4,GGGGAGCTACCCTCCTTTAC,1,2116912
lacIp,13.0,68,4,GGGCCGCGGGGCAAATGCGC,64,2118629
lacIp,0.4,5,4,GGACTGGGCAATGGCGGCGA,1,2089361
lacIp,12.4,65,4,GGACTCTCGAGTTAAATGTG,61,2100588
lacIp,0.4,5,4,GCTCTCAGCAAGCTCCGCGA,1,2097593
lacIp,0.4,5,4,GCTCGAATTCTGGTAATCAT,1,2095493
lacIp,17.2,89,4,GCTAGGCTGGGCCACTTCCC,85,2099234
lacIp,16.2,84,4,GCGGGAGTCGCTATGATAAT,80,2092325
lacIp,0.4,5,4,GCCTGCACCTCATTTGCAAA,1,2116786
lacIp,1.2,9,4,GCCGATTATTGCTCGTCCAT,5,2100964
lacIp,47.4,240,4,GCCGACCTGTAGATAGCGTA,236,2099440
lacIp,18.2,94,4,GCCATACGCAGTCGTCGCGA,90,2093711
lacIp,0.4,5,4,GCATGGTAGCCCGTAAGGCG,1,2119520
lacIp,18.4,95,4,GCAGCATCGGCAGAGTGTAT,91,2088983
lacIp,0.6,6,4,GCAGAGTCCAGCAAGCTAGC,2,2117436
lacIp,0.4,5,4,GCAAGGTGTACGGTAATTCA,1,2114628
lacIp,17.2,89,4,GAGTTGGAAAACCCCCCTTT,85,2100967
lacIp,0.4,5,4,GACTGTCCAATTAAAACACA,1,2101406
lacIp,1.2,9,4,GACGAAGGAAATCCTTACAA,5,2120792
lacIp,8.2,44,4,GACCAGCTATGCTACATGCC,40,2099677
lacIp,2.0,13,4,GACAGATGGGGCCATCACCT,9,2085882
lacIp,10.8,57,4,GAATTGCTAGGGCTACATGT,53,2089452
lacIp,0.4,5,4,GAATTACACCATACCCTCCC,1,2117712
lacIp,0.4,5,4,GAACGGAGTGTAGATGTGAA,1,2116705
lacIp,16.6,86,4,CTTCGGTGGTCTGCGGTTCA,82,2121417
lacIp,0.4,5,4,CTGTTTCGCAATTTAGCCCA,1,2117228
lacIp,10.4,55,4,CTCTGGTTTTTCACAGACGC,51,2116136
lacIp,0.4,5,4,CTCGTGTTCGTCGCTTCGGA,1,2120165
lacIp,0.4,5,4,CGGTTTTCTGACCAGGAAGA,1,2085717
lacIp,27.0,138,4,CGGTGTAGCTGAGAGCTATA,134,2118134
lacIp,0.4,5,4,CGCGAGGGGAATGCACCGCT,1,2087849
lacIp,0.6,6,4,CGCGACCTGTGTACTTGATT,2,2113326
lacIp,23.4,120,4,CGATCACCGCAAGGACGGAT,116,2117905
lacIp,0.4,5,4,CCTGGTTCAGAGCGGCGTCG,1,2091015
lacIp,0.4,5,4,CCTCTTAAGCATCTAGTTAG,1,2109771
lacIp,0.4,5,4,CCTACGCTCACAGGATTTGA,1,2102576
lacIp,0.4,5,4,CCGTTCAGGATCTGCGATAG,1,2104211
lacIp,0.8,7,4,CCGCGTCCTGTCGCACGAGA,3,2108260
lacIp,0.4,5,4,CCCATCTGGCTCGTGATGCA,1,2107786
lacIp,7.8,42,4,CATTTACGAGCCAGGTTGAT,38,2096792
lacIp,0.4,5,4,CATGTTTAGGTCTACTCATC,1,2101717
lacIp,0.4,5,4,CATCTGCAATCTTCGTGCTA,1,2111728
lacIp,21.0,108,4,CAGTATATCGTATTCAGCCT,104,2114078
lacIp,2.0,13,4,CAGACCTGGATCATTTGCTT,9,2099035
lacIp,9.4,50,4,ATGTTTGTCATAAATTCCCT,46,2113214
lacIp,9.4,50,4,ATGTATGTGGTTCATCTGGT,46,2114168
lacIp,0.4,5,4,ATGGCGTCAACGCGTTCATC,1,2103288
lacIp,0.4,5,4,ATGCGTTACGCGGCACTATG,1,2098339
lacIp,0.4,5,4,ATGATTACAAGGGCATGTTA,1,2097311
lacIp,23.4,120,4,ATACGGGGAATAGATGTATT,116,2113749
lacIp,0.4,5,4,ATACCGCAAGATGGGATGCA,1,2122203
lacIp,0.4,5,4,AGTTTGCTCCCGCTTTTGCT,1,2096957
lacIp,10.8,57,4,AGTGGCGTTACCATCCTGCT,53,2115663
lacIp,13.2,69,4,AGTCGCATTGTACACAGAAC,65,2100413
lacIp,13.0,68,4,AGTCACACTGATGCTCTACA,64,2106631
lacIp,34.6,176,4,AGTAGCGGATAGCAAATGCC,172,2121052
lacIp,0.4,5,4,AGGGCATATTACCGCGGGTC,1,2106703
lacIp,0.4,5,4,AGCGTGACTCGGATGCGTCG,1,2118939
lacIp,0.4,5,4,ACTCGCAGAAGAGTGAAATT,1,2111599
lacIp,5.6,31,4,ACGCCGCGTTAGGCCGACCA,27,2120990
lacIp,18.8,97,4,ACGCATGAGTTGGGGTACAG,93,2110645
lacIp,34.4,175,4,ACGATCTTCATTATGACGTC,171,2109812
lacIp,61.0,308,4,ACCAACTATTTGGGCAAATC,304,2118230
lacIp,44.4,225,4,ACATTGAATCATCTCATGGG,221,2097874
lacIp,20.2,104,4,ACATCTTGGGTCAGGTACGA,100,2095502
lacIp,0.4,5,4,ACAGATAACGGGGCCTAGAC,1,2099646
lacIp,0.4,5,4,ACACCATATCCCCGACTTTG,1,2105915
lacIp,15.4,80,4,AATCTTCCAGTGTCGGATGG,76,2115737
lacIp,8.0,43,4,AATAATTCGTAACTCGCGCC,39,2092774
lacIp,0.4,5,4,AACGCAAGGGTCTTCCACAT,1,2107954
lacIp,0.4,5,4,AACGCAACTCGGTTCGCTTT,1,2113333
lacIp,0.5,4,3,TTTGGGTTATCGTTCTCTCC,1,2100085
lacIp,0.5,4,3,TTTAGGTTTACTTATGATCG,1,2107367
lacIp,1.25,7,3,TTGATAGCTTGAGTGTCTAA,4,2114121
lacIp,0.5,4,3,TTGATAGCCTCAAAATGCAT,1,2108959
lacIp,3.5,16,3,TTCGAGCTGCACCCGGGGGG,13,2101735
lacIp,0.5,4,3,TTCACGGCAATTCCTCGCTA,1,2098203
lacIp,38.5,156,3,TTCACATATAAAGTTTATAT,153,2107560
lacIp,10.25,43,3,TTATCGGGTATCACATAACT,40,2086266
lacIp,0.5,4,3,TTATAATCGCAGCCAGAAAT,1,2103631
lacIp,15.5,64,3,TTAGTCAATCACAAATCAGC,61,2086578
lacIp,0.5,4,3,TTAGTACATTACGAACTGGT,1,2088013
lacIp,0.5,4,3,TTAGAGCCTAGCCCGAGGAG,1,2111181
lacIp,5.25,23,3,TGTTGCGTTCGCGATTGGTT,20,2114193
lacIp,0.5,4,3,TGTGTACATATGACATAACG,1,2113675
lacIp,15.25,63,3,TGGGGCCTTTTCACATGCCA,60,2100114
lacIp,0.5,4,3,TGGGCCTTCCCTAAACATTA,1,2094426
lacIp,8.75,37,3,TGCCAGTGGCGGGTAAGGCA,34,2107294
lacIp,6.25,27,3,TGACTTCGTGTCGCCGTACT,24,2118863
lacIp,0.75,5,3,TCTGTTATGAGCCCTGGTTC,2,2104501
lacIp,0.5,4,3,TCTCTCAGATAGAGTAAGCG,1,2113663
lacIp,0.5,4,3,TCTCGGTCTTGTCTAAAGCT,1,2106139
lacIp,0.5,4,3,TCTAGTACTCTAACTAGGAC,1,2120639
lacIp,0.75,5,3,TCGTATGATGCAACGGGATA,2,2086215
lacIp,32.75,133,3,TCCATTTGATCATTTGCTGA,130,2090916
lacIp,32.5,132,3,TCATTGTCTGTCCTTGCAGA,129,2110285
lacIp,0.5,4,3,TCATAGGAACGCTACTGCAA,1,2093125
lacIp,0.5,4,3,TATCACCTCTCGGTGCCTTC,1,2116969
lacIp,13.0,54,3,TAGGAATTCTCGACCAGCAT,51,2116993
lacIp,34.75,141,3,TAACCCCCGTTAAGTCACGT,138,2089184
lacIp,0.5,4,3,GTTCTGATCACCCGGTCTAA,1,2094549
lacIp,0.5,4,3,GTTCCATAATTACAGCCTTT,1,2120440
lacIp,0.5,4,3,GTTAGTATCATGGGTTAGGA,1,2122207
lacIp,0.75,5,3,GTGAGGCGTCAGATTTTTCA,2,2096545
lacIp,0.5,4,3,GTCCAGCGAATCATAGCAGT,1,2110996
lacIp,19.0,78,3,GTATCTGTAAATATCCTATG,75,2101919
lacIp,18.5,76,3,GTAGAGCATCGGGAGGACAT,73,2104635
lacIp,25.25,103,3,GTACCCTATTATGGCGCCAT,100,2088603
lacIp,0.5,4,3,GGTAATTAGTGGGCGTGTGA,1,2098351
lacIp,7.5,32,3,GGCACGGGCCTCCAGACTCG,29,2114882
lacIp,0.5,4,3,GGACGATATAGGAATATGCG,1,2112432
lacIp,0.75,5,3,GCTTCCCCCTCGTATGACAA,2,2102291
lacIp,23.5,96,3,GCTGGGAAAGCAGGATTCGG,93,2104249
lacIp,0.5,4,3,GCTAACGCCGCTAGGCGAGG,1,2085682
lacIp,9.75,41,3,GCGTGCGAGAGGGGGGCAAA,38,2088322
lacIp,18.5,76,3,GCGGTATACATCTTACTATA,73,2111680
lacIp,0.5,4,3,GCGCCTTTATTGCCGTACGT,1,2112113
lacIp,0.5,4,3,GCGCAAACACATGCTCGAGT,1,2091789
lacIp,0.5,4,3,GCCAGTTTTATCAGGCTACC,1,2096793
lacIp,26.75,109,3,GCATGCTAGCTCCTATGAGA,106,2112806
lacIp,25.5,104,3,GAGCGGTGCCTCAGGGTTTT,101,2115587
lacIp,0.5,4,3,GACCCTCTGCGAAATTTTCA,1,2107291
lacIp,0.5,4,3,GAAGATCTTAGCCCGCCGTT,1,2098755
lacIp,25.0,102,3,GAACTAACCCGGGCGGATAC,99,2101941
lacIp,3.25,15,3,CTTGGTAATGAGATTGGAAT,12,2095225
lacIp,24.75,101,3,CTTCGCTGGGGACTCAGAAT,98,2091256
lacIp,0.5,4,3,CTCTTTCAGACCCACTACCC,1,2116546
lacIp,29.75,121,3,CTCTTTAGCGTTATCGTCGG,118,2090547
lacIp,0.5,4,3,CTATGCGGCCCATCCTCGTG,1,2099603
lacIp,2.5,12,3,CTAAGCTACGGAGATAGCGT,9,2120167
lacIp,0.5,4,3,CGTATGACAAACCGATATAT,1,2113432
lacIp,46.25,187,3,CGGTTCCAATACCAATCGGG,184,2095900
lacIp,5.25,23,3,CGAGACTCCGCGCTCTTCCT,20,2117252
lacIp,0.5,4,3,CCTGTTACATGATCTCGTTT,1,2115484
lacIp,13.25,55,3,CCGTACTTGTAAGTAGTACC,52,2104949
lacIp,0.5,4,3,CCGATATCAAGCCGAAGACT,1,2106765
lacIp,6.5,28,3,CCGAACCGATCTGACGCAGA,25,2106479
lacIp,12.5,52,3,CCCCAACACTTATTATTACT,49,2104456
lacIp,0.75,5,3,CCCATGTGTCTAACTAAACC,2,2114903
lacIp,10.0,42,3,CCCAACATCTTAGGGTCTAA,39,2116965
lacIp,0.5,4,3,CCAGTCTTCGACACGGCAAT,1,2093414
lacIp,2.0,10,3,CCAGGCACTCGTCCTGGGAA,7,2109473
lacIp,33.25,135,3,CATTCTAAGTATAGCGCGAC,132,2121964
lacIp,18.75,77,3,CATGGGCTCGGGATCAAGGA,74,2089466
lacIp,27.25,111,3,CATCGGATGACGGAACCCTA,108,2100222
lacIp,4.0,18,3,CAGCAAGGGTGGTAAAAACA,15,2114458
lacIp,1.5,8,3,CACCGGGTCGGCTTCGGTAA,5,2119497
lacIp,0.5,4,3,CAAGTGCTGAAATGAATAAC,1,2097478
lacIp,23.5,96,3,CAACGAGGTGGCCAACGTCA,93,2108225
lacIp,6.5,28,3,CAACGAACCACGACAACATA,25,2086368
lacIp,6.75,29,3,ATTCAGCATTGGCTCGCGCG,26,2096060
lacIp,0.5,4,3,ATGTCAGGGCCAGACGGGAA,1,2121207
lacIp,46.0,186,3,ATGCCTGGTAAACTCCGTGC,183,2107727
lacIp,34.25,139,3,ATCGGCACAAGCGTATAATA,136,2090794
lacIp,44.0,178,3,ATCAAAATTGGGCAATAGTG,175,2103380
lacIp,17.0,70,3,ATAACGGAACGCGAGTCTAA,67,2092576
lacIp,2.25,11,3,AGTCGCGATAAATGAGAAGG,8,2103602
lacIp,21.5,88,3,AGCAAGCCATCGACGAATTG,85,2098711
lacIp,0.5,4,3,AGATATTACGGCCAAATATA,1,2096061
lacIp,0.5,4,3,ACGCTACACGTGGTTGGGCA,1,2116679
lacIp,4.25,19,3,ACGCCGACACGGTTCCACTG,16,2098355
lacIp,11.25,47,3,ACCTTGAAAAGTTAAAGAGA,44,2096022
lacIp,0.5,4,3,ACCGTTCTTTGAATTCGTTC,1,2087614
lacIp,17.5,72,3,ACACCATCCGTCTTAACAAG,69,2099538
lacIp,1.5,8,3,AATCCTGTGGACACTCCTGC,5,2116564
lacIp,0.5,4,3,AATATTGCTTTGGAGGCGGA,1,2090750
lacIp,0.5,4,3,AACTACGCGATCGGGTTTCG,1,2085908
lacIp,0.5,4,3,AACGCTTAGCACGTGACTCA,1,2118009
lacIp,0.5,4,3,AACCCCGGTATCGTCATGGG,1,2100834
lacIp,1.25,7,3,AACACCTTTTCGGTTATAGA,4,2121223
lacIp,23.5,96,3,AAAGGGGCAGATAACGCCCG,93,2115981
lacIp,4.75,21,3,AAACCGCACAGTTCCTCTCG,18,2096926
lacIp,39.25,159,3,AAAAGGCTCGAGATACGTTT,156,2118677
lacIp,0.6666666666666666,3,2,TTTATAACGTGAAGAGATCG,1,2095707
lacIp,0.6666666666666666,3,2,TTTACTACGAGACCGGCCAA,1,2118761
lacIp,0.6666666666666666,3,2,TTTAAGGCAATTGAGCGACC,1,2117598
lacIp,0.6666666666666666,3,2,TTGGTTTGGAGAGATTCCTG,1,2096509
lacIp,49.666666666666664,150,2,TTCGCTATGTATATTAGAAA,148,2115337
lacIp,9.0,28,2,TTCCATGCGACCAGGTCCGG,26,2089725
lacIp,5.333333333333333,17,2,TTATGACTGAGAGTCTGATT,15,2088612
lacIp,0.6666666666666666,3,2,TGGGGTTACACTACCGTCTT,1,2089798
lacIp,26.666666666666668,81,2,TGGGCTTGTTAAAATACCCT,79,2090217
lacIp,49.0,148,2,TGGCCGACCATCAATTGAGT,146,2086708
lacIp,0.6666666666666666,3,2,TGGCAGTTCTATCCCCCTGA,1,2086908
lacIp,0.6666666666666666,3,2,TGGACCCAGGTATAGTTATT,1,2094175
lacIp,45.333333333333336,137,2,TCGTTATCACCTAGGTCGGC,135,2108988
lacIp,0.6666666666666666,3,2,TCGTGTACGATCTTAATCCT,1,2089941
lacIp,32.333333333333336,98,2,TCGTCCATCGTCCAATCGGA,96,2092277
lacIp,48.0,145,2,TCCGCCATTAAAGTGTCGCC,143,2086567
lacIp,11.0,34,2,TCAGTGTGTCCATTCCATGA,32,2119098
lacIp,1.0,4,2,TCAGCATTGCCGCGTCTTCG,2,2111605
lacIp,0.6666666666666666,3,2,TCAACTGACCTCATAGGTTC,1,2105176
lacIp,5.0,16,2,TAATAGTAATTACTCAGCCA,14,2106584
lacIp,0.6666666666666666,3,2,GTTGTGCCCTCGTGGGACTA,1,2091975
lacIp,66.33333333333333,200,2,GTCGTGCACCTCCGTCATCT,198,2113043
lacIp,0.6666666666666666,3,2,GTCGCATGTCCCTCTATTGG,1,2120600
lacIp,1.0,4,2,GGTGGCGCTGGTCGTCGATT,2,2086978
lacIp,5.666666666666667,18,2,GGTACAATTCTCTCTCCTCT,16,2104631
lacIp,0.6666666666666666,3,2,GGTAAAAAATTGCAATCGCT,1,2115204
lacIp,24.0,73,2,GGGTGGTAGTGTTTATTCCT,71,2118940
lacIp,3.3333333333333335,11,2,GGCAAAGTTATCGAGAAAGG,9,2112560
lacIp,0.6666666666666666,3,2,GGATTTATACAATCTAACTC,1,2093103
lacIp,1.6666666666666667,6,2,GGAGTCTGTTTCAGTCATTC,4,2089561
lacIp,1.6666666666666667,6,2,GGAATGAGATCGGTCCGCTT,4,2093849
lacIp,0.6666666666666666,3,2,GGAAACGACGCTGCCTTTTA,1,2113327
lacIp,0.6666666666666666,3,2,GCTTCTATTCAGCCTAGTAA,1,2101847
lacIp,28.333333333333332,86,2,GCTTCAATCTACGGCCTTAT,84,2105461
lacIp,0.6666666666666666,3,2,GCGCGCCACAATTCCGAGGC,1,2090055
lacIp,0.6666666666666666,3,2,GCGCGATTTGTCGGGTACGT,1,2113733
lacIp,0.6666666666666666,3,2,GCCTTCGGAGTGAAAAATAT,1,2086239
lacIp,0.6666666666666666,3,2,GCCCCGCGAACAGCGCTTGC,1,2087276
lacIp,1.3333333333333333,5,2,GCATGCTCTAAAAAAGAACA,3,2097048
lacIp,0.6666666666666666,3,2,GCACCGTTAGTGGTCCAGAT,1,2100099
lacIp,8.666666666666666,27,2,GATTGATTTATAACTATCTG,25,2098300
lacIp,8.666666666666666,27,2,GATCACAGATAGGTTCTCGT,25,2101222
lacIp,33.666666666666664,102,2,GAGAGGGAAAGCGGTAGACG,100,2113806
lacIp,46.0,139,2,GACGGCGCCGATATCACGCA,137,2098515
lacIp,0.6666666666666666,3,2,GACCGTAATCCGTGACTTTT,1,2121533
lacIp,33.666666666666664,102,2,GACACAATGCAACGGAAGGA,100,2105582
lacIp,2.6666666666666665,9,2,GAATATGGACGTATCTGGGA,7,2091084
lacIp,0.6666666666666666,3,2,CTGGAGTCCTGTAGTGGGTT,1,2088654
lacIp,53.0,160,2,CTGAGGCCGCGGGACGTGGA,158,2100628
lacIp,27.333333333333332,83,2,CTCTATGCGTTTGCACGGAT,81,2100188
lacIp,38.666666666666664,117,2,CTATTTGGAACTTCCCAGAG,115,2092280
lacIp,5.0,16,2,CGTCTCCATAGTACTATCCC,14,2104240
lacIp,0.6666666666666666,3,2,CGTCGCGTACTAGCTTGTTG,1,2094743
lacIp,59.0,178,2,CGGACCCCACGGGGGTCACT,176,2091429
lacIp,0.6666666666666666,3,2,CGCTCCAGCTTTTTCACGCG,1,2117976
lacIp,26.333333333333332,80,2,CGCCAATAGTCATCGTTTCG,78,2090264
lacIp,2.3333333333333335,8,2,CGCAAAGTAATAGCGTCTTT,6,2092649
lacIp,44.333333333333336,134,2,CGATGGTCATAGCTTTGGAC,132,2095612
lacIp,0.6666666666666666,3,2,CGATGCCAAGAGAGTCGCAT,1,2093413
lacIp,35.666666666666664,108,2,CGAGGGATGACCCGAAACAA,106,2112062
lacIp,15.0,46,2,CCTAAAAGGGCCATATCGCA,44,2099389
lacIp,0.6666666666666666,3,2,CCGTTACATGGTTCCGTATG,1,2112218
lacIp,0.6666666666666666,3,2,CCGCTCAACTAACTGAGAAA,1,2087698
lacIp,60.333333333333336,182,2,CCCGCTATGGAAACGAAACG,180,2119684
lacIp,17.333333333333332,53,2,CCCCCCGACCGGGGCTGCGA,51,2109855
lacIp,22.333333333333332,68,2,CCCAAACGGCGTTTAAAGAG,66,2087720
lacIp,7.666666666666667,24,2,CCATAGCTAGGCTATGGGAA,22,2110784
lacIp,0.6666666666666666,3,2,CCAGTGGAGGGGCAGGTCAC,1,2117644
lacIp,37.666666666666664,114,2,CCAGCAGTAGGAAATTCGGT,112,2119111
lacIp,0.6666666666666666,3,2,CCACCTCCAATCCGAGCTAG,1,2104508
lacIp,1.0,4,2,CATTGGCCAATCAGCGTTAC,2,2100358
lacIp,0.6666666666666666,3,2,CATCTCATCACCCCGATTCA,1,2093346
lacIp,26.0,79,2,CACGTGCGATCAGGTCAAGA,77,2115239
lacIp,74.66666666666667,225,2,CACGTGACCTTACGGTCTTT,223,2087629
lacIp,46.333333333333336,140,2,CACGCTCAGCCCGGCCTCAT,138,2091264
lacIp,0.6666666666666666,3,2,ATTTCAGGATAGTTCTACTA,1,2117934
lacIp,2.3333333333333335,8,2,ATTTACCTTTCAACTTCGGT,6,2091529
lacIp,11.333333333333334,35,2,ATGGTACGTGGGCTAAGGTG,33,2119288
lacIp,0.6666666666666666,3,2,ATGCACACAGTTGCGGAGGT,1,2101593
lacIp,0.6666666666666666,3,2,ATGAGCCATCAAAAGTGCGG,1,2116976
lacIp,1.6666666666666667,6,2,ATACGAAGTTCGTTATAAGC,4,2112908
lacIp,0.6666666666666666,3,2,AGGTGTAAGCATAAACCCAA,1,2094717
lacIp,0.6666666666666666,3,2,AGGAACTGTAATTTCTGGTG,1,2091728
lacIp,32.0,97,2,AGCAGCCATGCACGTGATTT,95,2099310
lacIp,5.0,16,2,ACTCCGATCCGGAATGTACT,14,2100965
lacIp,22.0,67,2,ACTCAGGTGAGGGGTAGTCT,65,2090465
lacIp,0.6666666666666666,3,2,ACGGCCCGAGTTGTAGGCCA,1,2110357
lacIp,0.6666666666666666,3,2,ACGGACACAAAGCCGAAATA,1,2090578
lacIp,0.6666666666666666,3,2,ACGAGGTAAGGTCGATTTAT,1,2110084
lacIp,0.6666666666666666,3,2,ACCGAAGATGCTAAACCCGT,1,2108852
lacIp,1.6666666666666667,6,2,ACCCTGTAGTGGCTGGATAT,4,2110876
lacIp,11.0,34,2,AATTAAAACTGGTCTATGGG,32,2112394
lacIp,28.666666666666668,87,2,AATGCATAATAAAACCCTAG,85,2115443
lacIp,1.0,4,2,AAGGTAGTTTGTCTCGGTGT,2,2098532
lacIp,23.0,70,2,AACTGACAGCCGCGCCTCAG,68,2086311
lacIp,21.5,43,1,TTTCGCACCTAGACCTCAAA,42,2087554
lacIp,19.0,38,1,TTGTATCAGATTAACTACAA,37,2121889
lacIp,26.5,53,1,TTCGCCGGTAACACTGTGAT,52,2119994
lacIp,1.0,2,1,TTCATGCCCGGTCAACGTCC,1,2098508
lacIp,3.0,6,1,TGGGGAGTTACGTGCTAGTG,5,2118805
lacIp,1.5,3,1,TGGGCGGCTCCGATATAATA,2,2087951
lacIp,1.0,2,1,TGCTATTATGTCTTGCGAGA,1,2092305
lacIp,17.0,34,1,TGCCCCTTGCAAATATGGGT,33,2101183
lacIp,120.5,241,1,TGCATTACGACATACTTGCT,240,2111175
lacIp,1.0,2,1,TCTAACCACTTGCAATGTCA,1,2120168
lacIp,2.0,4,1,TCCTTTGAGGGGCCCCTGCA,3,2105725
lacIp,12.5,25,1,TCAGCGTGACAAATACCTGA,24,2107434
lacIp,52.5,105,1,TCACACGGATGAATCACTTG,104,2089310
lacIp,3.0,6,1,TAGCGGGTGAACGCCACCGA,5,2107162
lacIp,10.5,21,1,TAATACACGTCGGGTTGTCG,20,2111508
lacIp,57.0,114,1,GTGCCCTCCCCGGTCAGGGC,113,2111555
lacIp,13.0,26,1,GTCTGGGCGAGTTTTGTGCT,25,2116104
lacIp,1.0,2,1,GTCGGAAACTAGCATCAGAG,1,2113408
lacIp,118.0,236,1,GTATAAGTTCGTGTAATTGT,235,2116025
lacIp,1.0,2,1,GTAGGTCAGGGACTGAGAAC,1,2111162
lacIp,44.0,88,1,GGGGTGGGGAGAACCATGGG,87,2090992
lacIp,5.5,11,1,GGGGATAGTAGCTTGCCTGT,10,2111564
lacIp,1.0,2,1,GGCTATTCCCCACTAGGGGT,1,2093538
lacIp,58.0,116,1,GGCCGCGCGTACGGCCTCAC,115,2092607
lacIp,3.5,7,1,GGACTTGGTCTACCTGTGTT,6,2118538
lacIp,16.5,33,1,GCGCTCTCTAAACTGGGCTC,32,2113651
lacIp,3.0,6,1,GCACTATATGCTAGTGTGCT,5,2093440
lacIp,17.5,35,1,GCACCGGTACGTCGGCGTAG,34,2102495
lacIp,8.0,16,1,GAGTACGCAGTTTAAGCCTT,15,2092352
lacIp,1.0,2,1,GAGGTTGGGAGACAGGCGGG,1,2105305
lacIp,47.5,95,1,GACGCGTTGCTACACCAATG,94,2095930
lacIp,1.0,2,1,CTTACGTGGCTAGTTAGGTG,1,2107632
lacIp,2.0,4,1,CTATTTTATTTTCGGGAAAG,3,2109570
lacIp,1.0,2,1,CTAGTCAGAACGATCGTCCT,1,2106107
lacIp,11.5,23,1,CGTCATGGCTGTGCGGCTTC,22,2119136
lacIp,1.0,2,1,CGTCAGCGATCACAGGCGTT,1,2118922
lacIp,1.0,2,1,CGGTATATACTTGTATCGGC,1,2108014
lacIp,9.0,18,1,CGGTACGGGGCTCTGAGGCA,17,2093742
lacIp,61.0,122,1,CGGGGGAGACCTTCGACTTT,121,2107900
lacIp,1.0,2,1,CGGGGCCGGCCCTTACACTA,1,2107820
lacIp,1.0,2,1,CGGAGGTAAGACCCTAACAA,1,2101369
lacIp,10.5,21,1,CGCGCCAAACGCGTCCCGCA,20,2087335
lacIp,43.0,86,1,CGAGCGCCACCAGCAACCGT,85,2117453
lacIp,57.5,115,1,CGAAGAACTAACTCTTGCGC,114,2108699
lacIp,1.0,2,1,CGAAATACCGTGACCCGAAC,1,2093143
lacIp,1.0,2,1,CCTAACCGCATTCATGACAT,1,2112441
lacIp,55.5,111,1,CCGAGATAAGGGCCTGCAAG,110,2121707
lacIp,1.0,2,1,CATTGTGAACACCGGCACGA,1,2088437
lacIp,1.0,2,1,CATCGGCTGCCGGCGCACAC,1,2115170
lacIp,1.0,2,1,CAGTGTAAATGACGCTCAAA,1,2097429
lacIp,63.0,126,1,CACCAGGAGGGGTACCAACA,125,2109063
lacIp,28.5,57,1,ATTGCGGCGACGCGCTTTTC,56,2092638
lacIp,75.0,150,1,ATGTTTGTGTGAAAGGAGAA,149,2090476
lacIp,17.0,34,1,ATCGACAGTACGCAATTCAA,33,2114997
lacIp,1.0,2,1,ATACTGGGTTCGCATAGGGT,1,2108376
lacIp,1.0,2,1,ATACGATGCACGCAGCCATT,1,2112521
lacIp,13.0,26,1,AGGCACCCTGTGCCGGGGGG,25,2095340
lacIp,16.5,33,1,ACGGAGGGACAGCGGTGCTT,32,2117686
lacIp,35.5,71,1,ACGCTACTCGTTCGGGTGCT,70,2094669
lacIp,1.0,2,1,ACCTCATCCCCGATCAGCCC,1,2117328
lacIp,13.0,26,1,ACCGCGCATTATTTAGGTTA,25,2107471
lacIp,8.0,16,1,ACATGTCTGTGGCCGGGGAC,15,2102951
lacIp,22.0,44,1,AAGGGTTTCGAAATGAACAT,43,2103869
lacIp,4.0,8,1,AACGGGGTCTACGTAGGTCA,7,2093960
lacIp,25.5,51,1,AACCGTACTCCGGGAATGGC,50,2109262
lacIp,1.5,3,1,AACCCACGTCAGAAGTCCAA,2,2090820
lacIp,0.009523809523809525,104,104,GGAGTACTGCTGCCTAACAG,0,2105614
lacIp,0.009900990099009901,100,100,AACTCTGATTCTCGTCCGAC,0,2085896
lacIp,0.014492753623188406,68,68,CTATGCTAAGAGTCCGGTGT,0,2117173
lacIp,0.015151515151515152,65,65,ATCAGTAGTCAGCTCCTGTC,0,2087364
lacIp,0.015384615384615385,64,64,GTTTGACTTAGAGGGACTAA,0,2097220
lacIp,0.015384615384615385,64,64,AGCCAATGAGAAACGAATGT,0,2088294
lacIp,0.016129032258064516,61,61,CTAGACTTAGGCTAAACCAT,0,2113999
lacIp,0.016129032258064516,61,61,ATGCGGCGTTTTAAACTTGG,0,2090646
lacIp,0.016666666666666666,59,59,ACAGAAGTACTGGGGGCATC,0,2098923
lacIp,0.01694915254237288,58,58,ATTCCTGCTATTTCGAGTAT,0,2090786
lacIp,0.017241379310344827,57,57,TATCAGAGAAAATGAGGCAC,0,2087130
lacIp,0.017241379310344827,57,57,CACACGGAAATTAAGAAACA,0,2087236
lacIp,0.01818181818181818,54,54,AACAGTCTCTCCGGACATAT,0,2112913
lacIp,0.018518518518518517,53,53,GCGCCCCAGTATTGTTCGGT,0,2089518
lacIp,0.018867924528301886,52,52,AGCGCGCGACATTGAGCAAA,0,2086681
lacIp,0.019230769230769232,51,51,TACTGTTGTTGGACCGGTCA,0,2090045
lacIp,0.019230769230769232,51,51,GGCGCATAGGGTGACGGAAG,0,2086776
lacIp,0.0196078431372549,50,50,TCGGCGACGGGGACCTCCGT,0,2094146
lacIp,0.0196078431372549,50,50,CCCCAGAGTTCTTCTTCGAG,0,2111271
lacIp,0.02,49,49,TGTGGTACAAGGTCGGTCGT,0,2087477
lacIp,0.02,49,49,TCTGAGTTCCATGCGCATGA,0,2089553
lacIp,0.02,49,49,GTCGGCTTTAGGCTGAATCA,0,2099388
lacIp,0.02,49,49,CGGCATTGAGCCTGTGGCCG,0,2090104
lacIp,0.02,49,49,ACGTGGAAAGCTGATTTCGT,0,2088558
lacIp,0.020833333333333332,47,47,TGCTTGGCGTGACGCATTTT,0,2104644
lacIp,0.02127659574468085,46,46,GGCGTAGCATGGGGGGACGA,0,2100218
lacIp,0.02127659574468085,46,46,CTCGGACGCCTCACTTGAGT,0,2089200
lacIp,0.02127659574468085,46,46,CACCGGGAGTCAAAATGGTG,0,2103678
lacIp,0.02127659574468085,46,46,AGCGGGTGGATGGTTGGTAC,0,2120817
lacIp,0.021739130434782608,45,45,TGGGATCAGAAGTGACCCCA,0,2086482
lacIp,0.021739130434782608,45,45,GGTCCGTTCAAATGGCTTAG,0,2090212
lacIp,0.021739130434782608,45,45,GGGAATACTAAGCCATATGT,0,2107203
lacIp,0.021739130434782608,45,45,CGTTACTCGGCAATCAAGTG,0,2097707
lacIp,0.021739130434782608,45,45,CGCAGTAATGAAGTCTCGGT,0,2095971
lacIp,0.021739130434782608,45,45,CGACGAATGTCGGGAGGTAG,0,2089550
lacIp,0.021739130434782608,45,45,CACTTGTGGGGGTCTGCCTT,0,2089560
lacIp,0.021739130434782608,45,45,AGTACCCAGACACCCCCATA,0,2087272
lacIp,0.022222222222222223,44,44,GTCATTGCGGTATATCCCTA,0,2086255
lacIp,0.022222222222222223,44,44,CACTACCCAAAGATCTTTTA,0,2090250
lacIp,0.022727272727272728,43,43,TCCGAGCATTACCCTCGTAG,0,2090852
lacIp,0.022727272727272728,43,43,GGATTCAAGTAAACGCCGAT,0,2094044
lacIp,0.022727272727272728,43,43,CTCTTTACGTTTCACAGCAT,0,2096952
lacIp,0.022727272727272728,43,43,CAACGTATATACGCAAGTAT,0,2119668
lacIp,0.022727272727272728,43,43,AGCTGACCGCGAGTAAAGGC,0,2115417
lacIp,0.023255813953488372,42,42,TTTACTAGGAAGACGCGGGG,0,2118671
lacIp,0.023255813953488372,42,42,TTCTCTATTCCCTTCGACGA,0,2100371
lacIp,0.023255813953488372,42,42,TGCTGTTACACGTTATCGCA,0,2105535
lacIp,0.023255813953488372,42,42,GTAATGTCGCTAGTGCGTAG,0,2097093
lacIp,0.023809523809523808,41,41,TGGTTGTGAAGCATCCACAT,0,2110391
lacIp,0.023809523809523808,41,41,GTCACAATGACCCCAGTTCC,0,2116580
lacIp,0.023809523809523808,41,41,CGTGAGACTTCATAACATCA,0,2104246
lacIp,0.023809523809523808,41,41,CGCTCCGGGGTCCCACTTTA,0,2103522
lacIp,0.023809523809523808,41,41,CCGGATGACTACGCCCAGTA,0,2113964
lacIp,0.023809523809523808,41,41,CCATGCAGGCATATCGCAAA,0,2086176
lacIp,0.024390243902439025,40,40,TACCGAAGTTTCGTTAGGGA,0,2088922
lacIp,0.024390243902439025,40,40,GGAGGCTAAAGCGTTTACAT,0,2114909
lacIp,0.024390243902439025,40,40,CATCCGCCTGGGCTGCGATA,0,2094086
lacIp,0.024390243902439025,40,40,CAGTCTTAATGATGTACGAT,0,2092388
lacIp,0.024390243902439025,40,40,ATGTACGAGGATTGGCAACA,0,2110371
lacIp,0.024390243902439025,40,40,ATGAGTGTCGTTTGATGTGC,0,2090185
lacIp,0.025,39,39,TCATATTGCGCTGTAGCCGT,0,2095238
lacIp,0.025,39,39,GCACAATATTAGCATCAATA,0,2112374
lacIp,0.025,39,39,CCAATGATAAATCAAGGCAT,0,2097504
lacIp,0.025,39,39,ATGCAAATCGGCCAAAAACG,0,2103845
lacIp,0.025,39,39,AAGATCTCGCACAGGCTGTC,0,2090040
lacIp,0.02564102564102564,38,38,TCTGAAAACCCTCGGGTCAA,0,2092598
lacIp,0.02564102564102564,38,38,TCCCCTTGTTGCCAAGCGTT,0,2087692
lacIp,0.02564102564102564,38,38,GTCTTTAGGGTTACTACGCT,0,2088169
lacIp,0.02564102564102564,38,38,GGGCTATTCAGATGCAGTAA,0,2098656
lacIp,0.02564102564102564,38,38,CGTAACTCGGAACAAAGTCA,0,2118561
lacIp,0.02564102564102564,38,38,CAAAGACGGTATGATCCCGT,0,2106456
lacIp,0.02564102564102564,38,38,ACTTTCCAGAATGATAGTAT,0,2102830
lacIp,0.02631578947368421,37,37,TTACCACTGCAGGGCAAGAT,0,2086967
lacIp,0.02631578947368421,37,37,TGGTGGAGTAAGGCGATGTA,0,2096638
lacIp,0.02631578947368421,37,37,GGTGAGGTTCGATGTAAGAT,0,2107393
lacIp,0.02631578947368421,37,37,CATCGGGAAGAATCGAATGT,0,2102019
lacIp,0.02631578947368421,37,37,AGTACCAGTTAGCAACAATT,0,2091704
lacIp,0.02631578947368421,37,37,AGGGGTATCGACAGGTGAGT,0,2104590
lacIp,0.02702702702702703,36,36,CTTCGTGAAGAGTAAAGCTG,0,2096232
lacIp,0.02702702702702703,36,36,CGTGCGCCTCCGCCCCACCT,0,2097711
lacIp,0.02702702702702703,36,36,CGCTGCCAGCCGCGAACCTT,0,2094927
lacIp,0.02702702702702703,36,36,AGTCTTGGGGTAAGTACTGA,0,2104593
lacIp,0.02702702702702703,36,36,AGATAATTGACCTAGGGATA,0,2105600
lacIp,0.027777777777777776,35,35,TGTAACTGCAAGGGCTAATT,0,2091413
lacIp,0.027777777777777776,35,35,TGAGTTCTCTGAGCATTATT,0,2093389
lacIp,0.027777777777777776,35,35,TCCGAAACCGGTCATCGCAA,0,2086308
lacIp,0.027777777777777776,35,35,GTGCCTATCACTCTAAGAAT,0,2091213
lacIp,0.027777777777777776,35,35,GTCATATCATAAGATACGGT,0,2091051
lacIp,0.027777777777777776,35,35,GTATGTGATCGCTGCATCGA,0,2092168
lacIp,0.027777777777777776,35,35,CTTATATAGGGCACTATCGA,0,2107404
lacIp,0.027777777777777776,35,35,CTAAACGTCGTATAAATAAA,0,2114164
lacIp,0.027777777777777776,35,35,CGTGTACCTATATTTCTGCA,0,2109445
lacIp,0.027777777777777776,35,35,CCGTGCTATTCCCACGTTTA,0,2099687
lacIp,0.027777777777777776,35,35,ATATTGCGTCTCGCACTTAT,0,2087189
lacIp,0.02857142857142857,34,34,TTAGTGATAAACCACACCTG,0,2120269
lacIp,0.02857142857142857,34,34,TCTCCCTCGAACGTCTTACA,0,2087974
lacIp,0.02857142857142857,34,34,TAATTGAGAGGATTATATGC,0,2086213
lacIp,0.02857142857142857,34,34,GGGGTAGTTACGAGAGCCAT,0,2107205
lacIp,0.02857142857142857,34,34,GCTGGGGTGTTATTAGATAG,0,2089552
lacIp,0.02857142857142857,34,34,GCGGTCCTGTAGATTTCCGG,0,2111685
lacIp,0.02857142857142857,34,34,GATAACGGGGCAGTTATGCC,0,2115929
lacIp,0.02857142857142857,34,34,CCTGGCATATTTTCGGTACA,0,2088746
lacIp,0.02857142857142857,34,34,CACCAAGCCAGCATTTCTCA,0,2111057
lacIp,0.02857142857142857,34,34,AATGACGGACGGATTTGTCA,0,2108745
lacIp,0.029411764705882353,33,33,TCTCCCCATATCCTCTGTGT,0,2096273
lacIp,0.029411764705882353,33,33,TCACTCTATCGTTCGACGTG,0,2112241
lacIp,0.029411764705882353,33,33,TAGGCTAGGCTCCACGTAAC,0,2094211
lacIp,0.029411764705882353,33,33,TAAATACTGTGCGTCATCGT,0,2108545
lacIp,0.029411764705882353,33,33,GTGAGTGGGAGACTGATACA,0,2111096
lacIp,0.029411764705882353,33,33,GTCGGCCGATAATTGTGTGG,0,2121689
lacIp,0.029411764705882353,33,33,CGTTTCATGAATTTTGCGCT,0,2099414
lacIp,0.029411764705882353,33,33,CGGATCGCCCTACTTACCGA,0,2106160
lacIp,0.029411764705882353,33,33,CAAGTAGCACTTGATATGTT,0,2102784
lacIp,0.029411764705882353,33,33,ATGTGTATCTCTATCCGCCT,0,2090748
lacIp,0.029411764705882353,33,33,ACTTTCGGAGATGAACCACT,0,2107011
lacIp,0.029411764705882353,33,33,ACGAGGTAAGGCAGCTTAGG,0,2091278
lacIp,0.029411764705882353,33,33,ACCATGAAATGAATGGCCCA,0,2088739
lacIp,0.030303030303030304,32,32,TTTAGCTCGAAACTGGGGGG,0,2105187
lacIp,0.030303030303030304,32,32,TACAAGGTGCAGATACGAGT,0,2087416
lacIp,0.030303030303030304,32,32,GGATTACTACGGTTTCGTGT,0,2099568
lacIp,0.030303030303030304,32,32,GATTATTGGCACCTTAATAT,0,2096620
lacIp,0.030303030303030304,32,32,CTGTGGTATCTGGCCCCCAC,0,2091989
lacIp,0.030303030303030304,32,32,CTCGCTCACTATGGGCCGGG,0,2102053
lacIp,0.030303030303030304,32,32,CGGAAAATGTACGATATCAG,0,2089065
lacIp,0.030303030303030304,32,32,CCGCGCATAATCAGGTTAGT,0,2104350
lacIp,0.030303030303030304,32,32,CCACTGAGCCGCATGCTAAG,0,2089534
lacIp,0.030303030303030304,32,32,CATTTAACGAGGTGCCGAAT,0,2117996
lacIp,0.030303030303030304,32,32,CAATACCGACACTCTTCAAA,0,2092815
lacIp,0.030303030303030304,32,32,AGCGACCGATGGCGTCGGAG,0,2094813
lacIp,0.030303030303030304,32,32,ACGCAGCGGCTGAATATGAC,0,2095555
lacIp,0.030303030303030304,32,32,ACGCAAACCGGCAGATATAT,0,2096305
lacIp,0.030303030303030304,32,32,AACTCTAGGAAGTGAGCTAG,0,2088214
lacIp,0.030303030303030304,32,32,AACCAATCCTTACATTGTTG,0,2118606
lacIp,0.03125,31,31,TGCTGCCCCCAGTCTCGTAG,0,2093109
lacIp,0.03125,31,31,TCTCCACCTTTCTGGGACCT,0,2107941
lacIp,0.03125,31,31,TCCACTGACCCATCGGGCAA,0,2114616
lacIp,0.03125,31,31,GGGGGCTATTTGAATGCATG,0,2091377
lacIp,0.03125,31,31,GATTGAATTAAATGGCATGT,0,2093681
lacIp,0.03125,31,31,GAATTGAGATCTTTAAGTGA,0,2095804
lacIp,0.03125,31,31,CGACTTAGAAGTCTATTTAC,0,2089871
lacIp,0.03125,31,31,CCGAGTGCTTGTGATCGCTT,0,2116883
lacIp,0.03125,31,31,CCCTTCCACACCCCGAGGGT,0,2100793
lacIp,0.03125,31,31,CAGGCTTGCGCACCCGTGGC,0,2088250
lacIp,0.03125,31,31,ATCCTCCCGCGACCGTTAAT,0,2110846
lacIp,0.03125,31,31,AGCTTGCGCTTCGAGCTCCA,0,2111353
lacIp,0.03125,31,31,AATTCGTCACGTTATGACAT,0,2096912
lacIp,0.03125,31,31,AACGGATAGATAGTCTGTCG,0,2102712
lacIp,0.03225806451612903,30,30,TTGCAGGCAGTTTTTAGGGA,0,2097940
lacIp,0.03225806451612903,30,30,TTACAGGTTACCAACGAGGC,0,2098210
lacIp,0.03225806451612903,30,30,TGTCGGGTAAATTACTGGGA,0,2099645
lacIp,0.03225806451612903,30,30,TGTAGAAAAGCTTCCGATAA,0,2105861
lacIp,0.03225806451612903,30,30,TCGTCTAGATTATGTCACTA,0,2114038
lacIp,0.03225806451612903,30,30,TCCGAGCCTCCGGACTCTGA,0,2120662
lacIp,0.03225806451612903,30,30,GCGTTCAGTCAATGGGCGCT,0,2100528
lacIp,0.03225806451612903,30,30,GATTGTGCTACGTGTGCGTT,0,2092499
lacIp,0.03225806451612903,30,30,GACCTGTATCGCGACGGATA,0,2103917
lacIp,0.03225806451612903,30,30,CTCCCGAGGATGGACACACT,0,2089195
lacIp,0.03225806451612903,30,30,CTATGAAAGAGAGGCAGGTT,0,2090940
lacIp,0.03225806451612903,30,30,CGTTATTTGGGTACTGCGTC,0,2090978
lacIp,0.03225806451612903,30,30,CGAGTGAGACTGGGTGAGTA,0,2104974
lacIp,0.03225806451612903,30,30,CGAAAATGTGTACTCTGAGC,0,2105574
lacIp,0.03225806451612903,30,30,CCTAGTGCCGTATGATTGTT,0,2115431
lacIp,0.03225806451612903,30,30,CCGTGGGCGAACATCATTGG,0,2099499
lacIp,0.03225806451612903,30,30,CCGAGGGGAGGGTAACGGTA,0,2089962
lacIp,0.03225806451612903,30,30,CCGACGAGGGCGCACGGATA,0,2117589
lacIp,0.03225806451612903,30,30,CAGGCACCGATTTGAGTGGA,0,2099162
lacIp,0.03225806451612903,30,30,CAGCAGCGTTACAACAGATG,0,2093544
lacIp,0.03225806451612903,30,30,ATGCCCACGTAATGCCCGAA,0,2086182
lacIp,0.03225806451612903,30,30,ATCGTCACTTCGAGGGTTAG,0,2105886
lacIp,0.03225806451612903,30,30,ACTTGCTTCTTCTATCGGAC,0,2106242
lacIp,0.03225806451612903,30,30,ACCACATAAAATAGCAACAC,0,2109701
lacIp,0.03225806451612903,30,30,AATGCTCATGTCGCTTGGCT,0,2091276
lacIp,0.03225806451612903,30,30,AAGTCGTAGCACCCTGGGTA,0,2110517
lacIp,0.03225806451612903,30,30,AAGACCGTCGCAGTCGGACA,0,2115178
lacIp,0.03333333333333333,29,29,TTCTAAGGTGGAATGTATAA,0,2099798
lacIp,0.03333333333333333,29,29,TTACGCGCTTTGTTCGGAGC,0,2100704
lacIp,0.03333333333333333,29,29,TTAAGGCTACCATTCTGGTA,0,2109547
lacIp,0.03333333333333333,29,29,TGGGCATTTCGCTGCACCTT,0,2097485
lacIp,0.03333333333333333,29,29,TGCTTACGTCTCGGCAGCTA,0,2100520
lacIp,0.03333333333333333,29,29,TGCCCAACGTCTAGTTATAG,0,2091411
lacIp,0.03333333333333333,29,29,TCCTACGTGACTATTGGTGT,0,2108634
lacIp,0.03333333333333333,29,29,TCCCTGTGTCGAGTTTTCCA,0,2112980
lacIp,0.03333333333333333,29,29,TCAGTCTACTGCTTCCGGGG,0,2119975
lacIp,0.03333333333333333,29,29,TAAGCAGGGGCAATGAGCAT,0,2086909
lacIp,0.03333333333333333,29,29,GTTGGTTCTGATTCGGATGT,0,2093069
lacIp,0.03333333333333333,29,29,GGGTCCAAGTGTTCCTACAC,0,2098209
lacIp,0.03333333333333333,29,29,GCAACCTGGAAGGACGGTTT,0,2088286
lacIp,0.03333333333333333,29,29,GAATCTGTAAGGTCCTAAAA,0,2089383
lacIp,0.03333333333333333,29,29,CGCACAAACCCCATAATGAG,0,2115744
lacIp,0.03333333333333333,29,29,CCGTGTAGGACATAGAGGTG,0,2104382
lacIp,0.03333333333333333,29,29,CATGTTATAGAGAATAAGCA,0,2113112
lacIp,0.03333333333333333,29,29,CACCGGGGAGTTAAGTATGG,0,2120390
lacIp,0.03333333333333333,29,29,ATCATCCGTCATCAAAATAC,0,2114544
lacIp,0.03333333333333333,29,29,ATCAACTCGTGACGAGACTT,0,2093263
lacIp,0.03333333333333333,29,29,ACTCTGTCGCCTGGGCTTGA,0,2113111
lacIp,0.03333333333333333,29,29,AAGACCTCTGATGATGATTC,0,2113912
lacIp,0.034482758620689655,28,28,TTGAGCCTTGGCAGCACCGG,0,2098075
lacIp,0.034482758620689655,28,28,TTCATGGTTCGACGCAGGGA,0,2102294
lacIp,0.034482758620689655,28,28,TGCTGCAAAGGGAATGTTCC,0,2089056
lacIp,0.034482758620689655,28,28,TCTACAACTTTCAGTGACGA,0,2094858
lacIp,0.034482758620689655,28,28,TCAGGGGCAACGGCTTCCTC,0,2091184
lacIp,0.034482758620689655,28,28,GTTAACCTACCATTGTGCTT,0,2119492
lacIp,0.034482758620689655,28,28,GTGTCAGGCTGACGTGATAT,0,2111334
lacIp,0.034482758620689655,28,28,GTGGAGCGTATCGCAATCAA,0,2107561
lacIp,0.034482758620689655,28,28,GTATTTGATTTTGTGTGGAC,0,2109538
lacIp,0.034482758620689655,28,28,GGGGCATACGATTATTGTTT,0,2089381
lacIp,0.034482758620689655,28,28,CTTTGCCCGGAGTAAGGTAC,0,2090261
lacIp,0.034482758620689655,28,28,CTGCAACAGGGCAACAGTTG,0,2109924
lacIp,0.034482758620689655,28,28,CTATACAGACGACATGATCA,0,2095843
lacIp,0.034482758620689655,28,28,CGTGGTTCGAAGCGCTGTTT,0,2104377
lacIp,0.034482758620689655,28,28,CCGAACCAGCAAGGACCGCT,0,2117859
lacIp,0.034482758620689655,28,28,CCATCGATAAATAATGCGTT,0,2102225
lacIp,0.034482758620689655,28,28,CCAGATGGGGAGCGTTGGAT,0,2111490
lacIp,0.034482758620689655,28,28,AGAAACCCGTGAGGTATCCT,0,2088872
lacIp,0.034482758620689655,28,28,ACGGAATGACGTTTTCATTC,0,2090818
lacIp,0.034482758620689655,28,28,AATGTAACCAAACTGCCGAC,0,2109440
lacIp,0.034482758620689655,28,28,AAGGATGTAGTCTGAATGCA,0,2088111
lacIp,0.034482758620689655,28,28,AAGGACTGTCTGCACACCGA,0,2109363
lacIp,0.034482758620689655,28,28,AAAGAACGAGTCCCCGTTAA,0,2086280
lacIp,0.03571428571428571,27,27,TTTATCTATCGTTTTTTGTT,0,2101127
lacIp,0.03571428571428571,27,27,TTCCCTGGGACACTTGTAGT,0,2122206
lacIp,0.03571428571428571,27,27,TTACAATGTTGAATGGGGAT,0,2086305
lacIp,0.03571428571428571,27,27,TGTCACGATAATGGTATCGC,0,2087173
lacIp,0.03571428571428571,27,27,TGGTAATAGCACGGCACGGG,0,2105685
lacIp,0.03571428571428571,27,27,TGGGGTCGGCTAGTGGCGCA,0,2093775
lacIp,0.03571428571428571,27,27,TCTCTACCCGGAGTTTGTCC,0,2110726
lacIp,0.03571428571428571,27,27,TACCCACCCCCTTCTGCTGA,0,2091745
lacIp,0.03571428571428571,27,27,GCTCTCTCACTGAATAGTTC,0,2091439
lacIp,0.03571428571428571,27,27,GCGTGGGATGGTAATGAGTA,0,2098743
lacIp,0.03571428571428571,27,27,CTGGATTCAGGCCATTGTCT,0,2093551
lacIp,0.03571428571428571,27,27,CTGAGATCGCCTGAGGTGGT,0,2093787
lacIp,0.03571428571428571,27,27,CTGAAGGGTCGCATACACCG,0,2103676
lacIp,0.03571428571428571,27,27,CGGAATGCATTCGTCGCTTG,0,2111759
lacIp,0.03571428571428571,27,27,CCCTATAAAGGTATTCCCCA,0,2118378
lacIp,0.03571428571428571,27,27,CCACAACGATGCTACGCAAA,0,2098180
lacIp,0.03571428571428571,27,27,CATCCGCCCCATCTCACTGT,0,2089793
lacIp,0.03571428571428571,27,27,CACCGATGCTCAACTCCGAT,0,2088233
lacIp,0.03571428571428571,27,27,CACCAGGGCCTCGGTAAACA,0,2116461
lacIp,0.03571428571428571,27,27,CAATCTGAGGTGTATGTTCT,0,2089635
lacIp,0.03571428571428571,27,27,ATTTAAATGAATCACTCAGG,0,2103291
lacIp,0.03571428571428571,27,27,AGTTCCCTCGTCCAATACGT,0,2119877
lacIp,0.03571428571428571,27,27,AGTTATTCTCGGGTCTTAGT,0,2117991
lacIp,0.03571428571428571,27,27,AGTGCGATAGCCGAGGGTTA,0,2111178
lacIp,0.03571428571428571,27,27,AGGGACGAGCAGATTCAAAG,0,2112401
lacIp,0.03571428571428571,27,27,AGCTCTCGGTTCTCCGCACT,0,2110353
lacIp,0.03571428571428571,27,27,ACGCAGCTCCTCAAAAGATG,0,2113230
lacIp,0.03571428571428571,27,27,ACATACGTACTTTTTCCGTA,0,2093486
lacIp,0.03571428571428571,27,27,AAAGCCTTTCATGCGAGAGT,0,2089330
lacIp,0.037037037037037035,26,26,TTTGGCATGGCAAACGTGTA,0,2102631
lacIp,0.037037037037037035,26,26,TTCTGGTCCGGCTAAACCGC,0,2110022
lacIp,0.037037037037037035,26,26,TTATCGTACAGCACCCGCAT,0,2102220
lacIp,0.037037037037037035,26,26,TTACGACGTTCTAAATCGAC,0,2112646
lacIp,0.037037037037037035,26,26,TTAATTGGAGCACCTGTGAC,0,2111893
lacIp,0.037037037037037035,26,26,TTAACTTTGGCTCGTCGCGA,0,2112769
lacIp,0.037037037037037035,26,26,TCTAGAGGTGACAACCGTTT,0,2107968
lacIp,0.037037037037037035,26,26,TAGGCACATGTACTAAACGG,0,2106899
lacIp,0.037037037037037035,26,26,TACTCAGCGTGGGGTTGTGG,0,2085715
lacIp,0.037037037037037035,26,26,TACCAGTGGGTGCATTTAAT,0,2120038
lacIp,0.037037037037037035,26,26,GTTCATCGAGGAGGACCGCA,0,2105721
lacIp,0.037037037037037035,26,26,GTAATTGGCCAGCTCATCCA,0,2113509
lacIp,0.037037037037037035,26,26,GGGATTCCCATGGCACGTGT,0,2088937
lacIp,0.037037037037037035,26,26,GGCATACGTTCTTGTTTCGA,0,2097117
lacIp,0.037037037037037035,26,26,GGAGGTCTGCGTCCAGGGCT,0,2102405
lacIp,0.037037037037037035,26,26,GCTGAGGGTCAGACGCCGGT,0,2110493
lacIp,0.037037037037037035,26,26,GCGGGCTACTTAGATATTGA,0,2086082
lacIp,0.037037037037037035,26,26,GCGACCTACATCGAGAATAA,0,2121543
lacIp,0.037037037037037035,26,26,GCCAGTTAGAAGATTCGGGA,0,2112864
lacIp,0.037037037037037035,26,26,GCAGAACTGGTACCGGAGAT,0,2103330
lacIp,0.037037037037037035,26,26,GAGAATGGAACCTTCGTGAG,0,2095665
lacIp,0.037037037037037035,26,26,GAGAACCTGTGAGTCGCAGT,0,2111847
lacIp,0.037037037037037035,26,26,GAAGGACAGGCTTGACGAGG,0,2090411
lacIp,0.037037037037037035,26,26,CTGACCAAGTGCGTGTTCTC,0,2095429
lacIp,0.037037037037037035,26,26,CTATATCGGTGTCACGTCAG,0,2114170
lacIp,0.037037037037037035,26,26,CGTATGATCAAGGTTACGAC,0,2097114
lacIp,0.037037037037037035,26,26,CGCGCAGTCTGCCAGGCGGT,0,2105742
lacIp,0.037037037037037035,26,26,CGACTTTCTAGACTGCGCAA,0,2102352
lacIp,0.037037037037037035,26,26,CCTGCCATGCAACAATTCGT,0,2090649
lacIp,0.037037037037037035,26,26,CCGTCAGTTACGAAGCGTGA,0,2086725
lacIp,0.037037037037037035,26,26,CCATAAAAGGATTCACTTAG,0,2098119
lacIp,0.037037037037037035,26,26,CATATGGGTGCGCCCCATCT,0,2107755
lacIp,0.037037037037037035,26,26,AGCTTGAGTGGTTCCTTGCG,0,2089921
lacIp,0.037037037037037035,26,26,AGAGTTCTCCCAAGCATTCT,0,2111095
lacIp,0.037037037037037035,26,26,AGAAGTTCCCACACTGGATA,0,2120447
lacIp,0.037037037037037035,26,26,ACCCGCACAAAAATAAGGAA,0,2094395
lacIp,0.037037037037037035,26,26,ACATGGTGGGCCGATCCCAG,0,2101822
lacIp,0.037037037037037035,26,26,AAGTGCCTCTGTGCTGTTTT,0,2097534
lacIp,0.037037037037037035,26,26,AACTTGAAGGGCTACACCTA,0,2103285
lacIp,0.037037037037037035,26,26,AACGGCAGTCGCTTCTAGGG,0,2110698
lacIp,0.038461538461538464,25,25,TGTTGTTGGGCCACCCCGGT,0,2112640
lacIp,0.038461538461538464,25,25,TGTCTGTAGCCCCAGGGCGT,0,2108629
lacIp,0.038461538461538464,25,25,TGCTGATCGGCCCACGCTGA,0,2098208
lacIp,0.038461538461538464,25,25,TGCTACTGCAATGATGGACA,0,2103918
lacIp,0.038461538461538464,25,25,TGAAGCTGGACCCGGACAAA,0,2087981
lacIp,0.038461538461538464,25,25,TCTTGTTCTTGCTTGTTCGT,0,2087910
lacIp,0.038461538461538464,25,25,TCGCTCGTCATGCGGGGGCA,0,2119956
lacIp,0.038461538461538464,25,25,TCGCGGGTCTCCTTAGACCC,0,2087244
lacIp,0.038461538461538464,25,25,TAACTCCATATCGGTTCTTT,0,2089658
lacIp,0.038461538461538464,25,25,GTTAGATGCACGCCCGGAAA,0,2087021
lacIp,0.038461538461538464,25,25,GTGGCAATCACGCACTAGCA,0,2112660
lacIp,0.038461538461538464,25,25,GTATGTGACGGCACAACCGC,0,2095114
lacIp,0.038461538461538464,25,25,GTAGGTGGTAGGCCAAGAAT,0,2110392
lacIp,0.038461538461538464,25,25,GTAGGTACCAGCAGTCCGTA,0,2115299
lacIp,0.038461538461538464,25,25,GGTTAGGTCTACAAGAAATA,0,2103558
lacIp,0.038461538461538464,25,25,GGGGTTATCGGCCCGAAGCA,0,2093619
lacIp,0.038461538461538464,25,25,GGAGCCTCACCCTACAACTT,0,2119590
lacIp,0.038461538461538464,25,25,GATAGGGAGTCTTGCTTTGA,0,2115495
lacIp,0.038461538461538464,25,25,GAGTTGGAACCCTGTTCGTC,0,2101767
lacIp,0.038461538461538464,25,25,GACACTGAGTATCTCCACAT,0,2091648
lacIp,0.038461538461538464,25,25,GACACATACTGTCTGTAGGA,0,2086481
lacIp,0.038461538461538464,25,25,GAATCGTTATATGAGTAGTA,0,2101594
lacIp,0.038461538461538464,25,25,CTGTACGATGATACTTACGA,0,2087437
lacIp,0.038461538461538464,25,25,CTGGATTGTGAGAATGGTCT,0,2101328
lacIp,0.038461538461538464,25,25,CTGCGCAAGAACGTCCTGAA,0,2088594
lacIp,0.038461538461538464,25,25,CTGAGAAGTGTGGACCTAGA,0,2107754
lacIp,0.038461538461538464,25,25,CTCGTTTCTGGTCAAGCCCG,0,2102615
lacIp,0.038461538461538464,25,25,CTCGACGATGGTCTTGGATG,0,2086518
lacIp,0.038461538461538464,25,25,CTAGCTCAAACACTCGGGTC,0,2115387
lacIp,0.038461538461538464,25,25,CGTGGGATGAGTCAAATACA,0,2086592
lacIp,0.038461538461538464,25,25,CGGCCGTAGTTAATAGCTCC,0,2091328
lacIp,0.038461538461538464,25,25,CGCGAGACGTAAAATCGAGG,0,2095373
lacIp,0.038461538461538464,25,25,CCTATGATTCTCCGCGTATG,0,2097309
lacIp,0.038461538461538464,25,25,CCGGAAGGCGCCCACTCAAC,0,2093758
lacIp,0.038461538461538464,25,25,CCAGTACAGTCCATGTCCAC,0,2097541
lacIp,0.038461538461538464,25,25,CAGTAGCCACTTCTCAAAGA,0,2098258
lacIp,0.038461538461538464,25,25,CAGCCAGTGTTGTTTTGAAG,0,2094260
lacIp,0.038461538461538464,25,25,CACTATGCCTTACTGCTTTT,0,2101195
lacIp,0.038461538461538464,25,25,CACCAATCCGGACCAGTGTA,0,2118957
lacIp,0.038461538461538464,25,25,CAACGTTAAAATCCGGCGGA,0,2112862
lacIp,0.038461538461538464,25,25,ATTACATCAGTACTATCTCT,0,2087054
lacIp,0.038461538461538464,25,25,ATAACGCACAACCAGAGGCT,0,2092645
lacIp,0.038461538461538464,25,25,AGAAATGCCCGTCCATACGT,0,2095844
lacIp,0.038461538461538464,25,25,ACTAGGTCCGCGGTCCACTA,0,2086042
lacIp,0.038461538461538464,25,25,ACACAGCGAGTCTCAAAGCC,0,2121764
lacIp,0.038461538461538464,25,25,AAACAACCGATTACGTGGAA,0,2103814
lacIp,0.038461538461538464,25,25,AAAATGCCAGGATAATGAAC,0,2087730
lacIp,0.04,24,24,TTTGGAGCTGATACAGGCTA,0,2089431
lacIp,0.04,24,24,TTGCAAGCAGATGCCTGCAA,0,2087391
lacIp,0.04,24,24,TTAGCCTACAAATTGACTAG,0,2106195
lacIp,0.04,24,24,TGTACATATTTCTGCAACTG,0,2116255
lacIp,0.04,24,24,TGGTATAGCCCACTTCGGAG,0,2096743
lacIp,0.04,24,24,TGCCCTGACCAACGTGCGAT,0,2111890
lacIp,0.04,24,24,TGCAGCGATTGGCTTCGAAG,0,2086431
lacIp,0.04,24,24,TCTCGTTACCGGGATTGAAG,0,2089582
lacIp,0.04,24,24,TCCCCACGCTGAACTCTCTC,0,2103685
lacIp,0.04,24,24,TCATCACTCGGCAGAACGAA,0,2098228
lacIp,0.04,24,24,TATCACCATGACGAACACTG,0,2089450
lacIp,0.04,24,24,TAGCCAAATATTCAGAACAC,0,2107327
lacIp,0.04,24,24,TACGAGAGTGTACATGCTGT,0,2099245
lacIp,0.04,24,24,TACCCGAGGAATAAATTCGA,0,2093660
lacIp,0.04,24,24,GTCCCGTGCAGGAGCTCCAC,0,2100452
lacIp,0.04,24,24,GTCATACCCTACCTGCCAGC,0,2114659
lacIp,0.04,24,24,GGGATAAGTTACGATACTAA,0,2117860
lacIp,0.04,24,24,GGAGCTTTACTAACCAGCAG,0,2094180
lacIp,0.04,24,24,GCCTTAACATAAACCATGAT,0,2092757
lacIp,0.04,24,24,GCCGACTGATGTGCGCCACT,0,2111219
lacIp,0.04,24,24,GCAGTCGCATTGCTACTGCG,0,2116314
lacIp,0.04,24,24,GCAATATCGCTTTCAAAGTG,0,2089792
lacIp,0.04,24,24,GATCCGTTTGGTCCACGACT,0,2087104
lacIp,0.04,24,24,GACACTTACGGTGGAATTGT,0,2116085
lacIp,0.04,24,24,GAATCCAAGCGTGAAGCTAT,0,2094455
lacIp,0.04,24,24,CTTGCTACAGTTAATAAAAT,0,2108985
lacIp,0.04,24,24,CTGCGTACAGGTGCGCTAGA,0,2091378
lacIp,0.04,24,24,CTGAGGTTGATCGACGTGAC,0,2104524
lacIp,0.04,24,24,CTCGATCTAATGTTTCCAAT,0,2116423
lacIp,0.04,24,24,CGGTATGGTGGAACCGTGAA,0,2105249
lacIp,0.04,24,24,CCAGATCCCCTGCCCTTTAG,0,2091782
lacIp,0.04,24,24,CATTCAAGTTGGAATATCTT,0,2095378
lacIp,0.04,24,24,ATGGCTCCTTGACGAGACCT,0,2121949
lacIp,0.04,24,24,AGTTAAGCACTATGAGGCTA,0,2091476
lacIp,0.04,24,24,AGGCCCGGCAATTTCTAGCC,0,2090568
lacIp,0.04,24,24,AGCGCAGTCGTGATCGGATA,0,2103409
lacIp,0.04,24,24,ACTGCAATATTAGGGAAGGG,0,2116660
lacIp,0.04,24,24,ACCGGACGGTAATGACTCCA,0,2113007
lacIp,0.04,24,24,AATCGGGCGCATCTCAGCCA,0,2086043
lacIp,0.04,24,24,AAGGAACGGTGCCGGATGAG,0,2120427
lacIp,0.041666666666666664,23,23,TTTACTCCTGAGAGTCACAT,0,2085872
lacIp,0.041666666666666664,23,23,TTGGTTAAGAGCGCGCGATC,0,2098454
lacIp,0.041666666666666664,23,23,TTCGGCGATGCGCTAAAGTC,0,2092728
lacIp,0.041666666666666664,23,23,TGGGAAGTCTGGTAGTGTTT,0,2101179
lacIp,0.041666666666666664,23,23,TGAGTAGCCTCCTAGGGTAT,0,2090848
lacIp,0.041666666666666664,23,23,TCTAATGGCAGTCGGTTTCC,0,2090514
lacIp,0.041666666666666664,23,23,TCGTCGGGGCACCGGCAGCT,0,2097174
lacIp,0.041666666666666664,23,23,TCGGACTATTACTGACTAAA,0,2100457
lacIp,0.041666666666666664,23,23,TACCGGCAAGCTGTGTGTAT,0,2114799
lacIp,0.041666666666666664,23,23,TAAAGCTTATGATGTCATTG,0,2102406
lacIp,0.041666666666666664,23,23,GTTCGCAGCACCGGTTCAAT,0,2107483
lacIp,0.041666666666666664,23,23,GTCAGTGTACAATCCCGTAC,0,2110076
lacIp,0.041666666666666664,23,23,GGGGTGGAGGCCAAGTTTAG,0,2090413
lacIp,0.041666666666666664,23,23,GGGGAGTATAGTCGTATAAG,0,2120142
lacIp,0.041666666666666664,23,23,GCGTCTTGGCCTGGAGTCGT,0,2115316
lacIp,0.041666666666666664,23,23,GCGTAGGAACATCGGCATGA,0,2088831
lacIp,0.041666666666666664,23,23,GCATATTGTAACTACCCTAT,0,2104204
lacIp,0.041666666666666664,23,23,GCAGTCTGGTGTAGACGATG,0,2095305
lacIp,0.041666666666666664,23,23,GATCTTGTGGTTTCGGTATT,0,2091236
lacIp,0.041666666666666664,23,23,GACATCACCGCCTAAATATT,0,2101543
lacIp,0.041666666666666664,23,23,CTCGTTGTAGCTGCAACGAA,0,2116221
lacIp,0.041666666666666664,23,23,CGTGTGTTCAATACGACCTG,0,2104885
lacIp,0.041666666666666664,23,23,CGGGCCGACTGGAATAATGT,0,2090374
lacIp,0.041666666666666664,23,23,CGGCTTCGTGAGGTCATTGA,0,2103497
lacIp,0.041666666666666664,23,23,CGGAACATGTGACATTTACA,0,2104328
lacIp,0.041666666666666664,23,23,CGCGATCGACTCCTCGGATT,0,2109540
lacIp,0.041666666666666664,23,23,CGCCTCGAGAAAAGCTGCAA,0,2107582
lacIp,0.041666666666666664,23,23,CGCAAACAGAGACATACCCA,0,2120282
lacIp,0.041666666666666664,23,23,CCTGGGCGAACGACAACCCT,0,2104073
lacIp,0.041666666666666664,23,23,CCGGTGCTTTCTCTAGCAAT,0,2088561
lacIp,0.041666666666666664,23,23,CCCGTTCTTTCCGCTACCAA,0,2097823
lacIp,0.041666666666666664,23,23,CCCAGGCGCGCTGTACACTT,0,2114221
lacIp,0.041666666666666664,23,23,CCAGTCTTCTTTGACCGATC,0,2090743
lacIp,0.041666666666666664,23,23,CATTGCAGGGGGTAAAACGT,0,2098958
lacIp,0.041666666666666664,23,23,CACAACAAAACGGGTCGTCG,0,2091012
lacIp,0.041666666666666664,23,23,CAAAAGCGAAAACAACTCCA,0,2090258
lacIp,0.041666666666666664,23,23,ATTAGTTAGACCCCGCGGCG,0,2092018
lacIp,0.041666666666666664,23,23,ATGTAGACAATGCTCAAATG,0,2086910
lacIp,0.041666666666666664,23,23,ATGAGCTCTACTCATGAGGG,0,2117037
lacIp,0.041666666666666664,23,23,ATGAGCAATCTTATCTCTGT,0,2107274
lacIp,0.041666666666666664,23,23,ATCTCAATACGTACTTATAC,0,2091526
lacIp,0.041666666666666664,23,23,AGCTTAATGTGCTTAGTGAT,0,2117383
lacIp,0.041666666666666664,23,23,AGCATGTTTGTGGAGTGGAA,0,2093230
lacIp,0.041666666666666664,23,23,AGCAATGGGGGGTCTTGTAT,0,2113302
lacIp,0.041666666666666664,23,23,AGAGCCACAGGGACACGTTG,0,2114776
lacIp,0.041666666666666664,23,23,ACTGGGTTATGGAATCTTGG,0,2092064
lacIp,0.041666666666666664,23,23,ACGAGTGTATAGGTCGGTGT,0,2120774
lacIp,0.041666666666666664,23,23,ACCGCGCGTTAATGGACCAT,0,2104028
lacIp,0.041666666666666664,23,23,ACCACCTCAATCCCCTACGA,0,2106192
lacIp,0.041666666666666664,23,23,AATCGGATACCAACTTGTCC,0,2088774
lacIp,0.041666666666666664,23,23,AACTCTGCATCACCTGAGGC,0,2096244
lacIp,0.041666666666666664,23,23,AAAGATCCTTCGATATGCCG,0,2112704
lacIp,0.043478260869565216,22,22,TTTGGTAATGGCGTAAAAGA,0,2096652
lacIp,0.043478260869565216,22,22,TTGACCGTCGGTGTTGGGCT,0,2108787
lacIp,0.043478260869565216,22,22,TTCCAATGCGCAGGTGTAGG,0,2091947
lacIp,0.043478260869565216,22,22,TTATACGTCAGCTACGACCC,0,2121488
lacIp,0.043478260869565216,22,22,TGTTATAGAACCCGGATTGG,0,2114215
lacIp,0.043478260869565216,22,22,TGTTACGGCGTAGATCGCCT,0,2089457
lacIp,0.043478260869565216,22,22,TGGGTTAGTGTCAATCGCGA,0,2109444
lacIp,0.043478260869565216,22,22,TGAGCCAGCGTGACTGCGTT,0,2097046
lacIp,0.043478260869565216,22,22,TCTTACCGCCAATATGGAGT,0,2106241
lacIp,0.043478260869565216,22,22,TCTGCGCTGGTGTATCACTA,0,2099224
lacIp,0.043478260869565216,22,22,TCCGCCAAGCCCAGTGAACC,0,2100384
lacIp,0.043478260869565216,22,22,TACTCGATGCATGATAAACG,0,2095596
lacIp,0.043478260869565216,22,22,TACTAATAGGCGCTGGGTTA,0,2121929
lacIp,0.043478260869565216,22,22,TACGCGTCCGAAGATCAAGT,0,2102335
lacIp,0.043478260869565216,22,22,TACCGGAGCCCCCTCCCGTT,0,2116001
lacIp,0.043478260869565216,22,22,GTTGTTTCGGCCTAAGTTCC,0,2093845
lacIp,0.043478260869565216,22,22,GTACCGCTTCATACGCACTT,0,2092077
lacIp,0.043478260869565216,22,22,GGTCCGGCGGACATTACGAG,0,2093604
lacIp,0.043478260869565216,22,22,GGCGAAGCGTTAGGTGCTGG,0,2092391
lacIp,0.043478260869565216,22,22,GGATACGAGCCACCAGGGAA,0,2100432
lacIp,0.043478260869565216,22,22,GGAAGCGGGCAAGCTGGAAC,0,2095006
lacIp,0.043478260869565216,22,22,GCTCAAGGCGTTTGTCGGTA,0,2105558
lacIp,0.043478260869565216,22,22,GCGAAACCGTACTCTTGGAA,0,2096376
lacIp,0.043478260869565216,22,22,GCACTTTCCAGCTAGTTAGA,0,2088825
lacIp,0.043478260869565216,22,22,GATATACCATCGGTAGGTGT,0,2105761
lacIp,0.043478260869565216,22,22,GAAGCAAGCTCTCTGTCAGT,0,2092363
lacIp,0.043478260869565216,22,22,GAAACAACTTTGTGAGTTAA,0,2113833
lacIp,0.043478260869565216,22,22,GAAAAGGCATATCTGTTATC,0,2088986
lacIp,0.043478260869565216,22,22,CTGTTGTGGCACACGTTAAA,0,2121863
lacIp,0.043478260869565216,22,22,CTGGACCGGTACTATTTGAT,0,2092778
lacIp,0.043478260869565216,22,22,CTCCAGTTTTATTCAGCGCT,0,2087847
lacIp,0.043478260869565216,22,22,CTCACAAGATCTGAGACATG,0,2093473
lacIp,0.043478260869565216,22,22,CTAGATCGAGCTATTGGGAA,0,2104085
lacIp,0.043478260869565216,22,22,CGTACGGTTTTTGTAGAAAT,0,2090831
lacIp,0.043478260869565216,22,22,CGGTACGAGGTCGCCAGTCC,0,2085927
lacIp,0.043478260869565216,22,22,CGGGAAGGCCTAGCCCGGAG,0,2107586
lacIp,0.043478260869565216,22,22,CGAATTTAATGTTAGTGAAG,0,2110126
lacIp,0.043478260869565216,22,22,CGAATGTGGAGTCTTAGGAC,0,2111356
lacIp,0.043478260869565216,22,22,CCTCACGAATTTAGTAGGTT,0,2121872
lacIp,0.043478260869565216,22,22,CCGGACCTCCTGTTCTCCCA,0,2093474
lacIp,0.043478260869565216,22,22,CCAAGGGCTGCGCACATTGT,0,2099468
lacIp,0.043478260869565216,22,22,CATTGCATGTGTCGGTAGAT,0,2109315
lacIp,0.043478260869565216,22,22,CATACACGCACGTGCACCAA,0,2109226
lacIp,0.043478260869565216,22,22,CAGGCCCAGTAATACTGGTC,0,2113005
lacIp,0.043478260869565216,22,22,CAGCGACATCAGTACCCTCG,0,2114638
lacIp,0.043478260869565216,22,22,CACTCTCGACACTAAAGAAT,0,2095462
lacIp,0.043478260869565216,22,22,CACGTAAATCTACTCCAGTT,0,2100962
lacIp,0.043478260869565216,22,22,CAATTTGGGCACTAGCGTTT,0,2093265
lacIp,0.043478260869565216,22,22,CAACCTTATTGGCCAGCGAC,0,2115188
lacIp,0.043478260869565216,22,22,ATCTGCCTACGCTGCCCTTT,0,2118340
lacIp,0.043478260869565216,22,22,ATCGGCCTACGGTCTCTTGA,0,2097057
lacIp,0.043478260869565216,22,22,ATCGATGAAGAAGCGCAGGA,0,2086484
lacIp,0.043478260869565216,22,22,ACACGATGTAAAAGGTCAGA,0,2092213
lacIp,0.043478260869565216,22,22,ACACATGCTGTCGTGGCACA,0,2101294
lacIp,0.043478260869565216,22,22,AAGACTATGGAATGAGATTT,0,2109089
lacIp,0.043478260869565216,22,22,AACGGGGCACTCTGAGATGA,0,2113667
lacIp,0.043478260869565216,22,22,AAACGCCCAAGGTGAAAGAG,0,2108268
lacIp,0.045454545454545456,21,21,TTTGTGCGGTAAATACGCGA,0,2106087
lacIp,0.045454545454545456,21,21,TTTCTAGAGAGTCAAATGAT,0,2092272
lacIp,0.045454545454545456,21,21,TTGTTATTTTCGACCTAACT,0,2111357
lacIp,0.045454545454545456,21,21,TTCTGCCATAACGTGAGGCT,0,2101487
lacIp,0.045454545454545456,21,21,TTCTATCGAGTTGCTGGTCG,0,2096070
lacIp,0.045454545454545456,21,21,TTCCGGAAGAGTAATCACCT,0,2091916
lacIp,0.045454545454545456,21,21,TTAGAGGTCAAGTAATGCTA,0,2100763
lacIp,0.045454545454545456,21,21,TGTGTGAAGTTGAGGAATTT,0,2098980
lacIp,0.045454545454545456,21,21,TGTACGCCTACCAATCTCTG,0,2096213
lacIp,0.045454545454545456,21,21,TGCCTTGACTAACAAGGGAG,0,2110690
lacIp,0.045454545454545456,21,21,TGAAGTTGCTTGGCGTTACT,0,2108826
lacIp,0.045454545454545456,21,21,TCTGGGAACATAATGTACGC,0,2115501
lacIp,0.045454545454545456,21,21,TCCGTGCAGAGAGTTTGATT,0,2103139
lacIp,0.045454545454545456,21,21,TCATAAGTTGGGGGGTCTAT,0,2095670
lacIp,0.045454545454545456,21,21,TCACCGAGTAATAGGAAGAA,0,2119609
lacIp,0.045454545454545456,21,21,TAGGGATATTCTACTGCTGA,0,2093411
lacIp,0.045454545454545456,21,21,TACAAACTTCTACCAATAGA,0,2106496
lacIp,0.045454545454545456,21,21,TAATACGCCCATCCCTTCTA,0,2107986
lacIp,0.045454545454545456,21,21,TAAGGCCGGCCCCCATGTCA,0,2098229
lacIp,0.045454545454545456,21,21,GTGTTACGCCTAGGCCGAGC,0,2118014
lacIp,0.045454545454545456,21,21,GTATCCTGCGCAGAGATGTA,0,2110593
lacIp,0.045454545454545456,21,21,GGTGGTTTACTTCCCCCACT,0,2090718
lacIp,0.045454545454545456,21,21,GGTGGGGCGCCACCCGACGT,0,2110504
lacIp,0.045454545454545456,21,21,GGAGCATTCGGATGCAAGAA,0,2097589
lacIp,0.045454545454545456,21,21,GCTAAATCATAGTGAATGCA,0,2109197
lacIp,0.045454545454545456,21,21,GCGGGACCAGTCAGGTCAGG,0,2085874
lacIp,0.045454545454545456,21,21,GCCCATAGTCTATACGGACA,0,2097916
lacIp,0.045454545454545456,21,21,GACATGTCCGCGCCGGCTAA,0,2090369
lacIp,0.045454545454545456,21,21,GAAAAGTCCTTCAAGTTATA,0,2092335
lacIp,0.045454545454545456,21,21,CTTCTCGACTTCGTAGGAGG,0,2097092
lacIp,0.045454545454545456,21,21,CTTAATCCCGCAGGCTTGAC,0,2094972
lacIp,0.045454545454545456,21,21,CTCATGCGATGCGCAGGGGT,0,2113686
lacIp,0.045454545454545456,21,21,CTACACAAACATCGGGGGAT,0,2113081
lacIp,0.045454545454545456,21,21,CTAAGGCGATAGCAAGTTCA,0,2094536
lacIp,0.045454545454545456,21,21,CGGTTTCACCCCGAAGCCAT,0,2102715
lacIp,0.045454545454545456,21,21,CGAACGGTGGGCGTTAGGAA,0,2114345
lacIp,0.045454545454545456,21,21,CGAACATTCAGCTCTCCCAC,0,2113837
lacIp,0.045454545454545456,21,21,CCGCACACACCTCTCCCTGG,0,2090513
lacIp,0.045454545454545456,21,21,CCGAGGTAAGTACCCCTCAG,0,2111762
lacIp,0.045454545454545456,21,21,CATGAAGATTTGTCATCCCA,0,2120531
lacIp,0.045454545454545456,21,21,CACTGCGGCGTACGAAGGCA,0,2092177
lacIp,0.045454545454545456,21,21,CACCGGTTTAACTTACCTGT,0,2088195
lacIp,0.045454545454545456,21,21,CAAACAAGTAAAATAGACAA,0,2096746
lacIp,0.045454545454545456,21,21,ATTCTACGGGAAGTTCTCTT,0,2117945
lacIp,0.045454545454545456,21,21,ATTCAGGCAACGCCAGGTAG,0,2099797
lacIp,0.045454545454545456,21,21,ATTACATCCCTCGCCCGCTT,0,2108631
lacIp,0.045454545454545456,21,21,ATGGCATCCTCACCTCGAGC,0,2090222
lacIp,0.045454545454545456,21,21,ATCACCACGCACCCAGGCAA,0,2111286
lacIp,0.045454545454545456,21,21,ATATGTGGAGTATAGGGCAG,0,2105403
lacIp,0.045454545454545456,21,21,ATATCCACTCTTAGGGAAGG,0,2117888
lacIp,0.045454545454545456,21,21,AGTTGCGAATGACTGCTTGA,0,2109312
lacIp,0.045454545454545456,21,21,AGCGTGTCGCAAGGTACAGA,0,2094041
lacIp,0.045454545454545456,21,21,AGCACCATAAGGATGTAATT,0,2093891
lacIp,0.045454545454545456,21,21,AGCACACATCGAGTATACTT,0,2091496
lacIp,0.045454545454545456,21,21,AGAACTCCCCCTACTGCCTA,0,2112490
lacIp,0.045454545454545456,21,21,ACTTGGCCGCATGAGATACT,0,2113792
lacIp,0.045454545454545456,21,21,ACTACCGTCCCAGGCGCACA,0,2099658
lacIp,0.045454545454545456,21,21,ACGTAATTTTATAGGCCTAA,0,2097949
lacIp,0.045454545454545456,21,21,ACCTTTAGTTCGGGTATGAT,0,2116583
lacIp,0.045454545454545456,21,21,ACATGCGCCCTGCGAATTAT,0,2117428
lacIp,0.045454545454545456,21,21,ACACACTTCTAGTAGGGTGT,0,2096149
lacIp,0.045454545454545456,21,21,AATTTTGTGTATGTCAGAGA,0,2092181
lacIp,0.045454545454545456,21,21,AAGGTCGGGGCATCCAATGA,0,2091417
lacIp,0.047619047619047616,20,20,TTTGCGATCGGTGGGGCATC,0,2094152
lacIp,0.047619047619047616,20,20,TTTCCTACAAGTCACCTGAT,0,2094448
lacIp,0.047619047619047616,20,20,TTGGGTGCCATCTTTTATGA,0,2105175
lacIp,0.047619047619047616,20,20,TTGGGGTAGCACCTGTTTCC,0,2099987
lacIp,0.047619047619047616,20,20,TTGAGGTCTATGTCGGAGGT,0,2113965
lacIp,0.047619047619047616,20,20,TTGACATGAAAACCCTCGTC,0,2104736
lacIp,0.047619047619047616,20,20,TTATGGTGAGAAGGGAGATA,0,2095486
lacIp,0.047619047619047616,20,20,TTACAGACTACGTGGGCCTT,0,2089357
lacIp,0.047619047619047616,20,20,TTAAGACTCCATCCGCGCCA,0,2110331
lacIp,0.047619047619047616,20,20,TGGGGTCCCAGGGGTTTACG,0,2100220
lacIp,0.047619047619047616,20,20,TGGCATATCCAAAGCTCGTG,0,2117402
lacIp,0.047619047619047616,20,20,TGGAATAACGGCAGGCGATG,0,2088820
lacIp,0.047619047619047616,20,20,TGATTCCAACGATCACGGCT,0,2096649
lacIp,0.047619047619047616,20,20,TCGGCATCACCACATCTTCG,0,2114503
lacIp,0.047619047619047616,20,20,TCGCTGAACACAACTTCGTG,0,2098888
lacIp,0.047619047619047616,20,20,TCCTCCTCACCTGCTACCTT,0,2102918
lacIp,0.047619047619047616,20,20,TCCGTTACTGGCGTAGGTTG,0,2108049
lacIp,0.047619047619047616,20,20,TCAGGTTCTTTTGGTTCCCA,0,2088792
lacIp,0.047619047619047616,20,20,TCAGCGCTCGAAACTATTAT,0,2101345
lacIp,0.047619047619047616,20,20,TCACAATCCGTTGCGGTTGT,0,2093090
lacIp,0.047619047619047616,20,20,TCAAGGTCTTCTGAGCGGGA,0,2117349
lacIp,0.047619047619047616,20,20,TATCGCTGGACGCGTGTGTC,0,2118759
lacIp,0.047619047619047616,20,20,TATAGGTCCTGCTGCGTATT,0,2120658
lacIp,0.047619047619047616,20,20,TACTACGGCTCTGTCTCAAG,0,2090001
lacIp,0.047619047619047616,20,20,TACCAGCTGATCCCTTTGGG,0,2097417
lacIp,0.047619047619047616,20,20,TACAAGTAGAGCCATTGACT,0,2115270
lacIp,0.047619047619047616,20,20,TAAGTTCACCTGCATATGGT,0,2120445
lacIp,0.047619047619047616,20,20,GTTGGACCGCAATTAAGTGA,0,2108242
lacIp,0.047619047619047616,20,20,GTCGAGGGGGAATCCTCATG,0,2095268
lacIp,0.047619047619047616,20,20,GTACCACCAGCGTGTTTGCA,0,2109778
lacIp,0.047619047619047616,20,20,GGTAGCGGGTTGTTACGGAA,0,2087507
lacIp,0.047619047619047616,20,20,GGGGTTGGATTTAGGAGAGT,0,2111164
lacIp,0.047619047619047616,20,20,GGGACTCGAAAGACCGGCCA,0,2093759
lacIp,0.047619047619047616,20,20,GGCTGTGACGGCGTAACAAA,0,2088801
lacIp,0.047619047619047616,20,20,GGCATCTCAAAATATATAGA,0,2102418
lacIp,0.047619047619047616,20,20,GCTCTGGTTCACTCACTGTA,0,2086488
lacIp,0.047619047619047616,20,20,GCGTATAAACAGGCAACGAG,0,2109574
lacIp,0.047619047619047616,20,20,GCGAACTAATCGTCCGGAAC,0,2107269
lacIp,0.047619047619047616,20,20,GCGAACAAATGTCAGAACCT,0,2095057
lacIp,0.047619047619047616,20,20,GCCTCTGATGACATTGGCAT,0,2114410
lacIp,0.047619047619047616,20,20,GCCGGCATTAACGTGTTGTT,0,2105372
lacIp,0.047619047619047616,20,20,GCCAGTCAACACGAACCCTC,0,2121697
lacIp,0.047619047619047616,20,20,GAGAATTCCACACAAGCCCT,0,2087569
lacIp,0.047619047619047616,20,20,GACCTAATTACGGGCAGAGA,0,2117944
lacIp,0.047619047619047616,20,20,CTTCAGAGTTGAGATGCCAG,0,2118574
lacIp,0.047619047619047616,20,20,CTGCTCGCTAAGTGCCGACA,0,2120098
lacIp,0.047619047619047616,20,20,CTCGCGGCGTTATCTCAAGA,0,2094881
lacIp,0.047619047619047616,20,20,CTAATGCGGCAGACTCGCTT,0,2100541
lacIp,0.047619047619047616,20,20,CTAATATGCGCAGGTTCGTA,0,2094169
lacIp,0.047619047619047616,20,20,CTAACACAAAACTGGCTCGG,0,2112633
lacIp,0.047619047619047616,20,20,CGTTGGGCGTCCAAGCCGCC,0,2088804
lacIp,0.047619047619047616,20,20,CGTTCCTAGGGTCTGGGGTA,0,2105490
lacIp,0.047619047619047616,20,20,CGGAACTTCACCGATTAGAA,0,2103281
lacIp,0.047619047619047616,20,20,CGCGTGTTAAATATTTGCTC,0,2087239
lacIp,0.047619047619047616,20,20,CGATCCCGAGCTGGGCTCTT,0,2100232
lacIp,0.047619047619047616,20,20,CGACAGTCATTTGCCCTGAC,0,2092073
lacIp,0.047619047619047616,20,20,CCTTGAACATTTCCCGACCG,0,2088446
lacIp,0.047619047619047616,20,20,CCGCTGTGTTGACGCGCGGA,0,2109626
lacIp,0.047619047619047616,20,20,CCCCATTCACGTCATTATAA,0,2115029
lacIp,0.047619047619047616,20,20,CCCAAGTCGATCATTTTCAG,0,2092870
lacIp,0.047619047619047616,20,20,CATCGCTTGAGGTTGCGACT,0,2098813
lacIp,0.047619047619047616,20,20,CATCATCCTATAAGTCTAGG,0,2099997
lacIp,0.047619047619047616,20,20,CATCAGCAGCGGCTTAGATT,0,2104146
lacIp,0.047619047619047616,20,20,CAGAGACACCATCGAGGGTT,0,2095700
lacIp,0.047619047619047616,20,20,CACGCACTGGCCGACGCCGC,0,2111601
lacIp,0.047619047619047616,20,20,CACAGTACAAGTTGGTAGGA,0,2095963
lacIp,0.047619047619047616,20,20,CAACACCAGATCTGGCTGAA,0,2106010
lacIp,0.047619047619047616,20,20,CAAACGTACCGTCCTCTTAA,0,2094110
lacIp,0.047619047619047616,20,20,ATTCGCGGTCCGAGATCGTG,0,2090396
lacIp,0.047619047619047616,20,20,ATGTTTCCTATGACGCTGTG,0,2089936
lacIp,0.047619047619047616,20,20,ATCGTATGTGTACGGAATTG,0,2104140
lacIp,0.047619047619047616,20,20,AGTGCACATTTACATTCGTG,0,2105630
lacIp,0.047619047619047616,20,20,AGTCAGTGGCTCACCGAATC,0,2113083
lacIp,0.047619047619047616,20,20,AGGTCCTTTATCCTCACATC,0,2088899
lacIp,0.047619047619047616,20,20,AGGGCTGACTCTCCGACCAC,0,2110081
lacIp,0.047619047619047616,20,20,AGCTTGCGTCTCCAAGGCGA,0,2115890
lacIp,0.047619047619047616,20,20,AGCCAGTTCAATTTGGGTTG,0,2112267
lacIp,0.047619047619047616,20,20,AGATTGTAACTCGGGGGCTC,0,2099864
lacIp,0.047619047619047616,20,20,ACCAGGCAAGCCATGCGTCT,0,2092713
lacIp,0.047619047619047616,20,20,ACATGGGATATGTCGAGGCA,0,2088231
lacIp,0.047619047619047616,20,20,ACAATGATAGCCGCGGATAC,0,2117107
lacIp,0.047619047619047616,20,20,AAGGCCGTACGGACCGATAC,0,2097509
lacIp,0.047619047619047616,20,20,AACTAGGGAACTTGCGGTAC,0,2087424
lacIp,0.047619047619047616,20,20,AAAGTTGCGAACTTGCACGT,0,2089393
lacIp,0.047619047619047616,20,20,AAAGGAACACCTGCGGAATA,0,2108690
lacIp,0.047619047619047616,20,20,AAAACAAATTTCGTGGAACA,0,2105222
lacIp,0.05,19,19,TTTCGGATTTTGCTTGTTAG,0,2101283
lacIp,0.05,19,19,TTGGTATTATTGCCATCTCC,0,2106547
lacIp,0.05,19,19,TTATCGCGGAGATATAGGGT,0,2093122
lacIp,0.05,19,19,TGTGTTGGCAAACCTAGAGT,0,2117540
lacIp,0.05,19,19,TGGCGAGTGGCAGCCACATA,0,2117946
lacIp,0.05,19,19,TGCCGTGTCAACACCAGATA,0,2087217
lacIp,0.05,19,19,TCTGCCACCTGAAGGTTACA,0,2115312
lacIp,0.05,19,19,TCGAATTTCAAGAATATATC,0,2088592
lacIp,0.05,19,19,TCACTAGCACGCAACGGGCT,0,2116120
lacIp,0.05,19,19,TATCAAAATGGTGGTCCGAG,0,2111582
lacIp,0.05,19,19,TAGCATTTTCTAGTCCAATA,0,2099801
lacIp,0.05,19,19,TACAGACTCGATCCTAGCTG,0,2116249
lacIp,0.05,19,19,TAAATGATATACAACTCTGT,0,2102487
lacIp,0.05,19,19,TAAATCTAGGTTTGGAATCG,0,2091325
lacIp,0.05,19,19,GTTGTTCCTGGAGGGTGACG,0,2117845
lacIp,0.05,19,19,GTTCGGTGTCAGTCATAAGA,0,2115687
lacIp,0.05,19,19,GTTCACATGGAAGTTGAGCA,0,2104137
lacIp,0.05,19,19,GTGATCATCATTAGTCAGAG,0,2099961
lacIp,0.05,19,19,GTCTACGGCGCATAGGCTCA,0,2111560
lacIp,0.05,19,19,GTCGTAACGACTACTATTGA,0,2090843
lacIp,0.05,19,19,GTAAGGGGATAGCATGCCTA,0,2095508
lacIp,0.05,19,19,GTAAATTTCCCTGTGTTCTG,0,2101970
lacIp,0.05,19,19,GGTTTGAGATCCCCCCCTGA,0,2098604
lacIp,0.05,19,19,GGTGGCGCAAGCACTGAGAA,0,2109787
lacIp,0.05,19,19,GGTATTACCCACATACCAAG,0,2102745
lacIp,0.05,19,19,GGGTCGCGCAGGCTGAACCT,0,2088426
lacIp,0.05,19,19,GGGGGTCATTGCACTAATCC,0,2102351
lacIp,0.05,19,19,GGGAGCCTACAAGTGCTTAT,0,2102414
lacIp,0.05,19,19,GGGACTGCAGGCTTAGGATA,0,2115685
lacIp,0.05,19,19,GGATCGTCGGGGTAACGTGG,0,2118451
lacIp,0.05,19,19,GCTTGGTACACCGGAAGATT,0,2114536
lacIp,0.05,19,19,GCTGTTTCATGGGGATTCCT,0,2101187
lacIp,0.05,19,19,GCGGGAAACCTATTTGATGT,0,2092511
lacIp,0.05,19,19,GCCTAACCGGGGAAAGGTTT,0,2090363
lacIp,0.05,19,19,GCCGACCTCCGTTGAGCGGG,0,2099710
lacIp,0.05,19,19,GCCATGAGTGATGGCTCAGC,0,2120129
lacIp,0.05,19,19,GATGTCAATGGCGTCGGTCT,0,2090191
lacIp,0.05,19,19,GAGGTTATGTGCGAGGGAAT,0,2111247
lacIp,0.05,19,19,GAACCTGGTGAGCGTTCCCG,0,2118073
lacIp,0.05,19,19,CTTAATCAAGAAATCCGTCA,0,2121795
lacIp,0.05,19,19,CTTAACCATAAGACACTCAC,0,2112016
lacIp,0.05,19,19,CTGAGTTTATCAAAGTTTTA,0,2114241
lacIp,0.05,19,19,CTCAAAGTACTGCCGGCATA,0,2116681
lacIp,0.05,19,19,CTAGCGTCTGTCAGCATAGG,0,2090901
lacIp,0.05,19,19,CGTTGTGGTTGCGTCGTATG,0,2086455
lacIp,0.05,19,19,CGTGAGCTCATTAACACTTC,0,2105890
lacIp,0.05,19,19,CGTAAGTACAAGCTGGCCAT,0,2104804
lacIp,0.05,19,19,CGTAACAAGCCGTAGCCGCG,0,2092888
lacIp,0.05,19,19,CGGTACCTCTCGCTGAGCAT,0,2096662
lacIp,0.05,19,19,CGGCGAAGTCGTCACGGGTA,0,2095076
lacIp,0.05,19,19,CGGCCGGGTGGAGTGGTGGA,0,2107501
lacIp,0.05,19,19,CGGCACGAGCACCCGCCGCT,0,2092062
lacIp,0.05,19,19,CGCTGCAATTTGCTATGCTT,0,2096765
lacIp,0.05,19,19,CGCCCGCGCTGCGTTGGCCG,0,2102649
lacIp,0.05,19,19,CGCCAGCTTTTTAGCCCGAT,0,2120591
lacIp,0.05,19,19,CGATACTTGAGCAACCATTA,0,2090739
lacIp,0.05,19,19,CGACGGGAGCGCACTGGATT,0,2120290
lacIp,0.05,19,19,CCTGCTCCTGGTTAAGATTT,0,2104378
lacIp,0.05,19,19,CCGCCGAAGGAGTTTCCCCA,0,2092911
lacIp,0.05,19,19,CCATGTGCGACTGTTCCTGG,0,2100710
lacIp,0.05,19,19,CCATGCGCAGTCTGTACAAT,0,2111030
lacIp,0.05,19,19,CCATACCTTTCAGTTTCCAA,0,2103284
lacIp,0.05,19,19,CATTTGTTACGCAGTTTCCT,0,2099197
lacIp,0.05,19,19,CAGTTCCCAGATCAGGAACT,0,2095376
lacIp,0.05,19,19,CAATTTACGCCGCCTCCAGT,0,2093731
lacIp,0.05,19,19,CAAGTAGTCCGCATACTCAG,0,2094953
lacIp,0.05,19,19,CAAATTCGTCCGTGGCTTCG,0,2110711
lacIp,0.05,19,19,ATGTACAATTCTCGTGCGTT,0,2112978
lacIp,0.05,19,19,ATCTTTGCGGTGAGCTCTTG,0,2106431
lacIp,0.05,19,19,ATCCCCTCCATATAATCTGA,0,2093113
lacIp,0.05,19,19,AGTCCGATGATTTCTATATG,0,2093932
lacIp,0.05,19,19,AGGCAGGTTACCATCGTGTG,0,2088182
lacIp,0.05,19,19,AGGATAGCACACCACGATAC,0,2092641
lacIp,0.05,19,19,AGCAATCCCTCCGGTCCAAT,0,2097630
lacIp,0.05,19,19,AGAAAATCACGTGCGGCAGC,0,2096834
lacIp,0.05,19,19,ACTCGGCTGGATTCCCGCAG,0,2103601
lacIp,0.05,19,19,ACTAGAATGATTTGTGCTGA,0,2099071
lacIp,0.05,19,19,ACCTCGTGGATTTGCTCGTA,0,2111670
lacIp,0.05,19,19,ACCGGTGTGGTACCATTATG,0,2104114
lacIp,0.05,19,19,ACCCCCTTCTTATACAGTGG,0,2109897
lacIp,0.05,19,19,ACCCATCATGTAGGCTATTA,0,2105988
lacIp,0.05,19,19,ACCACATTATACTTAGAAAT,0,2101096
lacIp,0.05,19,19,ACACACGCACGTAATGCCCT,0,2107290
lacIp,0.05,19,19,AATCATACCCCGCTTACGGC,0,2097740
lacIp,0.05,19,19,AAGTCGCTCAATATGAGTAA,0,2095631
lacIp,0.05,19,19,AAGGCCTCTCACCTTGGAGG,0,2106011
lacIp,0.05,19,19,AAGACAAGTGGAGTCCTCTG,0,2104387
lacIp,0.05,19,19,AACGGTATTAACGAGAAGAA,0,2105107
lacIp,0.05263157894736842,18,18,TTTTGATTGCAGTATAGACT,0,2102662
lacIp,0.05263157894736842,18,18,TTGCATGTATGCGAATACTT,0,2107183
lacIp,0.05263157894736842,18,18,TTCGCAGCCGTGAAATGATC,0,2088917
lacIp,0.05263157894736842,18,18,TTAGGGCTCCCAGGCGCCAA,0,2087024
lacIp,0.05263157894736842,18,18,TTACTAATTACCTGCCAGGA,0,2107628
lacIp,0.05263157894736842,18,18,TGTTCTCATTGTGTTTTCGG,0,2108532
lacIp,0.05263157894736842,18,18,TGTTCGCCATGTCAATAGAA,0,2100399
lacIp,0.05263157894736842,18,18,TGTCTGGTTAGGTCCTCAAT,0,2094481
lacIp,0.05263157894736842,18,18,TGGGGTTCCCATTCAGATGT,0,2097260
lacIp,0.05263157894736842,18,18,TGGGGACGTGCGAAACAGGC,0,2099896
lacIp,0.05263157894736842,18,18,TGCCAGACGTACGTATATGA,0,2121549
lacIp,0.05263157894736842,18,18,TGCAGAGGGAAGGGCTTAGC,0,2090816
lacIp,0.05263157894736842,18,18,TGAGTCTAATGTGCCTTAGC,0,2100647
lacIp,0.05263157894736842,18,18,TGACTAAACTTGCTCGATTA,0,2096380
lacIp,0.05263157894736842,18,18,TGAAGGCTGGGTGTGTGTGG,0,2116673
lacIp,0.05263157894736842,18,18,TCGCCTACGCTCAATAGGTT,0,2100019
lacIp,0.05263157894736842,18,18,TCATGCAAATGTCATTAACG,0,2111014
lacIp,0.05263157894736842,18,18,TCATAGGGTAATGCTACACC,0,2113046
lacIp,0.05263157894736842,18,18,TCAGGCAGTTCCGGTCACTA,0,2087998
lacIp,0.05263157894736842,18,18,TCAGCACCAAGTATTTGAAG,0,2121281
lacIp,0.05263157894736842,18,18,TCACCGACTGTACAAGTACG,0,2109088
lacIp,0.05263157894736842,18,18,TCAACGGTTTGGCGCATGTT,0,2106430
lacIp,0.05263157894736842,18,18,TAGAGCTGACGGATAGTTAT,0,2112085
lacIp,0.05263157894736842,18,18,GTTCGGCTGGACGTTACGCG,0,2113226
lacIp,0.05263157894736842,18,18,GTTCCAAACAGGTCGTTATT,0,2106392
lacIp,0.05263157894736842,18,18,GTTACCCCTACAGTACAGAA,0,2102569
lacIp,0.05263157894736842,18,18,GTGGCAAATTCCACATCTTG,0,2117911
lacIp,0.05263157894736842,18,18,GTCCGGCGTCAAGGATTTCT,0,2113087
lacIp,0.05263157894736842,18,18,GTCAGTCGGAACTTTGTTGC,0,2099311
lacIp,0.05263157894736842,18,18,GTCACGGGGTATTACCTTCG,0,2096064
lacIp,0.05263157894736842,18,18,GTCAACACGGGAAAGCTGCC,0,2115603
lacIp,0.05263157894736842,18,18,GGTCGGGACGATTCCGGCGC,0,2092178
lacIp,0.05263157894736842,18,18,GGTAGTACGCCGAGCATAGA,0,2099902
lacIp,0.05263157894736842,18,18,GGGTCCGACATAAACATATC,0,2110327
lacIp,0.05263157894736842,18,18,GGGGTGGTGGCGCATACGGA,0,2097113
lacIp,0.05263157894736842,18,18,GGGCGCCGTGTGTTTAATCT,0,2108689
lacIp,0.05263157894736842,18,18,GGCGGCCTCCTTCAAGCTAC,0,2100856
lacIp,0.05263157894736842,18,18,GGCCGATATTCAGACGCCAC,0,2112684
lacIp,0.05263157894736842,18,18,GGCCCTGTACGTGACTGTGC,0,2098856
lacIp,0.05263157894736842,18,18,GGATGGCAAATGACACCGAA,0,2096902
lacIp,0.05263157894736842,18,18,GGATACGGAGTAAATACCTT,0,2115386
lacIp,0.05263157894736842,18,18,GGACGATTGTGGTGGCCGGC,0,2109283
lacIp,0.05263157894736842,18,18,GCGATCCTGGTGGACTCCAA,0,2094249
lacIp,0.05263157894736842,18,18,GCCAGGATCCGGCCCTGCTT,0,2098960
lacIp,0.05263157894736842,18,18,GCAACTGGACCGTGGAACCT,0,2107774
lacIp,0.05263157894736842,18,18,GATTCCGAACTACCGTATCA,0,2092679
lacIp,0.05263157894736842,18,18,GATGTGCGTGGTCACATACA,0,2113377
lacIp,0.05263157894736842,18,18,GAGAATTCGAGGTTGAGATA,0,2101182
lacIp,0.05263157894736842,18,18,GACTAACTATCCCGTTCTGA,0,2094090
lacIp,0.05263157894736842,18,18,GAATAATCACATGACTATGC,0,2120415
lacIp,0.05263157894736842,18,18,CTTCGGTTCGGCATTATCTA,0,2101128
lacIp,0.05263157894736842,18,18,CTTATACTGACGGCGGCAGA,0,2103112
lacIp,0.05263157894736842,18,18,CTTAAACCAACGTTGTATAA,0,2108090
lacIp,0.05263157894736842,18,18,CTGTCAACCGGCGGGATTGA,0,2096756
lacIp,0.05263157894736842,18,18,CTCTATTGAAATCTTTCCTA,0,2119568
lacIp,0.05263157894736842,18,18,CTAAATAAATCCTTTTAACC,0,2086080
lacIp,0.05263157894736842,18,18,CGTTTCGTAGCCCCGGGTTC,0,2092599
lacIp,0.05263157894736842,18,18,CGGCAAAATAGCGGAGTTAG,0,2119206
lacIp,0.05263157894736842,18,18,CGCCATGAGTTAACAGCCCT,0,2101281
lacIp,0.05263157894736842,18,18,CGATTTAATAATGAGCGCTA,0,2117478
lacIp,0.05263157894736842,18,18,CGAGGTTCGGCAATTGATCA,0,2103611
lacIp,0.05263157894736842,18,18,CGAGACTCAAACGGACATTA,0,2114575
lacIp,0.05263157894736842,18,18,CCTGAGTCATTGTTGTGGCT,0,2102782
lacIp,0.05263157894736842,18,18,CCTGAACCACGAGTTCAACG,0,2089001
lacIp,0.05263157894736842,18,18,CCGTTCACTACACTGTGAGA,0,2090942
lacIp,0.05263157894736842,18,18,CCGAGGATATTCCACTAAAG,0,2101288
lacIp,0.05263157894736842,18,18,CCCTTGCCCTCCAACTAAAC,0,2099062
lacIp,0.05263157894736842,18,18,CCCCGCTTTTTCAACGCACA,0,2092460
lacIp,0.05263157894736842,18,18,CCCATGGTCTACCTGACGGT,0,2087510
lacIp,0.05263157894736842,18,18,CCATGCTTTCATTTTTCTTA,0,2115035
lacIp,0.05263157894736842,18,18,CATTTATGCTCAACGGGGCG,0,2093641
lacIp,0.05263157894736842,18,18,CATATTCTTGTCGTCAGAAC,0,2115660
lacIp,0.05263157894736842,18,18,CACTTAAAGGTTTTGTAAGG,0,2092411
lacIp,0.05263157894736842,18,18,CACGCTATGGAGTTGCAGGG,0,2089971
lacIp,0.05263157894736842,18,18,ATTGTAAGCTACGTGCTGAT,0,2098077
lacIp,0.05263157894736842,18,18,ATTGGGTAGTAACTGGCAAC,0,2091946
lacIp,0.05263157894736842,18,18,ATCATACTGCACGAGCTGGA,0,2091846
lacIp,0.05263157894736842,18,18,ATCAGGAACGGAGACTTAGT,0,2102857
lacIp,0.05263157894736842,18,18,ATCAACGATCAGACGACGTA,0,2110734
lacIp,0.05263157894736842,18,18,ATAGTAGTTTAGTAGCCAGT,0,2090473
lacIp,0.05263157894736842,18,18,ATAGACCGTTAGCAGTCGCG,0,2095641
lacIp,0.05263157894736842,18,18,ATACGCCGCAGGACCCTGTA,0,2091776
lacIp,0.05263157894736842,18,18,AGTGACATGCCTTAAGCTGA,0,2118608
lacIp,0.05263157894736842,18,18,AGTCCTTAAGGGGAGCCACT,0,2091183
lacIp,0.05263157894736842,18,18,AGGTCGCGGCGTGTCGGAGT,0,2102098
lacIp,0.05263157894736842,18,18,AGGACATAGGGTTACAATCA,0,2088217
lacIp,0.05263157894736842,18,18,AGCGACCGAATCTTGTAGGC,0,2089842
lacIp,0.05263157894736842,18,18,AGAACTTGAGAATAGTTACA,0,2095382
lacIp,0.05263157894736842,18,18,ACGTTAATGAGCGTTGGCTA,0,2106788
lacIp,0.05263157894736842,18,18,ACGTCTACCGTGATAAGTTA,0,2095014
lacIp,0.05263157894736842,18,18,ACGACGAGCGGTTATGGTAC,0,2086047
lacIp,0.05263157894736842,18,18,ACACGGTGACAGGCAAGTTA,0,2115799
lacIp,0.05263157894736842,18,18,ACAACGGCAGAGGTAGTAGT,0,2100368
lacIp,0.05263157894736842,18,18,AACGGGCGCCGTTCTCTCCA,0,2088718
lacIp,0.05263157894736842,18,18,AACCGGTTTAAAGTGCTCCA,0,2091090
lacIp,0.05263157894736842,18,18,AACAGGATAATAATTTAGCG,0,2114239
lacIp,0.05263157894736842,18,18,AAACCAGTCGGGCACTTTTT,0,2110964
lacIp,0.05555555555555555,17,17,TTGCCGAGTTCAACGAGTTA,0,2110732
lacIp,0.05555555555555555,17,17,TTGAAGGGTCACACTCCCAA,0,2086940
lacIp,0.05555555555555555,17,17,TTAGGCTCCTTAATGGTAAC,0,2105699
lacIp,0.05555555555555555,17,17,TGTCGTGAGGCAGTGAGTCC,0,2109665
lacIp,0.05555555555555555,17,17,TGTAACTTCCGAGCGGTGAG,0,2113437
lacIp,0.05555555555555555,17,17,TGCGCTCGCTGTTGTCATCA,0,2093682
lacIp,0.05555555555555555,17,17,TGACATTAAGGTAGACCGGT,0,2115600
lacIp,0.05555555555555555,17,17,TCCTTAAGCTCACGATTTTC,0,2101105
lacIp,0.05555555555555555,17,17,TCAAGGTACTCTCTATCATA,0,2094119
lacIp,0.05555555555555555,17,17,TATCTAGTGGTGATTGATAC,0,2088816
lacIp,0.05555555555555555,17,17,TATAGGGTAGGAAGGGGTGG,0,2115459
lacIp,0.05555555555555555,17,17,TAGGGTTCACTGGGGGAACT,0,2119262
lacIp,0.05555555555555555,17,17,TAGATTCTGCATCAAAAGAG,0,2093144
lacIp,0.05555555555555555,17,17,TACTGGTTGGCGGAGTGTCG,0,2110335
lacIp,0.05555555555555555,17,17,TACAATTTTTTGGCGAACTG,0,2089210
lacIp,0.05555555555555555,17,17,TAAGACTCTGATCGAAAAGC,0,2107116
lacIp,0.05555555555555555,17,17,GTGGTTAGAGAGCTTCTGCT,0,2094190
lacIp,0.05555555555555555,17,17,GTGGCGAAGGGTGTACACCA,0,2112323
lacIp,0.05555555555555555,17,17,GTCTGATTGTTGATGTAGAG,0,2089935
lacIp,0.05555555555555555,17,17,GTACCCCGAAACGCGTTTAT,0,2088172
lacIp,0.05555555555555555,17,17,GGTGCCCTATGTTGGTGCAT,0,2099706
lacIp,0.05555555555555555,17,17,GGTACGAACGCAGGTGTACA,0,2111255
lacIp,0.05555555555555555,17,17,GGGTGGGTCGCGTCGATACT,0,2098007
lacIp,0.05555555555555555,17,17,GGGTCACTATCGTTTCTGCA,0,2104976
lacIp,0.05555555555555555,17,17,GGCTCCCACGGGCTGCGTCT,0,2113641
lacIp,0.05555555555555555,17,17,GGCTATTCAGGTTCGTTGTA,0,2116937
lacIp,0.05555555555555555,17,17,GGCGCGTGGGGGAACGTCAA,0,2107626
lacIp,0.05555555555555555,17,17,GGCACTGGTTCTACTTCGAT,0,2090385
lacIp,0.05555555555555555,17,17,GGATTAAGCGATAGGCGCCA,0,2096173
lacIp,0.05555555555555555,17,17,GGACAAGTTTGGCGTCTCCA,0,2107860
lacIp,0.05555555555555555,17,17,GGAAGGGATCGGGGCAGAGG,0,2099221
lacIp,0.05555555555555555,17,17,GCTACCGTGAATCTGTTTGT,0,2109442
lacIp,0.05555555555555555,17,17,GCGGATCATGACGCTCAACT,0,2091969
lacIp,0.05555555555555555,17,17,GCGCGTAGTAATTATGACAC,0,2102267
lacIp,0.05555555555555555,17,17,GCGCCTCTAACCTGCGGGGA,0,2109988
lacIp,0.05555555555555555,17,17,GCCTCATTATAATTGGCTTA,0,2105762
lacIp,0.05555555555555555,17,17,GCCGAAGTGGTAGGTGTGGT,0,2099634
lacIp,0.05555555555555555,17,17,GCCCTTAACGAGAGGTTACT,0,2087136
lacIp,0.05555555555555555,17,17,GCATGGGTGTCCGTCACTTC,0,2095741
lacIp,0.05555555555555555,17,17,GCAGTTAGGCTGGCTGAGCG,0,2102031
lacIp,0.05555555555555555,17,17,GCAAGCGAATGGGGAGGCTA,0,2108211
lacIp,0.05555555555555555,17,17,GCAAAGCCCGGGATAGGTTC,0,2092571
lacIp,0.05555555555555555,17,17,GAGTGTGCCGGCGGGGCTGG,0,2105045
lacIp,0.05555555555555555,17,17,GAGCGAGACCTCCAATTTAG,0,2097670
lacIp,0.05555555555555555,17,17,GACTACACAACAATGTGGAC,0,2110050
lacIp,0.05555555555555555,17,17,GACCAACGAACAGCAGCTCA,0,2099369
lacIp,0.05555555555555555,17,17,GAAGCTGTGCGAGGAAGGGT,0,2098179
lacIp,0.05555555555555555,17,17,GAACCCCTATCGCGACCACA,0,2087174
lacIp,0.05555555555555555,17,17,CTCGGGTATTTGTGCTACGG,0,2117608
lacIp,0.05555555555555555,17,17,CTCGGGGGGCAGTTTTTGAG,0,2112083
lacIp,0.05555555555555555,17,17,CTCGCGTGTTGTTTAGATAG,0,2099486
lacIp,0.05555555555555555,17,17,CTCAAGCCAGAATAGGTTAA,0,2107148
lacIp,0.05555555555555555,17,17,CGTTTGAGAACTAAAGCGGG,0,2086785
lacIp,0.05555555555555555,17,17,CGTGTATGAATATTTGTGTA,0,2105503
lacIp,0.05555555555555555,17,17,CGTGAGAATAGGGAATGACG,0,2117504
lacIp,0.05555555555555555,17,17,CGTCAACGGTGTAGTGGGAC,0,2089925
lacIp,0.05555555555555555,17,17,CGTAGAAACTAGGGCGAAAC,0,2108892
lacIp,0.05555555555555555,17,17,CGGGCGTGTTGAGGATTCGT,0,2090190
lacIp,0.05555555555555555,17,17,CGCCCGCGGAACACAGCGTC,0,2120925
lacIp,0.05555555555555555,17,17,CGACATACCTCAACCATGTG,0,2090314
lacIp,0.05555555555555555,17,17,CGAAGCGTTTGCAGGGTGTT,0,2087525
lacIp,0.05555555555555555,17,17,CCTTGCACGTCTATACCTCA,0,2100082
lacIp,0.05555555555555555,17,17,CCGTATGCGACTCGCCAGGG,0,2089319
lacIp,0.05555555555555555,17,17,CCGGATAAGGCATTTAAGAA,0,2112990
lacIp,0.05555555555555555,17,17,CCCCCCAGTCCCCGCATAAT,0,2106709
lacIp,0.05555555555555555,17,17,CCCAGGTGATTAGCACCTAA,0,2118193
lacIp,0.05555555555555555,17,17,CCCACACGCCATAAATGGCA,0,2099398
lacIp,0.05555555555555555,17,17,CCCAAAGAGCTTTTGACTGA,0,2106301
lacIp,0.05555555555555555,17,17,CCAGGGGTTCAAGGTACACT,0,2102016
lacIp,0.05555555555555555,17,17,CCAGCTTAGGATGACATGGG,0,2101338
lacIp,0.05555555555555555,17,17,CCAAACGCCCTTCTTATAAG,0,2096572
lacIp,0.05555555555555555,17,17,CATCTAATTTACTTAGTTAG,0,2086724
lacIp,0.05555555555555555,17,17,CATCGGTTAACTAAGGATTA,0,2109814
lacIp,0.05555555555555555,17,17,CATCGCACCCCACGTCAGGG,0,2095624
lacIp,0.05555555555555555,17,17,CATAGTCGATGCTTTTGGAT,0,2102793
lacIp,0.05555555555555555,17,17,CATACTGCGCTAAGCGCAGC,0,2113472
lacIp,0.05555555555555555,17,17,CAGGCCTTCAAGAAGACCTG,0,2087137
lacIp,0.05555555555555555,17,17,CAGGCATACCGTAAGTCGCT,0,2094334
lacIp,0.05555555555555555,17,17,CAGCCCGGTCAGTAGTAAAA,0,2086468
lacIp,0.05555555555555555,17,17,CAATGTCTCTGCGAGTGTCA,0,2086688
lacIp,0.05555555555555555,17,17,CAAGGTTCGAGGCGTTGGAG,0,2090597
lacIp,0.05555555555555555,17,17,CAAGCTTGGTGACTGCGAAG,0,2100455
lacIp,0.05555555555555555,17,17,CAAACTGGAGCCCGGCGGAG,0,2098452
lacIp,0.05555555555555555,17,17,CAAACGGTGATGTCGCCAGA,0,2116526
lacIp,0.05555555555555555,17,17,ATTGGGCACAAGGGGTTTGT,0,2111978
lacIp,0.05555555555555555,17,17,ATTGAAGGAACGCTTAAACC,0,2122033
lacIp,0.05555555555555555,17,17,ATGTGGTGGATGTCTCCTAG,0,2094243
lacIp,0.05555555555555555,17,17,ATGGGTGACGTGTAACGTAT,0,2100348
lacIp,0.05555555555555555,17,17,ATGGATTCGTAATGTAATTG,0,2101508
lacIp,0.05555555555555555,17,17,ATCTAACGGCAGACTATTCT,0,2098807
lacIp,0.05555555555555555,17,17,ATCGGCAGCGTACCCGGGCA,0,2092336
lacIp,0.05555555555555555,17,17,ATCAATCGGGTGTATACTGA,0,2110129
lacIp,0.05555555555555555,17,17,ATCAAAGTTAGCCTGACTGA,0,2114133
lacIp,0.05555555555555555,17,17,ATAGGATGCAACGAAAGGCT,0,2101129
lacIp,0.05555555555555555,17,17,AGTCGCTGCCAACTGGTACT,0,2103742
lacIp,0.05555555555555555,17,17,AGGTCAATGATAGAATCGTC,0,2112412
lacIp,0.05555555555555555,17,17,AGCTAGGATCGCTGTCAGAC,0,2110649
lacIp,0.05555555555555555,17,17,AGCGGTTCTTATCGACATCG,0,2091873
lacIp,0.05555555555555555,17,17,AGCCTGAGAGCAAAATGTTG,0,2087968
lacIp,0.05555555555555555,17,17,AGCCCTCCGTTAATGGCCCA,0,2088106
lacIp,0.05555555555555555,17,17,AGCAGGTTAGGAAAAGTCGT,0,2110399
lacIp,0.05555555555555555,17,17,AGAGCTTGGCTAGTGGGGTT,0,2089734
lacIp,0.05555555555555555,17,17,AGACATCGCGTCTAAAGGAA,0,2110060
lacIp,0.05555555555555555,17,17,ACGGGACCTGGAAAGAGGTG,0,2121439
lacIp,0.05555555555555555,17,17,ACGAGAGATTTAACAACCAC,0,2122194
lacIp,0.05555555555555555,17,17,ACAATGCGATAGTAGTCAAC,0,2087334
lacIp,0.05555555555555555,17,17,ACAAGGGAATTTACTCGCCC,0,2111958
lacIp,0.05555555555555555,17,17,AATGGCCTATGCCACTAACA,0,2116612
lacIp,0.05555555555555555,17,17,AACTTGTTAGCTACTAGGAC,0,2115529
lacIp,0.05555555555555555,17,17,AACTTACGTCCCGCCGGCTC,0,2112237
lacIp,0.05555555555555555,17,17,AAAAGAGTTGGATGGATTTA,0,2109314
lacIp,0.058823529411764705,16,16,TTTTAGTCAAACGGCTAGTT,0,2091826
lacIp,0.058823529411764705,16,16,TTTGGGCATTGAATCTGCAG,0,2114732
lacIp,0.058823529411764705,16,16,TTGATGCGGCTAGTCGTATG,0,2114399
lacIp,0.058823529411764705,16,16,TTGAATAATGCCATTCGAGT,0,2113762
lacIp,0.058823529411764705,16,16,TTCCAGCGAAATTTTCGAAA,0,2087273
lacIp,0.058823529411764705,16,16,TTCCAGACAAATAATAAACC,0,2104808
lacIp,0.058823529411764705,16,16,TTCAGGGTCAGAGTTCAGTA,0,2104079
lacIp,0.058823529411764705,16,16,TTATCATCCCCTTGGGCGGA,0,2100039
lacIp,0.058823529411764705,16,16,TTAAGTATCACAAGATTAAC,0,2105048
lacIp,0.058823529411764705,16,16,TTAACTACAATGCCAAACAT,0,2104474
lacIp,0.058823529411764705,16,16,TGGCCGCCTCTCGGTGGAAT,0,2090157
lacIp,0.058823529411764705,16,16,TGCGAGGCTTGTACGTTGGT,0,2109690
lacIp,0.058823529411764705,16,16,TGAGACACTGTTACATGTAA,0,2117458
lacIp,0.058823529411764705,16,16,TCTTGTGGCAACATCTGCAG,0,2098393
lacIp,0.058823529411764705,16,16,TCTTGGGAGGGGCTTACCAA,0,2106161
lacIp,0.058823529411764705,16,16,TCTTAGGGGGCATGCCACGG,0,2092703
lacIp,0.058823529411764705,16,16,TCTCCTTGCAAAGCACATAA,0,2103280
lacIp,0.058823529411764705,16,16,TCGTTAGTCGGCAGTTTCAT,0,2121706
lacIp,0.058823529411764705,16,16,TCGTGCGTCATCAGGAGATT,0,2102907
lacIp,0.058823529411764705,16,16,TCGTGCGTATCTGTTTTCAG,0,2100136
lacIp,0.058823529411764705,16,16,TCGGATCATATGCTTTACAA,0,2094614
lacIp,0.058823529411764705,16,16,TCCTTAGTACGATTGTATAA,0,2116019
lacIp,0.058823529411764705,16,16,TCCGGCACCTAGCTACCTAG,0,2092016
lacIp,0.058823529411764705,16,16,TCCAGCCATGATCTGTGTTG,0,2098001
lacIp,0.058823529411764705,16,16,TCCAGCCAGAGTTGAAGGTG,0,2086686
lacIp,0.058823529411764705,16,16,TCATCCGGAATGACATATCT,0,2117117
lacIp,0.058823529411764705,16,16,TCACGGTTTCTACATAATAT,0,2096485
lacIp,0.058823529411764705,16,16,TATACAGCACTGTTTAGTAT,0,2117329
lacIp,0.058823529411764705,16,16,TAGGAGGACCTGCCACATCG,0,2091739
lacIp,0.058823529411764705,16,16,TAGCGAGGTTGGTCGCTATA,0,2109212
lacIp,0.058823529411764705,16,16,TAGCCCAGGTTGGGGTATAA,0,2103950
lacIp,0.058823529411764705,16,16,TACGTATGGATTGGAGTCGT,0,2092495
lacIp,0.058823529411764705,16,16,TAAATACCCTAAATAACAGC,0,2109625
lacIp,0.058823529411764705,16,16,GTTTAAATCTTTCTGTACAC,0,2108180
lacIp,0.058823529411764705,16,16,GTGTGACCCTTTGCGTTCGA,0,2111503
lacIp,0.058823529411764705,16,16,GTGGTTGTGCCGGCCTCGGT,0,2106066
lacIp,0.058823529411764705,16,16,GTGGGTTTAGAGAACTCGCT,0,2117889
lacIp,0.058823529411764705,16,16,GTGCGAGAATCGTATTAGTG,0,2108213
lacIp,0.058823529411764705,16,16,GTGCCCAAACCGGCAAAGCA,0,2088349
lacIp,0.058823529411764705,16,16,GTATTTGGAATGCCTAGTCA,0,2093613
lacIp,0.058823529411764705,16,16,GTATCTCGAGATAACTGACT,0,2102017
lacIp,0.058823529411764705,16,16,GTAGGTGTAACATACAGACT,0,2104190
lacIp,0.058823529411764705,16,16,GTACCATTTTGTATCGAAAT,0,2112581
lacIp,0.058823529411764705,16,16,GTACATGAGCCTTTGGCGTA,0,2086547
lacIp,0.058823529411764705,16,16,GTAAGCAGGCGACGGCAAGG,0,2101586
lacIp,0.058823529411764705,16,16,GGTTCGTATAGAAGTTGCTA,0,2101654
lacIp,0.058823529411764705,16,16,GGTGTATGGCACGGGTAAAA,0,2100326
lacIp,0.058823529411764705,16,16,GGTCGCTCCAGATCACCGAC,0,2101931
lacIp,0.058823529411764705,16,16,GGTACACAGAGTAGCCTCAA,0,2094727
lacIp,0.058823529411764705,16,16,GGGTGTTATGGCAAAGAGTC,0,2100727
lacIp,0.058823529411764705,16,16,GGGTGAACCAATCGTGGCGA,0,2092737
lacIp,0.058823529411764705,16,16,GGGTAGGGGAGTCGTGATCC,0,2092395
lacIp,0.058823529411764705,16,16,GGGGTGGAGCTTATAGTGCT,0,2120877
lacIp,0.058823529411764705,16,16,GGGGGAATACTCACCACACG,0,2098321
lacIp,0.058823529411764705,16,16,GGCTTAACAGTGAGCACCTG,0,2113165
lacIp,0.058823529411764705,16,16,GGAAAATTTGGCACGCCGGT,0,2117059
lacIp,0.058823529411764705,16,16,GCTGGCGCTACTTGGGGTCA,0,2090050
lacIp,0.058823529411764705,16,16,GCGTGGCCTGTGGCACCTGA,0,2094016
lacIp,0.058823529411764705,16,16,GCCTGCGTACCCTGGATCGC,0,2099115
lacIp,0.058823529411764705,16,16,GCCCGCGTTCTGGCCTTTAT,0,2106062
lacIp,0.058823529411764705,16,16,GCCAATCACACATGGCGCAG,0,2109317
lacIp,0.058823529411764705,16,16,GCACGTACTAGAATCTAAAA,0,2108963
lacIp,0.058823529411764705,16,16,GATCTGTGGTTGCTACCGGT,0,2088564
lacIp,0.058823529411764705,16,16,GATCGGCGTCACTAGCTACC,0,2102409
lacIp,0.058823529411764705,16,16,GATAGGCCTCATAGCCAGTA,0,2098891
lacIp,0.058823529411764705,16,16,GAGTACCCAGGTTTCGATTA,0,2103793
lacIp,0.058823529411764705,16,16,GAGCCCTATTAAGGGTTTGT,0,2088255
lacIp,0.058823529411764705,16,16,GACCTATCTGTTAGCACATC,0,2088923
lacIp,0.058823529411764705,16,16,GAATAGTTGATTAGAGTGGA,0,2107457
lacIp,0.058823529411764705,16,16,CTTTGGCTCTGCTTACACGG,0,2108314
lacIp,0.058823529411764705,16,16,CTTTCGCCGGTGCTATAAAA,0,2107121
lacIp,0.058823529411764705,16,16,CTTAGGGGTAGAAACTCTCA,0,2087506
lacIp,0.058823529411764705,16,16,CTGCTCGTTCGAGGGTCAGG,0,2103650
lacIp,0.058823529411764705,16,16,CTCCGGTAGAGGTGATGAGT,0,2097221
lacIp,0.058823529411764705,16,16,CTATCGGCAAAGTAAACGGT,0,2117094
lacIp,0.058823529411764705,16,16,CTACGGTAATTACCACCCTA,0,2087413
lacIp,0.058823529411764705,16,16,CTAACGTGCCGTTCGAGGAC,0,2086611
lacIp,0.058823529411764705,16,16,CGTTCCGTGGGGAAGGACGA,0,2100074
lacIp,0.058823529411764705,16,16,CGTCCAGGCTTTGATGCCAA,0,2107751
lacIp,0.058823529411764705,16,16,CGGCGTGTGACTCGTGATTA,0,2089877
lacIp,0.058823529411764705,16,16,CGGAGAGGTCTTGTCCTACC,0,2108311
lacIp,0.058823529411764705,16,16,CGCGATAATCGGATGGCGGT,0,2104133
lacIp,0.058823529411764705,16,16,CGCCTTATAAGAGGGGGGCT,0,2086216
lacIp,0.058823529411764705,16,16,CCCGACCTCACGAAGCTGAG,0,2094403
lacIp,0.058823529411764705,16,16,CCCCATGCACCCCTGGGACA,0,2096798
lacIp,0.058823529411764705,16,16,CCCCATCGGAGTGGAGCAAA,0,2104802
lacIp,0.058823529411764705,16,16,CCCACCTATCTAGACTGGTA,0,2101584
lacIp,0.058823529411764705,16,16,CCAGTGTATTGCTGCAGTTT,0,2102841
lacIp,0.058823529411764705,16,16,CCAGAGAGAAAACAGTTTAT,0,2122011
lacIp,0.058823529411764705,16,16,CCAAATGAGCTCGCCGTAGA,0,2087394
lacIp,0.058823529411764705,16,16,CATTTGCAATACCAGCGGTG,0,2103185
lacIp,0.058823529411764705,16,16,CATTTCTGGGGAGCCAACTG,0,2121687
lacIp,0.058823529411764705,16,16,CATGACCTAACTGATTTCTG,0,2098342
lacIp,0.058823529411764705,16,16,CATCTGGGCTACGAGGCAGA,0,2118269
lacIp,0.058823529411764705,16,16,CATCTGCGATGGGAGAGATC,0,2112735
lacIp,0.058823529411764705,16,16,CATCAGCACGGGGTGTATTT,0,2089727
lacIp,0.058823529411764705,16,16,CATATAAAAATTTTGAAAGT,0,2089768
lacIp,0.058823529411764705,16,16,CAGTCCCCCCTTAGGGAATT,0,2087585
lacIp,0.058823529411764705,16,16,CAGGCGCCTCGGATTAAGGC,0,2095801
lacIp,0.058823529411764705,16,16,CACCTCCGTCCACTAGAGTA,0,2120459
lacIp,0.058823529411764705,16,16,CAATCCATACCCGCTCTTGA,0,2089794
lacIp,0.058823529411764705,16,16,CAAGTTAACCTCGAATTCCG,0,2086158
lacIp,0.058823529411764705,16,16,ATGGGGCTTCGCATGGCAGT,0,2097608
lacIp,0.058823529411764705,16,16,ATGCGGCTTAACTAAGAACA,0,2112541
lacIp,0.058823529411764705,16,16,ATCTGGGGTCGCACAGTACA,0,2113261
lacIp,0.058823529411764705,16,16,ATCTCGTGTGCTAGCACGAG,0,2090027
lacIp,0.058823529411764705,16,16,ATCCTACATCCTTCATAGAT,0,2097738
lacIp,0.058823529411764705,16,16,ATCAGTGCCGCAACCAAATT,0,2115025
lacIp,0.058823529411764705,16,16,ATATAACGTTTTTATTCGTA,0,2119763
lacIp,0.058823529411764705,16,16,ATACCTAGAGCCTAGGTTTG,0,2095650
lacIp,0.058823529411764705,16,16,ATAATACGATCGGCGGGATT,0,2108655
lacIp,0.058823529411764705,16,16,AGTCAGGCCAGTGGTCTAAG,0,2115724
lacIp,0.058823529411764705,16,16,AGGTAGCCTTGGGTCCGGAT,0,2092121
lacIp,0.058823529411764705,16,16,AGAGACGACTGTAGATGGAG,0,2103083
lacIp,0.058823529411764705,16,16,ACTGGTTAGGCCACCTAGTA,0,2119987
lacIp,0.058823529411764705,16,16,ACTGGGCACCGGCGGACCGC,0,2094112
lacIp,0.058823529411764705,16,16,ACGTGAGGGAGTGCCAGTGT,0,2112911
lacIp,0.058823529411764705,16,16,ACGAGTGGAGACATAGTACT,0,2107014
lacIp,0.058823529411764705,16,16,ACGACGGCTATTCACGATGA,0,2092524
lacIp,0.058823529411764705,16,16,ACCTCGCTGAGGTTCGCTCT,0,2088412
lacIp,0.058823529411764705,16,16,ACCCTGCCCTTCGTGAGTCT,0,2122014
lacIp,0.058823529411764705,16,16,ACCCATCTACATTTTGTATA,0,2112487
lacIp,0.058823529411764705,16,16,ACATTAGCCGTTTCATGGCT,0,2089523
lacIp,0.058823529411764705,16,16,ACAATATCTTGGTGCGGCCA,0,2118115
lacIp,0.058823529411764705,16,16,ACAAATCAGGAAGCTTAGAG,0,2107456
lacIp,0.058823529411764705,16,16,AATATTGATATCAATGCAAA,0,2104592
lacIp,0.058823529411764705,16,16,AATACGCAGCGGTAATCTCT,0,2100751
lacIp,0.058823529411764705,16,16,AACCCGACCTGTTGATCAAC,0,2121621
lacIp,0.058823529411764705,16,16,AACAGTGCCCCAAACCTTTT,0,2115198
lacIp,0.058823529411764705,16,16,AAATTTTTTGGACCAAACAG,0,2121020
lacIp,0.058823529411764705,16,16,AAATCTGTCGCGACACGTTA,0,2116073
lacIp,0.058823529411764705,16,16,AAAGTGATCCCGGGGGCCTT,0,2102922
lacIp,0.058823529411764705,16,16,AAACCCCGCTGGGCGGTGAT,0,2120166
lacIp,0.058823529411764705,16,16,AAAACAATGACCTGAGACTC,0,2100073
lacIp,0.0625,15,15,TTGTCTTACAAGGATTTCCA,0,2118954
lacIp,0.0625,15,15,TTGGTATAATTGAGCAAGAT,0,2095815
lacIp,0.0625,15,15,TTGCGGGAATCAACATGTGC,0,2097466
lacIp,0.0625,15,15,TTGCAAACAATAGGCGCCCA,0,2091553
lacIp,0.0625,15,15,TTGACCATCGACCTAACCGT,0,2118823
lacIp,0.0625,15,15,TTGACATCGGTGTGCAGGCG,0,2089591
lacIp,0.0625,15,15,TTCCATGTCTCCACACTCCT,0,2109090
lacIp,0.0625,15,15,TTATGTATTCGGTTGTTAAT,0,2096482
lacIp,0.0625,15,15,TTAGCGCGACCGGAGACCCA,0,2095039
lacIp,0.0625,15,15,TGTTTCGGCAAATATGATTA,0,2109019
lacIp,0.0625,15,15,TGTTACCACGGTGGTATTTT,0,2105508
lacIp,0.0625,15,15,TGTGTCTGTCCACACAAGCA,0,2116432
lacIp,0.0625,15,15,TGTGCGGTGAGGTACACACC,0,2087418
lacIp,0.0625,15,15,TGGCAATTCGGCGGACGATA,0,2114994
lacIp,0.0625,15,15,TGCGAACCCGTATGCCTGAA,0,2115233
lacIp,0.0625,15,15,TGCAGCACTTAAGAAGCATA,0,2104208
lacIp,0.0625,15,15,TGATGCTATAACGGACTTCC,0,2105440
lacIp,0.0625,15,15,TGAGCGCAGCCGACCGCGAC,0,2103111
lacIp,0.0625,15,15,TCTCGTACTCGAATGCAAAC,0,2106194
lacIp,0.0625,15,15,TCGGTTATCCAAGTCCTCTT,0,2099577
lacIp,0.0625,15,15,TCCGGTCGTAAGTTTGAGTA,0,2118695
lacIp,0.0625,15,15,TCCGCGGAGATAGCCAAGAA,0,2099488
lacIp,0.0625,15,15,TCATCGGCAGGACTCGCGTA,0,2102327
lacIp,0.0625,15,15,TCATCAAAAGATGTCACCTT,0,2121136
lacIp,0.0625,15,15,TCACTTGCTAATAGTAGCAT,0,2116635
lacIp,0.0625,15,15,TCACGATGTTGCCGACTGGA,0,2111174
lacIp,0.0625,15,15,TATGGAATAAGGTCACGGAA,0,2112863
lacIp,0.0625,15,15,TATCTGAAAGTTGCGTTCGT,0,2100043
lacIp,0.0625,15,15,TACGGAACGATACATGTAGA,0,2117363
lacIp,0.0625,15,15,TACCGATGTAGTTGATTTCA,0,2093729
lacIp,0.0625,15,15,TACCCCTAATCCAGAATCGG,0,2113748
lacIp,0.0625,15,15,TACAGCGGGCCAGCCCAAGG,0,2112755
lacIp,0.0625,15,15,TACAGCAGGGATGTGACCAC,0,2105177
lacIp,0.0625,15,15,TAAATATCACGGCAAGAAGT,0,2098482
lacIp,0.0625,15,15,GTTTTGTTACAGGGCCATTG,0,2085889
lacIp,0.0625,15,15,GTTATCAATGTCATATGCTC,0,2119762
lacIp,0.0625,15,15,GTGCGATGTCTTCACAACGT,0,2099308
lacIp,0.0625,15,15,GTGACAACATGGACGGTGTC,0,2097735
lacIp,0.0625,15,15,GTGAAGCGGTCATATACAGC,0,2118960
lacIp,0.0625,15,15,GTCTTCCGGGGATAGTCACC,0,2094049
lacIp,0.0625,15,15,GTCTGGATGATCTTGAATGT,0,2098844
lacIp,0.0625,15,15,GTATCCGGAGATCGGGTCCG,0,2090214
lacIp,0.0625,15,15,GTAGGAAGTTGAGACGAACT,0,2104833
lacIp,0.0625,15,15,GGTTGCGCATATGGCCACGG,0,2087369
lacIp,0.0625,15,15,GGTAAATGTGTTTGATTAGT,0,2100873
lacIp,0.0625,15,15,GGGTTGATGCCTATCATGGA,0,2093956
lacIp,0.0625,15,15,GGCTCGGACTGGGTTGGTTT,0,2086745
lacIp,0.0625,15,15,GGCGTGTCGCACGCCTCATA,0,2090720
lacIp,0.0625,15,15,GGAGGCTTCAATGGTCGATA,0,2114960
lacIp,0.0625,15,15,GGAAATCTCAGGTTCCCTGA,0,2096654
lacIp,0.0625,15,15,GCGTCACTTTCAGAGGAGCG,0,2118369
lacIp,0.0625,15,15,GCGACACAGGTAGATTATCC,0,2119935
lacIp,0.0625,15,15,GCCTGAGTGTTTTTTCTTTA,0,2120460
lacIp,0.0625,15,15,GCCTGAGCATCTTGTGGCAA,0,2113721
lacIp,0.0625,15,15,GCCGTAGTACTTAGGAATAT,0,2116625
lacIp,0.0625,15,15,GCCGTAAAAGGGATTGAATA,0,2094928
lacIp,0.0625,15,15,GCCGCTTTGGGGGGAGGCGA,0,2092775
lacIp,0.0625,15,15,GCCGCTATTAAGTCTTTGTA,0,2089892
lacIp,0.0625,15,15,GCCCGTGTTTCTGCTGTCCA,0,2105487
lacIp,0.0625,15,15,GCATAGTGAGCCACTATCGC,0,2095285
lacIp,0.0625,15,15,GATCGTCCGCTCCAGACCAA,0,2121182
lacIp,0.0625,15,15,GAGGGACTTTAATAGTTAAA,0,2105474
lacIp,0.0625,15,15,GAGACGGTCTCGTCACTTAG,0,2109313
lacIp,0.0625,15,15,GAGAATCGGCTAACCGCATT,0,2093399
lacIp,0.0625,15,15,GACTGCCAACGGAGTCTGCT,0,2087342
lacIp,0.0625,15,15,GACGTTGGGGTTAGCGTCCT,0,2112791
lacIp,0.0625,15,15,GACGCTGAGTTTTGCTTCTC,0,2097115
lacIp,0.0625,15,15,GACCTACCAATGTACCTGAT,0,2109591
lacIp,0.0625,15,15,GAAGTCTAGGGGAGCAGGCT,0,2107988
lacIp,0.0625,15,15,CTGTGTTTTGCGCGGCTTTT,0,2122072
lacIp,0.0625,15,15,CTCGAATAGGATTGGCACGC,0,2085828
lacIp,0.0625,15,15,CTCAAGGCTTGACTGCCTAA,0,2091277
lacIp,0.0625,15,15,CTATCTGACAGTCTATAGTA,0,2093170
lacIp,0.0625,15,15,CTAAGAAGGCCCCGCGAAAT,0,2109379
lacIp,0.0625,15,15,CGGTGGATCCACGCCTTCAC,0,2102614
lacIp,0.0625,15,15,CGGTACATATGGTGTAGCGG,0,2092359
lacIp,0.0625,15,15,CGGGCACTGACCGTGCTTGT,0,2108321
lacIp,0.0625,15,15,CGGGCAATGATCTGCCACCG,0,2106579
lacIp,0.0625,15,15,CGGACACGTGGGTGAATCGT,0,2089384
lacIp,0.0625,15,15,CGCAAGACAATTGAGTGCTA,0,2110543
lacIp,0.0625,15,15,CCTTAGAGCTAGGTAATGAA,0,2116059
lacIp,0.0625,15,15,CCTGATCGTACGATGTACCT,0,2100429
lacIp,0.0625,15,15,CCTCAAGAGATGGATTCTTG,0,2119701
lacIp,0.0625,15,15,CCTACGGCATTACCAGCTAA,0,2101173
lacIp,0.0625,15,15,CCGTGATAAGCGTCTCGTCT,0,2088392
lacIp,0.0625,15,15,CCGATGACCGTGGGTGCGAT,0,2101585
lacIp,0.0625,15,15,CCGAAAATTAGAGCCGGGGT,0,2096114
lacIp,0.0625,15,15,CCCTACAAGATATGCTCGTG,0,2094449
lacIp,0.0625,15,15,CCAAATAGGTAAGTGAGCCT,0,2118749
lacIp,0.0625,15,15,CATCGGATTGGATGATTTAA,0,2098533
lacIp,0.0625,15,15,CATACATGTATAAAGTCAAC,0,2115584
lacIp,0.0625,15,15,CAGTTCCTGGGGGATGAGAG,0,2091726
lacIp,0.0625,15,15,CAGCTTCACCGCCGGAAACT,0,2104638
lacIp,0.0625,15,15,CACCTAGGGGTTATTTGTTG,0,2087911
lacIp,0.0625,15,15,CAACTCCCGATGACCAGCGC,0,2111132
lacIp,0.0625,15,15,CAACACAACCTAAATTTATG,0,2110393
lacIp,0.0625,15,15,CAAAGTTATATTGTTACCGA,0,2107369
lacIp,0.0625,15,15,ATTTTACGCAATACGTGGTG,0,2087240
lacIp,0.0625,15,15,ATTCCCATCATAAGCCCCAC,0,2116501
lacIp,0.0625,15,15,ATGTGTAGGACCTTGGTTTA,0,2087274
lacIp,0.0625,15,15,ATGCTACGTACGGCACGTAG,0,2116143
lacIp,0.0625,15,15,ATGATCTAGCCGTAGTTAGT,0,2116970
lacIp,0.0625,15,15,ATGACAATATCCGGAGCAAC,0,2092897
lacIp,0.0625,15,15,ATCCAAATCTAGATGGGGGA,0,2094719
lacIp,0.0625,15,15,ATATCCTAGACAAAAGTGGA,0,2116910
lacIp,0.0625,15,15,ATAATGATGCACCATTAGGG,0,2109930
lacIp,0.0625,15,15,ATAATATCGGTAACTGCAAG,0,2087237
lacIp,0.0625,15,15,ATAAGTACCGTTTTGATACA,0,2093766
lacIp,0.0625,15,15,ATAACATTTGGGTATATAAG,0,2114740
lacIp,0.0625,15,15,AGTCCTTGATCTCCATTGTG,0,2110429
lacIp,0.0625,15,15,AGGGTAAGCTATCTTCAGCT,0,2100761
lacIp,0.0625,15,15,AGGGAGAAACCCAGAATTCT,0,2114394
lacIp,0.0625,15,15,AGGAGAACTCCCTCGTGACA,0,2090134
lacIp,0.0625,15,15,AGGAACAGTTCCGTTGTTGT,0,2099223
lacIp,0.0625,15,15,AGCGTGCCGGGCGCCATGAG,0,2118077
lacIp,0.0625,15,15,AGCGGGAAAAAATATCGTAA,0,2111201
lacIp,0.0625,15,15,AGCGATCGCACAGAGTCAAA,0,2091519
lacIp,0.0625,15,15,AGAAAAAGAGTAGCATTTCT,0,2105678
lacIp,0.0625,15,15,ACTTGAATGGAACAGTCGAT,0,2097059
lacIp,0.0625,15,15,ACTCCATTCCATTAATGCTT,0,2092435
lacIp,0.0625,15,15,ACTACAAACGCTGAATGCGC,0,2094324
lacIp,0.0625,15,15,ACTAAACCAGCGGACACCAA,0,2112488
lacIp,0.0625,15,15,ACGTTGTTGTCGGTGATATA,0,2090663
lacIp,0.0625,15,15,ACGTGTGTATTTATATGAAT,0,2119400
lacIp,0.0625,15,15,ACGCAGGCACTTGATATTTA,0,2086249
lacIp,0.0625,15,15,ACCCTTCCAGCTGTTGGAGT,0,2087794
lacIp,0.0625,15,15,ACCCTAACGGGGACCTTCCA,0,2111465
lacIp,0.0625,15,15,ACCATGGCTTGTCAGCTTCG,0,2086419
lacIp,0.0625,15,15,ACAGGTTCGCCAAGTCCTGT,0,2103361
lacIp,0.0625,15,15,ACACTCAAACCTGTAAAAAG,0,2114390
lacIp,0.0625,15,15,ACACACGACTGACAGAGAGA,0,2114517
lacIp,0.0625,15,15,AATGGGATCATCCTATGACA,0,2087060
lacIp,0.0625,15,15,AATGGGAACAGAAGTATTAG,0,2092392
lacIp,0.0625,15,15,AATGCCAGATACCGCCATAC,0,2113061
lacIp,0.0625,15,15,AATCCGACCAGGCCTGGGCA,0,2115945
lacIp,0.0625,15,15,AAGTTTATTTGAGTACTTAG,0,2087066
lacIp,0.0625,15,15,AAGTGTAGAGACGAAGTGTC,0,2101519
lacIp,0.0625,15,15,AAGGCTACGTATCATTAGAC,0,2096450
lacIp,0.0625,15,15,AAGATCCGGCTACCCCGACC,0,2118199
lacIp,0.0625,15,15,AACCTTTAGTCCTGATGCAG,0,2088538
lacIp,0.0625,15,15,AACCCGCGGGGTAATTTTAC,0,2087965
lacIp,0.0625,15,15,AACCATGAAAGTTCTCACGA,0,2101510
lacIp,0.0625,15,15,AACCAGCTTAGGAGGACCTA,0,2096306
lacIp,0.0625,15,15,AAATGTTAAAACGGGGGACG,0,2107036
lacIp,0.0625,15,15,AAACGGAGGAGCTGGAGGGA,0,2094017
lacIp,0.0625,15,15,AAAATTTAAGGTACTTAGGA,0,2094477
lacIp,0.06666666666666667,14,14,TTTTGTGTCTACAATCAACC,0,2085871
lacIp,0.06666666666666667,14,14,TTGTAAACACACCTGGGATA,0,2103849
lacIp,0.06666666666666667,14,14,TTGGGCAACGTTGTAAGGAG,0,2101846
lacIp,0.06666666666666667,14,14,TTCGCCTTGCTCGCTCATAT,0,2119449
lacIp,0.06666666666666667,14,14,TTCGATCCAACGAGGGGTAG,0,2100901
lacIp,0.06666666666666667,14,14,TTCATCTGGTACTTGGTTTA,0,2109481
lacIp,0.06666666666666667,14,14,TTCATACGCATACAGGGGTG,0,2091445
lacIp,0.06666666666666667,14,14,TTAGTCTGGCGTGATAACGA,0,2095356
lacIp,0.06666666666666667,14,14,TGTTCTGCATTATAATAAAT,0,2092361
lacIp,0.06666666666666667,14,14,TGTTCTGATACAGGATCAAG,0,2101481
lacIp,0.06666666666666667,14,14,TGTCCAAGGAGGGGGGGATA,0,2116009
lacIp,0.06666666666666667,14,14,TGGGCGATGTCAGAGAAGGT,0,2115359
lacIp,0.06666666666666667,14,14,TGGCTCTTTTCGGAACTTCG,0,2096417
lacIp,0.06666666666666667,14,14,TGGCAGACAGCGGCCCAACC,0,2106028
lacIp,0.06666666666666667,14,14,TGCAAGGAATGTTGCCTCAC,0,2112174
lacIp,0.06666666666666667,14,14,TCTCCCTTACTTATCACACA,0,2087820
lacIp,0.06666666666666667,14,14,TCGTTGACCCCAGTACAACG,0,2115610
lacIp,0.06666666666666667,14,14,TCGGGCCATACCGACCGCTT,0,2089280
lacIp,0.06666666666666667,14,14,TCGGCCAGGGATGCTGCCCG,0,2087396
lacIp,0.06666666666666667,14,14,TCGCTAGCACATGGAGAGCT,0,2113276
lacIp,0.06666666666666667,14,14,TCGCCGTCCCCCCTTTCGTC,0,2101656
lacIp,0.06666666666666667,14,14,TCCGGGGTGCCGCGATGTCC,0,2105723
lacIp,0.06666666666666667,14,14,TCCGGCAACATTGCCAGGGA,0,2120186
lacIp,0.06666666666666667,14,14,TCCGGCAACAATAGTAAGAA,0,2120144
lacIp,0.06666666666666667,14,14,TCATTGTAAACGATAACGAT,0,2101724
lacIp,0.06666666666666667,14,14,TCATCATGAATGCCCCCTTT,0,2088425
lacIp,0.06666666666666667,14,14,TCATAGATACTAGGATTACG,0,2110708
lacIp,0.06666666666666667,14,14,TCATACAGGGGCGCTGTTTT,0,2117833
lacIp,0.06666666666666667,14,14,TCAGATTTAGTCATTGCGGA,0,2102705
lacIp,0.06666666666666667,14,14,TCACTGGAGGTATAGTGCCA,0,2110623
lacIp,0.06666666666666667,14,14,TCACGGTTTCTCCACGACAC,0,2118414
lacIp,0.06666666666666667,14,14,TCAACCGCAATGTCTACAAA,0,2103527
lacIp,0.06666666666666667,14,14,TATTGAGAATAGCCACTGTC,0,2102902
lacIp,0.06666666666666667,14,14,TATGGTGGTCTCGTTATTGA,0,2107777
lacIp,0.06666666666666667,14,14,TATGAGTGTGACGGCCTGCC,0,2116288
lacIp,0.06666666666666667,14,14,TATCGTGCTGGTCAAAGTGG,0,2115882
lacIp,0.06666666666666667,14,14,TAGAACAGTCTGGTTCGTCA,0,2118242
lacIp,0.06666666666666667,14,14,TACTTCACCACGCAAATAGT,0,2105825
lacIp,0.06666666666666667,14,14,TACTCGTGACTCCATCCGTT,0,2096427
lacIp,0.06666666666666667,14,14,TACCTGGCACGCAAATGCTG,0,2118201
lacIp,0.06666666666666667,14,14,TACCCATAATAGCCCGAAGG,0,2112133
lacIp,0.06666666666666667,14,14,TAAAAAGGGGGCGGAATGAC,0,2101787
lacIp,0.06666666666666667,14,14,GTTATGTTCAACGCAGTGAA,0,2094856
lacIp,0.06666666666666667,14,14,GTGAAGCCGCTGTCGGTTCC,0,2112623
lacIp,0.06666666666666667,14,14,GTCGGTCAGCAATTTCGAAA,0,2098004
lacIp,0.06666666666666667,14,14,GTCGAGAGTCGTTCCACCTA,0,2099866
lacIp,0.06666666666666667,14,14,GTCACGCATGATTCCAGGCC,0,2116701
lacIp,0.06666666666666667,14,14,GTATATTGATGCGACTCCGC,0,2116369
lacIp,0.06666666666666667,14,14,GGTGCCTAATGTCAGTCGTA,0,2090140
lacIp,0.06666666666666667,14,14,GGTGAACTAGGTTGGCGGTA,0,2095590
lacIp,0.06666666666666667,14,14,GGGTTCACTTGATCAGGTTG,0,2088167
lacIp,0.06666666666666667,14,14,GGGTGAAAAAAGAGGTAAGT,0,2087996
lacIp,0.06666666666666667,14,14,GGCTTTTTTATTATTAGCCG,0,2106780
lacIp,0.06666666666666667,14,14,GGCTAGTCTTCCATAAGGGA,0,2099535
lacIp,0.06666666666666667,14,14,GGCGTCTTTCATGTGTGAGT,0,2088263
lacIp,0.06666666666666667,14,14,GGCGTACGGCTTAGGGTGGG,0,2122224
lacIp,0.06666666666666667,14,14,GGAGGAACTGTTCCAGTGTA,0,2099724
lacIp,0.06666666666666667,14,14,GGAGCGCGTTTGGCTGGATG,0,2114422
lacIp,0.06666666666666667,14,14,GCTTTGAGGCCCAGTTAAAG,0,2096420
lacIp,0.06666666666666667,14,14,GCTTGGAGGGATCTCTGGAT,0,2099690
lacIp,0.06666666666666667,14,14,GCTTATCCCCTGAGTCGCTA,0,2115932
lacIp,0.06666666666666667,14,14,GCTCCTCATATGTCCCACTT,0,2097359
lacIp,0.06666666666666667,14,14,GCGGTCCGTATCCAAGACGC,0,2109006
lacIp,0.06666666666666667,14,14,GCGGCCTCAGTGACATCACA,0,2092393
lacIp,0.06666666666666667,14,14,GCGCTCTGTCCTTATATAGT,0,2088984
lacIp,0.06666666666666667,14,14,GCGACTTGATCGGGGGAAAG,0,2090647
lacIp,0.06666666666666667,14,14,GCCTATAATAACATATAGCA,0,2094253
lacIp,0.06666666666666667,14,14,GCCGTGCCTCCTGTAGTTGG,0,2101014
lacIp,0.06666666666666667,14,14,GCCGGCAATAACGCTCGCGA,0,2115371
lacIp,0.06666666666666667,14,14,GCCCTTACCAAACTGGGCAA,0,2116884
lacIp,0.06666666666666667,14,14,GCCCCTGTGCATGGTAACTG,0,2107987
lacIp,0.06666666666666667,14,14,GCCATACATGATATGCCGTT,0,2094839
lacIp,0.06666666666666667,14,14,GCATTTCATCAGGTCCATCT,0,2092887
lacIp,0.06666666666666667,14,14,GATTACTAAGTGCGGAGTTG,0,2121531
lacIp,0.06666666666666667,14,14,GATGGCAAGTATGTTTTGAC,0,2102903
lacIp,0.06666666666666667,14,14,GATGCTGTAACCTTTGCACC,0,2110309
lacIp,0.06666666666666667,14,14,GATCGTGCAATATCGTCGTA,0,2094248
lacIp,0.06666666666666667,14,14,GATATGTTATCTGAAGGAGT,0,2114627
lacIp,0.06666666666666667,14,14,GAGGGATCTACTGATAGGGT,0,2098853
lacIp,0.06666666666666667,14,14,GACTGGAAGCAGGCTTCATG,0,2108464
lacIp,0.06666666666666667,14,14,GACGTTATCGCCAGAGTCAA,0,2106166
lacIp,0.06666666666666667,14,14,GACGGAAAGTTACTGGGCTG,0,2116465
lacIp,0.06666666666666667,14,14,GACATCTAGTTGGTTTTGCT,0,2086969
lacIp,0.06666666666666667,14,14,GACACGTGATGGAACACACC,0,2099600
lacIp,0.06666666666666667,14,14,GAAGGATGTTGCTCCTCCGG,0,2087101
lacIp,0.06666666666666667,14,14,GAAAGTACTCCCGCGTTAAA,0,2106368
lacIp,0.06666666666666667,14,14,CTTTTAGCGTTAAGCTTTAG,0,2116279
lacIp,0.06666666666666667,14,14,CTTGAGCCGTACAATGAGCA,0,2087286
lacIp,0.06666666666666667,14,14,CTTCTCGTAACTCTGGAAGG,0,2101715
lacIp,0.06666666666666667,14,14,CTGTCGGATTTGAGTGAAGT,0,2087537
lacIp,0.06666666666666667,14,14,CTGGGGTGACATAACCCCCG,0,2094855
lacIp,0.06666666666666667,14,14,CTGCTGGGCACCCAACTTGT,0,2104855
lacIp,0.06666666666666667,14,14,CTGCAAAAGCTCTTGTCAGT,0,2117119
lacIp,0.06666666666666667,14,14,CTCGGATTTTAACGCTACAG,0,2109627
lacIp,0.06666666666666667,14,14,CTCGATTCACTACATGAGAA,0,2106253
lacIp,0.06666666666666667,14,14,CTCAGGCATAACCGAGAGCC,0,2103850
lacIp,0.06666666666666667,14,14,CTCAGAGATCGCTAGCCTAG,0,2117013
lacIp,0.06666666666666667,14,14,CTATTTTTGGGTCGTTGAGT,0,2105786
lacIp,0.06666666666666667,14,14,CTAGCGAAAGAAGGGCGATT,0,2110663
lacIp,0.06666666666666667,14,14,CTAGATAGGGGATCAGTAAG,0,2107147
lacIp,0.06666666666666667,14,14,CTACGATTCGTGGCGCTTCG,0,2107156
lacIp,0.06666666666666667,14,14,CTACCATGCTGAACTATTTT,0,2113091
lacIp,0.06666666666666667,14,14,CTAACCGGATCTTACCCCAA,0,2105248
lacIp,0.06666666666666667,14,14,CGTTCCGTGTAACACTAAGC,0,2113862
lacIp,0.06666666666666667,14,14,CGTATCGCGCAGGCCCTGAT,0,2117097
lacIp,0.06666666666666667,14,14,CGGGAGCACTGTCGCGAGTT,0,2116488
lacIp,0.06666666666666667,14,14,CGGCAGGAGCACCGTAAACT,0,2090107
lacIp,0.06666666666666667,14,14,CGCTCAGAACAAGAGCGAAA,0,2116194
lacIp,0.06666666666666667,14,14,CGCGGCCTGTCTATTCACAT,0,2111585
lacIp,0.06666666666666667,14,14,CGAATTGGCACTATGTGATA,0,2094356
lacIp,0.06666666666666667,14,14,CGAAAGCGCGGTGTTTAGCG,0,2087246
lacIp,0.06666666666666667,14,14,CCTTTCGGGGTCGTAGCAAT,0,2091752
lacIp,0.06666666666666667,14,14,CCGCTCATCATTGGCGTTAT,0,2088720
lacIp,0.06666666666666667,14,14,CCGAGTTTAGTTATGGATAA,0,2094223
lacIp,0.06666666666666667,14,14,CCGAGGGGGACTCTACAGAT,0,2115420
lacIp,0.06666666666666667,14,14,CCATAAGTCTGGCACTTTTT,0,2113398
lacIp,0.06666666666666667,14,14,CCAGTCTACGCCGGGGCGCA,0,2114766
lacIp,0.06666666666666667,14,14,CCAGACCTTGTTGACCGAGC,0,2114200
lacIp,0.06666666666666667,14,14,CATTCCTACCATATGTGGAC,0,2093094
lacIp,0.06666666666666667,14,14,CATGGCTCACTCTAAAAAAA,0,2105820
lacIp,0.06666666666666667,14,14,CATGCATTATTCATTTTCGG,0,2118659
lacIp,0.06666666666666667,14,14,CATCTGCACACCGAGCGCGG,0,2090220
lacIp,0.06666666666666667,14,14,CAGTATCCTCCGGACAGCGA,0,2121138
lacIp,0.06666666666666667,14,14,CAGTACGATTCGTCACCCTC,0,2086519
lacIp,0.06666666666666667,14,14,CAGGCCTTCTGGCAGCTGTG,0,2097400
lacIp,0.06666666666666667,14,14,CAGCGAATGCGTGAATCGGT,0,2094199
lacIp,0.06666666666666667,14,14,CAGAGGACTATCCGCACCAG,0,2102354
lacIp,0.06666666666666667,14,14,CAGACTCACCATATCTCGCT,0,2116252
lacIp,0.06666666666666667,14,14,CACGAGGATGTAATTGTTGC,0,2088645
lacIp,0.06666666666666667,14,14,CACCCTGAGTGGCCCACGGT,0,2102713
lacIp,0.06666666666666667,14,14,CACCAGGCATCCCAGACAGA,0,2087039
lacIp,0.06666666666666667,14,14,CACATAACCTTAAGCGTACG,0,2088939
lacIp,0.06666666666666667,14,14,CAAGACTACATAAATCGTCG,0,2104349
lacIp,0.06666666666666667,14,14,ATTTTCCGACTGGATCGCAA,0,2114431
lacIp,0.06666666666666667,14,14,ATTGTGAACGGTGTTACGCG,0,2104286
lacIp,0.06666666666666667,14,14,ATTCTATGGGAGTAGCTATG,0,2107539
lacIp,0.06666666666666667,14,14,ATGTCGCCCGTCCTGTGGTA,0,2097649
lacIp,0.06666666666666667,14,14,ATGGTGCCAGCTCGAATCCA,0,2086374
lacIp,0.06666666666666667,14,14,ATGGCGGACAATCATATACA,0,2088669
lacIp,0.06666666666666667,14,14,ATGAATTCAAAAGAGCGTAG,0,2097966
lacIp,0.06666666666666667,14,14,ATCGTTGCAGTCAACGGGAA,0,2104685
lacIp,0.06666666666666667,14,14,ATATTGATATGATTATGTGC,0,2100702
lacIp,0.06666666666666667,14,14,ATAGTACGTCGGTCCACTTC,0,2119807
lacIp,0.06666666666666667,14,14,ATAGCTAAGCTAATAAGCTT,0,2087022
lacIp,0.06666666666666667,14,14,ATAAGGCTTCGTGCCGGGCT,0,2102415
lacIp,0.06666666666666667,14,14,ATAAAGCCCTAGCAAGGCAG,0,2094201
lacIp,0.06666666666666667,14,14,AGTTCACGGGTCCTGATGCC,0,2095203
lacIp,0.06666666666666667,14,14,AGTGTGGAGTTAGGGGTGGT,0,2086405
lacIp,0.06666666666666667,14,14,AGTGAATTAGGCTGGTGGAG,0,2099883
lacIp,0.06666666666666667,14,14,AGTCCGCGTCCAGTATGCTT,0,2092247
lacIp,0.06666666666666667,14,14,AGTCCGCAGTCGCCTAGTAC,0,2110253
lacIp,0.06666666666666667,14,14,AGGGGTCCACTCCTAGGTAA,0,2092726
lacIp,0.06666666666666667,14,14,AGCTTCGAACTAGGGGCCAC,0,2102100
lacIp,0.06666666666666667,14,14,AGCGGCGACGCAGGAAATTA,0,2101932
lacIp,0.06666666666666667,14,14,AGCGCTAGTTTAACTCACCA,0,2107791
lacIp,0.06666666666666667,14,14,AGATTTGTGAGCCGTTTCGC,0,2106046
lacIp,0.06666666666666667,14,14,AGACGCAGGCAGCGGAAACT,0,2104309
lacIp,0.06666666666666667,14,14,ACTTGCAATGTAAGGGGCTA,0,2113470
lacIp,0.06666666666666667,14,14,ACTTCGGGGGTTGGTCGCGT,0,2094246
lacIp,0.06666666666666667,14,14,ACTTAAGATGAGTCGTGACC,0,2102832
lacIp,0.06666666666666667,14,14,ACGTGCGACTCTTACCGTAT,0,2101172
lacIp,0.06666666666666667,14,14,ACGTCGAACGGTTCCTTTTA,0,2102865
lacIp,0.06666666666666667,14,14,ACGGCTATCGAAATTCCCTC,0,2120369
lacIp,0.06666666666666667,14,14,ACCCATACTTGTTTCGAATT,0,2085688
lacIp,0.06666666666666667,14,14,ACATGGACACATGGTCGGTC,0,2110514
lacIp,0.06666666666666667,14,14,ACACCGCACGGCCTAAGGGC,0,2088559
lacIp,0.06666666666666667,14,14,ACAAGCTACTCGTTGGCGCG,0,2111141
lacIp,0.06666666666666667,14,14,ACAAAACCCTCTTGCATGTA,0,2105776
lacIp,0.06666666666666667,14,14,AATGCCTGGTGCGAGTAAGA,0,2097102
lacIp,0.06666666666666667,14,14,AATCTAGCCCGTATGCTATA,0,2096377
lacIp,0.06666666666666667,14,14,AAGGTTCCTTTTGGGCTTGA,0,2093964
lacIp,0.06666666666666667,14,14,AAGGCCGACAAGTATCCAAG,0,2114254
lacIp,0.06666666666666667,14,14,AAGGAGCGGGCAGATTGATC,0,2118727
lacIp,0.06666666666666667,14,14,AAGCGTAAACCGTAGCGATT,0,2093527
lacIp,0.06666666666666667,14,14,AACGTGTCGGGGGGAAGATA,0,2111766
lacIp,0.06666666666666667,14,14,AACGCACCCCCCATGTACAG,0,2118916
lacIp,0.06666666666666667,14,14,AAAGACTGAGGTCACGTTCA,0,2115909
lacIp,0.06666666666666667,14,14,AAAAAAAGTGGAGGTCGTTG,0,2105542
lacIp,0.07142857142857142,13,13,TTTTAAGCATGGCAACAACG,0,2093091
lacIp,0.07142857142857142,13,13,TTTGCCTTGGTTAATCGTTT,0,2095772
lacIp,0.07142857142857142,13,13,TTTCAGCAGTTCCAGTAAAA,0,2102541
lacIp,0.07142857142857142,13,13,TTTATGGGCATGTAACTCAA,0,2119097
lacIp,0.07142857142857142,13,13,TTTAACCGACGAATGAAAGG,0,2106895
lacIp,0.07142857142857142,13,13,TTGGATGCAGACAGTAAGTA,0,2089930
lacIp,0.07142857142857142,13,13,TTGAGCAATCATCAGGTAAA,0,2122209
lacIp,0.07142857142857142,13,13,TTGAGACTTGACTTTTACGA,0,2111580
lacIp,0.07142857142857142,13,13,TTGAATTACGCTCCAGAACT,0,2100410
lacIp,0.07142857142857142,13,13,TTCCGAACCTTCGGCCGTTG,0,2087527
lacIp,0.07142857142857142,13,13,TTATCATGAAAGGCTGGCAA,0,2111485
lacIp,0.07142857142857142,13,13,TTAACGGACTCAAATCCGAT,0,2111514
lacIp,0.07142857142857142,13,13,TTAACGCCAGAGGGTGCCGT,0,2091492
lacIp,0.07142857142857142,13,13,TGTTTCAATAAGTCATTATT,0,2111236
lacIp,0.07142857142857142,13,13,TGTCAGAGACATGATATGAA,0,2115297
lacIp,0.07142857142857142,13,13,TGTAAGTATGAAAGGGCTTG,0,2108854
lacIp,0.07142857142857142,13,13,TGGTTGGCCGGTTCTGGAAT,0,2120414
lacIp,0.07142857142857142,13,13,TGGTTATTAAAGAAACGTCT,0,2117904
lacIp,0.07142857142857142,13,13,TGGGGTTGTTATTCTCTGCA,0,2094021
lacIp,0.07142857142857142,13,13,TGGGGGACACGAAAAAAGTA,0,2120700
lacIp,0.07142857142857142,13,13,TGGGACGGGCCGTGGAGTGC,0,2110835
lacIp,0.07142857142857142,13,13,TGGCGTCCGTTTGTTGGCAA,0,2092185
lacIp,0.07142857142857142,13,13,TGCGACCTCCACAGCGTCTG,0,2097732
lacIp,0.07142857142857142,13,13,TGCGAAATTGTTCAAGACTC,0,2094202
lacIp,0.07142857142857142,13,13,TGCCGCCTTATCATAGAGCT,0,2088915
lacIp,0.07142857142857142,13,13,TGATATCATTTATGAAATGA,0,2108786
lacIp,0.07142857142857142,13,13,TCGTGCGCACCCTACGATCA,0,2121259
lacIp,0.07142857142857142,13,13,TCGTCAATAGAAAGAACCGC,0,2091108
lacIp,0.07142857142857142,13,13,TCGAGCGGTGATATCTGCAA,0,2102377
lacIp,0.07142857142857142,13,13,TCCTAGTCTCCCTTTTTCCA,0,2120872
lacIp,0.07142857142857142,13,13,TCCCCAGCTCAACGATTCGG,0,2090900
lacIp,0.07142857142857142,13,13,TCATTTAACAAGCTTGCTGT,0,2122135
lacIp,0.07142857142857142,13,13,TCATCGCTGATGGGGCCTGA,0,2115586
lacIp,0.07142857142857142,13,13,TATTGCAAATTCTAACCACT,0,2098788
lacIp,0.07142857142857142,13,13,TAGTGTCTCCAAAAACGCTT,0,2113995
lacIp,0.07142857142857142,13,13,TACCTGACTGAAAGCTCGGG,0,2088950
lacIp,0.07142857142857142,13,13,TACAGTTATTCATCCAACGT,0,2115210
lacIp,0.07142857142857142,13,13,TAAGAACGAAGGGCCACAGA,0,2101507
lacIp,0.07142857142857142,13,13,TAACTAGCATGTATCCAAAT,0,2107808
lacIp,0.07142857142857142,13,13,TAAAGGGGGTCTCAGGGGCT,0,2097254
lacIp,0.07142857142857142,13,13,GTTCAAACGGACACCGCATG,0,2092682
lacIp,0.07142857142857142,13,13,GTTATTAGCTCAATGGGCTG,0,2102093
lacIp,0.07142857142857142,13,13,GTTATCCTTGCCGTATAGAT,0,2104480
lacIp,0.07142857142857142,13,13,GTTAGACTGGAAAACTTGAG,0,2121315
lacIp,0.07142857142857142,13,13,GTTACTAACGAAAATTGCCT,0,2115876
lacIp,0.07142857142857142,13,13,GTTAACCTGGTCAGTGTGTG,0,2103303
lacIp,0.07142857142857142,13,13,GTGTTCCTGGCCGCTAAACT,0,2116311
lacIp,0.07142857142857142,13,13,GTGGAGGGCCTAACTGTACC,0,2115834
lacIp,0.07142857142857142,13,13,GTGATGTCATTCGGGCACTT,0,2093250
lacIp,0.07142857142857142,13,13,GTCCAATTTTAGAGGGGTAC,0,2105737
lacIp,0.07142857142857142,13,13,GTACTAGGGGTTCTTCGCGT,0,2102721
lacIp,0.07142857142857142,13,13,GTAACTCCGCAGGGGACTCA,0,2110749
lacIp,0.07142857142857142,13,13,GTAAAACCTGAAGGTATTCC,0,2103195
lacIp,0.07142857142857142,13,13,GGTCGCCCATGAGTCCCTCA,0,2088563
lacIp,0.07142857142857142,13,13,GGTACGCTAGACTTGCATGG,0,2119584
lacIp,0.07142857142857142,13,13,GGGCGGGGGCGTTTAGTCTA,0,2110428
lacIp,0.07142857142857142,13,13,GGGCGCCAGAACATTAGCAA,0,2092348
lacIp,0.07142857142857142,13,13,GGGCATTAGTTGGGCATTTG,0,2093741
lacIp,0.07142857142857142,13,13,GGCGCGTGCTCAAACCCAGA,0,2108160
lacIp,0.07142857142857142,13,13,GGCGCACATCCATTTGCTTA,0,2095377
lacIp,0.07142857142857142,13,13,GGCCGGGCTAGTTAAGTGGA,0,2090047
lacIp,0.07142857142857142,13,13,GGCACGACCTCAAGATCTTT,0,2087995
lacIp,0.07142857142857142,13,13,GGCACAATTGCTTTTGTATA,0,2092406
lacIp,0.07142857142857142,13,13,GGCAAGGTCCCTGGTCCAGA,0,2119128
lacIp,0.07142857142857142,13,13,GGACATAAGACTCGACAGAT,0,2117505
lacIp,0.07142857142857142,13,13,GGAACTCAGCTACACTATCT,0,2105263
lacIp,0.07142857142857142,13,13,GCTTAGACCGCTCGTGCGGA,0,2112370
lacIp,0.07142857142857142,13,13,GCTGCAGGGACTTGCTGTGT,0,2094611
lacIp,0.07142857142857142,13,13,GCTGAAGGATGCTGTCGTAA,0,2093658
lacIp,0.07142857142857142,13,13,GCTCCCACCCGGCTGACACT,0,2095197
lacIp,0.07142857142857142,13,13,GCTAGTCATGCCAGTCCGAG,0,2088585
lacIp,0.07142857142857142,13,13,GCTACGTCCGTTATTGGGTA,0,2122392
lacIp,0.07142857142857142,13,13,GCGGTCGGACGGCAGAGGCG,0,2101245
lacIp,0.07142857142857142,13,13,GCGGAGGTTGTATCACGCAT,0,2102594
lacIp,0.07142857142857142,13,13,GCGCCTAAGTGCGAGAAGCC,0,2100903
lacIp,0.07142857142857142,13,13,GCGATCGATCGGGTGAACAC,0,2105183
lacIp,0.07142857142857142,13,13,GCGATCCCATTTTTCTACAT,0,2090285
lacIp,0.07142857142857142,13,13,GCCTATTAGCACGGTCAGTC,0,2115841
lacIp,0.07142857142857142,13,13,GCCGGGACAAATTTCAACCA,0,2119178
lacIp,0.07142857142857142,13,13,GCCGGCACGCCGATTTAATC,0,2091121
lacIp,0.07142857142857142,13,13,GCCACCGCGCGAGCCACAGG,0,2098591
lacIp,0.07142857142857142,13,13,GCATGCTGTCGCCGTCATTA,0,2096938
lacIp,0.07142857142857142,13,13,GCAGAGGCTTAGGCAGATAA,0,2096009
lacIp,0.07142857142857142,13,13,GATGCATACCCGTCACGGAA,0,2100707
lacIp,0.07142857142857142,13,13,GATATAGTAGTGCGGTTTCT,0,2099353
lacIp,0.07142857142857142,13,13,GACTTTCCCCGTGCGTTACA,0,2111395
lacIp,0.07142857142857142,13,13,GACAGCCTGCTTAATTCGAA,0,2087195
lacIp,0.07142857142857142,13,13,GAATTCTTAGTCCTAGGGCT,0,2100775
lacIp,0.07142857142857142,13,13,GAATGGGTGAGGACAGCGAG,0,2094151
lacIp,0.07142857142857142,13,13,GAAGGCTGGGCCGCTTGTGA,0,2115582
lacIp,0.07142857142857142,13,13,GAAGAGTCCGCGCTGTCCTT,0,2100649
lacIp,0.07142857142857142,13,13,GAAGACCCCTGGATTTGGGA,0,2094581
lacIp,0.07142857142857142,13,13,GAACGTGGACACGACCTCAA,0,2116084
lacIp,0.07142857142857142,13,13,GAAAATTTCGACCAGTCCCA,0,2109277
lacIp,0.07142857142857142,13,13,CTTTAAAGCGCCTATGATTT,0,2104897
lacIp,0.07142857142857142,13,13,CTTGTTCGGGATACCATCCC,0,2112312
lacIp,0.07142857142857142,13,13,CTTGGCAGACAGGTAGGTTA,0,2100874
lacIp,0.07142857142857142,13,13,CTTCCAAGCGACTGAGGCGC,0,2095744
lacIp,0.07142857142857142,13,13,CTTCATAAGGAGTTTCTGTG,0,2105859
lacIp,0.07142857142857142,13,13,CTTACCTGCTTCAGATTATG,0,2102329
lacIp,0.07142857142857142,13,13,CTGTTGATCGTGAGCAGACG,0,2107729
lacIp,0.07142857142857142,13,13,CTGTTAGATCATTTGGAAGA,0,2106007
lacIp,0.07142857142857142,13,13,CTGGCAAACTGGCCCGCGGG,0,2091214
lacIp,0.07142857142857142,13,13,CTGAGTACAGCGGGTCTACA,0,2101483
lacIp,0.07142857142857142,13,13,CTCGCGAGAAAGTTAGGCAA,0,2091890
lacIp,0.07142857142857142,13,13,CTCCCATAATATGCGTGGCT,0,2105386
lacIp,0.07142857142857142,13,13,CTCAGACAATCGCGGAGGCT,0,2093782
lacIp,0.07142857142857142,13,13,CGTTCCTACAAATCTGGCGT,0,2106827
lacIp,0.07142857142857142,13,13,CGTTAACTTGCGCTTAAGAG,0,2115106
lacIp,0.07142857142857142,13,13,CGTGGTTTCTTTCTTGTGAA,0,2093253
lacIp,0.07142857142857142,13,13,CGTCTGAGGATTCATGCGGC,0,2108790
lacIp,0.07142857142857142,13,13,CGTCTAGTAACTTAGTTCAG,0,2102941
lacIp,0.07142857142857142,13,13,CGTCAGGAATAACGGGTCTT,0,2122118
lacIp,0.07142857142857142,13,13,CGTACTTACTTGTCATATAT,0,2108608
lacIp,0.07142857142857142,13,13,CGGGCATTGAGCAAGCCAGA,0,2086258
lacIp,0.07142857142857142,13,13,CGGATCATGTTAGCCTGTCA,0,2094148
lacIp,0.07142857142857142,13,13,CGCTTTAACATTGTTCAGGG,0,2098040
lacIp,0.07142857142857142,13,13,CGCGGTGAAAATGTAATCCA,0,2093542
lacIp,0.07142857142857142,13,13,CGCGCAGTTACTGGTGACTA,0,2108018
lacIp,0.07142857142857142,13,13,CGCGATTCGTATGGCTCTCC,0,2105664
lacIp,0.07142857142857142,13,13,CGCCCGGTGCAGTTTTCCAT,0,2119100
lacIp,0.07142857142857142,13,13,CGCAGAACCTGTCAATCCAG,0,2094051
lacIp,0.07142857142857142,13,13,CGCACTATAGAATGAATTAT,0,2116406
lacIp,0.07142857142857142,13,13,CGATCGAAGAGACCTTGTAG,0,2091118
lacIp,0.07142857142857142,13,13,CGAGCATTTGGGAGGATCAA,0,2106642
lacIp,0.07142857142857142,13,13,CGACAAGAAACCTGAAGAGG,0,2089959
lacIp,0.07142857142857142,13,13,CCTATGTTCAAGCCATTAGT,0,2089864
lacIp,0.07142857142857142,13,13,CCTAAAAAACGCTGTCCACC,0,2120719
lacIp,0.07142857142857142,13,13,CCGGAATTTTCAAGAACGGC,0,2088826
lacIp,0.07142857142857142,13,13,CCGCAGTCCACGGGTTCACA,0,2097462
lacIp,0.07142857142857142,13,13,CCCTGAAGTGTGGAATCATG,0,2095818
lacIp,0.07142857142857142,13,13,CCCGGGCAACAACATGACTG,0,2119606
lacIp,0.07142857142857142,13,13,CCCGCGGGGGTGTTGTGAGT,0,2116565
lacIp,0.07142857142857142,13,13,CCATTAGAAATGCCTGAGCT,0,2116197
lacIp,0.07142857142857142,13,13,CCATGATCGTGTGCTACTAT,0,2104535
lacIp,0.07142857142857142,13,13,CCAACCGGTCCCTCTGAAGG,0,2099117
lacIp,0.07142857142857142,13,13,CCAACCAACATTTAAAGACC,0,2114264
lacIp,0.07142857142857142,13,13,CATTCGGCTGGAACATCCTA,0,2116217
lacIp,0.07142857142857142,13,13,CATTAGTGAGTTAATCGCTT,0,2106182
lacIp,0.07142857142857142,13,13,CATGTATTGATTTCTAGATT,0,2094430
lacIp,0.07142857142857142,13,13,CATGCTGTACCGGCCAGTTA,0,2119467
lacIp,0.07142857142857142,13,13,CATATAGTGCTATTTGATAA,0,2089519
lacIp,0.07142857142857142,13,13,CATACCGACCAATAAAAATA,0,2117822
lacIp,0.07142857142857142,13,13,CAGTACATTGTCTTCGGAAG,0,2098717
lacIp,0.07142857142857142,13,13,CAGGTATCGCCCTGTAATGT,0,2090740
lacIp,0.07142857142857142,13,13,CAGGCCGCACTGGGACGGCA,0,2104281
lacIp,0.07142857142857142,13,13,CAGCGCATCAGCACCGACGC,0,2103130
lacIp,0.07142857142857142,13,13,CAGCACGATCACTGGCACCA,0,2104858
lacIp,0.07142857142857142,13,13,CACGGGGAGATGCGCAAAAT,0,2104069
lacIp,0.07142857142857142,13,13,CACGAAGTAGCCCACCAGAT,0,2091391
lacIp,0.07142857142857142,13,13,CACAAGATTGCCTTATTCCA,0,2096133
lacIp,0.07142857142857142,13,13,CAATCACTAACTCACCAAAG,0,2116804
lacIp,0.07142857142857142,13,13,CAACATGGCCGACGACATGC,0,2086303
lacIp,0.07142857142857142,13,13,CAAATTGGCAACTACCAACA,0,2094213
lacIp,0.07142857142857142,13,13,CAAAACATCGATGTGGAAAG,0,2092217
lacIp,0.07142857142857142,13,13,ATTGGTCACAGCAGGACATT,0,2086848
lacIp,0.07142857142857142,13,13,ATTAACCTAACCCGCCAGTA,0,2118827
lacIp,0.07142857142857142,13,13,ATGTCTACGTCCGCGGTGAT,0,2108247
lacIp,0.07142857142857142,13,13,ATGTCGCTATAAAAGGTATC,0,2098762
lacIp,0.07142857142857142,13,13,ATGCCCCGGTTTTTTAACGA,0,2093408
lacIp,0.07142857142857142,13,13,ATCTAGAGGGCTGAGGTGCA,0,2086376
lacIp,0.07142857142857142,13,13,ATCGATCAACGTTTCGTGGC,0,2097533
lacIp,0.07142857142857142,13,13,ATCATCCAGGTATGCACGCA,0,2087150
lacIp,0.07142857142857142,13,13,ATCAGCGTCCGTCGGGTATC,0,2103051
lacIp,0.07142857142857142,13,13,ATCAACAGTCTCCGTGCTGA,0,2105360
lacIp,0.07142857142857142,13,13,ATATCCTCAATAGGGTACAT,0,2116178
lacIp,0.07142857142857142,13,13,ATAGTCCAATTCGCTGCCCT,0,2105739
lacIp,0.07142857142857142,13,13,ATAGGGCCGTTTGTCTAGGC,0,2086938
lacIp,0.07142857142857142,13,13,ATAATTCTGCCGTCTTCTGT,0,2097356
lacIp,0.07142857142857142,13,13,ATAAGCAGACGATGGGATAC,0,2114228
lacIp,0.07142857142857142,13,13,AGGTGACGGGCGTCGCGCGC,0,2114433
lacIp,0.07142857142857142,13,13,AGGGTGTCTCCGCACCCGGA,0,2118065
lacIp,0.07142857142857142,13,13,AGGCTTAGGGTCAAATCTTA,0,2095136
lacIp,0.07142857142857142,13,13,AGCTTAGATGCCGGTGCAAT,0,2112044
lacIp,0.07142857142857142,13,13,AGCTAACTCCTCGACCGGGA,0,2093939
lacIp,0.07142857142857142,13,13,AGCGTGGAACTCAGCAATAC,0,2119910
lacIp,0.07142857142857142,13,13,AGCATGGAGCAATAGCATTC,0,2105008
lacIp,0.07142857142857142,13,13,AGATTCAAGATGGTAGAGAT,0,2108370
lacIp,0.07142857142857142,13,13,AGATATAGGCAAGGATGGGA,0,2094159
lacIp,0.07142857142857142,13,13,AGATAATGGCGGGCCACACA,0,2098677
lacIp,0.07142857142857142,13,13,AGACCGGCTACTCGCCCTTT,0,2103929
lacIp,0.07142857142857142,13,13,AGAATTCCGCTACTTTGGTA,0,2111058
lacIp,0.07142857142857142,13,13,AGAACGAAGAATTTGCTGAC,0,2098580
lacIp,0.07142857142857142,13,13,ACTGTGTCCGGGCAACGTTA,0,2101463
lacIp,0.07142857142857142,13,13,ACTCAGACATCGGTACAGGC,0,2102783
lacIp,0.07142857142857142,13,13,ACGGCGACCTTCTTTTGTTT,0,2122091
lacIp,0.07142857142857142,13,13,ACGGCCGGCTACCAGTCAAT,0,2095009
lacIp,0.07142857142857142,13,13,ACGGCCCTATCGTGTTTTAA,0,2104910
lacIp,0.07142857142857142,13,13,ACGCGCCGGTCACCGAAGCT,0,2092818
lacIp,0.07142857142857142,13,13,ACGCCCAAATGAGGGCATGA,0,2104214
lacIp,0.07142857142857142,13,13,ACATTGAAGGGATAGAAGAG,0,2096612
lacIp,0.07142857142857142,13,13,ACAGCTTTGTGTAAGTCACA,0,2087869
lacIp,0.07142857142857142,13,13,ACACGGCTCACCGCCCCGCA,0,2107627
lacIp,0.07142857142857142,13,13,ACAATACCGAGATAGTGAGT,0,2104940
lacIp,0.07142857142857142,13,13,AATGCGGTGTGTATCAGTGT,0,2114020
lacIp,0.07142857142857142,13,13,AAGTCAAACTTAGGCGAACA,0,2110372
lacIp,0.07142857142857142,13,13,AAGATGTGGCGCTAGTTGCA,0,2101427
lacIp,0.07142857142857142,13,13,AACGTTGCCTTTTTAGTCGT,0,2110299
lacIp,0.07142857142857142,13,13,AACGTCGTAGGTGTTAAACG,0,2090159
lacIp,0.07142857142857142,13,13,AACCCCCCGACGCAAGTTAA,0,2106971
lacIp,0.07142857142857142,13,13,AAACACTACATATAAGCACC,0,2111341
lacIp,0.07142857142857142,13,13,AAAACGTAAGAGGGTTGGCT,0,2098186
lacIp,0.07692307692307693,12,12,TTTTGGGAAAGAGTTCGTAA,0,2096072
lacIp,0.07692307692307693,12,12,TTTCTCTAATGTCCTTGTAA,0,2114349
lacIp,0.07692307692307693,12,12,TTTCCGACACGGCGACGGTC,0,2111332
lacIp,0.07692307692307693,12,12,TTGGTGATCGTGGACAGCCT,0,2110106
lacIp,0.07692307692307693,12,12,TTGGTAGCCATTGGTCAAGA,0,2107862
lacIp,0.07692307692307693,12,12,TTGGGTGCACTGCCTTACCG,0,2104189
lacIp,0.07692307692307693,12,12,TTGGACTGGATTGAATGCCA,0,2094305
lacIp,0.07692307692307693,12,12,TTGGACAGGATAGGCTGTCG,0,2098890
lacIp,0.07692307692307693,12,12,TTGATTTGAAGGAACATATT,0,2111248
lacIp,0.07692307692307693,12,12,TTCAGTACATTGGAACCGGT,0,2099025
lacIp,0.07692307692307693,12,12,TTCAACAAGTTTGTGGGACG,0,2105391
lacIp,0.07692307692307693,12,12,TTATGCCGGCCCTTGTCCTA,0,2098230
lacIp,0.07692307692307693,12,12,TTATGAGAGTCCGATGTGGT,0,2108769
lacIp,0.07692307692307693,12,12,TTATCAAAGATCTGGAAAAG,0,2105935
lacIp,0.07692307692307693,12,12,TTATATACACCATTAAATGT,0,2110974
lacIp,0.07692307692307693,12,12,TTACTGGGTGACAGACAGCA,0,2111157
lacIp,0.07692307692307693,12,12,TTACACGCCTGACTCGGAGA,0,2101239
lacIp,0.07692307692307693,12,12,TTAATTTGCTAAACAATATC,0,2090557
lacIp,0.07692307692307693,12,12,TGTCAGGGTAAAAGAGTTGG,0,2109844
lacIp,0.07692307692307693,12,12,TGGGGGGGTATGATTGGCTT,0,2098720
lacIp,0.07692307692307693,12,12,TGGCGCCTTACCACCATACC,0,2117949
lacIp,0.07692307692307693,12,12,TGCGACGCCAACCTCCTATG,0,2099059
lacIp,0.07692307692307693,12,12,TGCCGTTTAGTTTAGAGACG,0,2108761
lacIp,0.07692307692307693,12,12,TGCCCGGCGAAACCGGCGGT,0,2103901
lacIp,0.07692307692307693,12,12,TGCACGCATATCGATGAAGA,0,2093763
lacIp,0.07692307692307693,12,12,TGCACATAATATATTGCTGA,0,2097195
lacIp,0.07692307692307693,12,12,TGATCTGGGAACCCAAGTCT,0,2091582
lacIp,0.07692307692307693,12,12,TGATCCGATCGAGCGGTTCA,0,2101088
lacIp,0.07692307692307693,12,12,TGAACCACTCCCCGACGCTA,0,2103121
lacIp,0.07692307692307693,12,12,TCGTTTCCTAAAGGAGTTTT,0,2099199
lacIp,0.07692307692307693,12,12,TCGCTCTGTACTAGGCAGTA,0,2092356
lacIp,0.07692307692307693,12,12,TCGCTCTAATACAATCAGTA,0,2099171
lacIp,0.07692307692307693,12,12,TCGATATGACCTAATGTCCT,0,2090737
lacIp,0.07692307692307693,12,12,TCCGTCCGCAGAGGCACGCC,0,2121875
lacIp,0.07692307692307693,12,12,TCCGAGTGGTGGTCTCGTTT,0,2121583
lacIp,0.07692307692307693,12,12,TCACTGTTGTATTGTACAAG,0,2086135
lacIp,0.07692307692307693,12,12,TCACCCGCGTCGAAGCGTAC,0,2101912
lacIp,0.07692307692307693,12,12,TCAACTCGCCTATCATTAAC,0,2113519
lacIp,0.07692307692307693,12,12,TATTTATGAATCCCACGGAC,0,2105805
lacIp,0.07692307692307693,12,12,TATGGGTTTCAAGTAACCCC,0,2101238
lacIp,0.07692307692307693,12,12,TATCTTCGGCGAGTGTATAT,0,2094215
lacIp,0.07692307692307693,12,12,TAGCCGTCATACGTCTCTTG,0,2101952
lacIp,0.07692307692307693,12,12,TAGCAAGCTCTCGACTCCTT,0,2118189
lacIp,0.07692307692307693,12,12,TAGATCTGTACACTGCTCTA,0,2091651
lacIp,0.07692307692307693,12,12,TACTGCCAGGCATTCCCCGT,0,2102424
lacIp,0.07692307692307693,12,12,TACCAGGCATGGCGCCGTGG,0,2104455
lacIp,0.07692307692307693,12,12,TAATTATTCGTAGGGGTCAA,0,2091917
lacIp,0.07692307692307693,12,12,TAACGGATGGTGCTCGTGCG,0,2104270
lacIp,0.07692307692307693,12,12,TAACCGATCTGGACTAGGGG,0,2114197
lacIp,0.07692307692307693,12,12,GTTTTGCAAGCTAGTCCCGT,0,2094589
lacIp,0.07692307692307693,12,12,GTTGGGTAATGGAATGCAGT,0,2113095
lacIp,0.07692307692307693,12,12,GTTGATAGGCGGACGGTTCT,0,2114240
lacIp,0.07692307692307693,12,12,GTTGAGGGGCACGCGTCGTC,0,2120659
lacIp,0.07692307692307693,12,12,GTTCACACTCTGGCATCGGA,0,2106730
lacIp,0.07692307692307693,12,12,GTTACTTGAGATACAGCCTT,0,2101515
lacIp,0.07692307692307693,12,12,GTGTTCCGGAGCCCGCAGCG,0,2100670
lacIp,0.07692307692307693,12,12,GTGGTTCGGTATACCTATGT,0,2093147
lacIp,0.07692307692307693,12,12,GTGGGAACCCGACGTAGACC,0,2089004
lacIp,0.07692307692307693,12,12,GTGGACCAAGTATTGATGCA,0,2093172
lacIp,0.07692307692307693,12,12,GTGAGTGATATCAGGATAGA,0,2091900
lacIp,0.07692307692307693,12,12,GTCTAATTAGCGTCCTTGAT,0,2089563
lacIp,0.07692307692307693,12,12,GTCCCGGAGATTAATTAATT,0,2111027
lacIp,0.07692307692307693,12,12,GTCAAGCTCATTCTTCAAGC,0,2102959
lacIp,0.07692307692307693,12,12,GTAGACAGAACGACCCCAAA,0,2096274
lacIp,0.07692307692307693,12,12,GTACTTAGGGGCGGACGATA,0,2094539
lacIp,0.07692307692307693,12,12,GGTTAAGTTTAAGGCACGTG,0,2092279
lacIp,0.07692307692307693,12,12,GGTGCATGCCACACAGATCA,0,2094689
lacIp,0.07692307692307693,12,12,GGTGACAATGCGCCGCCCAC,0,2107807
lacIp,0.07692307692307693,12,12,GGTAGCCTCCTAACGAAAAA,0,2097734
lacIp,0.07692307692307693,12,12,GGTAACCGCCCTGCGTGGCG,0,2086750
lacIp,0.07692307692307693,12,12,GGGTTAAACAGAAGCGAGTA,0,2117480
lacIp,0.07692307692307693,12,12,GGGGTATGACGTATAAGTCA,0,2121946
lacIp,0.07692307692307693,12,12,GGCATCGGAATATGCATCTC,0,2108219
lacIp,0.07692307692307693,12,12,GGCAGTTATATTAGGCGTAC,0,2096752
lacIp,0.07692307692307693,12,12,GGCAAGCGGAGCGACGTGAT,0,2109869
lacIp,0.07692307692307693,12,12,GGATTTGAACGGATCTAACT,0,2105759
lacIp,0.07692307692307693,12,12,GGAGTCTTCTTATGAGGGGT,0,2089047
lacIp,0.07692307692307693,12,12,GCTTGGTCGAACGTAAGTTT,0,2119300
lacIp,0.07692307692307693,12,12,GCTTGACACGATGGACTACT,0,2105209
lacIp,0.07692307692307693,12,12,GCTCAGACCCACCATGTAAT,0,2105405
lacIp,0.07692307692307693,12,12,GCGTTTTGAGGCTGCGAGCC,0,2104908
lacIp,0.07692307692307693,12,12,GCGGGCTGTCATGGCGTTTG,0,2118040
lacIp,0.07692307692307693,12,12,GCGGCCTTCAATCCATTGTC,0,2100938
lacIp,0.07692307692307693,12,12,GCCTTTCGAATTCGCCAGAT,0,2096508
lacIp,0.07692307692307693,12,12,GCCTTGGCATTGCAGTATAG,0,2109689
lacIp,0.07692307692307693,12,12,GCCTCCTTTCCCACCGAGAG,0,2104302
lacIp,0.07692307692307693,12,12,GCCGGTGGTGACACGAAACA,0,2106120
lacIp,0.07692307692307693,12,12,GCCCTTAAAAGATCCCAGCG,0,2106113
lacIp,0.07692307692307693,12,12,GCCCTGTGCTTAGCTTCCTA,0,2113064
lacIp,0.07692307692307693,12,12,GCCCGGAATAAACAGGAAAG,0,2104683
lacIp,0.07692307692307693,12,12,GCATGGCTTCCAGCGAATGT,0,2096452
lacIp,0.07692307692307693,12,12,GCATGCACATTGTATTGATT,0,2111006
lacIp,0.07692307692307693,12,12,GATTCTACCCCTTCACGTGC,0,2119799
lacIp,0.07692307692307693,12,12,GATCGTAGGTCGGGGTCATG,0,2091778
lacIp,0.07692307692307693,12,12,GATCAGCTAGATTTAGGGCA,0,2111833
lacIp,0.07692307692307693,12,12,GATAGACACCTTTACTTGGG,0,2114986
lacIp,0.07692307692307693,12,12,GATACTCCAGAACGATCAGG,0,2114303
lacIp,0.07692307692307693,12,12,GAGTCCGGCCCTTGGAAGAT,0,2117848
lacIp,0.07692307692307693,12,12,GAGGCTAGTGCATGGGCTCA,0,2087804
lacIp,0.07692307692307693,12,12,GAGGAGGCGCGAGTCCTGTG,0,2110642
lacIp,0.07692307692307693,12,12,GAGCTCCAACAACGAGTCGT,0,2098335
lacIp,0.07692307692307693,12,12,GAGCCTACTAATAACTCTCA,0,2085873
lacIp,0.07692307692307693,12,12,GAGCAAACAAGTGGGGATTC,0,2103283
lacIp,0.07692307692307693,12,12,GACTATCGTTATGAACAATT,0,2088619
lacIp,0.07692307692307693,12,12,GACCTCCATCGCTACGTGGC,0,2098833
lacIp,0.07692307692307693,12,12,GAATTCGAGAGCACTTCTAA,0,2092030
lacIp,0.07692307692307693,12,12,GAATGTTATCGCACCGCAAG,0,2120205
lacIp,0.07692307692307693,12,12,GAATCCCGCTTGTCTTCAAG,0,2116354
lacIp,0.07692307692307693,12,12,GAAACTTACGAAAGAGTCCA,0,2114471
lacIp,0.07692307692307693,12,12,GAAAAAGCGGCTGCGTTTGG,0,2100708
lacIp,0.07692307692307693,12,12,CTTGGTATCGAAGGAGAGTA,0,2115397
lacIp,0.07692307692307693,12,12,CTTGACATGCTGATTTAACG,0,2090439
lacIp,0.07692307692307693,12,12,CTTACTAGAGTTAGTGCCAC,0,2096799
lacIp,0.07692307692307693,12,12,CTGTGAGCGGCGTGGGTTAG,0,2116355
lacIp,0.07692307692307693,12,12,CTGGAAGGTAGCAACGGGTA,0,2120169
lacIp,0.07692307692307693,12,12,CTCCCAAAACCGGTCCCATA,0,2110728
lacIp,0.07692307692307693,12,12,CTCCAAGGCAGCCATTCTGC,0,2108556
lacIp,0.07692307692307693,12,12,CTCAGCCCCGTCCGACGACA,0,2103963
lacIp,0.07692307692307693,12,12,CTCACCATGTGGTGGTTTTG,0,2113708
lacIp,0.07692307692307693,12,12,CTCACACTCCCTGTAAGTGG,0,2094933
lacIp,0.07692307692307693,12,12,CTATGGATGTGTCAAGGGCA,0,2094385
lacIp,0.07692307692307693,12,12,CTATACGCGCTCGTGCATTA,0,2108083
lacIp,0.07692307692307693,12,12,CTAGTGGAATTGAGCTACGT,0,2092048
lacIp,0.07692307692307693,12,12,CTAGAAATGGGGCTTGCTTT,0,2103151
lacIp,0.07692307692307693,12,12,CTAAGTGCGGGCTCATACAT,0,2088694
lacIp,0.07692307692307693,12,12,CGTGTGAAGTGCACCTCAGG,0,2097180
lacIp,0.07692307692307693,12,12,CGTGGTGGGAAGTATTGTTG,0,2096889
lacIp,0.07692307692307693,12,12,CGTGAAGGCCCGCCACAAGT,0,2114796
lacIp,0.07692307692307693,12,12,CGTAGGATGCATATGGATCC,0,2107275
lacIp,0.07692307692307693,12,12,CGGGTTAGGATAGGAGCAGG,0,2113948
lacIp,0.07692307692307693,12,12,CGCGCTGGTAGGGTTGTCTT,0,2094220
lacIp,0.07692307692307693,12,12,CGCATTTGTAGCGAACAATT,0,2094961
lacIp,0.07692307692307693,12,12,CCTTGCTTTGTCTGCGTAAT,0,2106089
lacIp,0.07692307692307693,12,12,CCTTGACTAGGATGCGTTAA,0,2087201
lacIp,0.07692307692307693,12,12,CCTGGGGAGAACCGACTAAA,0,2085970
lacIp,0.07692307692307693,12,12,CCTGGCTAGTTTATGCCGGA,0,2087153
lacIp,0.07692307692307693,12,12,CCTCCGACTGCTGACTCAGA,0,2100481
lacIp,0.07692307692307693,12,12,CCGTAAAAAGGAGAGCAACC,0,2105571
lacIp,0.07692307692307693,12,12,CCGGTGCAGCGGCTCGACGG,0,2097582
lacIp,0.07692307692307693,12,12,CCGGGGTTTATACTAGAACC,0,2121171
lacIp,0.07692307692307693,12,12,CCGGGAAGTCGCGGCAGATA,0,2103560
lacIp,0.07692307692307693,12,12,CCGCGGCTTAAGCTAGCTGT,0,2113729
lacIp,0.07692307692307693,12,12,CCGCGCCCTATCTGTGCACA,0,2105698
lacIp,0.07692307692307693,12,12,CCGCGAGAATTGGGTTGTCC,0,2107255
lacIp,0.07692307692307693,12,12,CCGCCACATAACTAGCACAT,0,2120927
lacIp,0.07692307692307693,12,12,CCCTGCACTTAGAGAGCAAA,0,2119833
lacIp,0.07692307692307693,12,12,CCCTGACATCGAAGCCCAAC,0,2121839
lacIp,0.07692307692307693,12,12,CCCTAAAGTAACAATTGTGT,0,2093140
lacIp,0.07692307692307693,12,12,CCCGGTTTCTGTCGATACAC,0,2110079
lacIp,0.07692307692307693,12,12,CCCCAGCAGTCCGTCCGAAC,0,2102290
lacIp,0.07692307692307693,12,12,CCCCACTGATTCGACTTTTG,0,2086157
lacIp,0.07692307692307693,12,12,CCCAGCCGGCTATACAAGGC,0,2109579
lacIp,0.07692307692307693,12,12,CCCACACAAGAGCATCTGGG,0,2118473
lacIp,0.07692307692307693,12,12,CCCAAGCGAAAGTTCATGTC,0,2116855
lacIp,0.07692307692307693,12,12,CCAATGATCTCTTAAGCCGT,0,2095953
lacIp,0.07692307692307693,12,12,CATCTTGTCGTGGTAAGCCA,0,2098692
lacIp,0.07692307692307693,12,12,CATCTGGTATAAACCAACAC,0,2098304
lacIp,0.07692307692307693,12,12,CATCGCCGCGTCTTCCGACG,0,2098189
lacIp,0.07692307692307693,12,12,CATCACACGCAAAGTGCGGG,0,2099268
lacIp,0.07692307692307693,12,12,CATATCCGGTGCATTCAGTG,0,2095381
lacIp,0.07692307692307693,12,12,CAGTCTAATGGCCCTGTCGT,0,2096832
lacIp,0.07692307692307693,12,12,CAGCTTGCTATTCCCGGCAT,0,2102663
lacIp,0.07692307692307693,12,12,CAGCGGGACCTATGAGCATA,0,2089108
lacIp,0.07692307692307693,12,12,CAGATTCGCCGTCGGGAAGC,0,2090371
lacIp,0.07692307692307693,12,12,CACAACTGGAGGTTCGCGTG,0,2101211
lacIp,0.07692307692307693,12,12,CAATGTCGGTCTGATGACGC,0,2108515
lacIp,0.07692307692307693,12,12,CAATAACGTACGATAAGTCT,0,2107477
lacIp,0.07692307692307693,12,12,CAAATATGAGCCGATGCTGA,0,2098074
lacIp,0.07692307692307693,12,12,CAAAATCAAGTACTGGTATA,0,2086081
lacIp,0.07692307692307693,12,12,ATTGGTAATCTCTCAAAGAG,0,2098080
lacIp,0.07692307692307693,12,12,ATTACCTGGATGCCGTGGGA,0,2092082
lacIp,0.07692307692307693,12,12,ATGTTGGTTCCTGTGTACAC,0,2106741
lacIp,0.07692307692307693,12,12,ATGTAGGTGGATCTGCGACT,0,2096536
lacIp,0.07692307692307693,12,12,ATGGTTGCATGCGATGTCAT,0,2099000
lacIp,0.07692307692307693,12,12,ATGCATTGGTTACAACGGAG,0,2099422
lacIp,0.07692307692307693,12,12,ATGACGCCGGGTTTTGACGT,0,2121933
lacIp,0.07692307692307693,12,12,ATGAAGTTGATGGTATTAGT,0,2098125
lacIp,0.07692307692307693,12,12,ATCTGTCGGTTCGGAATTAC,0,2096089
lacIp,0.07692307692307693,12,12,ATCTGTCAGTTGTCATCTAG,0,2086391
lacIp,0.07692307692307693,12,12,ATCGGCTGAGGCGCACCCGA,0,2094751
lacIp,0.07692307692307693,12,12,ATCCGGACCCGGACGCTTGC,0,2090941
lacIp,0.07692307692307693,12,12,ATCAACATTGCAATTTCGCT,0,2120185
lacIp,0.07692307692307693,12,12,ATCAAAAACTACAGGTGGCC,0,2120848
lacIp,0.07692307692307693,12,12,ATATGGCACTAATTAATACA,0,2099726
lacIp,0.07692307692307693,12,12,ATAGGCACTACTCTCCGCCA,0,2104716
lacIp,0.07692307692307693,12,12,AGTCATTACCCCCCGATCCA,0,2106172
lacIp,0.07692307692307693,12,12,AGTAGGGCGGGAGTGAGTCG,0,2108296
lacIp,0.07692307692307693,12,12,AGGTCTAATGGGCGGATATT,0,2107705
lacIp,0.07692307692307693,12,12,AGGTCATCTTCGAAGTATAT,0,2109164
lacIp,0.07692307692307693,12,12,AGGTAAGGGGACATTTCTTC,0,2119632
lacIp,0.07692307692307693,12,12,AGGGGCCTACGATCGGGTGC,0,2120921
lacIp,0.07692307692307693,12,12,AGGGGATGTGTGGCTCTCGA,0,2102989
lacIp,0.07692307692307693,12,12,AGGAGCGCCTGTATCACGGT,0,2103732
lacIp,0.07692307692307693,12,12,AGGACAATGGATTGAACAGA,0,2104251
lacIp,0.07692307692307693,12,12,AGCTGGTGTGTATCCGGGAC,0,2115346
lacIp,0.07692307692307693,12,12,AGCTGGTGTGATTTACTGGT,0,2098534
lacIp,0.07692307692307693,12,12,AGAGCTTCTTGCGGTGCACA,0,2113201
lacIp,0.07692307692307693,12,12,AGACGGCCGCTTATTCAGGC,0,2112244
lacIp,0.07692307692307693,12,12,ACTTCGTACGACCCGGCAAA,0,2097415
lacIp,0.07692307692307693,12,12,ACTTACTCACCTCACGTCTT,0,2093678
lacIp,0.07692307692307693,12,12,ACTGCTGAGTCAGTATCGTC,0,2117834
lacIp,0.07692307692307693,12,12,ACTCCTTGTCACTGTTTTCA,0,2114769
lacIp,0.07692307692307693,12,12,ACTATGCTAATGATGGAGGT,0,2100944
lacIp,0.07692307692307693,12,12,ACTACCTCTGCACGTTCACC,0,2087532
lacIp,0.07692307692307693,12,12,ACTAAGAATGCCGGACCACT,0,2089558
lacIp,0.07692307692307693,12,12,ACGTCTTCATACTGCTTGTC,0,2104813
lacIp,0.07692307692307693,12,12,ACGTCAGAAAAGATGGACGA,0,2097312
lacIp,0.07692307692307693,12,12,ACGCGTTGCCATGGAATCTG,0,2116482
lacIp,0.07692307692307693,12,12,ACCTGTCACTTCTGACCTGA,0,2095803
lacIp,0.07692307692307693,12,12,ACCGGTCGGCACAGCGCATG,0,2093605
lacIp,0.07692307692307693,12,12,ACCGCGTTATCGGTGAAAAC,0,2110004
lacIp,0.07692307692307693,12,12,ACCCGATCCACATGCTGTTG,0,2110848
lacIp,0.07692307692307693,12,12,ACCAGGTGCATCCTACGCGT,0,2103767
lacIp,0.07692307692307693,12,12,ACCAATTAAAATCGATACTG,0,2086116
lacIp,0.07692307692307693,12,12,ACATTTAGGGACTTGACAGT,0,2092215
lacIp,0.07692307692307693,12,12,ACATTGCCGAGAGGGAATTG,0,2120564
lacIp,0.07692307692307693,12,12,ACATTATTACGGATGCCCTG,0,2112020
lacIp,0.07692307692307693,12,12,ACACCGCGGCAGGAGTGATG,0,2118636
lacIp,0.07692307692307693,12,12,ACACAGTTATGGCTGGTCCT,0,2092609
lacIp,0.07692307692307693,12,12,ACACACCAGCGTCCCCCCCG,0,2098122
lacIp,0.07692307692307693,12,12,AATTCATCCCTCACGAAGGT,0,2093670
lacIp,0.07692307692307693,12,12,AATTATTTGATTGCGCGAAC,0,2110740
lacIp,0.07692307692307693,12,12,AATTATGGTTAAGGTCACCC,0,2113086
lacIp,0.07692307692307693,12,12,AATTAGGGTTTTACCGAAGC,0,2092822
lacIp,0.07692307692307693,12,12,AATGGACTAGGTTTGGACCG,0,2091615
lacIp,0.07692307692307693,12,12,AATGAGACAGCCATTTCCTT,0,2103206
lacIp,0.07692307692307693,12,12,AATAGTTAGTTTGGATCCCA,0,2095947
lacIp,0.07692307692307693,12,12,AATAACGGATTACCGGAATA,0,2089360
lacIp,0.07692307692307693,12,12,AAGGTAAATTCCATGGTTGA,0,2099497
lacIp,0.07692307692307693,12,12,AAGGCACACAAGATTTCGAG,0,2109201
lacIp,0.07692307692307693,12,12,AAGGAGCCATAGCTTATAAC,0,2098103
lacIp,0.07692307692307693,12,12,AAGGACTCCCAGAAGATATT,0,2087409
lacIp,0.07692307692307693,12,12,AAGGAAGGTTTTCCGAACTT,0,2117749
lacIp,0.07692307692307693,12,12,AAGCTGTTCCGTCTTTCTGG,0,2090728
lacIp,0.07692307692307693,12,12,AAGAGCTGCCAGCTGTGGAC,0,2119398
lacIp,0.07692307692307693,12,12,AACTTGCATCCGGGGATTTA,0,2099707
lacIp,0.07692307692307693,12,12,AACTTGCACCTAAACCTCCG,0,2094920
lacIp,0.07692307692307693,12,12,AACTACACTAAAAGGCATAT,0,2097968
lacIp,0.07692307692307693,12,12,AACGTATACATGTCTTCAAT,0,2112907
lacIp,0.07692307692307693,12,12,AACAAAACGAGCCCGTGGGA,0,2117698
lacIp,0.07692307692307693,12,12,AAATCGATCGACAAAATGGC,0,2120557
lacIp,0.07692307692307693,12,12,AAATAGTAGTCCTCAATCCA,0,2119157
lacIp,0.07692307692307693,12,12,AAATAATGCGTTGTGCTGAT,0,2105206
lacIp,0.07692307692307693,12,12,AAACAGCGCGGCAACATGGC,0,2105722
lacIp,0.07692307692307693,12,12,AAAATTGTTCCTGCCGCAGG,0,2110917
lacIp,0.08333333333333333,11,11,TTTTGTGTACGGAGTGCCGT,0,2087020
lacIp,0.08333333333333333,11,11,TTTTCCTTATAATCCGGACC,0,2091435
lacIp,0.08333333333333333,11,11,TTTTCACATGCTTTAAGGCT,0,2108525
lacIp,0.08333333333333333,11,11,TTTCATATTTGAGTATATCC,0,2098581
lacIp,0.08333333333333333,11,11,TTTAAGCCATTATTGCAGAA,0,2106447
lacIp,0.08333333333333333,11,11,TTGTAGCGAAGGTTAACTAC,0,2096329
lacIp,0.08333333333333333,11,11,TTGGCGCGGCATACTAAAAT,0,2117750
lacIp,0.08333333333333333,11,11,TTGGCAAAACATGCAATAAT,0,2109757
lacIp,0.08333333333333333,11,11,TTGGAATCGGGTGTCATTAT,0,2107839
lacIp,0.08333333333333333,11,11,TTGCGCGTTCCCACTGTCGT,0,2118492
lacIp,0.08333333333333333,11,11,TTGACCTCCGGGGGATTGGA,0,2113987
lacIp,0.08333333333333333,11,11,TTCAGTTTACAGAGGCAATA,0,2121428
lacIp,0.08333333333333333,11,11,TTACCACGTGGAGTCGCTGG,0,2110597
lacIp,0.08333333333333333,11,11,TTACAGGCATATGTTTGCGT,0,2106031
lacIp,0.08333333333333333,11,11,TTAACGGGCACTGCGGTACA,0,2115372
lacIp,0.08333333333333333,11,11,TTAAATACGTACCCTAATAA,0,2109220
lacIp,0.08333333333333333,11,11,TGTTCTTAATTTATATTCCA,0,2088913
lacIp,0.08333333333333333,11,11,TGTGGTAAGGCGCGTAACGG,0,2099139
lacIp,0.08333333333333333,11,11,TGTGGCTGTCCTAATAAAAT,0,2109425
lacIp,0.08333333333333333,11,11,TGTAACTACGTGGCGATTTT,0,2112165
lacIp,0.08333333333333333,11,11,TGGTGTCAATGAATTGGCGC,0,2093961
lacIp,0.08333333333333333,11,11,TGGGGTCCGGTCCGAATGTC,0,2104262
lacIp,0.08333333333333333,11,11,TGGGCTCTTAGAGCGGCAGA,0,2096826
lacIp,0.08333333333333333,11,11,TGGGCGTATTTCCAATGCCT,0,2112852
lacIp,0.08333333333333333,11,11,TGGCCTCTGGAAGCTTGAAG,0,2089426
lacIp,0.08333333333333333,11,11,TGGCATCCGTATAGTTGCTC,0,2120702
lacIp,0.08333333333333333,11,11,TGGATTACCGAGTACCTGGA,0,2086975
lacIp,0.08333333333333333,11,11,TGGACCGTCTGCCATCCGCC,0,2107443
lacIp,0.08333333333333333,11,11,TGCCTTTGAAAGCCCTTACT,0,2103053
lacIp,0.08333333333333333,11,11,TGCATCAAGTGCCGACTGTC,0,2104599
lacIp,0.08333333333333333,11,11,TGCAGACGCGCATCATAGCC,0,2118061
lacIp,0.08333333333333333,11,11,TGCACTGTAATGCCGAACGG,0,2088521
lacIp,0.08333333333333333,11,11,TGCAATACCCGGGTAATCTT,0,2121905
lacIp,0.08333333333333333,11,11,TGATTCGCACTCCTGGTCCT,0,2116765
lacIp,0.08333333333333333,11,11,TGATGGGATTCGTAGGCCCG,0,2112706
lacIp,0.08333333333333333,11,11,TGATAGATGCTAGGGTTGGG,0,2113730
lacIp,0.08333333333333333,11,11,TGAGGCACCGCGGTCACCTT,0,2107056
lacIp,0.08333333333333333,11,11,TGACGAGTCGGCGATGCGTT,0,2120589
lacIp,0.08333333333333333,11,11,TGACCTTGGGCGCTGTGATA,0,2105645
lacIp,0.08333333333333333,11,11,TGACAGCCCCTATCCCTGTT,0,2115100
lacIp,0.08333333333333333,11,11,TGAAGTGAGCCGTTAGATTC,0,2091147
lacIp,0.08333333333333333,11,11,TCTTGAGGTGTGACATGGAT,0,2109991
lacIp,0.08333333333333333,11,11,TCTGGTTCTCTTCGGGCTTA,0,2097194
lacIp,0.08333333333333333,11,11,TCTCCTTATGGGCACTATAG,0,2093425
lacIp,0.08333333333333333,11,11,TCGTTTACGTCACTACGTCA,0,2106551
lacIp,0.08333333333333333,11,11,TCGTACTATACGCTCTCATA,0,2102126
lacIp,0.08333333333333333,11,11,TCGGGTTAAATGTACTAACA,0,2119330
lacIp,0.08333333333333333,11,11,TCGCTCTTGGTACAAGTCGA,0,2096031
lacIp,0.08333333333333333,11,11,TCGATTCGCATTTGTTTTAC,0,2101209
lacIp,0.08333333333333333,11,11,TCCGGTTCACTACATCTTCT,0,2100009
lacIp,0.08333333333333333,11,11,TCCGAAAGGTGGTCGCGCAG,0,2100075
lacIp,0.08333333333333333,11,11,TCCCGAGGGTGCGTACGGAA,0,2120705
lacIp,0.08333333333333333,11,11,TCCCATGCATAAGACGTTGA,0,2105572
lacIp,0.08333333333333333,11,11,TCATTCTTTGAGGCGTGCGA,0,2104937
lacIp,0.08333333333333333,11,11,TCATCTAGCAGCGGACACAG,0,2107669
lacIp,0.08333333333333333,11,11,TCAGGATCCTTTGACGCATG,0,2109016
lacIp,0.08333333333333333,11,11,TCAACCAACCTGGTTTACTC,0,2098002
lacIp,0.08333333333333333,11,11,TATTTTTCAGGTGAAGGATG,0,2096354
lacIp,0.08333333333333333,11,11,TATTGGTATATATCTTAAAA,0,2092715
lacIp,0.08333333333333333,11,11,TATTGCGGGAAAGCCGGATT,0,2095637
lacIp,0.08333333333333333,11,11,TATGAGCTAAGCGAAGCAAC,0,2088511
lacIp,0.08333333333333333,11,11,TAGGCCGTTTTCGTATGCAT,0,2092084
lacIp,0.08333333333333333,11,11,TAGGCACCTGAAGAATTGGC,0,2120999
lacIp,0.08333333333333333,11,11,TAGCGGGAAGGGTAGGCCCA,0,2110502
lacIp,0.08333333333333333,11,11,TAGAGTGTCTCGCTTAGGGC,0,2118267
lacIp,0.08333333333333333,11,11,TAGAGTCACAGTTCTTTAGT,0,2111637
lacIp,0.08333333333333333,11,11,TACTCGCCAGCTTTCCTGGC,0,2094557
lacIp,0.08333333333333333,11,11,TACGCACCTTGTACGATTCC,0,2115664
lacIp,0.08333333333333333,11,11,TACAGAACTCTTCCTCGTAG,0,2108558
lacIp,0.08333333333333333,11,11,TACACAAGATAGCGGGGGAG,0,2087688
lacIp,0.08333333333333333,11,11,TAATCGGTCCACGAAGACAG,0,2107692
lacIp,0.08333333333333333,11,11,TAAATATTGCGCCCCTGTAT,0,2099024
lacIp,0.08333333333333333,11,11,GTTTTCCGATCGCCGTTAAA,0,2099994
lacIp,0.08333333333333333,11,11,GTTGCTGTACACTGGGATGT,0,2109943
lacIp,0.08333333333333333,11,11,GTTGAGAAGAATTCAAATCT,0,2117380
lacIp,0.08333333333333333,11,11,GTTATGAAGCGCACCTTATT,0,2104206
lacIp,0.08333333333333333,11,11,GTGTTACGAATGTGATGCGA,0,2105228
lacIp,0.08333333333333333,11,11,GTGTAACAACCTTTACCGAA,0,2108882
lacIp,0.08333333333333333,11,11,GTGAGTAGCGATCGTTCATG,0,2092465
lacIp,0.08333333333333333,11,11,GGTTTTCTTGTCGGGCGATT,0,2100896
lacIp,0.08333333333333333,11,11,GGTTCGGTGGGTGTTAGGGA,0,2093015
lacIp,0.08333333333333333,11,11,GGTCCGCACCGCAGTTTGTG,0,2094274
lacIp,0.08333333333333333,11,11,GGGGTTGTCTAGCGCTTAAA,0,2094973
lacIp,0.08333333333333333,11,11,GGGGCGCCTTGGTTTTAGTA,0,2097975
lacIp,0.08333333333333333,11,11,GGGGCAACTACAAAATATAC,0,2091930
lacIp,0.08333333333333333,11,11,GGGCTGTCCTCTTTCTAGGC,0,2117497
lacIp,0.08333333333333333,11,11,GGGCAGGTCCGCCCTGGGAA,0,2086494
lacIp,0.08333333333333333,11,11,GGGAGCCCAGCAGAAGGGAG,0,2092995
lacIp,0.08333333333333333,11,11,GGCTGTGCCATCTTGTGGCC,0,2109618
lacIp,0.08333333333333333,11,11,GGCTGCAACTTGTTGCTTAG,0,2112816
lacIp,0.08333333333333333,11,11,GGCTAAATCCTCCGGGGTTT,0,2119911
lacIp,0.08333333333333333,11,11,GGATTAACCCTAACAGTGAA,0,2116345
lacIp,0.08333333333333333,11,11,GGATGGGTTAGGGAACCGAG,0,2090080
lacIp,0.08333333333333333,11,11,GGATGGCCTGCCTAGTATAG,0,2099576
lacIp,0.08333333333333333,11,11,GGATAATCAATCTCATCGTG,0,2122164
lacIp,0.08333333333333333,11,11,GGAGGTGAGCTATGTGGTAG,0,2101581
lacIp,0.08333333333333333,11,11,GGAGCGACAAACAACTGGGT,0,2087743
lacIp,0.08333333333333333,11,11,GGACTTTGAGGGATTTAGTG,0,2115317
lacIp,0.08333333333333333,11,11,GGACATTTGTGAGTAGAAGT,0,2113151
lacIp,0.08333333333333333,11,11,GGAATGACGGTAGGGTTTCT,0,2101737
lacIp,0.08333333333333333,11,11,GCTGCTTTGAGCGACTGGTC,0,2118497
lacIp,0.08333333333333333,11,11,GCTGCGTTACTAAAAAAGCT,0,2098408
lacIp,0.08333333333333333,11,11,GCTGCCAGTAATTACGGATT,0,2117892
lacIp,0.08333333333333333,11,11,GCTCTAGAACCGACATCTCT,0,2090406
lacIp,0.08333333333333333,11,11,GCTAAATAGCTTCACCACTC,0,2100292
lacIp,0.08333333333333333,11,11,GCGTACTTCGGTCGTAAAGT,0,2102700
lacIp,0.08333333333333333,11,11,GCGGACATTAGATAGGTTTC,0,2116655
lacIp,0.08333333333333333,11,11,GCGCAGCCGAACATGCGTAG,0,2120391
lacIp,0.08333333333333333,11,11,GCGATCTTGGACTGTACGGT,0,2120630
lacIp,0.08333333333333333,11,11,GCGAGTAGTGCTATAGCAGC,0,2101177
lacIp,0.08333333333333333,11,11,GCGAGCACAGATGTCCAACG,0,2095812
lacIp,0.08333333333333333,11,11,GCCTTTGGCAAAAGAGACAA,0,2098502
lacIp,0.08333333333333333,11,11,GCCTTGTGCCCCAGCAACCA,0,2102554
lacIp,0.08333333333333333,11,11,GCCTCCTGGTTCATCGGCGT,0,2089555
lacIp,0.08333333333333333,11,11,GCCGCACAGAGTCGGCTATG,0,2112714
lacIp,0.08333333333333333,11,11,GCCCTATGGGCGATTCTAAT,0,2112577
lacIp,0.08333333333333333,11,11,GCCCGCTCAAGGTTCGCAAG,0,2098963
lacIp,0.08333333333333333,11,11,GCCATTGAATATTTGATATC,0,2111745
lacIp,0.08333333333333333,11,11,GCCAGTACACAGGGGGGAGA,0,2112520
lacIp,0.08333333333333333,11,11,GCCACCTGCCCGGTTAGATA,0,2120645
lacIp,0.08333333333333333,11,11,GCAGCGTCATTTTCAGGTTA,0,2110249
lacIp,0.08333333333333333,11,11,GCAGCCCCGTTGTACGAGCC,0,2115168
lacIp,0.08333333333333333,11,11,GCACCGGCCAGGACGGTAGG,0,2103750
lacIp,0.08333333333333333,11,11,GCAAGGACGACGGGCATCAC,0,2099152
lacIp,0.08333333333333333,11,11,GCAAACATTCGTCTGTCCTG,0,2117893
lacIp,0.08333333333333333,11,11,GCAAACACCCCATGTAGGGG,0,2102734
lacIp,0.08333333333333333,11,11,GATGATATGCGATTGGCTAG,0,2087142
lacIp,0.08333333333333333,11,11,GATCTAGCTGGGCGCATCAT,0,2112937
lacIp,0.08333333333333333,11,11,GATCGGTCAGATTTAGCGTT,0,2106914
lacIp,0.08333333333333333,11,11,GATAGGCGTTGTAAAGTTAC,0,2117297
lacIp,0.08333333333333333,11,11,GATAAAGTGGACAGTGTAGA,0,2114665
lacIp,0.08333333333333333,11,11,GAGTCAAACAGGAACTAAAC,0,2122225
lacIp,0.08333333333333333,11,11,GAGGAACTTACGCTTACGGA,0,2117128
lacIp,0.08333333333333333,11,11,GAGATTAGCCAGAATTCGCT,0,2091222
lacIp,0.08333333333333333,11,11,GAGACGAAAACACTCTATTC,0,2089634
lacIp,0.08333333333333333,11,11,GAGACATGCGGTTTCACTTC,0,2086355
lacIp,0.08333333333333333,11,11,GACGGCCATCGAACGTTATC,0,2117579
lacIp,0.08333333333333333,11,11,GACCTAATCATCGCGTATCG,0,2099773
lacIp,0.08333333333333333,11,11,GACCGACAAACCTTGTTTAA,0,2095705
lacIp,0.08333333333333333,11,11,GACCCGAAGGTCCGTCAAGT,0,2112094
lacIp,0.08333333333333333,11,11,GACAGCCGATTGAAGATCGT,0,2107612
lacIp,0.08333333333333333,11,11,GAATTTAGATGCTAAACATA,0,2089000
lacIp,0.08333333333333333,11,11,GAATTATCTCGGCCGGGATT,0,2104637
lacIp,0.08333333333333333,11,11,GAATCAAGGCTGTTGTCACT,0,2116108
lacIp,0.08333333333333333,11,11,GAAGAACTAATAGGCACTAC,0,2110939
lacIp,0.08333333333333333,11,11,GAACGTAAGTGGTTTTGTGA,0,2104381
lacIp,0.08333333333333333,11,11,GAACGGGGTTATACCTTCAT,0,2115826
lacIp,0.08333333333333333,11,11,GAACCCGGTCATTCTTTTTA,0,2109385
lacIp,0.08333333333333333,11,11,GAAAATAATTCAACCTTCCT,0,2098568
lacIp,0.08333333333333333,11,11,CTGTTCGTGAGAGCTATGTC,0,2115096
lacIp,0.08333333333333333,11,11,CTGGGTCCATCTACCAGGCG,0,2086292
lacIp,0.08333333333333333,11,11,CTGCAGTCGGATAAATCAAT,0,2120326
lacIp,0.08333333333333333,11,11,CTGAATCAGTGTTTCTGCAG,0,2118382
lacIp,0.08333333333333333,11,11,CTGAAAGCGAACTGTGAGGC,0,2100725
lacIp,0.08333333333333333,11,11,CTCTCTATCCTACAAGATGT,0,2114024
lacIp,0.08333333333333333,11,11,CTCGGGGCTTGGCGGATGCT,0,2093898
lacIp,0.08333333333333333,11,11,CTCCGCTAGGTTAATCGCGT,0,2093875
lacIp,0.08333333333333333,11,11,CTATTGCGAGATCAACTGAC,0,2105991
lacIp,0.08333333333333333,11,11,CTATTCGGCTTCACTCGCGT,0,2111716
lacIp,0.08333333333333333,11,11,CTATTAAACGAAATAAAATC,0,2106637
lacIp,0.08333333333333333,11,11,CTATGCTATGCCCTAGGTGA,0,2110563
lacIp,0.08333333333333333,11,11,CTACGTAGGCAAATGTTGTT,0,2100046
lacIp,0.08333333333333333,11,11,CTAATTTCACATATGTAATA,0,2121739
lacIp,0.08333333333333333,11,11,CTAACCTGTGCGTTCCGTGT,0,2096990
lacIp,0.08333333333333333,11,11,CGTTGCGTTCGTCGCAGCAT,0,2092948
lacIp,0.08333333333333333,11,11,CGTTCTGCTCATACCTATAG,0,2088622
lacIp,0.08333333333333333,11,11,CGTTAACCTCAAAGCGTTAA,0,2106870
lacIp,0.08333333333333333,11,11,CGTGTGCAAAGAATTCAGTG,0,2115513
lacIp,0.08333333333333333,11,11,CGTACTAGAATGTTCCTGCA,0,2103510
lacIp,0.08333333333333333,11,11,CGGGTTAGGCAGAAGTTAAC,0,2102921
lacIp,0.08333333333333333,11,11,CGGGGGGGGTCCATCAGTTG,0,2095496
lacIp,0.08333333333333333,11,11,CGGGCACCGTGTAAACTACT,0,2109454
lacIp,0.08333333333333333,11,11,CGGGAAGGTGCCCAGACCGG,0,2120505
lacIp,0.08333333333333333,11,11,CGGGAAATAAATGTCCAGGT,0,2091050
lacIp,0.08333333333333333,11,11,CGGCTTTATCCTCGGTGTGA,0,2090355
lacIp,0.08333333333333333,11,11,CGGCAGTAAACTACTCTTTT,0,2114739
lacIp,0.08333333333333333,11,11,CGGATGTACCAGGGATCGGA,0,2120260
lacIp,0.08333333333333333,11,11,CGGAGTGCCAAAATCGAAAA,0,2097095
lacIp,0.08333333333333333,11,11,CGCTCCGCCGTCCTAGTTGC,0,2111269
lacIp,0.08333333333333333,11,11,CGCTCAGGGTAACCCGGGAG,0,2102919
lacIp,0.08333333333333333,11,11,CGCTATGCCTCGAACACTAT,0,2091522
lacIp,0.08333333333333333,11,11,CGCCCGCGAGCGTCGTATTG,0,2115531
lacIp,0.08333333333333333,11,11,CGCCCATCGGAGCAGAACCA,0,2102680
lacIp,0.08333333333333333,11,11,CGCCAATTAGCCAAGGATCA,0,2094111
lacIp,0.08333333333333333,11,11,CGAGTGCACCCGATAGCTGA,0,2109070
lacIp,0.08333333333333333,11,11,CGAGAGGTTTGAGGTGTGTA,0,2120245
lacIp,0.08333333333333333,11,11,CGACTATGGAACAGGGCGGA,0,2099575
lacIp,0.08333333333333333,11,11,CCTGTCATTAGGGTCTAAAA,0,2105186
lacIp,0.08333333333333333,11,11,CCTCAGCGGGTGAGGGAGGT,0,2105129
lacIp,0.08333333333333333,11,11,CCTCAGCCTTCGCCATTCCC,0,2116135
lacIp,0.08333333333333333,11,11,CCTACAGCTGACCCCCGGGT,0,2087832
lacIp,0.08333333333333333,11,11,CCTAATTTAAAGGTTGCCGA,0,2099922
lacIp,0.08333333333333333,11,11,CCGTTATTGAGTAGACGGGA,0,2111632
lacIp,0.08333333333333333,11,11,CCGGGGCAGTGCGGTTGCAG,0,2102543
lacIp,0.08333333333333333,11,11,CCGGGCGGCTCTAACGAGCT,0,2087285
lacIp,0.08333333333333333,11,11,CCCTTTCGCAACGACGGCCC,0,2104845
lacIp,0.08333333333333333,11,11,CCCTTCGTGCCGCGAAATAT,0,2115287
lacIp,0.08333333333333333,11,11,CCCGTTTTGTGCGCGCTCGA,0,2105382
lacIp,0.08333333333333333,11,11,CCCCAATCGCCACAAGGCAT,0,2087279
lacIp,0.08333333333333333,11,11,CCCAGAAATAATGCTACTAA,0,2098183
lacIp,0.08333333333333333,11,11,CCCACACCTAAATGTGAACA,0,2113800
lacIp,0.08333333333333333,11,11,CCAGTCACGGTGGTTTCAGA,0,2097871
lacIp,0.08333333333333333,11,11,CCAGGTATCAACGAATAGGC,0,2113304
lacIp,0.08333333333333333,11,11,CCAGCTGTGCGACCATGGGA,0,2111616
lacIp,0.08333333333333333,11,11,CCAGCTATAAGCGCCGTCAT,0,2107671
lacIp,0.08333333333333333,11,11,CCAGACGACGGTTGTCACAT,0,2121104
lacIp,0.08333333333333333,11,11,CCACGTGGAGCAATTAACGT,0,2103603
lacIp,0.08333333333333333,11,11,CCACACTTTCACAGTGGGAT,0,2088921
lacIp,0.08333333333333333,11,11,CATGGGGAGACGTTGTAATC,0,2115596
lacIp,0.08333333333333333,11,11,CATCGCCGGAGTTGTGTCCG,0,2100905
lacIp,0.08333333333333333,11,11,CATCCAACCCGGCCGAGTGT,0,2100750
lacIp,0.08333333333333333,11,11,CATAGCAAGCTCGGCAATTC,0,2099796
lacIp,0.08333333333333333,11,11,CAGTCTAAGGACAAAAACAG,0,2111437
lacIp,0.08333333333333333,11,11,CAGGGCCGCGAAATGACGGA,0,2089382
lacIp,0.08333333333333333,11,11,CAGCACAAGTGTCTCACAAA,0,2096352
lacIp,0.08333333333333333,11,11,CAGATGACGCGGTTTACCTC,0,2096621
lacIp,0.08333333333333333,11,11,CACTTTGTGAAAATCCCGAA,0,2109455
lacIp,0.08333333333333333,11,11,CACCTTGGCTCGAGTAGCAT,0,2119359
lacIp,0.08333333333333333,11,11,CACCGAGAGTAGTCCGCGTT,0,2117832
lacIp,0.08333333333333333,11,11,CACCCGCAGAAGCCCGTGAC,0,2114069
lacIp,0.08333333333333333,11,11,CAATGGGGAGTGTAGACGCT,0,2114474
lacIp,0.08333333333333333,11,11,CAAACCATAATTTTCCTGAA,0,2099542
lacIp,0.08333333333333333,11,11,CAAAACGGGCTTTACTTACC,0,2086968
lacIp,0.08333333333333333,11,11,ATTTCCGGCGGCGCCTAAGG,0,2097425
lacIp,0.08333333333333333,11,11,ATTCGTTGGAGCTAGGGTGA,0,2097592
lacIp,0.08333333333333333,11,11,ATTCCCTGTCTTGGAAACTT,0,2089243
lacIp,0.08333333333333333,11,11,ATTCCAAGAAATAGCACTCA,0,2095445
lacIp,0.08333333333333333,11,11,ATGTACCACATTTGTGGCCA,0,2086278
lacIp,0.08333333333333333,11,11,ATGGTGATTAAGCTTTAGAC,0,2091605
lacIp,0.08333333333333333,11,11,ATGGTGAGGTAGTGTAATTA,0,2086722
lacIp,0.08333333333333333,11,11,ATGGCGAGACTAGAGCTGGA,0,2109253
lacIp,0.08333333333333333,11,11,ATGCTCCCCACAAGAGGTCG,0,2093224
lacIp,0.08333333333333333,11,11,ATGAGTCGGGGAGGCGACGG,0,2092680
lacIp,0.08333333333333333,11,11,ATCGGTACTTGGGGAGACAC,0,2121743
lacIp,0.08333333333333333,11,11,ATCGGAAACGGGCTAGGTCT,0,2097972
lacIp,0.08333333333333333,11,11,ATCACAAATCCCGGGTTCCT,0,2114687
lacIp,0.08333333333333333,11,11,ATATTTGTACTAAGCCTGCG,0,2114856
lacIp,0.08333333333333333,11,11,ATATCCCCTCGGACCTGGTA,0,2117434
lacIp,0.08333333333333333,11,11,ATACGTGGTGGACTCTCTAA,0,2118042
lacIp,0.08333333333333333,11,11,ATAACCTTAAACAACGCCGT,0,2098021
lacIp,0.08333333333333333,11,11,ATAAACGATGGCCTACTGAA,0,2088012
lacIp,0.08333333333333333,11,11,AGTTGGCTGTATTCTCGATA,0,2115633
lacIp,0.08333333333333333,11,11,AGTCTCGGAACTGTAGCGGG,0,2098941
lacIp,0.08333333333333333,11,11,AGTCGATGGTTATCGGTTAT,0,2101713
lacIp,0.08333333333333333,11,11,AGTACCTTGGTTTATTGTAT,0,2092172
lacIp,0.08333333333333333,11,11,AGGTGGCATTCGCATTTGCC,0,2107978
lacIp,0.08333333333333333,11,11,AGGTACTGTAGAGGGAGAAC,0,2116347
lacIp,0.08333333333333333,11,11,AGGGCTTGAACTCGGTTCGG,0,2116931
lacIp,0.08333333333333333,11,11,AGGACGTGGTGGCGGACCCA,0,2095463
lacIp,0.08333333333333333,11,11,AGCTCGTACCCCGTTCGTGA,0,2101657
lacIp,0.08333333333333333,11,11,AGCTCCAGATGGAACTTAGT,0,2115147
lacIp,0.08333333333333333,11,11,AGCGGTTGCTACGATGGGGA,0,2099487
lacIp,0.08333333333333333,11,11,AGCGGCCTGTGTTTCAGGTC,0,2094023
lacIp,0.08333333333333333,11,11,AGCGGAGTCTCGGATTGGCA,0,2100008
lacIp,0.08333333333333333,11,11,AGCGGAGCTAACATGCGGAC,0,2117216
lacIp,0.08333333333333333,11,11,AGCACATTACCAATTTTAAT,0,2101539
lacIp,0.08333333333333333,11,11,AGCAACGAGGCACCCCCATG,0,2087687
lacIp,0.08333333333333333,11,11,AGATCCGTACAATAGTCCTG,0,2105932
lacIp,0.08333333333333333,11,11,AGATCATTTTGTCCCACGCG,0,2090944
lacIp,0.08333333333333333,11,11,AGACTTGACCCCGGCTTTCG,0,2095077
lacIp,0.08333333333333333,11,11,AGAAAACTACCTCCTACATC,0,2116188
lacIp,0.08333333333333333,11,11,ACTGTTCTGGCTAGACTAGC,0,2099642
lacIp,0.08333333333333333,11,11,ACTATAACTGTTATATGCCA,0,2121358
lacIp,0.08333333333333333,11,11,ACTACGAATGACGAACAAAT,0,2090912
lacIp,0.08333333333333333,11,11,ACTAACCCCCTAGGGTGGAC,0,2095384
lacIp,0.08333333333333333,11,11,ACGTCCTCGGCCAAGGGAAC,0,2101387
lacIp,0.08333333333333333,11,11,ACGCTAAGCCGAATCAAATC,0,2095180
lacIp,0.08333333333333333,11,11,ACGATGCCAAACGTGTCAGG,0,2092023
lacIp,0.08333333333333333,11,11,ACGACTAACGCTCCCGTGAA,0,2091650
lacIp,0.08333333333333333,11,11,ACCTTGTTCGGTGTCGAAAA,0,2093294
lacIp,0.08333333333333333,11,11,ACCGGATCAACTCGCCATAA,0,2119931
lacIp,0.08333333333333333,11,11,ACCAGTCTGTTGCCTGGTGG,0,2105897
lacIp,0.08333333333333333,11,11,ACACCGGTGCAAGAGAGCTA,0,2098410
lacIp,0.08333333333333333,11,11,ACACATTAGCTTGGCGGGTA,0,2098839
lacIp,0.08333333333333333,11,11,ACAACCTTCACATCGAGTAC,0,2113588
lacIp,0.08333333333333333,11,11,ACAAACTTAGTGAGGGGAAT,0,2113653
lacIp,0.08333333333333333,11,11,AATTGATCGCCGTGCTATGA,0,2106437
lacIp,0.08333333333333333,11,11,AATTCTACCTGGCATTAGGG,0,2117407
lacIp,0.08333333333333333,11,11,AATGTCGTGAGGAGTACATA,0,2095976
lacIp,0.08333333333333333,11,11,AATGGCTAGCATGGGACTAG,0,2107145
lacIp,0.08333333333333333,11,11,AATGGAATTCGAATCTTATT,0,2088050
lacIp,0.08333333333333333,11,11,AATGCCTAGACACTACGCGT,0,2109297
lacIp,0.08333333333333333,11,11,AATCCGTTAGTCGGTGAAGC,0,2093786
lacIp,0.08333333333333333,11,11,AATCCGACCGGCTTTTAGCA,0,2104783
lacIp,0.08333333333333333,11,11,AATACAGGCAATATCATGGT,0,2109355
lacIp,0.08333333333333333,11,11,AATAACGGCAAGATGTAGTA,0,2087080
lacIp,0.08333333333333333,11,11,AAGTGTAACTTTGTGATGTA,0,2101077
lacIp,0.08333333333333333,11,11,AAGTCTGTGATCAGATCTGA,0,2109610
lacIp,0.08333333333333333,11,11,AAGGGTCCACAGTTTGTCGC,0,2101038
lacIp,0.08333333333333333,11,11,AAGGCTTAATGATGGGATCA,0,2093269
lacIp,0.08333333333333333,11,11,AAGAGCATTGTTGCAGATAC,0,2095315
lacIp,0.08333333333333333,11,11,AAGAATCCTAAGAAATTCTT,0,2089588
lacIp,0.08333333333333333,11,11,AACGGAATCATCGTATCGGC,0,2087461
lacIp,0.08333333333333333,11,11,AACCATGTGTCGTCCAGAAT,0,2115053
lacIp,0.08333333333333333,11,11,AAATGGACAGTTGTTCTGTA,0,2089884
lacIp,0.08333333333333333,11,11,AAATATTTCTACCTAAGCGG,0,2110293
lacIp,0.08333333333333333,11,11,AAATATTGAGTGAATCTGTA,0,2093999
lacIp,0.08333333333333333,11,11,AAAGGTATAGGGCTACGCCA,0,2089060
lacIp,0.08333333333333333,11,11,AAACTGATGTATTTTAGATG,0,2100969
lacIp,0.08333333333333333,11,11,AAAATTTCCAGGCGCGCGTA,0,2101205
lacIp,0.09090909090909091,10,10,TTTTTGCGAGACGAAATTTT,0,2102030
lacIp,0.09090909090909091,10,10,TTTTACGAATATCGTTGATA,0,2094452
lacIp,0.09090909090909091,10,10,TTTCCTTTTTCGTGCACAAA,0,2103846
lacIp,0.09090909090909091,10,10,TTTATTGACTAGGGACCACC,0,2092496
lacIp,0.09090909090909091,10,10,TTGTTATCGGGGCTACGAAC,0,2101033
lacIp,0.09090909090909091,10,10,TTGTCTCTGATCAAGTTGAA,0,2103366
lacIp,0.09090909090909091,10,10,TTGCATGGGGTCTGGGGTTT,0,2095217
lacIp,0.09090909090909091,10,10,TTGACACCTCCAGTAGGGGG,0,2086032
lacIp,0.09090909090909091,10,10,TTCTTATACGAACATGGTCA,0,2121772
lacIp,0.09090909090909091,10,10,TTCTGGACCTACATGCGTCA,0,2090676
lacIp,0.09090909090909091,10,10,TTCTGCGCGTTGAGTACGTC,0,2095521
lacIp,0.09090909090909091,10,10,TTCTCCGTGGTGCTCGCTTA,0,2119891
lacIp,0.09090909090909091,10,10,TTCCAAGTTCCCGCCTCCTA,0,2110258
lacIp,0.09090909090909091,10,10,TTCACCCAAGGGGACATATC,0,2102221
lacIp,0.09090909090909091,10,10,TTATCACCGAACCGCTCTCA,0,2096796
lacIp,0.09090909090909091,10,10,TTAGAACTTGAGACCAACTG,0,2100262
lacIp,0.09090909090909091,10,10,TTACAGTCCCAGCAGAGACG,0,2108971
lacIp,0.09090909090909091,10,10,TTAACCGGATGCAGTGCGGT,0,2110737
lacIp,0.09090909090909091,10,10,TGTTGACTGGCAATCTCTTG,0,2091845
lacIp,0.09090909090909091,10,10,TGTGTTACTTAGCGATGTTA,0,2091085
lacIp,0.09090909090909091,10,10,TGTGTCTCGATCAGTCAGGG,0,2087696
lacIp,0.09090909090909091,10,10,TGTGGATCCCCGAGGGCTCT,0,2116890
lacIp,0.09090909090909091,10,10,TGTCGTTTGTGGATACGACC,0,2089093
lacIp,0.09090909090909091,10,10,TGTACAGGATCAGCTGTCAT,0,2097416
lacIp,0.09090909090909091,10,10,TGGTTTACTACTACTCAGGT,0,2099965
lacIp,0.09090909090909091,10,10,TGGTTGAAGTACTGTTACTG,0,2111627
lacIp,0.09090909090909091,10,10,TGGTACGTGGGTATTCTTTA,0,2086926
lacIp,0.09090909090909091,10,10,TGGGGTGTATTCATCAGACT,0,2090749
lacIp,0.09090909090909091,10,10,TGGCATCCCCATTCTGAAAG,0,2121212
lacIp,0.09090909090909091,10,10,TGGCATATCGGACTGGAATT,0,2113124
lacIp,0.09090909090909091,10,10,TGGACCATCGCGGGAACTGG,0,2107405
lacIp,0.09090909090909091,10,10,TGCATGGGGGGCGCAGACTT,0,2102506
lacIp,0.09090909090909091,10,10,TGCATAGCGATCCATTCCAC,0,2097986
lacIp,0.09090909090909091,10,10,TGCACTCTATGTTGGTTACA,0,2102602
lacIp,0.09090909090909091,10,10,TGATTTGCCTCTCTAACAGT,0,2107698
lacIp,0.09090909090909091,10,10,TGAGATGTAATAGTCGCATC,0,2089923
lacIp,0.09090909090909091,10,10,TGACTTCGAGGGGGGTCACT,0,2104376
lacIp,0.09090909090909091,10,10,TGACAAAAGATCCCAACCTG,0,2109566
lacIp,0.09090909090909091,10,10,TGAACCGCCCTCGTGTAGAA,0,2103525
lacIp,0.09090909090909091,10,10,TCTTGTATGCAATCAGGGGT,0,2116658
lacIp,0.09090909090909091,10,10,TCTTGAGCTTTGTCAGCTCA,0,2099989
lacIp,0.09090909090909091,10,10,TCTGTCCGCGGGCAACCCCG,0,2117433
lacIp,0.09090909090909091,10,10,TCTGATCCCACCTAAGTGCA,0,2104870
lacIp,0.09090909090909091,10,10,TCTGACCGACGGACCGTAAA,0,2101527
lacIp,0.09090909090909091,10,10,TCTACATTCCCACGCGTGAT,0,2092175
lacIp,0.09090909090909091,10,10,TCGTTTAAAATCGGTGACGA,0,2092909
lacIp,0.09090909090909091,10,10,TCGTGCGAGCCTATCGGAAC,0,2119399
lacIp,0.09090909090909091,10,10,TCGGATAAGTTCACTAACAT,0,2101085
lacIp,0.09090909090909091,10,10,TCGCAGGGAAAGATTTTTGC,0,2098409
lacIp,0.09090909090909091,10,10,TCGAGTTTTTCATGTCAACG,0,2111022
lacIp,0.09090909090909091,10,10,TCGAGCCCGTAATGGACGAG,0,2109156
lacIp,0.09090909090909091,10,10,TCGACTACTGACAGGCAAGG,0,2116528
lacIp,0.09090909090909091,10,10,TCGACGTCCCGCACGTGTAC,0,2098463
lacIp,0.09090909090909091,10,10,TCGACATATTCCGGAATATA,0,2092866
lacIp,0.09090909090909091,10,10,TCCTTACTGCTCGACTTCTG,0,2089770
lacIp,0.09090909090909091,10,10,TCCTTAAGCGTATACCTGTC,0,2094327
lacIp,0.09090909090909091,10,10,TCCGTGTTCGGGATGCGACC,0,2096355
lacIp,0.09090909090909091,10,10,TCCGCGCACTTGTGATAGTA,0,2096218
lacIp,0.09090909090909091,10,10,TCCCTTCTGTCGCAAGGCGT,0,2086571
lacIp,0.09090909090909091,10,10,TCCATTGTATTTACAATTCT,0,2115601
lacIp,0.09090909090909091,10,10,TCCATAAAAGTGTTACGTCT,0,2115949
lacIp,0.09090909090909091,10,10,TCATCTTGCGGAAACATTAT,0,2103088
lacIp,0.09090909090909091,10,10,TCATACCTCTCATGGTCAAC,0,2110843
lacIp,0.09090909090909091,10,10,TCAGTCTACGCCGTAAAGTT,0,2089969
lacIp,0.09090909090909091,10,10,TCAGTACCCGTATACCCTAG,0,2103454
lacIp,0.09090909090909091,10,10,TCAGCTCGTCGAGACGGACA,0,2112238
lacIp,0.09090909090909091,10,10,TCAGACCATGTTTCCTAAGA,0,2107187
lacIp,0.09090909090909091,10,10,TATGTAAGTCACGTCGTTTG,0,2115022
lacIp,0.09090909090909091,10,10,TATGGTCCTGTCCGAAAAAG,0,2088763
lacIp,0.09090909090909091,10,10,TATAATACGCTTCAAGCGTC,0,2095222
lacIp,0.09090909090909091,10,10,TATAAGTGCTTCGGGAAGTC,0,2088810
lacIp,0.09090909090909091,10,10,TATAAAACGAACCCTCTGGA,0,2092783
lacIp,0.09090909090909091,10,10,TAGGACCTATACAACCGTAA,0,2085798
lacIp,0.09090909090909091,10,10,TAGCGATAAAATGATTGGGG,0,2097570
lacIp,0.09090909090909091,10,10,TAGCACGGATTCGGTGACAC,0,2109114
lacIp,0.09090909090909091,10,10,TAGACGTACGGACCGTCCAT,0,2088539
lacIp,0.09090909090909091,10,10,TACGTAACGGTGGGCTCTAG,0,2103451
lacIp,0.09090909090909091,10,10,TACGATGGGATTCAATGATC,0,2105930
lacIp,0.09090909090909091,10,10,TACAGTGGGCCGACCTATGA,0,2118594
lacIp,0.09090909090909091,10,10,TAATATAAGAGGTTATATCA,0,2092113
lacIp,0.09090909090909091,10,10,TAATAAAGAGTCCTCTACAA,0,2108167
lacIp,0.09090909090909091,10,10,TAACCAACGCCTTCACCAAG,0,2096927
lacIp,0.09090909090909091,10,10,TAAACTGGCCGCGGCTTGTG,0,2094242
lacIp,0.09090909090909091,10,10,TAAACTCTTCCTGGTCACTT,0,2087057
lacIp,0.09090909090909091,10,10,GTTTTGTACGTCGGATTGTT,0,2100260
lacIp,0.09090909090909091,10,10,GTTTACGTTCCTTCACTGGT,0,2116584
lacIp,0.09090909090909091,10,10,GTTCCGCCACCTTTCGGAAA,0,2109458
lacIp,0.09090909090909091,10,10,GTTATTAGAGGTTCGAAGGA,0,2086723
lacIp,0.09090909090909091,10,10,GTTATGCTTGTCTAAGGCAT,0,2095625
lacIp,0.09090909090909091,10,10,GTTATCCTCCGAGCACTTCG,0,2093205
lacIp,0.09090909090909091,10,10,GTGTACTGGAGTGCGCCGGG,0,2119167
lacIp,0.09090909090909091,10,10,GTGCTGCGACTGGTCTTACT,0,2088409
lacIp,0.09090909090909091,10,10,GTGCAGAATGCGCTCGGTAG,0,2093958
lacIp,0.09090909090909091,10,10,GTGATTGGAGGAAATGGATT,0,2112025
lacIp,0.09090909090909091,10,10,GTGAACAAGCCACGTACGTA,0,2105331
lacIp,0.09090909090909091,10,10,GTCTTTAGAGGACGAAGCGA,0,2115266
lacIp,0.09090909090909091,10,10,GTCTTACCTTTATTCGATTT,0,2089037
lacIp,0.09090909090909091,10,10,GTCGTCAGGTTTCGGTTAAG,0,2094903
lacIp,0.09090909090909091,10,10,GTCGTCAAACAACACCTCAA,0,2117642
lacIp,0.09090909090909091,10,10,GTCGGTCAAAGCTTATAACG,0,2110836
lacIp,0.09090909090909091,10,10,GTCCGGTAGTAGATGCGGAG,0,2097764
lacIp,0.09090909090909091,10,10,GTCCAAACGGCCACAAAGTT,0,2121874
lacIp,0.09090909090909091,10,10,GTCACGGCGATATTGGTGGT,0,2088124
lacIp,0.09090909090909091,10,10,GTATTACACTTTTTCGCACT,0,2112986
lacIp,0.09090909090909091,10,10,GTATCCGGCCAGAGCTAAGG,0,2090845
lacIp,0.09090909090909091,10,10,GTATAGAATTGAGGTCAGCC,0,2099630
lacIp,0.09090909090909091,10,10,GTAGGTACCTGCGTAGGTCG,0,2090493
lacIp,0.09090909090909091,10,10,GTAGATGTCAGGCCTGGTAC,0,2091388
lacIp,0.09090909090909091,10,10,GTAGAGTTGTTTTGCGTCCA,0,2117664
lacIp,0.09090909090909091,10,10,GTACCAATGCTACTCGAGTG,0,2107151
lacIp,0.09090909090909091,10,10,GTACACCAACGCCCGCGCTA,0,2087967
lacIp,0.09090909090909091,10,10,GTAATGGATCTGTAAGCTGA,0,2120462
lacIp,0.09090909090909091,10,10,GGTTTTATATGTGTGCTTGG,0,2116960
lacIp,0.09090909090909091,10,10,GGTCGGCTTATCTGCCGTTA,0,2098962
lacIp,0.09090909090909091,10,10,GGTCCTGACTGCCGGCATTT,0,2107607
lacIp,0.09090909090909091,10,10,GGTATTCTCTCTAAGCCTAG,0,2088620
lacIp,0.09090909090909091,10,10,GGGTGCGTTCGCGTCGAAGT,0,2099230
lacIp,0.09090909090909091,10,10,GGGTAGCGGTCATCGATAAG,0,2096151
lacIp,0.09090909090909091,10,10,GGGGGGCAAACTATTTCAAT,0,2109005
lacIp,0.09090909090909091,10,10,GGGCGTTGGCATGTTACTAT,0,2097696
lacIp,0.09090909090909091,10,10,GGGATTCTAGTAAGGGCCCC,0,2121573
lacIp,0.09090909090909091,10,10,GGGACCGGCCGGGTCAGATA,0,2107366
lacIp,0.09090909090909091,10,10,GGGAACGTAGGTGGAAGAAA,0,2095400
lacIp,0.09090909090909091,10,10,GGGAAACGGTTCAGAGCGCG,0,2105471
lacIp,0.09090909090909091,10,10,GGCTTTATCGTCACAGTATT,0,2088102
lacIp,0.09090909090909091,10,10,GGCTTGACAGGTATAGGTTC,0,2111479
lacIp,0.09090909090909091,10,10,GGCGCCCAAGATCCTCGGAC,0,2090982
lacIp,0.09090909090909091,10,10,GGCCAAGCCTACCCACGGTC,0,2119519
lacIp,0.09090909090909091,10,10,GGCACTACTGGTAGGCATTA,0,2102033
lacIp,0.09090909090909091,10,10,GGCACCCGGCAGAGCTATGT,0,2090546
lacIp,0.09090909090909091,10,10,GGCAACTTGTTTGTCGAGTA,0,2100853
lacIp,0.09090909090909091,10,10,GGATTGGTAACCATTGCCAA,0,2101484
lacIp,0.09090909090909091,10,10,GGATCCCCGCCATAAGGATA,0,2111169
lacIp,0.09090909090909091,10,10,GGATCAGCATTACGCGAGGC,0,2102630
lacIp,0.09090909090909091,10,10,GGATATTCAAATTTGCATTT,0,2112661
lacIp,0.09090909090909091,10,10,GGAGACTGCAGGTTCAAGGA,0,2103500
lacIp,0.09090909090909091,10,10,GGACTTTTTAATACGATAGT,0,2119865
lacIp,0.09090909090909091,10,10,GGAAATTCGACGGCGAGGCT,0,2108796
lacIp,0.09090909090909091,10,10,GCTTGCAAAAAAGTTCTGGC,0,2112716
lacIp,0.09090909090909091,10,10,GCTTGACCGCCCCCTTCACG,0,2111634
lacIp,0.09090909090909091,10,10,GCTGTATGATGAATTAGTAT,0,2093954
lacIp,0.09090909090909091,10,10,GCTCATATTGGTTTCGACCA,0,2086974
lacIp,0.09090909090909091,10,10,GCTCAACCGTCATGTGGCTG,0,2099285
lacIp,0.09090909090909091,10,10,GCTAGATTATGTCACCTTTT,0,2114582
lacIp,0.09090909090909091,10,10,GCTAGAAAACACAATACTCA,0,2103822
lacIp,0.09090909090909091,10,10,GCGTTACTTGGTTCGATTAG,0,2100726
lacIp,0.09090909090909091,10,10,GCGTAGATGTTGTCTAATGT,0,2121982
lacIp,0.09090909090909091,10,10,GCGGTTCTCTATAGAACGGT,0,2092707
lacIp,0.09090909090909091,10,10,GCGGTAGCTATTAACAGGCT,0,2099924
lacIp,0.09090909090909091,10,10,GCGGAATACGGCCGTCGAGA,0,2105562
lacIp,0.09090909090909091,10,10,GCGCGGCCTGACTAATGGAT,0,2115588
lacIp,0.09090909090909091,10,10,GCGCGCTTTGCCCTTTAGTC,0,2108697
lacIp,0.09090909090909091,10,10,GCGCCGTTACTCCGAAAGGA,0,2112665
lacIp,0.09090909090909091,10,10,GCGATGTGTGCGTCACCCAA,0,2094073
lacIp,0.09090909090909091,10,10,GCCTCTCATGCTGTCCGACG,0,2119402
lacIp,0.09090909090909091,10,10,GCCTCATGCCACGGAGGTCG,0,2106521
lacIp,0.09090909090909091,10,10,GCCTAGCAAGACCGCATTGT,0,2097861
lacIp,0.09090909090909091,10,10,GCCGTGTGGGGATTGTGAGG,0,2113888
lacIp,0.09090909090909091,10,10,GCCGAGTCCAATTCCATAGT,0,2113144
lacIp,0.09090909090909091,10,10,GCCATCTACTCACTTGCTAG,0,2120826
lacIp,0.09090909090909091,10,10,GCATTTTCCATGCAGACACG,0,2106292
lacIp,0.09090909090909091,10,10,GCATGGAGCGATACACGAAG,0,2103743
lacIp,0.09090909090909091,10,10,GCAGGCCGAGCGCGGGACTG,0,2110834
lacIp,0.09090909090909091,10,10,GCACGTTGGCTCACTTAGTC,0,2096174
lacIp,0.09090909090909091,10,10,GCAACGGGCGTACACAGGTT,0,2086384
lacIp,0.09090909090909091,10,10,GCAACCCGCCTGGTCAAGCA,0,2098541
lacIp,0.09090909090909091,10,10,GATTCTTTATGAGGGAACGT,0,2117029
lacIp,0.09090909090909091,10,10,GATTCAGCGCTAGGATAGCC,0,2101719
lacIp,0.09090909090909091,10,10,GATGCGCCGATTTGGCTCCA,0,2100893
lacIp,0.09090909090909091,10,10,GATCCCTTTCCTAAAGTTGC,0,2110354
lacIp,0.09090909090909091,10,10,GAGTGGTGCTGCAATCAGTA,0,2099666
lacIp,0.09090909090909091,10,10,GAGGTGGTACGCGATCCAAA,0,2103521
lacIp,0.09090909090909091,10,10,GAGGCCTTCAGAAGAAACGG,0,2117163
lacIp,0.09090909090909091,10,10,GAGGAGCTGTGTGGGATTTT,0,2116418
lacIp,0.09090909090909091,10,10,GACTAGGTTTGCCACAGGGA,0,2100386
lacIp,0.09090909090909091,10,10,GACGGCCGCAACACAAGTCA,0,2118072
lacIp,0.09090909090909091,10,10,GACGCATGGAGCCAGCACCA,0,2102378
lacIp,0.09090909090909091,10,10,GACAACAACCTAAAACTTGT,0,2106244
lacIp,0.09090909090909091,10,10,GAATTATGCACTCTGATAGA,0,2113088
lacIp,0.09090909090909091,10,10,GAAGACAGGGCACATTGGGT,0,2093021
lacIp,0.09090909090909091,10,10,GAAGAACGCCTTGGAGCGGC,0,2099705
lacIp,0.09090909090909091,10,10,GAAATCGTCTGGGTCACTTG,0,2116670
lacIp,0.09090909090909091,10,10,GAAAGTGGGCATGGAGTCTC,0,2121517
lacIp,0.09090909090909091,10,10,CTTGTGCTAAGTTAGACAAG,0,2111093
lacIp,0.09090909090909091,10,10,CTTGGTCTTGGCTTGTTGTG,0,2107507
lacIp,0.09090909090909091,10,10,CTTGCTTTCTACTGTGATTA,0,2104482
lacIp,0.09090909090909091,10,10,CTTCGGATGATAACAGTCAG,0,2114959
lacIp,0.09090909090909091,10,10,CTTAATGTCGATGGCAACGT,0,2117198
lacIp,0.09090909090909091,10,10,CTGTCATATGTTGAAACCAG,0,2091212
lacIp,0.09090909090909091,10,10,CTGTAGCTCATCGGAATCCA,0,2087843
lacIp,0.09090909090909091,10,10,CTGGTCTAGTGATTTATCAG,0,2093873
lacIp,0.09090909090909091,10,10,CTGGGGGCCTCAGTTATCAG,0,2097939
lacIp,0.09090909090909091,10,10,CTGGCACGGGCGGATCACTT,0,2089906
lacIp,0.09090909090909091,10,10,CTGCCGTATCCAGGAAATTT,0,2110845
lacIp,0.09090909090909091,10,10,CTGAGGAGCCATACTCTACC,0,2089343
lacIp,0.09090909090909091,10,10,CTCTAGGCTACTTTCTTGTT,0,2099947
lacIp,0.09090909090909091,10,10,CTCGTAACTTTTTGATAGGG,0,2111438
lacIp,0.09090909090909091,10,10,CTCGCTACAGGCGCTTATCC,0,2093704
lacIp,0.09090909090909091,10,10,CTCATGTCTTCCTCAGACAA,0,2121826
lacIp,0.09090909090909091,10,10,CTAATTTTCAGTTGATGGCC,0,2087568
lacIp,0.09090909090909091,10,10,CTAAGTCCTTTCCTACAAAC,0,2117079
lacIp,0.09090909090909091,10,10,CTAACTTGTTTACCCGTGCC,0,2089769
lacIp,0.09090909090909091,10,10,CGTGATATCTAGTCGATCGC,0,2107343
lacIp,0.09090909090909091,10,10,CGTGAAGTACGACTAAAGGC,0,2097733
lacIp,0.09090909090909091,10,10,CGTCTAAAGGCACAGGTGTT,0,2114227
lacIp,0.09090909090909091,10,10,CGTCGGTGCAACACTTACAA,0,2119943
lacIp,0.09090909090909091,10,10,CGTCCAGCGGGTGCAGACTT,0,2100329
lacIp,0.09090909090909091,10,10,CGTCAGAATTGGGTTGCAGA,0,2093590
lacIp,0.09090909090909091,10,10,CGTAAGGACTGCTGATGGCG,0,2098338
lacIp,0.09090909090909091,10,10,CGTAAATGGTTTTGACGGCT,0,2105822
lacIp,0.09090909090909091,10,10,CGGTGCGCGTGGGATCGACG,0,2085885
lacIp,0.09090909090909091,10,10,CGGGGTACCTATAAACCATT,0,2105341
lacIp,0.09090909090909091,10,10,CGGGAGGTTATCCAGATAAA,0,2087354
lacIp,0.09090909090909091,10,10,CGGGAGATGGGCACTTGGGG,0,2118878
lacIp,0.09090909090909091,10,10,CGGGACTCGTACGCAATGTA,0,2088621
lacIp,0.09090909090909091,10,10,CGGGACCTCAGTCTAGGGCG,0,2094947
lacIp,0.09090909090909091,10,10,CGGCTGGCTCTGCTTCTCTA,0,2108217
lacIp,0.09090909090909091,10,10,CGGCGGTCCTGATACGAAAT,0,2112042
lacIp,0.09090909090909091,10,10,CGGAGGATGCGTGGAATCAA,0,2120327
lacIp,0.09090909090909091,10,10,CGGAAGCATAAGCAATTACG,0,2110319
lacIp,0.09090909090909091,10,10,CGCTGCCTGGCTATGTTCGG,0,2110733
lacIp,0.09090909090909091,10,10,CGCGTCTATGTCTTTTGATG,0,2096195
lacIp,0.09090909090909091,10,10,CGCGTAGATTGGCTCTTGTC,0,2118554
lacIp,0.09090909090909091,10,10,CGCGCGAGCCACAAATAGTA,0,2106250
lacIp,0.09090909090909091,10,10,CGCGCCATATATACGGTGCT,0,2115803
lacIp,0.09090909090909091,10,10,CGCCAACGTATTTTGTTTTC,0,2089323
lacIp,0.09090909090909091,10,10,CGCCAACCAAAGGACGTTCT,0,2092220
lacIp,0.09090909090909091,10,10,CGCAGCACGCGATTTGAGCC,0,2087155
lacIp,0.09090909090909091,10,10,CGATGCTGCTCGCGAGTACC,0,2113771
lacIp,0.09090909090909091,10,10,CGATAATGGCGTTATCAGTT,0,2096804
lacIp,0.09090909090909091,10,10,CGAGTGTCCGGTCCAACATT,0,2096921
lacIp,0.09090909090909091,10,10,CGAGTGCTCCGCGCGCTCTT,0,2106234
lacIp,0.09090909090909091,10,10,CGAGCCTTATCGTCTGGTAT,0,2088567
lacIp,0.09090909090909091,10,10,CGAGAACCAACTTCCTGAAA,0,2095955
lacIp,0.09090909090909091,10,10,CGACGGTTTTTCGGCATCTA,0,2090482
lacIp,0.09090909090909091,10,10,CCTTTCTCCAACTGTGTTTA,0,2094746
lacIp,0.09090909090909091,10,10,CCTTCGTAAACTTCGTTTTG,0,2115436
lacIp,0.09090909090909091,10,10,CCTGCAGATACCGCTATAAC,0,2110034
lacIp,0.09090909090909091,10,10,CCTCGGCGTCGTGAGGTGCT,0,2115342
lacIp,0.09090909090909091,10,10,CCTATGTCGCAAGCGTGGCT,0,2105974
lacIp,0.09090909090909091,10,10,CCTAGGCTGGTATGAACATA,0,2108324
lacIp,0.09090909090909091,10,10,CCGCTGCTCTGATATATCAA,0,2105325
lacIp,0.09090909090909091,10,10,CCGCCTCGCCCACCGCACAT,0,2088327
lacIp,0.09090909090909091,10,10,CCGATAGCTGTGCGCGTACG,0,2100554
lacIp,0.09090909090909091,10,10,CCCGCTTGTGTCTGGGTGCG,0,2094054
lacIp,0.09090909090909091,10,10,CCCCTTGAGTCGATACACTG,0,2116638
lacIp,0.09090909090909091,10,10,CCCCAGATCAAAAGTTGTCC,0,2108962
lacIp,0.09090909090909091,10,10,CCCAATGCGCCCAAGTCCTA,0,2098158
lacIp,0.09090909090909091,10,10,CCACCTAGCGCCTGAACCAT,0,2090282
lacIp,0.09090909090909091,10,10,CCACCGATGGTGGGTGACCA,0,2110186
lacIp,0.09090909090909091,10,10,CCAATGGCCCATGACCTAAC,0,2119608
lacIp,0.09090909090909091,10,10,CCAAGGGGCACGAGCACCCT,0,2110777
lacIp,0.09090909090909091,10,10,CCAAGCTTGCAGCCATACCC,0,2096958
lacIp,0.09090909090909091,10,10,CATTACACCTTTTTGGCTCC,0,2107179
lacIp,0.09090909090909091,10,10,CATGCATTTTCCCTTTTTTA,0,2087929
lacIp,0.09090909090909091,10,10,CATCGTCACCCAGCGTTTTC,0,2092734
lacIp,0.09090909090909091,10,10,CATATTATTTGTTTGTACTG,0,2106006
lacIp,0.09090909090909091,10,10,CATACGCACACCCAGGGTAA,0,2103181
lacIp,0.09090909090909091,10,10,CATACGACTTGGCTTTGGTT,0,2100450
lacIp,0.09090909090909091,10,10,CATACCGGTTACCGCTGGGA,0,2089924
lacIp,0.09090909090909091,10,10,CAGTATCTATCAATATGGAT,0,2098492
lacIp,0.09090909090909091,10,10,CAGGGTGTGCCCGAGATAAT,0,2106372
lacIp,0.09090909090909091,10,10,CAGGGGGCGGACGCGCGGTA,0,2102537
lacIp,0.09090909090909091,10,10,CAGGAACATTCATAGAACAG,0,2103891
lacIp,0.09090909090909091,10,10,CAGACATCTACTGCAAGGTA,0,2099699
lacIp,0.09090909090909091,10,10,CACTGGAAGAGGGCGATTGT,0,2115145
lacIp,0.09090909090909091,10,10,CACTACCTGGACCTGTGCGT,0,2095708
lacIp,0.09090909090909091,10,10,CACGTGTGAGGTATGACGTG,0,2085750
lacIp,0.09090909090909091,10,10,CACCCCCCCAGCGGTAGCGC,0,2104351
lacIp,0.09090909090909091,10,10,CACAAAGCCGTTTCCTGTGT,0,2110695
lacIp,0.09090909090909091,10,10,CAAGGATGCACCGGTACCAG,0,2118964
lacIp,0.09090909090909091,10,10,CAAGCGGGTCGGCACGCGCA,0,2115339
lacIp,0.09090909090909091,10,10,CAAATGGCGGTACGTAATTC,0,2096387
lacIp,0.09090909090909091,10,10,ATTTACGTGCCCCGAGTCCC,0,2112327
lacIp,0.09090909090909091,10,10,ATTGGGGTCTCGTTGGAAGT,0,2120083
lacIp,0.09090909090909091,10,10,ATTGGGGCGCGCTACTTGGG,0,2116824
lacIp,0.09090909090909091,10,10,ATTGGAATGCTCGAATTTCT,0,2087360
lacIp,0.09090909090909091,10,10,ATTAAATCCGAGGGAGCCAA,0,2102235
lacIp,0.09090909090909091,10,10,ATTAAACCTTAGGTCTGGGT,0,2107333
lacIp,0.09090909090909091,10,10,ATGTTTGCAAAGAGCCTAAG,0,2096152
lacIp,0.09090909090909091,10,10,ATGTTGGGATATATTCGTAA,0,2113688
lacIp,0.09090909090909091,10,10,ATGGTTGCGAGAAGACAGGT,0,2111059
lacIp,0.09090909090909091,10,10,ATGCTTTATCTTCTTCGGCA,0,2118961
lacIp,0.09090909090909091,10,10,ATGCGCGTCGCGGCCCTGAT,0,2101514
lacIp,0.09090909090909091,10,10,ATGCACACGGCAGCTACCAA,0,2094955
lacIp,0.09090909090909091,10,10,ATGATGGTCGGTATTAAGAT,0,2104619
lacIp,0.09090909090909091,10,10,ATGAGGCATCCTCCTCGCGC,0,2122367
lacIp,0.09090909090909091,10,10,ATGAAATGTGCACGACGGTT,0,2096656
lacIp,0.09090909090909091,10,10,ATCGGGATCAGGGGGGTATT,0,2097365
lacIp,0.09090909090909091,10,10,ATCGCGCAAAAGGCGGTTCA,0,2112781
lacIp,0.09090909090909091,10,10,ATCGCAATGTTCTTCTAGCA,0,2105133
lacIp,0.09090909090909091,10,10,ATAGTATCTGCCAGTCGCGA,0,2100734
lacIp,0.09090909090909091,10,10,ATAGACTCGCTGAATAAAGG,0,2095055
lacIp,0.09090909090909091,10,10,ATACTGCGGAAGTTTGATGA,0,2113931
lacIp,0.09090909090909091,10,10,ATACGGGTTTCGCTTCTCGC,0,2098999
lacIp,0.09090909090909091,10,10,ATACGAGAGGGAAGCCGAGG,0,2090187
lacIp,0.09090909090909091,10,10,ATAAACAGTTAAGGATGTCA,0,2104553
lacIp,0.09090909090909091,10,10,AGTTTGTCCTCGGTTTGAAG,0,2093610
lacIp,0.09090909090909091,10,10,AGTTCCTGCGTCTGCGTGAC,0,2101866
lacIp,0.09090909090909091,10,10,AGTGTTCATGGACAACGTAT,0,2105035
lacIp,0.09090909090909091,10,10,AGTGACTTTCTGGTTGTGTC,0,2115798
lacIp,0.09090909090909091,10,10,AGTCAATTGAACAACAAGGA,0,2114860
lacIp,0.09090909090909091,10,10,AGTACGAGTGTGTAAAACGG,0,2092876
lacIp,0.09090909090909091,10,10,AGGTCTGTAGCCGTAGTCTT,0,2119785
lacIp,0.09090909090909091,10,10,AGGTATTTAACGCGTGGTGG,0,2119610
lacIp,0.09090909090909091,10,10,AGGTAACAATCGACAGTCAC,0,2095666
lacIp,0.09090909090909091,10,10,AGGGTGTTTAGATGTATGGC,0,2119236
lacIp,0.09090909090909091,10,10,AGGGTCTGTGCTGTCGTCGG,0,2092450
lacIp,0.09090909090909091,10,10,AGGATAGAGGTCAGCGAAAA,0,2094077
lacIp,0.09090909090909091,10,10,AGCTTAGGTCAGAGGGATGT,0,2102411
lacIp,0.09090909090909091,10,10,AGCTGGGTACGCCTCAGAAG,0,2105773
lacIp,0.09090909090909091,10,10,AGCGGCGGAGATCCAGGGAA,0,2121386
lacIp,0.09090909090909091,10,10,AGCCGCAAGCGTGTACCGAA,0,2095110
lacIp,0.09090909090909091,10,10,AGCATCATGGGACCAAAGAC,0,2089256
lacIp,0.09090909090909091,10,10,AGCACGTTCCCAGGAGAAGT,0,2091306
lacIp,0.09090909090909091,10,10,AGATCCGACCAAGGGCCGGA,0,2107846
lacIp,0.09090909090909091,10,10,AGATCAAGTAGTGCAGTAAT,0,2095644
lacIp,0.09090909090909091,10,10,AGAGTGGCGGTTGGGTCCTG,0,2101493
lacIp,0.09090909090909091,10,10,AGAGGGAAGGGGCCGTTCAG,0,2089587
lacIp,0.09090909090909091,10,10,AGAGACAGCCAACAAGGGGC,0,2100367
lacIp,0.09090909090909091,10,10,AGAGACAAGTATAGATGAAC,0,2105646
lacIp,0.09090909090909091,10,10,AGACACACACCGCTTAGATG,0,2102153
lacIp,0.09090909090909091,10,10,AGAATAAATATCCCATTGCA,0,2094109
lacIp,0.09090909090909091,10,10,ACTTAGGTGAAAGTCGATCT,0,2100733
lacIp,0.09090909090909091,10,10,ACTTAATAGCCTCCTGTTTT,0,2118352
lacIp,0.09090909090909091,10,10,ACTGTGCATTGAATCTGGAT,0,2114282
lacIp,0.09090909090909091,10,10,ACTCTTGATATGCCGTCCCA,0,2120694
lacIp,0.09090909090909091,10,10,ACTAGCGTATGGTGTTTCAA,0,2088117
lacIp,0.09090909090909091,10,10,ACTACCAAGCTGTGAGAAAC,0,2119066
lacIp,0.09090909090909091,10,10,ACGTGGAGGCGCCCCAGCTA,0,2112543
lacIp,0.09090909090909091,10,10,ACGTCAGGTACGTCGAAATA,0,2116613
lacIp,0.09090909090909091,10,10,ACGCTGCCGGGTGTCAGGAA,0,2115355
lacIp,0.09090909090909091,10,10,ACGATGCTATCCTTAGGAAC,0,2119214
lacIp,0.09090909090909091,10,10,ACGACGGTGCTACGACATAG,0,2121067
lacIp,0.09090909090909091,10,10,ACCTATAGATCAGATCATCA,0,2101048
lacIp,0.09090909090909091,10,10,ACCGTAAGCTTCGGCATTAG,0,2095820
lacIp,0.09090909090909091,10,10,ACCATTCGTAGGGTCGCTCC,0,2090181
lacIp,0.09090909090909091,10,10,ACCAATCGAACTCCTTAGCG,0,2111082
lacIp,0.09090909090909091,10,10,ACAGAACTCTTAACGGGGCG,0,2106065
lacIp,0.09090909090909091,10,10,ACACCGCCGTGGATTCTTAA,0,2110981
lacIp,0.09090909090909091,10,10,ACAATTTTGCAATCATGCTA,0,2115115
lacIp,0.09090909090909091,10,10,AATTCGGGGCGTAGCTATTT,0,2097717
lacIp,0.09090909090909091,10,10,AATGTTCTAAGGTTGCATCA,0,2114309
lacIp,0.09090909090909091,10,10,AATGGTGGATTCCCAGCTGC,0,2117932
lacIp,0.09090909090909091,10,10,AATGGCTTCTCGAGTAGGCC,0,2089197
lacIp,0.09090909090909091,10,10,AATCTCCAAACCGTTCGCTA,0,2094622
lacIp,0.09090909090909091,10,10,AATATTTTGGATCTACGACT,0,2100453
lacIp,0.09090909090909091,10,10,AATATTTTCTCCTTAAGGAG,0,2091883
lacIp,0.09090909090909091,10,10,AATAAGGGGACGGCCCGCTT,0,2115759
lacIp,0.09090909090909091,10,10,AAGTGGCGATCACACGGTTA,0,2109479
lacIp,0.09090909090909091,10,10,AAGCGAAGGTAACAATCCGA,0,2090865
lacIp,0.09090909090909091,10,10,AAGACTTTAGCTTATTGACT,0,2101658
lacIp,0.09090909090909091,10,10,AACTGTTTGAAATACTACAC,0,2091114
lacIp,0.09090909090909091,10,10,AACCCGGGTAACCCATCTGG,0,2103954
lacIp,0.09090909090909091,10,10,AACAGGTCCTGTTCAACTTG,0,2113228
lacIp,0.09090909090909091,10,10,AACAAGAATCTCTTGCGTGT,0,2103041
lacIp,0.09090909090909091,10,10,AAATAGGCGCCCATGAGAAA,0,2117899
lacIp,0.09090909090909091,10,10,AAAGTGTACATCGGTGCACT,0,2108285
lacIp,0.09090909090909091,10,10,AAAGTGCGAGATTTCTCTTG,0,2101138
lacIp,0.09090909090909091,10,10,AAAGTCGGCATTCAATCACT,0,2102058
lacIp,0.09090909090909091,10,10,AAAGGTGATCTATTGCACGG,0,2121537
lacIp,0.09090909090909091,10,10,AAAGGCGGGGAGACAATAGC,0,2089598
lacIp,0.09090909090909091,10,10,AAACAAGAGACGATCCGCTA,0,2095706
lacIp,0.09090909090909091,10,10,AAAAGCCTACGTCATAAGCA,0,2106386
lacIp,0.1,9,9,TTTTGTTGACTATGCAGAGG,0,2116106
lacIp,0.1,9,9,TTTTAGCCCGTGGTTGTAGT,0,2106335
lacIp,0.1,9,9,TTTGTATGTGCCGCTGAAGT,0,2103087
lacIp,0.1,9,9,TTTGGTTGCTGCGGTGCGAT,0,2101010
lacIp,0.1,9,9,TTTGCACTACCTACCTTTCA,0,2089732
lacIp,0.1,9,9,TTTCTTAAAACGCCCACTGT,0,2092528
lacIp,0.1,9,9,TTTCGAGGAAGCAAAGCGCG,0,2089960
lacIp,0.1,9,9,TTTCAGTCAACACATGGAAA,0,2088625
lacIp,0.1,9,9,TTTAATTGCACTGCGCACGG,0,2106086
lacIp,0.1,9,9,TTGTTTTGTTTAAATGTTGT,0,2117915
lacIp,0.1,9,9,TTGTGCGACACTATCCGTGA,0,2114214
lacIp,0.1,9,9,TTGGTCGAGTGTGTACTTCC,0,2087862
lacIp,0.1,9,9,TTGGGGACGTACTCTCGGCA,0,2113436
lacIp,0.1,9,9,TTGGCAGGTTATCTGAATTC,0,2099033
lacIp,0.1,9,9,TTGAGTCTATGGGAGAATGC,0,2102009
lacIp,0.1,9,9,TTCGTAACAGCATATGCTCA,0,2105013
lacIp,0.1,9,9,TTCCGGCCCCTGATACAAGA,0,2089596
lacIp,0.1,9,9,TTCCCTATCTTTGGGTCCAT,0,2086044
lacIp,0.1,9,9,TTCAGTCACACGCTTGGCTG,0,2101330
lacIp,0.1,9,9,TTATGGGTTAAGGAATAGTA,0,2092930
lacIp,0.1,9,9,TTATGCTTTGCCGCGGCCGT,0,2102067
lacIp,0.1,9,9,TTATCAACATGTTTTATTGC,0,2097078
lacIp,0.1,9,9,TTAGAATATGAAGAAAATCA,0,2092399
lacIp,0.1,9,9,TTACCGTTAGGTCGGATAGC,0,2087042
lacIp,0.1,9,9,TTAACTAGCCCCTTAGTAGG,0,2102498
lacIp,0.1,9,9,TGTACAGGATGAATTAGTAC,0,2101789
lacIp,0.1,9,9,TGTAAGAGTAGAATAACGGC,0,2099157
lacIp,0.1,9,9,TGGTGGAACCGTCCTTCGCT,0,2113936
lacIp,0.1,9,9,TGGTAATGAGTCCGTGGTGA,0,2086849
lacIp,0.1,9,9,TGGGCTCAACCATAAAGGGA,0,2106818
lacIp,0.1,9,9,TGGCTCCTGGACATAGGAAT,0,2102208
lacIp,0.1,9,9,TGGCCCTTCGTTTTCGGTAA,0,2091790
lacIp,0.1,9,9,TGGATTGGGCTACAAACTGT,0,2106740
lacIp,0.1,9,9,TGGATTATACTTTAATCGGT,0,2105275
lacIp,0.1,9,9,TGCTGATACGTTCCTGCTAC,0,2085687
lacIp,0.1,9,9,TGCGTTCCCTGGCTATTGAA,0,2119540
lacIp,0.1,9,9,TGCGATGGCTGGCGTCTCTT,0,2103495
lacIp,0.1,9,9,TGCATTTCAGCGATAATATA,0,2094613
lacIp,0.1,9,9,TGCAGAACGCGGCCAACTTG,0,2118987
lacIp,0.1,9,9,TGAGTCACGGATAATAGGAC,0,2108073
lacIp,0.1,9,9,TGACAGTGTTAAACGGGCTA,0,2109344
lacIp,0.1,9,9,TGACAGAGGTGGATTGTGTG,0,2102000
lacIp,0.1,9,9,TCTTTACGTATATACGCCCA,0,2090267
lacIp,0.1,9,9,TCTTGCATACCGTTGGCTTG,0,2100261
lacIp,0.1,9,9,TCTTCGTTGCGCCTGAAAGT,0,2115771
lacIp,0.1,9,9,TCTTATATGTCTTGCGAAAG,0,2115975
lacIp,0.1,9,9,TCTTAACACCCTAGTCGAGC,0,2086594
lacIp,0.1,9,9,TCTGAGAAGATCACCCAGTA,0,2119793
lacIp,0.1,9,9,TCTGAATCTTGGAGACACCG,0,2088115
lacIp,0.1,9,9,TCTCTTCTTGTTTGCTTGAG,0,2102489
lacIp,0.1,9,9,TCTCTAAATCAACGCTTTCT,0,2102103
lacIp,0.1,9,9,TCTAGTGGGGGCTGGCGGGT,0,2109606
lacIp,0.1,9,9,TCTAAATTTCTACTAGGCAA,0,2097881
lacIp,0.1,9,9,TCGTTTGGCACTCATACCAT,0,2112369
lacIp,0.1,9,9,TCGGTTCTATACACGTCCAG,0,2114588
lacIp,0.1,9,9,TCGGTAGTCTTAATGGGGGA,0,2087917
lacIp,0.1,9,9,TCGGAGTGGCCACATTAATC,0,2090215
lacIp,0.1,9,9,TCGCTAAATCATTACATAGG,0,2097550
lacIp,0.1,9,9,TCGCGCAGAACCGTATGACA,0,2120162
lacIp,0.1,9,9,TCGACTGCCTGGCGTAGGCG,0,2103848
lacIp,0.1,9,9,TCGAATCGCTTCTGTTTCTG,0,2111188
lacIp,0.1,9,9,TCATGTGACCACTAAAAGAA,0,2118930
lacIp,0.1,9,9,TCATCTTGACCTGGTCCAAC,0,2096723
lacIp,0.1,9,9,TCATCGTGGTTACACACATG,0,2094245
lacIp,0.1,9,9,TCAGGCTTCGGGCTGGGTGG,0,2104058
lacIp,0.1,9,9,TCAAGGAGGAATGATGTCGG,0,2090218
lacIp,0.1,9,9,TATTGACAGTGGTACTTTTC,0,2092194
lacIp,0.1,9,9,TATTATTCTAGGCCCACATG,0,2107747
lacIp,0.1,9,9,TATTAAGGCATTCCTAGACT,0,2101697
lacIp,0.1,9,9,TATGGCTTATGACTGTATTA,0,2095535
lacIp,0.1,9,9,TATGGCCCTCCCACGAACTC,0,2108762
lacIp,0.1,9,9,TATGCTGGCTCCCCTGTCAT,0,2106837
lacIp,0.1,9,9,TATCCTGAGGTCTGACGTTT,0,2114580
lacIp,0.1,9,9,TATAGTGGAGGGGGTCGAGC,0,2085956
lacIp,0.1,9,9,TATAAATGTGAGTCCATTTT,0,2109443
lacIp,0.1,9,9,TAGTCTATTATACATAAACC,0,2097979
lacIp,0.1,9,9,TAGGTTGTGGGAGCAGTGAC,0,2096058
lacIp,0.1,9,9,TAGGTTGAGTCAGCGGGCAA,0,2113510
lacIp,0.1,9,9,TAGGAACGTCACGGCGGAGC,0,2087385
lacIp,0.1,9,9,TAGCCATAGATGGCTTGCTC,0,2087534
lacIp,0.1,9,9,TAGATCAGGAACCTCGAAGA,0,2103886
lacIp,0.1,9,9,TAGAGGGTAAGGGAAAGTTT,0,2105359
lacIp,0.1,9,9,TAGAACTGTTGACGGGGTAC,0,2094221
lacIp,0.1,9,9,TACTGACGCCTTATCATATT,0,2099418
lacIp,0.1,9,9,TACGAAAAATCTTAGATTAC,0,2093390
lacIp,0.1,9,9,TACCGTTTCTTGAGTCGGAT,0,2115774
lacIp,0.1,9,9,TACCATACGTGTGTTTGTCG,0,2089399
lacIp,0.1,9,9,TACACTGATGGATAATTTGA,0,2106304
lacIp,0.1,9,9,TACACATGCAGAAACCATGC,0,2093627
lacIp,0.1,9,9,TAATACGTTTGTCACTGTAA,0,2086843
lacIp,0.1,9,9,TAATACAGCGACTCAGGCCA,0,2114574
lacIp,0.1,9,9,TAAGCATTTGCTTTGTAGAT,0,2113280
lacIp,0.1,9,9,GTTGTTTTGTGCCAATTTGT,0,2121170
lacIp,0.1,9,9,GTTCCTGATCCTTGAGGGGA,0,2094601
lacIp,0.1,9,9,GTTCCCATCGATAGGCCGGC,0,2093064
lacIp,0.1,9,9,GTTATATTGGTTTCAGCACA,0,2105652
lacIp,0.1,9,9,GTGCAGAATCATGCGGGTCA,0,2113555
lacIp,0.1,9,9,GTGAGGGGAGCCCATACCAA,0,2096835
lacIp,0.1,9,9,GTCTTAGAAACCATTCTGTA,0,2087026
lacIp,0.1,9,9,GTCTCGTTTGGAGGTGCCAG,0,2103953
lacIp,0.1,9,9,GTCTCGATGCTTTCTTGCAT,0,2097399
lacIp,0.1,9,9,GTCGCTGTGCAGTTGTCGTG,0,2093892
lacIp,0.1,9,9,GTCCGCGACGATAGCGAATA,0,2089551
lacIp,0.1,9,9,GTCCCGAATAACCGATGTGA,0,2090604
lacIp,0.1,9,9,GTCCAGTACAATGAGTCGTT,0,2110604
lacIp,0.1,9,9,GTCCAATGCGGTGAAACATT,0,2110080
lacIp,0.1,9,9,GTCAATATGTACTTGGAATT,0,2116737
lacIp,0.1,9,9,GTCAAGGAGTGCTGGCTCTC,0,2106405
lacIp,0.1,9,9,GTAGTATCTCTACATATTTA,0,2111393
lacIp,0.1,9,9,GTAGGCGTCAGATGGAACGC,0,2103557
lacIp,0.1,9,9,GTAGCACCGCAGTTTCGAGT,0,2110123
lacIp,0.1,9,9,GTAAGTTGTCATGAGGTCAT,0,2113157
lacIp,0.1,9,9,GTAAAAACCGGGTATCTGCG,0,2100478
lacIp,0.1,9,9,GGTTGGCCCTATCAGAGAGT,0,2120150
lacIp,0.1,9,9,GGTTCTTCTACCCCACTTTT,0,2121576
lacIp,0.1,9,9,GGTGCTGATATGTGGATTCT,0,2114631
lacIp,0.1,9,9,GGTCCGGGATAGTTCATCAA,0,2103050
lacIp,0.1,9,9,GGTAAGGACTTTTGTCCGAT,0,2108875
lacIp,0.1,9,9,GGGTTACTGAAATCTCATGA,0,2101723
lacIp,0.1,9,9,GGGTGTGAATACGAAAGTAC,0,2113955
lacIp,0.1,9,9,GGGTAACGGGGGGGGCCGCA,0,2088232
lacIp,0.1,9,9,GGGGTCCAAGTAGGGAGTTT,0,2103888
lacIp,0.1,9,9,GGGGCGTCAGAATCAACTCG,0,2107588
lacIp,0.1,9,9,GGGGAGCCATGACCACTGTC,0,2118881
lacIp,0.1,9,9,GGGCTGGGACAAATCAATCA,0,2091576
lacIp,0.1,9,9,GGGCTCCGGACTACGCCGTC,0,2106913
lacIp,0.1,9,9,GGGCGTGATACGACGGGCTA,0,2086128
lacIp,0.1,9,9,GGGCGTCAAGCGCCGTAAAA,0,2108074
lacIp,0.1,9,9,GGGATTGGAGGGCGTGAATC,0,2106549
lacIp,0.1,9,9,GGCTCATAAGAGACTGACCT,0,2121441
lacIp,0.1,9,9,GGCCATATATCATTAACGCT,0,2102968
lacIp,0.1,9,9,GGATCTGGCTAACGGGAACG,0,2099116
lacIp,0.1,9,9,GGAGTGTCTGAGCGCGGCAA,0,2118757
lacIp,0.1,9,9,GGAGCTCTCCGGATGGCTGA,0,2110408
lacIp,0.1,9,9,GGAGACCGTCATGCCCGTAG,0,2101939
lacIp,0.1,9,9,GGACGCTTGGTGACCTGGTG,0,2118914
lacIp,0.1,9,9,GGACACGTGTGCACATGGTC,0,2098253
lacIp,0.1,9,9,GGACAAGTCCCAGTAATTTA,0,2121665
lacIp,0.1,9,9,GGACAACAGACTAATCAATC,0,2097988
lacIp,0.1,9,9,GGAAACGAAAATACTGACCA,0,2101972
lacIp,0.1,9,9,GCTTATACGCAGTACAATCC,0,2102908
lacIp,0.1,9,9,GCTGGGTTTCCAATATGTCA,0,2100551
lacIp,0.1,9,9,GCTGACCATTGGAGACATGT,0,2099284
lacIp,0.1,9,9,GCTCTGCTGTCCATGGCTAG,0,2094454
lacIp,0.1,9,9,GCTCTACGCAGAGGTGGAGC,0,2086883
lacIp,0.1,9,9,GCGTCGTTCTCACCACAAGT,0,2089368
lacIp,0.1,9,9,GCGTAACGTTCGGAGCGCCG,0,2086356
lacIp,0.1,9,9,GCGGGCTTAAGGGAACCCTT,0,2099803
lacIp,0.1,9,9,GCGCGGCACACCGTCTCTCT,0,2089414
lacIp,0.1,9,9,GCGCCCAGTCGGGCCATGGA,0,2087715
lacIp,0.1,9,9,GCGAGTGCTTAAAGTACCCA,0,2115000
lacIp,0.1,9,9,GCGAACACTAGAATTAGATC,0,2099811
lacIp,0.1,9,9,GCGAAACTTAGGGGGTAGGT,0,2085826
lacIp,0.1,9,9,GCCTCGGCGCTAATAACGGG,0,2119511
lacIp,0.1,9,9,GCCGTTTCTCCGGGTTGTAA,0,2094822
lacIp,0.1,9,9,GCCGTACCGTGCTTTGATGT,0,2116054
lacIp,0.1,9,9,GCCGATCCATTCAAAGCCCT,0,2096511
lacIp,0.1,9,9,GCCCTTCGCTGTTTGTTGCG,0,2117379
lacIp,0.1,9,9,GCCCTATAGGGCGCAAGGTG,0,2117278
lacIp,0.1,9,9,GCATTGAGGATGTGTCCAAC,0,2089989
lacIp,0.1,9,9,GCATGTTTACGACCTGTAAT,0,2087326
lacIp,0.1,9,9,GCAGCCCTCCAGCTGACGGT,0,2114081
lacIp,0.1,9,9,GCAGACTTTCCAGTCCCGTA,0,2104838
lacIp,0.1,9,9,GCAACCGATGCACCTCCAGT,0,2095261
lacIp,0.1,9,9,GATTCGGGAGACTCACTTAG,0,2119358
lacIp,0.1,9,9,GATTAACTCGATGCCCAGCT,0,2105744
lacIp,0.1,9,9,GATGGCCCCGAAACTTCAAT,0,2120131
lacIp,0.1,9,9,GATCTCCAACTGTGTATGCC,0,2085875
lacIp,0.1,9,9,GATATAGAATCGGTGTTTGA,0,2109508
lacIp,0.1,9,9,GATAATGAGACAGTGCTATT,0,2087191
lacIp,0.1,9,9,GAGTTTAGGCACATTTTGGG,0,2085849
lacIp,0.1,9,9,GAGGAGCAATAATCTACCGG,0,2095109
lacIp,0.1,9,9,GAGCTATTCGAGTTCTTTTC,0,2106485
lacIp,0.1,9,9,GACGGGATTCAGCACGGTCA,0,2119033
lacIp,0.1,9,9,GACGAGTGGTTATGACGGCG,0,2092394
lacIp,0.1,9,9,GACCGCATAGCTGTCTAAGG,0,2087469
lacIp,0.1,9,9,GACAGCCACGCCGAAACCAA,0,2105710
lacIp,0.1,9,9,GAATGTTGTAAACAGAGGGT,0,2112752
lacIp,0.1,9,9,GAATACACCGCTCATTCCAT,0,2090019
lacIp,0.1,9,9,GAAGAACGGCCCTGCCGCGT,0,2092629
lacIp,0.1,9,9,GAACGCGGGAGAAGTTCCCT,0,2114344
lacIp,0.1,9,9,GAACGCACGCTGCCTTTGCC,0,2115786
lacIp,0.1,9,9,GAACGAGTTCTAGTCTACGG,0,2099343
lacIp,0.1,9,9,GAACACCGGTGCACGTGGCG,0,2091503
lacIp,0.1,9,9,GAACACCATCTGTTTTGTAT,0,2094842
lacIp,0.1,9,9,CTTTGTCATGCGGCGGTGTT,0,2099052
lacIp,0.1,9,9,CTTTGACTCATTCACGGGAG,0,2107564
lacIp,0.1,9,9,CTTGTCAAACGCGTAGAGAT,0,2097718
lacIp,0.1,9,9,CTTGTACCAAGTAATGGAAA,0,2097224
lacIp,0.1,9,9,CTTGCGACGCGACGCTTTAG,0,2097258
lacIp,0.1,9,9,CTTGCAGGTCTGACAGTGAG,0,2114072
lacIp,0.1,9,9,CTTGCAGCGTTGCATGCTCC,0,2102020
lacIp,0.1,9,9,CTGGGGAGTAAAAGTACAGT,0,2108087
lacIp,0.1,9,9,CTGCGTACGGGAATCAAAAA,0,2090636
lacIp,0.1,9,9,CTGCCGGCTGGTGCAGAAAT,0,2097152
lacIp,0.1,9,9,CTGCATCTAACCAGGAAATG,0,2111801
lacIp,0.1,9,9,CTGATGAGGGCACCATACCT,0,2099601
lacIp,0.1,9,9,CTGAACCGGCTTGCAATACG,0,2114707
lacIp,0.1,9,9,CTCGATCCATGAGACGCCAC,0,2091132
lacIp,0.1,9,9,CTCCTCCATTCCTCTCTAGT,0,2110516
lacIp,0.1,9,9,CTCACAGCAGCCTTTTGGCT,0,2088700
lacIp,0.1,9,9,CTATGGCTGTTAATGACCTT,0,2088148
lacIp,0.1,9,9,CTAGGTACGACATACTGGCG,0,2106223
lacIp,0.1,9,9,CTAGCGAAATCCTCACGCAA,0,2088999
lacIp,0.1,9,9,CTAGAGCGGCCACACACAGA,0,2089066
lacIp,0.1,9,9,CTAAAACTGGCTCAATTCGA,0,2099972
lacIp,0.1,9,9,CGTTGATACCTAACGTGAGA,0,2102330
lacIp,0.1,9,9,CGTTCCGCGAAGGTTACGTG,0,2115710
lacIp,0.1,9,9,CGTTCATACTCGCCGTCTGA,0,2120067
lacIp,0.1,9,9,CGTTATGCCAGCAGCCCTAG,0,2086053
lacIp,0.1,9,9,CGTGGTATGGTGAGCATGGG,0,2095170
lacIp,0.1,9,9,CGTGCTCAAGTTGTGGAACA,0,2093728
lacIp,0.1,9,9,CGTCCGGCGAAGTTGTTATC,0,2106124
lacIp,0.1,9,9,CGTCCGAATCCAGCCCACTG,0,2095754
lacIp,0.1,9,9,CGTCAGCAGGCCCAGATTAA,0,2086875
lacIp,0.1,9,9,CGTATTTTCGACTGCAATCA,0,2096405
lacIp,0.1,9,9,CGTAGCCGCTTACTCAGTGA,0,2119808
lacIp,0.1,9,9,CGTAAGTAGTCTGTACGACA,0,2087061
lacIp,0.1,9,9,CGTAAGATAGAGCAAAATAA,0,2103883
lacIp,0.1,9,9,CGGTTGCTGGGGAGGGGATC,0,2100627
lacIp,0.1,9,9,CGGTGTACTCAGGAACGTCC,0,2100799
lacIp,0.1,9,9,CGGGGTATTGACAGATGTGG,0,2103024
lacIp,0.1,9,9,CGGGGGGGTAGCATTGAAGA,0,2097338
lacIp,0.1,9,9,CGGGCTCAAATATCGATAAC,0,2104709
lacIp,0.1,9,9,CGGGCGCACAGGGGGATGCA,0,2095684
lacIp,0.1,9,9,CGGCCACAATTGCTCCTCCA,0,2095519
lacIp,0.1,9,9,CGGAGGGACTAATATGTCCC,0,2097161
lacIp,0.1,9,9,CGGACCGACTATTAAGGCAG,0,2121717
lacIp,0.1,9,9,CGGAATGGGCATCTACACCT,0,2106359
lacIp,0.1,9,9,CGGAACGGGCATCATCCCGA,0,2112202
lacIp,0.1,9,9,CGCTTCCGCCCGAGCTGAGA,0,2104594
lacIp,0.1,9,9,CGCGGGTTAAGCCTTAAAAG,0,2121412
lacIp,0.1,9,9,CGCGGCCCCGAGTGAAGTAA,0,2100076
lacIp,0.1,9,9,CGCCTACTGAGGGGAACTTT,0,2115153
lacIp,0.1,9,9,CGCCGCCCGACCATCAGCTT,0,2111417
lacIp,0.1,9,9,CGCCGCACTGCGTCACGTTC,0,2102561
lacIp,0.1,9,9,CGCATCATAGGCGGGGATTG,0,2098315
lacIp,0.1,9,9,CGATTGTCAACGTGCGCCTT,0,2086435
lacIp,0.1,9,9,CGATGGTCAATGACGGTCAG,0,2088481
lacIp,0.1,9,9,CGAGATTTAGGGTATAGTTA,0,2098175
lacIp,0.1,9,9,CGACATGTCTGTCTCAGTTA,0,2093874
lacIp,0.1,9,9,CGACATGGTGCTACATGTGG,0,2112942
lacIp,0.1,9,9,CGAAGTTCTACGCAATTGGA,0,2114767
lacIp,0.1,9,9,CGAACACACGCATTCTGCTT,0,2118143
lacIp,0.1,9,9,CCTTTACGTGTGTGGGGCCT,0,2112649
lacIp,0.1,9,9,CCTTGGCATCCGGGGCGCTA,0,2113508
lacIp,0.1,9,9,CCTTATGCACATTTTGGTCA,0,2103975
lacIp,0.1,9,9,CCTGTAAAAGCTGGTGAGTA,0,2117486
lacIp,0.1,9,9,CCTGGAGACGATTCTGAAGA,0,2114614
lacIp,0.1,9,9,CCTGCGTGCCTAGCGATGAG,0,2092063
lacIp,0.1,9,9,CCTCCTGTTGCGAGCCGAGC,0,2087339
lacIp,0.1,9,9,CCTCACCAGTTGGTATAATC,0,2104115
lacIp,0.1,9,9,CCTATCATCTAGTAGGAACA,0,2095485
lacIp,0.1,9,9,CCTATCAACCGAGTCGGAGT,0,2110194
lacIp,0.1,9,9,CCGTGTGCAGCTCGGTCTGT,0,2085933
lacIp,0.1,9,9,CCGTGATATAAGATGACAAC,0,2108166
lacIp,0.1,9,9,CCGTCCCGAAAGACAATCTG,0,2095118
lacIp,0.1,9,9,CCGGTGCGTCTAGATTCCGA,0,2114213
lacIp,0.1,9,9,CCGGAGCAAGTGCCGTTGCG,0,2119666
lacIp,0.1,9,9,CCGCGAACACGGCACAGCGG,0,2095466
lacIp,0.1,9,9,CCGCAGTGATTGAGCAGTCG,0,2088791
lacIp,0.1,9,9,CCGAGGTCAACCAATCAGCT,0,2110178
lacIp,0.1,9,9,CCGAAGTTGCACGGGTACGC,0,2096550
lacIp,0.1,9,9,CCGAAGATTCAACGTCTAGT,0,2117424
lacIp,0.1,9,9,CCCTAACGTTGAGGGACACA,0,2099500
lacIp,0.1,9,9,CCCGAGATCGGTTCGTATGC,0,2104116
lacIp,0.1,9,9,CCCGACGGTTTTCGGTTAAA,0,2091968
lacIp,0.1,9,9,CCCAGTCACGTTCGGTTGGA,0,2112402
lacIp,0.1,9,9,CCATTGTATCCTAAAAGTAT,0,2111459
lacIp,0.1,9,9,CCATGCGGTTAAGCAGTCGG,0,2086566
lacIp,0.1,9,9,CCATATTCAGAACCGCCAAT,0,2121423
lacIp,0.1,9,9,CCAGAGGCACAAATCCAATC,0,2105527
lacIp,0.1,9,9,CCACCCGTCTTATCTTTGAG,0,2087291
lacIp,0.1,9,9,CCACAGCCCTTCCTGTCCAT,0,2105250
lacIp,0.1,9,9,CCAATGCCCCGAGGTAGGTA,0,2101718
lacIp,0.1,9,9,CCAAATGGACGCATAAGGCA,0,2096897
lacIp,0.1,9,9,CATTTCTTGTGGCTTCGATT,0,2089641
lacIp,0.1,9,9,CATTGACGGGGAGGCTGGAC,0,2089249
lacIp,0.1,9,9,CATTCTTATTCGCGGCGACA,0,2116800
lacIp,0.1,9,9,CATGTTGAGGTCTCAGCAGA,0,2119885
lacIp,0.1,9,9,CATGTTAAACAGATTGGTGA,0,2118220
lacIp,0.1,9,9,CATCAAAGCCCACGCCATGG,0,2115330
lacIp,0.1,9,9,CAGTTAGTCGCCAACGTGCG,0,2106091
lacIp,0.1,9,9,CAGTACACGTGACGACCCAG,0,2094997
lacIp,0.1,9,9,CAGGCGCGAGTCTGAAAGTA,0,2110153
lacIp,0.1,9,9,CAGCGTAATCATATCACCCG,0,2105549
lacIp,0.1,9,9,CACTACGACATTGAAAACTC,0,2087828
lacIp,0.1,9,9,CACGTCATTCGAAGGTGGAT,0,2097201
lacIp,0.1,9,9,CACCCGAGCATATAAACTAT,0,2114426
lacIp,0.1,9,9,CACATCTTCGGCCTCATGAG,0,2111456
lacIp,0.1,9,9,CACAGTTACCACTACTCTTC,0,2092655
lacIp,0.1,9,9,CACACAGCGTGGTAATAGCC,0,2101125
lacIp,0.1,9,9,CAAGCCGCTGTCGGAAAGGG,0,2093176
lacIp,0.1,9,9,CAACATAGTTCGCTGGCAAT,0,2107589
lacIp,0.1,9,9,CAAATCTTATTGCGTTAATT,0,2096954
lacIp,0.1,9,9,ATTTTCGGCAGTCCGGCGCT,0,2093944
lacIp,0.1,9,9,ATTGCATCCTCGTAACCTTA,0,2088331
lacIp,0.1,9,9,ATTGCAGGGCCGACATTACG,0,2109316
lacIp,0.1,9,9,ATTGACATTTGGGGGAAACG,0,2115253
lacIp,0.1,9,9,ATTCTAACGCACGACACCAA,0,2119625
lacIp,0.1,9,9,ATTCGTTCAAGGTCTTCTGA,0,2091971
lacIp,0.1,9,9,ATTCGTTAAAAATGAGTGGC,0,2094331
lacIp,0.1,9,9,ATTCATGTTACTCGTTTGGT,0,2094666
lacIp,0.1,9,9,ATTCACTATTTCAGTTGTGA,0,2096150
lacIp,0.1,9,9,ATTAGGTTATGTATCCAGCT,0,2097588
lacIp,0.1,9,9,ATGTGTTCTAGTCTTCCGGC,0,2085677
lacIp,0.1,9,9,ATGTCGATATGCTATTCAAC,0,2110092
lacIp,0.1,9,9,ATGTATCGCATAACTTAAGA,0,2117565
lacIp,0.1,9,9,ATGTACCGCGTACGCCCAAA,0,2107128
lacIp,0.1,9,9,ATGTAATGTGTCAAGCGTCA,0,2113735
lacIp,0.1,9,9,ATGGTCTTTGACGAAGTGGA,0,2099877
lacIp,0.1,9,9,ATGGAGGCATTACGCCTAGC,0,2101583
lacIp,0.1,9,9,ATGCGAACTATAACTGGGTC,0,2093973
lacIp,0.1,9,9,ATGCCATCTGTGTACCTAGA,0,2092892
lacIp,0.1,9,9,ATGCATCTAGAAGCGGGAAC,0,2106185
lacIp,0.1,9,9,ATGCAGTTAGAGTCGTATCC,0,2107012
lacIp,0.1,9,9,ATGAAAGCCTTATGGGCTTC,0,2101074
lacIp,0.1,9,9,ATCTCTTATATCGCGCTGGC,0,2095558
lacIp,0.1,9,9,ATCTAGCCCTGCACGCTGGC,0,2109434
lacIp,0.1,9,9,ATCGGCAGCTGAGACAAGCT,0,2103148
lacIp,0.1,9,9,ATCCACCATAGGAGTGTGAA,0,2106288
lacIp,0.1,9,9,ATCAGCCCACGGCCCTCTGG,0,2093933
lacIp,0.1,9,9,ATCAGCCAAGCGATCACGCA,0,2089261
lacIp,0.1,9,9,ATCACCGAACCAGCGTTAGT,0,2110310
lacIp,0.1,9,9,ATATTGGCATGTATCGCCTA,0,2099445
lacIp,0.1,9,9,ATATGCGCCACGCGCGTAAC,0,2086729
lacIp,0.1,9,9,ATATCCGCAGGTCCTTCACT,0,2104998
lacIp,0.1,9,9,ATATACCGACTGGCATCAAC,0,2114870
lacIp,0.1,9,9,ATAGTTAACTGGGGACCTCG,0,2108742
lacIp,0.1,9,9,ATAGTGGTTTGAGATGAGAG,0,2099625
lacIp,0.1,9,9,ATAGTCTAGCTTGAGGCGGG,0,2092780
lacIp,0.1,9,9,ATACTCTTAACCAATATGGG,0,2093277
lacIp,0.1,9,9,ATACCCGGGATGACATGGCA,0,2113506
lacIp,0.1,9,9,ATAATTATGGGGGTGTACTC,0,2122192
lacIp,0.1,9,9,ATAATGTCGCTTGATAGAAT,0,2110208
lacIp,0.1,9,9,ATAACGCGGACGTCGTGAAC,0,2099809
lacIp,0.1,9,9,AGTTTTATGGTTCGGCAGGG,0,2105797
lacIp,0.1,9,9,AGTTTAATCCGCTACTATTT,0,2107298
lacIp,0.1,9,9,AGTTGGTGGGTGCACTCTTC,0,2107908
lacIp,0.1,9,9,AGTTCGGGGGCGCAGAAGAT,0,2110905
lacIp,0.1,9,9,AGTCGGGCAAAGACCGTAAG,0,2121048
lacIp,0.1,9,9,AGTACCTTGTAGTGGGAGGA,0,2085934
lacIp,0.1,9,9,AGGTTTCCAGGAGCACCCCC,0,2110922
lacIp,0.1,9,9,AGGTCTGAACATCTTCGTAT,0,2102878
lacIp,0.1,9,9,AGGGCATCTCCGTTTCATTG,0,2106255
lacIp,0.1,9,9,AGGCCAGGAGAAGCCGAGTG,0,2105800
lacIp,0.1,9,9,AGGATAGGGGTCGGGGTCTG,0,2115866
lacIp,0.1,9,9,AGGACTTGAACTCAGCGTCT,0,2120984
lacIp,0.1,9,9,AGCTCGGAATTCTGGAAGAT,0,2114712
lacIp,0.1,9,9,AGCTATCCAATAGATGGCAT,0,2096157
lacIp,0.1,9,9,AGCTAAGCGGAGCGCACGCC,0,2117735
lacIp,0.1,9,9,AGCGTAGATACTGGCTGCGA,0,2119072
lacIp,0.1,9,9,AGCGGCGATTCGGAAACAAA,0,2115944
lacIp,0.1,9,9,AGCGCTTCGTATTGTCACTA,0,2088927
lacIp,0.1,9,9,AGCCGGTGTAGTTATTGGTA,0,2117867
lacIp,0.1,9,9,AGCAGGGTTCATGACCGGAG,0,2085883
lacIp,0.1,9,9,AGCACGTGCGCGAGGCGGTA,0,2110127
lacIp,0.1,9,9,AGCACCCGGAGTGCGGAGAA,0,2096894
lacIp,0.1,9,9,AGCAAGGTATATTGTACACG,0,2089690
lacIp,0.1,9,9,AGATACACTGGAACGGGTTG,0,2102958
lacIp,0.1,9,9,AGAGTGCGTACGTTCCCTCC,0,2085739
lacIp,0.1,9,9,AGAGACCCAGTATGAGTGCA,0,2096449
lacIp,0.1,9,9,AGACCATGCTAATTTGTAGC,0,2092189
lacIp,0.1,9,9,AGACCAGTGTTAGCGGAGTA,0,2105875
lacIp,0.1,9,9,AGAAGGTATGACACCTCTAG,0,2097397
lacIp,0.1,9,9,AGAAAAGTGCAGGCGAGGCA,0,2086410
lacIp,0.1,9,9,ACTTAAGCGGTCCTGATCAG,0,2093558
lacIp,0.1,9,9,ACTGATCGCTCGACCGGGCG,0,2095786
lacIp,0.1,9,9,ACTGACAGGTATTTTATGTA,0,2111986
lacIp,0.1,9,9,ACTGAAGTACATCCGGTACC,0,2108472
lacIp,0.1,9,9,ACGTGCGGAGTATATACACA,0,2113458
lacIp,0.1,9,9,ACGTCCCCTCACTGCCTCAC,0,2113937
lacIp,0.1,9,9,ACGTACTTAAATGTGATCCG,0,2092116
lacIp,0.1,9,9,ACGGCCTAGGCCCTCCCCAA,0,2121394
lacIp,0.1,9,9,ACGAGTATAAATTTCCTGGC,0,2095470
lacIp,0.1,9,9,ACCGGGGTAGAACATGAGGA,0,2108393
lacIp,0.1,9,9,ACCGCAAGGCCAGACAGTAT,0,2121999
lacIp,0.1,9,9,ACCCTGTCATAGGCGCCCTT,0,2103441
lacIp,0.1,9,9,ACCAGCTACGGAGCCCGCCA,0,2114424
lacIp,0.1,9,9,ACATCGCTAGCACGGTTTGT,0,2093433
lacIp,0.1,9,9,ACATCCGTGACAGCCACCTT,0,2091886
lacIp,0.1,9,9,ACACTAACATCGGAAGCGTA,0,2107189
lacIp,0.1,9,9,ACACGCACCCTGATTCCTTA,0,2103830
lacIp,0.1,9,9,ACACATGATCAGGATAGAGG,0,2087056
lacIp,0.1,9,9,ACACAGTTTGGGATCTCCAG,0,2093665
lacIp,0.1,9,9,ACAAACTTCCCCCTGTTAAA,0,2105308
lacIp,0.1,9,9,ACAAAATAGAGAGACGGCGC,0,2091902
lacIp,0.1,9,9,AATTAAATAATCAAACCAGA,0,2120648
lacIp,0.1,9,9,AATAGCTTCCGCACATGGTA,0,2105933
lacIp,0.1,9,9,AATAAGCGGCCTTCAATAAT,0,2107138
lacIp,0.1,9,9,AAGTGGGGGTCTAAAAGTTG,0,2108613
lacIp,0.1,9,9,AAGTGCTAAACCGTTGTAGT,0,2116442
lacIp,0.1,9,9,AAGGGCCGCGAATCGGCGCC,0,2108710
lacIp,0.1,9,9,AAGCTGAGTGGTCAGGGGCC,0,2100652
lacIp,0.1,9,9,AAGATCTCGCGTACATCTCC,0,2093730
lacIp,0.1,9,9,AAGAATCCCTTGGTTTTGGA,0,2088478
lacIp,0.1,9,9,AAGAATAATAGAACCTGTAC,0,2106090
lacIp,0.1,9,9,AACTTGAAGCTTTTGTGGTC,0,2095956
lacIp,0.1,9,9,AACTTCCATGCGCATAGCTA,0,2100714
lacIp,0.1,9,9,AACTGATGGTCGTAATCGGA,0,2089470
lacIp,0.1,9,9,AACGTCTGAAAACTAATCCA,0,2095012
lacIp,0.1,9,9,AACGTATGCTGTCTATTTTT,0,2121898
lacIp,0.1,9,9,AACGGACACCATCATGAAAC,0,2087129
lacIp,0.1,9,9,AACCCCCAAAGCGATTCAAC,0,2090262
lacIp,0.1,9,9,AACCCACACGTCAACTTATC,0,2116979
lacIp,0.1,9,9,AACATATGGAATCCGAGACT,0,2096351
lacIp,0.1,9,9,AACAAAAACCGAACACCTCA,0,2100295
lacIp,0.1,9,9,AAAGTGACCATCCTACGACA,0,2110696
lacIp,0.1,9,9,AAAGACTCGCGGATTCTCGC,0,2090766
lacIp,0.1,9,9,AAACTTACATGGTCCGGATG,0,2113204
lacIp,0.1,9,9,AAACTCCTTTGAGCATATTG,0,2096110
lacIp,0.1,9,9,AAACCCATACTATCGTAGTG,0,2108518
lacIp,0.1,9,9,AAAATTGTGAAGGATGGTAG,0,2121620
lacIp,0.1111111111111111,8,8,TTTTACTATAAACTCCATAA,0,2090660
lacIp,0.1111111111111111,8,8,TTTTAATACCTACTTGTATA,0,2117931
lacIp,0.1111111111111111,8,8,TTTGCCCGCTAGGGCCGTGA,0,2095432
lacIp,0.1111111111111111,8,8,TTTCGGTGCGTTGTAGTGGT,0,2110039
lacIp,0.1111111111111111,8,8,TTTCCCATTAGGTAGCCACA,0,2112043
lacIp,0.1111111111111111,8,8,TTTCATGCATGTCAACGGCT,0,2095878
lacIp,0.1111111111111111,8,8,TTTATGACACTCGACCCTAG,0,2104435
lacIp,0.1111111111111111,8,8,TTTAGTTTTGTACAAGAGGC,0,2095554
lacIp,0.1111111111111111,8,8,TTGTTCAAGACCTCTAGAAA,0,2112916
lacIp,0.1111111111111111,8,8,TTGTGTTCCTTATCCTGGCC,0,2100631
lacIp,0.1111111111111111,8,8,TTGTGCCCTCTATGCCTCCG,0,2109062
lacIp,0.1111111111111111,8,8,TTGGTGTTCGGGTAAATGCG,0,2091857
lacIp,0.1111111111111111,8,8,TTGGGTGTGACAGCACTGGT,0,2093071
lacIp,0.1111111111111111,8,8,TTGGCTAGGTCGGATTTGAT,0,2098350
lacIp,0.1111111111111111,8,8,TTGGCACTTTACTTCGGGTT,0,2106829
lacIp,0.1111111111111111,8,8,TTGCTTTTCCATCCCCCCGT,0,2092072
lacIp,0.1111111111111111,8,8,TTGCAGCATTCTCTCTGGGA,0,2112248
lacIp,0.1111111111111111,8,8,TTGACGTCTACACCCTGTCA,0,2088952
lacIp,0.1111111111111111,8,8,TTCTTCTTTAGGAGTTATTC,0,2100065
lacIp,0.1111111111111111,8,8,TTCTTAATCTTAGGTTGGAC,0,2089633
lacIp,0.1111111111111111,8,8,TTCGATAAGGTTCCCTACAT,0,2109511
lacIp,0.1111111111111111,8,8,TTCCGGTTCGGTGAGAGACA,0,2091110
lacIp,0.1111111111111111,8,8,TTAGTGGCGATCCGGCAAAC,0,2113469
lacIp,0.1111111111111111,8,8,TTAGCTGTTAATCAGCAGGC,0,2116148
lacIp,0.1111111111111111,8,8,TTAGAGTGTATAGAACCATC,0,2086084
lacIp,0.1111111111111111,8,8,TTACTCGCTACATCATCGAG,0,2087706
lacIp,0.1111111111111111,8,8,TTACGATCCCCGGTACATGA,0,2118469
lacIp,0.1111111111111111,8,8,TTAACGTAAGAAAGTTGAAT,0,2096020
lacIp,0.1111111111111111,8,8,TTAACCGTGTAGTGAATAAG,0,2115333
lacIp,0.1111111111111111,8,8,TGTTCAGGTCCGACGATTAT,0,2109640
lacIp,0.1111111111111111,8,8,TGTTAGACAGGAGCACGGAA,0,2101995
lacIp,0.1111111111111111,8,8,TGTCGCGACTCGAGTAGCTG,0,2089612
lacIp,0.1111111111111111,8,8,TGTCAGGGATGCCTATTAAA,0,2119664
lacIp,0.1111111111111111,8,8,TGTAGTTGCGATAGAATGAT,0,2115494
lacIp,0.1111111111111111,8,8,TGTAGCTGTCGTAGCCGTAG,0,2118069
lacIp,0.1111111111111111,8,8,TGTACATTTCCGCGCGATAT,0,2115656
lacIp,0.1111111111111111,8,8,TGGTTGTGGGGTCCGTGATT,0,2089421
lacIp,0.1111111111111111,8,8,TGGTAGCGGTCTGATCAAAA,0,2107758
lacIp,0.1111111111111111,8,8,TGGGTGTAAAGTCTGACAAA,0,2115911
lacIp,0.1111111111111111,8,8,TGGGGCCATGCTAATCATAG,0,2095981
lacIp,0.1111111111111111,8,8,TGGCCCCTTCCGTCATATGT,0,2086512
lacIp,0.1111111111111111,8,8,TGGACGAGTACGTCGGGGAT,0,2101985
lacIp,0.1111111111111111,8,8,TGCTTAGCATATTGTACCAA,0,2110748
lacIp,0.1111111111111111,8,8,TGCTGGCTGCTGATTTTCAA,0,2095173
lacIp,0.1111111111111111,8,8,TGCTCTGAGGGATACTCCTA,0,2115708
lacIp,0.1111111111111111,8,8,TGCGGGAGAGGGTGGTTGGG,0,2106095
lacIp,0.1111111111111111,8,8,TGCGCGGCTTGCAGTAGAGT,0,2112495
lacIp,0.1111111111111111,8,8,TGCGCATGTGAAACCCGCAT,0,2119955
lacIp,0.1111111111111111,8,8,TGCATACCGGGGACGAGTCT,0,2103608
lacIp,0.1111111111111111,8,8,TGATTTCGGCTCAGATGTAC,0,2102847
lacIp,0.1111111111111111,8,8,TGATGGGGTGTCGATCGGAA,0,2118607
lacIp,0.1111111111111111,8,8,TGAGTCCGGTAACACACACC,0,2107958
lacIp,0.1111111111111111,8,8,TGAGTACGGTCAAGAATGAC,0,2107480
lacIp,0.1111111111111111,8,8,TGAGACTACCAAATCGGTGT,0,2119866
lacIp,0.1111111111111111,8,8,TGACGCGTTATAATGCCATT,0,2089205
lacIp,0.1111111111111111,8,8,TGACCATCGCTTGGGCATAC,0,2097875
lacIp,0.1111111111111111,8,8,TGACAAATATTATCCTTAAT,0,2121822
lacIp,0.1111111111111111,8,8,TGAATACCTATAAAACTACT,0,2119581
lacIp,0.1111111111111111,8,8,TCTTGTACGTGCCACGCTGG,0,2109656
lacIp,0.1111111111111111,8,8,TCTTAGTCATATCCCTGTGT,0,2111426
lacIp,0.1111111111111111,8,8,TCTTAATGGCGCGACGCTTA,0,2110490
lacIp,0.1111111111111111,8,8,TCTGTATCAATGGCCCTAGG,0,2103658
lacIp,0.1111111111111111,8,8,TCTGAGAGTGGCGCGATGGT,0,2100645
lacIp,0.1111111111111111,8,8,TCTCCGGCGGACCCGGTGGA,0,2112524
lacIp,0.1111111111111111,8,8,TCTCCATAGGAGGCCATAAA,0,2098273
lacIp,0.1111111111111111,8,8,TCTACTACCGGGGCATAACT,0,2101291
lacIp,0.1111111111111111,8,8,TCGCGATTGTTTCTCCGCTG,0,2094824
lacIp,0.1111111111111111,8,8,TCGCCTGAGCAGAAGTGTTG,0,2100573
lacIp,0.1111111111111111,8,8,TCGCCGGCTGGAATCGAGGA,0,2101783
lacIp,0.1111111111111111,8,8,TCGACCCCGGTTCAAGTAAT,0,2095651
lacIp,0.1111111111111111,8,8,TCGAATCATGCAATTAAGAT,0,2099942
lacIp,0.1111111111111111,8,8,TCCTTCGGGGTCGCTGAAAA,0,2086636
lacIp,0.1111111111111111,8,8,TCCTAGTCTAGACTGGATGG,0,2101829
lacIp,0.1111111111111111,8,8,TCCGTCGTGCGCCTTGGAAC,0,2102583
lacIp,0.1111111111111111,8,8,TCCGTCCGTACGGGGGGCGT,0,2114928
lacIp,0.1111111111111111,8,8,TCCGTCCCTCGTAGGCCGAA,0,2089267
lacIp,0.1111111111111111,8,8,TCCGGGGTCATCCTGTATGC,0,2094692
lacIp,0.1111111111111111,8,8,TCCGCCTATCGGGAATCAGC,0,2088723
lacIp,0.1111111111111111,8,8,TCCCGTTACCCTCGGCTCGC,0,2101107
lacIp,0.1111111111111111,8,8,TCATCGTATACCTTAATTTG,0,2118246
lacIp,0.1111111111111111,8,8,TCAGCGCCTGGTGCAGATGA,0,2121105
lacIp,0.1111111111111111,8,8,TCACATCTGTTCTCCGGCTT,0,2087088
lacIp,0.1111111111111111,8,8,TCAATATCACGCCGTCGCGT,0,2118902
lacIp,0.1111111111111111,8,8,TCAACGCCCCAACGGGAATA,0,2085698
lacIp,0.1111111111111111,8,8,TCAAAGTAATGCTGGCTCTA,0,2112456
lacIp,0.1111111111111111,8,8,TATTTTAATCGGCGTGGAAT,0,2096172
lacIp,0.1111111111111111,8,8,TATTTCGTATACAACGGCCA,0,2092475
lacIp,0.1111111111111111,8,8,TATTTCACTCTGGAAATCCT,0,2115341
lacIp,0.1111111111111111,8,8,TATTATAGGCGCGAGCGAGA,0,2094630
lacIp,0.1111111111111111,8,8,TATTAATGGCGGGAGAGGAT,0,2089967
lacIp,0.1111111111111111,8,8,TATGTTATTCCATTGCGTTG,0,2118986
lacIp,0.1111111111111111,8,8,TATCTAGATGTTGGGACGAG,0,2119160
lacIp,0.1111111111111111,8,8,TATCGCGAGTGCTTGTGGCT,0,2106905
lacIp,0.1111111111111111,8,8,TATCAGTTCGGTCACGCGGC,0,2119852
lacIp,0.1111111111111111,8,8,TATCACCTCCCGGCGTGATG,0,2086943
lacIp,0.1111111111111111,8,8,TAGGGCCACCTCTTAGACCA,0,2113118
lacIp,0.1111111111111111,8,8,TAGGCGTTCTCCCCAGTGCT,0,2090172
lacIp,0.1111111111111111,8,8,TAGGCCATGCGATTTGAAGG,0,2116105
lacIp,0.1111111111111111,8,8,TAGCTTATTTTGTAGACGCT,0,2114059
lacIp,0.1111111111111111,8,8,TAGCTGTGATTCGTAAGGGC,0,2110361
lacIp,0.1111111111111111,8,8,TAGCCCCTGGTGAAGGACTC,0,2100794
lacIp,0.1111111111111111,8,8,TAGATTACTATTCCCTAAAA,0,2121897
lacIp,0.1111111111111111,8,8,TAGAGGTAGGTGATGGCGAC,0,2114427
lacIp,0.1111111111111111,8,8,TAGAAGGGCTGATTGTAATA,0,2103056
lacIp,0.1111111111111111,8,8,TAGAACTGGTATAAACTGCA,0,2113445
lacIp,0.1111111111111111,8,8,TAGAAAGCGACGAGACAAGC,0,2095375
lacIp,0.1111111111111111,8,8,TACGCAAGACCCCTCGGTTA,0,2091270
lacIp,0.1111111111111111,8,8,TACGATGATCCGCCATCATA,0,2099294
lacIp,0.1111111111111111,8,8,TACCTAAGATGCGGGAATAC,0,2105407
lacIp,0.1111111111111111,8,8,TACATGTCGAAGATTAGTTT,0,2094232
lacIp,0.1111111111111111,8,8,TAATACCAAGCACGGCTCGT,0,2096716
lacIp,0.1111111111111111,8,8,TAAGGTCAGGGTTTGCACTG,0,2116911
lacIp,0.1111111111111111,8,8,TAACCGAGGGCACGATATTA,0,2121363
lacIp,0.1111111111111111,8,8,TAAATAGGTGTTATCGAATA,0,2117971
lacIp,0.1111111111111111,8,8,TAAAGTTATTATACGAGATT,0,2111944
lacIp,0.1111111111111111,8,8,TAAAGGATAGTACTCAGAAA,0,2086381
lacIp,0.1111111111111111,8,8,GTTGGTGATGGCTGAAAACT,0,2093209
lacIp,0.1111111111111111,8,8,GTTGGGACCGCAATGTGTTC,0,2110104
lacIp,0.1111111111111111,8,8,GTTGCGCGACACACCCAAAG,0,2087685
lacIp,0.1111111111111111,8,8,GTTCTGTACGCGTCGCTGAT,0,2090331
lacIp,0.1111111111111111,8,8,GTTCTATCCCAGCCACCTCC,0,2111584
lacIp,0.1111111111111111,8,8,GTTCAGGCTTCACTGCTAGA,0,2119309
lacIp,0.1111111111111111,8,8,GTTAGTTTTGTCTTCACTCA,0,2087520
lacIp,0.1111111111111111,8,8,GTTAGCATCACAACCGCAGG,0,2094375
lacIp,0.1111111111111111,8,8,GTGTTGGGCAGAACGGGGTA,0,2117519
lacIp,0.1111111111111111,8,8,GTGTGGCACGTTGATTGTAC,0,2088290
lacIp,0.1111111111111111,8,8,GTGTAGACAGACTTGCACGT,0,2111439
lacIp,0.1111111111111111,8,8,GTGGCCGCGGAGGTAGGAAT,0,2111827
lacIp,0.1111111111111111,8,8,GTGCTTTATCGTTTTGAACA,0,2118179
lacIp,0.1111111111111111,8,8,GTGCGCATAAGGAAGGGGGA,0,2092823
lacIp,0.1111111111111111,8,8,GTGCCTCTATAGGTATTCCT,0,2113331
lacIp,0.1111111111111111,8,8,GTGCAGACGTCGGAAATTAA,0,2107241
lacIp,0.1111111111111111,8,8,GTGCAAGGAAGCATGCTTAG,0,2088812
lacIp,0.1111111111111111,8,8,GTGAAGATAGGCAACATGAG,0,2094026
lacIp,0.1111111111111111,8,8,GTGAACCGCGTGCCTGTCTA,0,2113146
lacIp,0.1111111111111111,8,8,GTCTGGATGCAAAACCGGTT,0,2111254
lacIp,0.1111111111111111,8,8,GTCTCCCGACCGCAGCAGCA,0,2108253
lacIp,0.1111111111111111,8,8,GTCGGAGGAGTGTGGGGTCG,0,2101661
lacIp,0.1111111111111111,8,8,GTCGCGCGCGCAGAAATGCG,0,2086564
lacIp,0.1111111111111111,8,8,GTCGATGCCCACGGCCGGTT,0,2106135
lacIp,0.1111111111111111,8,8,GTCCTGCAACAGTGGTGGCT,0,2113940
lacIp,0.1111111111111111,8,8,GTCCTACCCTTGATAGCCAT,0,2087229
lacIp,0.1111111111111111,8,8,GTCCCTTTGTATGCTTACCG,0,2107739
lacIp,0.1111111111111111,8,8,GTCCCTGAAGACTTTTAAAT,0,2113990
lacIp,0.1111111111111111,8,8,GTCATCAGGGTACTTAGTAT,0,2115546
lacIp,0.1111111111111111,8,8,GTCACGTTGAGGAACGGATT,0,2114786
lacIp,0.1111111111111111,8,8,GTCAAGCCTTCTGCGCATGA,0,2087350
lacIp,0.1111111111111111,8,8,GTAGATCAATCCCTGGCTTC,0,2093838
lacIp,0.1111111111111111,8,8,GTAGAGCAACTTCACAGATT,0,2097757
lacIp,0.1111111111111111,8,8,GTACCTGGCCTTATTCTTGT,0,2116415
lacIp,0.1111111111111111,8,8,GTACCATCGACAACGCCAAA,0,2114547
lacIp,0.1111111111111111,8,8,GTAATCGGCATTCGCTAACT,0,2097882
lacIp,0.1111111111111111,8,8,GTAAGTTTATTATCGATTTG,0,2103234
lacIp,0.1111111111111111,8,8,GTAACCGCAACAACCCTACG,0,2110557
lacIp,0.1111111111111111,8,8,GGTTCTAGGATAGCTACATC,0,2104252
lacIp,0.1111111111111111,8,8,GGTGTTACGTTGTCGAGTCA,0,2090880
lacIp,0.1111111111111111,8,8,GGTGTAAGTATTTCTGTGGT,0,2105130
lacIp,0.1111111111111111,8,8,GGTGCCCGTGAAGTGTTCAA,0,2107054
lacIp,0.1111111111111111,8,8,GGTGAGATCGCTTTATCGCT,0,2116081
lacIp,0.1111111111111111,8,8,GGTCCTAGTAATTCACTAAT,0,2099107
lacIp,0.1111111111111111,8,8,GGTCAGGTGCAGCGTCACGT,0,2108465
lacIp,0.1111111111111111,8,8,GGTACTTCTGTAGGCAGAGC,0,2095973
lacIp,0.1111111111111111,8,8,GGTAAGCTGGTTTGGGCCAT,0,2109137
lacIp,0.1111111111111111,8,8,GGGTCTGCGTTTCCCCGTAA,0,2114425
lacIp,0.1111111111111111,8,8,GGGTCCCACAGACCGCTGCA,0,2101817
lacIp,0.1111111111111111,8,8,GGGGCTTGTGCAGAGCCCCT,0,2113241
lacIp,0.1111111111111111,8,8,GGGGCTGCAGTGTCTCCGGT,0,2096605
lacIp,0.1111111111111111,8,8,GGGCTGAACGGCAACACCCT,0,2108610
lacIp,0.1111111111111111,8,8,GGGCATTGGGGATACACCGT,0,2116446
lacIp,0.1111111111111111,8,8,GGGATCATCAAAAATTACAT,0,2099925
lacIp,0.1111111111111111,8,8,GGCTTTTTTCTCCGTTCGGA,0,2091646
lacIp,0.1111111111111111,8,8,GGCTTTTCATTTAAGCATTT,0,2105432
lacIp,0.1111111111111111,8,8,GGCTTGTTAATAAAGCAGTG,0,2120946
lacIp,0.1111111111111111,8,8,GGCTTAAATGTGCCTGGCTA,0,2096196
lacIp,0.1111111111111111,8,8,GGCTCTCTTCATCGATGTGC,0,2110674
lacIp,0.1111111111111111,8,8,GGCGTACAGGCATTGGCACT,0,2106985
lacIp,0.1111111111111111,8,8,GGCGGCCAGGGATGGCACGT,0,2115629
lacIp,0.1111111111111111,8,8,GGCGGAATAATACAGCGAAC,0,2101181
lacIp,0.1111111111111111,8,8,GGATTGTGCCCAGTGGAACT,0,2098695
lacIp,0.1111111111111111,8,8,GGAGTATCGTGTGGACTTGG,0,2110644
lacIp,0.1111111111111111,8,8,GGACAGCAGTTGGGCAGGGG,0,2097639
lacIp,0.1111111111111111,8,8,GGACACCGCGACACCCCTGA,0,2119638
lacIp,0.1111111111111111,8,8,GGAAGGACAGAGCTACGTCC,0,2114651
lacIp,0.1111111111111111,8,8,GGAACCGGTCGGACTGGAGA,0,2087572
lacIp,0.1111111111111111,8,8,GCTTGTCGATATTACCCTCT,0,2113439
lacIp,0.1111111111111111,8,8,GCTTGCTCATTAAGTAATCC,0,2091297
lacIp,0.1111111111111111,8,8,GCTTAGGGGTAAAGAGAAGG,0,2092604
lacIp,0.1111111111111111,8,8,GCTGGGACTCGAGTGACGAA,0,2110314
lacIp,0.1111111111111111,8,8,GCTGGATAGGAACGCCGATA,0,2095286
lacIp,0.1111111111111111,8,8,GCTGACATGATTCTCTTCAA,0,2107510
lacIp,0.1111111111111111,8,8,GCTCTCGTCTCACCCTCACG,0,2115192
lacIp,0.1111111111111111,8,8,GCTCTCCTGTGGTAAGCGGA,0,2114395
lacIp,0.1111111111111111,8,8,GCTCGGTAAGTAATTATCCA,0,2115413
lacIp,0.1111111111111111,8,8,GCTCACGATTCTCACTCATG,0,2094461
lacIp,0.1111111111111111,8,8,GCTCACGATTAGAGTCTTGG,0,2104159
lacIp,0.1111111111111111,8,8,GCTATGCATAAGCCAACGCA,0,2087538
lacIp,0.1111111111111111,8,8,GCTAGGACCATGTCGCCCGT,0,2102765
lacIp,0.1111111111111111,8,8,GCTAGACATATTCATTGTAC,0,2104358
lacIp,0.1111111111111111,8,8,GCTAATCGATAGAGAGTCGA,0,2096237
lacIp,0.1111111111111111,8,8,GCTAATACAGACCGTGGCTT,0,2111630
lacIp,0.1111111111111111,8,8,GCTAAGGAACTCAGTACATA,0,2112650
lacIp,0.1111111111111111,8,8,GCGTATGATCCTCACTTTAA,0,2116726
lacIp,0.1111111111111111,8,8,GCGGGCGGTAGCACTAAAAA,0,2114917
lacIp,0.1111111111111111,8,8,GCGGGACCCGGGTATACCGG,0,2110838
lacIp,0.1111111111111111,8,8,GCGGCTTCGGCTCCTGGGCA,0,2098680
lacIp,0.1111111111111111,8,8,GCGCTATAATGAATGTGCGC,0,2119415
lacIp,0.1111111111111111,8,8,GCGACTGAAAAAACTTTGGC,0,2111656
lacIp,0.1111111111111111,8,8,GCCTTAGTGCGGTACGGGGT,0,2110245
lacIp,0.1111111111111111,8,8,GCCGAGTGAACACTACGGAA,0,2098503
lacIp,0.1111111111111111,8,8,GCCCATTGGGATATTAACTA,0,2107371
lacIp,0.1111111111111111,8,8,GCCATACATGGGCGTTGCGT,0,2101798
lacIp,0.1111111111111111,8,8,GCCACCTCTCCTCAATAGGG,0,2101135
lacIp,0.1111111111111111,8,8,GCATCATCAACCAAGACAAA,0,2102230
lacIp,0.1111111111111111,8,8,GCATCAGAACATTCCCAATT,0,2099419
lacIp,0.1111111111111111,8,8,GCAGGCATTCATCTGAACGA,0,2116374
lacIp,0.1111111111111111,8,8,GCAGATGTAAAAAGACTGTC,0,2120696
lacIp,0.1111111111111111,8,8,GCAGACTGGACACGTATTCT,0,2092972
lacIp,0.1111111111111111,8,8,GCACAGTGGCGATCGCCACC,0,2121769
lacIp,0.1111111111111111,8,8,GCAAACGCGCCAGTTCTGTT,0,2095567
lacIp,0.1111111111111111,8,8,GATTATAGGCCCGGGTGCAA,0,2106119
lacIp,0.1111111111111111,8,8,GATGTCTCAGGTGTCTACAT,0,2115854
lacIp,0.1111111111111111,8,8,GATCAACTATCGCAACGACT,0,2095176
lacIp,0.1111111111111111,8,8,GAGTTTGGCCATAGTGCGTT,0,2095819
lacIp,0.1111111111111111,8,8,GAGTGTAAGACCGTTCTGAC,0,2101161
lacIp,0.1111111111111111,8,8,GAGTGCACGCTTGGGGTGCC,0,2085899
lacIp,0.1111111111111111,8,8,GAGGATAATCGGCAGTGAGG,0,2101210
lacIp,0.1111111111111111,8,8,GAGGAGCAGTCCGGGAGGAT,0,2093738
lacIp,0.1111111111111111,8,8,GAGCGACCGGGCCCAGGGTT,0,2103029
lacIp,0.1111111111111111,8,8,GAGCCACCTTCACTCTTGGT,0,2086366
lacIp,0.1111111111111111,8,8,GAGAACTGGCTCAGTTTTGG,0,2095284
lacIp,0.1111111111111111,8,8,GACTTTAAAGAAGAATCGTC,0,2114138
lacIp,0.1111111111111111,8,8,GACGTTTTACCTTGGCCGTG,0,2090824
lacIp,0.1111111111111111,8,8,GACGCTGTTGGGGTAACGTA,0,2103226
lacIp,0.1111111111111111,8,8,GACGCTGTCGCCCCGCTGTC,0,2112777
lacIp,0.1111111111111111,8,8,GACGACTAGGGGACGACGAT,0,2121653
lacIp,0.1111111111111111,8,8,GACCAAATAAGGGTTGCACG,0,2088196
lacIp,0.1111111111111111,8,8,GACAGCCTATTACGCACTTT,0,2112744
lacIp,0.1111111111111111,8,8,GAATGGCGACCCGCATTCGC,0,2119695
lacIp,0.1111111111111111,8,8,GAATAAACAGTTCCGTTCAA,0,2111967
lacIp,0.1111111111111111,8,8,GAAGTTCGCACTTGAGTGCA,0,2100267
lacIp,0.1111111111111111,8,8,GAAGGGCGGGGTTGGGCAAA,0,2102708
lacIp,0.1111111111111111,8,8,GAAGGATACTGGCTCTGCCA,0,2113629
lacIp,0.1111111111111111,8,8,GAACGAATCCCGTGGCCTGT,0,2102413
lacIp,0.1111111111111111,8,8,GAACAGAAGGCCTGAACAAT,0,2117914
lacIp,0.1111111111111111,8,8,CTTGGTTTGCCTTTGATAGT,0,2104502
lacIp,0.1111111111111111,8,8,CTTGCTATCCATTTCGCTCG,0,2100231
lacIp,0.1111111111111111,8,8,CTTCTGGCTTGATATATGTA,0,2102293
lacIp,0.1111111111111111,8,8,CTTCAGGGCACTCTTGGTCG,0,2099225
lacIp,0.1111111111111111,8,8,CTTATGAATCTCGCCACCCT,0,2086177
lacIp,0.1111111111111111,8,8,CTTAATGCGTTCATTTTGTT,0,2094287
lacIp,0.1111111111111111,8,8,CTGTTCCCTTCCGGAAGGCT,0,2098746
lacIp,0.1111111111111111,8,8,CTGGTTTTCCTTCTTTTAAA,0,2112364
lacIp,0.1111111111111111,8,8,CTGGTTTACTACCCACCAAT,0,2101037
lacIp,0.1111111111111111,8,8,CTGGTCATCGCGGATGCACT,0,2111331
lacIp,0.1111111111111111,8,8,CTGGGGTGAGCGAACGACTC,0,2099156
lacIp,0.1111111111111111,8,8,CTGCTAGATGCGTGTTTAGG,0,2107827
lacIp,0.1111111111111111,8,8,CTGCGTGGATCAGGAAGGTC,0,2117371
lacIp,0.1111111111111111,8,8,CTGCGGGACGTGTGCTCAGT,0,2089170
lacIp,0.1111111111111111,8,8,CTGCCTCGTTGTACGCGATT,0,2120673
lacIp,0.1111111111111111,8,8,CTGCCTAAACGATTGCTAGC,0,2119569
lacIp,0.1111111111111111,8,8,CTGATGAGTCTGGGACCCAC,0,2108670
lacIp,0.1111111111111111,8,8,CTGACTTGAATCGTATCTAA,0,2117510
lacIp,0.1111111111111111,8,8,CTCTAGTTTTTATAGCGCCA,0,2088940
lacIp,0.1111111111111111,8,8,CTCGCGCATAGGATGCGGCT,0,2122088
lacIp,0.1111111111111111,8,8,CTCCAAAAAAATAGTTCCGA,0,2110318
lacIp,0.1111111111111111,8,8,CTCAGTGCGTCGTCACTATA,0,2117176
lacIp,0.1111111111111111,8,8,CTCAGTGCCCGCTCTTGACA,0,2107017
lacIp,0.1111111111111111,8,8,CTCAGGTACACGACCGAATT,0,2099467
lacIp,0.1111111111111111,8,8,CTCACCCAAAACGGGCAAGT,0,2091618
lacIp,0.1111111111111111,8,8,CTCAACCTAAGGAAACCACG,0,2100390
lacIp,0.1111111111111111,8,8,CTATTCTCCCGGAAGGCGCG,0,2105135
lacIp,0.1111111111111111,8,8,CTAGGGTGGAAGACACAGGA,0,2091681
lacIp,0.1111111111111111,8,8,CTACGGCAGCGGACAGACCT,0,2086015
lacIp,0.1111111111111111,8,8,CTAATTGTTCGTGAAGAGTT,0,2117161
lacIp,0.1111111111111111,8,8,CTAATTCAGACGGAAGCCCT,0,2099517
lacIp,0.1111111111111111,8,8,CGTTGAGATGGCAATATTGG,0,2085823
lacIp,0.1111111111111111,8,8,CGTTGACGTGATGAGTAGTC,0,2118575
lacIp,0.1111111111111111,8,8,CGTTCGGACTTCTTTATGTT,0,2121323
lacIp,0.1111111111111111,8,8,CGTTCGATTGGGCCTAGACT,0,2110213
lacIp,0.1111111111111111,8,8,CGTTAGAAACCAAAGAGCTA,0,2089092
lacIp,0.1111111111111111,8,8,CGTGTAGAATTGTGGCGAAT,0,2088650
lacIp,0.1111111111111111,8,8,CGTCTGCATCGTCATCCAGA,0,2101379
lacIp,0.1111111111111111,8,8,CGTCGAAGCCCATGGTTCAT,0,2114817
lacIp,0.1111111111111111,8,8,CGTAGACAGGTCCAATAAAG,0,2091542
lacIp,0.1111111111111111,8,8,CGTAAGCGCTGCGACGTCTG,0,2107957
lacIp,0.1111111111111111,8,8,CGGTATAACGGAAATCACTT,0,2094370
lacIp,0.1111111111111111,8,8,CGGGTCACAGTGGGGGCGGG,0,2111504
lacIp,0.1111111111111111,8,8,CGGGGCTTCCTAATACAATA,0,2107870
lacIp,0.1111111111111111,8,8,CGGGGAGTAATAGGATGCTA,0,2090569
lacIp,0.1111111111111111,8,8,CGGGCGGCCCTTAACCAACC,0,2090606
lacIp,0.1111111111111111,8,8,CGGGACAATGATCCAGCCAC,0,2088827
lacIp,0.1111111111111111,8,8,CGGCACAAGAGCAAGGTTAG,0,2098969
lacIp,0.1111111111111111,8,8,CGCTGGAAAAGGAGTATGTT,0,2086147
lacIp,0.1111111111111111,8,8,CGCTCGAATCGACTCATCAA,0,2113785
lacIp,0.1111111111111111,8,8,CGCGTCTGGAACGATCGTGT,0,2090475
lacIp,0.1111111111111111,8,8,CGCGTAATTGAAAAGGAGCA,0,2090046
lacIp,0.1111111111111111,8,8,CGCCTCGTGGCCTATATTAC,0,2100934
lacIp,0.1111111111111111,8,8,CGCCAATCCCAGAAGCAGTC,0,2087248
lacIp,0.1111111111111111,8,8,CGCAGCGGCGCAAAATATGG,0,2088716
lacIp,0.1111111111111111,8,8,CGATTTTGAGCCCAACGTTA,0,2099599
lacIp,0.1111111111111111,8,8,CGATCAACTTACGGTCATTA,0,2120492
lacIp,0.1111111111111111,8,8,CGATAGTAAGACAGTCATTT,0,2103664
lacIp,0.1111111111111111,8,8,CGAGGTATTTTATAGTACTT,0,2120331
lacIp,0.1111111111111111,8,8,CGAGACACCGCCTCCACAAA,0,2098619
lacIp,0.1111111111111111,8,8,CGACTATCGCGCCCACTCAT,0,2111180
lacIp,0.1111111111111111,8,8,CGACGCGTCTTTAATCGATG,0,2106994
lacIp,0.1111111111111111,8,8,CCTTGTAGTGTTCTCTTAGC,0,2089811
lacIp,0.1111111111111111,8,8,CCTTGCCCATCATGCTCAGC,0,2099865
lacIp,0.1111111111111111,8,8,CCTTACGCGGGGATTCCCTG,0,2111200
lacIp,0.1111111111111111,8,8,CCTGTCTGAAACGATCCGTG,0,2107674
lacIp,0.1111111111111111,8,8,CCTGCCTGCGGTGTCACGCG,0,2100178
lacIp,0.1111111111111111,8,8,CCTCTGCCGATTAGCAACAG,0,2096401
lacIp,0.1111111111111111,8,8,CCTCCATTTGCTTTGCACGT,0,2117681
lacIp,0.1111111111111111,8,8,CCTATTAACCAAAATGCCGT,0,2109823
lacIp,0.1111111111111111,8,8,CCTATCGCTTGCATGCACGT,0,2105931
lacIp,0.1111111111111111,8,8,CCTACGCTCTGTCTCTCTAG,0,2108337
lacIp,0.1111111111111111,8,8,CCTACCCGTATCGATATCTC,0,2104504
lacIp,0.1111111111111111,8,8,CCGTGCTTTAGAGGCGCTAA,0,2095531
lacIp,0.1111111111111111,8,8,CCGGTAGTATCGGGGCGTAG,0,2086375
lacIp,0.1111111111111111,8,8,CCGGTAATGAGTCTTTCGAA,0,2100021
lacIp,0.1111111111111111,8,8,CCGGGTCTGCCACCAAAGTA,0,2107515
lacIp,0.1111111111111111,8,8,CCGGCATACCCTCGCAGGAT,0,2087557
lacIp,0.1111111111111111,8,8,CCGCTTATTCTCGGAGCGAC,0,2103592
lacIp,0.1111111111111111,8,8,CCGACAGTGAAGGTGCGTTC,0,2104045
lacIp,0.1111111111111111,8,8,CCGACACGTGGTTAACCTAT,0,2103034
lacIp,0.1111111111111111,8,8,CCGAACCATAGCGTCGCGAT,0,2097857
lacIp,0.1111111111111111,8,8,CCCTTAAATGGAACTTCAAC,0,2099307
lacIp,0.1111111111111111,8,8,CCCTCACAGGGGCTGGCACT,0,2092148
lacIp,0.1111111111111111,8,8,CCCGTAGTCGAGAAAACGTC,0,2096215
lacIp,0.1111111111111111,8,8,CCCGGTGCGATCGCTCACAT,0,2090608
lacIp,0.1111111111111111,8,8,CCCGCTTATTCAGCTTAGTG,0,2115470
lacIp,0.1111111111111111,8,8,CCCCAGATTTTACACGAGCA,0,2107345
lacIp,0.1111111111111111,8,8,CCCACCGCGACACTATGGCG,0,2095469
lacIp,0.1111111111111111,8,8,CCCACACCAGTTTGGCCACG,0,2087238
lacIp,0.1111111111111111,8,8,CCCAACTCGCAGGCGGATAA,0,2107764
lacIp,0.1111111111111111,8,8,CCATTATGCGCATGTCGTTA,0,2099053
lacIp,0.1111111111111111,8,8,CCATTACAAGAGTCACGGGA,0,2095775
lacIp,0.1111111111111111,8,8,CCATCTACGGTATGAGATAG,0,2108916
lacIp,0.1111111111111111,8,8,CCAGCGGCATAGTCCTATCC,0,2091550
lacIp,0.1111111111111111,8,8,CCACGAAGTCGCCATCTGAG,0,2097908
lacIp,0.1111111111111111,8,8,CCACCTTCTGTTTTTCACCA,0,2093800
lacIp,0.1111111111111111,8,8,CATGCATTCACTTAGTTAGC,0,2119821
lacIp,0.1111111111111111,8,8,CATCGCGTTGTGGAATGCGC,0,2088265
lacIp,0.1111111111111111,8,8,CATCCGTGAAAGCTGCCGAG,0,2098072
lacIp,0.1111111111111111,8,8,CATAGATGGATTTGGGCAAC,0,2106272
lacIp,0.1111111111111111,8,8,CATACTGTAAGTGGCACCCT,0,2113891
lacIp,0.1111111111111111,8,8,CATACGGACTGGATGTCACT,0,2094617
lacIp,0.1111111111111111,8,8,CATAAGTGATAGCAATCTAA,0,2090192
lacIp,0.1111111111111111,8,8,CAGTGATAGACAACGACTCG,0,2095580
lacIp,0.1111111111111111,8,8,CAGTGAATCTGAGAAGAAAC,0,2115727
lacIp,0.1111111111111111,8,8,CAGGAATATTAGTAGACGCA,0,2103222
lacIp,0.1111111111111111,8,8,CAGAGCCCCTTTAAGATCAG,0,2122137
lacIp,0.1111111111111111,8,8,CAGAAAAAGGGATCTCGGTA,0,2109098
lacIp,0.1111111111111111,8,8,CACTTTTACTAATTCGTTTA,0,2108557
lacIp,0.1111111111111111,8,8,CACTCGGGTGTTTCGCGACT,0,2104912
lacIp,0.1111111111111111,8,8,CACTCAATAGCTCGGCCCGA,0,2096491
lacIp,0.1111111111111111,8,8,CACGGCAGATATGTGTTCCT,0,2099661
lacIp,0.1111111111111111,8,8,CACCGAATAGGACCAGATTG,0,2111688
lacIp,0.1111111111111111,8,8,CACCCTCTCAGAATTCGGGA,0,2094540
lacIp,0.1111111111111111,8,8,CACATTAATACATAGTTTCC,0,2087559
lacIp,0.1111111111111111,8,8,CAATCCGCAATTGGTAGATT,0,2086682
lacIp,0.1111111111111111,8,8,CAAGCACTCAGGATGTCGGG,0,2091131
lacIp,0.1111111111111111,8,8,CAAGAGGGTCGTTAAGGCTG,0,2109603
lacIp,0.1111111111111111,8,8,CAAGAGGACTAATTAACCTA,0,2119245
lacIp,0.1111111111111111,8,8,CAACGGGTGACTACGCGGCT,0,2113227
lacIp,0.1111111111111111,8,8,CAACGCTTTAGGTGGCGCAT,0,2108611
lacIp,0.1111111111111111,8,8,CAACAGTCGCGGATTATTGA,0,2115116
lacIp,0.1111111111111111,8,8,CAACACGTAGTGAGTGGATA,0,2095174
lacIp,0.1111111111111111,8,8,CAAATGATGCCTCCGACTTA,0,2114720
lacIp,0.1111111111111111,8,8,CAAACGCTGCGTGGGCGTTA,0,2102964
lacIp,0.1111111111111111,8,8,CAAACGCCCACCAAACACTT,0,2119488
lacIp,0.1111111111111111,8,8,CAAAAAGAGAGGGGGAGAGC,0,2120857
lacIp,0.1111111111111111,8,8,ATTTTTTGTACCAGTAGAGC,0,2092299
lacIp,0.1111111111111111,8,8,ATTTGTTACGAAGAATTATC,0,2112754
lacIp,0.1111111111111111,8,8,ATTTGGGGCGTGCCCTCGCC,0,2104884
lacIp,0.1111111111111111,8,8,ATTGTTCTCAACGATACGGT,0,2101356
lacIp,0.1111111111111111,8,8,ATTGTCCCGAGTGCACAAGT,0,2101228
lacIp,0.1111111111111111,8,8,ATTGTAAAATCCGACCAACA,0,2112365
lacIp,0.1111111111111111,8,8,ATTGGCAACAAGGAGTGGTA,0,2096538
lacIp,0.1111111111111111,8,8,ATTCACGAGCGCGACCAATG,0,2100599
lacIp,0.1111111111111111,8,8,ATTCAAGCTTGATCGATCAT,0,2106871
lacIp,0.1111111111111111,8,8,ATTATTCATACACGACAATG,0,2097596
lacIp,0.1111111111111111,8,8,ATTATGCCCAAACAAGGATA,0,2103823
lacIp,0.1111111111111111,8,8,ATGGTTAGAAACAAAGCGCA,0,2105510
lacIp,0.1111111111111111,8,8,ATGGGCAGAAATCGTAGGGT,0,2114891
lacIp,0.1111111111111111,8,8,ATGCTTGCTACCGCCCAGGG,0,2115171
lacIp,0.1111111111111111,8,8,ATGCTGACCGCATAAATCAA,0,2114347
lacIp,0.1111111111111111,8,8,ATGCATGGGAGACGCCAAAG,0,2120982
lacIp,0.1111111111111111,8,8,ATCTATCAGGACCGGAATTA,0,2120718
lacIp,0.1111111111111111,8,8,ATCTACTCTCTCATGGAGGC,0,2117098
lacIp,0.1111111111111111,8,8,ATCTAAACGGACTGCGCAGG,0,2109459
lacIp,0.1111111111111111,8,8,ATCGTTTTGTAGCAACATGG,0,2092681
lacIp,0.1111111111111111,8,8,ATCGCGGAAATGGTTGCTCC,0,2111772
lacIp,0.1111111111111111,8,8,ATCCTTAGATTCTCTCAGGT,0,2102149
lacIp,0.1111111111111111,8,8,ATCCGATGCTCATAATTTTC,0,2090719
lacIp,0.1111111111111111,8,8,ATATGTCGTATTTTCAAAAG,0,2121058
lacIp,0.1111111111111111,8,8,ATATATAGACTCGAGTACAA,0,2107946
lacIp,0.1111111111111111,8,8,ATAGCTCTCTTTTCTTTAGT,0,2108851
lacIp,0.1111111111111111,8,8,ATAGCACCGAGATCTGTTTG,0,2110575
lacIp,0.1111111111111111,8,8,ATAGCAACATAGAGGGGGCA,0,2105946
lacIp,0.1111111111111111,8,8,ATACTGTGTTTCGTTTGTCC,0,2119421
lacIp,0.1111111111111111,8,8,ATACTCGGGAACAAATACAC,0,2108999
lacIp,0.1111111111111111,8,8,ATAATGACAGATACCGCTTT,0,2097240
lacIp,0.1111111111111111,8,8,ATAAGACGATCAGTATCCAC,0,2101225
lacIp,0.1111111111111111,8,8,AGTTCTTAACACGAGATGTA,0,2099054
lacIp,0.1111111111111111,8,8,AGTTCGGACGGGCGATCCAT,0,2116222
lacIp,0.1111111111111111,8,8,AGTGTGAGTGAGCTAATAAC,0,2120638
lacIp,0.1111111111111111,8,8,AGTGTAACAAGTACAGGTTC,0,2110868
lacIp,0.1111111111111111,8,8,AGTGCTTGTGTTTCGTGAAG,0,2120412
lacIp,0.1111111111111111,8,8,AGTGCGGGAAATCTTAAGCC,0,2104531
lacIp,0.1111111111111111,8,8,AGTCATTGTAGCAGCAGTTC,0,2107297
lacIp,0.1111111111111111,8,8,AGTCACCCTAGAGTAGTCGG,0,2088042
lacIp,0.1111111111111111,8,8,AGTAATCTGCCTTCATATCA,0,2117410
lacIp,0.1111111111111111,8,8,AGTAACTTGTACAAACAGAC,0,2087194
lacIp,0.1111111111111111,8,8,AGGTTTGTCCTCCATCCATA,0,2090531
lacIp,0.1111111111111111,8,8,AGGCTTCGCCGCAGAGATGT,0,2113668
lacIp,0.1111111111111111,8,8,AGGCGTGCATCCTCCCGGAC,0,2091501
lacIp,0.1111111111111111,8,8,AGGCGCCGAAGTATGGGGTG,0,2097840
lacIp,0.1111111111111111,8,8,AGGCCTACAGTGACCGTCTG,0,2093415
lacIp,0.1111111111111111,8,8,AGGATCTGTACACTCAGCTT,0,2111452
lacIp,0.1111111111111111,8,8,AGCTTAATGTTGCCTCTCTA,0,2107052
lacIp,0.1111111111111111,8,8,AGCTGATTTTTATCCCCCTA,0,2107617
lacIp,0.1111111111111111,8,8,AGCGGACCCACATGCTAAGG,0,2108993
lacIp,0.1111111111111111,8,8,AGCGAACAACCGGAACTGAG,0,2088257
lacIp,0.1111111111111111,8,8,AGCAGGCAGCGATTAAACGA,0,2106893
lacIp,0.1111111111111111,8,8,AGCAGCTTTATATGCATGAA,0,2116055
lacIp,0.1111111111111111,8,8,AGCACAGGAGCGAGCAGCCT,0,2116588
lacIp,0.1111111111111111,8,8,AGACTTCACGGGTTCGCTAT,0,2097384
lacIp,0.1111111111111111,8,8,AGACCAGCGCGGGCATTACC,0,2121070
lacIp,0.1111111111111111,8,8,AGACCAGCCCAGTTAAACCC,0,2104523
lacIp,0.1111111111111111,8,8,AGACAAGCTTCTATGGGCTC,0,2104558
lacIp,0.1111111111111111,8,8,AGAATGTTGCACATGACAGG,0,2120398
lacIp,0.1111111111111111,8,8,AGAATAGTCGGTTATTAGAC,0,2095220
lacIp,0.1111111111111111,8,8,ACTTTTCGAGTGATTAGTGC,0,2098686
lacIp,0.1111111111111111,8,8,ACTTGAAATCCTACGCGCGC,0,2118188
lacIp,0.1111111111111111,8,8,ACTTAATCTAGCTCTCTGAA,0,2103708
lacIp,0.1111111111111111,8,8,ACTCTAGGTCTTTGTGAGTC,0,2114077
lacIp,0.1111111111111111,8,8,ACTATTGCGGTTCCAACTCT,0,2115067
lacIp,0.1111111111111111,8,8,ACTAGATTTAAAACCCTGTC,0,2118335
lacIp,0.1111111111111111,8,8,ACGTTCACACCTGGAATCAG,0,2104372
lacIp,0.1111111111111111,8,8,ACGGTCACGAGAAAGAGAGG,0,2121155
lacIp,0.1111111111111111,8,8,ACGGGAGAACTCAGTGCGAC,0,2089883
lacIp,0.1111111111111111,8,8,ACGCGGTCAAACTTAGACCC,0,2099509
lacIp,0.1111111111111111,8,8,ACGCCTCGACCAATCTCTCT,0,2092512
lacIp,0.1111111111111111,8,8,ACGCCCTCCCTAATCCCCGG,0,2119643
lacIp,0.1111111111111111,8,8,ACGCATCGCGCGGGCGATAT,0,2111355
lacIp,0.1111111111111111,8,8,ACGATCTGGGCCATCTTTGT,0,2121588
lacIp,0.1111111111111111,8,8,ACGAATCAGTAGCTGTAGGA,0,2090724
lacIp,0.1111111111111111,8,8,ACCTGGTTGTGTATTAGCGT,0,2098850
lacIp,0.1111111111111111,8,8,ACCGTAACGCGTATGAGCGA,0,2100690
lacIp,0.1111111111111111,8,8,ACCGGTCCCTACGCATTGGT,0,2094902
lacIp,0.1111111111111111,8,8,ACCGGCAGTTCCGGAACATC,0,2091948
lacIp,0.1111111111111111,8,8,ACCCTCCACTGTATGTGTAA,0,2104192
lacIp,0.1111111111111111,8,8,ACCCGCGATTGTCGTGAAGC,0,2090648
lacIp,0.1111111111111111,8,8,ACCCCCTTTTGTCCCACTAA,0,2105599
lacIp,0.1111111111111111,8,8,ACCAACTATACTGAATCATT,0,2091142
lacIp,0.1111111111111111,8,8,ACCAAAGTAACTAACCTTTA,0,2103374
lacIp,0.1111111111111111,8,8,ACCAAAATCCCTTCTCAGAC,0,2107261
lacIp,0.1111111111111111,8,8,ACATTGACCTCTGGTTGCAG,0,2105149
lacIp,0.1111111111111111,8,8,ACATTAACATGGCCATACGC,0,2098268
lacIp,0.1111111111111111,8,8,ACATGTCTGACATGGTCCCT,0,2115530
lacIp,0.1111111111111111,8,8,ACATGCAATGTACACCCGAC,0,2101819
lacIp,0.1111111111111111,8,8,ACATCGGGCAACAAGGCTTA,0,2114927
lacIp,0.1111111111111111,8,8,ACACGTTGTCGAGGGTCGGA,0,2091443
lacIp,0.1111111111111111,8,8,ACACCTGACCGGTGAAACTA,0,2102585
lacIp,0.1111111111111111,8,8,ACACAGTAGACCTCAGGTAA,0,2111122
lacIp,0.1111111111111111,8,8,ACAATCACACTCTCCAATTT,0,2089726
lacIp,0.1111111111111111,8,8,ACAAACAATTTGTTCGTTAT,0,2092191
lacIp,0.1111111111111111,8,8,AATTGTAAGGGACTTCACAG,0,2109772
lacIp,0.1111111111111111,8,8,AATTAGCAAAGGTTGTGTCC,0,2100937
lacIp,0.1111111111111111,8,8,AATGTCAATTATTTAAAGTT,0,2112578
lacIp,0.1111111111111111,8,8,AATGGGGCGATTATTGAGAT,0,2104944
lacIp,0.1111111111111111,8,8,AATAGGCCATACGGTGTATC,0,2095239
lacIp,0.1111111111111111,8,8,AATAGCAACAAGCCGGCTTA,0,2091267
lacIp,0.1111111111111111,8,8,AATAAGCACGAGATGCAGGC,0,2096461
lacIp,0.1111111111111111,8,8,AAGTCGCACCACGGGCTTCT,0,2106445
lacIp,0.1111111111111111,8,8,AAGGGTTTCGACGAAGGGTG,0,2098135
lacIp,0.1111111111111111,8,8,AAGGCGTGAGCGTGCATGGA,0,2109759
lacIp,0.1111111111111111,8,8,AAGGAATCTTTCTCATTGTT,0,2122396
lacIp,0.1111111111111111,8,8,AAGCGGTGCCCTGCGACCGT,0,2113413
lacIp,0.1111111111111111,8,8,AAGCACGGCGGACCCTTGTT,0,2097316
lacIp,0.1111111111111111,8,8,AAGATATCTGCTCGGATAGT,0,2087096
lacIp,0.1111111111111111,8,8,AAGACAATCACTCTTGTTAT,0,2088304
lacIp,0.1111111111111111,8,8,AACTTGGCACAGTTCCCACT,0,2116433
lacIp,0.1111111111111111,8,8,AACTGGGCTGCTTAACGAGT,0,2116170
lacIp,0.1111111111111111,8,8,AACTCGCCTCTAGGTGTCTA,0,2106178
lacIp,0.1111111111111111,8,8,AACTCAGTCATAAGGGCACC,0,2098468
lacIp,0.1111111111111111,8,8,AACTACCCTCTACACACGTC,0,2113047
lacIp,0.1111111111111111,8,8,AACCCGGTAAACATTCGTGT,0,2115321
lacIp,0.1111111111111111,8,8,AACACCGTGGTAGTCCATTC,0,2104185
lacIp,0.1111111111111111,8,8,AACAACGAATGCGGAAACGA,0,2086864
lacIp,0.1111111111111111,8,8,AAAGGCTGACTTAGATTACT,0,2119593
lacIp,0.1111111111111111,8,8,AAAGAAGCCCGCTGGACATA,0,2109575
lacIp,0.1111111111111111,8,8,AAAGAAGAGCGAGAATTTAT,0,2116932
lacIp,0.1111111111111111,8,8,AAACATTTGCCAGCATAGCA,0,2102423
lacIp,0.1111111111111111,8,8,AAAAGTTACGCGTCCTACAA,0,2116735
lacIp,0.1111111111111111,8,8,AAAAGTACATACAATGGCAT,0,2116125
lacIp,0.1111111111111111,8,8,AAAACGTCCGATCCGGGGGG,0,2121734
lacIp,0.125,7,7,TTTTTTAATGCCGCCTGCAG,0,2114319
lacIp,0.125,7,7,TTTTTAGCCGACATCCATGT,0,2103665
lacIp,0.125,7,7,TTTTACTTGCGCAAGTTCCA,0,2101447
lacIp,0.125,7,7,TTTTACCTATTGCCGTAGTA,0,2105208
lacIp,0.125,7,7,TTTGTGTGCAGAGCGACGCT,0,2107633
lacIp,0.125,7,7,TTTGTGCTGGTCATATCAAT,0,2118054
lacIp,0.125,7,7,TTTGATTTACGAGATAAGGA,0,2121134
lacIp,0.125,7,7,TTTGAGCGCGCGCACCAAGT,0,2121339
lacIp,0.125,7,7,TTTCGGCTATATGCTGAAGT,0,2087038
lacIp,0.125,7,7,TTTCAGCATAAATATGTGGG,0,2111761
lacIp,0.125,7,7,TTGTGTACGGTGTGGATGGA,0,2101053
lacIp,0.125,7,7,TTGTCTATTTCCAGACCGCA,0,2089305
lacIp,0.125,7,7,TTGTCAGACGGGTCACTAGC,0,2107854
lacIp,0.125,7,7,TTGGTTCCAATGAAGCAGAT,0,2097004
lacIp,0.125,7,7,TTGGTGCAATTCCGACATAC,0,2097218
lacIp,0.125,7,7,TTGGATATTTTGCTCGCGGA,0,2104039
lacIp,0.125,7,7,TTGCTATGGTATGTGCAGGG,0,2094278
lacIp,0.125,7,7,TTGCTAGATGCCGTCTCAGA,0,2105787
lacIp,0.125,7,7,TTGCTAACTATTGTGCATTA,0,2095565
lacIp,0.125,7,7,TTGCGCTGCTTATTCCACCA,0,2106340
lacIp,0.125,7,7,TTGATGGAAATCGGTGGTCC,0,2089090
lacIp,0.125,7,7,TTCGTAGCCCTGGCCACCGT,0,2087881
lacIp,0.125,7,7,TTCGGTTAAGTGGTTACCTG,0,2094815
lacIp,0.125,7,7,TTCGCATTTCCCCGGCCAAA,0,2120778
lacIp,0.125,7,7,TTCCTGTGGAGGTGGGGACC,0,2114663
lacIp,0.125,7,7,TTCCGTCACGTACTTGACTT,0,2086458
lacIp,0.125,7,7,TTCCCTAATCGGGGTGTAGT,0,2121979
lacIp,0.125,7,7,TTCCCGACGCCCTCGCGTGT,0,2112549
lacIp,0.125,7,7,TTCAGAATTTTTATCATTGA,0,2092403
lacIp,0.125,7,7,TTCAGAAAGGTAGTGTATCT,0,2100405
lacIp,0.125,7,7,TTCAAATACAACTTCCCTTT,0,2109288
lacIp,0.125,7,7,TTATCTTGTCCTGGCAGTGG,0,2095629
lacIp,0.125,7,7,TTAGTCTAAGCTAAGTGATG,0,2117156
lacIp,0.125,7,7,TTACGTCTTGAGATCAGACG,0,2109569
lacIp,0.125,7,7,TTAATTATAGGAGAGTTTTG,0,2093796
lacIp,0.125,7,7,TTAACATAGTATGCGGACGT,0,2115377
lacIp,0.125,7,7,TGTTTCAGCTTCCAATCATC,0,2088659
lacIp,0.125,7,7,TGTTGACCGCCGGTTAGAAC,0,2115856
lacIp,0.125,7,7,TGTGGCTGAGTGTCATCAAG,0,2095529
lacIp,0.125,7,7,TGTGCTCTTTGTGTCGAAAG,0,2113666
lacIp,0.125,7,7,TGTCTTAATATCTGGGGCCT,0,2107257
lacIp,0.125,7,7,TGTCGGAAGACGCAAAACAA,0,2085755
lacIp,0.125,7,7,TGTCGAAGGAGATTAATGTT,0,2092014
lacIp,0.125,7,7,TGTCCAAGTGATGTAGACAT,0,2093938
lacIp,0.125,7,7,TGGTTTCAAGTTGTGTGCTT,0,2110558
lacIp,0.125,7,7,TGGTTGGGAAACGGAGTACA,0,2113171
lacIp,0.125,7,7,TGGGCTCTGGACATCGGCGA,0,2112235
lacIp,0.125,7,7,TGGGACTTTTTAAGTGACTT,0,2107835
lacIp,0.125,7,7,TGGGACTTAGGATGTTAAAC,0,2112181
lacIp,0.125,7,7,TGGCGTGTAGGAATAGACTT,0,2105067
lacIp,0.125,7,7,TGGCGTACCATTATTGGTCA,0,2113911
lacIp,0.125,7,7,TGGCGCGGAATCAAGCTGCG,0,2113415
lacIp,0.125,7,7,TGGCGAATTCATATAAACGC,0,2095125
lacIp,0.125,7,7,TGGCCAATTGCTGTATACGG,0,2098043
lacIp,0.125,7,7,TGGCAGCACGCTATGCTCTA,0,2102814
lacIp,0.125,7,7,TGCTTTCCACTCTGACTTTG,0,2106973
lacIp,0.125,7,7,TGCGATTGCAGTATTACTTT,0,2115332
lacIp,0.125,7,7,TGCCGTGGAAAGTAATGGGA,0,2112508
lacIp,0.125,7,7,TGCAGCTCATGACATTAGTG,0,2111139
lacIp,0.125,7,7,TGATGTTGGAGAACTGTGGA,0,2113583
lacIp,0.125,7,7,TGATGTACCGTCGGTCGAAT,0,2108437
lacIp,0.125,7,7,TGATACGTTTGATTATCTGG,0,2095202
lacIp,0.125,7,7,TGAGCTTCTTTTCCTTGTCT,0,2106608
lacIp,0.125,7,7,TGACTCAAGGGTGGGCCTGC,0,2094586
lacIp,0.125,7,7,TGACAACTGCGCAAAAGTTG,0,2121585
lacIp,0.125,7,7,TGAATTTGCACCTAGTTCGG,0,2118332
lacIp,0.125,7,7,TCTTTTGATGTTTCCGGACA,0,2106937
lacIp,0.125,7,7,TCTGTCTATTACTATTGTGG,0,2103896
lacIp,0.125,7,7,TCTCACCCGATAAGTACCAG,0,2122187
lacIp,0.125,7,7,TCTAGGCGTTATTCATCCCA,0,2096867
lacIp,0.125,7,7,TCTAGCGTGTGTACCAGAGT,0,2087115
lacIp,0.125,7,7,TCGTTACTGGATGCTCTGTC,0,2085960
lacIp,0.125,7,7,TCGTGTTCATAGAGAGGCCT,0,2091057
lacIp,0.125,7,7,TCGTGGGCGTACACGTGACG,0,2089659
lacIp,0.125,7,7,TCGGAATGGGTCTCTGCTTA,0,2106278
lacIp,0.125,7,7,TCGCGTAGTTCTACGCACCA,0,2120858
lacIp,0.125,7,7,TCGCATGGCATCATCGTCCT,0,2116287
lacIp,0.125,7,7,TCGATTCAGGTTTGTAGCAT,0,2087899
lacIp,0.125,7,7,TCGACTCCAACGAATAAAGA,0,2105374
lacIp,0.125,7,7,TCCTGTGTACGAAACCGCTA,0,2087321
lacIp,0.125,7,7,TCCTCGTCTAGGGACGTTTT,0,2108615
lacIp,0.125,7,7,TCCTATACCTATGTACGCCA,0,2106262
lacIp,0.125,7,7,TCCTAGGTGGCCAAAGGTGT,0,2097357
lacIp,0.125,7,7,TCCTAATTGTTTGAAGGGCA,0,2115665
lacIp,0.125,7,7,TCCCATAACAGAACAATGCT,0,2113580
lacIp,0.125,7,7,TCCCAGCCAACGTTTTGTAC,0,2087503
lacIp,0.125,7,7,TCCCAAGGCACTCGGTCCCC,0,2087287
lacIp,0.125,7,7,TCCAGGCATTCCAAACTCAG,0,2098987
lacIp,0.125,7,7,TCCAATCGACTCGCCCTTCA,0,2094176
lacIp,0.125,7,7,TCATGCTGAGATGGTTGTTT,0,2107329
lacIp,0.125,7,7,TCATACCATTCGCTACTCGG,0,2109102
lacIp,0.125,7,7,TCATAAAACAAATCAGCGTC,0,2120758
lacIp,0.125,7,7,TCAGGTGACAAAAGGCCGCC,0,2110889
lacIp,0.125,7,7,TCAGGTCAGACAACCCGACC,0,2120610
lacIp,0.125,7,7,TCAGGACAATGGTATAGCAG,0,2095969
lacIp,0.125,7,7,TCAGCACATTTCGTGATACC,0,2092758
lacIp,0.125,7,7,TCACGTGAGTGAGCCCGGCA,0,2106710
lacIp,0.125,7,7,TCACCTTCCGCGTTCCTCCT,0,2096202
lacIp,0.125,7,7,TCACCTATTGCATTCGGTTG,0,2117450
lacIp,0.125,7,7,TCAATATTGTATATGATAGT,0,2088107
lacIp,0.125,7,7,TCAACACACCAGTGTTATAT,0,2098216
lacIp,0.125,7,7,TCAACAACCAGGCGGGCCGA,0,2112453
lacIp,0.125,7,7,TCAAATACTTTACTTCGTCT,0,2107053
lacIp,0.125,7,7,TATTTCTTCTGTAATGCACT,0,2108537
lacIp,0.125,7,7,TATGTCCTCCCACTAGAAGA,0,2093046
lacIp,0.125,7,7,TATGGCAACGATGACCAATT,0,2122232
lacIp,0.125,7,7,TATCGTCGTGCCTTTTACGT,0,2100828
lacIp,0.125,7,7,TATCATTCTGCTTTAAGTGT,0,2093828
lacIp,0.125,7,7,TATATTTACGTGCTCACTCA,0,2103044
lacIp,0.125,7,7,TATAGTTTGCATAAGTGGAA,0,2106835
lacIp,0.125,7,7,TATAATTGCCTCGTACCTAA,0,2100338
lacIp,0.125,7,7,TATAAACAAGGGTCCAATGC,0,2096411
lacIp,0.125,7,7,TAGTTTCTCTAGACCCTGAG,0,2122097
lacIp,0.125,7,7,TAGTCTTAGCAACCGGGTTC,0,2102107
lacIp,0.125,7,7,TAGGTCAGCGTCGTATGTGA,0,2088427
lacIp,0.125,7,7,TAGGTCAACGAACTCGCAAA,0,2106150
lacIp,0.125,7,7,TAGGGTTACTTGTCACGCAG,0,2114629
lacIp,0.125,7,7,TAGCGAGGGACGACGGCGCA,0,2121997
lacIp,0.125,7,7,TAGAATGGCACTACCTGACA,0,2117544
lacIp,0.125,7,7,TACTTTAAGCGAACTCGTAT,0,2093686
lacIp,0.125,7,7,TACTTGAAAGGCCCTATGTC,0,2121188
lacIp,0.125,7,7,TACGTGCAGGAAAACCTCTG,0,2098357
lacIp,0.125,7,7,TACGCGTAGCAAGGAACCGG,0,2108439
lacIp,0.125,7,7,TACCTACTCCGACGCCACGA,0,2113278
lacIp,0.125,7,7,TACCATGAAAGTGGCTCATC,0,2112315
lacIp,0.125,7,7,TACAGGAGCCGGAAAGGTAT,0,2117175
lacIp,0.125,7,7,TACACGTTTAACTGGGCCTT,0,2116692
lacIp,0.125,7,7,TACAAGCACGTCCGTCTCTC,0,2101976
lacIp,0.125,7,7,TACAAATGTCGGGCATTAGG,0,2093171
lacIp,0.125,7,7,TAATCTTTTACCACCTGAAT,0,2090124
lacIp,0.125,7,7,TAAGTTTAGATGGAAAATGA,0,2088428
lacIp,0.125,7,7,TAACCCGTGTGTCACACCGT,0,2109362
lacIp,0.125,7,7,TAAATTCACAGGGGGCACAT,0,2096272
lacIp,0.125,7,7,TAAAGGTTGGGAACTCCGAT,0,2101359
lacIp,0.125,7,7,TAAACGTAGCGCTAAGTAGT,0,2094149
lacIp,0.125,7,7,TAAACGAATTCGTAAACACA,0,2088197
lacIp,0.125,7,7,TAAAACATCGTGAACTAGAA,0,2111429
lacIp,0.125,7,7,GTTTCGGTTGTTTAGCCTGT,0,2095780
lacIp,0.125,7,7,GTTGGAGAGGCGTAAGTGTC,0,2103397
lacIp,0.125,7,7,GTTGCGGCGGCTACCGTGAA,0,2105141
lacIp,0.125,7,7,GTTGCCTCTATGGATTGATC,0,2100281
lacIp,0.125,7,7,GTTCGGGACCCCTACCGGAA,0,2086114
lacIp,0.125,7,7,GTTCCTTGTCAATGCGTTGG,0,2099981
lacIp,0.125,7,7,GTTCCGCCAGGGCGAAATCC,0,2096459
lacIp,0.125,7,7,GTTCCACGATTGTTGTCCGA,0,2099484
lacIp,0.125,7,7,GTTACCCAGCAGACTTGGTT,0,2092225
lacIp,0.125,7,7,GTTACAATATACTTTAGCTG,0,2113628
lacIp,0.125,7,7,GTGTCATCTTTGAGGGTATG,0,2117285
lacIp,0.125,7,7,GTGTCACAGTTAAACGTGGT,0,2103859
lacIp,0.125,7,7,GTGTACGCGGATTCGGCCAT,0,2093116
lacIp,0.125,7,7,GTGGTGCTTGTGAATGAAGG,0,2112829
lacIp,0.125,7,7,GTGGGCAAGCTCCAAAGGTC,0,2089022
lacIp,0.125,7,7,GTGGCAAGTTAGCATAGCTG,0,2090221
lacIp,0.125,7,7,GTGGACGGATATAGTAGTCG,0,2114162
lacIp,0.125,7,7,GTGCAATTTCGAGGAGTTAT,0,2112499
lacIp,0.125,7,7,GTGACTTACTGACTTTAGAT,0,2106384
lacIp,0.125,7,7,GTCTGTGCTATGGTAGCGCT,0,2112947
lacIp,0.125,7,7,GTCGACTCAGGCCTCGGTTT,0,2096378
lacIp,0.125,7,7,GTCCTGTAGAACCGATCTTT,0,2090662
lacIp,0.125,7,7,GTCCTGGCTGTAGCGAATGA,0,2107723
lacIp,0.125,7,7,GTCCTGCCGAAGTAACCCTC,0,2114787
lacIp,0.125,7,7,GTCATGAACAGACTCACTGG,0,2096795
lacIp,0.125,7,7,GTCAGACCATTCTGTGATAT,0,2099579
lacIp,0.125,7,7,GTATCCATGATCCGCAGGTA,0,2092536
lacIp,0.125,7,7,GTAGGTCTTTACAGTGTCCT,0,2096126
lacIp,0.125,7,7,GTAGATTGGAGTGCCGGTGG,0,2115847
lacIp,0.125,7,7,GTACTAGCTTTCGGGTGATT,0,2087964
lacIp,0.125,7,7,GTACCGTAGATCTGCTCAGG,0,2109240
lacIp,0.125,7,7,GTACCAGCGTCACCGTTCAA,0,2116226
lacIp,0.125,7,7,GTAATTAAGCCACCCGGATA,0,2110351
lacIp,0.125,7,7,GTAATAGGTGCTACCGAAAC,0,2122155
lacIp,0.125,7,7,GTAAGCGTGAACGAATAAGG,0,2112421
lacIp,0.125,7,7,GTAAGACGGACGCACAACGC,0,2110914
lacIp,0.125,7,7,GTAACCCTGTGCTTAAATAG,0,2091112
lacIp,0.125,7,7,GTAACACGGTCCTATGTCCT,0,2121708
lacIp,0.125,7,7,GTAAACTGAAGTCGTAGCTA,0,2113976
lacIp,0.125,7,7,GTAAACAGTTATTAAAAACT,0,2113430
lacIp,0.125,7,7,GGTTTTAATTAGGTAGAGCG,0,2089286
lacIp,0.125,7,7,GGTTTAGCGGTGTCACAGTT,0,2090694
lacIp,0.125,7,7,GGTTGTTCACTGATAGAGCG,0,2087135
lacIp,0.125,7,7,GGTTCTTGATAATCGAGCAT,0,2117058
lacIp,0.125,7,7,GGTTAAATCTGTGAGGGTAG,0,2108474
lacIp,0.125,7,7,GGTGTTCAGGGACAAGCGTG,0,2109177
lacIp,0.125,7,7,GGTGTTAATGGGGTCCCGGT,0,2096932
lacIp,0.125,7,7,GGTGGTCGTGCCCTACCCGT,0,2099799
lacIp,0.125,7,7,GGTGAGAACGCTTTTCATAC,0,2116534
lacIp,0.125,7,7,GGTCGGAGGTACAGGAATTC,0,2101292
lacIp,0.125,7,7,GGTCGAATCGACATGCCTTC,0,2109111
lacIp,0.125,7,7,GGGTATCAAACTAGCAGGCC,0,2096928
lacIp,0.125,7,7,GGGCTTTGGAGTAGAAACCC,0,2094625
lacIp,0.125,7,7,GGGCTGATTTATAACGAATC,0,2102233
lacIp,0.125,7,7,GGGATAACAACACGAGCTGA,0,2093173
lacIp,0.125,7,7,GGGACCAAGGTTCTCCGTAC,0,2120330
lacIp,0.125,7,7,GGCTGCGGTCCGTTTGCACA,0,2113838
lacIp,0.125,7,7,GGCGTGTCTCTGAGAGGGTC,0,2116424
lacIp,0.125,7,7,GGCCCTTCCGGGCTCGTAAT,0,2105369
lacIp,0.125,7,7,GGCATTGTACTAGGGACGCT,0,2086881
lacIp,0.125,7,7,GGCATCCTGCTGGTTAAAGT,0,2094656
lacIp,0.125,7,7,GGCAGTTGCCTCGCAAAATA,0,2096386
lacIp,0.125,7,7,GGCAGATTAGTTCAGGAGAT,0,2117936
lacIp,0.125,7,7,GGCACGCCCGCCATAGCGAC,0,2091260
lacIp,0.125,7,7,GGCACCAGTGTCGTTCATTC,0,2097943
lacIp,0.125,7,7,GGCAACAACCTTCTCCCAGT,0,2109615
lacIp,0.125,7,7,GGCAAAAATGCAGTTGTCAT,0,2099074
lacIp,0.125,7,7,GGAGTCAGGTTAACGGGTAA,0,2120034
lacIp,0.125,7,7,GGAGGTTTGACCGCCAATGG,0,2109441
lacIp,0.125,7,7,GGAGGTTGGAACGTCCAAAT,0,2089569
lacIp,0.125,7,7,GGAGGCGCGAGTCAAACGAA,0,2107833
lacIp,0.125,7,7,GGACTAGATCTACCCGGTTG,0,2097978
lacIp,0.125,7,7,GGACAAGCGACCATGTTAAA,0,2110425
lacIp,0.125,7,7,GGAAGCGGTCAGGTTGCAGT,0,2088040
lacIp,0.125,7,7,GGAACGACAAGGGTATTCCC,0,2094116
lacIp,0.125,7,7,GGAAATTACTTTGCTCAGCA,0,2085845
lacIp,0.125,7,7,GCTTCTTAGGGTTCGAAGGT,0,2104934
lacIp,0.125,7,7,GCTCCTAAAGGTCGTAGGTG,0,2087700
lacIp,0.125,7,7,GCTCATGGTTCCGGTATGTT,0,2112940
lacIp,0.125,7,7,GCTCAGGCACACGAGTTTAT,0,2111302
lacIp,0.125,7,7,GCTCAACGGGGACCCGCGCC,0,2116056
lacIp,0.125,7,7,GCTAGTTATCCTGTAGAGAA,0,2086185
lacIp,0.125,7,7,GCTAGGGCGTACTATATAGA,0,2109185
lacIp,0.125,7,7,GCTAGCCCCTCGTTGCACCA,0,2113242
lacIp,0.125,7,7,GCGTCTGGGTCGAATATCCT,0,2103266
lacIp,0.125,7,7,GCGTCCAGTTGAGACGTGGG,0,2112851
lacIp,0.125,7,7,GCGTATACGAGCATGCGCCC,0,2098620
lacIp,0.125,7,7,GCGTAATGGACATGCAGCTA,0,2111214
lacIp,0.125,7,7,GCGGATCGTCCACCATAGAA,0,2113325
lacIp,0.125,7,7,GCGGAGCCTCGGATTAGGTG,0,2089479
lacIp,0.125,7,7,GCGCGTCACATTCTTGGATC,0,2104117
lacIp,0.125,7,7,GCGCGCCCGGATTTTTTATA,0,2095675
lacIp,0.125,7,7,GCGCGAAGAGGGTCTAGCAG,0,2113299
lacIp,0.125,7,7,GCCTGCATCATATGTTCCGT,0,2116788
lacIp,0.125,7,7,GCCGCGGGTACGGCAGATCT,0,2110995
lacIp,0.125,7,7,GCCCAGCCTGACCTGGAGGA,0,2117788
lacIp,0.125,7,7,GCCATCACGCTTCAGGCATT,0,2087139
lacIp,0.125,7,7,GCCAGACAATCGGGATGTAT,0,2103824
lacIp,0.125,7,7,GCATCTCAAACTTTGATTAG,0,2088174
lacIp,0.125,7,7,GCAGTGCGGAAGGGGCGGTT,0,2093535
lacIp,0.125,7,7,GCAGTCGGGAGTCCTTACAG,0,2114569
lacIp,0.125,7,7,GCAGACGGCTGGGTCATAGC,0,2122236
lacIp,0.125,7,7,GCACTGAGACTCCCCCAAGG,0,2096658
lacIp,0.125,7,7,GCACTCTACAATGCCCCCCA,0,2103536
lacIp,0.125,7,7,GCACTAAAATGTAGTATCGC,0,2105642
lacIp,0.125,7,7,GCACGCATTGTTGATTGTCT,0,2091520
lacIp,0.125,7,7,GCACAGTCGGATAGATCAGG,0,2094286
lacIp,0.125,7,7,GCAATGGGGCGTTCGCTACA,0,2105967
lacIp,0.125,7,7,GCAATACATTGCGGGGGCGA,0,2110455
lacIp,0.125,7,7,GCAAGTTGGTGATTACCATT,0,2112389
lacIp,0.125,7,7,GCAAGGGTGTTGTGGGAAGC,0,2090979
lacIp,0.125,7,7,GCAACTCGTTCAACAGATTA,0,2102545
lacIp,0.125,7,7,GCAACTCCGGTCTCTAAGGC,0,2095266
lacIp,0.125,7,7,GCAAATTCCAATATAGGCCG,0,2087686
lacIp,0.125,7,7,GATTGGTGAGAATTCAACGG,0,2107832
lacIp,0.125,7,7,GATTGGGCCTACCAACCGAG,0,2115984
lacIp,0.125,7,7,GATTACTTGTGCCGTAGTAT,0,2102437
lacIp,0.125,7,7,GATGTTAGGTCGCACGTCGT,0,2119104
lacIp,0.125,7,7,GATGCTTCGTATAGGATCTC,0,2089068
lacIp,0.125,7,7,GATGCTAAGTTTCGCGGAGG,0,2094484
lacIp,0.125,7,7,GATCGATCGATTGGCCTGTT,0,2118803
lacIp,0.125,7,7,GAGTGCGATGTCTGATGGAG,0,2097950
lacIp,0.125,7,7,GAGTATTGGCCTCTAAGTTA,0,2104678
lacIp,0.125,7,7,GAGTAGCATGAATTGCTCAA,0,2110216
lacIp,0.125,7,7,GAGGGATGTTGACACCGGTT,0,2107728
lacIp,0.125,7,7,GAGGCAGGCTGCGGCACGAC,0,2092544
lacIp,0.125,7,7,GAGATCGTATATAAGCTTGG,0,2106890
lacIp,0.125,7,7,GAGAAAGATCTCTTTGGAGC,0,2095467
lacIp,0.125,7,7,GACTGTGACTCCATCATGAT,0,2087100
lacIp,0.125,7,7,GACTGAGGTGGCCCGCGCAA,0,2120352
lacIp,0.125,7,7,GACTCGCGGGCTCGTGTGGT,0,2094999
lacIp,0.125,7,7,GACTAATTTGCAGCTCTTGA,0,2091344
lacIp,0.125,7,7,GACGTCCGTGTCGCTCTATG,0,2092705
lacIp,0.125,7,7,GACGCTCGACCTAAATCAGT,0,2094368
lacIp,0.125,7,7,GACCGGGAAACAGCAGACAT,0,2101002
lacIp,0.125,7,7,GACAACAACCTCCACCGGAG,0,2118151
lacIp,0.125,7,7,GAATGCGCATCGAAACTAAA,0,2114046
lacIp,0.125,7,7,GAATAAACGTTCTACAGTTT,0,2109544
lacIp,0.125,7,7,GAAGAGTGCTTACTGGAGAG,0,2101598
lacIp,0.125,7,7,GAACGGTGAAGTGATGCTAC,0,2106724
lacIp,0.125,7,7,GAACATGAAGTTATGACGCT,0,2110451
lacIp,0.125,7,7,GAACAGCCCTAGCATTAATC,0,2096453
lacIp,0.125,7,7,GAAAGGCCAAGGGGCTGCCA,0,2111010
lacIp,0.125,7,7,GAAACAGGGCGGGAAAGATA,0,2094583
lacIp,0.125,7,7,GAAAAGTGTTCGTACGGCGG,0,2108072
lacIp,0.125,7,7,CTTGTCTGAGATGCATCTCA,0,2116305
lacIp,0.125,7,7,CTTGGGGTGTGACGCCATCA,0,2108129
lacIp,0.125,7,7,CTTGAGCGTTGCTGCCTTTC,0,2117572
lacIp,0.125,7,7,CTTCGGAGAAGAAATAAACT,0,2095258
lacIp,0.125,7,7,CTTCCTATTCGGTTGCTAGA,0,2121086
lacIp,0.125,7,7,CTTCAAACCAGCCTATTTTG,0,2091341
lacIp,0.125,7,7,CTTAGCCTTTCACTCCCCCA,0,2101394
lacIp,0.125,7,7,CTTACTAGGAGTGTGAAGGA,0,2086895
lacIp,0.125,7,7,CTTACGTCACGGACGAGGCT,0,2096955
lacIp,0.125,7,7,CTTAAACATGTTGAGTCAAG,0,2098688
lacIp,0.125,7,7,CTGTACGGACTAAGCGCCCG,0,2107408
lacIp,0.125,7,7,CTGGTGAAGGATGGCTGCGG,0,2102778
lacIp,0.125,7,7,CTGGAGGAGGCTTATGAACT,0,2095569
lacIp,0.125,7,7,CTGCTGACTCGTAACGTGCA,0,2087397
lacIp,0.125,7,7,CTGCGACTCGAATTAACATT,0,2089409
lacIp,0.125,7,7,CTGCGACAAAAATGTTTAGG,0,2120953
lacIp,0.125,7,7,CTGCAAACTCCACCGAACTT,0,2105210
lacIp,0.125,7,7,CTGATCGCGGAAACACATAT,0,2121602
lacIp,0.125,7,7,CTGAGCTCCGACCATCAATG,0,2117127
lacIp,0.125,7,7,CTGACTTTTACGCCGCCACG,0,2103757
lacIp,0.125,7,7,CTGAAGTCGCGCCCGATACC,0,2105696
lacIp,0.125,7,7,CTCTTGCCTTACTCCGACGG,0,2102255
lacIp,0.125,7,7,CTCTTCTAGAGCCTATATCT,0,2109710
lacIp,0.125,7,7,CTCGTCTAAGCCCACCCTTA,0,2106369
lacIp,0.125,7,7,CTCGACGGGTGTTCTGGTAA,0,2096084
lacIp,0.125,7,7,CTCCCTGCCCAGTATTGGCT,0,2116118
lacIp,0.125,7,7,CTCCCACATCCCAACATTTA,0,2097230
lacIp,0.125,7,7,CTCCAATGATGGCATAACGA,0,2111094
lacIp,0.125,7,7,CTCATGGCCGTGACGGTGCC,0,2113085
lacIp,0.125,7,7,CTCAGTGCCTCGTTTGGTCC,0,2107141
lacIp,0.125,7,7,CTCACCGGAGCATGTGAATA,0,2086433
lacIp,0.125,7,7,CTCAAAACGACTTGTGCTCA,0,2100736
lacIp,0.125,7,7,CTATTTGGCGACTAAGTTTG,0,2107691
lacIp,0.125,7,7,CTATGTCGTAGGGGGGTCTC,0,2088119
lacIp,0.125,7,7,CTATGTCCCTGGGTCCAGCC,0,2105453
lacIp,0.125,7,7,CTATCCCGTAATCTCTCGGG,0,2091918
lacIp,0.125,7,7,CTATACTCGGCAGTAAGCGC,0,2109898
lacIp,0.125,7,7,CTAGGACGCTTCCCGTCTTT,0,2108270
lacIp,0.125,7,7,CTAGCGACTGTGGGGTCCGA,0,2099996
lacIp,0.125,7,7,CTACTTTCGCAGGCATGTCT,0,2107117
lacIp,0.125,7,7,CTACGGCTTTGAATTAATCG,0,2108475
lacIp,0.125,7,7,CTACCCTCTCATGGTGAGCG,0,2104486
lacIp,0.125,7,7,CTAATTAAAGAGGTTTGTAG,0,2096587
lacIp,0.125,7,7,CTAATACAACGCACGGGTTA,0,2113435
lacIp,0.125,7,7,CTAAGGAAGCAACCAACCTA,0,2119547
lacIp,0.125,7,7,CTAAAATACCTATTCGTCTA,0,2090836
lacIp,0.125,7,7,CTAAAACAGCGTCCCCGGGG,0,2117803
lacIp,0.125,7,7,CGTTTTGCAACTGATGAGGA,0,2118783
lacIp,0.125,7,7,CGTTTAAGCGAATTGAATGA,0,2095435
lacIp,0.125,7,7,CGTTCGGAAGCGTGGCCGTA,0,2097831
lacIp,0.125,7,7,CGTTCCGAAATATTCTTTTC,0,2115853
lacIp,0.125,7,7,CGTTCCAATGGGTCAGGACA,0,2098078
lacIp,0.125,7,7,CGTGTCTGGGGTCACGACGT,0,2091300
lacIp,0.125,7,7,CGTGTATAGTGACTAACAGC,0,2113282
lacIp,0.125,7,7,CGTGAACTGGGTAAGCTCTG,0,2086946
lacIp,0.125,7,7,CGTCTGAAGCGTACCTACGT,0,2106662
lacIp,0.125,7,7,CGTATTTGAAGCCTCATATG,0,2107264
lacIp,0.125,7,7,CGTATGACGCGTGACCCAGC,0,2099730
lacIp,0.125,7,7,CGTAGAGACTGATAGACGAT,0,2103487
lacIp,0.125,7,7,CGTACTGCGCGTCCGAGAAT,0,2086491
lacIp,0.125,7,7,CGTAATCATTTTGCTAAACT,0,2117186
lacIp,0.125,7,7,CGGTGGAAGGTAGGCGACCT,0,2087178
lacIp,0.125,7,7,CGGTCGCTCTCAACGACAAG,0,2112683
lacIp,0.125,7,7,CGGTACAACTGCAGGGGATG,0,2119607
lacIp,0.125,7,7,CGGGTCCATAGGCTACGGGT,0,2111879
lacIp,0.125,7,7,CGGGTCAGAGGCGCAGTCAT,0,2094376
lacIp,0.125,7,7,CGGGGGTAAGCTTTCCCTAT,0,2098318
lacIp,0.125,7,7,CGGCTACAATAGCCTGGAGC,0,2096820
lacIp,0.125,7,7,CGGCCCGTGAATGGTGCGTG,0,2109069
lacIp,0.125,7,7,CGGATGTGGTTCACTACCTA,0,2106633
lacIp,0.125,7,7,CGGAGATCGTTTCCGGTTAA,0,2096713
lacIp,0.125,7,7,CGGACTCCCAATTATATTGT,0,2107094
lacIp,0.125,7,7,CGCTTTACTTTGGCGACCTA,0,2086542
lacIp,0.125,7,7,CGCTTCGTAAAATTTGCCTT,0,2106179
lacIp,0.125,7,7,CGCTGGCATGATCAGCCCTT,0,2118865
lacIp,0.125,7,7,CGCTAGCACCGCACTACGCA,0,2097547
lacIp,0.125,7,7,CGCTAAGATCTTAAGTCCGT,0,2106843
lacIp,0.125,7,7,CGCGATGCCGCGTATTTTCA,0,2090496
lacIp,0.125,7,7,CGCCGCGCTCAGCTAAGGAA,0,2093663
lacIp,0.125,7,7,CGCCGAGATCAAGTCTAGGG,0,2102328
lacIp,0.125,7,7,CGCCAACATAAGAGGTCCTC,0,2097631
lacIp,0.125,7,7,CGCAGAACGGGGCTTTATAC,0,2101769
lacIp,0.125,7,7,CGCAACGGGGATTTCCGGGG,0,2095148
lacIp,0.125,7,7,CGCAAATAGGGTGGCAGCGA,0,2120850
lacIp,0.125,7,7,CGATGGTAGAAGCGAGTGTA,0,2100755
lacIp,0.125,7,7,CGATACGACAGGGAACCCAG,0,2093177
lacIp,0.125,7,7,CGAGGCTAGTGAATATGGGT,0,2117582
lacIp,0.125,7,7,CGACTTGTGCCGGCATGGGT,0,2092817
lacIp,0.125,7,7,CGACGAGCTAAATCGGGCGA,0,2089097
lacIp,0.125,7,7,CGAAGATGGGAGGCCCTGAA,0,2100512
lacIp,0.125,7,7,CGAAGATGACCTAGCGTGAG,0,2116917
lacIp,0.125,7,7,CCTTTCACGCCTGGCGGAAA,0,2096791
lacIp,0.125,7,7,CCTTCGCGCGTTCCGGGAAT,0,2092708
lacIp,0.125,7,7,CCTTCCGGTGCTACATTCGG,0,2101511
lacIp,0.125,7,7,CCTTCATATAAGCGGTCACC,0,2104975
lacIp,0.125,7,7,CCTTAGCGGATATTGGAACG,0,2086150
lacIp,0.125,7,7,CCTTACCGCCCACGGGATCC,0,2101909
lacIp,0.125,7,7,CCTGTCGCAGTGATCAGAGT,0,2120230
lacIp,0.125,7,7,CCTGTACGTCTATCCGTGGA,0,2109760
lacIp,0.125,7,7,CCTGGGGCATGAAGGTCTCC,0,2122379
lacIp,0.125,7,7,CCTGCTATTAAACGACATTC,0,2101353
lacIp,0.125,7,7,CCTCGGATGCGTCCTAAAGA,0,2094105
lacIp,0.125,7,7,CCTCGAGTTACAACGAGGAT,0,2094659
lacIp,0.125,7,7,CCTATTATTGGGTATTAACC,0,2119329
lacIp,0.125,7,7,CCTATCTCTCTTAACTAAGT,0,2108482
lacIp,0.125,7,7,CCGTTCGGTTCTAATGCAGA,0,2115295
lacIp,0.125,7,7,CCGTTCACTCGCTTGGCTCT,0,2111760
lacIp,0.125,7,7,CCGTGGGGGTATACTTCATC,0,2088629
lacIp,0.125,7,7,CCGTCCTAGATGTGTACCCA,0,2110055
lacIp,0.125,7,7,CCGGCGCCTTTGATATGTTG,0,2099372
lacIp,0.125,7,7,CCGGACAGGCGACGGGCACC,0,2085681
lacIp,0.125,7,7,CCGGAAAGCCGTTCAGACTC,0,2094653
lacIp,0.125,7,7,CCGCGTTCACGTGTAAAGGC,0,2120843
lacIp,0.125,7,7,CCGCGCGAGTCCAAAGTCTA,0,2112141
lacIp,0.125,7,7,CCGCGCCGGGGTTACACCAA,0,2119841
lacIp,0.125,7,7,CCGCGCAAACCCGCGAGCTT,0,2105908
lacIp,0.125,7,7,CCGCAGGATGGCTCTCGGCC,0,2098353
lacIp,0.125,7,7,CCGCAAGCACTTACCGGCAT,0,2120402
lacIp,0.125,7,7,CCGATACGAGACCGGCGGAT,0,2112435
lacIp,0.125,7,7,CCGAACCCTAGTTCGGTCAC,0,2092273
lacIp,0.125,7,7,CCCTGACTGGGAGCAGCGTT,0,2097305
lacIp,0.125,7,7,CCCCGCCGGGTTCCCGTGAC,0,2105370
lacIp,0.125,7,7,CCCCCTGGAGCGTATTTCTA,0,2120065
lacIp,0.125,7,7,CCCCATGTTAATTGGTCTCC,0,2094456
lacIp,0.125,7,7,CCCCAAAGGGGACGCGCCCC,0,2107165
lacIp,0.125,7,7,CCCAGGCCCAGGGGCGGTAT,0,2109608
lacIp,0.125,7,7,CCCACCAAGTATCGTAGTGA,0,2110566
lacIp,0.125,7,7,CCATTCGAAGCCAGTAAGTC,0,2118966
lacIp,0.125,7,7,CCATAGCATCATACGAGGGG,0,2104379
lacIp,0.125,7,7,CCAGGTGCCCGGTTCGAGGA,0,2110479
lacIp,0.125,7,7,CCAGGTACTAACAATGCGGG,0,2098707
lacIp,0.125,7,7,CCACGAGTGATTGGCATGAT,0,2107763
lacIp,0.125,7,7,CCAATCTAGCCGGCTAGCCA,0,2121318
lacIp,0.125,7,7,CATTTTTATAAGCATATAGC,0,2096606
lacIp,0.125,7,7,CATTGTTCGGTGTATGAGCA,0,2101178
lacIp,0.125,7,7,CATGTGTAGAATAAAGCGCG,0,2098076
lacIp,0.125,7,7,CATGTCCAAGTCATTAGTCC,0,2096323
lacIp,0.125,7,7,CATGCGATCGTGGAGGACGA,0,2099766
lacIp,0.125,7,7,CATCGCTACTGCTCCAAAAA,0,2115953
lacIp,0.125,7,7,CATCCGGCAGATACTTCTAA,0,2116559
lacIp,0.125,7,7,CATCCGAATCGCAAGTGCAT,0,2113147
lacIp,0.125,7,7,CATCATGTGTTGTTTCAATT,0,2110925
lacIp,0.125,7,7,CATACTGGCCTCCCTTTCTA,0,2107970
lacIp,0.125,7,7,CATACGTGCGGTCGCGGGAG,0,2114984
lacIp,0.125,7,7,CATACCACACGACTACTGAC,0,2116607
lacIp,0.125,7,7,CATAACCCTATTCGCAACCA,0,2092428
lacIp,0.125,7,7,CAGTGCGCGGCCGTCGTAAG,0,2091613
lacIp,0.125,7,7,CAGTGACCCGACCCGGCAAT,0,2088463
lacIp,0.125,7,7,CAGGTAGGACAGGTATACTG,0,2089663
lacIp,0.125,7,7,CAGGGTTAAATGAGAGAATA,0,2094276
lacIp,0.125,7,7,CAGGCAGTCATAGCGGACAT,0,2096629
lacIp,0.125,7,7,CAGCTCTACTGGATTGGACA,0,2090846
lacIp,0.125,7,7,CAGAGGTAAAGCACCCATAT,0,2109900
lacIp,0.125,7,7,CACTCTTGAGTCTACTTAAC,0,2107896
lacIp,0.125,7,7,CACGGCGGACTGCTCTAAGT,0,2112013
lacIp,0.125,7,7,CACGGACATCGCGACCTTTC,0,2103379
lacIp,0.125,7,7,CACGAGGTGCTCATGGGGAC,0,2116609
lacIp,0.125,7,7,CACCTGCCAGTGACGCCATA,0,2117898
lacIp,0.125,7,7,CACCTCAGCGCATAGGCGAT,0,2095442
lacIp,0.125,7,7,CACCGTATAGTGGTCTCACC,0,2100523
lacIp,0.125,7,7,CACCGGGGTACCGTTGACTG,0,2109408
lacIp,0.125,7,7,CACCCTTAAGCAGAATAGGA,0,2092800
lacIp,0.125,7,7,CAATTATGTCTAAGATGGCT,0,2115457
lacIp,0.125,7,7,CAATGTGACTATGGGGAGAT,0,2099316
lacIp,0.125,7,7,CAATGGGACCCTTCTCGATA,0,2113646
lacIp,0.125,7,7,CAATAATCCAACTACGCTAA,0,2099055
lacIp,0.125,7,7,CAAGTGCTCCGGTCGCGATC,0,2105621
lacIp,0.125,7,7,CAAGTCACATTCTTAAACAT,0,2098344
lacIp,0.125,7,7,CAAGGGCAACACTTACGAGG,0,2113152
lacIp,0.125,7,7,CAAGGATCGCTTCAATGCGG,0,2115976
lacIp,0.125,7,7,CAACTTTCCAGTACTTAAAC,0,2095075
lacIp,0.125,7,7,CAAAGGCTGGCCTGCTCTAT,0,2097205
lacIp,0.125,7,7,CAAAGCCATACCGACGATGC,0,2105336
lacIp,0.125,7,7,CAAACGGCTATACGGGCCCA,0,2087367
lacIp,0.125,7,7,CAAAAGTCGGGCGTGATTGG,0,2120759
lacIp,0.125,7,7,CAAAAAGTGTCCGATCCCCA,0,2092404
lacIp,0.125,7,7,ATTTTCGCAGATTAAGTTAG,0,2102597
lacIp,0.125,7,7,ATTTCCGATCCCAGTACACT,0,2101280
lacIp,0.125,7,7,ATTGTGTCTGACTTCTTCAG,0,2098504
lacIp,0.125,7,7,ATTCTGGCCGAGATACACAT,0,2114000
lacIp,0.125,7,7,ATTCGCGTCCGGAGGGGCTA,0,2089398
lacIp,0.125,7,7,ATTCATCCCCAAACGGATTA,0,2088882
lacIp,0.125,7,7,ATTCAGTTCACGTCTCTGCC,0,2121752
lacIp,0.125,7,7,ATTCAGTGGTCTGCGGAGTC,0,2109902
lacIp,0.125,7,7,ATTACATTTGTTGGTCGAAA,0,2112586
lacIp,0.125,7,7,ATTAAACGCTGTCCACCCGA,0,2102754
lacIp,0.125,7,7,ATGTGTGAAGTTGTGTCTGT,0,2101968
lacIp,0.125,7,7,ATGGTGATAAGGCGGCCAGT,0,2105053
lacIp,0.125,7,7,ATGGCCACGACCAGCCATAG,0,2088261
lacIp,0.125,7,7,ATGGAAGTTACGGAAACAAA,0,2088545
lacIp,0.125,7,7,ATGCGTATCCACTCCTCGCG,0,2116558
lacIp,0.125,7,7,ATGAGCGTTCGGTATGCGGG,0,2108577
lacIp,0.125,7,7,ATCTTACGTCCGGCTAACAA,0,2104053
lacIp,0.125,7,7,ATCTGCGATTTAATTTGGGA,0,2113444
lacIp,0.125,7,7,ATCTACTGATCTACAGCGTG,0,2096653
lacIp,0.125,7,7,ATCGTGGTGTCCATGAGTCC,0,2087882
lacIp,0.125,7,7,ATCGAACTTTCAACAAATCA,0,2093444
lacIp,0.125,7,7,ATCCTCGGTACTGACTGATT,0,2101897
lacIp,0.125,7,7,ATCATAACGACTCCTACGCA,0,2120079
lacIp,0.125,7,7,ATCAGCGCTTCCGGCCCCGC,0,2099481
lacIp,0.125,7,7,ATCACTTTCGTCAATAACGT,0,2108669
lacIp,0.125,7,7,ATCAACTTTCTCCAAGAGAT,0,2102716
lacIp,0.125,7,7,ATCAAAGTAGCGCCCAGTTC,0,2115613
lacIp,0.125,7,7,ATATTTAAGCACTCGCCAAT,0,2120934
lacIp,0.125,7,7,ATATTGGGGTACCGAGGAAT,0,2105480
lacIp,0.125,7,7,ATATGATTACAGGGGCGCCA,0,2103730
lacIp,0.125,7,7,ATATGAGTCACTCAATCGCG,0,2111932
lacIp,0.125,7,7,ATATCTTAGTTTTTCGATAA,0,2121396
lacIp,0.125,7,7,ATAGTTCCCACATAGCAAAA,0,2086954
lacIp,0.125,7,7,ATAGTCGTACAGGCTTGGAA,0,2094584
lacIp,0.125,7,7,ATACGTTAAAATATGTGACT,0,2109225
lacIp,0.125,7,7,ATACGCTGGATGTTACACAG,0,2120298
lacIp,0.125,7,7,ATACCGCGAAAGCAGCTGGG,0,2112944
lacIp,0.125,7,7,ATACAGCAGATCCACGGCGA,0,2108483
lacIp,0.125,7,7,ATAATAAAATTAAATTTCAG,0,2090955
lacIp,0.125,7,7,ATAACGAGTTGTCCCTATTG,0,2103973
lacIp,0.125,7,7,AGTTTCTATGTAGTCGCAGC,0,2100522
lacIp,0.125,7,7,AGTTGGGAGTAGTTCGGATA,0,2107779
lacIp,0.125,7,7,AGTGGGCCGCCAAGTATCGT,0,2092924
lacIp,0.125,7,7,AGTGAGTGGTTCCGAGCGGT,0,2098027
lacIp,0.125,7,7,AGTCTAGGTAGTTCTTCTTG,0,2109300
lacIp,0.125,7,7,AGTCCTAGGTTTGCAGCGAT,0,2099993
lacIp,0.125,7,7,AGTATAGTGATCATGTATCT,0,2093581
lacIp,0.125,7,7,AGTAGTATATTGATCGATTG,0,2093368
lacIp,0.125,7,7,AGTAAACAGAGCAAGTTGGT,0,2094508
lacIp,0.125,7,7,AGGTTGATGTCCTGCGTGTG,0,2116082
lacIp,0.125,7,7,AGGTGTCTGAACATGGTGCC,0,2101840
lacIp,0.125,7,7,AGGTGGTGCGTGAGGCTTCT,0,2100018
lacIp,0.125,7,7,AGGTCCGACAAACTCCCGAG,0,2117759
lacIp,0.125,7,7,AGGTCCCTCGTCTACCAACC,0,2096579
lacIp,0.125,7,7,AGGTAACCGTTCGAATCCAA,0,2098858
lacIp,0.125,7,7,AGGGGCTGCATTGCGGCAGG,0,2119522
lacIp,0.125,7,7,AGGCTAGGCTAGAAGTTATA,0,2092871
lacIp,0.125,7,7,AGGCCGAGGGTACAGATCAC,0,2115006
lacIp,0.125,7,7,AGGATACTAACAAACTCAAG,0,2119723
lacIp,0.125,7,7,AGGAGGGCATGCTGGGATGG,0,2115879
lacIp,0.125,7,7,AGGACTTGGCCATAGGTCCG,0,2097368
lacIp,0.125,7,7,AGCTGGCTTTGTAATGTGGC,0,2104503
lacIp,0.125,7,7,AGCTCTAAAGTGATTTCTAA,0,2103388
lacIp,0.125,7,7,AGCTCATCTTATCCTATTAC,0,2102994
lacIp,0.125,7,7,AGCGCCGCCAAGACTGCAAG,0,2121261
lacIp,0.125,7,7,AGCGCACTGAACGGCGAACT,0,2105375
lacIp,0.125,7,7,AGCGATTAAGACGAGCTTTA,0,2101662
lacIp,0.125,7,7,AGCGACTGTCAGATCGCATA,0,2100571
lacIp,0.125,7,7,AGCCCTCTGGATGAGTAAAT,0,2090857
lacIp,0.125,7,7,AGCCATTGCCTGTTACCGTC,0,2118359
lacIp,0.125,7,7,AGCCAAGAAGGTACCAAGCT,0,2094315
lacIp,0.125,7,7,AGCAAAAGGCAGCTTGTGTT,0,2098182
lacIp,0.125,7,7,AGATCATGTTAAAACGTGAT,0,2115810
lacIp,0.125,7,7,AGATATTATAAATTCCCGTT,0,2088054
lacIp,0.125,7,7,AGATAACCGTCTTTAGAGCT,0,2099906
lacIp,0.125,7,7,AGAGTGCCTGATGTCGGACT,0,2107169
lacIp,0.125,7,7,AGAGCGGCTGTATGACAGTA,0,2111078
lacIp,0.125,7,7,AGAGCGGATCTGGAACCTGA,0,2095918
lacIp,0.125,7,7,AGACTTAAATGGTTATCATG,0,2108425
lacIp,0.125,7,7,AGAAGTCCCGGATATGCCAT,0,2118056
lacIp,0.125,7,7,AGAAGATCTTAAATGGAGAA,0,2116835
lacIp,0.125,7,7,ACTGTCAGAGGTCCTAGAAC,0,2104938
lacIp,0.125,7,7,ACTGCGCGAACGGTGCGGTT,0,2103301
lacIp,0.125,7,7,ACTGCCCTTCCATGTATAGC,0,2108200
lacIp,0.125,7,7,ACTGACGAAGTAGTTCTCAA,0,2086223
lacIp,0.125,7,7,ACGTTGGCAACATTGGCTCT,0,2102697
lacIp,0.125,7,7,ACGTTCGAAGCATTAATCGT,0,2099789
lacIp,0.125,7,7,ACGTTAGCAATAAGCATGCC,0,2121009
lacIp,0.125,7,7,ACGTGAAAAGTTAGAAAACT,0,2113229
lacIp,0.125,7,7,ACGGTTATTGTTTAAGGACG,0,2109692
lacIp,0.125,7,7,ACGCTAGTCAGCAGTAAAAT,0,2114775
lacIp,0.125,7,7,ACGAACGGCATACATACATC,0,2094994
lacIp,0.125,7,7,ACCTGGTAGAGGCATAGTCT,0,2121269
lacIp,0.125,7,7,ACCGGACCTTTCTTTTGTGT,0,2086127
lacIp,0.125,7,7,ACCGCCGGCTTTCAACCGTC,0,2117180
lacIp,0.125,7,7,ACCCTGCCTAAATTATGTTC,0,2121807
lacIp,0.125,7,7,ACCCTAATAGGCGGACCGTG,0,2112436
lacIp,0.125,7,7,ACCCAAGCCACGGTAGAAGG,0,2103851
lacIp,0.125,7,7,ACATTCTAAGGGGGCCACTA,0,2118079
lacIp,0.125,7,7,ACAGTTCACTTCAACAGTGT,0,2119284
lacIp,0.125,7,7,ACAGGTAGGTGACCATATTC,0,2121951
lacIp,0.125,7,7,ACAGGGTGTTACGATGCGCC,0,2113582
lacIp,0.125,7,7,ACAGACTCAGCTACCGGATT,0,2086538
lacIp,0.125,7,7,ACACTGGTTAGGCGTTCGTG,0,2096159
lacIp,0.125,7,7,ACACTGGAATACATTCGTAC,0,2109770
lacIp,0.125,7,7,ACACTCGGGAGATGCACTCC,0,2094163
lacIp,0.125,7,7,ACAAATCTGATATAAAATCA,0,2117414
lacIp,0.125,7,7,AATTCGTAATACTATATTCA,0,2117351
lacIp,0.125,7,7,AATGTTTCCTTCGTGGCGTC,0,2121066
lacIp,0.125,7,7,AATGTCGGATAGAGAGACTT,0,2101343
lacIp,0.125,7,7,AATGGCAAGTGAACCGTGTG,0,2088254
lacIp,0.125,7,7,AATGCCCGGCTCTAGGCAGA,0,2109964
lacIp,0.125,7,7,AATCGATTGAAGCCCACGTC,0,2106245
lacIp,0.125,7,7,AAGTTATCTCGGACATGGTC,0,2115779
lacIp,0.125,7,7,AAGTATAGGTAGCGAGCAGG,0,2112166
lacIp,0.125,7,7,AAGGTCGTATGATAGCTACT,0,2119484
lacIp,0.125,7,7,AAGCTAAGGACCCGCGCGTC,0,2109123
lacIp,0.125,7,7,AAGATAAGTAGTGAATGGTA,0,2104837
lacIp,0.125,7,7,AAGAGCACGACACGTAGTGA,0,2093552
lacIp,0.125,7,7,AACTTGAATGTGTGCTGACG,0,2105483
lacIp,0.125,7,7,AACTCTGCCGCCGTCATCTG,0,2101145
lacIp,0.125,7,7,AACCTTATCGGCATCAGAGG,0,2086052
lacIp,0.125,7,7,AACCTGGAAGTGAGACGCCC,0,2119413
lacIp,0.125,7,7,AACCGATGTGCCGCAGAGGG,0,2093290
lacIp,0.125,7,7,AACCGATATCGGGAATAGGA,0,2102646
lacIp,0.125,7,7,AACATCTCAGTAAAGACTGA,0,2107966
lacIp,0.125,7,7,AAATACGGGTTGCACTGTAG,0,2098347
lacIp,0.125,7,7,AAACGAGGCGCGCTAGCCAT,0,2110233
lacIp,0.125,7,7,AAAATGTCGCGGCTAGAAGC,0,2095945
lacIp,0.125,7,7,AAAACTTACAGACCACGCCT,0,2094623
lacIp,0.125,7,7,AAAAATTGACCTTCATTGGA,0,2107177
lacIp,0.125,7,7,AAAAAGTTTCCTCGAGGCAA,0,2087759
lacIp,0.14285714285714285,6,6,TTTTGACTTAAGGTTGGAGT,0,2105648
lacIp,0.14285714285714285,6,6,TTTGTAAGCATGTCGTGACC,0,2112919
lacIp,0.14285714285714285,6,6,TTTCTTGTTCGCGCGGCGGC,0,2112450
lacIp,0.14285714285714285,6,6,TTTCTTGGGAGTGAAAAAGC,0,2105505
lacIp,0.14285714285714285,6,6,TTTCGGGGTTCATCGCTAAT,0,2103884
lacIp,0.14285714285714285,6,6,TTTCATCCAGACTGTCCTAA,0,2110148
lacIp,0.14285714285714285,6,6,TTTATTCGTGTCCGGCATTA,0,2100479
lacIp,0.14285714285714285,6,6,TTTATGGGTTTACAGGGCTG,0,2090980
lacIp,0.14285714285714285,6,6,TTTAGGACACAGCATCACGA,0,2094419
lacIp,0.14285714285714285,6,6,TTTAGACAGCGCTCACTCAC,0,2116261
lacIp,0.14285714285714285,6,6,TTTAAATTTCCACCAGTTTC,0,2098547
lacIp,0.14285714285714285,6,6,TTGTTTTCTGACGGAGGTTT,0,2087069
lacIp,0.14285714285714285,6,6,TTGTTCAGGTCTGGGATTGT,0,2094909
lacIp,0.14285714285714285,6,6,TTGGTTCGGCCTGTCCGTGT,0,2107418
lacIp,0.14285714285714285,6,6,TTGGGCGCGCTTAACTTCAT,0,2109184
lacIp,0.14285714285714285,6,6,TTGGCACGAATAGTGCCCAA,0,2112625
lacIp,0.14285714285714285,6,6,TTGGAGCTTCGGCAAGGTGC,0,2087684
lacIp,0.14285714285714285,6,6,TTGGAGAGCGACTAATAACG,0,2105544
lacIp,0.14285714285714285,6,6,TTGCGGCCCATGCCAGCAGT,0,2116286
lacIp,0.14285714285714285,6,6,TTGATAATCCAGCAGCCGTT,0,2119229
lacIp,0.14285714285714285,6,6,TTGAGGGGTCACAGCGCACA,0,2120827
lacIp,0.14285714285714285,6,6,TTCTTTTAGAAAACTGTTGG,0,2117106
lacIp,0.14285714285714285,6,6,TTCTTTACGGAGATGGGTTG,0,2107994
lacIp,0.14285714285714285,6,6,TTCTGCTTGCTAAATTGTGC,0,2089465
lacIp,0.14285714285714285,6,6,TTCGCTCGAGTGGAAGTTAT,0,2119142
lacIp,0.14285714285714285,6,6,TTCCCCTTAATATGGGCATG,0,2100438
lacIp,0.14285714285714285,6,6,TTCACTGGCTGCTCGAGTTT,0,2088838
lacIp,0.14285714285714285,6,6,TTCAAATGCTCCATAGCTAT,0,2096603
lacIp,0.14285714285714285,6,6,TTATTTGACGGTCTGAGAAC,0,2122167
lacIp,0.14285714285714285,6,6,TTATCCTCGATGGTGCATGT,0,2121487
lacIp,0.14285714285714285,6,6,TTATAATGTTTGGGCATGAA,0,2119518
lacIp,0.14285714285714285,6,6,TTACTGCTCAATAATTTGTG,0,2115121
lacIp,0.14285714285714285,6,6,TTACCTTGAGCCCCCTTAAC,0,2108243
lacIp,0.14285714285714285,6,6,TTACATTGAGGGAATATCAG,0,2093017
lacIp,0.14285714285714285,6,6,TTAAGTAGTCCGCGGAACTT,0,2092538
lacIp,0.14285714285714285,6,6,TTAACTGCAGGAAGCTAACC,0,2099519
lacIp,0.14285714285714285,6,6,TTAACTAGGGGTTATGCGGA,0,2090386
lacIp,0.14285714285714285,6,6,TTAAAAATTCCCCCACCACT,0,2118277
lacIp,0.14285714285714285,6,6,TGTTAGTACGGGCCATCCCG,0,2088325
lacIp,0.14285714285714285,6,6,TGTTAAACCACTTTAAACCA,0,2097264
lacIp,0.14285714285714285,6,6,TGTGGCAATACAAAGTACTT,0,2100185
lacIp,0.14285714285714285,6,6,TGTGGATGTATCATTCTCTG,0,2103899
lacIp,0.14285714285714285,6,6,TGTGCCTGTAAATTTCGGGT,0,2096346
lacIp,0.14285714285714285,6,6,TGTCTAAGTTGCAAAGGATT,0,2103827
lacIp,0.14285714285714285,6,6,TGTAGTGACGCGCGCGCGGA,0,2116145
lacIp,0.14285714285714285,6,6,TGTAGGAGTAAGGTAATAAT,0,2096923
lacIp,0.14285714285714285,6,6,TGTACGTGCCACCCTGTCAG,0,2094624
lacIp,0.14285714285714285,6,6,TGTAATACTGAAAAAGATAT,0,2101490
lacIp,0.14285714285714285,6,6,TGTAAAGTAGCGACCCTATA,0,2090004
lacIp,0.14285714285714285,6,6,TGTAAACGTCTGGCTGAGAC,0,2108803
lacIp,0.14285714285714285,6,6,TGGTTGTGAAAACGGAAGCT,0,2103515
lacIp,0.14285714285714285,6,6,TGGTGCCTCGGATTATGTTT,0,2120541
lacIp,0.14285714285714285,6,6,TGGGTGTGCCCTAGTCTTCA,0,2110485
lacIp,0.14285714285714285,6,6,TGGGAGTAGCCGTGGACCTA,0,2119101
lacIp,0.14285714285714285,6,6,TGGCGCATCGGTAGACTGCA,0,2121465
lacIp,0.14285714285714285,6,6,TGGCCGGGGTACAAATCGCA,0,2099403
lacIp,0.14285714285714285,6,6,TGGCATGAGCACTGTTACAT,0,2108541
lacIp,0.14285714285714285,6,6,TGGAGCAGGTGAACCCGACC,0,2122349
lacIp,0.14285714285714285,6,6,TGGACTTCGGCCGCACGATG,0,2120263
lacIp,0.14285714285714285,6,6,TGGACGCCTATTGACCATGT,0,2089964
lacIp,0.14285714285714285,6,6,TGCTCCTTACTACCCTTAAG,0,2094462
lacIp,0.14285714285714285,6,6,TGCTAAGGTATCGGTGTTCA,0,2122245
lacIp,0.14285714285714285,6,6,TGCGTGCCAAGTCATACAAA,0,2118956
lacIp,0.14285714285714285,6,6,TGCGGCGAGGGGCGAACAGA,0,2104839
lacIp,0.14285714285714285,6,6,TGCGCTCCTAGGGGGTTGTG,0,2090169
lacIp,0.14285714285714285,6,6,TGCGACAGGAAATTGGCTCA,0,2100454
lacIp,0.14285714285714285,6,6,TGCATTGCTTAAGCAACGAT,0,2113796
lacIp,0.14285714285714285,6,6,TGCATAGGTATCATGAGCTA,0,2117596
lacIp,0.14285714285714285,6,6,TGCACCAGCAATTGGGTATG,0,2101428
lacIp,0.14285714285714285,6,6,TGCACCAACCGGCAGCTTGG,0,2099507
lacIp,0.14285714285714285,6,6,TGATAATGGTAAGATTGCGA,0,2106455
lacIp,0.14285714285714285,6,6,TGAGTTGGGTGAACGTCCAA,0,2113109
lacIp,0.14285714285714285,6,6,TGAGTCGCCAGACATGCTAG,0,2109178
lacIp,0.14285714285714285,6,6,TGAGTAGCGCTAATATTGCA,0,2102494
lacIp,0.14285714285714285,6,6,TGACCAAAAGGCCGGTAGCT,0,2096204
lacIp,0.14285714285714285,6,6,TGAAAAGTAAACGTTTATCT,0,2115097
lacIp,0.14285714285714285,6,6,TCTTCTACCCCCGCATACTA,0,2111443
lacIp,0.14285714285714285,6,6,TCTGGGCTCTCCCTGCCCCA,0,2093391
lacIp,0.14285714285714285,6,6,TCTCTGGGCGGGCTTGCCCT,0,2089777
lacIp,0.14285714285714285,6,6,TCTCTGCCCGTCTCTAGAAA,0,2122324
lacIp,0.14285714285714285,6,6,TCTCTAGAAATCATATTACA,0,2103021
lacIp,0.14285714285714285,6,6,TCTCATAAGCAACCCACCAC,0,2117564
lacIp,0.14285714285714285,6,6,TCTACGATAATTGCGCTACT,0,2121256
lacIp,0.14285714285714285,6,6,TCTAAAGCGAGTAACTCACA,0,2088893
lacIp,0.14285714285714285,6,6,TCGTTGTTTCAGGCCCGAAC,0,2110778
lacIp,0.14285714285714285,6,6,TCGTGTCTCTGAGGTCAAGC,0,2121337
lacIp,0.14285714285714285,6,6,TCGTGGATAATTGTTCACGA,0,2114137
lacIp,0.14285714285714285,6,6,TCGTGAGTAAAATGGAGCGA,0,2090664
lacIp,0.14285714285714285,6,6,TCGTCCGAATTATGGCTCTA,0,2115605
lacIp,0.14285714285714285,6,6,TCGGTTTTTTAGCAGTCAGG,0,2110120
lacIp,0.14285714285714285,6,6,TCGGACTGTTATTGGTGGTC,0,2102810
lacIp,0.14285714285714285,6,6,TCGGACAGCCGGCACATGGC,0,2097435
lacIp,0.14285714285714285,6,6,TCGCTTCGGACAAGTAAGGC,0,2112442
lacIp,0.14285714285714285,6,6,TCGCGCTTAAATGTAAGTGT,0,2086896
lacIp,0.14285714285714285,6,6,TCGCAGTGTATGCCTTTCTG,0,2095892
lacIp,0.14285714285714285,6,6,TCGATCAGGGTTACGGTCTT,0,2104946
lacIp,0.14285714285714285,6,6,TCGAATACTTTGCCGCTACT,0,2104551
lacIp,0.14285714285714285,6,6,TCCTTCCGCTTCCCCGCAGC,0,2108794
lacIp,0.14285714285714285,6,6,TCCTGTATCTAGTCTGCTGA,0,2097744
lacIp,0.14285714285714285,6,6,TCCTGAGCGTGGATGGGTGA,0,2105706
lacIp,0.14285714285714285,6,6,TCCGAGGGCTGTAATCGAAG,0,2119725
lacIp,0.14285714285714285,6,6,TCCCTAGGCGTGATTGACAC,0,2099529
lacIp,0.14285714285714285,6,6,TCCCGTTTCTCACGCCTACG,0,2110381
lacIp,0.14285714285714285,6,6,TCCATTCGGTCGGCTGGTAT,0,2112136
lacIp,0.14285714285714285,6,6,TCCATGAATCGCTCTACATA,0,2105717
lacIp,0.14285714285714285,6,6,TCCACGGCTTGTAAGAACAA,0,2091414
lacIp,0.14285714285714285,6,6,TCATCCTGTCCGCGTTCATG,0,2106207
lacIp,0.14285714285714285,6,6,TCATAGGGAATCAGACCCAC,0,2101869
lacIp,0.14285714285714285,6,6,TCAGTGAAAGCATCAGCTCG,0,2097247
lacIp,0.14285714285714285,6,6,TCAGGGAACGTTTACTGCTT,0,2091600
lacIp,0.14285714285714285,6,6,TCAGGCAGCCGACTAAACTT,0,2103747
lacIp,0.14285714285714285,6,6,TCAGACGCTGAGACATTTGC,0,2106474
lacIp,0.14285714285714285,6,6,TCACGGTTGTTTATTCGCTG,0,2087792
lacIp,0.14285714285714285,6,6,TCAATTCGCTGTGTAGAGTA,0,2107300
lacIp,0.14285714285714285,6,6,TCAAGTTTACACACTGGTAG,0,2113705
lacIp,0.14285714285714285,6,6,TCAAAGATAACGTACGATGA,0,2115807
lacIp,0.14285714285714285,6,6,TATTCGGAAAACTCCCCAAT,0,2120453
lacIp,0.14285714285714285,6,6,TATTCGAGCGAGCGGTGAAA,0,2099095
lacIp,0.14285714285714285,6,6,TATTCCCAACGGAAAGGCGT,0,2109936
lacIp,0.14285714285714285,6,6,TATGGTGGCTATAGAGGTTA,0,2107370
lacIp,0.14285714285714285,6,6,TATGCAAGGCGAGAACTCAA,0,2101341
lacIp,0.14285714285714285,6,6,TATGACAAGCAGAGAGCGCG,0,2111441
lacIp,0.14285714285714285,6,6,TATCTCGTCAGCTGTAGACA,0,2094507
lacIp,0.14285714285714285,6,6,TATCCCGGGGACACAGTTTA,0,2118631
lacIp,0.14285714285714285,6,6,TATAGTTCAATGGGGCAGTA,0,2120285
lacIp,0.14285714285714285,6,6,TATAGTCTCAGTACCCCGGT,0,2095025
lacIp,0.14285714285714285,6,6,TATACAGTCGGCAGAAAAAT,0,2108737
lacIp,0.14285714285714285,6,6,TATACAGTAGGTTGACGGAA,0,2100225
lacIp,0.14285714285714285,6,6,TAGGCGCCGGTACGTGCGAA,0,2109198
lacIp,0.14285714285714285,6,6,TAGGATTACGAGGGCGGTTA,0,2094767
lacIp,0.14285714285714285,6,6,TAGGATCGATTCGGTCCACA,0,2100268
lacIp,0.14285714285714285,6,6,TAGCTTGTGTCGCCTTGTAC,0,2107225
lacIp,0.14285714285714285,6,6,TAGCGTATGCCCTCCACCTG,0,2100977
lacIp,0.14285714285714285,6,6,TAGCGGCAGGTTGAGTTGCG,0,2087411
lacIp,0.14285714285714285,6,6,TAGCATCCGGATAGGCCGAT,0,2119997
lacIp,0.14285714285714285,6,6,TAGATTCAGCGGTTTTAATG,0,2111505
lacIp,0.14285714285714285,6,6,TACCCAGTCCACAACCAGGA,0,2113913
lacIp,0.14285714285714285,6,6,TACATAGAGCTAGGGTCTAG,0,2120834
lacIp,0.14285714285714285,6,6,TACAGTAACAAGCACTACAG,0,2113777
lacIp,0.14285714285714285,6,6,TACAGGTATCGGGGATCACC,0,2102036
lacIp,0.14285714285714285,6,6,TACACGTCTGGCATCAGCAA,0,2098154
lacIp,0.14285714285714285,6,6,TAATGTTCGATAGGGTACGC,0,2105367
lacIp,0.14285714285714285,6,6,TAATGCCAATTCCCCAAGTG,0,2092759
lacIp,0.14285714285714285,6,6,TAATGAACAAGGCTACATCG,0,2089071
lacIp,0.14285714285714285,6,6,TAATCCCGAAACGGCTGTGC,0,2108549
lacIp,0.14285714285714285,6,6,TAAGCTTATGCTCATACAGT,0,2112584
lacIp,0.14285714285714285,6,6,TAACGCGGCTACGCCCACGG,0,2091595
lacIp,0.14285714285714285,6,6,TAAATATAAGCCTCAAGCCT,0,2088627
lacIp,0.14285714285714285,6,6,GTTTCGAAACTTTCGATGCG,0,2112797
lacIp,0.14285714285714285,6,6,GTTGTGGTGAGGCTAACAAA,0,2101588
lacIp,0.14285714285714285,6,6,GTTGGAAGGGCCAAGCGTGT,0,2113787
lacIp,0.14285714285714285,6,6,GTTGCAAACGTGCGCCCATG,0,2090873
lacIp,0.14285714285714285,6,6,GTTCTAGACGGGATTTCAAA,0,2097308
lacIp,0.14285714285714285,6,6,GTTCGACGCGGGGTAGACGT,0,2103450
lacIp,0.14285714285714285,6,6,GTTATTCCTCCAGGAATATG,0,2088865
lacIp,0.14285714285714285,6,6,GTTAGCCGACTCATTCATTT,0,2090447
lacIp,0.14285714285714285,6,6,GTTACACAGATACAAAATGC,0,2116310
lacIp,0.14285714285714285,6,6,GTTAAAGTAAAGCGAGGTGT,0,2096747
lacIp,0.14285714285714285,6,6,GTGTCCGTCAATCGGAAACA,0,2104059
lacIp,0.14285714285714285,6,6,GTGTATGATATAATGTGCTT,0,2108196
lacIp,0.14285714285714285,6,6,GTGGTCGATTCGACTCAGTC,0,2093876
lacIp,0.14285714285714285,6,6,GTGGGGCTGGGTAATTGGTT,0,2090180
lacIp,0.14285714285714285,6,6,GTGCTGGCTTTACTTGCGAA,0,2116283
lacIp,0.14285714285714285,6,6,GTGCGTTGCTGTCACCCGTC,0,2088258
lacIp,0.14285714285714285,6,6,GTGATCGAGCCAGAGTTGTT,0,2113180
lacIp,0.14285714285714285,6,6,GTGAGTCATTTCAATCCTGC,0,2104278
lacIp,0.14285714285714285,6,6,GTGAGTATCAGGGCGCACGA,0,2117359
lacIp,0.14285714285714285,6,6,GTGACACAGACACAAGTAAT,0,2096078
lacIp,0.14285714285714285,6,6,GTCTGTTCCGGTTCTCAGTG,0,2117262
lacIp,0.14285714285714285,6,6,GTCTCCAAGATTAGAAATCT,0,2117459
lacIp,0.14285714285714285,6,6,GTCTATCATACTTCATTACA,0,2121359
lacIp,0.14285714285714285,6,6,GTCTACAGGAGCCAGAACAA,0,2115301
lacIp,0.14285714285714285,6,6,GTCGTGCCAAGTAGGTTGGT,0,2107975
lacIp,0.14285714285714285,6,6,GTCGTCGCATCTAATTGCCA,0,2114857
lacIp,0.14285714285714285,6,6,GTCGTAACGGACTTCTACGA,0,2099691
lacIp,0.14285714285714285,6,6,GTCGGGGTACAGCCTCCGTG,0,2087531
lacIp,0.14285714285714285,6,6,GTCGCTCGCTCTCAAGTCCT,0,2098667
lacIp,0.14285714285714285,6,6,GTCGCTAAAAATTCGTAGTT,0,2108810
lacIp,0.14285714285714285,6,6,GTCGCGATGAATCATTGGCT,0,2090707
lacIp,0.14285714285714285,6,6,GTCCCTGCTTTACATCGGTG,0,2095718
lacIp,0.14285714285714285,6,6,GTCCATGCTCACTCCTGTCT,0,2111518
lacIp,0.14285714285714285,6,6,GTCCACTGAACCGTACTATA,0,2100660
lacIp,0.14285714285714285,6,6,GTCAATTTGAGATGGGGCGA,0,2090100
lacIp,0.14285714285714285,6,6,GTATCATGCGGGGGCGAAGG,0,2086277
lacIp,0.14285714285714285,6,6,GTATAGGGCGGCCGCAGATT,0,2095808
lacIp,0.14285714285714285,6,6,GTAGGTAAGGTCCCAGCGCA,0,2115057
lacIp,0.14285714285714285,6,6,GTAGGCCGGACATAATTAGG,0,2119270
lacIp,0.14285714285714285,6,6,GTAGGACTTGAACGCAGGGA,0,2100553
lacIp,0.14285714285714285,6,6,GTAGCGGCATGATTCCTAGT,0,2117789
lacIp,0.14285714285714285,6,6,GTAGCGATCGATGCCAGGAG,0,2099211
lacIp,0.14285714285714285,6,6,GTAGCAGAGAGTACGGGGGG,0,2104389
lacIp,0.14285714285714285,6,6,GTACATATATATTCTCATAC,0,2089156
lacIp,0.14285714285714285,6,6,GTAATTTGAAGCGAAGCTTG,0,2114685
lacIp,0.14285714285714285,6,6,GTAAGCTTCGGAATCAGGTC,0,2090751
lacIp,0.14285714285714285,6,6,GTAACAGGCGAGCCGACTAG,0,2114630
lacIp,0.14285714285714285,6,6,GGTTCGTGCGCACTTAATCT,0,2103415
lacIp,0.14285714285714285,6,6,GGTTCGAACTAGCCCCCAAC,0,2120708
lacIp,0.14285714285714285,6,6,GGTGTAAGGGAAAGGGGAGC,0,2094814
lacIp,0.14285714285714285,6,6,GGTGGTCTATGGTAGTTAGC,0,2108395
lacIp,0.14285714285714285,6,6,GGTCTCGAGACACGCGTGGT,0,2086845
lacIp,0.14285714285714285,6,6,GGTCCTCGTTATCAGGGTCA,0,2096687
lacIp,0.14285714285714285,6,6,GGTATTTGCATTGATCATAC,0,2109720
lacIp,0.14285714285714285,6,6,GGTAGGTAACTCTCGCTATA,0,2110621
lacIp,0.14285714285714285,6,6,GGTAGACACTTCTCTCCGCC,0,2093708
lacIp,0.14285714285714285,6,6,GGTAATTGTCACGGATGAAT,0,2096201
lacIp,0.14285714285714285,6,6,GGGTTGTTACGACTGTAGAG,0,2097546
lacIp,0.14285714285714285,6,6,GGGTGTGGAATGGGAACGAT,0,2090452
lacIp,0.14285714285714285,6,6,GGGTCACAGGTACGCTGGTA,0,2114902
lacIp,0.14285714285714285,6,6,GGGTCAAGGCATATACGGTA,0,2109130
lacIp,0.14285714285714285,6,6,GGGTATAGATGTGCGTGACA,0,2118461
lacIp,0.14285714285714285,6,6,GGGGTTCCACTTAGCGCGCG,0,2111386
lacIp,0.14285714285714285,6,6,GGGGTTCAGACAGCTAACCG,0,2087533
lacIp,0.14285714285714285,6,6,GGGGTATGAACATTTTGTTG,0,2106635
lacIp,0.14285714285714285,6,6,GGGGCGAATGTGTGCCATGT,0,2111400
lacIp,0.14285714285714285,6,6,GGGCTGACCTGGGGCTTGAC,0,2114908
lacIp,0.14285714285714285,6,6,GGGCGTAGCTCATTTGCACT,0,2122240
lacIp,0.14285714285714285,6,6,GGGCGCGGCGCGACTTAGAT,0,2097837
lacIp,0.14285714285714285,6,6,GGGATGGGCCACGACACCGA,0,2111415
lacIp,0.14285714285714285,6,6,GGGATGATGGGTTATGTGTA,0,2093196
lacIp,0.14285714285714285,6,6,GGGAGAACTGTTGCATTCCC,0,2119335
lacIp,0.14285714285714285,6,6,GGGACAATGAACCTCGCTTA,0,2118059
lacIp,0.14285714285714285,6,6,GGCTCGATCCATGGCTACAG,0,2118329
lacIp,0.14285714285714285,6,6,GGCTAAAGATGTTATGTATT,0,2106390
lacIp,0.14285714285714285,6,6,GGCGGTGGTAAGGATCAATA,0,2092003
lacIp,0.14285714285714285,6,6,GGCCGCGTCAATTGATGGCT,0,2108798
lacIp,0.14285714285714285,6,6,GGCCGAGCCGTCCGCCACTA,0,2101059
lacIp,0.14285714285714285,6,6,GGATGGGCCAGCTGGAGTTA,0,2101936
lacIp,0.14285714285714285,6,6,GGATCATTACCGGGGAATTG,0,2111600
lacIp,0.14285714285714285,6,6,GGAGACTCACACAGCCCGCT,0,2117670
lacIp,0.14285714285714285,6,6,GGAGAACGAACCGCTTTGGC,0,2109761
lacIp,0.14285714285714285,6,6,GGACTACATCGCTTAGTTGA,0,2122210
lacIp,0.14285714285714285,6,6,GGACACGCCATCTTCTTAAC,0,2097858
lacIp,0.14285714285714285,6,6,GGAACAGGAGCATACGTGTT,0,2102555
lacIp,0.14285714285714285,6,6,GGAAATACCCCGGCACGAAA,0,2096715
lacIp,0.14285714285714285,6,6,GGAAACCGAGGTCGGGCGAA,0,2119760
lacIp,0.14285714285714285,6,6,GCTTTTGAGTCTCAGAGATC,0,2113530
lacIp,0.14285714285714285,6,6,GCTTGCGAGCATCACCTAAA,0,2117908
lacIp,0.14285714285714285,6,6,GCTTGATCTCATGCTCGTTC,0,2108189
lacIp,0.14285714285714285,6,6,GCTTAAAAAGGCGCGCCCCG,0,2118700
lacIp,0.14285714285714285,6,6,GCTGTAGCTGCTTTGGGCCT,0,2112310
lacIp,0.14285714285714285,6,6,GCTGGTATAACCGATGGCGT,0,2121496
lacIp,0.14285714285714285,6,6,GCTGACGAAAAAGATTCGAA,0,2119339
lacIp,0.14285714285714285,6,6,GCTCTCCAGTAGTGAGTGAT,0,2117158
lacIp,0.14285714285714285,6,6,GCTCTAGTCATCCAGAACAT,0,2112734
lacIp,0.14285714285714285,6,6,GCTCCGTCTTGGCTGGTACA,0,2106575
lacIp,0.14285714285714285,6,6,GCTAATGTGTGCGTGTGAGT,0,2121624
lacIp,0.14285714285714285,6,6,GCGTTTCGGGAGACCGCGGC,0,2108643
lacIp,0.14285714285714285,6,6,GCGTGTGTCTGTCCAACGGC,0,2096334
lacIp,0.14285714285714285,6,6,GCGGAGCGCGCGGCCCATAT,0,2086811
lacIp,0.14285714285714285,6,6,GCGGAATCCGTTTGGTCCCT,0,2119049
lacIp,0.14285714285714285,6,6,GCGCGGACATCCATGCCTTT,0,2114524
lacIp,0.14285714285714285,6,6,GCGCCAGGTTGACTATCGTA,0,2102570
lacIp,0.14285714285714285,6,6,GCGATACTTTTTTGAGCGTG,0,2094914
lacIp,0.14285714285714285,6,6,GCCTTATGTATAACATTTGA,0,2104643
lacIp,0.14285714285714285,6,6,GCCTCTGATAGTTGTTATTA,0,2088227
lacIp,0.14285714285714285,6,6,GCCGGATGATATAAGGTGTG,0,2102905
lacIp,0.14285714285714285,6,6,GCCGCAGCGGATCTATATAC,0,2116292
lacIp,0.14285714285714285,6,6,GCCGACATATATGACGCTAG,0,2116008
lacIp,0.14285714285714285,6,6,GCCCGTATCTCCCTTCGGGA,0,2112082
lacIp,0.14285714285714285,6,6,GCCCGGGAATTTCCGTCGGG,0,2091052
lacIp,0.14285714285714285,6,6,GCCCGATCAAACAATGTCCA,0,2116797
lacIp,0.14285714285714285,6,6,GCCAGTGTTGATTCAAGGTG,0,2090064
lacIp,0.14285714285714285,6,6,GCCACTAGGTGTCGTCCGGA,0,2098362
lacIp,0.14285714285714285,6,6,GCCACATGCGGCTGAAAGAC,0,2107865
lacIp,0.14285714285714285,6,6,GCCAATTGGTATTTTATGGA,0,2099058
lacIp,0.14285714285714285,6,6,GCATCTCGTCGCGATGTGCC,0,2102151
lacIp,0.14285714285714285,6,6,GCATCCGGGAGAAGAAGTCC,0,2113820
lacIp,0.14285714285714285,6,6,GCATCATATATGCTGGGTGA,0,2114560
lacIp,0.14285714285714285,6,6,GCATAACTGCCGCACTAGGA,0,2118496
lacIp,0.14285714285714285,6,6,GCAGATCCATAAGTTAGCTT,0,2113059
lacIp,0.14285714285714285,6,6,GCAGAGATCAAAACCAAGCG,0,2097515
lacIp,0.14285714285714285,6,6,GCACTCGTCGTACCCGGGAA,0,2096489
lacIp,0.14285714285714285,6,6,GCACTACGGCAACGCCCGTT,0,2115574
lacIp,0.14285714285714285,6,6,GCACGTGTATTACTATTAAC,0,2087203
lacIp,0.14285714285714285,6,6,GCACGGACCTCCTTTTGTTA,0,2099030
lacIp,0.14285714285714285,6,6,GCACGATAGAGACCGTACAA,0,2093272
lacIp,0.14285714285714285,6,6,GCAAACCTTATCGACCTGGT,0,2090551
lacIp,0.14285714285714285,6,6,GATGTCTCAGCTTTCCACAG,0,2090653
lacIp,0.14285714285714285,6,6,GATGGGTGAGCTAGGGGAAG,0,2102833
lacIp,0.14285714285714285,6,6,GATCTTCGGGATCAGCCGTG,0,2094627
lacIp,0.14285714285714285,6,6,GATCGTTAACTTGGATTGTG,0,2106978
lacIp,0.14285714285714285,6,6,GATATTCCTTTCGCTGGCCT,0,2112324
lacIp,0.14285714285714285,6,6,GATACCGTAGTATATCTGAC,0,2119208
lacIp,0.14285714285714285,6,6,GAGTGAGCCAGCTTAAGAGA,0,2116962
lacIp,0.14285714285714285,6,6,GAGTGACAAGCTGCGAAGTA,0,2103186
lacIp,0.14285714285714285,6,6,GAGTCGACTCATAAATCATC,0,2088871
lacIp,0.14285714285714285,6,6,GAGGTACAGTGGAGTCATTA,0,2119509
lacIp,0.14285714285714285,6,6,GAGGGCGATCGCATAAGCTA,0,2115880
lacIp,0.14285714285714285,6,6,GAGGCGACGTAACTCAGCCT,0,2085822
lacIp,0.14285714285714285,6,6,GAGGCATCTAGTCCGGCTCA,0,2107940
lacIp,0.14285714285714285,6,6,GAGGATCGGATCCCAATGGT,0,2088103
lacIp,0.14285714285714285,6,6,GAGGAAGTAGACGTAAACTT,0,2108609
lacIp,0.14285714285714285,6,6,GAGGAAACGATATTACTCCG,0,2116180
lacIp,0.14285714285714285,6,6,GAGCGCCGAGACACACGGCG,0,2096571
lacIp,0.14285714285714285,6,6,GAGCGCATTGCATCGTGACT,0,2090033
lacIp,0.14285714285714285,6,6,GAGCATCGAACGAGAGGTCT,0,2090986
lacIp,0.14285714285714285,6,6,GAGCACGGAAAGGGCCACTC,0,2088432
lacIp,0.14285714285714285,6,6,GAGCACAGAACGAGTAACAG,0,2088566
lacIp,0.14285714285714285,6,6,GAGATCAATGCGTTCTGCAA,0,2092851
lacIp,0.14285714285714285,6,6,GACTTGTAGAGCTTCATGAC,0,2111052
lacIp,0.14285714285714285,6,6,GACTTATTCTGTAGATTATC,0,2119292
lacIp,0.14285714285714285,6,6,GACTTAGTCCGCCGCTAAAC,0,2104741
lacIp,0.14285714285714285,6,6,GACTACATGTACTTTGAAGT,0,2120706
lacIp,0.14285714285714285,6,6,GACGGGTACACATCGCGCTT,0,2106502
lacIp,0.14285714285714285,6,6,GACGCGACGCCTACGGAACC,0,2098759
lacIp,0.14285714285714285,6,6,GACGATCGATGGTGAGTCCT,0,2122055
lacIp,0.14285714285714285,6,6,GACGATAGGAAAGATACTTA,0,2103972
lacIp,0.14285714285714285,6,6,GACCTGCACGGTTTAAACAT,0,2109611
lacIp,0.14285714285714285,6,6,GACCGCCCTGGGAGAAAAGC,0,2121753
lacIp,0.14285714285714285,6,6,GACATGACGTGTACTTCTCC,0,2103523
lacIp,0.14285714285714285,6,6,GACAATAAGCTGTCGAACAT,0,2092565
lacIp,0.14285714285714285,6,6,GAATGCGTTCATGGGCGCGG,0,2095771
lacIp,0.14285714285714285,6,6,GAATAAGGTTCTGTAGCGAG,0,2119506
lacIp,0.14285714285714285,6,6,GAAGTCCCGCAGATACGCGA,0,2108828
lacIp,0.14285714285714285,6,6,GAAGTAAAAGTCTGCTGTGT,0,2088413
lacIp,0.14285714285714285,6,6,GAAGAAGGCGATCCTCGAGC,0,2086693
lacIp,0.14285714285714285,6,6,GAACGTGTTGAAATCGATTA,0,2107372
lacIp,0.14285714285714285,6,6,GAACCCAAAACTTGCTAGAC,0,2120998
lacIp,0.14285714285714285,6,6,GAACCAAGAAATGTCCGACC,0,2099485
lacIp,0.14285714285714285,6,6,GAACACTTGCACAATGGACC,0,2103344
lacIp,0.14285714285714285,6,6,GAACACCAGATACGAGTTGT,0,2088704
lacIp,0.14285714285714285,6,6,GAACAAGCTCGGGTATTGTT,0,2090763
lacIp,0.14285714285714285,6,6,GAAAGTGCGCCCGATCACTA,0,2116694
lacIp,0.14285714285714285,6,6,GAAACGTCAAAAGGCGTGGC,0,2117861
lacIp,0.14285714285714285,6,6,CTTTTCCGGCTTCAGAGACG,0,2089447
lacIp,0.14285714285714285,6,6,CTTTCCAGTAAGCACTGCTC,0,2099870
lacIp,0.14285714285714285,6,6,CTTTAGTCCTTAACCTACTC,0,2090266
lacIp,0.14285714285714285,6,6,CTTGTCAGCGAAGCCGTCGG,0,2089264
lacIp,0.14285714285714285,6,6,CTTGCGTGGGCTGATCCTGG,0,2107596
lacIp,0.14285714285714285,6,6,CTTGCCTCGCAAGTGGTGGT,0,2110668
lacIp,0.14285714285714285,6,6,CTTCCTGACCCCTGGCACAT,0,2109068
lacIp,0.14285714285714285,6,6,CTTCCAAAGCACGAGAAAGA,0,2088765
lacIp,0.14285714285714285,6,6,CTTACCCTTCGATGTCATTC,0,2098598
lacIp,0.14285714285714285,6,6,CTTACCATGTGGCCGATATA,0,2109381
lacIp,0.14285714285714285,6,6,CTTACAGCGAGTACCCCCGC,0,2114837
lacIp,0.14285714285714285,6,6,CTGTCAACCGAAAATAAGCA,0,2116000
lacIp,0.14285714285714285,6,6,CTGTATAAGCTGGCATGGCA,0,2118500
lacIp,0.14285714285714285,6,6,CTGGTCCGGCAAGTCCCACA,0,2115464
lacIp,0.14285714285714285,6,6,CTGGGTGGCGTTTTCACCTA,0,2117014
lacIp,0.14285714285714285,6,6,CTGGGTATCACGATTCCTTA,0,2100373
lacIp,0.14285714285714285,6,6,CTGGGCTGGGTGTACCCAAA,0,2086534
lacIp,0.14285714285714285,6,6,CTGGCTATCGGGGTTGTGAA,0,2104803
lacIp,0.14285714285714285,6,6,CTGGATGGAAAGATATATTT,0,2118261
lacIp,0.14285714285714285,6,6,CTGGATCAGCCCTTACAATT,0,2114459
lacIp,0.14285714285714285,6,6,CTGCTTTGAATCTCTCCTGG,0,2117116
lacIp,0.14285714285714285,6,6,CTGCTGTCGAACGTAAAATC,0,2086577
lacIp,0.14285714285714285,6,6,CTGCGTAACTAAAGTTATTC,0,2094629
lacIp,0.14285714285714285,6,6,CTGCATGTACCCTGATCGGG,0,2113245
lacIp,0.14285714285714285,6,6,CTGCATAGCTAGTGACGCAC,0,2120891
lacIp,0.14285714285714285,6,6,CTGAGCCTCAACCGGCGGGG,0,2102936
lacIp,0.14285714285714285,6,6,CTGAACCGGAGTGCTTACCC,0,2086306
lacIp,0.14285714285714285,6,6,CTGAAACAAATCCCTTCTAC,0,2117047
lacIp,0.14285714285714285,6,6,CTCGGGTCTGGCCTGTAGTA,0,2118036
lacIp,0.14285714285714285,6,6,CTCGCCCAGATCAACTTATG,0,2098299
lacIp,0.14285714285714285,6,6,CTCGAAGACTGGATTGACAA,0,2104713
lacIp,0.14285714285714285,6,6,CTCCTCCCGAACGTATCTCA,0,2085984
lacIp,0.14285714285714285,6,6,CTCCAGATTATCTGGACTCA,0,2117154
lacIp,0.14285714285714285,6,6,CTCACTGCACGGACCAGAAC,0,2087078
lacIp,0.14285714285714285,6,6,CTCAATCGCAGCGTAGTAAA,0,2112846
lacIp,0.14285714285714285,6,6,CTCAAGTGCGCTCCGCGTTG,0,2119564
lacIp,0.14285714285714285,6,6,CTATTTTCGTCTCCTCACTC,0,2095988
lacIp,0.14285714285714285,6,6,CTATCCTTGGTGGCCATCTC,0,2120353
lacIp,0.14285714285714285,6,6,CTATAGAAAGGGCGTAACTC,0,2111991
lacIp,0.14285714285714285,6,6,CTAGTTTAAGTCGGCTCTTT,0,2116958
lacIp,0.14285714285714285,6,6,CTACTCGTTAGGCACTATCC,0,2085847
lacIp,0.14285714285714285,6,6,CTACCAACTCATGACTGCCA,0,2091804
lacIp,0.14285714285714285,6,6,CTACACTGATAACGGCTTGA,0,2086256
lacIp,0.14285714285714285,6,6,CTACAACCGCACGTTCCTCT,0,2115873
lacIp,0.14285714285714285,6,6,CTAAGACATGCGTTATGACT,0,2120879
lacIp,0.14285714285714285,6,6,CGTTGGACTAACAGGACTAT,0,2118098
lacIp,0.14285714285714285,6,6,CGTGTCTGCCTGTCGCGACG,0,2087410
lacIp,0.14285714285714285,6,6,CGTGGGACCTATTCCGCACT,0,2100078
lacIp,0.14285714285714285,6,6,CGTGCGCTGATATACCATCG,0,2116264
lacIp,0.14285714285714285,6,6,CGTGCCTACACGTTGCCCTT,0,2114284
lacIp,0.14285714285714285,6,6,CGTGCCGCGATTCGAGCAGG,0,2119915
lacIp,0.14285714285714285,6,6,CGTCTTGCATGGGAGTGTAG,0,2101859
lacIp,0.14285714285714285,6,6,CGTCCCCTAGCCGCCCTCGA,0,2093270
lacIp,0.14285714285714285,6,6,CGTCATGCCTAGCAAAAGTC,0,2119944
lacIp,0.14285714285714285,6,6,CGTAGTATGCATGGGCGGAG,0,2119897
lacIp,0.14285714285714285,6,6,CGTAAAGACCCGGTGAGTTA,0,2087336
lacIp,0.14285714285714285,6,6,CGGTCCCCCTACCCCTGTAT,0,2101051
lacIp,0.14285714285714285,6,6,CGGTCCCATGGTCCTTTCCT,0,2093850
lacIp,0.14285714285714285,6,6,CGGGCTGGATTCGCCCACGA,0,2109081
lacIp,0.14285714285714285,6,6,CGGGCCTCGGACGCAGGATG,0,2103142
lacIp,0.14285714285714285,6,6,CGGGAGCGCAGATCTTATGT,0,2093119
lacIp,0.14285714285714285,6,6,CGGCCCTCTGCATGTCGTCC,0,2095430
lacIp,0.14285714285714285,6,6,CGGAGGGACACCTCTACTTG,0,2090350
lacIp,0.14285714285714285,6,6,CGGACTGCCAGTACATGGAC,0,2092933
lacIp,0.14285714285714285,6,6,CGCTTGACAAATGCTTAACT,0,2098314
lacIp,0.14285714285714285,6,6,CGCTCACGACTTTATCTTAG,0,2097898
lacIp,0.14285714285714285,6,6,CGCTAAAACGACAAACATGC,0,2113256
lacIp,0.14285714285714285,6,6,CGCGTGCGGGCCTGCGGGTG,0,2112217
lacIp,0.14285714285714285,6,6,CGCGTCTTAACCGGACCACA,0,2098954
lacIp,0.14285714285714285,6,6,CGCGGTTTTATAGCCTGCAG,0,2112778
lacIp,0.14285714285714285,6,6,CGCGGAGACGCGAGATCGGG,0,2095593
lacIp,0.14285714285714285,6,6,CGCGACATGATGACGGGTCG,0,2102400
lacIp,0.14285714285714285,6,6,CGCCTTACTTCCGCTTGCAA,0,2098966
lacIp,0.14285714285714285,6,6,CGCCGATCTTAGTACTCGCT,0,2117727
lacIp,0.14285714285714285,6,6,CGCCAGTTCGATAATACTAC,0,2096118
lacIp,0.14285714285714285,6,6,CGCAACTGTTCAAGCTGCTC,0,2102118
lacIp,0.14285714285714285,6,6,CGCAAATGCTCCACGCGTAA,0,2087536
lacIp,0.14285714285714285,6,6,CGCAAAGGTTGATAACTCAC,0,2115842
lacIp,0.14285714285714285,6,6,CGAGTGCAGACTATTACTAG,0,2109604
lacIp,0.14285714285714285,6,6,CGAGGCTTCATGATCTTTGC,0,2112739
lacIp,0.14285714285714285,6,6,CGAGGAGCTGAATGTAATTA,0,2115657
lacIp,0.14285714285714285,6,6,CGAGCAGCTGGACCCTGGAT,0,2113090
lacIp,0.14285714285714285,6,6,CGAGAGGCATCGGTGACCGA,0,2088829
lacIp,0.14285714285714285,6,6,CGACTTACTGCTCAAGTAGA,0,2120266
lacIp,0.14285714285714285,6,6,CGAACCGGGATAGACTTGGT,0,2092918
lacIp,0.14285714285714285,6,6,CCTTCTCCGACGCGGCCGCA,0,2108667
lacIp,0.14285714285714285,6,6,CCTGATAAAGACCGTCAGTC,0,2093049
lacIp,0.14285714285714285,6,6,CCTGAGCATTTAGTCCTAAA,0,2112087
lacIp,0.14285714285714285,6,6,CCTGACCGCCAGGGGGGGTT,0,2086022
lacIp,0.14285714285714285,6,6,CCTGAATGATTATTTGGGAT,0,2103248
lacIp,0.14285714285714285,6,6,CCTCGTACAACGACAAGTGA,0,2092806
lacIp,0.14285714285714285,6,6,CCTCGATGAATGGACGATAA,0,2088384
lacIp,0.14285714285714285,6,6,CCTATTTAACGGACGGTACT,0,2111820
lacIp,0.14285714285714285,6,6,CCTATATTCCTCACGGGATA,0,2094197
lacIp,0.14285714285714285,6,6,CCTAGACGTTATCGCAGCTT,0,2117129
lacIp,0.14285714285714285,6,6,CCGTTGCCTCGTCGCTTCGG,0,2117534
lacIp,0.14285714285714285,6,6,CCGTTCGGAATGTGAGGGGT,0,2103498
lacIp,0.14285714285714285,6,6,CCGGGGCTGGCAGCTCGAGC,0,2107439
lacIp,0.14285714285714285,6,6,CCGGGCTCCGTATCAACCAG,0,2110373
lacIp,0.14285714285714285,6,6,CCGGGCAGGCGCTCACTACA,0,2115141
lacIp,0.14285714285714285,6,6,CCGGCTAAAGGGCTAAATAA,0,2109904
lacIp,0.14285714285714285,6,6,CCGCGGACGTGGCGATATGT,0,2093982
lacIp,0.14285714285714285,6,6,CCGCGATTTAGTCACGGGGA,0,2094425
lacIp,0.14285714285714285,6,6,CCGATTCACGAGAGTGCCCG,0,2115434
lacIp,0.14285714285714285,6,6,CCGATTATCTCGACATATTG,0,2110100
lacIp,0.14285714285714285,6,6,CCGAGGGGATATCGTAACGG,0,2107092
lacIp,0.14285714285714285,6,6,CCGACCCTCGGCAACGTGGT,0,2085961
lacIp,0.14285714285714285,6,6,CCGACAATTAGCGTCCCCGC,0,2097130
lacIp,0.14285714285714285,6,6,CCGACAAAACGATGTGTGAA,0,2097918
lacIp,0.14285714285714285,6,6,CCGAAGGTAACAATATTAGG,0,2117575
lacIp,0.14285714285714285,6,6,CCCTTGTTAAGTCTGGTTCA,0,2119404
lacIp,0.14285714285714285,6,6,CCCTGACGATTACGGTGTCT,0,2099415
lacIp,0.14285714285714285,6,6,CCCGTCGTAGATTAGTGCAT,0,2107122
lacIp,0.14285714285714285,6,6,CCCGGTTGAATATGTCATTG,0,2121326
lacIp,0.14285714285714285,6,6,CCCGCGTCAATATGACAGAG,0,2102334
lacIp,0.14285714285714285,6,6,CCCGCCCCGCTCCTGAAGCC,0,2121486
lacIp,0.14285714285714285,6,6,CCCGCCCCACCCCCCGGGCG,0,2120546
lacIp,0.14285714285714285,6,6,CCCGAGGCGAGGTTTTAGCT,0,2103825
lacIp,0.14285714285714285,6,6,CCATTATGATTCCCACGCCC,0,2121657
lacIp,0.14285714285714285,6,6,CCATGCCGGGTATCAGGCTT,0,2092337
lacIp,0.14285714285714285,6,6,CCATGACCATATAAGAGTGT,0,2085827
lacIp,0.14285714285714285,6,6,CCATCCGTAGGGCTCACAAG,0,2104894
lacIp,0.14285714285714285,6,6,CCAGTTTCGCGTGCTTTATG,0,2106968
lacIp,0.14285714285714285,6,6,CCAGTTACCCGTTGCCTAGG,0,2121254
lacIp,0.14285714285714285,6,6,CCAGGGTTCGATGCCTCTCA,0,2113500
lacIp,0.14285714285714285,6,6,CCAGGCTCAGAATGGTGCAG,0,2117494
lacIp,0.14285714285714285,6,6,CCAGCTGCTAACACGAACTA,0,2114875
lacIp,0.14285714285714285,6,6,CCACCATTGGTTTCGGTCCC,0,2113966
lacIp,0.14285714285714285,6,6,CCACCAAGAGGGGTTTAAGT,0,2110360
lacIp,0.14285714285714285,6,6,CCAAGTTCACGTGCGCGATA,0,2094397
lacIp,0.14285714285714285,6,6,CCAACCTATCCGACGCGGAT,0,2093310
lacIp,0.14285714285714285,6,6,CCAAACCAGAGATTCCTGTA,0,2106591
lacIp,0.14285714285714285,6,6,CATTTGGAAAGGGGTATATA,0,2105131
lacIp,0.14285714285714285,6,6,CATTCAACTGTGGCCTCTCG,0,2104149
lacIp,0.14285714285714285,6,6,CATTAGCTTTTTGGCCCACT,0,2090052
lacIp,0.14285714285714285,6,6,CATGGGGACTTAGCTATGGT,0,2090211
lacIp,0.14285714285714285,6,6,CATGGGAGCGGGGAAGGATT,0,2101871
lacIp,0.14285714285714285,6,6,CATGCCCGTGTAAGGACATG,0,2091621
lacIp,0.14285714285714285,6,6,CATCCGGTAGAGCTCCCAGT,0,2101246
lacIp,0.14285714285714285,6,6,CATCCAGGAGCGTAAACTAA,0,2102654
lacIp,0.14285714285714285,6,6,CATCCAATGAACCCAGCTTT,0,2120863
lacIp,0.14285714285714285,6,6,CATCATACGATCATGATCCA,0,2106850
lacIp,0.14285714285714285,6,6,CATCAGCTTTTCCAGGCGAC,0,2102911
lacIp,0.14285714285714285,6,6,CATCAATGACTATACATCTC,0,2090856
lacIp,0.14285714285714285,6,6,CATATGAGTCCGCTCTTTGG,0,2121927
lacIp,0.14285714285714285,6,6,CATAAACAGTTGTCGAACCC,0,2120026
lacIp,0.14285714285714285,6,6,CAGTCCCGCCAGGTGACGTA,0,2093707
lacIp,0.14285714285714285,6,6,CAGTCACCATCTTAGTGCAA,0,2103529
lacIp,0.14285714285714285,6,6,CAGGGTTACAGCAGTGAGGC,0,2088572
lacIp,0.14285714285714285,6,6,CAGGGACAGGGAATACAATT,0,2107683
lacIp,0.14285714285714285,6,6,CAGGCGTCCGATACCCAACA,0,2087302
lacIp,0.14285714285714285,6,6,CAGGAAAAAGGAGATATCAT,0,2102742
lacIp,0.14285714285714285,6,6,CAGCGCACGTACCGACAACT,0,2104153
lacIp,0.14285714285714285,6,6,CAGCCAGGGGATCCATCCTT,0,2093479
lacIp,0.14285714285714285,6,6,CAGAGCAATCAGACTGGTCA,0,2094728
lacIp,0.14285714285714285,6,6,CAGACACTATACTATGCAAA,0,2088226
lacIp,0.14285714285714285,6,6,CAGAATTGCTGCCACCCGCA,0,2092456
lacIp,0.14285714285714285,6,6,CACGGGTTACCACGCGATCT,0,2117972
lacIp,0.14285714285714285,6,6,CACGCTCGGTCGTTCCGCAG,0,2108846
lacIp,0.14285714285714285,6,6,CACGCCGCGACACAGCCAGC,0,2108033
lacIp,0.14285714285714285,6,6,CACGCAGCGTTAAAAAGAAC,0,2087980
lacIp,0.14285714285714285,6,6,CACCTGTGATGTTCCAGGCT,0,2106593
lacIp,0.14285714285714285,6,6,CACCTGTCGTGTGAATGGCC,0,2107315
lacIp,0.14285714285714285,6,6,CACCGAAACACGTGAATCGA,0,2092224
lacIp,0.14285714285714285,6,6,CACCCTTAGCCCTGCCTGGG,0,2092155
lacIp,0.14285714285714285,6,6,CACCCCTAGGTACAACAGTA,0,2116770
lacIp,0.14285714285714285,6,6,CACAGTGTCCGTTCTACGGC,0,2108079
lacIp,0.14285714285714285,6,6,CACACAACCAGGCCGTATCA,0,2098271
lacIp,0.14285714285714285,6,6,CAATTTGGCGCGTTGCTTCC,0,2088417
lacIp,0.14285714285714285,6,6,CAATTCATGACATCGTGATC,0,2102948
lacIp,0.14285714285714285,6,6,CAATGTAAAAATGTTGGTTT,0,2108019
lacIp,0.14285714285714285,6,6,CAAGGTTGACAGTCATTCCC,0,2098112
lacIp,0.14285714285714285,6,6,CAAGGTCTACGGAGGCATTA,0,2108808
lacIp,0.14285714285714285,6,6,CAAGGGGTCTCTGCGGCCGC,0,2091679
lacIp,0.14285714285714285,6,6,CAAGGAGTATGCCAGTAAAT,0,2102639
lacIp,0.14285714285714285,6,6,CAAGGACAACGACTAAAACT,0,2094913
lacIp,0.14285714285714285,6,6,CAAGCGTTTTCCGATGCGGT,0,2104738
lacIp,0.14285714285714285,6,6,CAACGGACGGATAGACACGT,0,2115213
lacIp,0.14285714285714285,6,6,CAACCCACTCGTAGATTATT,0,2122189
lacIp,0.14285714285714285,6,6,CAACCAGAATAACGGTTTTC,0,2097758
lacIp,0.14285714285714285,6,6,CAAAGTCGTCCGGTGATTCA,0,2112335
lacIp,0.14285714285714285,6,6,CAAACGTGGATCGGCGGGTG,0,2099423
lacIp,0.14285714285714285,6,6,CAAACGGCGAAAGTTTCATG,0,2121581
lacIp,0.14285714285714285,6,6,CAAAAGAGGTAACGACTTCG,0,2088314
lacIp,0.14285714285714285,6,6,ATTTTTTTTTGTGTAAAATT,0,2118256
lacIp,0.14285714285714285,6,6,ATTTTCGTAGGTGCTTCGCG,0,2103372
lacIp,0.14285714285714285,6,6,ATTTTATTACTTAGGGCTTT,0,2099150
lacIp,0.14285714285714285,6,6,ATTTGTTAAAAGGCGTTTTT,0,2095357
lacIp,0.14285714285714285,6,6,ATTTGGAGAAAAATGTCGTC,0,2103004
lacIp,0.14285714285714285,6,6,ATTTACCATCCGAGCGGCTT,0,2105697
lacIp,0.14285714285714285,6,6,ATTGTCGAGGTTATAGGCGC,0,2122015
lacIp,0.14285714285714285,6,6,ATTCCAATTGGGCTACCACC,0,2108752
lacIp,0.14285714285714285,6,6,ATTAGGTGCTAAGAACGTTT,0,2116258
lacIp,0.14285714285714285,6,6,ATTAGGTGATGCACACTAGA,0,2096801
lacIp,0.14285714285714285,6,6,ATTAGCATGAGTCCGAACCA,0,2094025
lacIp,0.14285714285714285,6,6,ATTAGACAAACATGGTATGG,0,2107326
lacIp,0.14285714285714285,6,6,ATTAACTGCAGTAAAGGATG,0,2101462
lacIp,0.14285714285714285,6,6,ATGTTAGTGGACAGAGTTAG,0,2090580
lacIp,0.14285714285714285,6,6,ATGTCTGGTAGCCGACGCGT,0,2092120
lacIp,0.14285714285714285,6,6,ATGTAACTAAACCCGTTTGC,0,2111457
lacIp,0.14285714285714285,6,6,ATGGTTCGACCCTTGAGGAA,0,2105827
lacIp,0.14285714285714285,6,6,ATGGTGTTCAAATGGTGAGG,0,2100537
lacIp,0.14285714285714285,6,6,ATGGGGGCGCATCGTATGGC,0,2086821
lacIp,0.14285714285714285,6,6,ATGGCACAGGCATAAGTTTG,0,2092339
lacIp,0.14285714285714285,6,6,ATGGATCAAGGGATAGGGGG,0,2090571
lacIp,0.14285714285714285,6,6,ATGGATACCCGAACAACAAT,0,2100712
lacIp,0.14285714285714285,6,6,ATGGACATGACCCAGCGGTA,0,2100464
lacIp,0.14285714285714285,6,6,ATGGAACCCTACGCTCGGTA,0,2107407
lacIp,0.14285714285714285,6,6,ATGCGTCGTCGTGTCTTTCG,0,2108198
lacIp,0.14285714285714285,6,6,ATGCGGGATCGCACTGGACT,0,2114797
lacIp,0.14285714285714285,6,6,ATGCCCGGTACGGTTTAAGT,0,2086777
lacIp,0.14285714285714285,6,6,ATGAATCAGGGTAGAGACAT,0,2110308
lacIp,0.14285714285714285,6,6,ATCTTTCACCGAGTGCCAGA,0,2110501
lacIp,0.14285714285714285,6,6,ATCTCCGTCTAACTGCACTA,0,2107630
lacIp,0.14285714285714285,6,6,ATCTAGGCGAGTTTACCTAC,0,2092169
lacIp,0.14285714285714285,6,6,ATCGTACTTAACGTCACGAG,0,2113153
lacIp,0.14285714285714285,6,6,ATCGTAAACAAAAACAAAGA,0,2102223
lacIp,0.14285714285714285,6,6,ATCGTAAAAGGCAAGCACAG,0,2119494
lacIp,0.14285714285714285,6,6,ATCGCGGACCCGTTTCCCAT,0,2115894
lacIp,0.14285714285714285,6,6,ATCGAAAACAAAAATGAAAC,0,2108763
lacIp,0.14285714285714285,6,6,ATCAGACATATAAAAGAAGA,0,2115460
lacIp,0.14285714285714285,6,6,ATCACAAAACTTAGCCGTGT,0,2095240
lacIp,0.14285714285714285,6,6,ATATTGCGTAAAGTTGTCTT,0,2116968
lacIp,0.14285714285714285,6,6,ATATTGATGTCGCTTATCAA,0,2091128
lacIp,0.14285714285714285,6,6,ATAGGGTTCGATAGTACGAC,0,2086236
lacIp,0.14285714285714285,6,6,ATAGCCATGCCGGGGGGGGA,0,2090788
lacIp,0.14285714285714285,6,6,ATACTTGATTTCTTACAATG,0,2116923
lacIp,0.14285714285714285,6,6,ATACTACTAGAGAGAAGCTT,0,2113399
lacIp,0.14285714285714285,6,6,ATACCTTGCATAGCCCTGAC,0,2090609
lacIp,0.14285714285714285,6,6,ATAAGACCGCGATGCGTGTC,0,2101193
lacIp,0.14285714285714285,6,6,ATAACCCCGCGCCCTCATGT,0,2106469
lacIp,0.14285714285714285,6,6,ATAAACGGGCAAAGAGTGCC,0,2087380
lacIp,0.14285714285714285,6,6,AGTTTTATTCGTGTACGGTA,0,2089406
lacIp,0.14285714285714285,6,6,AGTTGGCACGTTGATGCACC,0,2116098
lacIp,0.14285714285714285,6,6,AGTTGCGCTGCTTCGTTCAC,0,2087374
lacIp,0.14285714285714285,6,6,AGTTCTTCATCTGCGACATA,0,2117849
lacIp,0.14285714285714285,6,6,AGTTCGGTCACCCTGTTTGA,0,2097235
lacIp,0.14285714285714285,6,6,AGTTCCTTGCCAATACCTTG,0,2095142
lacIp,0.14285714285714285,6,6,AGTTCCTCACTGCGCCCCTT,0,2109320
lacIp,0.14285714285714285,6,6,AGTTATCCGCCCCCGGGTCA,0,2093084
lacIp,0.14285714285714285,6,6,AGTGACATAACGATGCTGAA,0,2114354
lacIp,0.14285714285714285,6,6,AGTCTGCGCACGATATGCTG,0,2101267
lacIp,0.14285714285714285,6,6,AGTCTCAGGCGCTGAAATCG,0,2086988
lacIp,0.14285714285714285,6,6,AGTCTATATTCATCGAGAGT,0,2093016
lacIp,0.14285714285714285,6,6,AGTCTACGCGATTACGAATG,0,2091768
lacIp,0.14285714285714285,6,6,AGTCAGGTATATGTATCAGC,0,2091154
lacIp,0.14285714285714285,6,6,AGTCAAAATGACACGCCCTA,0,2110077
lacIp,0.14285714285714285,6,6,AGTATAGGGGAGAGTTGTGG,0,2094065
lacIp,0.14285714285714285,6,6,AGTATACACGAAGTGTAATT,0,2120221
lacIp,0.14285714285714285,6,6,AGTAAATTCGTTAGGATCCT,0,2086806
lacIp,0.14285714285714285,6,6,AGTAAACGCGCTATAAAAGC,0,2114467
lacIp,0.14285714285714285,6,6,AGGTATGGCGATCAGGATCA,0,2110291
lacIp,0.14285714285714285,6,6,AGGGTCGTAGGAAAGAGTCT,0,2108426
lacIp,0.14285714285714285,6,6,AGGGGGTGCATCCCATCAAA,0,2107429
lacIp,0.14285714285714285,6,6,AGGGCGGACGTTAACCGCCA,0,2107181
lacIp,0.14285714285714285,6,6,AGGGATTCAGAGTAATAATA,0,2108409
lacIp,0.14285714285714285,6,6,AGGGAACCAGTCGCTTTGGT,0,2087412
lacIp,0.14285714285714285,6,6,AGGCCAGCCAAATGCGACAG,0,2116006
lacIp,0.14285714285714285,6,6,AGGATGCTTTGGAGCAAACT,0,2094182
lacIp,0.14285714285714285,6,6,AGGATGATGACATGGTCGAT,0,2109281
lacIp,0.14285714285714285,6,6,AGGATCACTGATTCCGGGCA,0,2105193
lacIp,0.14285714285714285,6,6,AGGACTGCTTACTCATAGGC,0,2116462
lacIp,0.14285714285714285,6,6,AGCTGTTCCGCTTCTAGAGC,0,2108176
lacIp,0.14285714285714285,6,6,AGCTGGCGGGAAGGGATGAC,0,2089882
lacIp,0.14285714285714285,6,6,AGCTGACGGCCTGAAGAGAG,0,2101958
lacIp,0.14285714285714285,6,6,AGCTATATGGCCACATAGAT,0,2091871
lacIp,0.14285714285714285,6,6,AGCGCGTAGCACGTAAACCA,0,2121149
lacIp,0.14285714285714285,6,6,AGCGAAAAGGAACTGTGCCC,0,2094235
lacIp,0.14285714285714285,6,6,AGCCTGCGATCAACCTAACG,0,2106497
lacIp,0.14285714285714285,6,6,AGATTTTGCTCCGGATCAGC,0,2115410
lacIp,0.14285714285714285,6,6,AGATTTCCTACTCGTTTGTG,0,2092946
lacIp,0.14285714285714285,6,6,AGATCTTATTTCCACGCTTC,0,2096391
lacIp,0.14285714285714285,6,6,AGATCATTACGCAGGGTATG,0,2106942
lacIp,0.14285714285714285,6,6,AGATCATGGCTAATAAGCCG,0,2112242
lacIp,0.14285714285714285,6,6,AGAGTAATGCTGCTGTATCA,0,2107703
lacIp,0.14285714285714285,6,6,AGAGGCTTGCCCGCTCCTGA,0,2108533
lacIp,0.14285714285714285,6,6,AGAGCAGCACTATACGGGCT,0,2086298
lacIp,0.14285714285714285,6,6,AGAGAAGACCAGCGTACACT,0,2087414
lacIp,0.14285714285714285,6,6,AGACTCCGCTACTCTCAATG,0,2104341
lacIp,0.14285714285714285,6,6,AGACGGGAGGGCCAAAGATT,0,2089751
lacIp,0.14285714285714285,6,6,AGACCACAGATGTTTGAATT,0,2109634
lacIp,0.14285714285714285,6,6,AGAATCGAGTGACTAGGTAG,0,2110238
lacIp,0.14285714285714285,6,6,AGAAGCCTCCGACCATACTA,0,2093662
lacIp,0.14285714285714285,6,6,ACTTGAGTGATCAATAACTC,0,2110266
lacIp,0.14285714285714285,6,6,ACTTACAGATCCCCGCCGAA,0,2119392
lacIp,0.14285714285714285,6,6,ACTGGATAGAGCCGATTGGA,0,2109827
lacIp,0.14285714285714285,6,6,ACTGAAACTTGGAGACGTTT,0,2100266
lacIp,0.14285714285714285,6,6,ACTCGGCTTATTGCTGAAAG,0,2098195
lacIp,0.14285714285714285,6,6,ACTCGGAACGCAGGCCAGAA,0,2105889
lacIp,0.14285714285714285,6,6,ACTCCAGTCCCGAGGAGTCA,0,2097548
lacIp,0.14285714285714285,6,6,ACTCATCGTTGTTACTCCTA,0,2102746
lacIp,0.14285714285714285,6,6,ACTACGGGCTGTAGACCTGC,0,2099979
lacIp,0.14285714285714285,6,6,ACGTCCACGCCCGCCTCCAT,0,2120821
lacIp,0.14285714285714285,6,6,ACGTCAATTTGGGAGTCTAT,0,2118962
lacIp,0.14285714285714285,6,6,ACGGAGGGGTGGCTTGACTA,0,2102717
lacIp,0.14285714285714285,6,6,ACGCGCTGGGCACCCAAGAC,0,2119542
lacIp,0.14285714285714285,6,6,ACGCGCCGCTTTGGGGCCTC,0,2116062
lacIp,0.14285714285714285,6,6,ACGATCCGATCGCCGCTAGT,0,2087305
lacIp,0.14285714285714285,6,6,ACGACTTCGTAATAACCGGC,0,2119937
lacIp,0.14285714285714285,6,6,ACGAAACGCGAGGTCCCAGG,0,2109873
lacIp,0.14285714285714285,6,6,ACCTGGTGAAGAGTTTATGA,0,2087691
lacIp,0.14285714285714285,6,6,ACCTGGGTTTCCCGGGGTCG,0,2106144
lacIp,0.14285714285714285,6,6,ACCTACGACAAGGTCATTCT,0,2097196
lacIp,0.14285714285714285,6,6,ACCGACTCTCAGATAGGGTA,0,2091677
lacIp,0.14285714285714285,6,6,ACCCTGTCCAGGTAACGGGA,0,2095950
lacIp,0.14285714285714285,6,6,ACCCACCGCGGAGCTCTCAG,0,2086390
lacIp,0.14285714285714285,6,6,ACCCAACGGGAAGCGATTGG,0,2089859
lacIp,0.14285714285714285,6,6,ACCATACGGTTTCTCCGCTG,0,2096310
lacIp,0.14285714285714285,6,6,ACCAGACTTAGCCTAGACTG,0,2094550
lacIp,0.14285714285714285,6,6,ACCAATTGAGCCGGAGTTCC,0,2107284
lacIp,0.14285714285714285,6,6,ACCAACGAAAGGGATTCTTG,0,2118481
lacIp,0.14285714285714285,6,6,ACATGTTAATTCTGGCACTA,0,2089694
lacIp,0.14285714285714285,6,6,ACAGCCTGTCAGCTTGCACT,0,2114117
lacIp,0.14285714285714285,6,6,ACAGAGCTCGCGATGCGAGA,0,2108831
lacIp,0.14285714285714285,6,6,ACACTTTTTAAAGTAAGACT,0,2109558
lacIp,0.14285714285714285,6,6,ACACTATGTATTTTCGTCCA,0,2119403
lacIp,0.14285714285714285,6,6,ACAACTTGTCATTACTTATC,0,2110573
lacIp,0.14285714285714285,6,6,ACAACGCGCAAATGCGGGGG,0,2121266
lacIp,0.14285714285714285,6,6,AATTGAACGATATCGGGGCT,0,2085901
lacIp,0.14285714285714285,6,6,AATTATACTTTCAGAGGCGC,0,2111583
lacIp,0.14285714285714285,6,6,AATTAGGTACCTTGCCGCAT,0,2096940
lacIp,0.14285714285714285,6,6,AATTAGCCGTGGCCGTTTTA,0,2104532
lacIp,0.14285714285714285,6,6,AATGAACTTTTACTCGTGAC,0,2108396
lacIp,0.14285714285714285,6,6,AATCCTTGTGTGGCTTTCAA,0,2107293
lacIp,0.14285714285714285,6,6,AATATGTCCTTTGACGGTTC,0,2108308
lacIp,0.14285714285714285,6,6,AAGTTATGTATTACGGATAA,0,2096451
lacIp,0.14285714285714285,6,6,AAGTGGTGCCAGTGTTTTGA,0,2113767
lacIp,0.14285714285714285,6,6,AAGTGGGCGTAGACAATACT,0,2119635
lacIp,0.14285714285714285,6,6,AAGTCTTTGCCGCCTAGAGC,0,2122377
lacIp,0.14285714285714285,6,6,AAGGATTTGTAGCGCTGATA,0,2097876
lacIp,0.14285714285714285,6,6,AAGCTCGCCTTTGACTATGC,0,2114561
lacIp,0.14285714285714285,6,6,AAGCGTATAGCCCCCCTATC,0,2111961
lacIp,0.14285714285714285,6,6,AAGCCTGTGGGGTAATACTA,0,2110136
lacIp,0.14285714285714285,6,6,AAGCATGTGGTCGCCTTATG,0,2111295
lacIp,0.14285714285714285,6,6,AAGCATCGATAGGTGTACTC,0,2106448
lacIp,0.14285714285714285,6,6,AAGCATAGTTGACTGGTGAT,0,2097157
lacIp,0.14285714285714285,6,6,AAGATTTTAATCATTACTAG,0,2110496
lacIp,0.14285714285714285,6,6,AAGATGTCTAGCACCACACA,0,2103040
lacIp,0.14285714285714285,6,6,AAGATAGCCTGGGATACCCC,0,2101667
lacIp,0.14285714285714285,6,6,AAGACTGGTAGCGGTGTGAG,0,2102145
lacIp,0.14285714285714285,6,6,AAGAAGTTACATACGGTTAA,0,2110805
lacIp,0.14285714285714285,6,6,AAGAACCGGCATTAACTGTC,0,2108282
lacIp,0.14285714285714285,6,6,AAGAAATAGGTGAAAACACT,0,2109113
lacIp,0.14285714285714285,6,6,AACTTGATAGATTATTTGCC,0,2112123
lacIp,0.14285714285714285,6,6,AACTGGAGCTGATACAGGTG,0,2121525
lacIp,0.14285714285714285,6,6,AACTCTAGATTCATAGATTT,0,2119587
lacIp,0.14285714285714285,6,6,AACTCCAACGTTTGAAACGA,0,2106352
lacIp,0.14285714285714285,6,6,AACGTTCTTTGGCGTCATTT,0,2121050
lacIp,0.14285714285714285,6,6,AACGCGCTGGCAATTGTCAT,0,2107348
lacIp,0.14285714285714285,6,6,AACCTTTGCATTTCGGCAGT,0,2098479
lacIp,0.14285714285714285,6,6,AACCTAGCTTTTGGCGTCTC,0,2088768
lacIp,0.14285714285714285,6,6,AACCCGGCAAGGAACCGTCG,0,2096744
lacIp,0.14285714285714285,6,6,AACAGGAGCAGAATTCTTCG,0,2120928
lacIp,0.14285714285714285,6,6,AACAGCCGAGATTACGAATA,0,2103025
lacIp,0.14285714285714285,6,6,AAATGGCGCCTAACGGGTTT,0,2087340
lacIp,0.14285714285714285,6,6,AAATCTCCTAGAGACTGGGG,0,2115760
lacIp,0.14285714285714285,6,6,AAATAGTGTAGTCCTTGCGC,0,2112286
lacIp,0.14285714285714285,6,6,AAATAGTACAGCGCCCAGAG,0,2096145
lacIp,0.14285714285714285,6,6,AAAGTGTCATGAAGTTGCTA,0,2092575
lacIp,0.14285714285714285,6,6,AAAGTCAGGCAAGTAAGAGT,0,2111382
lacIp,0.14285714285714285,6,6,AAAGGGCGTGTATGCTAGTT,0,2121853
lacIp,0.14285714285714285,6,6,AAAGGCCCCAGGGTAAGGCA,0,2116722
lacIp,0.14285714285714285,6,6,AAAGGACGAGGGAACTTTTC,0,2119460
lacIp,0.14285714285714285,6,6,AAAGCTGTAGCGTGTGGAGT,0,2122264
lacIp,0.14285714285714285,6,6,AAACCTGTTTAGGCCTTCCA,0,2090918
lacIp,0.14285714285714285,6,6,AAAATTTGAACGCATGGCGC,0,2111510
lacIp,0.14285714285714285,6,6,AAAATAGGACGGTCTCTGTG,0,2106002
lacIp,0.14285714285714285,6,6,AAAAGCGTGTGGTACTTGGG,0,2104642
lacIp,0.14285714285714285,6,6,AAAACCGTTGGCCAAACTTA,0,2110056
lacIp,0.14285714285714285,6,6,AAAAAGGAGGGGGAGCACGC,0,2120370
lacIp,0.14285714285714285,6,6,AAAAAATCCTAGTGCTGAGC,0,2108407
lacIp,0.16666666666666666,5,5,TTTTATAAGATTGGTACAAG,0,2085716
lacIp,0.16666666666666666,5,5,TTTTAGCCTCTTTTTCAACC,0,2122250
lacIp,0.16666666666666666,5,5,TTTGGGTGCTCGGAGACGGA,0,2092400
lacIp,0.16666666666666666,5,5,TTTGGCGGACATAATGCCAA,0,2114747
lacIp,0.16666666666666666,5,5,TTTGAAATGTGCGGACCGAA,0,2089796
lacIp,0.16666666666666666,5,5,TTTCTGTTCCTAATAAAAAA,0,2113379
lacIp,0.16666666666666666,5,5,TTTCCGTAAGGTCAGCTCAT,0,2120114
lacIp,0.16666666666666666,5,5,TTTCAGAGTATGGAATCCGC,0,2099198
lacIp,0.16666666666666666,5,5,TTTATGCGAAGGTTGCGAAA,0,2107304
lacIp,0.16666666666666666,5,5,TTTAGGTTTGCTACGGAAGA,0,2118219
lacIp,0.16666666666666666,5,5,TTGTCGTTGGTAGTTAGTGC,0,2117793
lacIp,0.16666666666666666,5,5,TTGGTGTTAGCATAACTTTT,0,2112730
lacIp,0.16666666666666666,5,5,TTGGTCTAGATCCTCGTCCT,0,2117091
lacIp,0.16666666666666666,5,5,TTGGTCCTGAGTCTTAGCCA,0,2105937
lacIp,0.16666666666666666,5,5,TTGGGTTCCTAGTGGGGACG,0,2117615
lacIp,0.16666666666666666,5,5,TTGGCTAGGGAGAAAGCTGA,0,2120261
lacIp,0.16666666666666666,5,5,TTGGACTTGAATCGTGCCTG,0,2104684
lacIp,0.16666666666666666,5,5,TTGCTCCGTCGGCCTCACAG,0,2089075
lacIp,0.16666666666666666,5,5,TTGCGGTGCAGATGTCTCCG,0,2096403
lacIp,0.16666666666666666,5,5,TTGCGGATTCACAAAGTTTT,0,2089739
lacIp,0.16666666666666666,5,5,TTGCGCATGAGACCGGATCT,0,2094632
lacIp,0.16666666666666666,5,5,TTGATGGCGAAGAGAGAGGT,0,2089072
lacIp,0.16666666666666666,5,5,TTGATCTAAGTGTTTACAGT,0,2111836
lacIp,0.16666666666666666,5,5,TTGAGGGAACTACACGGGCG,0,2105876
lacIp,0.16666666666666666,5,5,TTGAGCTGCGTTGGGGGTCG,0,2110029
lacIp,0.16666666666666666,5,5,TTGAACGTATAGTACAGATG,0,2092115
lacIp,0.16666666666666666,5,5,TTGAACGCCAGGTTTCTTGC,0,2109628
lacIp,0.16666666666666666,5,5,TTCTTTAAATTTTAACTAAT,0,2102819
lacIp,0.16666666666666666,5,5,TTCTTCTCTGGCTAAGAATC,0,2119770
lacIp,0.16666666666666666,5,5,TTCTTACAGACCTTAATTTT,0,2112496
lacIp,0.16666666666666666,5,5,TTCGTGCACACGTCCTTTGA,0,2116403
lacIp,0.16666666666666666,5,5,TTCGGGGAAAAATTCCTACC,0,2104805
lacIp,0.16666666666666666,5,5,TTCGATGTTAGGAACACCCT,0,2103856
lacIp,0.16666666666666666,5,5,TTCCCTGGAGGCTTTGGACT,0,2107693
lacIp,0.16666666666666666,5,5,TTCCATTGATCCTTGCCTAG,0,2090945
lacIp,0.16666666666666666,5,5,TTCATCATGTGATCAACAAT,0,2098476
lacIp,0.16666666666666666,5,5,TTATGGATCGGTCAGCGGCT,0,2109135
lacIp,0.16666666666666666,5,5,TTAGGGAAGGGCTGTTGGAG,0,2113380
lacIp,0.16666666666666666,5,5,TTAGCGAGACTTTAACTGGA,0,2099187
lacIp,0.16666666666666666,5,5,TTACTCTTTTGCATTAAGGT,0,2092264
lacIp,0.16666666666666666,5,5,TTACTAAGGGAAGCAATTAT,0,2106990
lacIp,0.16666666666666666,5,5,TTACGTGTAGCGATGCGAAC,0,2104758
lacIp,0.16666666666666666,5,5,TTACGCGATTTTGGCTAAAC,0,2106847
lacIp,0.16666666666666666,5,5,TTAATCGACGTTAGGGAGGG,0,2111399
lacIp,0.16666666666666666,5,5,TTAAAGTTCACCAAGCTGGA,0,2112081
lacIp,0.16666666666666666,5,5,TTAAAACCGTAAAACCGGCG,0,2117937
lacIp,0.16666666666666666,5,5,TGTGTTCGCTCTCCTAGCAT,0,2105881
lacIp,0.16666666666666666,5,5,TGTGGTGGCGCGTTGCACGG,0,2105821
lacIp,0.16666666666666666,5,5,TGTGGATACATACTTTTTTA,0,2094166
lacIp,0.16666666666666666,5,5,TGTGGACTAAGACATTATTA,0,2120371
lacIp,0.16666666666666666,5,5,TGTGACTGGTGATGCTCCTA,0,2089086
lacIp,0.16666666666666666,5,5,TGTCTCAGCGTTGCGAGTCC,0,2111293
lacIp,0.16666666666666666,5,5,TGTCGTTGACTTCAAAAAGG,0,2095162
lacIp,0.16666666666666666,5,5,TGTCGTGGCATCATTCAGGA,0,2107428
lacIp,0.16666666666666666,5,5,TGTCCTCGGATTAATTGTCC,0,2088541
lacIp,0.16666666666666666,5,5,TGTAGTCCACTGTAAATGGT,0,2093723
lacIp,0.16666666666666666,5,5,TGTAGCTTTGAGCCCGATAA,0,2118254
lacIp,0.16666666666666666,5,5,TGTAGATACGTCTGTTTCGT,0,2099408
lacIp,0.16666666666666666,5,5,TGTAGACAGGCTTCTCTCTC,0,2099805
lacIp,0.16666666666666666,5,5,TGGTCTTCATTGAGGAATGA,0,2094301
lacIp,0.16666666666666666,5,5,TGGTAAGAGGATGCTTCTTT,0,2113103
lacIp,0.16666666666666666,5,5,TGGGTTAGACGCTTGAAACA,0,2087566
lacIp,0.16666666666666666,5,5,TGGGGTGGCTATATGGGGTG,0,2094975
lacIp,0.16666666666666666,5,5,TGGGGCGTTCTGTGAATGAT,0,2098593
lacIp,0.16666666666666666,5,5,TGGGGATGTCCCCAACAGTT,0,2092472
lacIp,0.16666666666666666,5,5,TGGGCAGTCTAGGGGTCTAT,0,2087678
lacIp,0.16666666666666666,5,5,TGGGAGGGACTAATGGCATC,0,2098750
lacIp,0.16666666666666666,5,5,TGGGAGCGTTATTTCACCGA,0,2108987
lacIp,0.16666666666666666,5,5,TGGGACCTATTAAGGCCGAA,0,2088207
lacIp,0.16666666666666666,5,5,TGGGACCATCTTCTGCCGTT,0,2100806
lacIp,0.16666666666666666,5,5,TGGCTGTCGGACACGAGTGG,0,2091016
lacIp,0.16666666666666666,5,5,TGGCGCTGTCAGAAATTCCT,0,2090054
lacIp,0.16666666666666666,5,5,TGGCGCAGCCCCCGCCAGAA,0,2119817
lacIp,0.16666666666666666,5,5,TGGCCCGAAAGCCGAAGCTA,0,2101049
lacIp,0.16666666666666666,5,5,TGGAGATGACTCGATCCTAT,0,2089662
lacIp,0.16666666666666666,5,5,TGGACCGACGAGACCGGGCG,0,2092360
lacIp,0.16666666666666666,5,5,TGCTCAAGTCATTATAGATT,0,2117330
lacIp,0.16666666666666666,5,5,TGCGTTACTTCAAGATCCAC,0,2101212
lacIp,0.16666666666666666,5,5,TGCGCCGGTCAGCCCCGCGC,0,2090801
lacIp,0.16666666666666666,5,5,TGCGACATGCCAATCAGTGT,0,2117917
lacIp,0.16666666666666666,5,5,TGCCTATGGCTGCCCCGCGG,0,2106143
lacIp,0.16666666666666666,5,5,TGCCCGTTCGGTTGGGAAAT,0,2088334
lacIp,0.16666666666666666,5,5,TGCATTGTTCAATGTAATCA,0,2103921
lacIp,0.16666666666666666,5,5,TGCAGATCACCCAAGTTCGT,0,2105653
lacIp,0.16666666666666666,5,5,TGCACACAGGCTCAAAAACC,0,2089441
lacIp,0.16666666666666666,5,5,TGCAATCCGGAGCTTTCCGG,0,2116280
lacIp,0.16666666666666666,5,5,TGATTCAGGCACGGACTAGA,0,2097671
lacIp,0.16666666666666666,5,5,TGATGGTCAGGGGTTTAAAG,0,2098658
lacIp,0.16666666666666666,5,5,TGATCACGCGTAATCCAGAA,0,2105499
lacIp,0.16666666666666666,5,5,TGAGCGCTACTTGTCTACGC,0,2117688
lacIp,0.16666666666666666,5,5,TGAGCGAGGGCGTTCATGGT,0,2105912
lacIp,0.16666666666666666,5,5,TGACTATCATTGGTTTCAAC,0,2097808
lacIp,0.16666666666666666,5,5,TGACCCGCGCCCATTGTGGA,0,2115968
lacIp,0.16666666666666666,5,5,TGAACTTGCGAAAGCCAGAT,0,2091915
lacIp,0.16666666666666666,5,5,TGAAAGGGTACTGATTTACG,0,2121747
lacIp,0.16666666666666666,5,5,TCTTTGCCCTCAGAGCCGTG,0,2085700
lacIp,0.16666666666666666,5,5,TCTTTACGCTAGTGTCTTTT,0,2100032
lacIp,0.16666666666666666,5,5,TCTTGGAAGTTGCTGATTGA,0,2111336
lacIp,0.16666666666666666,5,5,TCTTGACAGACGAGGGTCAC,0,2089077
lacIp,0.16666666666666666,5,5,TCTTCCAAAAAGTATGCAAG,0,2111484
lacIp,0.16666666666666666,5,5,TCTGTTATATATTGAAAAGT,0,2106865
lacIp,0.16666666666666666,5,5,TCTGACAAGTAAATCAATGT,0,2097188
lacIp,0.16666666666666666,5,5,TCTCCGGTCTGATGCTCTTC,0,2092597
lacIp,0.16666666666666666,5,5,TCTATAGGTTAACTATAGCA,0,2089801
lacIp,0.16666666666666666,5,5,TCTAGGGGAGGCCACTTCTA,0,2120802
lacIp,0.16666666666666666,5,5,TCTACTGTGGTGACTTAATT,0,2117609
lacIp,0.16666666666666666,5,5,TCTAAAAGAGGATATCGGGC,0,2114316
lacIp,0.16666666666666666,5,5,TCGTTGTTGCTGGTTTGTGT,0,2093695
lacIp,0.16666666666666666,5,5,TCGTCACCCTCTCGAAGAAC,0,2103731
lacIp,0.16666666666666666,5,5,TCGTATTATGTATGGCGGCA,0,2111127
lacIp,0.16666666666666666,5,5,TCGTAGGTCGTGACTATTTA,0,2120529
lacIp,0.16666666666666666,5,5,TCGGTAAGTTCCCTGTTCTG,0,2089942
lacIp,0.16666666666666666,5,5,TCGGGGATGCGAGCCAGCTC,0,2087694
lacIp,0.16666666666666666,5,5,TCGCTCTAGGGAGTAGCGGG,0,2107708
lacIp,0.16666666666666666,5,5,TCGCTATACCACAGATTAAC,0,2099502
lacIp,0.16666666666666666,5,5,TCGCGTAGGCGGCTGCACTG,0,2103791
lacIp,0.16666666666666666,5,5,TCGATTTTAGGCCACGGGGA,0,2091617
lacIp,0.16666666666666666,5,5,TCGAGCGCGGGAGCGGCCCA,0,2089670
lacIp,0.16666666666666666,5,5,TCGAGCCACCCAAACCACTG,0,2088479
lacIp,0.16666666666666666,5,5,TCGACTAGAGGGACTAGCCA,0,2105506
lacIp,0.16666666666666666,5,5,TCGACCAGTTATCCCACAAA,0,2112738
lacIp,0.16666666666666666,5,5,TCGACACATGAACTGTACCC,0,2097854
lacIp,0.16666666666666666,5,5,TCGAAGAACGTAGGTCAACG,0,2087544
lacIp,0.16666666666666666,5,5,TCCTTTCCGTACACTCTGTT,0,2118639
lacIp,0.16666666666666666,5,5,TCCTGCGTAGGGAAGGTCCT,0,2115335
lacIp,0.16666666666666666,5,5,TCCTGAAAGCGTTTACAGCG,0,2101139
lacIp,0.16666666666666666,5,5,TCCTATCACGTCGGTGCGCG,0,2107756
lacIp,0.16666666666666666,5,5,TCCTAGCACGTCTAGGTAGT,0,2098086
lacIp,0.16666666666666666,5,5,TCCTAGATTGGTTCCTTGTC,0,2116031
lacIp,0.16666666666666666,5,5,TCCGTGCCAGTTACTGAGCA,0,2117265
lacIp,0.16666666666666666,5,5,TCCGGGTAGTACAACCCGTA,0,2119176
lacIp,0.16666666666666666,5,5,TCCGCCCCGGGGTCACATGG,0,2095773
lacIp,0.16666666666666666,5,5,TCCCTGAATTCCGCAATTCT,0,2120977
lacIp,0.16666666666666666,5,5,TCCCGTGACGCTGCCGGTTG,0,2102723
lacIp,0.16666666666666666,5,5,TCCCAAGTCGTTCTGTATCA,0,2088373
lacIp,0.16666666666666666,5,5,TCCATCGCACAGAATGGAGA,0,2092952
lacIp,0.16666666666666666,5,5,TCATTTCTACTGCTTATCGC,0,2103334
lacIp,0.16666666666666666,5,5,TCATTCGTTAGGGCACATCG,0,2098616
lacIp,0.16666666666666666,5,5,TCATTCCACAGCGGCATAAG,0,2118983
lacIp,0.16666666666666666,5,5,TCATAGGGCGAACGCTTTAC,0,2118654
lacIp,0.16666666666666666,5,5,TCAGTAGGTTGAAGACTCGC,0,2113513
lacIp,0.16666666666666666,5,5,TCAGCAGCCGGCATAAGACT,0,2110559
lacIp,0.16666666666666666,5,5,TCAGCACCTGTTAAAGGTGG,0,2089320
lacIp,0.16666666666666666,5,5,TCAGCAAGGGTCCTCATGCC,0,2108850
lacIp,0.16666666666666666,5,5,TCAGATGAACGGCCCTGAGT,0,2109327
lacIp,0.16666666666666666,5,5,TCACGACTCATGCAGATAGT,0,2121705
lacIp,0.16666666666666666,5,5,TCACCTTTTTGGAAACTGAG,0,2103066
lacIp,0.16666666666666666,5,5,TCACCACCACGAATAGGAAG,0,2086217
lacIp,0.16666666666666666,5,5,TCAACCTCGCATACCTCCGA,0,2089874
lacIp,0.16666666666666666,5,5,TCAACAAATCAGTGACGTCT,0,2095035
lacIp,0.16666666666666666,5,5,TCAAACAGGCCAGCTCTCGA,0,2097590
lacIp,0.16666666666666666,5,5,TATTACTTAACCGTCAAAAA,0,2098617
lacIp,0.16666666666666666,5,5,TATGCCCGTGACCTAAATGA,0,2097487
lacIp,0.16666666666666666,5,5,TATGAAATGGTTGCATTTTG,0,2091028
lacIp,0.16666666666666666,5,5,TATCATGACTGAATAGCAAG,0,2121102
lacIp,0.16666666666666666,5,5,TAGGACTTCAGCATGACTGT,0,2109318
lacIp,0.16666666666666666,5,5,TAGCTGAACGTGCTAAAATT,0,2093453
lacIp,0.16666666666666666,5,5,TAGAGTTACCTTCGCGTTGT,0,2095092
lacIp,0.16666666666666666,5,5,TAGAGTCCTAATCAAGCTAT,0,2088419
lacIp,0.16666666666666666,5,5,TAGACGAGAGAAGGAACGCG,0,2091279
lacIp,0.16666666666666666,5,5,TACTGAGTGCGGGTCGAATT,0,2108427
lacIp,0.16666666666666666,5,5,TACCGGGCAGCTTTGGGGTA,0,2096168
lacIp,0.16666666666666666,5,5,TACCCTTCATAACCCTGACG,0,2093343
lacIp,0.16666666666666666,5,5,TACCCGGCAGACTTTGCTAA,0,2097643
lacIp,0.16666666666666666,5,5,TACCCCAGCGGGTACAAGCG,0,2109348
lacIp,0.16666666666666666,5,5,TACCATTCACGATACCGACG,0,2095746
lacIp,0.16666666666666666,5,5,TACCAGGGGCGCAGAATTAG,0,2121884
lacIp,0.16666666666666666,5,5,TACCAGGGCCGTGCGTCAGG,0,2099848
lacIp,0.16666666666666666,5,5,TACCACCAGAAAAGCCATGT,0,2111647
lacIp,0.16666666666666666,5,5,TACATGAAGATTGTGTAGAT,0,2105606
lacIp,0.16666666666666666,5,5,TACATCCGGATTGTGCCAGT,0,2102568
lacIp,0.16666666666666666,5,5,TACAGGAGGTACATGAGGGG,0,2098543
lacIp,0.16666666666666666,5,5,TACACAGCTATTTGGCTATT,0,2093181
lacIp,0.16666666666666666,5,5,TAATTCCGCGCTGTCGTCTC,0,2116176
lacIp,0.16666666666666666,5,5,TAATGTGCTTTTAAACAGGT,0,2101711
lacIp,0.16666666666666666,5,5,TAACGTGCCAAGCGCAGATG,0,2110660
lacIp,0.16666666666666666,5,5,TAACACCTGCCAGTTTTGCG,0,2108560
lacIp,0.16666666666666666,5,5,TAAATGCATATTTCGTATTC,0,2098749
lacIp,0.16666666666666666,5,5,TAAACTAGAGCTATCGACAA,0,2122399
lacIp,0.16666666666666666,5,5,TAAACACATTCATGAAGATG,0,2098857
lacIp,0.16666666666666666,5,5,GTTTTTGAAAGCGACTCGCC,0,2092842
lacIp,0.16666666666666666,5,5,GTTTTTATGGCGCCATTACA,0,2092122
lacIp,0.16666666666666666,5,5,GTTTTATCGACAAATCCAGA,0,2102333
lacIp,0.16666666666666666,5,5,GTTTGAACAGAGACGCGGCT,0,2102785
lacIp,0.16666666666666666,5,5,GTTTCGTTTTATCTTTTGCC,0,2094014
lacIp,0.16666666666666666,5,5,GTTTCCTGAATGGTAGATCG,0,2101524
lacIp,0.16666666666666666,5,5,GTTTAGCGCCTATTATTTCG,0,2102942
lacIp,0.16666666666666666,5,5,GTTGTGATGGCTGATCCGTC,0,2121194
lacIp,0.16666666666666666,5,5,GTTGCTGACGATTATTAGGA,0,2108310
lacIp,0.16666666666666666,5,5,GTTCTGAGGCGCGACTGCTT,0,2111391
lacIp,0.16666666666666666,5,5,GTTCGTACGTCTTGCTGCAG,0,2096576
lacIp,0.16666666666666666,5,5,GTTCACAGGGTGCATGGAGC,0,2108995
lacIp,0.16666666666666666,5,5,GTTACCATACGTTCCTAGGT,0,2100228
lacIp,0.16666666666666666,5,5,GTGGTCGCATCGTTTGCCGA,0,2103991
lacIp,0.16666666666666666,5,5,GTGCGCAACTGATGGCGTAG,0,2109378
lacIp,0.16666666666666666,5,5,GTGCCAAGACTCGTGGCATT,0,2108342
lacIp,0.16666666666666666,5,5,GTGATCTCATAGGTATGGGA,0,2097112
lacIp,0.16666666666666666,5,5,GTGATCATTCTCAAGCGCAT,0,2091994
lacIp,0.16666666666666666,5,5,GTGAGGGCCATGCTCGCGAT,0,2103375
lacIp,0.16666666666666666,5,5,GTGAGCATAGGTCTGTGACG,0,2095912
lacIp,0.16666666666666666,5,5,GTGAGACCTAATACCTTGAT,0,2096046
lacIp,0.16666666666666666,5,5,GTCTTTTTCACTTATTAGAT,0,2112148
lacIp,0.16666666666666666,5,5,GTCTTGTTTCGGGTCAATGG,0,2096588
lacIp,0.16666666666666666,5,5,GTCTTAGTCAGGCTTTTGAA,0,2086918
lacIp,0.16666666666666666,5,5,GTCTGGAATCGCTAAGGGGG,0,2109769
lacIp,0.16666666666666666,5,5,GTCTGATCCCCCTCGGAGCC,0,2117605
lacIp,0.16666666666666666,5,5,GTCTAGGCGGATCGGCTCGC,0,2110488
lacIp,0.16666666666666666,5,5,GTCTAAGAATGCTCCCAGAT,0,2120955
lacIp,0.16666666666666666,5,5,GTCGGGTAAGTAGTTGTTTG,0,2119346
lacIp,0.16666666666666666,5,5,GTCGGGCTTAGGACAGGCAA,0,2116611
lacIp,0.16666666666666666,5,5,GTCCGTAGTTCTGCGGTGCT,0,2104042
lacIp,0.16666666666666666,5,5,GTCCCAGGACACTCTCAGAA,0,2085876
lacIp,0.16666666666666666,5,5,GTCCCACGCGTTACCCGGGG,0,2088929
lacIp,0.16666666666666666,5,5,GTCAGATTAAACTCGAGTTG,0,2097178
lacIp,0.16666666666666666,5,5,GTCACGGGTCACCAAATGTG,0,2107921
lacIp,0.16666666666666666,5,5,GTCACCGAACGGGATTGGGG,0,2097452
lacIp,0.16666666666666666,5,5,GTCACACGAAAGACATTTTT,0,2096991
lacIp,0.16666666666666666,5,5,GTCAATAAATAATTACTCGC,0,2112741
lacIp,0.16666666666666666,5,5,GTCAAACGGTCGCATCTTGT,0,2095563
lacIp,0.16666666666666666,5,5,GTATGAACGAAGCGACCAAG,0,2092290
lacIp,0.16666666666666666,5,5,GTATACACGTCCCTAACAAC,0,2100330
lacIp,0.16666666666666666,5,5,GTAGTTTCAACGGTGTGAAC,0,2120656
lacIp,0.16666666666666666,5,5,GTAGTCAGGGTCTCCAGCAT,0,2097770
lacIp,0.16666666666666666,5,5,GTAGCTCCAGTTCGAGAAGA,0,2086434
lacIp,0.16666666666666666,5,5,GTACTTAGTGTTGTGTTAGA,0,2113045
lacIp,0.16666666666666666,5,5,GTACTCATCCACACCCTACG,0,2109066
lacIp,0.16666666666666666,5,5,GTACTCAGCTTCCTGCATGT,0,2117078
lacIp,0.16666666666666666,5,5,GTACATGTTGCCTATTTCAA,0,2114858
lacIp,0.16666666666666666,5,5,GTAAGTCACGTAGGACGGTC,0,2122039
lacIp,0.16666666666666666,5,5,GTAACTTGCCACCTTACGAG,0,2115174
lacIp,0.16666666666666666,5,5,GGTTTTTCGAACCGGACTAC,0,2119477
lacIp,0.16666666666666666,5,5,GGTTGTCGAGTGATTAAAAA,0,2094102
lacIp,0.16666666666666666,5,5,GGTTGACACTCTATCCCATT,0,2114365
lacIp,0.16666666666666666,5,5,GGTTATGAGGATCGGCTCAG,0,2120234
lacIp,0.16666666666666666,5,5,GGTGTCTGAATGCGGCCATT,0,2119289
lacIp,0.16666666666666666,5,5,GGTGCTTGTGGTAACACGAT,0,2116257
lacIp,0.16666666666666666,5,5,GGTGCAAGCTTACGGCACAT,0,2106073
lacIp,0.16666666666666666,5,5,GGTGACGTCGCGTCTGCTGA,0,2104843
lacIp,0.16666666666666666,5,5,GGTCTGTGCCTTAGTCATGG,0,2108514
lacIp,0.16666666666666666,5,5,GGTCTGGATGTATATTATTG,0,2101497
lacIp,0.16666666666666666,5,5,GGTCCTCGCCACATGGTAGA,0,2116325
lacIp,0.16666666666666666,5,5,GGTCAGCAGCTCTACAATCA,0,2119750
lacIp,0.16666666666666666,5,5,GGTATTGTGGTCGTTCTAAT,0,2111056
lacIp,0.16666666666666666,5,5,GGTATCCGCTTGCCCTGGGA,0,2092497
lacIp,0.16666666666666666,5,5,GGTAGCACACCCGTCCGATT,0,2092534
lacIp,0.16666666666666666,5,5,GGTAGAATGAATCCATGGTT,0,2118540
lacIp,0.16666666666666666,5,5,GGTACCCGTACTCCTGTCAC,0,2088623
lacIp,0.16666666666666666,5,5,GGTAAAGCATTGTATGAGAA,0,2113039
lacIp,0.16666666666666666,5,5,GGGTTTATTATGTCTCCGGG,0,2115092
lacIp,0.16666666666666666,5,5,GGGTTCAGACATCTTCATTT,0,2116067
lacIp,0.16666666666666666,5,5,GGGTGAGGTTACGCGCTGAG,0,2101332
lacIp,0.16666666666666666,5,5,GGGTCCATAAGAGAGTTGAC,0,2098852
lacIp,0.16666666666666666,5,5,GGGTCCAGACCAGGTGTTTA,0,2112329
lacIp,0.16666666666666666,5,5,GGGTACTACCATGCGTATAC,0,2109694
lacIp,0.16666666666666666,5,5,GGGGTCCCTCGAGCCCTACA,0,2113126
lacIp,0.16666666666666666,5,5,GGGGGATGGCTTGGGGTCTT,0,2113779
lacIp,0.16666666666666666,5,5,GGGGCTATAGTACCGTGGCC,0,2086912
lacIp,0.16666666666666666,5,5,GGGGCTATAGATCTCATCGT,0,2122378
lacIp,0.16666666666666666,5,5,GGGGATTAATTGCAGGCGTA,0,2121378
lacIp,0.16666666666666666,5,5,GGGGACAAAATCGTGGTCCA,0,2105109
lacIp,0.16666666666666666,5,5,GGGCTTCGCCCAAGAAAGCT,0,2086650
lacIp,0.16666666666666666,5,5,GGGCTGTATTTCATTTACCT,0,2113412
lacIp,0.16666666666666666,5,5,GGGCATCCGGTTTGTCATAA,0,2094143
lacIp,0.16666666666666666,5,5,GGGCACTTTATTACACCCGA,0,2087322
lacIp,0.16666666666666666,5,5,GGGATCGTGCCTGGTTATAA,0,2098455
lacIp,0.16666666666666666,5,5,GGCTGTCAACTCGTACAATA,0,2091457
lacIp,0.16666666666666666,5,5,GGCTGATTATTAAACCTGAG,0,2089601
lacIp,0.16666666666666666,5,5,GGCTATTCGTTCCGTAAGTT,0,2098589
lacIp,0.16666666666666666,5,5,GGCTACCTGGCTTGCTACAT,0,2111851
lacIp,0.16666666666666666,5,5,GGCGTACCAGAGCTCGACGA,0,2113984
lacIp,0.16666666666666666,5,5,GGCGCGACAGTTGCTCGCCA,0,2098632
lacIp,0.16666666666666666,5,5,GGCGAGCAATTACCGGCCTG,0,2112789
lacIp,0.16666666666666666,5,5,GGCCTTTTGTAAATACATGG,0,2085754
lacIp,0.16666666666666666,5,5,GGCCTAGTATCACGTCAGGG,0,2097752
lacIp,0.16666666666666666,5,5,GGCCTACATGTTCCTTCTCA,0,2094227
lacIp,0.16666666666666666,5,5,GGCCAGCCGACTACGTGTGA,0,2110446
lacIp,0.16666666666666666,5,5,GGCCAGCCCGATAAGACGTT,0,2113929
lacIp,0.16666666666666666,5,5,GGCAGACTTTCGTCAGTCGC,0,2088273
lacIp,0.16666666666666666,5,5,GGCAATAAGAGCACTTGGTC,0,2104426
lacIp,0.16666666666666666,5,5,GGATTGGGGTTAGGCGCACG,0,2089373
lacIp,0.16666666666666666,5,5,GGATTGATGTAGTTCTGCTC,0,2104890
lacIp,0.16666666666666666,5,5,GGATTAAAGTTTAGCTTTGG,0,2100900
lacIp,0.16666666666666666,5,5,GGATGCATATACTGGGCTTC,0,2111738
lacIp,0.16666666666666666,5,5,GGATCTCGACTGCACCAGAC,0,2099506
lacIp,0.16666666666666666,5,5,GGATCGGGCTCCCCAGTACG,0,2108873
lacIp,0.16666666666666666,5,5,GGATATGCCCCGGTTACGTT,0,2108194
lacIp,0.16666666666666666,5,5,GGATACACCGGACAATTCGG,0,2097635
lacIp,0.16666666666666666,5,5,GGAGTTTTAGGATTTTCTGG,0,2099553
lacIp,0.16666666666666666,5,5,GGAGGACGTTAAACGTGAAG,0,2116149
lacIp,0.16666666666666666,5,5,GGAGAGCCCTCCTGTAGCGT,0,2100833
lacIp,0.16666666666666666,5,5,GGACTACCTGACACCTCACT,0,2116978
lacIp,0.16666666666666666,5,5,GGACGTTTAGTTTACTAGCA,0,2102761
lacIp,0.16666666666666666,5,5,GGACGTTGTCACCCTCGACC,0,2098381
lacIp,0.16666666666666666,5,5,GGACGTGAAGTCGTTATTGC,0,2114407
lacIp,0.16666666666666666,5,5,GGACCCCCGATTCTCAGGTT,0,2113516
lacIp,0.16666666666666666,5,5,GCTTCAATCAAAGGCGACCG,0,2119893
lacIp,0.16666666666666666,5,5,GCTGTCGCACATCATACCTA,0,2097715
lacIp,0.16666666666666666,5,5,GCTGGCAAGGCCCACAAAGG,0,2098205
lacIp,0.16666666666666666,5,5,GCTGGAAAGAAGCAAAAGTC,0,2093127
lacIp,0.16666666666666666,5,5,GCTGCGACTTGCTAAAATGC,0,2117566
lacIp,0.16666666666666666,5,5,GCTGCAAGGAGTAGGCGCTT,0,2116396
lacIp,0.16666666666666666,5,5,GCTCGATGTAGCCGCCGGTT,0,2119021
lacIp,0.16666666666666666,5,5,GCTCCGACTTCGAGGCCTGA,0,2106487
lacIp,0.16666666666666666,5,5,GCTCACTCGCGGATTCGAAC,0,2115214
lacIp,0.16666666666666666,5,5,GCTAGAGAAGATATGTTAAT,0,2116336
lacIp,0.16666666666666666,5,5,GCTAAGCCCTCCCCATAGGA,0,2090630
lacIp,0.16666666666666666,5,5,GCGTTTGCACCGGATTACGG,0,2095358
lacIp,0.16666666666666666,5,5,GCGTTGCTACTGTGGTAGAT,0,2099355
lacIp,0.16666666666666666,5,5,GCGTTCATGTCGTCCACCCC,0,2088789
lacIp,0.16666666666666666,5,5,GCGTGTTGGATGCCTGTAAA,0,2107717
lacIp,0.16666666666666666,5,5,GCGTAAGAATTCAATGCGCA,0,2110352
lacIp,0.16666666666666666,5,5,GCGTAACCCAACATGTCGGA,0,2115130
lacIp,0.16666666666666666,5,5,GCGGCTGTAAGTAGCTACAC,0,2121572
lacIp,0.16666666666666666,5,5,GCGCGTGTTACACCAGATGT,0,2118969
lacIp,0.16666666666666666,5,5,GCGCGGTGAGAGCTTATGTC,0,2089448
lacIp,0.16666666666666666,5,5,GCGATATGTTATCGAGGGGA,0,2115056
lacIp,0.16666666666666666,5,5,GCGAGATTTGAGTTTTTACT,0,2087440
lacIp,0.16666666666666666,5,5,GCGACTGTGCTCATACATCT,0,2116393
lacIp,0.16666666666666666,5,5,GCCTTAGGAGTACGAACCCT,0,2114581
lacIp,0.16666666666666666,5,5,GCCGTTTAATGTCTGAGATA,0,2119144
lacIp,0.16666666666666666,5,5,GCCGCCCTCAACTCACCAGA,0,2088536
lacIp,0.16666666666666666,5,5,GCCCTAAGGCATCTTAAGAT,0,2113700
lacIp,0.16666666666666666,5,5,GCCCGACGCTACGAGTGATA,0,2111900
lacIp,0.16666666666666666,5,5,GCCCCACGCGCTTAGATCGA,0,2103613
lacIp,0.16666666666666666,5,5,GCCATAAAGATCTCCGACAG,0,2098435
lacIp,0.16666666666666666,5,5,GCATCTGACTCTAGCGCCTA,0,2097310
lacIp,0.16666666666666666,5,5,GCATCCAGAAAGGTGATCGT,0,2095042
lacIp,0.16666666666666666,5,5,GCATAGGAGCTGGGACCAGG,0,2110999
lacIp,0.16666666666666666,5,5,GCAGTAATGGAGGTCTCAAG,0,2106599
lacIp,0.16666666666666666,5,5,GCACTTTGGGGAACATACCG,0,2100332
lacIp,0.16666666666666666,5,5,GCACTTGAGGTGCGGCGCTG,0,2100880
lacIp,0.16666666666666666,5,5,GCACCTCTGGGTAGTTCCAC,0,2095113
lacIp,0.16666666666666666,5,5,GCACCGGGATCAAGGTGCGA,0,2105297
lacIp,0.16666666666666666,5,5,GCACCAGTTAGGGGGACTTA,0,2086815
lacIp,0.16666666666666666,5,5,GCACCAGGGCGTGTTAGGCA,0,2090117
lacIp,0.16666666666666666,5,5,GCACACTGGACCACCAGCTC,0,2099096
lacIp,0.16666666666666666,5,5,GCAATATAGGGCCGCCGCGT,0,2112053
lacIp,0.16666666666666666,5,5,GCAACCTCCGTAAGGTTAGT,0,2089405
lacIp,0.16666666666666666,5,5,GCAACATCTTATGGTATAAT,0,2099673
lacIp,0.16666666666666666,5,5,GATTTATGCGTGTCGCGCTG,0,2101390
lacIp,0.16666666666666666,5,5,GATTTACCAACTACGTAACC,0,2088104
lacIp,0.16666666666666666,5,5,GATTGTCGCTTGGGAGGTCA,0,2103292
lacIp,0.16666666666666666,5,5,GATTCATGGCAGGCTACGAC,0,2094509
lacIp,0.16666666666666666,5,5,GATTATGAGAAGATGACTGT,0,2113162
lacIp,0.16666666666666666,5,5,GATTAGGCAAAATTACACTA,0,2104956
lacIp,0.16666666666666666,5,5,GATTAGAGAGCTCGCAAGCA,0,2090742
lacIp,0.16666666666666666,5,5,GATGTCCTCCTCAAAGTGGG,0,2101706
lacIp,0.16666666666666666,5,5,GATGTAATTACACCGCGAGC,0,2109422
lacIp,0.16666666666666666,5,5,GATGGGGATAGCGATGAATT,0,2112941
lacIp,0.16666666666666666,5,5,GATGGGATAAGTGACCGCTA,0,2112893
lacIp,0.16666666666666666,5,5,GATGGGAATACGGGTCCCCA,0,2108012
lacIp,0.16666666666666666,5,5,GATGGCCAACTGCAATCACA,0,2106141
lacIp,0.16666666666666666,5,5,GATGCTCTCCCATCTTGGTA,0,2101349
lacIp,0.16666666666666666,5,5,GATGAACCTGTTAGAACTTG,0,2112613
lacIp,0.16666666666666666,5,5,GATCTGGTGTTCTCCTTCGT,0,2111894
lacIp,0.16666666666666666,5,5,GATCTGATCATGCATTCCTG,0,2087395
lacIp,0.16666666666666666,5,5,GATCGTACTGCTGAGCCCGA,0,2109765
lacIp,0.16666666666666666,5,5,GATCCATACCTGGTACCGTG,0,2101643
lacIp,0.16666666666666666,5,5,GATCAGAGTAGATCTGGTGG,0,2112344
lacIp,0.16666666666666666,5,5,GATCAGAGCCGGAGGTTCTT,0,2116382
lacIp,0.16666666666666666,5,5,GATAGGTGGCGTCGCGATTT,0,2118706
lacIp,0.16666666666666666,5,5,GATAGCCCACACAATGCGGT,0,2095480
lacIp,0.16666666666666666,5,5,GATACGCTCTTATTTCATAG,0,2091705
lacIp,0.16666666666666666,5,5,GAGTCAGAAATTCAGATAGT,0,2115874
lacIp,0.16666666666666666,5,5,GAGGGGGAGACAATAAGTGT,0,2117111
lacIp,0.16666666666666666,5,5,GAGGAGGTAACGCAGCTGGT,0,2117142
lacIp,0.16666666666666666,5,5,GAGGACGACTGTCGTATGAA,0,2089445
lacIp,0.16666666666666666,5,5,GAGCAATTTAAAGGAATAGC,0,2089709
lacIp,0.16666666666666666,5,5,GAGATCATCCGAGGGGATCA,0,2098745
lacIp,0.16666666666666666,5,5,GACTGTTTCCTACTTGCCCT,0,2099337
lacIp,0.16666666666666666,5,5,GACGCTGCTAGCGGTGCACT,0,2104641
lacIp,0.16666666666666666,5,5,GACGAAGCCTAGGCAGAACT,0,2100280
lacIp,0.16666666666666666,5,5,GACCTAAGGACAACGATACA,0,2120295
lacIp,0.16666666666666666,5,5,GACCGCACTGGGATGCATCA,0,2115578
lacIp,0.16666666666666666,5,5,GACCATCCCGAAAATTCCTA,0,2119482
lacIp,0.16666666666666666,5,5,GACATTAGCTCCGTGCGGCT,0,2101036
lacIp,0.16666666666666666,5,5,GACAGTGGCTTTGTGCATTA,0,2106525
lacIp,0.16666666666666666,5,5,GACAGGCATAATATCGCGGG,0,2116510
lacIp,0.16666666666666666,5,5,GACAGCTGAAGAACACCCGT,0,2110945
lacIp,0.16666666666666666,5,5,GACACCTCTGATTATCAGGG,0,2110401
lacIp,0.16666666666666666,5,5,GAATTACCAAGTGGTATTTT,0,2107484
lacIp,0.16666666666666666,5,5,GAATGTTAAATCCAAAGGAT,0,2121399
lacIp,0.16666666666666666,5,5,GAATCGCTGTTGGGAAATGC,0,2103067
lacIp,0.16666666666666666,5,5,GAATCCGTAGAACGATGGCA,0,2108065
lacIp,0.16666666666666666,5,5,GAAGGCTTGCGCTGGGTGGT,0,2105328
lacIp,0.16666666666666666,5,5,GAAGGATATATCAATACGCG,0,2090746
lacIp,0.16666666666666666,5,5,GAAGAATGTATCGCATCGAA,0,2118408
lacIp,0.16666666666666666,5,5,GAAGAAAAAGATGTTGTCCG,0,2095497
lacIp,0.16666666666666666,5,5,GAACTTGTGCCGCGTCGACA,0,2120566
lacIp,0.16666666666666666,5,5,GAACTTACGCACAGGGTCAG,0,2119303
lacIp,0.16666666666666666,5,5,GAACGGGACAGGGCGAATGG,0,2120164
lacIp,0.16666666666666666,5,5,GAACGGAGCATGCCTTCGGG,0,2090943
lacIp,0.16666666666666666,5,5,GAACGAGGATATGGGAGCCT,0,2101251
lacIp,0.16666666666666666,5,5,GAACCGATTTTTCTGTCTCT,0,2111481
lacIp,0.16666666666666666,5,5,GAAATGAGCTCATTGTTATT,0,2087252
lacIp,0.16666666666666666,5,5,GAAAGGGTCGGATTAAGGTA,0,2111776
lacIp,0.16666666666666666,5,5,GAAACGTCCTAAGGCCACCG,0,2111951
lacIp,0.16666666666666666,5,5,GAAAATGGAGTGTGAGTACT,0,2091590
lacIp,0.16666666666666666,5,5,CTTTTCGCAATTGGCTGCTT,0,2121761
lacIp,0.16666666666666666,5,5,CTTTGGCGGCTCGCCTATAC,0,2109879
lacIp,0.16666666666666666,5,5,CTTTGGAATGGGATATTTAT,0,2097594
lacIp,0.16666666666666666,5,5,CTTTGCGCTTTACTGGCACC,0,2115019
lacIp,0.16666666666666666,5,5,CTTTCCGGCGTCTGGACAAG,0,2099508
lacIp,0.16666666666666666,5,5,CTTTATCAACGGGTCACCCG,0,2115473
lacIp,0.16666666666666666,5,5,CTTGGGTAAGTATGAAAGAC,0,2098536
lacIp,0.16666666666666666,5,5,CTTGAGTGAACCATAGCTAT,0,2092514
lacIp,0.16666666666666666,5,5,CTTCTCTTGCAGGCTTCCCT,0,2086483
lacIp,0.16666666666666666,5,5,CTTCGTTCTGGGCGCGATAC,0,2114013
lacIp,0.16666666666666666,5,5,CTTCCTTTTGGCATACGGCC,0,2106084
lacIp,0.16666666666666666,5,5,CTTCCGATTAAAAAGTAAGA,0,2086738
lacIp,0.16666666666666666,5,5,CTTCAGTGGTCCTAAGCTAA,0,2119445
lacIp,0.16666666666666666,5,5,CTTATGGCTTCCATACTTGA,0,2102146
lacIp,0.16666666666666666,5,5,CTTAGACCCTTTTGCTCGAG,0,2091144
lacIp,0.16666666666666666,5,5,CTTAACGGGTACGCGCTTTT,0,2109984
lacIp,0.16666666666666666,5,5,CTGTTGGTGCGGACGCCCTG,0,2112545
lacIp,0.16666666666666666,5,5,CTGTGGGGGGATCGCTTCTT,0,2104853
lacIp,0.16666666666666666,5,5,CTGTGAAGCAACGTGCGTTT,0,2120020
lacIp,0.16666666666666666,5,5,CTGGTCGTGGTATTTCCGCA,0,2091879
lacIp,0.16666666666666666,5,5,CTGGGTCATATCGGGACACA,0,2104737
lacIp,0.16666666666666666,5,5,CTGGGTCAGGCCAACCCTGC,0,2103327
lacIp,0.16666666666666666,5,5,CTGGCTGGTCTGGATGCCCT,0,2099712
lacIp,0.16666666666666666,5,5,CTGCTGAAGGCTGATCATTA,0,2090106
lacIp,0.16666666666666666,5,5,CTGCTCACTTAAGAAGACAA,0,2114839
lacIp,0.16666666666666666,5,5,CTGCGTCCCCACGGTCGTAT,0,2098044
lacIp,0.16666666666666666,5,5,CTGCCTGTACACTGGTCGTA,0,2109623
lacIp,0.16666666666666666,5,5,CTGCATCTACTACGGATATT,0,2093609
lacIp,0.16666666666666666,5,5,CTGATCATTTGGCATTCAGC,0,2115514
lacIp,0.16666666666666666,5,5,CTGACCTTCGTCCGTCCGAG,0,2117941
lacIp,0.16666666666666666,5,5,CTGAACGGGTCGTACGTTCA,0,2085995
lacIp,0.16666666666666666,5,5,CTGAACAGAAACGCGATTAA,0,2093505
lacIp,0.16666666666666666,5,5,CTCTCGTCGTGGGGGCGCGA,0,2095241
lacIp,0.16666666666666666,5,5,CTCTAAGGGCAGTGGGAGCG,0,2091829
lacIp,0.16666666666666666,5,5,CTCGTATTCTTAGAGTCCAG,0,2106300
lacIp,0.16666666666666666,5,5,CTCGGCCGGAGTTGAGGGTC,0,2106329
lacIp,0.16666666666666666,5,5,CTCGGACTGTGGATATATCC,0,2119194
lacIp,0.16666666666666666,5,5,CTCCGTAACGCACTCGAACA,0,2115265
lacIp,0.16666666666666666,5,5,CTCCGGTGTGCTGGGAAGCC,0,2106778
lacIp,0.16666666666666666,5,5,CTCCGCATAAGTTCAGACCT,0,2102874
lacIp,0.16666666666666666,5,5,CTCCATTCGCGCAAAGGCCA,0,2113429
lacIp,0.16666666666666666,5,5,CTCCAGCATACAAGGTCCGC,0,2100444
lacIp,0.16666666666666666,5,5,CTCCAAGGGGGAGACTGCAT,0,2111620
lacIp,0.16666666666666666,5,5,CTCATCCGACCTGACAGGCA,0,2110398
lacIp,0.16666666666666666,5,5,CTCATATCACACGCCATTCT,0,2118475
lacIp,0.16666666666666666,5,5,CTCAGGTAGTTGGGAACTAG,0,2116026
lacIp,0.16666666666666666,5,5,CTCAGCCTAAACTGCGGTCC,0,2114597
lacIp,0.16666666666666666,5,5,CTAGTTAAAGGATGCTTTGA,0,2107142
lacIp,0.16666666666666666,5,5,CTAGTAAACGTCGGGTCGAA,0,2096062
lacIp,0.16666666666666666,5,5,CTAGGGAGTCAATTATGGGA,0,2097167
lacIp,0.16666666666666666,5,5,CTAGCGGGCGCGAACTCACT,0,2117824
lacIp,0.16666666666666666,5,5,CTAGCCGAGTGAATCCCGTT,0,2097753
lacIp,0.16666666666666666,5,5,CTAGCCACTATGCCCCGGTT,0,2092070
lacIp,0.16666666666666666,5,5,CTAGATAACTAACAAGTCCT,0,2095987
lacIp,0.16666666666666666,5,5,CTACTTACCGGCTCAACGGT,0,2107679
lacIp,0.16666666666666666,5,5,CTACTCCACCGCGGGCTGAT,0,2111009
lacIp,0.16666666666666666,5,5,CTACTACATCTGCCATTGTA,0,2096749
lacIp,0.16666666666666666,5,5,CTACTAACTGCAAAGTACGA,0,2093635
lacIp,0.16666666666666666,5,5,CTACGTAGTATCATGCAAGA,0,2101997
lacIp,0.16666666666666666,5,5,CTACCGCCCGGCTCCTCCTA,0,2092761
lacIp,0.16666666666666666,5,5,CTACACGAGGATATTGAGAT,0,2113642
lacIp,0.16666666666666666,5,5,CTAATTGCTGTGCCTGGTGG,0,2094299
lacIp,0.16666666666666666,5,5,CTAATATAACGGCTTGGCCT,0,2087542
lacIp,0.16666666666666666,5,5,CTAAGTCATAATGTGGCATA,0,2113006
lacIp,0.16666666666666666,5,5,CTAAAGATATTTAGAGTTGA,0,2097409
lacIp,0.16666666666666666,5,5,CTAAACCTGAATGATGGCCT,0,2120535
lacIp,0.16666666666666666,5,5,CGTTTCTTACCGGCTTGCGC,0,2096286
lacIp,0.16666666666666666,5,5,CGTTGGCGGGCGCACCCCAG,0,2106503
lacIp,0.16666666666666666,5,5,CGTCGCACACCTTCGAGGAC,0,2103475
lacIp,0.16666666666666666,5,5,CGTCCCTTGATTAGCTAGGG,0,2108429
lacIp,0.16666666666666666,5,5,CGTATCGGGTTACCGATAAG,0,2094219
lacIp,0.16666666666666666,5,5,CGTACGGAGGATCAAATTTG,0,2102619
lacIp,0.16666666666666666,5,5,CGTACCTCACTCCCATTGGT,0,2112459
lacIp,0.16666666666666666,5,5,CGTAATTAGAGGGGAACCAT,0,2091451
lacIp,0.16666666666666666,5,5,CGTAAAATGGCCGTTCGTCA,0,2111976
lacIp,0.16666666666666666,5,5,CGGTCGTGTTCGAAAGATTG,0,2103113
lacIp,0.16666666666666666,5,5,CGGTCCCTCATGCATTTGGC,0,2098920
lacIp,0.16666666666666666,5,5,CGGGTTAGCGCTGCGAGGAC,0,2106193
lacIp,0.16666666666666666,5,5,CGGGGGTGGAATAGTTGTAG,0,2105729
lacIp,0.16666666666666666,5,5,CGGGCTGCCTTATGCCGTTG,0,2100378
lacIp,0.16666666666666666,5,5,CGGGCCGGACAGGACATATG,0,2120790
lacIp,0.16666666666666666,5,5,CGGGAGTGGTTGGGCGGAAA,0,2117943
lacIp,0.16666666666666666,5,5,CGGGAAGAGTTTATTCGCCA,0,2094850
lacIp,0.16666666666666666,5,5,CGGCTCTAGTCGGACAATTA,0,2091746
lacIp,0.16666666666666666,5,5,CGGCGCTAATTTAGATCTGT,0,2086944
lacIp,0.16666666666666666,5,5,CGGCATGTGTCAGTCATAGC,0,2110577
lacIp,0.16666666666666666,5,5,CGCTTTCCGTCATTCTGGAG,0,2108410
lacIp,0.16666666666666666,5,5,CGCTTAGGGCAAAGACACAA,0,2117477
lacIp,0.16666666666666666,5,5,CGCTCAGACAACCTCACCTT,0,2097129
lacIp,0.16666666666666666,5,5,CGCTAGGAACTGAGGTTGAT,0,2112454
lacIp,0.16666666666666666,5,5,CGCGCGTATAGCCATATATA,0,2092149
lacIp,0.16666666666666666,5,5,CGCGCCGGCACGGGCGCACT,0,2104602
lacIp,0.16666666666666666,5,5,CGCGCCCTTAAGGTGTAGGA,0,2107530
lacIp,0.16666666666666666,5,5,CGCGAATCGTGAGGTGCTAA,0,2116443
lacIp,0.16666666666666666,5,5,CGCCTGTTCCGCTGATACAC,0,2086624
lacIp,0.16666666666666666,5,5,CGCCTCTGAGATTTCATATT,0,2091169
lacIp,0.16666666666666666,5,5,CGCCGTTCCGAGAAGCTAAG,0,2091518
lacIp,0.16666666666666666,5,5,CGCCCCTTGTCTTCCCTCAG,0,2115027
lacIp,0.16666666666666666,5,5,CGCAATCCGCAAGAGCATGA,0,2088697
lacIp,0.16666666666666666,5,5,CGCAAAGGGGGTCTTTGATT,0,2094230
lacIp,0.16666666666666666,5,5,CGATTTCAGGTCTGCCGCTA,0,2096623
lacIp,0.16666666666666666,5,5,CGATTCGTACGCAGGAAGTA,0,2086064
lacIp,0.16666666666666666,5,5,CGATCTAGTCGGGTAATGCT,0,2107557
lacIp,0.16666666666666666,5,5,CGATAACTCCCGACCCTTGG,0,2089365
lacIp,0.16666666666666666,5,5,CGAGTGATCATTCAGAGGTT,0,2099239
lacIp,0.16666666666666666,5,5,CGAGTCAGATGTCTCTCTGA,0,2086593
lacIp,0.16666666666666666,5,5,CGAGTAAATAGAACAGCGTA,0,2089691
lacIp,0.16666666666666666,5,5,CGAGGGCGAACTTGTCCTGT,0,2111962
lacIp,0.16666666666666666,5,5,CGAGGAAAGACTGTGAAGTG,0,2102564
lacIp,0.16666666666666666,5,5,CGAGCTGACTATTTTCCTGA,0,2100798
lacIp,0.16666666666666666,5,5,CGAGCCTGGCAGGTTCCACG,0,2115091
lacIp,0.16666666666666666,5,5,CGAGAAATTGTTACATGCGT,0,2099236
lacIp,0.16666666666666666,5,5,CGACTATCGGCCACGAGTCA,0,2088036
lacIp,0.16666666666666666,5,5,CGACGTTCGTCCTAAAAGAG,0,2099287
lacIp,0.16666666666666666,5,5,CGACGCGGTCACCGTGCATC,0,2089098
lacIp,0.16666666666666666,5,5,CGACCCGTGTACTTAAATTA,0,2100392
lacIp,0.16666666666666666,5,5,CGAATGGTGATAATATTGCA,0,2114957
lacIp,0.16666666666666666,5,5,CGAACCGGTGAGGATCGCTT,0,2099469
lacIp,0.16666666666666666,5,5,CCTTGGACTGAGGTAGTATC,0,2115269
lacIp,0.16666666666666666,5,5,CCTCGGCTCCACTCGTCGTC,0,2110144
lacIp,0.16666666666666666,5,5,CCTCCCTGAGAGTTAATCAT,0,2117795
lacIp,0.16666666666666666,5,5,CCTACTACAGCTCGTAGCAA,0,2097259
lacIp,0.16666666666666666,5,5,CCTACGTGATGGTCATTACT,0,2106528
lacIp,0.16666666666666666,5,5,CCGTGGAGAGTGGATTGTAG,0,2113590
lacIp,0.16666666666666666,5,5,CCGGTGAGCCAGTTGTGGCA,0,2104173
lacIp,0.16666666666666666,5,5,CCGGTATAACGGACGTTGGG,0,2105444
lacIp,0.16666666666666666,5,5,CCGGCCCTTCAAGCTCTGGG,0,2101133
lacIp,0.16666666666666666,5,5,CCGGATTTAACCTACGGTAG,0,2111625
lacIp,0.16666666666666666,5,5,CCGGATGGACCTGGGACGTT,0,2113993
lacIp,0.16666666666666666,5,5,CCGGACCGCTGACACGGCTT,0,2097920
lacIp,0.16666666666666666,5,5,CCGGACATACGCAATCAAGG,0,2090601
lacIp,0.16666666666666666,5,5,CCGCGTTTACGATTAAGCCG,0,2116529
lacIp,0.16666666666666666,5,5,CCGCGATCACTTCGGATTGA,0,2088175
lacIp,0.16666666666666666,5,5,CCGCCTTTAAGGCCCGGAGC,0,2107490
lacIp,0.16666666666666666,5,5,CCGCCCGAAGGTGACACTCG,0,2109292
lacIp,0.16666666666666666,5,5,CCGCCACCGAGTCCGGGAAC,0,2108444
lacIp,0.16666666666666666,5,5,CCGATCTACGGACATAGAAG,0,2090959
lacIp,0.16666666666666666,5,5,CCGATCCCCACAACCGCTAT,0,2103624
lacIp,0.16666666666666666,5,5,CCGAGTAGATGTGCTACGCA,0,2088635
lacIp,0.16666666666666666,5,5,CCGACTATTCTGGACCCGAT,0,2088835
lacIp,0.16666666666666666,5,5,CCCTGCATGTCGCGTCTCCA,0,2089472
lacIp,0.16666666666666666,5,5,CCCTGAAGCCCAAACCTGCT,0,2107790
lacIp,0.16666666666666666,5,5,CCCTCCGTGGGTAATATCAT,0,2100148
lacIp,0.16666666666666666,5,5,CCCTCCAGCACATTGTAAAC,0,2091261
lacIp,0.16666666666666666,5,5,CCCTAGCGTAGTTCGCGAGC,0,2121825
lacIp,0.16666666666666666,5,5,CCCTACTAATAAGCGAGGCC,0,2088321
lacIp,0.16666666666666666,5,5,CCCGTGATACCGTCTGCTTA,0,2098662
lacIp,0.16666666666666666,5,5,CCCGGATTAGTTTAATGTGC,0,2115910
lacIp,0.16666666666666666,5,5,CCCCGAGCAATCGTGCGGCT,0,2122282
lacIp,0.16666666666666666,5,5,CCCCCCCCTGTGACAGCGGT,0,2121762
lacIp,0.16666666666666666,5,5,CCCAGCAGTTGGCAATATTA,0,2117406
lacIp,0.16666666666666666,5,5,CCCAGACAGTGACGCTGCCC,0,2120489
lacIp,0.16666666666666666,5,5,CCCAAGTGATTCCGCGGCCA,0,2116561
lacIp,0.16666666666666666,5,5,CCATTTAATGCGGCAGTCGC,0,2095776
lacIp,0.16666666666666666,5,5,CCATGGATTGCGGTGTACTA,0,2104400
lacIp,0.16666666666666666,5,5,CCATATGTAACGGACTTGCT,0,2091878
lacIp,0.16666666666666666,5,5,CCATAGGTGCCAGGAGGCGG,0,2096404
lacIp,0.16666666666666666,5,5,CCATAGCGGTTCCTCACATC,0,2122266
lacIp,0.16666666666666666,5,5,CCATAATGCCTACCGGGGAG,0,2122059
lacIp,0.16666666666666666,5,5,CCAGGGTCTTTAAGTTCTTC,0,2114590
lacIp,0.16666666666666666,5,5,CCAGAGCTTTATGAAGGTAT,0,2112835
lacIp,0.16666666666666666,5,5,CCAGACACCACCTTGTGTTG,0,2118702
lacIp,0.16666666666666666,5,5,CCACTTTATTGATCACATGA,0,2116848
lacIp,0.16666666666666666,5,5,CCACTTCGTGCAAACATATT,0,2096180
lacIp,0.16666666666666666,5,5,CCACCTGTTAGTGTCTCTGG,0,2091497
lacIp,0.16666666666666666,5,5,CCACACAAGACTTCGCAAAC,0,2104048
lacIp,0.16666666666666666,5,5,CCAATTAGGCCTTCTCACCA,0,2086634
lacIp,0.16666666666666666,5,5,CCAATGGCCCGCGCATAGAT,0,2114095
lacIp,0.16666666666666666,5,5,CATTGTTGGGTGCTCGAGTT,0,2092573
lacIp,0.16666666666666666,5,5,CATTAAATCCAAGTCGTATC,0,2115549
lacIp,0.16666666666666666,5,5,CATCTGGGCGTTCAAATCGT,0,2107120
lacIp,0.16666666666666666,5,5,CATCATCTCGGTCGCACTTT,0,2091088
lacIp,0.16666666666666666,5,5,CATCACGTATCGCTCGGGCT,0,2121106
lacIp,0.16666666666666666,5,5,CAGTGGGTTGAAGGTGCTGC,0,2114576
lacIp,0.16666666666666666,5,5,CAGTGGGTCTTTTGACCAGC,0,2101689
lacIp,0.16666666666666666,5,5,CAGGTTGTAAAGGAATCCCC,0,2114191
lacIp,0.16666666666666666,5,5,CAGGTATTATGTCGCATGGG,0,2116891
lacIp,0.16666666666666666,5,5,CAGGCTAACCACAGTCAAGG,0,2089746
lacIp,0.16666666666666666,5,5,CAGGCGTTAGCGACACGAGC,0,2085985
lacIp,0.16666666666666666,5,5,CAGGCCTGCTATAGGATTTG,0,2088411
lacIp,0.16666666666666666,5,5,CAGGAACTGGACAGTCGTCC,0,2109050
lacIp,0.16666666666666666,5,5,CAGCGTGTCCTCCCTACTTA,0,2088410
lacIp,0.16666666666666666,5,5,CAGCAATTCTTAGACTAACT,0,2116507
lacIp,0.16666666666666666,5,5,CAGACGTTCGGGTACTCACC,0,2093541
lacIp,0.16666666666666666,5,5,CAGACCCAGTTATAAGGGTC,0,2101412
lacIp,0.16666666666666666,5,5,CAGACAGGGAAATCTCCTCC,0,2103810
lacIp,0.16666666666666666,5,5,CAGACACAGCAAGTGGTGTG,0,2091658
lacIp,0.16666666666666666,5,5,CACTTCTTTACGGATCCGTA,0,2096035
lacIp,0.16666666666666666,5,5,CACTTCTAAAATTGTGCACG,0,2110007
lacIp,0.16666666666666666,5,5,CACTGGGGTGGGGTGCAGTG,0,2086117
lacIp,0.16666666666666666,5,5,CACTCGTGTATGATGTCCTT,0,2108660
lacIp,0.16666666666666666,5,5,CACTCAGTATCGGTGATTCT,0,2092633
lacIp,0.16666666666666666,5,5,CACTAAAGGAATCTGATCTC,0,2111918
lacIp,0.16666666666666666,5,5,CACGTCAACGGAGAAACTCC,0,2105411
lacIp,0.16666666666666666,5,5,CACGTAGTTAGGGGACACCG,0,2097650
lacIp,0.16666666666666666,5,5,CACGGGGGTGGACCATTTGC,0,2092990
lacIp,0.16666666666666666,5,5,CACGGCACTTGCAAGGAATG,0,2093606
lacIp,0.16666666666666666,5,5,CACGGAGAAAGCGCTCAGCC,0,2104701
lacIp,0.16666666666666666,5,5,CACGCCCCCCCCACTGTCAG,0,2100040
lacIp,0.16666666666666666,5,5,CACGATCTCCGCCCGCTCGA,0,2110164
lacIp,0.16666666666666666,5,5,CACCTGAGGGCCAGGGACAA,0,2100142
lacIp,0.16666666666666666,5,5,CACCGTTAGCCGTGATTAGG,0,2102744
lacIp,0.16666666666666666,5,5,CACCGGCTTGCTTAGATCAT,0,2096282
lacIp,0.16666666666666666,5,5,CACCGGCTTCCGACTCTCCG,0,2103336
lacIp,0.16666666666666666,5,5,CACATGGATTACTTCTCGTG,0,2105619
lacIp,0.16666666666666666,5,5,CACATATAATAGTTTGCACC,0,2087539
lacIp,0.16666666666666666,5,5,CACAGTCAGAGCGCCCGATG,0,2121906
lacIp,0.16666666666666666,5,5,CACAACCTGATGTCCTCGGA,0,2113313
lacIp,0.16666666666666666,5,5,CAATTCTTGCAGCGTTCATG,0,2121117
lacIp,0.16666666666666666,5,5,CAAGGTTGAGGGGCGTGTGA,0,2094713
lacIp,0.16666666666666666,5,5,CAAGAAGGTGCATGAATCAA,0,2102769
lacIp,0.16666666666666666,5,5,CAACTTCTACACTGCTAACG,0,2101331
lacIp,0.16666666666666666,5,5,CAACTATAGCCCTTTGGCCA,0,2110418
lacIp,0.16666666666666666,5,5,CAACAGCTTGCGGGACATAA,0,2089021
lacIp,0.16666666666666666,5,5,CAACAGCCCCGGTCCAAGCC,0,2112868
lacIp,0.16666666666666666,5,5,CAACAGACCGTGGTGATTCT,0,2114845
lacIp,0.16666666666666666,5,5,CAAATCGGGTGCACTTCCGT,0,2090499
lacIp,0.16666666666666666,5,5,CAAACCTTCTATGATTCACT,0,2117086
lacIp,0.16666666666666666,5,5,CAAACCACCGGGGGAAACTC,0,2097476
lacIp,0.16666666666666666,5,5,ATTTTTCCTAGTACTCTCCT,0,2091410
lacIp,0.16666666666666666,5,5,ATTTCATAAATAATGATATC,0,2110713
lacIp,0.16666666666666666,5,5,ATTTAGGCACCAAGGGGTGG,0,2099417
lacIp,0.16666666666666666,5,5,ATTGGGTAATGAATGCCATC,0,2101265
lacIp,0.16666666666666666,5,5,ATTGAGGTTCCAGATCTCGC,0,2101215
lacIp,0.16666666666666666,5,5,ATTCCATCTTAAGCGCGCAT,0,2094329
lacIp,0.16666666666666666,5,5,ATTCATAATGTTTTGACGTA,0,2107021
lacIp,0.16666666666666666,5,5,ATTATACGCGTGCCTGTGAT,0,2119651
lacIp,0.16666666666666666,5,5,ATTACGTCTTAGAAGAATGA,0,2095841
lacIp,0.16666666666666666,5,5,ATGTTATGGGGGCACTTTAC,0,2094018
lacIp,0.16666666666666666,5,5,ATGTTACTCGCATCCCATGA,0,2104581
lacIp,0.16666666666666666,5,5,ATGTGCCGCGGTCACCTGTG,0,2099988
lacIp,0.16666666666666666,5,5,ATGTCCCCCGTGCATCGGGA,0,2099200
lacIp,0.16666666666666666,5,5,ATGTACTATCTCTAACTGCT,0,2103026
lacIp,0.16666666666666666,5,5,ATGTAAAATGACAACTGACA,0,2117469
lacIp,0.16666666666666666,5,5,ATGGCTGGTGTGATTGTCAG,0,2120428
lacIp,0.16666666666666666,5,5,ATGGACTAACATACCGTCTT,0,2121681
lacIp,0.16666666666666666,5,5,ATGGACATCAACTTTCAGGT,0,2113604
lacIp,0.16666666666666666,5,5,ATGCTTGAGACCTGTGTTCA,0,2095246
lacIp,0.16666666666666666,5,5,ATGCGTTACGTAATCTCGTG,0,2095850
lacIp,0.16666666666666666,5,5,ATGCCTTTCAAGTGATGCAG,0,2114706
lacIp,0.16666666666666666,5,5,ATGCCTGGACTCAACAGGAT,0,2088588
lacIp,0.16666666666666666,5,5,ATGCCGGCGTTCATTGGCTG,0,2115510
lacIp,0.16666666666666666,5,5,ATGCCCTGCGCTTGATTATG,0,2094087
lacIp,0.16666666666666666,5,5,ATGCAGGCACGCATGGTCGG,0,2119349
lacIp,0.16666666666666666,5,5,ATGAGTAAAGATAGGGTTGT,0,2092328
lacIp,0.16666666666666666,5,5,ATGAGCGCAGAAAAAATGGG,0,2093807
lacIp,0.16666666666666666,5,5,ATGAATTTCTTTGTTACAAG,0,2102777
lacIp,0.16666666666666666,5,5,ATGAATAGCGCTAATGGCAG,0,2112945
lacIp,0.16666666666666666,5,5,ATGAAGAACAAGTACGGTGA,0,2109319
lacIp,0.16666666666666666,5,5,ATCTGGCTCAGTCGGTGAAT,0,2114464
lacIp,0.16666666666666666,5,5,ATCTGCGGTCCTAGCTCCTG,0,2106911
lacIp,0.16666666666666666,5,5,ATCTGAGGTCTTAATGACCA,0,2087718
lacIp,0.16666666666666666,5,5,ATCTCGAAGCCACTGGATTC,0,2094631
lacIp,0.16666666666666666,5,5,ATCTATTAGGTGTAGGTCGG,0,2100676
lacIp,0.16666666666666666,5,5,ATCGTGTCATACGAGGGGAT,0,2115897
lacIp,0.16666666666666666,5,5,ATCGTATCGAAACTATCCAA,0,2104562
lacIp,0.16666666666666666,5,5,ATCGCGATAGTTTTAAATGT,0,2121652
lacIp,0.16666666666666666,5,5,ATCGCGAGCGTTAGTACGCA,0,2111390
lacIp,0.16666666666666666,5,5,ATCCTGGTATGCTCACCCCT,0,2103570
lacIp,0.16666666666666666,5,5,ATCCGTTTCTTCACTTATAT,0,2089161
lacIp,0.16666666666666666,5,5,ATCCCGAACCTCACTACTTC,0,2093432
lacIp,0.16666666666666666,5,5,ATCATCGTATCACGAGGGGA,0,2093450
lacIp,0.16666666666666666,5,5,ATCAGCTGGATTCAGTTATC,0,2089162
lacIp,0.16666666666666666,5,5,ATCAGCATCAATCCGTTGTT,0,2091000
lacIp,0.16666666666666666,5,5,ATATTTCAAGGTTCACTAAT,0,2091495
lacIp,0.16666666666666666,5,5,ATATTCCAGCGCACGGTCTA,0,2089400
lacIp,0.16666666666666666,5,5,ATATGTGTAGATGCAGGCAA,0,2087247
lacIp,0.16666666666666666,5,5,ATATGGTTTTTAACTCACGG,0,2115857
lacIp,0.16666666666666666,5,5,ATATCCAAGCAACTCTGGCT,0,2096379
lacIp,0.16666666666666666,5,5,ATAGTGGTCAAATCTCGGGT,0,2091559
lacIp,0.16666666666666666,5,5,ATAGTGCGGATTGCGGGGCG,0,2114760
lacIp,0.16666666666666666,5,5,ATAGGATATACACTTGTGTA,0,2095209
lacIp,0.16666666666666666,5,5,ATACTTTACTTCAGGTATGC,0,2117101
lacIp,0.16666666666666666,5,5,ATACGTAGGCGCTAGAGCCC,0,2096277
lacIp,0.16666666666666666,5,5,ATACCCGCGGGGTGGGTGAA,0,2092588
lacIp,0.16666666666666666,5,5,ATACACTTACAATGAGCCGG,0,2088323
lacIp,0.16666666666666666,5,5,ATAATTTGTGTGGTAGTGCT,0,2109507
lacIp,0.16666666666666666,5,5,AGTTTAGTTATTACCGCTGG,0,2108082
lacIp,0.16666666666666666,5,5,AGTTGACGTTTTTTTCTCAA,0,2093795
lacIp,0.16666666666666666,5,5,AGTTGACGGACCCATCGGCA,0,2101659
lacIp,0.16666666666666666,5,5,AGTGTTAGATTGGACGTATG,0,2096533
lacIp,0.16666666666666666,5,5,AGTGTGTGTATGGTTGACGC,0,2112005
lacIp,0.16666666666666666,5,5,AGTGGGCTTCTGGCCGTCGT,0,2102984
lacIp,0.16666666666666666,5,5,AGTGCAATTTTGTTTATAGT,0,2098618
lacIp,0.16666666666666666,5,5,AGTGATTCGGCCTCCGTCTC,0,2107038
lacIp,0.16666666666666666,5,5,AGTCGGACTGGTCGTACTAC,0,2090438
lacIp,0.16666666666666666,5,5,AGTCCGGCTCCTTAAGAGTA,0,2108899
lacIp,0.16666666666666666,5,5,AGTCAGGGCGCTATGGAAAG,0,2094250
lacIp,0.16666666666666666,5,5,AGTCAAGGAAGCTGACTTCC,0,2100936
lacIp,0.16666666666666666,5,5,AGTCAAAGCCTCAGAGCGTA,0,2106293
lacIp,0.16666666666666666,5,5,AGTATTAGAGCAGGATCAGC,0,2088492
lacIp,0.16666666666666666,5,5,AGTACGGGTAGTAGGCAATC,0,2097241
lacIp,0.16666666666666666,5,5,AGGTTTTCATGCCAAGCGTT,0,2120307
lacIp,0.16666666666666666,5,5,AGGTTTGAACGCATTTCAAA,0,2102869
lacIp,0.16666666666666666,5,5,AGGTGATGATAGGGTGCGGC,0,2095172
lacIp,0.16666666666666666,5,5,AGGTCTGTTGCTGCTAGAAC,0,2113075
lacIp,0.16666666666666666,5,5,AGGGGGCGCGGACCCCTCTC,0,2109371
lacIp,0.16666666666666666,5,5,AGGCTATTCCGTGTATTTTG,0,2094241
lacIp,0.16666666666666666,5,5,AGGCGGATCAAGTTAACGCT,0,2101888
lacIp,0.16666666666666666,5,5,AGGCCGCGTACAAGACCACT,0,2105139
lacIp,0.16666666666666666,5,5,AGGAGTTCCAAGAGGATGCC,0,2094277
lacIp,0.16666666666666666,5,5,AGGACTAGAGTCTTGCGACA,0,2101930
lacIp,0.16666666666666666,5,5,AGGACGGGGTTGATCGGATC,0,2106577
lacIp,0.16666666666666666,5,5,AGGACCTACGCGCCTAAGAA,0,2091305
lacIp,0.16666666666666666,5,5,AGGAACTCCCGCCCTTCATA,0,2094029
lacIp,0.16666666666666666,5,5,AGCTTTGATTGGCCTATGCC,0,2106032
lacIp,0.16666666666666666,5,5,AGCGACTGATAGGTACTACC,0,2092196
lacIp,0.16666666666666666,5,5,AGCCTTTTAGCCTCGCCAGG,0,2108010
lacIp,0.16666666666666666,5,5,AGCCGGGAATGGCAGAGAAT,0,2119708
lacIp,0.16666666666666666,5,5,AGCCGGAGGGACGGTTTCCA,0,2120179
lacIp,0.16666666666666666,5,5,AGCCGCGGTATTCGTATGGT,0,2090097
lacIp,0.16666666666666666,5,5,AGCCGCGGTACTGGGTCCCA,0,2114962
lacIp,0.16666666666666666,5,5,AGCCATAGTTCTTGCATCCC,0,2107123
lacIp,0.16666666666666666,5,5,AGCCACTTTGCCTATGAAGT,0,2115959
lacIp,0.16666666666666666,5,5,AGCCACAAATGATATTGCAT,0,2099709
lacIp,0.16666666666666666,5,5,AGCATCGCCAATATTTCTCC,0,2118943
lacIp,0.16666666666666666,5,5,AGCAACTGTTCGCTATGCGG,0,2109521
lacIp,0.16666666666666666,5,5,AGATCGTTCGGTAGAGACTG,0,2099065
lacIp,0.16666666666666666,5,5,AGATAGCGCATCTAGCACCA,0,2101698
lacIp,0.16666666666666666,5,5,AGAGTGAATTATTAGCACAG,0,2115160
lacIp,0.16666666666666666,5,5,AGAGATTGCTTGGAACTGAA,0,2093100
lacIp,0.16666666666666666,5,5,AGACACGTAAAGCAAACTAA,0,2113303
lacIp,0.16666666666666666,5,5,AGAATGACACCGCGATGCCC,0,2104686
lacIp,0.16666666666666666,5,5,AGAATAAACGGTGAGAAGAA,0,2093316
lacIp,0.16666666666666666,5,5,AGAACATCAGTATAAGAGAC,0,2103254
lacIp,0.16666666666666666,5,5,AGAACAGAACCTTCTACGTG,0,2087576
lacIp,0.16666666666666666,5,5,AGAAAATGATCAAGGATCTT,0,2092959
lacIp,0.16666666666666666,5,5,ACTTCGCCTGAAGTGCGTGT,0,2107143
lacIp,0.16666666666666666,5,5,ACTGGTGTTTTCGATTTCGC,0,2090319
lacIp,0.16666666666666666,5,5,ACTGCAGAGTTGAATGGGTA,0,2114400
lacIp,0.16666666666666666,5,5,ACTCGTTTAAAGGTGCGCCT,0,2093909
lacIp,0.16666666666666666,5,5,ACTCGATATGTATGGACAAT,0,2118354
lacIp,0.16666666666666666,5,5,ACTCCGTCATTACGCGAGTG,0,2094247
lacIp,0.16666666666666666,5,5,ACTAGCATAGTGTGTTAATC,0,2120756
lacIp,0.16666666666666666,5,5,ACTACTCGGAACTGCATAGA,0,2087769
lacIp,0.16666666666666666,5,5,ACTACCTCTGGGGTGCATTC,0,2101240
lacIp,0.16666666666666666,5,5,ACTAACCCGGCCCGACGCGA,0,2109539
lacIp,0.16666666666666666,5,5,ACTAAAATGGAAGCTAGAAT,0,2111938
lacIp,0.16666666666666666,5,5,ACGTGGATAGGGGTTCGAAT,0,2101190
lacIp,0.16666666666666666,5,5,ACGTGAAGGGGCAGTGGATC,0,2091060
lacIp,0.16666666666666666,5,5,ACGTCGGTGGACTACAGGCC,0,2122303
lacIp,0.16666666666666666,5,5,ACGTCGCGATGGTTGTGTTC,0,2107651
lacIp,0.16666666666666666,5,5,ACGGTAAGGCGACCCCTACA,0,2112022
lacIp,0.16666666666666666,5,5,ACGGGTCGCAACCCTTTCCC,0,2104047
lacIp,0.16666666666666666,5,5,ACGCCAGCAGGAAGAACATG,0,2118279
lacIp,0.16666666666666666,5,5,ACGCACACACGGCGACTATT,0,2098994
lacIp,0.16666666666666666,5,5,ACGATTACTAGGACCCAGTA,0,2110356
lacIp,0.16666666666666666,5,5,ACGAGGCACCGCACTTAATA,0,2098049
lacIp,0.16666666666666666,5,5,ACGAGATTTAGGAAGTTATC,0,2105502
lacIp,0.16666666666666666,5,5,ACCTTGAGCAGGGTTCCAAA,0,2108363
lacIp,0.16666666666666666,5,5,ACCTGAAGCTGAACTGTAAC,0,2103005
lacIp,0.16666666666666666,5,5,ACCTACATATGGTTAGGGGT,0,2087259
lacIp,0.16666666666666666,5,5,ACCGTTTATCCCCATCAGCT,0,2104477
lacIp,0.16666666666666666,5,5,ACCGCATATGCGGTACCGGT,0,2107232
lacIp,0.16666666666666666,5,5,ACCGACCACCGGGGGGACGT,0,2120343
lacIp,0.16666666666666666,5,5,ACCCTGCCGGGGTCCCGGTC,0,2095977
lacIp,0.16666666666666666,5,5,ACCCCTTGGTTCTCCGAGCA,0,2101333
lacIp,0.16666666666666666,5,5,ACCCCCATATTCTGTTCGGT,0,2115298
lacIp,0.16666666666666666,5,5,ACCCCAGCGCTCGGAGTTCG,0,2091758
lacIp,0.16666666666666666,5,5,ACATTTTGCCTCTCTGCAAA,0,2110921
lacIp,0.16666666666666666,5,5,ACATTGTTAGCGGAGGCGTC,0,2111770
lacIp,0.16666666666666666,5,5,ACATGTACGGCTTATAATTT,0,2087529
lacIp,0.16666666666666666,5,5,ACATCGTAAAATAGTTGAGG,0,2088118
lacIp,0.16666666666666666,5,5,ACATCAGCGGTGTCAGTGCG,0,2085762
lacIp,0.16666666666666666,5,5,ACAGACTCAGCCGTACAGGG,0,2116552
lacIp,0.16666666666666666,5,5,ACACCGGGCAAGGGTAGAAG,0,2091893
lacIp,0.16666666666666666,5,5,ACAATGTCCATTTAATGCGC,0,2101073
lacIp,0.16666666666666666,5,5,ACAATATGAGTCTGGTATTC,0,2094976
lacIp,0.16666666666666666,5,5,ACAAGGGGGCACTCTACAGA,0,2089865
lacIp,0.16666666666666666,5,5,ACAACGGCTGGTTCTGGAGC,0,2112491
lacIp,0.16666666666666666,5,5,ACAACGCCCCGGGTCGCACA,0,2093865
lacIp,0.16666666666666666,5,5,ACAACCTGAGATATTTACAC,0,2107540
lacIp,0.16666666666666666,5,5,AATTTTATAGTCCGAGCTTA,0,2092577
lacIp,0.16666666666666666,5,5,AATTGCTTTTTGCTCTTGCG,0,2087067
lacIp,0.16666666666666666,5,5,AATTGATAGCATTGGGCGGG,0,2109214
lacIp,0.16666666666666666,5,5,AATTGAAGGTCCCGACTACT,0,2117938
lacIp,0.16666666666666666,5,5,AATTCGGGAAACAACATGAG,0,2108884
lacIp,0.16666666666666666,5,5,AATTCGATTGTGGACGAGAA,0,2104142
lacIp,0.16666666666666666,5,5,AATTACCATGTCACATCAGT,0,2116032
lacIp,0.16666666666666666,5,5,AATGTCGGCTTCATCGAAAT,0,2109324
lacIp,0.16666666666666666,5,5,AATGGCAGTGGATCCGGCCT,0,2095317
lacIp,0.16666666666666666,5,5,AATGGAGTACTGATTCTAAG,0,2096892
lacIp,0.16666666666666666,5,5,AATGCCTATACGCCTGAAAA,0,2087672
lacIp,0.16666666666666666,5,5,AATCTACGGCAACCACTATT,0,2115230
lacIp,0.16666666666666666,5,5,AATCACCGAATAGTCTTGGA,0,2094867
lacIp,0.16666666666666666,5,5,AATAGAAACCAAGTGTGCTT,0,2107898
lacIp,0.16666666666666666,5,5,AATAATGTTTGAGTGCCGAC,0,2099881
lacIp,0.16666666666666666,5,5,AATAAAGGGCTCAGATTCCA,0,2118388
lacIp,0.16666666666666666,5,5,AAGTTGTACATGGCTCGGAG,0,2099974
lacIp,0.16666666666666666,5,5,AAGTGTGTGACAAACGATGG,0,2099209
lacIp,0.16666666666666666,5,5,AAGGTGTGCAGCTTGGGTTA,0,2116154
lacIp,0.16666666666666666,5,5,AAGGTACTGTTGAGTCAAAG,0,2113145
lacIp,0.16666666666666666,5,5,AAGGGGGGTCCATCTGTTTG,0,2097549
lacIp,0.16666666666666666,5,5,AAGGCTGTCTTACACACACA,0,2099850
lacIp,0.16666666666666666,5,5,AAGCTTTTAAAGGGGGGCCG,0,2098316
lacIp,0.16666666666666666,5,5,AAGCGGGGAGGGATCCATAC,0,2112486
lacIp,0.16666666666666666,5,5,AAGCGCGTAAGGGCGACAGT,0,2122119
lacIp,0.16666666666666666,5,5,AAGAAGTAGGTGAGTGGCGT,0,2111337
lacIp,0.16666666666666666,5,5,AAGAACATAGCGATTCTCTA,0,2098932
lacIp,0.16666666666666666,5,5,AACTCGGAAAACGGACGAAC,0,2095671
lacIp,0.16666666666666666,5,5,AACGAATCGCTCGACCAGGA,0,2120486
lacIp,0.16666666666666666,5,5,AACCTCTTCACGGCTTGAAC,0,2096250
lacIp,0.16666666666666666,5,5,AACCTCAAAGCATTCCGAGA,0,2116935
lacIp,0.16666666666666666,5,5,AACCGGTGTAGGCCAAGCAT,0,2103057
lacIp,0.16666666666666666,5,5,AACATGCTTTCGCTATTTCG,0,2117429
lacIp,0.16666666666666666,5,5,AACATCGACAATTCCAGCAT,0,2111217
lacIp,0.16666666666666666,5,5,AACACTGATTACAGAACTAG,0,2088067
lacIp,0.16666666666666666,5,5,AACAAGGCATCGACTCCGTA,0,2091718
lacIp,0.16666666666666666,5,5,AACAAGCCAGAGGTAATTGT,0,2100582
lacIp,0.16666666666666666,5,5,AAATTTGTTATTATTCGTTG,0,2097227
lacIp,0.16666666666666666,5,5,AAATTACGACCATACTGGTT,0,2113010
lacIp,0.16666666666666666,5,5,AAAGTCAGTCGTACGTTATA,0,2096222
lacIp,0.16666666666666666,5,5,AAAGTATGACGGATTCCAGT,0,2086287
lacIp,0.16666666666666666,5,5,AAAGGTCGAGCGGTTCCGCA,0,2113751
lacIp,0.16666666666666666,5,5,AAAGCTTGCCTTTGGAAATC,0,2104484
lacIp,0.16666666666666666,5,5,AAAGAGCTGGCCTGGACTTG,0,2094120
lacIp,0.16666666666666666,5,5,AAAGAGCGGCAGTAGGCTTG,0,2110430
lacIp,0.16666666666666666,5,5,AAACTCGACGTCCTATCGTC,0,2117153
lacIp,0.16666666666666666,5,5,AAACTCCTAGATATTCCTAT,0,2107259
lacIp,0.16666666666666666,5,5,AAACCCAACGCGTGGTATGG,0,2104909
lacIp,0.16666666666666666,5,5,AAACAGTATAGCCCTCCTGG,0,2099237
lacIp,0.16666666666666666,5,5,AAACAACCCCGTAATAGGCA,0,2113438
lacIp,0.16666666666666666,5,5,AAAATCGAATCTCGTTTGTG,0,2104196
lacIp,0.16666666666666666,5,5,AAAAGGACCCACTGTTGGTT,0,2116166
lacIp,0.16666666666666666,5,5,AAAAGACTATGTTAGCTATA,0,2105644
lacIp,0.16666666666666666,5,5,AAAACGCCGGTTAAGGCGAG,0,2111091
lacIp,0.16666666666666666,5,5,AAAAAGCACATGTGCGCGAT,0,2106142
lacIp,0.2,4,4,TTTTGTGGGTACTGTCGTCC,0,2100080
lacIp,0.2,4,4,TTTTAGTAAAGGATTTAATA,0,2105034
lacIp,0.2,4,4,TTTGGTCCTTCGAAGTACTG,0,2088955
lacIp,0.2,4,4,TTTGCTTATATTTTTCGTTG,0,2112332
lacIp,0.2,4,4,TTTGCGGCCCTCCGATTATG,0,2111419
lacIp,0.2,4,4,TTTGCCCAAGTACACACGGC,0,2116110
lacIp,0.2,4,4,TTTGACATCCTCGCTGCTCA,0,2087495
lacIp,0.2,4,4,TTTCCAGCACGCTAGACTAC,0,2107502
lacIp,0.2,4,4,TTTCATGAGCCGGCAGTCCG,0,2112111
lacIp,0.2,4,4,TTTATAATTGTTACACGTAC,0,2093070
lacIp,0.2,4,4,TTTAGCTACTTCGATAATTA,0,2116402
lacIp,0.2,4,4,TTTACTTTTCACGTCTCAGA,0,2087931
lacIp,0.2,4,4,TTTACTTTGCAACGTCAGTT,0,2111416
lacIp,0.2,4,4,TTGTTTAACGCTTCGGTACA,0,2099334
lacIp,0.2,4,4,TTGTTCCAGGGCGAATTATT,0,2095107
lacIp,0.2,4,4,TTGTGCTTGGCTGATAAAGC,0,2101587
lacIp,0.2,4,4,TTGTAAGCACCTAACAAGGT,0,2111747
lacIp,0.2,4,4,TTGTAACGCACCTGAAATAG,0,2087573
lacIp,0.2,4,4,TTGGTATCAGATTGCCGCAA,0,2109629
lacIp,0.2,4,4,TTGGTACTAGAGGCGCGACT,0,2117645
lacIp,0.2,4,4,TTGCGATTGGCCCGTGCAGA,0,2111055
lacIp,0.2,4,4,TTGCCGATCTAGCAGTGAAT,0,2106093
lacIp,0.2,4,4,TTGCAGGACTGAGACGGTCT,0,2120678
lacIp,0.2,4,4,TTGATAATCAGTGTCGGATG,0,2120117
lacIp,0.2,4,4,TTGAGGACCCGTAGTTCCCA,0,2103134
lacIp,0.2,4,4,TTGACGTGCCACCTATGAGG,0,2097924
lacIp,0.2,4,4,TTCTTTTCGTATAGCAGGCA,0,2108183
lacIp,0.2,4,4,TTCTTGACATTTTGATCCTG,0,2103293
lacIp,0.2,4,4,TTCTGTCAGCACGTGTTTGT,0,2087192
lacIp,0.2,4,4,TTCTACGTGGTATTCAGATG,0,2087782
lacIp,0.2,4,4,TTCTAACAGACTATTGGGAC,0,2093837
lacIp,0.2,4,4,TTCGCAGTTCACAGAAATGA,0,2091686
lacIp,0.2,4,4,TTCGACTAGATTTGATGGCA,0,2086740
lacIp,0.2,4,4,TTCGACATGCAAGCACCATT,0,2119662
lacIp,0.2,4,4,TTCCCGCGTTAAAGCTGGCT,0,2096033
lacIp,0.2,4,4,TTCCCATTACTCTCGCGGGT,0,2112782
lacIp,0.2,4,4,TTCAGGGGACAGCAACACCA,0,2092467
lacIp,0.2,4,4,TTCAGGAAGGAGAAGGTGAT,0,2109793
lacIp,0.2,4,4,TTATTAGAGATTGTCGTGTT,0,2115676
lacIp,0.2,4,4,TTATAAGGTGCGCACTACCC,0,2103958
lacIp,0.2,4,4,TTAGCGGGGTGCGTCGCAAG,0,2104555
lacIp,0.2,4,4,TTAGAGGGGTGCACACGTCA,0,2113250
lacIp,0.2,4,4,TTACAGAGGGGTTTTTTGTA,0,2108607
lacIp,0.2,4,4,TTACAACTCGACAGGATTAT,0,2102690
lacIp,0.2,4,4,TTAATGTATCTTTATGACAT,0,2092855
lacIp,0.2,4,4,TTAAGACTGTGTTGGCACCT,0,2107752
lacIp,0.2,4,4,TTAACCTAGGGAAGCTTTTG,0,2087918
lacIp,0.2,4,4,TTAAACCGGTCCAGGGAAAG,0,2098384
lacIp,0.2,4,4,TTAAACATATATGCTACTGG,0,2098823
lacIp,0.2,4,4,TGTTTGCGCCGGGGCGTCCA,0,2090792
lacIp,0.2,4,4,TGTTTGCAAAGGAACGTAAT,0,2099747
lacIp,0.2,4,4,TGTTTCTCCAAGCTCGTTCT,0,2103923
lacIp,0.2,4,4,TGTTTATTTTTTCGGTCGTC,0,2094378
lacIp,0.2,4,4,TGTTCTGCGGTATCTTACCA,0,2091561
lacIp,0.2,4,4,TGTTCCATCTAGCTGTTTGG,0,2110844
lacIp,0.2,4,4,TGTTCACGGTGGAAGGGAAG,0,2120084
lacIp,0.2,4,4,TGTTATCAGAGAAATGAGAT,0,2121516
lacIp,0.2,4,4,TGTTAATCTGGTGGCATTTG,0,2098480
lacIp,0.2,4,4,TGTGCATGGTAGGGGAAGCC,0,2113874
lacIp,0.2,4,4,TGTGCACTTGAGACGTACAG,0,2086267
lacIp,0.2,4,4,TGTGATTCACAACCCGCGAG,0,2095449
lacIp,0.2,4,4,TGTGAACTGACCCCATATAG,0,2109777
lacIp,0.2,4,4,TGTGAACCAATATCCAGCCG,0,2108858
lacIp,0.2,4,4,TGTCGGATTAACTTGCGAGC,0,2102193
lacIp,0.2,4,4,TGTCCGTGCTAGGGATGCCC,0,2092971
lacIp,0.2,4,4,TGTCAGGTGGAGCCTACAGC,0,2103000
lacIp,0.2,4,4,TGTCACAGAATCGTGTGGAA,0,2090963
lacIp,0.2,4,4,TGTAAGGTTTATATTGCTCT,0,2117032
lacIp,0.2,4,4,TGTAAGCTCGGGCGTATTAA,0,2112970
lacIp,0.2,4,4,TGGTACAAGGGTTGCCGTAA,0,2101293
lacIp,0.2,4,4,TGGGGCCATGTATGTTCATA,0,2093693
lacIp,0.2,4,4,TGGGCTACCCACAGTCATTT,0,2100083
lacIp,0.2,4,4,TGGGCTAAGGAGGATCAGTC,0,2092890
lacIp,0.2,4,4,TGGGAGAAAGGGAGGACTTG,0,2116816
lacIp,0.2,4,4,TGGCTAGCGACGTGTTATAA,0,2096209
lacIp,0.2,4,4,TGGCGTGGGGAACTTTAATA,0,2092501
lacIp,0.2,4,4,TGGCCGCGCACGGGCACCTA,0,2090118
lacIp,0.2,4,4,TGGATATATCAAAATCGAGG,0,2118453
lacIp,0.2,4,4,TGGACCTCTTGCGGAGCGTT,0,2108567
lacIp,0.2,4,4,TGGACAGGTTCGAAACAAGC,0,2093642
lacIp,0.2,4,4,TGGAAAATTAAAGTACGCGG,0,2100276
lacIp,0.2,4,4,TGCTTCGTGCGCTAATAAGC,0,2095124
lacIp,0.2,4,4,TGCTCTCGTGGGTGGTGATA,0,2113020
lacIp,0.2,4,4,TGCTCAAATGCTCTCGAATG,0,2111777
lacIp,0.2,4,4,TGCGTTGTGGTAGCTCTTCG,0,2105044
lacIp,0.2,4,4,TGCGTATCTACGATTCTTAG,0,2099391
lacIp,0.2,4,4,TGCGGTCCGTTCGAGGCTGC,0,2086379
lacIp,0.2,4,4,TGCGCAACTCAGACATATTG,0,2119296
lacIp,0.2,4,4,TGCGAACTTCTGTTCCGCGC,0,2098933
lacIp,0.2,4,4,TGCCGGAAATTCGCCGTGGG,0,2087550
lacIp,0.2,4,4,TGCATGCTAAGGCAACGGAC,0,2117989
lacIp,0.2,4,4,TGCATATAGCAACAGGACAA,0,2109026
lacIp,0.2,4,4,TGCAGCCCAGAAACACCCAC,0,2114292
lacIp,0.2,4,4,TGCAATAGGGGACGAACCGG,0,2113073
lacIp,0.2,4,4,TGCAACGCGAGTGATAACGG,0,2087944
lacIp,0.2,4,4,TGCAAAAGGGCTCCGCATGT,0,2119860
lacIp,0.2,4,4,TGCAAAACCTCCCTTGCCAC,0,2114285
lacIp,0.2,4,4,TGATTTTCAAGGTCGCCAAA,0,2095816
lacIp,0.2,4,4,TGATTTCATGGAGTGCAATT,0,2103205
lacIp,0.2,4,4,TGATTGTTTTGAGAATTTCT,0,2106200
lacIp,0.2,4,4,TGATCTGCAGATGCATACTG,0,2101227
lacIp,0.2,4,4,TGATCGTTTGTTCGCTTGTC,0,2096999
lacIp,0.2,4,4,TGATAAAGTGAACTTGTTCG,0,2104922
lacIp,0.2,4,4,TGAGTGAGGGGAAACAAGGG,0,2095204
lacIp,0.2,4,4,TGAGCTAAGAATCCGTTGCA,0,2097262
lacIp,0.2,4,4,TGAGATTGTTGCCATCTGAA,0,2111396
lacIp,0.2,4,4,TGAGATGAACGACGGGCGGC,0,2111156
lacIp,0.2,4,4,TGACCTTCTGCGAAGCGTCG,0,2094554
lacIp,0.2,4,4,TGAATTGTATGGTACGCGCG,0,2105952
lacIp,0.2,4,4,TGAATAGGAGCGCGATCCGG,0,2110811
lacIp,0.2,4,4,TGAATACGGGAACTCACTGA,0,2106894
lacIp,0.2,4,4,TGAAAGTCACGATGATTGAC,0,2120030
lacIp,0.2,4,4,TCTTGTCCATCGCCCCCGGC,0,2095221
lacIp,0.2,4,4,TCTTGTATGAGCGACTGGAC,0,2097802
lacIp,0.2,4,4,TCTTACCAATACGATCACGT,0,2116356
lacIp,0.2,4,4,TCTGTCCTATGTGGGACCTA,0,2112377
lacIp,0.2,4,4,TCTGTCAACCGCAGCGGGGA,0,2101672
lacIp,0.2,4,4,TCTGATCCTTGCGATTCTTT,0,2115517
lacIp,0.2,4,4,TCTCTCCCTTGATCGCGGCG,0,2091855
lacIp,0.2,4,4,TCTCTAGGATCTTGACGTTC,0,2100350
lacIp,0.2,4,4,TCTCGCTGGTAACGCCTCGG,0,2098631
lacIp,0.2,4,4,TCTCCTTAAATCTTTAAGAG,0,2089543
lacIp,0.2,4,4,TCTCAGGGTGAGAGCCATGA,0,2087973
lacIp,0.2,4,4,TCTCACTCAAATGAGTCAGC,0,2088951
lacIp,0.2,4,4,TCTCAAAGACATTATGAACG,0,2107063
lacIp,0.2,4,4,TCTATCGGGGGTGGAATGAG,0,2115232
lacIp,0.2,4,4,TCTAAGTCAGATTTGGAACT,0,2118590
lacIp,0.2,4,4,TCGTTTACGTCGATTTTCTC,0,2093936
lacIp,0.2,4,4,TCGTTGTAACTACTGTGACA,0,2099561
lacIp,0.2,4,4,TCGTTCAAACCGACGATGGT,0,2111921
lacIp,0.2,4,4,TCGTTACATGTGTTGGAATG,0,2102349
lacIp,0.2,4,4,TCGTCTAAAAACACGGTTCG,0,2118291
lacIp,0.2,4,4,TCGTAGTGCCGTAGCCTGTC,0,2107901
lacIp,0.2,4,4,TCGGTAGGATTGAGACAAGG,0,2095431
lacIp,0.2,4,4,TCGGCCGTTCGGCTTATAGA,0,2093643
lacIp,0.2,4,4,TCGGAATTGCTCGGCATGGC,0,2096214
lacIp,0.2,4,4,TCGCGGTAAACTTCACATAC,0,2090772
lacIp,0.2,4,4,TCGCGGCATATTCGGGTTTA,0,2099043
lacIp,0.2,4,4,TCGCCGTTTTAAGGTTGCCT,0,2110375
lacIp,0.2,4,4,TCGCCATTCTTGCTACCTTG,0,2103030
lacIp,0.2,4,4,TCGCCACTCATAGAACCTTA,0,2100813
lacIp,0.2,4,4,TCGCACTTATGTTAGGCGGA,0,2092663
lacIp,0.2,4,4,TCGATTATACAGTAACGTTT,0,2119231
lacIp,0.2,4,4,TCGATTAAGGTGGCCGGATG,0,2119382
lacIp,0.2,4,4,TCGAATGTAATGGACAACTG,0,2093514
lacIp,0.2,4,4,TCCTCGGCAGACACCGGACC,0,2119989
lacIp,0.2,4,4,TCCTAGAGTCTATCGCCGCC,0,2113847
lacIp,0.2,4,4,TCCGTGAGGATTCGTTTGGG,0,2121442
lacIp,0.2,4,4,TCCGCTATTACGCTCTCTGG,0,2116291
lacIp,0.2,4,4,TCCGCAATCGCAGCTTCGAC,0,2095537
lacIp,0.2,4,4,TCCCTGAACGTTATGCCAAC,0,2088894
lacIp,0.2,4,4,TCCATTCCGAACTGTGCGAA,0,2112602
lacIp,0.2,4,4,TCCATGCGTATGTGTAAGAG,0,2120972
lacIp,0.2,4,4,TCCATGCATCAGATACTAGA,0,2116549
lacIp,0.2,4,4,TCCAGTCACCGAGTTCGCAG,0,2107285
lacIp,0.2,4,4,TCCACCTACGTCATGAGTGG,0,2097269
lacIp,0.2,4,4,TCCAATCGTAAGCTACCCAG,0,2085758
lacIp,0.2,4,4,TCATGTAAATAGGTGCGTTC,0,2120039
lacIp,0.2,4,4,TCATGGCCCATCGCCCACAG,0,2099175
lacIp,0.2,4,4,TCATCACATGCGGTCTTCGG,0,2122368
lacIp,0.2,4,4,TCATATCCGTTCTCGCCTGT,0,2087382
lacIp,0.2,4,4,TCAGTATCAAAAGACATTGT,0,2108424
lacIp,0.2,4,4,TCAGACTCCTGCCGTTCTGG,0,2114840
lacIp,0.2,4,4,TCACTCAAAATCATCCCGAT,0,2098397
lacIp,0.2,4,4,TCACGCTGCGTTGGCGCCGG,0,2107732
lacIp,0.2,4,4,TCACCCATCTACGAATGCCA,0,2099442
lacIp,0.2,4,4,TCACCACAGACTACGTGCGC,0,2107861
lacIp,0.2,4,4,TCACAGGATTGGGAATATCA,0,2090051
lacIp,0.2,4,4,TCAACTCGCTCGCGTCTATT,0,2092430
lacIp,0.2,4,4,TATTTTCAGGGGCTTTAGGT,0,2110067
lacIp,0.2,4,4,TATTTCCGATATGCGCGGAT,0,2114523
lacIp,0.2,4,4,TATGCCAAGAGAAATGGGGG,0,2116850
lacIp,0.2,4,4,TATCTTGCGACAAGCGTCAT,0,2100752
lacIp,0.2,4,4,TATCGTCACAAAGAGCGAAG,0,2120680
lacIp,0.2,4,4,TATCGCTACAGGGTACTTTG,0,2090747
lacIp,0.2,4,4,TATCCCTGACCTGACTGAGA,0,2111084
lacIp,0.2,4,4,TATCAGCTAACCGCTTCTGT,0,2109112
lacIp,0.2,4,4,TATCAATCAATGTACCCGTA,0,2095748
lacIp,0.2,4,4,TATCAAACATTCGTTGACAG,0,2104195
lacIp,0.2,4,4,TATATCACTTGAAACAGTTG,0,2090757
lacIp,0.2,4,4,TATACCTGGCTTAATCGATT,0,2116344
lacIp,0.2,4,4,TATACAGAGGGGTTATTTCA,0,2107735
lacIp,0.2,4,4,TATACAAACTCGGAAAAGGG,0,2091928
lacIp,0.2,4,4,TATAAGAGATGCGAATTACG,0,2100430
lacIp,0.2,4,4,TATAAAGCACCAGTGCCAAG,0,2101821
lacIp,0.2,4,4,TAGGTGTCCTGCAGCTCTCA,0,2110362
lacIp,0.2,4,4,TAGGTGATATGCTTACGGGG,0,2110085
lacIp,0.2,4,4,TAGGGTGGTACGCGAGTAAA,0,2096507
lacIp,0.2,4,4,TAGGGGTGAAAGGTGAGGCT,0,2100869
lacIp,0.2,4,4,TAGGCTTTTTAATTCAGATT,0,2099665
lacIp,0.2,4,4,TAGGACTTTAGCGCCTCTAG,0,2118494
lacIp,0.2,4,4,TAGATTTAGATCGTCCAGAG,0,2108433
lacIp,0.2,4,4,TAGATCCTTGGGGAAATCAA,0,2092796
lacIp,0.2,4,4,TAGAGGCTGGGGGATTTGTC,0,2113817
lacIp,0.2,4,4,TAGACTAAGGCTTCTTCCGA,0,2118722
lacIp,0.2,4,4,TAGAACCTTTTTGAGCTAGT,0,2093769
lacIp,0.2,4,4,TACTTGAATTCTCCGGACTA,0,2094921
lacIp,0.2,4,4,TACTTAGTACTTGACACTGT,0,2117699
lacIp,0.2,4,4,TACTGCCGGAGGAAGAGAGA,0,2102860
lacIp,0.2,4,4,TACTATGATACTGCCTGACT,0,2117820
lacIp,0.2,4,4,TACTAGACTTGGAGGGTTGT,0,2110217
lacIp,0.2,4,4,TACGTCCTCCACACATGCTT,0,2090079
lacIp,0.2,4,4,TACGTCCCTTTTGTGGGTAT,0,2112629
lacIp,0.2,4,4,TACGCAAGTGTGGTAGCTTC,0,2093175
lacIp,0.2,4,4,TACCTGTTTAGTGTTTGAAC,0,2117427
lacIp,0.2,4,4,TACCTCGCGCTTGGAGCTAC,0,2112380
lacIp,0.2,4,4,TACATTGCCTCGTCTGTCTC,0,2090787
lacIp,0.2,4,4,TACACATAAGATGCAGTCCG,0,2090336
lacIp,0.2,4,4,TACACACTAAGCTTCGGCTG,0,2091207
lacIp,0.2,4,4,TACAAAGACCACCCCCACGA,0,2116332
lacIp,0.2,4,4,TAATTTGACGAATAATTTAA,0,2113264
lacIp,0.2,4,4,TAATTGTGTATCCTCCCTTT,0,2095484
lacIp,0.2,4,4,TAATTGATATTCACGATACG,0,2096141
lacIp,0.2,4,4,TAATTCCGGGCCGTGACTGC,0,2096917
lacIp,0.2,4,4,TAAGTGCACGCGCACTCCGA,0,2099265
lacIp,0.2,4,4,TAAGTCGGAAGTGGGATCTA,0,2088664
lacIp,0.2,4,4,TAAGGTTGTGCGTCAAACGG,0,2111038
lacIp,0.2,4,4,TAAGGTGCCTTGGAGTCCGG,0,2111138
lacIp,0.2,4,4,TAAGGAGTATGCCGATGCAT,0,2117039
lacIp,0.2,4,4,TAAGCAGCAGATTTTTGCGG,0,2089207
lacIp,0.2,4,4,TAAGATTCGTTCGAGAGCAC,0,2086536
lacIp,0.2,4,4,TAACTATAAGTGTCTGACCA,0,2112162
lacIp,0.2,4,4,TAACCGAACTCCATGTTACT,0,2102360
lacIp,0.2,4,4,TAACACCGTGGTGTGCGCTT,0,2094944
lacIp,0.2,4,4,TAAATGCCTGATCAATTTGA,0,2113868
lacIp,0.2,4,4,TAAATCGAATGTGGAAAGCG,0,2112018
lacIp,0.2,4,4,TAAAGCTCTACGCACCAACT,0,2113635
lacIp,0.2,4,4,TAAACGGAGATTTACTGCTC,0,2098396
lacIp,0.2,4,4,TAAAAAGAAAAATTACGAGT,0,2096920
lacIp,0.2,4,4,GTTTGGCAGCTATCTTGTAC,0,2110894
lacIp,0.2,4,4,GTTTCGTTCAACACCTTGTG,0,2095082
lacIp,0.2,4,4,GTTTCGTTATCGGGTTGCAT,0,2089802
lacIp,0.2,4,4,GTTTCGCGGCTGCTCCCTTT,0,2097720
lacIp,0.2,4,4,GTTTCCACCGTTCTTTAACG,0,2087241
lacIp,0.2,4,4,GTTTAGCCTTATCTCTCTAT,0,2107696
lacIp,0.2,4,4,GTTGTGGGTAGGCAATGTGT,0,2099723
lacIp,0.2,4,4,GTTGGTATGCGTGATATAAG,0,2094280
lacIp,0.2,4,4,GTTGGGGTGAGCGGACTTTG,0,2119486
lacIp,0.2,4,4,GTTGGAACCGTCATACGACA,0,2104773
lacIp,0.2,4,4,GTTGCTTTACAGTGGAAGGC,0,2108883
lacIp,0.2,4,4,GTTGCGAAATTTATAAGATA,0,2112866
lacIp,0.2,4,4,GTTGAGATTCTGTGGCGGGA,0,2098676
lacIp,0.2,4,4,GTTCGTGGCGCTCCGAGGCG,0,2102018
lacIp,0.2,4,4,GTTCACATACGCACACAAGT,0,2117451
lacIp,0.2,4,4,GTTAGTGGCCCGGCAATGTA,0,2122010
lacIp,0.2,4,4,GTTAGGATAGCGAGCGACGA,0,2119002
lacIp,0.2,4,4,GTTAGCCTCCGTGGGCACTC,0,2099290
lacIp,0.2,4,4,GTTAACCGGTCCTTCGTGAT,0,2089613
lacIp,0.2,4,4,GTGTTGAGTCGCGGTTAGAA,0,2089639
lacIp,0.2,4,4,GTGTCTGTTGTTCCATTAAG,0,2089617
lacIp,0.2,4,4,GTGTCTGGGCGGGCCATGCA,0,2107635
lacIp,0.2,4,4,GTGTCAATTGTGAGCGGGAG,0,2120755
lacIp,0.2,4,4,GTGTCAACTCCCTACTAGCA,0,2110986
lacIp,0.2,4,4,GTGTAAGCGAGGTGATAGCA,0,2089499
lacIp,0.2,4,4,GTGTAACGGCACCAGTTGTA,0,2112915
lacIp,0.2,4,4,GTGGTCAATGTCACGTGGTC,0,2098760
lacIp,0.2,4,4,GTGGGTGCAGTGTACTGGAT,0,2097081
lacIp,0.2,4,4,GTGGCCGCCAGGATCTAGCT,0,2104040
lacIp,0.2,4,4,GTGGCCCCACCAATGTACAA,0,2114543
lacIp,0.2,4,4,GTGGACATTGATTGGACCTT,0,2108354
lacIp,0.2,4,4,GTGGAATAAGTAAATTGTTA,0,2121450
lacIp,0.2,4,4,GTGCGTTCGCTGAAAGTTCG,0,2100648
lacIp,0.2,4,4,GTGCGGTTAAGATCTGTAAT,0,2110374
lacIp,0.2,4,4,GTGCCGACGTGTAGGGGATT,0,2104779
lacIp,0.2,4,4,GTGCCGACCACAACCGTCCG,0,2103992
lacIp,0.2,4,4,GTGCATTGCGCGCCATCATT,0,2094420
lacIp,0.2,4,4,GTGAGGAAAGCTATGACCCT,0,2111097
lacIp,0.2,4,4,GTGACTAAGTCGGACCTGGC,0,2088974
lacIp,0.2,4,4,GTGACCGCACCTGCTTTTAT,0,2100767
lacIp,0.2,4,4,GTGAAGCCTGAGCTAGAGGG,0,2115277
lacIp,0.2,4,4,GTCTTGATAAATGAGTCTGA,0,2102338
lacIp,0.2,4,4,GTCTTCAACTGGGGATATAG,0,2089872
lacIp,0.2,4,4,GTCTTAGCGAGCGTTTAGCG,0,2118932
lacIp,0.2,4,4,GTCTGTGCCACTCATACCTG,0,2104041
lacIp,0.2,4,4,GTCTGTGCATTAAGTCTTCG,0,2122158
lacIp,0.2,4,4,GTCTGGGTTTAGAGCAGTCA,0,2086824
lacIp,0.2,4,4,GTCTGAGTCAGGGATCAAAA,0,2093793
lacIp,0.2,4,4,GTCTCCGTCTGTTTGATCAA,0,2103378
lacIp,0.2,4,4,GTCTACTATGTCACAGAAAA,0,2115706
lacIp,0.2,4,4,GTCGCGCTTCTTTGGAAGCG,0,2104868
lacIp,0.2,4,4,GTCGAAATCGGGTCTTGTTT,0,2109551
lacIp,0.2,4,4,GTCCTTTCTGTAAGAGGTCG,0,2100665
lacIp,0.2,4,4,GTCCGCCGCATCGTCCAGAT,0,2110218
lacIp,0.2,4,4,GTCCGATGGTTCAGCCATCA,0,2105831
lacIp,0.2,4,4,GTCCATGGGTTTGCGCAAAT,0,2112289
lacIp,0.2,4,4,GTCAATCCGGCCATGTGCCA,0,2110280
lacIp,0.2,4,4,GTCAACTCTCTAGATCATCA,0,2092725
lacIp,0.2,4,4,GTCAAACGGCAACCAGGACT,0,2087883
lacIp,0.2,4,4,GTATTTGTAAGTCTAGGTAA,0,2103818
lacIp,0.2,4,4,GTATGTCGTGACTTTTGTGT,0,2100278
lacIp,0.2,4,4,GTATAGATCGTTAAGTCAGT,0,2097250
lacIp,0.2,4,4,GTAGTGGTGTTAGACGCACA,0,2115651
lacIp,0.2,4,4,GTAGTGGACTTTCCTTTAAT,0,2113997
lacIp,0.2,4,4,GTAGAGAGAAGTGATTAATG,0,2116313
lacIp,0.2,4,4,GTAGACAGCAAAGCGACCTC,0,2110059
lacIp,0.2,4,4,GTACTTTAATTTCTTATTGT,0,2091960
lacIp,0.2,4,4,GTACTATCCGGTATGAATTG,0,2091096
lacIp,0.2,4,4,GTACCTACTGACCGCTTTAG,0,2113092
lacIp,0.2,4,4,GTACCCGGGTAATAAAATGC,0,2119448
lacIp,0.2,4,4,GTACACCCGGCGAAGAGTTC,0,2102263
lacIp,0.2,4,4,GTACAACGTTTTACCGGGTC,0,2090021
lacIp,0.2,4,4,GTAATGGGCTATTTGTGGTC,0,2117715
lacIp,0.2,4,4,GTAAGAGTAGGCTACCACTC,0,2092644
lacIp,0.2,4,4,GTAAACCTGGCTATTCGCAG,0,2110972
lacIp,0.2,4,4,GTAAAAGTAGACCCCAGACA,0,2102429
lacIp,0.2,4,4,GGTTTACTTACGTTTGCCAC,0,2117992
lacIp,0.2,4,4,GGTTTAAGCGGGTGTCACCG,0,2100870
lacIp,0.2,4,4,GGTTCACGTTGTCGGGTTCA,0,2117196
lacIp,0.2,4,4,GGTTATTATCGACGACTGTT,0,2120822
lacIp,0.2,4,4,GGTTACAGAGTCCTGATGGG,0,2103399
lacIp,0.2,4,4,GGTGTTCCTGTCCGAAAAGG,0,2101433
lacIp,0.2,4,4,GGTGGCTATGACACTGGTCA,0,2101621
lacIp,0.2,4,4,GGTGCTGGCCATGCTCAATC,0,2101282
lacIp,0.2,4,4,GGTGCATACCCGGATAGAGC,0,2097542
lacIp,0.2,4,4,GGTGATACGGTGGCTATATA,0,2093448
lacIp,0.2,4,4,GGTGAGACGTAGACTCGCCC,0,2092776
lacIp,0.2,4,4,GGTCTCTTCGTACACACCAT,0,2097772
lacIp,0.2,4,4,GGTCGCGCATACCCCTTCAT,0,2096426
lacIp,0.2,4,4,GGTATGGATGACGGGGTCGC,0,2107989
lacIp,0.2,4,4,GGTATCCGGCGCTCCACCTA,0,2115272
lacIp,0.2,4,4,GGTAGGATCGGGTCTAATTA,0,2117765
lacIp,0.2,4,4,GGTACGACTGATCTTTTACT,0,2108366
lacIp,0.2,4,4,GGTACAGGTGGAACAGTATT,0,2095455
lacIp,0.2,4,4,GGGTTGAGATACCCCGGATT,0,2090248
lacIp,0.2,4,4,GGGTGCGCCGTCGGTGTCTT,0,2095117
lacIp,0.2,4,4,GGGGTATAGCAAACAACCAC,0,2089704
lacIp,0.2,4,4,GGGGCGGGTGCGTTTAAATC,0,2120886
lacIp,0.2,4,4,GGGGCGAACAGGTGGTCATG,0,2091437
lacIp,0.2,4,4,GGGGATGCACACCCGTGACG,0,2105301
lacIp,0.2,4,4,GGGGAGTGTACGAAGGGGTA,0,2102642
lacIp,0.2,4,4,GGGGAGGTCCTTATGCGTGT,0,2101582
lacIp,0.2,4,4,GGGGAAATGTAGCTATGCAG,0,2093623
lacIp,0.2,4,4,GGGCGCCCAAACAAATCAGC,0,2095131
lacIp,0.2,4,4,GGGCGACTAAGTAATATTAG,0,2093477
lacIp,0.2,4,4,GGGCGAATTAGATCCTGATA,0,2116093
lacIp,0.2,4,4,GGGCATACAACATTGGCGCA,0,2101824
lacIp,0.2,4,4,GGGATTGTAAGTTGTATGTC,0,2111053
lacIp,0.2,4,4,GGGATGTCTATAGCTATGAA,0,2119876
lacIp,0.2,4,4,GGGACCAGATGGCAGCCAAA,0,2122270
lacIp,0.2,4,4,GGCTTAATCCAGGGACGACA,0,2098698
lacIp,0.2,4,4,GGCTGAGCTAGGTACTCGGC,0,2091327
lacIp,0.2,4,4,GGCTGACCCATGCACGTATA,0,2105999
lacIp,0.2,4,4,GGCTCAGCGAATTTCATTGG,0,2088938
lacIp,0.2,4,4,GGCTAGCGTTGGTTTTGGAT,0,2091237
lacIp,0.2,4,4,GGCTAAGTACTGAAGTAATA,0,2094404
lacIp,0.2,4,4,GGCGTGGGAAGTGGCCACTA,0,2114357
lacIp,0.2,4,4,GGCGTGCAGTCAGGTTCATC,0,2109843
lacIp,0.2,4,4,GGCGCCGTCTTTGCACCACA,0,2099177
lacIp,0.2,4,4,GGCGCCGCTCAATTGGAGAG,0,2112103
lacIp,0.2,4,4,GGCGCATTAATGGCGCCCGG,0,2110928
lacIp,0.2,4,4,GGCGATATGTCCAGAGAAAC,0,2098548
lacIp,0.2,4,4,GGCCTGACATATGGTAGCAA,0,2116569
lacIp,0.2,4,4,GGCCGGACCCGACAGGCTGT,0,2108052
lacIp,0.2,4,4,GGCCCAAATTTACGTGGAAA,0,2111878
lacIp,0.2,4,4,GGCATGTACTGAGACCTGGC,0,2093851
lacIp,0.2,4,4,GGCAGTATGGTAAGCTGAAC,0,2088377
lacIp,0.2,4,4,GGCAGATTTCGTTCGAATCA,0,2106828
lacIp,0.2,4,4,GGCAGAGGGCGTGTTCGGCA,0,2112723
lacIp,0.2,4,4,GGCACGTAGTTGAGAATGCG,0,2120545
lacIp,0.2,4,4,GGATCATTCATTAACTCCTG,0,2115860
lacIp,0.2,4,4,GGATCATTAAAGGTACAGTT,0,2111126
lacIp,0.2,4,4,GGAGGGGATTAAGTTCTTGG,0,2104753
lacIp,0.2,4,4,GGAGGATATGACTTTGATCC,0,2102794
lacIp,0.2,4,4,GGACTGTCTCGCCGGTGGGA,0,2117194
lacIp,0.2,4,4,GGACGCTGCAGATTAATATC,0,2086884
lacIp,0.2,4,4,GGACGAAAGCAGCTTAGCAA,0,2092349
lacIp,0.2,4,4,GGACCCCCCATGGGAAAGCA,0,2087107
lacIp,0.2,4,4,GGACAGGGGGGTAGAACCTA,0,2087148
lacIp,0.2,4,4,GGACACGGGCGTAGTAAGGA,0,2115225
lacIp,0.2,4,4,GGAATTAATGTGACTGGTGT,0,2106048
lacIp,0.2,4,4,GGAATAAAGCAACCGTTTTT,0,2097019
lacIp,0.2,4,4,GGAAGGCACCGTATGTCAGC,0,2086731
lacIp,0.2,4,4,GGAAGCGCGGTAGGCACCAT,0,2108222
lacIp,0.2,4,4,GGAACTGGGTCGATCTAGGG,0,2112023
lacIp,0.2,4,4,GCTTGGTCGTCGATGCCTGG,0,2105651
lacIp,0.2,4,4,GCTTGATTTAATGAATGGGA,0,2119961
lacIp,0.2,4,4,GCTTCCGTCTGTCTGCTTAC,0,2103508
lacIp,0.2,4,4,GCTGTCCTTTAGGGTAGCGA,0,2103524
lacIp,0.2,4,4,GCTGGTCCACACCGGTGCGC,0,2116845
lacIp,0.2,4,4,GCTGGGGTACATAGATATTT,0,2100471
lacIp,0.2,4,4,GCTGCAATCCAGGTCTGCGC,0,2112440
lacIp,0.2,4,4,GCTCTCAGGTGTCGTACCTG,0,2095013
lacIp,0.2,4,4,GCTCCCGCTTTGATCGAATA,0,2103414
lacIp,0.2,4,4,GCTCATCAGGAAGGTCCTGC,0,2093292
lacIp,0.2,4,4,GCTCACGGGTGAGCACCAAG,0,2098683
lacIp,0.2,4,4,GCTCAACGATTGGTAAGAGT,0,2095522
lacIp,0.2,4,4,GCTATTTTACGTTAAAGCGA,0,2089570
lacIp,0.2,4,4,GCTAGGAATGGGACTCTGTC,0,2103239
lacIp,0.2,4,4,GCTAAGACGGTTGGAGGAGG,0,2099154
lacIp,0.2,4,4,GCGTTTTGCAAGGAAATTGT,0,2120957
lacIp,0.2,4,4,GCGTTTCCATTCAGTCTAGA,0,2112378
lacIp,0.2,4,4,GCGTTCAGTGCCATCGGCTG,0,2098215
lacIp,0.2,4,4,GCGTTAAACATTGAATTCAT,0,2108254
lacIp,0.2,4,4,GCGTGAACTATTTATAAATT,0,2087110
lacIp,0.2,4,4,GCGTCTGGTAAAAAAAGTAG,0,2093247
lacIp,0.2,4,4,GCGTCGAAGACTAAGGACTC,0,2087962
lacIp,0.2,4,4,GCGGTTCAGTGCTATCCTCC,0,2087552
lacIp,0.2,4,4,GCGGTGGCGGTTACCAAGGA,0,2106406
lacIp,0.2,4,4,GCGGGTTAATCGGGTAACTT,0,2099779
lacIp,0.2,4,4,GCGGGTCAGCCGGGAGTGAA,0,2105864
lacIp,0.2,4,4,GCGGCGAAATGTCTAATGGT,0,2095135
lacIp,0.2,4,4,GCGCTCGCGCCGGTCTGCGT,0,2107251
lacIp,0.2,4,4,GCGCTATTATTTTGATTGAA,0,2103277
lacIp,0.2,4,4,GCGCGGTTCAAGTAAGTGCC,0,2090456
lacIp,0.2,4,4,GCGCGCTCGGTGTCGGGTTC,0,2099482
lacIp,0.2,4,4,GCGCACCTCGGTATTGTATT,0,2096805
lacIp,0.2,4,4,GCGCAATTCCAAGACGGTGT,0,2091798
lacIp,0.2,4,4,GCGCAAGAAAGGTAGGACCA,0,2088033
lacIp,0.2,4,4,GCGAGTATGTTTGTATAATA,0,2097888
lacIp,0.2,4,4,GCGAAGAGCCCTTTACGCTT,0,2121335
lacIp,0.2,4,4,GCGAACCTAGCCTAGAATAT,0,2089009
lacIp,0.2,4,4,GCCTTTTGGCTTGTCGCGTA,0,2110330
lacIp,0.2,4,4,GCCTCCTTGGTGTGGTGGGT,0,2102331
lacIp,0.2,4,4,GCCTCCACATGACAAGGATT,0,2108467
lacIp,0.2,4,4,GCCTCAACTCCATTACGCCC,0,2105329
lacIp,0.2,4,4,GCCGTTTTCGCCGGCTGGCC,0,2120582
lacIp,0.2,4,4,GCCGAGTGACGCAAAGGATC,0,2113992
lacIp,0.2,4,4,GCCGAAAACAAGTCGAAGCA,0,2107016
lacIp,0.2,4,4,GCCCTGGCGGGTTTTTGGCA,0,2099108
lacIp,0.2,4,4,GCCCTGCAAACATTTAGTGG,0,2093957
lacIp,0.2,4,4,GCCCGCCGTGGGTTATCATT,0,2096981
lacIp,0.2,4,4,GCCCCCGATAGGAGCTTGAG,0,2099249
lacIp,0.2,4,4,GCCACGGTTCGCTAACACAG,0,2112909
lacIp,0.2,4,4,GCCAAGAATGATCGGCTCCT,0,2117562
lacIp,0.2,4,4,GCCAAACTGAACACGGAACT,0,2120783
lacIp,0.2,4,4,GCATTCGTTCGCTTCATTAT,0,2114381
lacIp,0.2,4,4,GCATGTCCACTACTATTAAC,0,2118955
lacIp,0.2,4,4,GCATGGCATCGCCTCACCAA,0,2118620
lacIp,0.2,4,4,GCATCCTAGGGTTTCATTAT,0,2119022
lacIp,0.2,4,4,GCATATGCTTGGTAGGATTT,0,2113989
lacIp,0.2,4,4,GCATACAAACGTCGGCCGGA,0,2089003
lacIp,0.2,4,4,GCAGTTTACTCTTAGTCTTG,0,2091477
lacIp,0.2,4,4,GCAGTGGCTAGACGATTAGC,0,2112268
lacIp,0.2,4,4,GCAGCTGAGACGCTAGCCTA,0,2109578
lacIp,0.2,4,4,GCAGCAGCCATTTCCGGCAT,0,2121989
lacIp,0.2,4,4,GCAGAGTTCTTGGTATATTG,0,2113687
lacIp,0.2,4,4,GCACTTGAAGAGTTGTTCTA,0,2116101
lacIp,0.2,4,4,GCACTGGCAGCAGGACCATG,0,2089199
lacIp,0.2,4,4,GCACGACGTAGTAAACAATC,0,2110572
lacIp,0.2,4,4,GCACCGGTGATGTGATCTTT,0,2111075
lacIp,0.2,4,4,GCACAGACCATTTCACTGTC,0,2119966
lacIp,0.2,4,4,GCAATTAAAAAATGTTGTCA,0,2095920
lacIp,0.2,4,4,GCAATATGGCGTGGTTTTCG,0,2095653
lacIp,0.2,4,4,GCAAAGGATCGATTACCTGC,0,2108127
lacIp,0.2,4,4,GCAAACAACGGAAAGCCAAG,0,2090797
lacIp,0.2,4,4,GATTGTAGCGGGCAATGTTC,0,2089451
lacIp,0.2,4,4,GATTCGCGCCTTTGTTTTAG,0,2104640
lacIp,0.2,4,4,GATTAAACGTGCGGACGGTT,0,2090272
lacIp,0.2,4,4,GATGGCACACTCAAATGCCC,0,2105708
lacIp,0.2,4,4,GATCATTTATGAGCATTGGC,0,2115320
lacIp,0.2,4,4,GATCAGACAGGTAGTTCCAG,0,2090494
lacIp,0.2,4,4,GATCACAATTGTGGCAGACT,0,2117790
lacIp,0.2,4,4,GATAGCTCTAAGATTGCACT,0,2096575
lacIp,0.2,4,4,GATACCCTTTACCCACTGGT,0,2116695
lacIp,0.2,4,4,GAGTTTGCTCGCCAGTGTAC,0,2108586
lacIp,0.2,4,4,GAGTCTGTCCGTATCTCTGA,0,2102358
lacIp,0.2,4,4,GAGTATCCGTATTGGTACTC,0,2104732
lacIp,0.2,4,4,GAGTAGTCGTACTATACCTG,0,2104029
lacIp,0.2,4,4,GAGGCGTTGATTAAGCGGCG,0,2094046
lacIp,0.2,4,4,GAGGCAAGGATTGGACCTTC,0,2089893
lacIp,0.2,4,4,GAGCTTAAACAAGGGTCGGG,0,2097991
lacIp,0.2,4,4,GAGCTGTAAACACTATCGGT,0,2091252
lacIp,0.2,4,4,GAGCGACGGCCCCATAGACT,0,2086805
lacIp,0.2,4,4,GAGCAGGGGGGCCTAAAAGT,0,2118344
lacIp,0.2,4,4,GAGCAGCACTCCATTCAGCA,0,2103059
lacIp,0.2,4,4,GAGCAACTAAAACGGCTTAT,0,2121886
lacIp,0.2,4,4,GAGATTGCCAAGAAGTGGCT,0,2114080
lacIp,0.2,4,4,GAGACTTGTCGGGAGGTCGC,0,2115058
lacIp,0.2,4,4,GAGAACCCAGCTATAACGTA,0,2108126
lacIp,0.2,4,4,GACTTGCTCTGAACAATGCC,0,2094981
lacIp,0.2,4,4,GACTTCCAGGTAACCTTGGG,0,2111315
lacIp,0.2,4,4,GACCTATACTCAGGATTGAG,0,2105066
lacIp,0.2,4,4,GACAGGGTCCGGCACAGACT,0,2099006
lacIp,0.2,4,4,GACAGCGGGTGTGGAGAGAA,0,2119809
lacIp,0.2,4,4,GACACTAGGTGCACCCGGGA,0,2111682
lacIp,0.2,4,4,GACACGGCTAGCAGGCAGGT,0,2120631
lacIp,0.2,4,4,GACACCGTAAGGGTCACCAT,0,2094070
lacIp,0.2,4,4,GACAAACCTCACTACGTCCC,0,2089611
lacIp,0.2,4,4,GAAGTGCGTATATTATCGAG,0,2113507
lacIp,0.2,4,4,GAAGAGCGCGTCTCGTGGTG,0,2110524
lacIp,0.2,4,4,GAAGACACCCAGGCCCGTGA,0,2100862
lacIp,0.2,4,4,GAAGAACGGCTCTCAAATCA,0,2115113
lacIp,0.2,4,4,GAACTTGACCATATTCACAA,0,2117994
lacIp,0.2,4,4,GAACTCCTGGTTCCGACTGG,0,2086568
lacIp,0.2,4,4,GAACTCCGAAGGTTTTGCGT,0,2097597
lacIp,0.2,4,4,GAACGTGCGACGCAAGTTGA,0,2092517
lacIp,0.2,4,4,GAACGGAGGCGGGGGGGTCC,0,2090007
lacIp,0.2,4,4,GAAACGGATTCGGGCTGCGC,0,2110170
lacIp,0.2,4,4,GAAACCAAACATTGGACAGT,0,2087839
lacIp,0.2,4,4,GAAAACAACCCCTATCGGGG,0,2114165
lacIp,0.2,4,4,GAAAAATGACGATCCATGTT,0,2115512
lacIp,0.2,4,4,CTTTGTCATCAACACGAGTG,0,2095627
lacIp,0.2,4,4,CTTTCTTCAGACCGGTTGGC,0,2091838
lacIp,0.2,4,4,CTTTAGTTGTAGTCGAGCTT,0,2094592
lacIp,0.2,4,4,CTTTACAGACAGAGTGGCTG,0,2091711
lacIp,0.2,4,4,CTTGTTATCGTCTGGGCCAA,0,2111891
lacIp,0.2,4,4,CTTGTAGTGCCCGCGGCTCA,0,2089504
lacIp,0.2,4,4,CTTCTGTCCGGCCCGACTCT,0,2104169
lacIp,0.2,4,4,CTTCGTTATCTTGCATGCAG,0,2102228
lacIp,0.2,4,4,CTTCCGGCATTGAAAATCCC,0,2087540
lacIp,0.2,4,4,CTTCAAACCACCCCTCGTAC,0,2087558
lacIp,0.2,4,4,CTTATTTGATCACAGTTCCA,0,2117508
lacIp,0.2,4,4,CTTAGCCTGAATCCGAAAGA,0,2095782
lacIp,0.2,4,4,CTTAGAGGTTCCGAACTTAG,0,2110727
lacIp,0.2,4,4,CTTACGTGGGCGAATTTTGT,0,2112054
lacIp,0.2,4,4,CTTACCCGTACATCGGCGAC,0,2115635
lacIp,0.2,4,4,CTTAACTATTAGATTGCGCT,0,2120951
lacIp,0.2,4,4,CTGTTGGTTCAATAAGGTGC,0,2088543
lacIp,0.2,4,4,CTGTTCTTCCTTCCAGCAGG,0,2086780
lacIp,0.2,4,4,CTGTTCCCATTCAGCGCCTG,0,2087513
lacIp,0.2,4,4,CTGTGTCCAACAAAGTTGTC,0,2088802
lacIp,0.2,4,4,CTGTGCAATAACCTGTGTTG,0,2109290
lacIp,0.2,4,4,CTGTCACTCGCTGCACGTTG,0,2111003
lacIp,0.2,4,4,CTGGGTAGCGTAAAGCAATG,0,2090478
lacIp,0.2,4,4,CTGGGTAATAGGACAGTTCG,0,2089562
lacIp,0.2,4,4,CTGGAGCAGGTGGAACATGT,0,2110997
lacIp,0.2,4,4,CTGATGTGAATCGGTGCAAT,0,2099164
lacIp,0.2,4,4,CTGATGGGCATGGGGACGTG,0,2107581
lacIp,0.2,4,4,CTGATCTGCTAGTTACGCCG,0,2120558
lacIp,0.2,4,4,CTGAGGTACAACCCCCAAAT,0,2115388
lacIp,0.2,4,4,CTGACGATTGATATTCGCCT,0,2119544
lacIp,0.2,4,4,CTGAAGATTACGAGGGAGGA,0,2119761
lacIp,0.2,4,4,CTCTTGGTGTCTTTGAGCAT,0,2116447
lacIp,0.2,4,4,CTCTCGAGCATAGGGTCTGA,0,2094917
lacIp,0.2,4,4,CTCTCCCGGTGTTGCGCGAG,0,2086825
lacIp,0.2,4,4,CTCTAGCTAAAATCCATTTC,0,2103900
lacIp,0.2,4,4,CTCGTAAAGAAGGGTGAGGC,0,2100534
lacIp,0.2,4,4,CTCGGGGGGTTTTTTAAAAA,0,2111149
lacIp,0.2,4,4,CTCGCTTGTGACGTTAATTC,0,2105365
lacIp,0.2,4,4,CTCGAATTCCCCTTCGGAGC,0,2108792
lacIp,0.2,4,4,CTCCTTGAGAGACCGTGACG,0,2093629
lacIp,0.2,4,4,CTCCGCCGCTCAAACGGTAC,0,2095585
lacIp,0.2,4,4,CTCCAGAACTGGCCGAAGGT,0,2108055
lacIp,0.2,4,4,CTCATTTGTAAAGGCATGTC,0,2090967
lacIp,0.2,4,4,CTCAGTTGTTACATACACGT,0,2104030
lacIp,0.2,4,4,CTCAGAAGGTTCGTGTATAA,0,2105887
lacIp,0.2,4,4,CTCACGTAGGCGCTCCCGCA,0,2116232
lacIp,0.2,4,4,CTCACGCCAAAAAACTGATA,0,2087049
lacIp,0.2,4,4,CTCACACTATTGGGAGTTGA,0,2087619
lacIp,0.2,4,4,CTATTCCACTGTGACCTTCT,0,2095693
lacIp,0.2,4,4,CTATGTAGGCCACGCCCAAT,0,2105303
lacIp,0.2,4,4,CTATCGTATGGCCTCCTCGA,0,2092562
lacIp,0.2,4,4,CTATATTGTGTACTATGGCC,0,2108489
lacIp,0.2,4,4,CTATACCTTGAACCTTCTAC,0,2093942
lacIp,0.2,4,4,CTATAACTCCGGTTGGGCAT,0,2116942
lacIp,0.2,4,4,CTAGTACTACACGACGTATT,0,2089500
lacIp,0.2,4,4,CTACTTTATTTATTCTCGGA,0,2121387
lacIp,0.2,4,4,CTAAGTCGAAAACCACTCTA,0,2095054
lacIp,0.2,4,4,CTAAGTATCCCGATTCATTC,0,2109791
lacIp,0.2,4,4,CTAAATTCAGATACGCTAAG,0,2096589
lacIp,0.2,4,4,CTAAAGACCGTCGTTTAATC,0,2091452
lacIp,0.2,4,4,CTAAAAGTAAGTTTTGGGGG,0,2100135
lacIp,0.2,4,4,CGTTGTGGTATATAAGGAAT,0,2107295
lacIp,0.2,4,4,CGTTGGTGAGGCGGGTAGAC,0,2111158
lacIp,0.2,4,4,CGTTCTCTCGCGATATCGAA,0,2088968
lacIp,0.2,4,4,CGTTCGGTGAGCTTTCGAGG,0,2095223
lacIp,0.2,4,4,CGTTATAGTTTAGATTTCGA,0,2109715
lacIp,0.2,4,4,CGTGGGTGATAGAACTTAAA,0,2089331
lacIp,0.2,4,4,CGTGCGTTTTAAACTCACAG,0,2115367
lacIp,0.2,4,4,CGTGCCCGGCTGTGACATAA,0,2099013
lacIp,0.2,4,4,CGTCGTCCACGCGACCAGAT,0,2096953
lacIp,0.2,4,4,CGTCCGTTCACCAATTAGGG,0,2114033
lacIp,0.2,4,4,CGTCATCTCTATTAAGCCAC,0,2088168
lacIp,0.2,4,4,CGTCAGTGTGATGTTCCAGT,0,2090667
lacIp,0.2,4,4,CGTATGATCTAGTAACGCAT,0,2104184
lacIp,0.2,4,4,CGTAGTACTCGTTGACGCTG,0,2089666
lacIp,0.2,4,4,CGTAGCGAAGTCGGCGTACA,0,2098411
lacIp,0.2,4,4,CGTAGATGACTCAGACCGAC,0,2117672
lacIp,0.2,4,4,CGTACTTTGTACAACTAATG,0,2111603
lacIp,0.2,4,4,CGTACGCTGGACTGAAGTCA,0,2093584
lacIp,0.2,4,4,CGGTGTTGTAGAGGTTGATA,0,2117995
lacIp,0.2,4,4,CGGTGTCTATGTCGCGCACT,0,2088134
lacIp,0.2,4,4,CGGTACGACGGCCACCTTGT,0,2097256
lacIp,0.2,4,4,CGGGTGTTCTACGAGCGCGT,0,2121515
lacIp,0.2,4,4,CGGGTGTAGTCAAGAACAGA,0,2105939
lacIp,0.2,4,4,CGGGTATGCCCTCTGCCGTT,0,2087202
lacIp,0.2,4,4,CGGGTACTATCCTTCGAAGG,0,2092945
lacIp,0.2,4,4,CGGGGAATTACGAAATGTCG,0,2090048
lacIp,0.2,4,4,CGGGAGCGGGTGTTGTATCC,0,2096751
lacIp,0.2,4,4,CGGGACGTTGAAGATTCTCA,0,2113910
lacIp,0.2,4,4,CGGCTTCCGTGCTACTCAAG,0,2092334
lacIp,0.2,4,4,CGGCGAAGTCTACTCCTAAT,0,2092469
lacIp,0.2,4,4,CGGCCTAAACTACGCATCGA,0,2117653
lacIp,0.2,4,4,CGGCAAGAGGAGTGATGCGA,0,2102633
lacIp,0.2,4,4,CGGCAACCAGCATAGAATCT,0,2103089
lacIp,0.2,4,4,CGGATATTACCCCTCTTTTG,0,2096768
lacIp,0.2,4,4,CGGAGGACATTTAAAACGTT,0,2118989
lacIp,0.2,4,4,CGGACGCCTGGGGCGGGCGA,0,2098846
lacIp,0.2,4,4,CGGAAGGGTGACGTACATTA,0,2090576
lacIp,0.2,4,4,CGGAAACTGGATACTCAAGC,0,2104356
lacIp,0.2,4,4,CGCTTAACGCTAGACTTTTA,0,2121660
lacIp,0.2,4,4,CGCTCCAATGGAAAGGTCCT,0,2099767
lacIp,0.2,4,4,CGCTCACCGCGGGAATGTGT,0,2090893
lacIp,0.2,4,4,CGCTAGATCTGAGCACAGGA,0,2113397
lacIp,0.2,4,4,CGCGTGAAGAGTTAACATGA,0,2102425
lacIp,0.2,4,4,CGCCTAGCAATGCGACCAGC,0,2091924
lacIp,0.2,4,4,CGCCGGTCGGTCCGTAGCAT,0,2095063
lacIp,0.2,4,4,CGCCCGCCTTGCACAGTTCA,0,2100650
lacIp,0.2,4,4,CGCCAAGACGTGAATCACTG,0,2096671
lacIp,0.2,4,4,CGCATGAATAAGGCCGCGTG,0,2093830
lacIp,0.2,4,4,CGCACGCGATGAGTTAGGGC,0,2097151
lacIp,0.2,4,4,CGCACCCGATCTCGTGAAGC,0,2111551
lacIp,0.2,4,4,CGCAATCTGCGGGAGAAGCA,0,2116471
lacIp,0.2,4,4,CGCAACTTCGCGCATGCGCA,0,2088183
lacIp,0.2,4,4,CGATTGCGCGGCGGGCAATG,0,2087578
lacIp,0.2,4,4,CGATTAAGGAACCTGAAGGT,0,2098625
lacIp,0.2,4,4,CGATGCCTGCTCGCCGCGCG,0,2093732
lacIp,0.2,4,4,CGAGTGTCTCGGCGCTGTAA,0,2085977
lacIp,0.2,4,4,CGACTTTCGCACGAACACGT,0,2108630
lacIp,0.2,4,4,CGACTAAAACGCACGGCGAC,0,2108340
lacIp,0.2,4,4,CGACGTCCTCAGGTAGCCAC,0,2090026
lacIp,0.2,4,4,CGACAGTGGAGAATTTCGAG,0,2113754
lacIp,0.2,4,4,CGACAGTAAACTCTTTCTTG,0,2107565
lacIp,0.2,4,4,CGAAGGCAGCAACAAGGCCT,0,2095007
lacIp,0.2,4,4,CCTTGGGTCAATACTCCCTG,0,2114348
lacIp,0.2,4,4,CCTTAGGAGTCAAAAGGGGT,0,2101771
lacIp,0.2,4,4,CCTTAAAACTGACAGGAGCA,0,2118023
lacIp,0.2,4,4,CCTGGTGCATAATCGATAAA,0,2099875
lacIp,0.2,4,4,CCTGGTCCACAAGGTTTGTG,0,2091203
lacIp,0.2,4,4,CCTGGTCATTAACCGAGTTG,0,2098181
lacIp,0.2,4,4,CCTGGGAACAAGATTCGGAG,0,2102990
lacIp,0.2,4,4,CCTCTAAGTTTTTAAATTGC,0,2089091
lacIp,0.2,4,4,CCTCGTTTATAGGCGTTGGC,0,2100107
lacIp,0.2,4,4,CCTCCCCCTTCCTACACGAT,0,2099998
lacIp,0.2,4,4,CCTATGTGATTTAACGAACA,0,2112075
lacIp,0.2,4,4,CCTATGCCGGTGGGAGTCTT,0,2092832
lacIp,0.2,4,4,CCTAGCTGTTAAGTCTTCGT,0,2118361
lacIp,0.2,4,4,CCTAGCGTAGAATTAGTATC,0,2100434
lacIp,0.2,4,4,CCGTTGGGGAGACCTATTCC,0,2101989
lacIp,0.2,4,4,CCGTGTGTTGAATGGCGGAG,0,2109138
lacIp,0.2,4,4,CCGTGTGCGCGCAAGTCTGC,0,2103588
lacIp,0.2,4,4,CCGTGGTTTCCAAGTAGAAA,0,2107332
lacIp,0.2,4,4,CCGTGAATAGTGTGCAAACT,0,2093744
lacIp,0.2,4,4,CCGTCGCCACGCGGGGATAA,0,2119688
lacIp,0.2,4,4,CCGTCACAGACGAACGGATT,0,2100848
lacIp,0.2,4,4,CCGTATGTGCAAATCAGTCA,0,2096308
lacIp,0.2,4,4,CCGTAGGTTAGGAGGTACTA,0,2107641
lacIp,0.2,4,4,CCGGTTCCCAGCCCATACTA,0,2112722
lacIp,0.2,4,4,CCGGTCTCTCCGAAACGATA,0,2106123
lacIp,0.2,4,4,CCGGTACGGAGCTTAACGCA,0,2088038
lacIp,0.2,4,4,CCGGGGCCGGGGGTAAACAA,0,2089296
lacIp,0.2,4,4,CCGGCGCCTGTCGAACTTTT,0,2119232
lacIp,0.2,4,4,CCGGATCTCTGTAGACCTAG,0,2103653
lacIp,0.2,4,4,CCGGAGGTGAGGCGGCCATA,0,2088467
lacIp,0.2,4,4,CCGCTTGGGACTATAGTTGA,0,2108023
lacIp,0.2,4,4,CCGCTCTTGGAGACAGATTT,0,2088866
lacIp,0.2,4,4,CCGCAGAATTAGAGGTCCGC,0,2118358
lacIp,0.2,4,4,CCGCAACCGACCGGTACTAT,0,2086757
lacIp,0.2,4,4,CCGAGCTCCGATTTCAAAGG,0,2090984
lacIp,0.2,4,4,CCGACGCATGGTATCCCATC,0,2107093
lacIp,0.2,4,4,CCGACAGTAAGCGCAGAGTA,0,2098291
lacIp,0.2,4,4,CCGACAATCTTGGTTGGATC,0,2113712
lacIp,0.2,4,4,CCCTTATAGGCGTTTTTTGC,0,2093264
lacIp,0.2,4,4,CCCTTAAGCGTACTCCCGTG,0,2111333
lacIp,0.2,4,4,CCCTGACAGGGCGGCTCTCA,0,2115165
lacIp,0.2,4,4,CCCTGAAGAACTTTTTGTTT,0,2104330
lacIp,0.2,4,4,CCCTCACCTATCCATTGGAT,0,2106519
lacIp,0.2,4,4,CCCTAACTACGGACCCATCA,0,2104606
lacIp,0.2,4,4,CCCGTACCGGCCCGCGCGAT,0,2091301
lacIp,0.2,4,4,CCCGGGTCACAGGTATACGT,0,2086489
lacIp,0.2,4,4,CCCGGAAGGCTCGGGGTGGT,0,2099976
lacIp,0.2,4,4,CCCGCACATGGGCCACAGCG,0,2119697
lacIp,0.2,4,4,CCCGATATTAACTCAGTGGT,0,2099752
lacIp,0.2,4,4,CCCCGTTCGGCAAAATTCAT,0,2096356
lacIp,0.2,4,4,CCCCCGTCCCAGAGCCAAGG,0,2118951
lacIp,0.2,4,4,CCCAGACGTCTCTGTTAAAT,0,2111387
lacIp,0.2,4,4,CCCACTACTGTGAAGTCAAA,0,2106784
lacIp,0.2,4,4,CCCACCCTCTCGACCAACCA,0,2114572
lacIp,0.2,4,4,CCATTGGGTCAGTGTAACAG,0,2098345
lacIp,0.2,4,4,CCATGAGCTGTGATGATTTC,0,2103790
lacIp,0.2,4,4,CCATCTCTACGATCAATCAC,0,2090721
lacIp,0.2,4,4,CCATCGGTAGTTCTGCATGA,0,2116341
lacIp,0.2,4,4,CCATATGTTATAAATGCAAT,0,2115345
lacIp,0.2,4,4,CCAGTTTAAATCCTAAGTCA,0,2109423
lacIp,0.2,4,4,CCAGTTCCTGCACATGAGAG,0,2093418
lacIp,0.2,4,4,CCAGTTATCTGATACGGGTG,0,2101675
lacIp,0.2,4,4,CCAGTTAAACGGAGTAGTTT,0,2087956
lacIp,0.2,4,4,CCAGGCCCATCACTACATTC,0,2115065
lacIp,0.2,4,4,CCAGCGAGACTTATTAGGGA,0,2101277
lacIp,0.2,4,4,CCAGATCCTGAGAGTATGAC,0,2107453
lacIp,0.2,4,4,CCAGACTACAATGGCAGTGA,0,2101778
lacIp,0.2,4,4,CCACTCAGAAACAGAGCAGA,0,2111649
lacIp,0.2,4,4,CCACCTACTTAGTCGGTAGG,0,2091285
lacIp,0.2,4,4,CCACCCTGCGACAGCCTTCC,0,2106987
lacIp,0.2,4,4,CCAACGGTCCTGGCTGGCTG,0,2095584
lacIp,0.2,4,4,CCAACCGCAGCCGGACGTAT,0,2092358
lacIp,0.2,4,4,CATTGACCCTCATTGCAATT,0,2090790
lacIp,0.2,4,4,CATGTCTGAATGCGAAGGGT,0,2108593
lacIp,0.2,4,4,CATGTCACCTGTCTCGAATG,0,2120408
lacIp,0.2,4,4,CATGGAGCATCTAGCGTGAC,0,2092735
lacIp,0.2,4,4,CATGGACCCCTGGTAGGATG,0,2114937
lacIp,0.2,4,4,CATGCTTTGTGCCGCCGCTC,0,2109215
lacIp,0.2,4,4,CATCTTGGGCGAATGACCCT,0,2109512
lacIp,0.2,4,4,CATCGTACACGCATACTGCG,0,2113985
lacIp,0.2,4,4,CATCGGACACAGCAGCTATT,0,2091763
lacIp,0.2,4,4,CATCGCATCATCTGCGAAGT,0,2092613
lacIp,0.2,4,4,CATCAAGCTCGGATGCGTTA,0,2098176
lacIp,0.2,4,4,CATATCCTCAAACTTTATAT,0,2088238
lacIp,0.2,4,4,CATAGGCTGGCCCGTCGTAG,0,2105728
lacIp,0.2,4,4,CATACCCTCTAGGGTCGTCA,0,2111696
lacIp,0.2,4,4,CATAAAACCTCGTAGCGTAC,0,2105424
lacIp,0.2,4,4,CAGTTGGGACGTAATCCGTA,0,2115769
lacIp,0.2,4,4,CAGTCAGCCATCGTAAGCGG,0,2098586
lacIp,0.2,4,4,CAGGTTTCAGGCCTCCCAGG,0,2110223
lacIp,0.2,4,4,CAGGTATGTTGACGCATTGG,0,2111461
lacIp,0.2,4,4,CAGGCTTGGCTACTTCGGCA,0,2118337
lacIp,0.2,4,4,CAGGCTCTGCCCGGGTGGTT,0,2110565
lacIp,0.2,4,4,CAGGCAACCCTTGTGGTCGG,0,2089067
lacIp,0.2,4,4,CAGCTTTGTCCGGAAGGAGC,0,2088696
lacIp,0.2,4,4,CAGCCCGGGATCCGTTTGCC,0,2110145
lacIp,0.2,4,4,CAGCCCCTACGCAATTGGCC,0,2117962
lacIp,0.2,4,4,CAGCAGCTGAATCAGGAACT,0,2097878
lacIp,0.2,4,4,CAGCAGCATTCGGCTAAGTT,0,2117092
lacIp,0.2,4,4,CAGATCTAGCTATATGATCA,0,2089647
lacIp,0.2,4,4,CAGATACTTGTAAGGTCTGC,0,2102174
lacIp,0.2,4,4,CACTTTTAACGAACTCTCCT,0,2091897
lacIp,0.2,4,4,CACTGCGCGCCGTGCCGTAT,0,2121255
lacIp,0.2,4,4,CACTACAAGGGGATGTACTG,0,2091332
lacIp,0.2,4,4,CACGTAGGTAGAAAGTCGGC,0,2091062
lacIp,0.2,4,4,CACGGTGGGAGTGTCATGGG,0,2091996
lacIp,0.2,4,4,CACGGCGAGTTAAAATTCGA,0,2095814
lacIp,0.2,4,4,CACGAGCGTGTGACTACTCA,0,2089667
lacIp,0.2,4,4,CACCTATTTACGGATGAAAG,0,2088615
lacIp,0.2,4,4,CACCGGCGGGTTAGTCTATA,0,2091380
lacIp,0.2,4,4,CACCCCCACATGTCAGAGAA,0,2106744
lacIp,0.2,4,4,CACATTCTATAATGTTTCTC,0,2089344
lacIp,0.2,4,4,CACATCTGGGCCTATCGGTG,0,2089454
lacIp,0.2,4,4,CACAGGGATTAAGGAGCGCA,0,2108414
lacIp,0.2,4,4,CACAAGTTTTTCGGAGGCTA,0,2120483
lacIp,0.2,4,4,CACAACGGGTAGCGCTGCTG,0,2102490
lacIp,0.2,4,4,CACAACGCCCTTTCGATTCG,0,2096252
lacIp,0.2,4,4,CAATGGGTTGGGAACGCGGC,0,2099153
lacIp,0.2,4,4,CAAGTTTCGCAGGGGGACGT,0,2111709
lacIp,0.2,4,4,CAAGTGAACCAATTGTTCGA,0,2122009
lacIp,0.2,4,4,CAAGAGTCTGTTCCGTCTGC,0,2090170
lacIp,0.2,4,4,CAACGCCTGGGGTAGCACTT,0,2117680
lacIp,0.2,4,4,CAACCTAATAATCATATGGT,0,2095817
lacIp,0.2,4,4,CAACATCGTGGATGGGCTGT,0,2118428
lacIp,0.2,4,4,CAAAGCTGGGGAGGGCCTTG,0,2117577
lacIp,0.2,4,4,CAAAGACCAAGGTTTTATTG,0,2112265
lacIp,0.2,4,4,CAAAATATGGACCCTCAGCT,0,2108169
lacIp,0.2,4,4,ATTTTGGCTGTGCATCGATC,0,2115527
lacIp,0.2,4,4,ATTTGTGCGCTGACAAAAAT,0,2114186
lacIp,0.2,4,4,ATTTGGACCCCACTGGACGG,0,2093249
lacIp,0.2,4,4,ATTTGAAATGTCCGGATTCA,0,2091302
lacIp,0.2,4,4,ATTTCTTCTGCCGCCGATTG,0,2104263
lacIp,0.2,4,4,ATTTCTATGAATATTCATAA,0,2110475
lacIp,0.2,4,4,ATTTCGGCGTTGTTTAGTTT,0,2087300
lacIp,0.2,4,4,ATTTAGTCGGTAATACCGGC,0,2108346
lacIp,0.2,4,4,ATTTAGCGCTCTCAAGAAAG,0,2115715
lacIp,0.2,4,4,ATTGCGGGGTGCTGTCGGGG,0,2095636
lacIp,0.2,4,4,ATTGAGCTCCTCAGATTGCT,0,2093442
lacIp,0.2,4,4,ATTGAAAGCAGTCTCAATAC,0,2102062
lacIp,0.2,4,4,ATTCTTCGAAACTACAGGAT,0,2098256
lacIp,0.2,4,4,ATTCGCTCGCGAGTGCCATG,0,2092141
lacIp,0.2,4,4,ATTCGACGTGGTGTCGCTGA,0,2107374
lacIp,0.2,4,4,ATTCCATCGCCTCTATATAA,0,2085962
lacIp,0.2,4,4,ATTATTGCCTCCCGCTCTGA,0,2106136
lacIp,0.2,4,4,ATTATTACTCAAGGGAACCA,0,2101522
lacIp,0.2,4,4,ATTACTGTTTTCTATACACA,0,2091977
lacIp,0.2,4,4,ATTAATATCATTAGAATGAA,0,2122063
lacIp,0.2,4,4,ATTAACTAAGTCGTTATGGT,0,2090669
lacIp,0.2,4,4,ATGGGTAGTCAGGACCACAA,0,2092483
lacIp,0.2,4,4,ATGGGCTCCGGAGACTTAAA,0,2089201
lacIp,0.2,4,4,ATGGACACTAACAGTCCTGC,0,2106331
lacIp,0.2,4,4,ATGCGGGGTCGGGGATCTAT,0,2106303
lacIp,0.2,4,4,ATGCCTTGGCTCTAGTAGCA,0,2088397
lacIp,0.2,4,4,ATGCCTTATGGGGCGATTCG,0,2121047
lacIp,0.2,4,4,ATGATTTAGTAAATCGCTTG,0,2109064
lacIp,0.2,4,4,ATGATCAACAGTAGCTTTAA,0,2118031
lacIp,0.2,4,4,ATGAGTTCTGGAGGTCGCGA,0,2103964
lacIp,0.2,4,4,ATGAGTACACGTACTCCCTT,0,2085831
lacIp,0.2,4,4,ATGACGAGGCCCTCCTAATA,0,2113063
lacIp,0.2,4,4,ATGACGAAAGCCAACTCATA,0,2087972
lacIp,0.2,4,4,ATGACATAAACTACACGCTG,0,2118905
lacIp,0.2,4,4,ATCTGAGATCCACCGTGTGA,0,2109528
lacIp,0.2,4,4,ATCTAACGCGAAGGTATTTC,0,2101165
lacIp,0.2,4,4,ATCGATACCAACCTTCGAAT,0,2095060
lacIp,0.2,4,4,ATCCTGGCACGGACCAACCT,0,2116585
lacIp,0.2,4,4,ATCCTCTTTCTGATCACGAA,0,2105536
lacIp,0.2,4,4,ATCCGTAGAGTGGAAGGTGG,0,2088742
lacIp,0.2,4,4,ATCCGGCTATTTAGGTTTTT,0,2111980
lacIp,0.2,4,4,ATCCGATTGACCACGAAGGT,0,2099914
lacIp,0.2,4,4,ATCATTATGCCGTGGGCAGC,0,2111462
lacIp,0.2,4,4,ATCATGGCTACGAGCGGCCT,0,2089013
lacIp,0.2,4,4,ATCATATTTTCTTTGTGCAG,0,2108986
lacIp,0.2,4,4,ATCAGTGTGTTGGAGTACAG,0,2102863
lacIp,0.2,4,4,ATCAGGGCGAAGGGCATCGG,0,2107761
lacIp,0.2,4,4,ATCAGGAAGCTTCCCTGCAG,0,2119234
lacIp,0.2,4,4,ATCAGCTAAATGATCTCGAC,0,2101702
lacIp,0.2,4,4,ATCAAGGGGGGTCTACTTGG,0,2093392
lacIp,0.2,4,4,ATATTTTAGTCACCTTATCC,0,2120163
lacIp,0.2,4,4,ATATTCGTCCTACTCGTACA,0,2103232
lacIp,0.2,4,4,ATATATGGGCGGCCCTCATA,0,2104888
lacIp,0.2,4,4,ATATAAACGGCCGCAACTTA,0,2102350
lacIp,0.2,4,4,ATAGTTCATGGAGCTACCAT,0,2102808
lacIp,0.2,4,4,ATAGGTGTTTGATGGACTTC,0,2103812
lacIp,0.2,4,4,ATAGCGCTGTAGCGTTGGAC,0,2119096
lacIp,0.2,4,4,ATAGCCCGGCGTCACTGGAC,0,2104735
lacIp,0.2,4,4,ATAGAACGGAACATCCCTGA,0,2092397
lacIp,0.2,4,4,ATACTTCATGAGTCTATGCG,0,2118330
lacIp,0.2,4,4,ATACCTCGGGCTCCTGCGGT,0,2094879
lacIp,0.2,4,4,ATACAAAGTAAATTATCTGC,0,2114966
lacIp,0.2,4,4,ATAAGCAGCGATGCAAGCAT,0,2110762
lacIp,0.2,4,4,ATAACTAAACCACAAGTGGG,0,2110036
lacIp,0.2,4,4,ATAAACATGTGGTCGGCGTT,0,2089954
lacIp,0.2,4,4,AGTTTAGAATCCGGTAATAG,0,2110171
lacIp,0.2,4,4,AGTTCTGTGAGATTGGAGAA,0,2119133
lacIp,0.2,4,4,AGTTCTCCGTGATTTATCGT,0,2091597
lacIp,0.2,4,4,AGTGGATACTAGCAGCAACT,0,2114325
lacIp,0.2,4,4,AGTGATGGCAATGTTATATG,0,2086642
lacIp,0.2,4,4,AGTGACGGATGTGTCCTCGT,0,2094177
lacIp,0.2,4,4,AGTCTTTGATGGGCCGGATA,0,2095564
lacIp,0.2,4,4,AGTCTGGGAAATGTCATTGA,0,2113727
lacIp,0.2,4,4,AGTCTCGGGTAGTCGTCGGG,0,2113234
lacIp,0.2,4,4,AGTCGGGCCACCCTCAACAC,0,2119942
lacIp,0.2,4,4,AGTCCAGAATTCCCCTGTGT,0,2097845
lacIp,0.2,4,4,AGTCACCCTCTATTGTAGCG,0,2105986
lacIp,0.2,4,4,AGTCAACTAAGACAACAACA,0,2119729
lacIp,0.2,4,4,AGTCAACATCAATAAATAAT,0,2111500
lacIp,0.2,4,4,AGTATTCCCTTGGAACAAGT,0,2098079
lacIp,0.2,4,4,AGTATGTTATTCACTAGATG,0,2105738
lacIp,0.2,4,4,AGTATCCCGGACCATAATGC,0,2109341
lacIp,0.2,4,4,AGTAGGCAAGATGCGCGCGG,0,2098133
lacIp,0.2,4,4,AGTAAGGTTTACATCCGAAC,0,2118266
lacIp,0.2,4,4,AGTAAGGACCTTAGTTTATG,0,2092992
lacIp,0.2,4,4,AGGTGGTCGGACCATGTACG,0,2085760
lacIp,0.2,4,4,AGGTCGTCTGGCCCGAAACC,0,2091959
lacIp,0.2,4,4,AGGTCCCGGTAAAGGGTGAT,0,2113657
lacIp,0.2,4,4,AGGTCCCGAAGGCCCGTGCA,0,2094400
lacIp,0.2,4,4,AGGGGCGCTCCTTGACCGCT,0,2106735
lacIp,0.2,4,4,AGGGGACGCGCAGGCAGAGG,0,2101185
lacIp,0.2,4,4,AGGGCTAATGCCGTGGTGAT,0,2118555
lacIp,0.2,4,4,AGGGCGACGAACGATTAGTA,0,2106222
lacIp,0.2,4,4,AGGGCGACATCTACAACCAA,0,2112292
lacIp,0.2,4,4,AGGCTCCCCTTGCCCACTGT,0,2116986
lacIp,0.2,4,4,AGGCTACTCGGAAAATGTAC,0,2113051
lacIp,0.2,4,4,AGGCGCCACTTCTTCCCAGC,0,2104082
lacIp,0.2,4,4,AGGCATTCCTGCAAACTCAA,0,2110507
lacIp,0.2,4,4,AGGCAGATAGGATACGATTA,0,2095103
lacIp,0.2,4,4,AGGATGATAGAGGTGTTATT,0,2100077
lacIp,0.2,4,4,AGGATAGTCATATTACACAG,0,2109477
lacIp,0.2,4,4,AGGACCGGTGTCATCTAAAA,0,2105573
lacIp,0.2,4,4,AGCTTTTCCTTTAGGATTCC,0,2093216
lacIp,0.2,4,4,AGCTTCATTCATCCCCCGAA,0,2090699
lacIp,0.2,4,4,AGCTGTTAAACAGGCTAATA,0,2122255
lacIp,0.2,4,4,AGCTGTGTTCGTTGTCACGT,0,2100397
lacIp,0.2,4,4,AGCTGAACCCGCAGATGACA,0,2097955
lacIp,0.2,4,4,AGCTCACTGGTTAAGTCGTG,0,2089810
lacIp,0.2,4,4,AGCTATGTGTGTTTCGCTTA,0,2119515
lacIp,0.2,4,4,AGCGTGGTTCAGATCGAAAC,0,2090032
lacIp,0.2,4,4,AGCGGGGATGGGGGCCTTCC,0,2121128
lacIp,0.2,4,4,AGCCGGTGTTTTCCGCTCAG,0,2091882
lacIp,0.2,4,4,AGCCGGGAACAATTCATTCT,0,2102122
lacIp,0.2,4,4,AGCCATCTGCATCCATGGAA,0,2088017
lacIp,0.2,4,4,AGCCAATGTTCTTTAGCTTT,0,2115859
lacIp,0.2,4,4,AGCACGTCCCATCGCCTAGG,0,2103572
lacIp,0.2,4,4,AGATCTTTTAACACGGCCAT,0,2098782
lacIp,0.2,4,4,AGATAGTACTCTCCCGAACC,0,2107160
lacIp,0.2,4,4,AGAGCCTGTTACCAGGAGGC,0,2117597
lacIp,0.2,4,4,AGAGAGATTGAAGATCGCCC,0,2086456
lacIp,0.2,4,4,AGACGGAACTCGAAGGGTGT,0,2118810
lacIp,0.2,4,4,AGACAGCCTCGCTTAAACAT,0,2114976
lacIp,0.2,4,4,AGAATCTTTCAGCGGGCGTA,0,2088379
lacIp,0.2,4,4,AGAAGGTTGTTTATAATACG,0,2089804
lacIp,0.2,4,4,AGAACGCAAGTGCCCCCAGC,0,2102840
lacIp,0.2,4,4,AGAACAATGCTTCCAATCCA,0,2094553
lacIp,0.2,4,4,AGAAACCCTCCTACCGCTGC,0,2092296
lacIp,0.2,4,4,AGAAAAGCTTCCTCACGAAG,0,2105398
lacIp,0.2,4,4,ACTTAACCTCCTAAGAGCAG,0,2106969
lacIp,0.2,4,4,ACTGTGAATTTCCTAGAATG,0,2091398
lacIp,0.2,4,4,ACTGATACGTCAGACGTGTT,0,2097679
lacIp,0.2,4,4,ACTCGGTAGTCTGCCCCGGA,0,2094690
lacIp,0.2,4,4,ACTCGGTACAGATGCGAGCG,0,2112922
lacIp,0.2,4,4,ACTCACCAGTCTGTGTATAG,0,2100100
lacIp,0.2,4,4,ACTCAAGTTCCGCACGGGTT,0,2103208
lacIp,0.2,4,4,ACTATTGGTGACGACACGTG,0,2109377
lacIp,0.2,4,4,ACTAGCAGTAGGTTCCTAAG,0,2119385
lacIp,0.2,4,4,ACTAGAGTCTAGCCGACGGC,0,2111723
lacIp,0.2,4,4,ACTAAGTATATTTGTAGGAG,0,2118163
lacIp,0.2,4,4,ACGTGTGCCGACGAAGACAA,0,2103770
lacIp,0.2,4,4,ACGTCATAATCCAGACACGC,0,2113113
lacIp,0.2,4,4,ACGTAGAGTGCAAACCTCGA,0,2118758
lacIp,0.2,4,4,ACGGGGTTGTCAGGGGGGAG,0,2097511
lacIp,0.2,4,4,ACGGGAAAATGAGGTTATGG,0,2114195
lacIp,0.2,4,4,ACGGCGTTAATGACTCCCGA,0,2098709
lacIp,0.2,4,4,ACGGCAACCCCCCGAGTGTT,0,2119527
lacIp,0.2,4,4,ACGGAGACTGTGAAAGAACC,0,2094974
lacIp,0.2,4,4,ACGGACAGTAGCAGTAGGCT,0,2117863
lacIp,0.2,4,4,ACGCTGCACAGATATCGCTC,0,2113815
lacIp,0.2,4,4,ACGCGAATCCAGGAACTGAC,0,2119003
lacIp,0.2,4,4,ACGCACTGGAACACGATATC,0,2115180
lacIp,0.2,4,4,ACGACTTCCTCGTATGCGTG,0,2109359
lacIp,0.2,4,4,ACGAACACTGTACGTAGGGA,0,2100731
lacIp,0.2,4,4,ACCTTTTTTGGCAAATCGCT,0,2109553
lacIp,0.2,4,4,ACCTTTTGTCGAACGCTAAC,0,2087023
lacIp,0.2,4,4,ACCTTATACGTCAGAATAGA,0,2086016
lacIp,0.2,4,4,ACCTGATCAAATGATAGATC,0,2102786
lacIp,0.2,4,4,ACCTCCTCAAAGACACCGAG,0,2118615
lacIp,0.2,4,4,ACCGTGGCCACTTTTTCATC,0,2120481
lacIp,0.2,4,4,ACCGGTGACACCCGGGAGTG,0,2116622
lacIp,0.2,4,4,ACCCTTCTTTTGGTCTATCC,0,2113866
lacIp,0.2,4,4,ACCAGGTTACTACATAATGT,0,2101666
lacIp,0.2,4,4,ACCACTAGAAATTTATCGCT,0,2100406
lacIp,0.2,4,4,ACCACTAAACGTGACTGGTC,0,2087732
lacIp,0.2,4,4,ACCAATGGAAATCTAACTTA,0,2116837
lacIp,0.2,4,4,ACCAAGTGGTAAGACCATCA,0,2088438
lacIp,0.2,4,4,ACCAACCCCCGCCACCAGGG,0,2114149
lacIp,0.2,4,4,ACATCTTGGTTTTTAATTAT,0,2119044
lacIp,0.2,4,4,ACAGTGTGTAGATGTTGTAC,0,2088121
lacIp,0.2,4,4,ACAGCTGTACGCCAGGCGCC,0,2087029
lacIp,0.2,4,4,ACACTGGATTTGGCTAGTGA,0,2096402
lacIp,0.2,4,4,ACACTCGGAATCAAGGTACA,0,2092785
lacIp,0.2,4,4,ACACTCCTTCAAGGTTAATA,0,2091645
lacIp,0.2,4,4,ACACGCGGTCTATAGATTTT,0,2112142
lacIp,0.2,4,4,ACACCATAGTGACGATGTAA,0,2102096
lacIp,0.2,4,4,ACACATCCCTAGCGCAGAAC,0,2108350
lacIp,0.2,4,4,ACACACACGTCATTCTTGGC,0,2088350
lacIp,0.2,4,4,ACAATGCCGCAGTCGTCTGG,0,2092516
lacIp,0.2,4,4,ACAAGTTGTTTCTGGTCCAC,0,2089462
lacIp,0.2,4,4,ACAAGCGGTGGGATGGGGGT,0,2091891
lacIp,0.2,4,4,ACAAGCAAGTGGTGCCGCTT,0,2108382
lacIp,0.2,4,4,ACAACGTGTTCAGGTCATGC,0,2105016
lacIp,0.2,4,4,ACAACGGATCCGGCGAGAGT,0,2120426
lacIp,0.2,4,4,ACAAAAAACGAGTATTTGTG,0,2106853
lacIp,0.2,4,4,AATTTGCAAAAGGCAGGGGA,0,2095150
lacIp,0.2,4,4,AATTTCGGTATTTAAATGGA,0,2111661
lacIp,0.2,4,4,AATTTATTCCGGACTGCCTC,0,2104907
lacIp,0.2,4,4,AATTGGCATGGTCCCTGGTC,0,2118465
lacIp,0.2,4,4,AATTGCTCGGGACGGGGGCG,0,2111363
lacIp,0.2,4,4,AATTGAGATACCAAACCCCT,0,2087122
lacIp,0.2,4,4,AATTCTCTGTCTGATTAGTT,0,2110519
lacIp,0.2,4,4,AATTCGCGAGCCGTATTCTG,0,2113182
lacIp,0.2,4,4,AATTCATCCATCTCGGCGTT,0,2120905
lacIp,0.2,4,4,AATGATTGTGTCAGTTCAAT,0,2089228
lacIp,0.2,4,4,AATGATGTTATGCACCGTGA,0,2118353
lacIp,0.2,4,4,AATCTAACCAGTGTTCCCAC,0,2090321
lacIp,0.2,4,4,AATCGGGGTGGTCACCCTGG,0,2103974
lacIp,0.2,4,4,AATCGAGCTGACTAAGCCCG,0,2114930
lacIp,0.2,4,4,AATCAAGTCAGCGTCGTGTA,0,2100674
lacIp,0.2,4,4,AATAGCGTTACTCAGACGCC,0,2103429
lacIp,0.2,4,4,AATAATCTTCCGGTCTCAAC,0,2092001
lacIp,0.2,4,4,AAGTTGCTTAACCCTGATCA,0,2100274
lacIp,0.2,4,4,AAGTTAGCTTAGTGTGGCAC,0,2092891
lacIp,0.2,4,4,AAGTGTGCACAATGGGTTAG,0,2104104
lacIp,0.2,4,4,AAGTATTGCTTGTTGTTGTG,0,2118000
lacIp,0.2,4,4,AAGTAACTGGAGTACTTTGA,0,2096543
lacIp,0.2,4,4,AAGGTAGTCAGACACCACGA,0,2105732
lacIp,0.2,4,4,AAGGCCTTATATTAATTACA,0,2115440
lacIp,0.2,4,4,AAGGAAGCCATGGGAATTAA,0,2097122
lacIp,0.2,4,4,AAGCTTGCTACGCGTATTAC,0,2096007
lacIp,0.2,4,4,AAGCTCCAACTGAGTAGACG,0,2112407
lacIp,0.2,4,4,AAGCGCAGTGCTAATTCGCG,0,2105492
lacIp,0.2,4,4,AAGCATAGGTTTGTCCGCTT,0,2090351
lacIp,0.2,4,4,AAGATTTAGTGGCAAGAACT,0,2101762
lacIp,0.2,4,4,AAGATTGGGCATAAACTGCG,0,2095443
lacIp,0.2,4,4,AAGATTGAAAGATAGCCCCT,0,2092127
lacIp,0.2,4,4,AAGATTCGGTACATCAGTTC,0,2102204
lacIp,0.2,4,4,AAGAGAGGTGCGCCTAGTGG,0,2109467
lacIp,0.2,4,4,AACTTTACCTAGTCCGCTGG,0,2114511
lacIp,0.2,4,4,AACTTACAATGGGGGTGAAG,0,2088002
lacIp,0.2,4,4,AACTGGGGTTTATGCAAATT,0,2110692
lacIp,0.2,4,4,AACTACAGGTTTCACATCAT,0,2113084
lacIp,0.2,4,4,AACGTAAGGATAGTTACGGT,0,2101889
lacIp,0.2,4,4,AACGCGGCGCTTGTTATCTA,0,2093255
lacIp,0.2,4,4,AACGCAGTTGCCGCACTCGT,0,2086985
lacIp,0.2,4,4,AACGACGGTGACCTTTCATC,0,2091113
lacIp,0.2,4,4,AACGAAGTAGCTGTGAGCCC,0,2091853
lacIp,0.2,4,4,AACCTCACTCAGGCCATACT,0,2117202
lacIp,0.2,4,4,AACCCGTAAGCGTCCGTGCC,0,2099306
lacIp,0.2,4,4,AACACTGCATATCCCCAACT,0,2111021
lacIp,0.2,4,4,AACACACCGGCATGCAGTCG,0,2101017
lacIp,0.2,4,4,AACAAAGTCCGTGGGAGTGT,0,2116530
lacIp,0.2,4,4,AAATTATTCCCCGAAAAGGA,0,2088982
lacIp,0.2,4,4,AAATCTCTGCTGAGCCGTCC,0,2115958
lacIp,0.2,4,4,AAATCGGCACAGGCCGAAGA,0,2093530
lacIp,0.2,4,4,AAATATTCACCCTCTTCTAC,0,2121078
lacIp,0.2,4,4,AAAGTGACGATCCAATAATA,0,2116277
lacIp,0.2,4,4,AAAGTACCTTTAAAGTCCCT,0,2099655
lacIp,0.2,4,4,AAAGGGTTACTGAGGCCGCT,0,2090586
lacIp,0.2,4,4,AAAGGGCAATTGCCGCGCCT,0,2099204
lacIp,0.2,4,4,AAAGATCACTATTAGCAAAA,0,2113475
lacIp,0.2,4,4,AAAGATAGCGCTCGAAGCCG,0,2106251
lacIp,0.2,4,4,AAAGAGTCTGCACCGGTATT,0,2093935
lacIp,0.2,4,4,AAAGACCGACACGGAAACCC,0,2118051
lacIp,0.2,4,4,AAACTTTCAAGCTGGTGATA,0,2093559
lacIp,0.2,4,4,AAACATATGCTCTTTCGAGA,0,2090377
lacIp,0.2,4,4,AAACACGAACACGGCGAGTC,0,2088652
lacIp,0.2,4,4,AAAAGTTGCATTGGCTGTGA,0,2091547
lacIp,0.2,4,4,AAAAGCACGCATCTCAACAC,0,2110131
lacIp,0.2,4,4,AAAACATACTATCAAGAATA,0,2104237
lacIp,0.2,4,4,AAAAACCAACAACTGTTGGC,0,2094244
lacIp,0.25,3,3,TTTTTGGTCTGAAACCTTCA,0,2102496
lacIp,0.25,3,3,TTTTGTTCACCCTGTGGTAT,0,2086151
lacIp,0.25,3,3,TTTTGGTTGCGGCAACATCT,0,2113266
lacIp,0.25,3,3,TTTTGAAAAGCGGAAGCTTT,0,2114591
lacIp,0.25,3,3,TTTTCGAGCCCGCCATAAAA,0,2113701
lacIp,0.25,3,3,TTTTAACTCTCGTTTGTATC,0,2115226
lacIp,0.25,3,3,TTTGTCATCGTTCAACAATC,0,2110169
lacIp,0.25,3,3,TTTGGCATTCTCTGACACTA,0,2099657
lacIp,0.25,3,3,TTTGCTTCAATCGTCCGTGT,0,2104807
lacIp,0.25,3,3,TTTGCTGAAGAAGAAGAAGG,0,2100277
lacIp,0.25,3,3,TTTGCTACTCGCAACTGACA,0,2109170
lacIp,0.25,3,3,TTTGATAGGTTCATATAGCC,0,2104212
lacIp,0.25,3,3,TTTGAGTCCATCCGTATCAA,0,2113672
lacIp,0.25,3,3,TTTCTGGACCTCCCGGCGCA,0,2110064
lacIp,0.25,3,3,TTTCGGCAATCGAATTCTAG,0,2112119
lacIp,0.25,3,3,TTTCGCTAAGGTTATTGTGT,0,2114408
lacIp,0.25,3,3,TTTCCGGCCGCTTTCCGACA,0,2108431
lacIp,0.25,3,3,TTTACAGTTATTTTGTGAAC,0,2107175
lacIp,0.25,3,3,TTGTTTTAGAGGAAGTGCCC,0,2117470
lacIp,0.25,3,3,TTGTTCGGAGGCTCGGTGGT,0,2086437
lacIp,0.25,3,3,TTGTTATACCCCTGAACCCG,0,2110520
lacIp,0.25,3,3,TTGTGGGCCTTGAAGAACAC,0,2111843
lacIp,0.25,3,3,TTGTCTGTTACGAGAGCCGG,0,2088053
lacIp,0.25,3,3,TTGTCCTCGAGCCCAACAAT,0,2093151
lacIp,0.25,3,3,TTGTAGGTATCTAAAGAAGG,0,2099125
lacIp,0.25,3,3,TTGGTATGATATCTCCGGCT,0,2118535
lacIp,0.25,3,3,TTGGGAGCGCCATACTTATT,0,2107072
lacIp,0.25,3,3,TTGGGACATGTCTGCCCAGA,0,2091533
lacIp,0.25,3,3,TTGGCCTCGTTGTAACCCTT,0,2093369
lacIp,0.25,3,3,TTGGACTACGGGCACCAAAA,0,2087726
lacIp,0.25,3,3,TTGCTGCGGAGATGGACGCA,0,2103295
lacIp,0.25,3,3,TTGCCTCCCGTCCGTGTCAC,0,2092458
lacIp,0.25,3,3,TTGCCAGCTTTGACCTGCAA,0,2089571
lacIp,0.25,3,3,TTGCACAACGTATGATGTGA,0,2090269
lacIp,0.25,3,3,TTGCAAGGTTGCACTTGGAC,0,2113959
lacIp,0.25,3,3,TTGCAAATAGAAGCGCCAAC,0,2114723
lacIp,0.25,3,3,TTGACCCGTTCAATATGTTA,0,2093212
lacIp,0.25,3,3,TTCTTTTCTGCACCATTGCG,0,2101449
lacIp,0.25,3,3,TTCTTGCGGAGCTTGCGTTA,0,2107830
lacIp,0.25,3,3,TTCTTCGCGACTTATCGACT,0,2097641
lacIp,0.25,3,3,TTCTGGTGATCCGCGGACGG,0,2099475
lacIp,0.25,3,3,TTCTGGCGAATTGGTGCATT,0,2096914
lacIp,0.25,3,3,TTCTGAAGGGACTCTATTGG,0,2119453
lacIp,0.25,3,3,TTCTATTGTAGTGTATAACC,0,2122067
lacIp,0.25,3,3,TTCTAGATTTCGGTTCATAG,0,2116925
lacIp,0.25,3,3,TTCTAGAGCGCTACAATGTA,0,2105173
lacIp,0.25,3,3,TTCTAATTCCTTTGCCATCT,0,2095027
lacIp,0.25,3,3,TTCGTGCCTGCTATTAAAGG,0,2096011
lacIp,0.25,3,3,TTCGTCTTGTTGAGATCGCT,0,2114053
lacIp,0.25,3,3,TTCGTATACGCAATAAGCGC,0,2100756
lacIp,0.25,3,3,TTCGGTAAAGGGCCTACGTT,0,2103152
lacIp,0.25,3,3,TTCGGCTCGTTGGTAACTCG,0,2096787
lacIp,0.25,3,3,TTCGCCGCCCCGCAACAGGC,0,2107379
lacIp,0.25,3,3,TTCCTGTCAGGGGAAGGCAA,0,2105784
lacIp,0.25,3,3,TTCCTCATGGGTTGATACCT,0,2120507
lacIp,0.25,3,3,TTCCCCCGCTGGCCGCGGTC,0,2121610
lacIp,0.25,3,3,TTCAGGCTACAGACTCGTGT,0,2098150
lacIp,0.25,3,3,TTCACGAGTATGCTCTCATA,0,2094214
lacIp,0.25,3,3,TTCAAGGACAGACAGCATCC,0,2113406
lacIp,0.25,3,3,TTATGTGTAGAGGTCTTGCT,0,2099622
lacIp,0.25,3,3,TTATGGCGATTGTGGTAGTG,0,2091168
lacIp,0.25,3,3,TTATCTGTGAACCACGATGA,0,2109067
lacIp,0.25,3,3,TTAGTTGACTGGAGCCTATA,0,2088101
lacIp,0.25,3,3,TTAGTCAAAATCCGACAGCA,0,2100757
lacIp,0.25,3,3,TTAGCGCTAGAATGAGAAAT,0,2098851
lacIp,0.25,3,3,TTAGAGGCGCGTATGGGATC,0,2096358
lacIp,0.25,3,3,TTACTGTATAGTGTTGCATG,0,2121430
lacIp,0.25,3,3,TTACGTTCATATGCGGTAGG,0,2087697
lacIp,0.25,3,3,TTACGGGTCCCGTAGTTATA,0,2122149
lacIp,0.25,3,3,TTACGAAAGAAATTGAGGCA,0,2107547
lacIp,0.25,3,3,TTACCTTGAGGATGTATCAT,0,2121434
lacIp,0.25,3,3,TTACCGTCAATCCTCCAGGG,0,2089216
lacIp,0.25,3,3,TTACATTTAACAGTGGTACA,0,2088336
lacIp,0.25,3,3,TTACAAGGAGACATGACATG,0,2112534
lacIp,0.25,3,3,TTAATTGGGCTATCGGCTGC,0,2091982
lacIp,0.25,3,3,TTAATTAAGCTTCAGATGAA,0,2098380
lacIp,0.25,3,3,TTAAGCGACGCTTAGTACGC,0,2090401
lacIp,0.25,3,3,TTAACTCGCGTTATCAAGTA,0,2099222
lacIp,0.25,3,3,TTAAAAGCCCTCACCCTTCT,0,2109008
lacIp,0.25,3,3,TGTTTAAAATCCGGAAGGAA,0,2109926
lacIp,0.25,3,3,TGTTGGAAATCGAGGGCGAT,0,2114804
lacIp,0.25,3,3,TGTTGCACCACCTGTAATGA,0,2110625
lacIp,0.25,3,3,TGTTCAAGAAGGACGGATGC,0,2098989
lacIp,0.25,3,3,TGTTCAACATAGGTCGCTCA,0,2097552
lacIp,0.25,3,3,TGTTAGTTAGGAAACGTAAG,0,2100182
lacIp,0.25,3,3,TGTTAGCTCACGTTTAATGA,0,2117378
lacIp,0.25,3,3,TGTGCATTGTGATTAAAGTC,0,2122397
lacIp,0.25,3,3,TGTGATACACCGCATTTCAG,0,2104763
lacIp,0.25,3,3,TGTGAGGCGTATACAGTTTG,0,2103889
lacIp,0.25,3,3,TGTCTGTCCAGAATCCAGTG,0,2098752
lacIp,0.25,3,3,TGTCTAGTTTTACGTGTGCT,0,2089890
lacIp,0.25,3,3,TGTCCTAGACTACCGGCTGT,0,2109188
lacIp,0.25,3,3,TGTCCGGGCACTTCAGCAAT,0,2111586
lacIp,0.25,3,3,TGTAGACTCGTGGAATGCAA,0,2097483
lacIp,0.25,3,3,TGTACGTCACAGGTCCCTCA,0,2104310
lacIp,0.25,3,3,TGTACACGTAGCAACAGGAC,0,2088690
lacIp,0.25,3,3,TGTAACTTTACAGGGCCAAC,0,2122211
lacIp,0.25,3,3,TGGTTGTGGTGCCTACTGTT,0,2110800
lacIp,0.25,3,3,TGGTCGCTCCCAGAAACGGG,0,2095337
lacIp,0.25,3,3,TGGTCGAGGCAGACCATAAA,0,2109735
lacIp,0.25,3,3,TGGGTGCCTCTTATAAAATT,0,2102011
lacIp,0.25,3,3,TGGGTAATGGGGATGAATCT,0,2098770
lacIp,0.25,3,3,TGGGGTGAACCTTACAATCA,0,2092067
lacIp,0.25,3,3,TGGGGTATTGCTAAGACTGT,0,2097519
lacIp,0.25,3,3,TGGGCTTCCAATGTAAATTA,0,2109482
lacIp,0.25,3,3,TGGGCGTTCGTCCAAAGCTA,0,2109931
lacIp,0.25,3,3,TGGGATGACCCGTAATGATG,0,2100574
lacIp,0.25,3,3,TGGGATCGAGTAATCCAACG,0,2099784
lacIp,0.25,3,3,TGGCTGCGAGTAACTAGCTA,0,2104760
lacIp,0.25,3,3,TGGCGGTTAAATGGATGGCT,0,2110378
lacIp,0.25,3,3,TGGCGACACGAGTTAAGCAG,0,2110038
lacIp,0.25,3,3,TGGCGACAAGATCTCAGATG,0,2085986
lacIp,0.25,3,3,TGGCCGTAGCGGGCGGCTTC,0,2113305
lacIp,0.25,3,3,TGGCCCTCCCCGCGTCAGTT,0,2096234
lacIp,0.25,3,3,TGGCCACGCTTGCATTCCTG,0,2116205
lacIp,0.25,3,3,TGGCATAGTTCAAGTAAGAT,0,2108190
lacIp,0.25,3,3,TGGCAAGTGGAGCTAACACG,0,2101746
lacIp,0.25,3,3,TGGATGCGTTGTCTACAAGG,0,2096763
lacIp,0.25,3,3,TGGATGCAGCATTATTGGGG,0,2118238
lacIp,0.25,3,3,TGGAGCGAGGATAGGGTAAA,0,2099356
lacIp,0.25,3,3,TGGACTTGATCTAAGCTTCG,0,2096275
lacIp,0.25,3,3,TGGACTGGGCAATAAATGTG,0,2092658
lacIp,0.25,3,3,TGGAAACGGAACACTGGGAT,0,2112826
lacIp,0.25,3,3,TGCTTGTGCGTTCATCGATT,0,2096607
lacIp,0.25,3,3,TGCTTGCAAGCCCCAGGAAT,0,2121521
lacIp,0.25,3,3,TGCTGCACCCGAAGATACAA,0,2118852
lacIp,0.25,3,3,TGCTCCAGATAGGTTAAGAC,0,2090197
lacIp,0.25,3,3,TGCTACGTACAAGACCGGAT,0,2101961
lacIp,0.25,3,3,TGCGCATTTATGTATCTCCG,0,2089204
lacIp,0.25,3,3,TGCGATATATTCCAGCATGA,0,2087750
lacIp,0.25,3,3,TGCCGGTCTATCAATATTCA,0,2115816
lacIp,0.25,3,3,TGCCGGGAACAGCTAGTCGT,0,2118200
lacIp,0.25,3,3,TGCCCCATTGATCACGATCT,0,2096670
lacIp,0.25,3,3,TGCATCGATTTGGTTCGTCC,0,2099022
lacIp,0.25,3,3,TGCAGAGTCATTTGATGCAT,0,2093890
lacIp,0.25,3,3,TGCAAACGACGTCCTCATAG,0,2100942
lacIp,0.25,3,3,TGATAGAAAAAGATCAAACA,0,2097049
lacIp,0.25,3,3,TGATAAGGGAGAGTGACACA,0,2096048
lacIp,0.25,3,3,TGAGTTTTTATATCAAACGT,0,2115003
lacIp,0.25,3,3,TGAGTTTTATAGATGCTTAT,0,2100706
lacIp,0.25,3,3,TGAGTTGATTACTGCACCCA,0,2089081
lacIp,0.25,3,3,TGAGTACTTAAGCACACTAA,0,2090981
lacIp,0.25,3,3,TGAGCTCGCCATGACAGTGG,0,2111743
lacIp,0.25,3,3,TGAGCCAGTGAGCTCATGAG,0,2097192
lacIp,0.25,3,3,TGAGAACCAATAGTGGTTTT,0,2109807
lacIp,0.25,3,3,TGACTACATTTGGGACTCAT,0,2099002
lacIp,0.25,3,3,TGACCGGCAATCAGAGCTGT,0,2110752
lacIp,0.25,3,3,TGACCGGAAAATCCACTGGG,0,2089345
lacIp,0.25,3,3,TGACAGCCACGGTTGAGTCA,0,2101310
lacIp,0.25,3,3,TGAATATAGTACCGTGTGAA,0,2103792
lacIp,0.25,3,3,TGAATAATAAGACCGGATTG,0,2091867
lacIp,0.25,3,3,TGAAGCACCACCCTTCGGAC,0,2114931
lacIp,0.25,3,3,TGAAAGCGCGTGCAAAACTA,0,2093607
lacIp,0.25,3,3,TCTTGGTTGATCCCGGCGCG,0,2106878
lacIp,0.25,3,3,TCTTATTCCTCTTGTCGTAA,0,2121493
lacIp,0.25,3,3,TCTTACCGCTACGGACCATC,0,2107433
lacIp,0.25,3,3,TCTTAATGAATCCCGGTCAT,0,2113558
lacIp,0.25,3,3,TCTGGTTCGGGACAGACCTC,0,2113468
lacIp,0.25,3,3,TCTGGTCCCAATCCGCTAAC,0,2114554
lacIp,0.25,3,3,TCTGGCATGGTCTACCAATG,0,2114037
lacIp,0.25,3,3,TCTGCGTTTCTTACTTGTTA,0,2117170
lacIp,0.25,3,3,TCTGACGATAATAGAAAAGA,0,2115696
lacIp,0.25,3,3,TCTCATTTTTTGCAAAGTCT,0,2099031
lacIp,0.25,3,3,TCTCAGACGGCGGGGGTGGA,0,2119051
lacIp,0.25,3,3,TCTCAACGAATACCCGGCCA,0,2122229
lacIp,0.25,3,3,TCTATCATCTCCGCGTTCCG,0,2120235
lacIp,0.25,3,3,TCTAGCCGAGACTCCTCCGA,0,2108534
lacIp,0.25,3,3,TCTACAATACGGCCTTAACT,0,2090469
lacIp,0.25,3,3,TCTAAGGCCTAACCTCACTT,0,2116550
lacIp,0.25,3,3,TCGTTGTGTATAAAATTAAT,0,2092366
lacIp,0.25,3,3,TCGTTGAGCGCTCGGACACG,0,2114680
lacIp,0.25,3,3,TCGTTCACACTATATTAGCC,0,2094196
lacIp,0.25,3,3,TCGTGCACCAACTAGCAACT,0,2107508
lacIp,0.25,3,3,TCGTGATGGCTTGGCTTTCA,0,2092666
lacIp,0.25,3,3,TCGTCTACCGTTCCAATTTT,0,2100630
lacIp,0.25,3,3,TCGGGCGCACACAAAGACAC,0,2101957
lacIp,0.25,3,3,TCGGGAATCCTAGATTTTAA,0,2085979
lacIp,0.25,3,3,TCGGCTGTCTAACGTTGCCC,0,2118755
lacIp,0.25,3,3,TCGGCTATACGATAATTGCT,0,2104425
lacIp,0.25,3,3,TCGGCATCAGCAGTTAAGTT,0,2104754
lacIp,0.25,3,3,TCGCTTGCGTGTAAAAGAGG,0,2114307
lacIp,0.25,3,3,TCGCTAGACGGTGTATAAAG,0,2116150
lacIp,0.25,3,3,TCGCTAAGGGACCCAATCGA,0,2115328
lacIp,0.25,3,3,TCGCCTGGTACGCAGATCCT,0,2105872
lacIp,0.25,3,3,TCGCCTCTGAAGCGTGTTGC,0,2112114
lacIp,0.25,3,3,TCGAGTATTGTAGTGAAACA,0,2106500
lacIp,0.25,3,3,TCCTTTTGATGAGCACAGCG,0,2103887
lacIp,0.25,3,3,TCCTTCACGGATAGCTCATC,0,2102582
lacIp,0.25,3,3,TCCTGCTGCCATTACCCGGA,0,2090990
lacIp,0.25,3,3,TCCTGACGGCGTCTGCTAAG,0,2089557
lacIp,0.25,3,3,TCCTGAAATAAGCTGAATAT,0,2120061
lacIp,0.25,3,3,TCCTCGTACGGGCGTTGAAA,0,2109189
lacIp,0.25,3,3,TCCGTCCGTGCAATAGGAAA,0,2114310
lacIp,0.25,3,3,TCCGCAGCTTTGGCGCTGAT,0,2121069
lacIp,0.25,3,3,TCCGACATAAGTCGCCAAAC,0,2099782
lacIp,0.25,3,3,TCCCGAAATTTCAGCTAGCA,0,2090349
lacIp,0.25,3,3,TCCCCGGCAAGACGCTTTGT,0,2094475
lacIp,0.25,3,3,TCCCAGAGATCGGATGCTAC,0,2109633
lacIp,0.25,3,3,TCCATGTCTACTTAAGTAAT,0,2087822
lacIp,0.25,3,3,TCCAGCGACTTTATTAATAC,0,2096230
lacIp,0.25,3,3,TCCAGACTATACACGCTAGC,0,2117958
lacIp,0.25,3,3,TCCAGAATGTTATCGGCTTG,0,2104777
lacIp,0.25,3,3,TCATTCTAGGTCCGGATGTT,0,2121075
lacIp,0.25,3,3,TCATTCACTAGCAAGCGAGA,0,2098118
lacIp,0.25,3,3,TCATTAGTTCTAATTTAGAG,0,2104473
lacIp,0.25,3,3,TCATGTCGGCGGGCACGAGC,0,2094940
lacIp,0.25,3,3,TCATGTCCGTATTGATAATC,0,2094115
lacIp,0.25,3,3,TCATGGATAGCTCGGGAACT,0,2111012
lacIp,0.25,3,3,TCATCGGACTCCGCTCAAGT,0,2117375
lacIp,0.25,3,3,TCATATATATTAATACGCTA,0,2089036
lacIp,0.25,3,3,TCATAGTGTTCGGTGCGGAA,0,2114358
lacIp,0.25,3,3,TCATACCACTCCAAAGTCGA,0,2108035
lacIp,0.25,3,3,TCAGGCCTTCAAGAAAGTAC,0,2113034
lacIp,0.25,3,3,TCAGCAGGCAGGCACATATT,0,2105410
lacIp,0.25,3,3,TCAGAATTGACAGAATTGGC,0,2090316
lacIp,0.25,3,3,TCACTTGCTGTATGAGCTTG,0,2118385
lacIp,0.25,3,3,TCACCCTGATTTAAATAGTT,0,2096585
lacIp,0.25,3,3,TCACCCATACATAAAGAGTA,0,2101872
lacIp,0.25,3,3,TCACCCACAAGAAAGGGGTT,0,2108323
lacIp,0.25,3,3,TCACCATCCGTAGAAACCAG,0,2113819
lacIp,0.25,3,3,TCACCAGGTCAACTTAACTG,0,2117578
lacIp,0.25,3,3,TCAATTGCTAAGTTTCTCAT,0,2090948
lacIp,0.25,3,3,TCAACGCTGGAATTTGGACT,0,2116727
lacIp,0.25,3,3,TATTTTTCTTTTCTTCAGTT,0,2095433
lacIp,0.25,3,3,TATTTGCTGATCATTGCTAT,0,2110709
lacIp,0.25,3,3,TATTGGCCCTTCACTCGTCA,0,2095634
lacIp,0.25,3,3,TATTCCTAGTGGATCTAGCC,0,2108009
lacIp,0.25,3,3,TATTCAGAATCGTCCCGACC,0,2094101
lacIp,0.25,3,3,TATTAATAAATGAATGTTAA,0,2114288
lacIp,0.25,3,3,TATGTTGTTAATACGCATTT,0,2095200
lacIp,0.25,3,3,TATGTGCCCCTCGGACGGCA,0,2116439
lacIp,0.25,3,3,TATGTAGTGGAGCTTCGACC,0,2094466
lacIp,0.25,3,3,TATGGTGTCCGAAGATGCGG,0,2110754
lacIp,0.25,3,3,TATGGGCTCTTTCCAAACTT,0,2117602
lacIp,0.25,3,3,TATCTTTTCACGCGTATACA,0,2086486
lacIp,0.25,3,3,TATCAACAGTTCCCAGCGAG,0,2095199
lacIp,0.25,3,3,TATATATCGGAAATTTTGTG,0,2121121
lacIp,0.25,3,3,TATAGCTGTACATCTAAATT,0,2117870
lacIp,0.25,3,3,TATAGAGGGGATTAAGGCAA,0,2119602
lacIp,0.25,3,3,TATACTCATTTCTACGAGGT,0,2119378
lacIp,0.25,3,3,TATAATTCATATCATTTTTT,0,2112891
lacIp,0.25,3,3,TAGGGATAAGGGAAAGAGAT,0,2115655
lacIp,0.25,3,3,TAGGGAGGCCTATTAGAGGT,0,2096090
lacIp,0.25,3,3,TAGGCTATATTGCGATTAAT,0,2106716
lacIp,0.25,3,3,TAGGCGTGTAGCATGTCTAT,0,2120980
lacIp,0.25,3,3,TAGGAGAACCTCGGGTTGTG,0,2086941
lacIp,0.25,3,3,TAGGACCGTGTACCATTTGC,0,2109658
lacIp,0.25,3,3,TAGGACAGTACCGCTCGCTG,0,2094255
lacIp,0.25,3,3,TAGCTTTGTTGGAAGCTATC,0,2098657
lacIp,0.25,3,3,TAGCTGTGACTGCTCCATCA,0,2117420
lacIp,0.25,3,3,TAGCTGGGAACCATTAAGAT,0,2104942
lacIp,0.25,3,3,TAGCTGACGGCTCGAGGGAT,0,2118326
lacIp,0.25,3,3,TAGCGTGAGTGAATCTAGCA,0,2086089
lacIp,0.25,3,3,TAGCCTTAAGGGAGTTTCGC,0,2098247
lacIp,0.25,3,3,TAGCCGTGCCAAAATATGTT,0,2092251
lacIp,0.25,3,3,TAGCAGTAAGTCCAGATTGT,0,2090678
lacIp,0.25,3,3,TAGCACGTAGCGGAGCCTTC,0,2096779
lacIp,0.25,3,3,TAGCACACGTCGTCTTAGAT,0,2115886
lacIp,0.25,3,3,TAGATTACAACAGAAGCCCA,0,2093183
lacIp,0.25,3,3,TAGATAGCTAATTATTTCTT,0,2108486
lacIp,0.25,3,3,TAGAACGATGGTTGGGGGTA,0,2095572
lacIp,0.25,3,3,TACTTGGTTGCTACTATAAC,0,2110030
lacIp,0.25,3,3,TACTCGATTCGAATGCGGAC,0,2094951
lacIp,0.25,3,3,TACGTGACTAACAGACACGC,0,2098178
lacIp,0.25,3,3,TACGGTGGTACTGAATGGCT,0,2101224
lacIp,0.25,3,3,TACGGCGCACTATTGACAGG,0,2110313
lacIp,0.25,3,3,TACCTTTCGGGTGTACGATG,0,2100318
lacIp,0.25,3,3,TACCGGTTCGTCTGGGTTAG,0,2088352
lacIp,0.25,3,3,TACCGGAAAGCCTAGTCAGT,0,2112972
lacIp,0.25,3,3,TACACCTCGATGCATGGTTC,0,2114141
lacIp,0.25,3,3,TACAATCAGGCAGTTTCGAG,0,2095723
lacIp,0.25,3,3,TAATTGGGTTTGATACAGCA,0,2090842
lacIp,0.25,3,3,TAATGTGGGATGGCCAATAA,0,2109514
lacIp,0.25,3,3,TAATGTATTCCAACAAGGCG,0,2087742
lacIp,0.25,3,3,TAATGGATCCGAAAGATACG,0,2092543
lacIp,0.25,3,3,TAATGACTTCGACTTCTCCT,0,2101907
lacIp,0.25,3,3,TAATCTTCTATAAAAGGCCC,0,2107991
lacIp,0.25,3,3,TAATCGAAACTCCAGCTGAT,0,2112606
lacIp,0.25,3,3,TAATAGCCCTTGTGGCCTAC,0,2099776
lacIp,0.25,3,3,TAATAACCTGATGTCGCTGT,0,2109196
lacIp,0.25,3,3,TAATAACAGCCGTGGTCTAA,0,2086120
lacIp,0.25,3,3,TAAGTTACGGAGCAATATTT,0,2119939
lacIp,0.25,3,3,TAAGTCCGGTCTAGATCGGT,0,2108259
lacIp,0.25,3,3,TAAGTACAAGGCCTACAGAT,0,2099060
lacIp,0.25,3,3,TAAGGCTCTATGGCCAAAAT,0,2090626
lacIp,0.25,3,3,TAAGCTGTTTGGCTTGGGAT,0,2105845
lacIp,0.25,3,3,TAACTTTTCAACGCACTACG,0,2093334
lacIp,0.25,3,3,TAACTTGCCTAGGAAATTTG,0,2089987
lacIp,0.25,3,3,TAACTGGTGGCATTCACGAG,0,2099314
lacIp,0.25,3,3,TAACTCCGTTTCGCGGTTTG,0,2091756
lacIp,0.25,3,3,TAACTAGGTTGTTTAGTTGG,0,2100401
lacIp,0.25,3,3,TAACCGGCACGAAGCCTAAC,0,2103048
lacIp,0.25,3,3,TAACCATCTCATACGCACTG,0,2116163
lacIp,0.25,3,3,TAACATCACTATAGTGGAAC,0,2114075
lacIp,0.25,3,3,TAACATAACAGGTTCTCGAA,0,2112489
lacIp,0.25,3,3,TAACATAAACCGTACGAGGG,0,2102050
lacIp,0.25,3,3,TAACACCGGGGCAATATACA,0,2103985
lacIp,0.25,3,3,TAAATGCCGCGAAGGATTGA,0,2117274
lacIp,0.25,3,3,TAAAGCGTAAAAGACCAACG,0,2105929
lacIp,0.25,3,3,TAAACAAACCCACGGAGCGA,0,2119001
lacIp,0.25,3,3,TAAAATAACGGCAGACAATG,0,2096899
lacIp,0.25,3,3,TAAAAAACCGTGTACAGCCA,0,2103949
lacIp,0.25,3,3,GTTTTGGCCCGTGGTAAGTG,0,2121034
lacIp,0.25,3,3,GTTTCTGCTCGGAACGTCTT,0,2112197
lacIp,0.25,3,3,GTTTCGCAGGTCCATGACGT,0,2100183
lacIp,0.25,3,3,GTTTCATTTTACATCCCTGG,0,2098731
lacIp,0.25,3,3,GTTTAGATAGAAGCGCTATG,0,2119640
lacIp,0.25,3,3,GTTTACCTCTTCCATAATCA,0,2110495
lacIp,0.25,3,3,GTTTAACATTCTACCAACAT,0,2095464
lacIp,0.25,3,3,GTTTAAAATCCCGCTTCAGA,0,2119969
lacIp,0.25,3,3,GTTGGTTAAACTGTAGGGGG,0,2105054
lacIp,0.25,3,3,GTTGATTTGTGTTTACAGTG,0,2119992
lacIp,0.25,3,3,GTTGACGACCTAGAGTTGTG,0,2105798
lacIp,0.25,3,3,GTTGAATTTAACGTATGGGG,0,2102966
lacIp,0.25,3,3,GTTCTAAGTGAGGCAAATCA,0,2106514
lacIp,0.25,3,3,GTTCGAGCCTCTGATGAGCA,0,2087441
lacIp,0.25,3,3,GTTCCAACATCACCATCTAC,0,2103775
lacIp,0.25,3,3,GTTATCACTATGCCACGGTC,0,2094053
lacIp,0.25,3,3,GTTATATCTGGGTGGTATGG,0,2107035
lacIp,0.25,3,3,GTTAGTGCTCACCTAGGTAT,0,2108061
lacIp,0.25,3,3,GTTAGCTGGATCCACGGCCC,0,2099489
lacIp,0.25,3,3,GTTAGATGCAAGGAGGCCGT,0,2110209
lacIp,0.25,3,3,GTTACGCATGTCAGGGCATG,0,2094399
lacIp,0.25,3,3,GTTACGAGCCGGTAATCAGT,0,2117772
lacIp,0.25,3,3,GTTAATGCAGCGGCGGGAGA,0,2106130
lacIp,0.25,3,3,GTGTTACATATTACAACAGT,0,2090738
lacIp,0.25,3,3,GTGTGCGACGGGACTAGCAA,0,2120679
lacIp,0.25,3,3,GTGTGACTAATCTTCATCAG,0,2101730
lacIp,0.25,3,3,GTGTCACTGAGCAGTAACCT,0,2118770
lacIp,0.25,3,3,GTGGTTGGCCGGTAGTAAAG,0,2094987
lacIp,0.25,3,3,GTGGGGTTCCAAGGCGACTT,0,2095145
lacIp,0.25,3,3,GTGGCACGCGGCTAATGTCG,0,2110459
lacIp,0.25,3,3,GTGGCACATTTGGGGAGCGT,0,2087689
lacIp,0.25,3,3,GTGGAGCCAGATACACGATC,0,2110175
lacIp,0.25,3,3,GTGCTCATAAATTTCTGTAA,0,2111482
lacIp,0.25,3,3,GTGCGTACCTGTATCTGCGT,0,2113100
lacIp,0.25,3,3,GTGCCAATGACTATACGGGG,0,2121909
lacIp,0.25,3,3,GTGAGGGCTCCATCCAAAAC,0,2102864
lacIp,0.25,3,3,GTGAGAAGTGCTTTCAAGGG,0,2110647
lacIp,0.25,3,3,GTGAGAAGCACCTAGGGACT,0,2096140
lacIp,0.25,3,3,GTGACCTGCCAGTCCAAAGG,0,2088003
lacIp,0.25,3,3,GTGACATTGAGCCACAGTGT,0,2099943
lacIp,0.25,3,3,GTGAAACGTTTACGGTACGC,0,2109847
lacIp,0.25,3,3,GTCTTTGTACTCGCGGAAGT,0,2098279
lacIp,0.25,3,3,GTCTTCACTGGCGATTCGCG,0,2092558
lacIp,0.25,3,3,GTCTTATGGGACGTGAATAC,0,2120754
lacIp,0.25,3,3,GTCTTAAAGAGGGTCTCTGA,0,2113315
lacIp,0.25,3,3,GTCTGGTTCTATATAGGAAT,0,2094424
lacIp,0.25,3,3,GTCTGGCTACTAACCCGTGA,0,2110114
lacIp,0.25,3,3,GTCTATAACGAATATCCCAT,0,2113166
lacIp,0.25,3,3,GTCTACTGCAAGGGATATCC,0,2120130
lacIp,0.25,3,3,GTCGTTGTCATGGTATTCTG,0,2107643
lacIp,0.25,3,3,GTCGTATTGGATGGTCCTCA,0,2115913
lacIp,0.25,3,3,GTCGCTCGCGTGGGGGCACA,0,2093979
lacIp,0.25,3,3,GTCGAGACGTCGAACAGCCA,0,2106026
lacIp,0.25,3,3,GTCCTGGTTTCGTGAATATT,0,2107609
lacIp,0.25,3,3,GTCCTACGGGGGGCAAATTC,0,2110237
lacIp,0.25,3,3,GTCCGGTGCCCAGAGGTGGG,0,2086051
lacIp,0.25,3,3,GTCATCTGATCCAGAAATAC,0,2092455
lacIp,0.25,3,3,GTCATAATCGGTAGACAGGA,0,2119040
lacIp,0.25,3,3,GTCAGTCCTTATTTGGCACT,0,2091186
lacIp,0.25,3,3,GTCACAGTATTGGACAGCCT,0,2109702
lacIp,0.25,3,3,GTCAATTTAGTATTGGTGTT,0,2097609
lacIp,0.25,3,3,GTCAATAGGGTGCCAGTCCG,0,2094952
lacIp,0.25,3,3,GTATGAAAAGCCGTTTCGCT,0,2110772
lacIp,0.25,3,3,GTATCGATAGAGCGCCGAAG,0,2086602
lacIp,0.25,3,3,GTAGTTCATGATAAGTTTTT,0,2090182
lacIp,0.25,3,3,GTAGTGCCCAGCCTCGGACC,0,2092794
lacIp,0.25,3,3,GTAGTCATCGTTTATCGTGC,0,2120644
lacIp,0.25,3,3,GTAGTAAAGTAAATTAGATC,0,2099774
lacIp,0.25,3,3,GTAGGTGGGCCGTGTGTCAG,0,2102868
lacIp,0.25,3,3,GTAGATTGGCTCGGAGCTGA,0,2109967
lacIp,0.25,3,3,GTAGACGAGCATCCAGACAC,0,2120085
lacIp,0.25,3,3,GTAGACCGAACTCACACGCC,0,2117610
lacIp,0.25,3,3,GTACTATTTGGACTCTTTTA,0,2115993
lacIp,0.25,3,3,GTACTAGAGTCACCAGGTTT,0,2108601
lacIp,0.25,3,3,GTACGCCATTCAATAGGCTG,0,2095980
lacIp,0.25,3,3,GTACATATACGTACTTTTGT,0,2102759
lacIp,0.25,3,3,GTAATGCGCTGTTTCGAGTT,0,2087323
lacIp,0.25,3,3,GTAAGGAGTGAAATTATTGA,0,2118676
lacIp,0.25,3,3,GTAACTAGGTTGATTATGTT,0,2102603
lacIp,0.25,3,3,GTAACCTCGCCTCAAAAGGG,0,2101722
lacIp,0.25,3,3,GTAACAGAGCCCTGACCACA,0,2111148
lacIp,0.25,3,3,GTAAATTCCTAAAACTGGAT,0,2108616
lacIp,0.25,3,3,GTAAACCGAACGTGTCCGAG,0,2102621
lacIp,0.25,3,3,GGTTTCGAGTAGTGCACCCC,0,2104893
lacIp,0.25,3,3,GGTTTCGAACGGGTTGGGCT,0,2109101
lacIp,0.25,3,3,GGTTCTTTAGCCGTTCTCCT,0,2113277
lacIp,0.25,3,3,GGTTACGGGTATACACTTAT,0,2090372
lacIp,0.25,3,3,GGTGGATACTTTGCATAAGG,0,2107831
lacIp,0.25,3,3,GGTGCTCCGGTGCGGATTAG,0,2103688
lacIp,0.25,3,3,GGTGCCAGCCTCCAAAGAAT,0,2115583
lacIp,0.25,3,3,GGTGACGTACGGAAAATTTT,0,2096422
lacIp,0.25,3,3,GGTCTCCCCGGTCGATGTTA,0,2100765
lacIp,0.25,3,3,GGTCTCATTTGCCTACGCTC,0,2089202
lacIp,0.25,3,3,GGTCGGTTGGGGGCCAATGT,0,2103672
lacIp,0.25,3,3,GGTCGGAATGTGGGAGTAAA,0,2114480
lacIp,0.25,3,3,GGTCAGTCGACAGAGCTACG,0,2107140
lacIp,0.25,3,3,GGTATACGAGGTGCTCTGGA,0,2113248
lacIp,0.25,3,3,GGTAGGCAAAATTCAAGGCC,0,2114432
lacIp,0.25,3,3,GGTACATGTCGGTATGCACA,0,2109709
lacIp,0.25,3,3,GGTAAGACAGGGGCTCATTT,0,2113143
lacIp,0.25,3,3,GGGTTAGCGAAGGCCTAGTT,0,2101733
lacIp,0.25,3,3,GGGTGTTGCAGCACAATCGG,0,2107718
lacIp,0.25,3,3,GGGTGTGAGCAGGAAGACTT,0,2096574
lacIp,0.25,3,3,GGGTGTCGAAACCCCAGGTT,0,2114049
lacIp,0.25,3,3,GGGTCACCCGACAACCTTTC,0,2109576
lacIp,0.25,3,3,GGGTATCTGTCAGTGCGGAT,0,2100230
lacIp,0.25,3,3,GGGTAATCACAGATACTAAT,0,2095704
lacIp,0.25,3,3,GGGGTGGCGTTACAGGCTGA,0,2116156
lacIp,0.25,3,3,GGGGGTAGCGAAACCTGCCA,0,2111032
lacIp,0.25,3,3,GGGGCTTGGAAGACAGCCGA,0,2092035
lacIp,0.25,3,3,GGGGCGTAAGATGCTTGGAT,0,2090247
lacIp,0.25,3,3,GGGGCAGGTCTTCCGATTTT,0,2107096
lacIp,0.25,3,3,GGGGCACAATAGACTAACTT,0,2094207
lacIp,0.25,3,3,GGGGCAACGAAGTCGCCCGC,0,2087055
lacIp,0.25,3,3,GGGCTCCAATTCGTGCAAGC,0,2106607
lacIp,0.25,3,3,GGGCGGTACATCATCTTGTA,0,2117506
lacIp,0.25,3,3,GGGCAACCGAAGGTGCGGCA,0,2089953
lacIp,0.25,3,3,GGGATTCCGCCGGTTACGTG,0,2103979
lacIp,0.25,3,3,GGGATGTTGGGGCGGTCTGT,0,2089002
lacIp,0.25,3,3,GGGATGCAAACGTGCGCCAC,0,2106654
lacIp,0.25,3,3,GGGATGAATCAGAATCGAAC,0,2100580
lacIp,0.25,3,3,GGGAAGAATGGGGCACACCA,0,2103988
lacIp,0.25,3,3,GGCTTTGAGCTTGCAGTTGT,0,2114741
lacIp,0.25,3,3,GGCTCGGGGTTAATAACCGT,0,2106568
lacIp,0.25,3,3,GGCTCAGAAAATCCATAGTC,0,2098585
lacIp,0.25,3,3,GGCTACGCTTATGCCATCAT,0,2119665
lacIp,0.25,3,3,GGCGTGTGATTGATGTCAGC,0,2106581
lacIp,0.25,3,3,GGCGTCTTGGACACACTTAC,0,2105913
lacIp,0.25,3,3,GGCGGGCTCGAAAGCGAGTG,0,2116417
lacIp,0.25,3,3,GGCGGAAACTTCGGATGAGC,0,2113610
lacIp,0.25,3,3,GGCGCTGGCGGGTTAGCCGG,0,2115004
lacIp,0.25,3,3,GGCGCTCTTAGGGGGAGAAA,0,2111306
lacIp,0.25,3,3,GGCGCCAGTATACATCTCCC,0,2109659
lacIp,0.25,3,3,GGCCTGGTCTCCTAGTTGTC,0,2102970
lacIp,0.25,3,3,GGCCGCATAGTACAAACTAG,0,2109475
lacIp,0.25,3,3,GGCCGATTCTGGGACGCAAG,0,2100258
lacIp,0.25,3,3,GGCCGACCAGGTTATGCCTA,0,2099338
lacIp,0.25,3,3,GGCCGAAAGGCGTTCGTCAA,0,2096837
lacIp,0.25,3,3,GGCCCGGGGCTCTGATCTCG,0,2096624
lacIp,0.25,3,3,GGCATTGGGCTGTCCCGTGT,0,2100689
lacIp,0.25,3,3,GGCATAAGCTTGAGGTGTGA,0,2104292
lacIp,0.25,3,3,GGCAGCTTAAGACGCCCTTA,0,2089640
lacIp,0.25,3,3,GGCAGACCCATACTGGAACT,0,2109630
lacIp,0.25,3,3,GGCACCTATCGTACGCCTAC,0,2092669
lacIp,0.25,3,3,GGCAATTAGGGTCCTTTGAA,0,2118793
lacIp,0.25,3,3,GGCAATCTAGCGCATAGCAA,0,2105727
lacIp,0.25,3,3,GGATTTCTCCTTATATCGTA,0,2110961
lacIp,0.25,3,3,GGATTGGCCATGGAACTGGA,0,2116763
lacIp,0.25,3,3,GGATCAGACAAAGTTAAGGG,0,2107176
lacIp,0.25,3,3,GGATAGGGCCAGGTCATGAC,0,2101405
lacIp,0.25,3,3,GGATAGGAGCATTCCGGAGA,0,2091734
lacIp,0.25,3,3,GGATAGACGTAACATCACGC,0,2106137
lacIp,0.25,3,3,GGATAGACGGAGAGGAAGCC,0,2114946
lacIp,0.25,3,3,GGATAAAGGTTGGCGGGGAC,0,2088597
lacIp,0.25,3,3,GGAGTCGGACAACCGTCATG,0,2109785
lacIp,0.25,3,3,GGAGTAAGAGTCATGCTGAC,0,2117354
lacIp,0.25,3,3,GGAGCGTGTATAGGAACCGG,0,2102924
lacIp,0.25,3,3,GGAGCCGCTGACTTAGCCCC,0,2086463
lacIp,0.25,3,3,GGAGCCACTGAGAAGGGGCA,0,2086026
lacIp,0.25,3,3,GGAGAACGTCGCAATGCGGT,0,2117199
lacIp,0.25,3,3,GGACTTGGCTCGATAAACGG,0,2091682
lacIp,0.25,3,3,GGACCCCTTCGGTGGAACAT,0,2097993
lacIp,0.25,3,3,GGACAGGGTACCATGCCTCA,0,2109741
lacIp,0.25,3,3,GGACACCGGACTTCCTCTTC,0,2090730
lacIp,0.25,3,3,GGAATTTCGTTGCCTAGTCC,0,2112823
lacIp,0.25,3,3,GGAAGACTGAAGTGAGCTTG,0,2118880
lacIp,0.25,3,3,GCTTTCCCTGACATGGACAG,0,2115114
lacIp,0.25,3,3,GCTTCGGCGAGGCCCTTATC,0,2110592
lacIp,0.25,3,3,GCTTCGCCGGCCGCAGTCCC,0,2086980
lacIp,0.25,3,3,GCTGCGGGTAAGCAGGACTC,0,2103706
lacIp,0.25,3,3,GCTGCACGTGTCCAGAATCT,0,2116167
lacIp,0.25,3,3,GCTCTCAGTTTCATTTAGGC,0,2094036
lacIp,0.25,3,3,GCTCTATGCGTTTAGCACCT,0,2101488
lacIp,0.25,3,3,GCTCGGGTCATCTAGCTTGA,0,2109594
lacIp,0.25,3,3,GCTATTGTTACCAGATTTCT,0,2101973
lacIp,0.25,3,3,GCGTTTGATCGATCAACTTG,0,2105895
lacIp,0.25,3,3,GCGTTAGGAAGGTAGTCAGA,0,2106647
lacIp,0.25,3,3,GCGTTACTTTGAGCAAGATC,0,2121079
lacIp,0.25,3,3,GCGTCCTTATCGCATAAGGT,0,2096959
lacIp,0.25,3,3,GCGTATGATGGTTTTTTCAT,0,2106886
lacIp,0.25,3,3,GCGGTTATCATTTCGGACAT,0,2093314
lacIp,0.25,3,3,GCGGTTAGGAGTGTTGAACA,0,2086137
lacIp,0.25,3,3,GCGGTGTCTGATCAGGGCGA,0,2093645
lacIp,0.25,3,3,GCGGTCTGAGTACCTCTGGG,0,2092915
lacIp,0.25,3,3,GCGGTCGATAGGAAGTAAAG,0,2105362
lacIp,0.25,3,3,GCGGTATCCGGGTCATGGGT,0,2088846
lacIp,0.25,3,3,GCGGGCGCTACACCGTCTGG,0,2117178
lacIp,0.25,3,3,GCGGAGCATGACACCACAAG,0,2110758
lacIp,0.25,3,3,GCGCTTCAAATGTACACCAA,0,2103438
lacIp,0.25,3,3,GCGCTCAGTTCACGGCGCTA,0,2119259
lacIp,0.25,3,3,GCGCGCTATAGCTCTGTCGT,0,2111769
lacIp,0.25,3,3,GCGCCTTATCAGGTTGCCTG,0,2116787
lacIp,0.25,3,3,GCGCCACAGTCGATATCGGT,0,2112314
lacIp,0.25,3,3,GCGCAGGGGAGTACAGAATG,0,2109072
lacIp,0.25,3,3,GCGATGCGAGTAGAGTGAAG,0,2090142
lacIp,0.25,3,3,GCGATCCGCTCCAAGTTTGG,0,2105226
lacIp,0.25,3,3,GCGATACCCCGCCTCGAGTA,0,2090198
lacIp,0.25,3,3,GCGACTTGGGGAGTTAATGG,0,2115572
lacIp,0.25,3,3,GCGACACAACGTGGGCAATG,0,2094896
lacIp,0.25,3,3,GCGACAAAAATTATTGGGTA,0,2107340
lacIp,0.25,3,3,GCCTTGTTAAGAGCCGCCCC,0,2086480
lacIp,0.25,3,3,GCCTGTTAGTTGGGCTATCT,0,2113939
lacIp,0.25,3,3,GCCTAGGCCACCTGCCATGC,0,2102394
lacIp,0.25,3,3,GCCGTGCGCGTGTTCTACGC,0,2100017
lacIp,0.25,3,3,GCCGATATGTAAAGAAGTGG,0,2093528
lacIp,0.25,3,3,GCCCGGACATGGTAAGTTTT,0,2104712
lacIp,0.25,3,3,GCCCGCGACACATAATCGCA,0,2103278
lacIp,0.25,3,3,GCCCGATTGTCAGATTCAGT,0,2113613
lacIp,0.25,3,3,GCCCGACCGGACACAGTAAC,0,2092396
lacIp,0.25,3,3,GCCCCACGTAGAAGACGGTA,0,2096993
lacIp,0.25,3,3,GCCCCACCATGGCGTTAGAA,0,2105866
lacIp,0.25,3,3,GCCCACGCTCAATTACCGTG,0,2102085
lacIp,0.25,3,3,GCCCAATAGAGACTACCAAT,0,2117296
lacIp,0.25,3,3,GCCCAAGCGTCCACATAAGC,0,2116343
lacIp,0.25,3,3,GCCCAACGCGTTGACCCTGG,0,2099274
lacIp,0.25,3,3,GCCAGTCGAGTTGCTGTCTC,0,2117704
lacIp,0.25,3,3,GCCAATAGTGAATGAGGTCT,0,2117172
lacIp,0.25,3,3,GCATTGATAGTCGTGGCGGG,0,2105380
lacIp,0.25,3,3,GCATGTACGTCTTTGGGCAG,0,2095212
lacIp,0.25,3,3,GCATGCCATCACGACCCGGA,0,2115832
lacIp,0.25,3,3,GCATCTGTAGGTTCTCCTTG,0,2088132
lacIp,0.25,3,3,GCATCCGGACAGTTTGGATC,0,2116995
lacIp,0.25,3,3,GCAGTTTACGGGTATCCTCT,0,2118018
lacIp,0.25,3,3,GCAGTGATGTAGTATCAGTT,0,2103098
lacIp,0.25,3,3,GCAGGTGTCTCCTGTTGGAC,0,2104886
lacIp,0.25,3,3,GCAGGTGGTCCAGGCCTGCT,0,2102747
lacIp,0.25,3,3,GCAGCTAGATTGATCATCAA,0,2098588
lacIp,0.25,3,3,GCAGCAGGTTTACTTGCGTG,0,2097255
lacIp,0.25,3,3,GCACTCTGGGCTAACCGAAG,0,2102129
lacIp,0.25,3,3,GCACTCAGGCCGCTTCCCGC,0,2090231
lacIp,0.25,3,3,GCACCGGTGAAGACTGAATG,0,2115149
lacIp,0.25,3,3,GCACCCCTTGTGGTCGTTCG,0,2097672
lacIp,0.25,3,3,GATTTACTTTGGGGTCACTT,0,2120787
lacIp,0.25,3,3,GATTCTGCTAAGCAGGGAAG,0,2096913
lacIp,0.25,3,3,GATTCGTAGCCCCGAGCAGC,0,2113737
lacIp,0.25,3,3,GATTCGAGTCAGGGTTCCAC,0,2103237
lacIp,0.25,3,3,GATTATCGTGCTTCTTACTG,0,2105019
lacIp,0.25,3,3,GATTAGAAACTGACGTGCCC,0,2118323
lacIp,0.25,3,3,GATCCCAAGGTTGCTTTGGA,0,2115986
lacIp,0.25,3,3,GATCATCATCGCTGCGCGGT,0,2122381
lacIp,0.25,3,3,GATCAAACGGATGGGGGATA,0,2088964
lacIp,0.25,3,3,GATATTGTTGAATGTTGGAG,0,2118431
lacIp,0.25,3,3,GATATTCTGGATCTTCATAA,0,2098465
lacIp,0.25,3,3,GATATCCACTGAGTGGGAAC,0,2089636
lacIp,0.25,3,3,GATACTCGACCAGGGGCCAC,0,2088518
lacIp,0.25,3,3,GAGTTGGCGATACCTGACGG,0,2107997
lacIp,0.25,3,3,GAGTTCGAAGAGGTACAGTT,0,2094597
lacIp,0.25,3,3,GAGTGGTCTGCAAGTCCATT,0,2088248
lacIp,0.25,3,3,GAGTCTTTCGTCCAGGCTTA,0,2103086
lacIp,0.25,3,3,GAGTCTGTGCCACACAGGTA,0,2119626
lacIp,0.25,3,3,GAGTCGGCTGGTTCCGGGTA,0,2116177
lacIp,0.25,3,3,GAGGCCCAATCGGGACTATA,0,2103629
lacIp,0.25,3,3,GAGGAAAAACGGTAGTTTGA,0,2106508
lacIp,0.25,3,3,GAGCCTTTAGCATATTGCTA,0,2111418
lacIp,0.25,3,3,GAGCCGTACCTAACATAATC,0,2120416
lacIp,0.25,3,3,GAGCATTTCAAGGCGCTCCT,0,2100695
lacIp,0.25,3,3,GAGCAACGGCAAGACGGCAT,0,2118844
lacIp,0.25,3,3,GAGATTAATCTTACTGGGCT,0,2103154
lacIp,0.25,3,3,GAGAACACGTTTTCTCGGCC,0,2093124
lacIp,0.25,3,3,GACTTGTTTTGCCGCCACAG,0,2109810
lacIp,0.25,3,3,GACTTAGGGCATGAGAAACA,0,2121698
lacIp,0.25,3,3,GACTGGTGGGGGTTCCTTCA,0,2118024
lacIp,0.25,3,3,GACTCCATTCCACCTGGCGT,0,2101339
lacIp,0.25,3,3,GACTCAGATACACGACGGAG,0,2117081
lacIp,0.25,3,3,GACGTGCCGAAGGTGCGGAG,0,2114794
lacIp,0.25,3,3,GACGTCCCCTTAATAACTCC,0,2116274
lacIp,0.25,3,3,GACGCACACCTGACTTGACA,0,2117959
lacIp,0.25,3,3,GACGATGTGGCATCTAATCT,0,2114004
lacIp,0.25,3,3,GACGAGTAGTAGGCCCGTTA,0,2091450
lacIp,0.25,3,3,GACCTGGTAATGGCTTAAAT,0,2116616
lacIp,0.25,3,3,GACCTGCCTCAGTTGGCCAC,0,2111672
lacIp,0.25,3,3,GACCAGGAGCTAAATGCATA,0,2116202
lacIp,0.25,3,3,GACATTTGACAACTGTGTAT,0,2091013
lacIp,0.25,3,3,GACATATGGGCCATCATAGT,0,2097124
lacIp,0.25,3,3,GACAGTGTTGGGAAGGTACT,0,2095011
lacIp,0.25,3,3,GACAGAGTATATTCTGTGAT,0,2104083
lacIp,0.25,3,3,GACAAGTAACGCACCGAGTA,0,2107075
lacIp,0.25,3,3,GAATTCTCACTGCTCTGGTC,0,2102546
lacIp,0.25,3,3,GAATGGAACTGGGTGCTGAA,0,2089568
lacIp,0.25,3,3,GAATCGAGTGTCGCGTGATG,0,2092374
lacIp,0.25,3,3,GAAGTGGCATGTTGGGGGGA,0,2106454
lacIp,0.25,3,3,GAAGTATGCAGCTACTTTAT,0,2104191
lacIp,0.25,3,3,GAAGGACGATGATCTAACCC,0,2113677
lacIp,0.25,3,3,GAAGCAATTAAGGAGTGAGC,0,2111800
lacIp,0.25,3,3,GAAGAGGTCCCGGCACAAGA,0,2109542
lacIp,0.25,3,3,GAAGACAGGGGGAAATTTTT,0,2100507
lacIp,0.25,3,3,GAACTTCGTTTCCGTGCTGT,0,2113786
lacIp,0.25,3,3,GAACTTAGCACGCTTATACA,0,2087916
lacIp,0.25,3,3,GAACGTACGGCGCAAAAGCT,0,2119981
lacIp,0.25,3,3,GAACGCCTACTGAACTACTA,0,2090167
lacIp,0.25,3,3,GAACGCAGGATATTTTACAG,0,2086184
lacIp,0.25,3,3,GAACGAGGGCTGGCATTCGT,0,2092831
lacIp,0.25,3,3,GAACCTCGAGGACAGGCTCT,0,2112280
lacIp,0.25,3,3,GAAATTCGCATGGGCATCAT,0,2118653
lacIp,0.25,3,3,GAAATACGTTCTCATTACAC,0,2111757
lacIp,0.25,3,3,GAAAATGAGATGATTGTGTC,0,2093297
lacIp,0.25,3,3,GAAAATGAAAGTGATCCCAG,0,2111539
lacIp,0.25,3,3,GAAAACTCGTGAAATGAGTA,0,2118953
lacIp,0.25,3,3,CTTTTTGATACTTTTTTGGT,0,2088153
lacIp,0.25,3,3,CTTTGGGGAGTGGGGCCTGT,0,2112813
lacIp,0.25,3,3,CTTTGGCCAAGCCGTCAGTA,0,2093696
lacIp,0.25,3,3,CTTTGCACAGCCTGGGAAGA,0,2094384
lacIp,0.25,3,3,CTTTCTGCATCTCTCGTGGC,0,2103828
lacIp,0.25,3,3,CTTTCGTTCTGGCTAGAATC,0,2121456
lacIp,0.25,3,3,CTTTCGACACAGAGGGCACG,0,2105616
lacIp,0.25,3,3,CTTTATTGCATCGTCTCCTG,0,2105663
lacIp,0.25,3,3,CTTGTTTCAAGACAATGGTC,0,2100548
lacIp,0.25,3,3,CTTGTCTAGACCCGAAGAAA,0,2091308
lacIp,0.25,3,3,CTTGTAGCGAAGATCGGAGG,0,2087943
lacIp,0.25,3,3,CTTGGTGTGGAGTGTCCAAG,0,2117852
lacIp,0.25,3,3,CTTGGTATTGCGCAGCGCGA,0,2095259
lacIp,0.25,3,3,CTTGGCCGCACCTGCCCGAG,0,2092654
lacIp,0.25,3,3,CTTGCAGCGTCGGCCGAGTT,0,2114977
lacIp,0.25,3,3,CTTGAGTTATATACCGAAGT,0,2093398
lacIp,0.25,3,3,CTTCTCCTTTTGCCCGAATT,0,2102094
lacIp,0.25,3,3,CTTCTCACAGTGGCGGTACA,0,2102340
lacIp,0.25,3,3,CTTCATTATACGGCGATAGT,0,2113514
lacIp,0.25,3,3,CTTATTCGTTGCGCGACTCG,0,2090692
lacIp,0.25,3,3,CTTATCTTAGACTCAAGGTG,0,2121333
lacIp,0.25,3,3,CTTAGGTGGTGCTTGCATCA,0,2111185
lacIp,0.25,3,3,CTTAATGTGTGCTGTCCTAC,0,2098005
lacIp,0.25,3,3,CTGTGTTCACTAATCATAAA,0,2087034
lacIp,0.25,3,3,CTGTGCAAGCTTGTCGTTTA,0,2096436
lacIp,0.25,3,3,CTGTAGTTTTTGGTCGAACT,0,2093472
lacIp,0.25,3,3,CTGGGCAGAAACAAAAGTTT,0,2090415
lacIp,0.25,3,3,CTGGCTCAGAAATATATACA,0,2111611
lacIp,0.25,3,3,CTGGCGCCCTGGCCCACGAT,0,2097780
lacIp,0.25,3,3,CTGCTTCGATAAAATAATGT,0,2108053
lacIp,0.25,3,3,CTGCTCATGTTTTTATATGA,0,2115621
lacIp,0.25,3,3,CTGCGGTTCGTTGACAACGG,0,2105650
lacIp,0.25,3,3,CTGCGAGTTGAATGGGCAAC,0,2120438
lacIp,0.25,3,3,CTGCGAGGATGCACAAATTT,0,2087748
lacIp,0.25,3,3,CTGCCTTCAATCCGGTCCGT,0,2094063
lacIp,0.25,3,3,CTGAGCCCATCGAACACACA,0,2097379
lacIp,0.25,3,3,CTGACACACACCGATCATGC,0,2115772
lacIp,0.25,3,3,CTGAATTCCCTTCGGGAGTA,0,2119241
lacIp,0.25,3,3,CTCTGTGAACTTGTGCGGGA,0,2089353
lacIp,0.25,3,3,CTCTGCAACTTCAGTAGAAC,0,2119853
lacIp,0.25,3,3,CTCTCATTTTAGTAAGAGGC,0,2116512
lacIp,0.25,3,3,CTCTCATTAAGGGATGAACA,0,2109983
lacIp,0.25,3,3,CTCTCAACTCAGGCGCACTA,0,2118719
lacIp,0.25,3,3,CTCGTTGTGCGCGATCCATT,0,2086782
lacIp,0.25,3,3,CTCGGGTAGTCTGAAGAATT,0,2121917
lacIp,0.25,3,3,CTCGGGGATTAGAAAGCGGG,0,2103559
lacIp,0.25,3,3,CTCGGCGTTCGTGATAGACC,0,2086465
lacIp,0.25,3,3,CTCGATTACATCAAGGTCAC,0,2097337
lacIp,0.25,3,3,CTCGACTTAGGTCTTTGGTG,0,2112291
lacIp,0.25,3,3,CTCCTCAGAGGTGCGAACTG,0,2091923
lacIp,0.25,3,3,CTCCTAACAATGAAAAGGGT,0,2114352
lacIp,0.25,3,3,CTCCGTTGCGGCGCATGTAT,0,2088867
lacIp,0.25,3,3,CTCCGGCGGGGATTAGGCAT,0,2118746
lacIp,0.25,3,3,CTCCCGGGGCAAAGGGCTGA,0,2110232
lacIp,0.25,3,3,CTCATTAGGCTAACAGCAGG,0,2114091
lacIp,0.25,3,3,CTCATGGATCGGTATTTAGA,0,2087556
lacIp,0.25,3,3,CTCAGCCCAGACTTCCCTGC,0,2103149
lacIp,0.25,3,3,CTCACAAGTGAGACTGGCTG,0,2095301
lacIp,0.25,3,3,CTCAAGCTCTAAGGCGAGGT,0,2086049
lacIp,0.25,3,3,CTCAAGATTAACATGGGCAG,0,2092784
lacIp,0.25,3,3,CTCAAAGCTGTGCGGTTCTC,0,2102963
lacIp,0.25,3,3,CTATTTCATACTTTTAGCTA,0,2096976
lacIp,0.25,3,3,CTATGAGTCCGTCTAGGGAT,0,2092745
lacIp,0.25,3,3,CTATGAAGTTCAGTATGTTC,0,2107726
lacIp,0.25,3,3,CTATCGTGAGCTTAACAACG,0,2087740
lacIp,0.25,3,3,CTATCCCTGGACTTTAGGTG,0,2118856
lacIp,0.25,3,3,CTATCCCAGTACAATGAATC,0,2121250
lacIp,0.25,3,3,CTATATTTGAAAGGACGACA,0,2087949
lacIp,0.25,3,3,CTATAGGCGGCAAGGTCTAG,0,2117126
lacIp,0.25,3,3,CTAGTGATCGCGTGGGGCTG,0,2104576
lacIp,0.25,3,3,CTAGGCACTGAAACTTAAGG,0,2104380
lacIp,0.25,3,3,CTAGCTCGCCTAGGCTTATT,0,2087840
lacIp,0.25,3,3,CTAGCGAGTTTATAAAACAT,0,2102718
lacIp,0.25,3,3,CTACCCAAACGTGTCGTTAA,0,2118247
lacIp,0.25,3,3,CTAATGCAGCACAGCAAAAG,0,2108245
lacIp,0.25,3,3,CTAACTCGTGTCCTCCCTTC,0,2117476
lacIp,0.25,3,3,CTAACCTTGGGGAGTAATAG,0,2088259
lacIp,0.25,3,3,CTAACCCATTCGGCCTTGCC,0,2098360
lacIp,0.25,3,3,CGTTTCCTACCTAATGTCAG,0,2116392
lacIp,0.25,3,3,CGTTTAGACGCTATTCGATG,0,2105018
lacIp,0.25,3,3,CGTTTAAGCGAGAGGAGGTG,0,2116021
lacIp,0.25,3,3,CGTTCGTCAACCTAAGGGCG,0,2093121
lacIp,0.25,3,3,CGTTCGGGAGCACGGTCTGT,0,2105422
lacIp,0.25,3,3,CGTGGTGCATATTACCGCTA,0,2106831
lacIp,0.25,3,3,CGTGCACTGGCTTCCCCTTA,0,2106511
lacIp,0.25,3,3,CGTGACCAAAGCGAGGCGTG,0,2088246
lacIp,0.25,3,3,CGTCTTCTAGGCTAGTTAGA,0,2094353
lacIp,0.25,3,3,CGTCTGCCGAAAATCTACGA,0,2099032
lacIp,0.25,3,3,CGTCGCCGGGTTGATCGGAC,0,2118207
lacIp,0.25,3,3,CGTCAGGTGAATAGCCCCCA,0,2105581
lacIp,0.25,3,3,CGTCAGGAGATTATCACTGT,0,2096812
lacIp,0.25,3,3,CGTCACGTTTAAGTTGCGGC,0,2094153
lacIp,0.25,3,3,CGTCAACAAGCCGTGGAGGC,0,2090741
lacIp,0.25,3,3,CGTATTCATCAACTCGCTGT,0,2109934
lacIp,0.25,3,3,CGTATCACAACCCGCTTGAC,0,2101823
lacIp,0.25,3,3,CGTACTTCAGAAAAATCTGG,0,2115203
lacIp,0.25,3,3,CGTACAAGTCGTCGGTCACG,0,2118403
lacIp,0.25,3,3,CGTAATGCTAGGCATCTCGA,0,2098427
lacIp,0.25,3,3,CGTAAATCTACAACCACCTA,0,2088817
lacIp,0.25,3,3,CGTAAAACGGAATGATCTTA,0,2112325
lacIp,0.25,3,3,CGGTTGTTAAACAAGCGGGG,0,2104094
lacIp,0.25,3,3,CGGTTCCCACTCAAAATGTA,0,2106940
lacIp,0.25,3,3,CGGTGGGCCTCACGCGTGTT,0,2105868
lacIp,0.25,3,3,CGGTGGCGCAGTATTCTCAA,0,2109448
lacIp,0.25,3,3,CGGTGATTGGACGTCTCGGA,0,2097273
lacIp,0.25,3,3,CGGTGATATAAAACGGATTC,0,2111767
lacIp,0.25,3,3,CGGTGAGTACGAAGCATAGG,0,2104247
lacIp,0.25,3,3,CGGTCTCCATGGTTGCACGA,0,2101517
lacIp,0.25,3,3,CGGTCCAATCAAAACCTGTC,0,2110476
lacIp,0.25,3,3,CGGTCACTCTACCGATGTAC,0,2090357
lacIp,0.25,3,3,CGGTATTACGGCAAAGGCTA,0,2108675
lacIp,0.25,3,3,CGGTAATGAGACGGGTGTTT,0,2092362
lacIp,0.25,3,3,CGGTAACCTGCTGGAAGCCT,0,2109535
lacIp,0.25,3,3,CGGGTAAGGGGAGTTCGCGA,0,2090821
lacIp,0.25,3,3,CGGGGGGTAGGCGAAAGGCT,0,2086476
lacIp,0.25,3,3,CGGGGCGACTCGTCTTCTCG,0,2118145
lacIp,0.25,3,3,CGGGGAGGACATGAGGTATT,0,2102612
lacIp,0.25,3,3,CGGGACAGGACCCTACCTTA,0,2088616
lacIp,0.25,3,3,CGGGAACTATCAGTGTTTGA,0,2100836
lacIp,0.25,3,3,CGGCGTCACTTGCCGTCACT,0,2089735
lacIp,0.25,3,3,CGGCGCGGCCCTCGCCCTAC,0,2088495
lacIp,0.25,3,3,CGGCGCACTTGGTTGCGGTC,0,2121253
lacIp,0.25,3,3,CGGCAGATACGGTTCACTCG,0,2087797
lacIp,0.25,3,3,CGGATTTGTTCTTTATAGAC,0,2104392
lacIp,0.25,3,3,CGGATTCCGTACCATCCCTT,0,2102417
lacIp,0.25,3,3,CGGATTACAACGAGTACAAC,0,2093218
lacIp,0.25,3,3,CGGAGCAGCACACATTGATT,0,2106499
lacIp,0.25,3,3,CGGAGCACCCACAATAACTT,0,2108210
lacIp,0.25,3,3,CGGACCGACGGGTAACTTAA,0,2107302
lacIp,0.25,3,3,CGCTTGGACCACGTTTATGT,0,2118298
lacIp,0.25,3,3,CGCTTGCGTAAATATAGCAA,0,2107025
lacIp,0.25,3,3,CGCTTCGCAGGCACTTCTTT,0,2107961
lacIp,0.25,3,3,CGCTTACATTGGTTCATCGA,0,2112598
lacIp,0.25,3,3,CGCTCGCCTCGGCGCTTCTC,0,2111026
lacIp,0.25,3,3,CGCTAGACCCGCGGGAACAG,0,2104175
lacIp,0.25,3,3,CGCTACATATGGGAGTGGGC,0,2103445
lacIp,0.25,3,3,CGCGCTTACTGTTCGTCGGT,0,2116068
lacIp,0.25,3,3,CGCGCGTCCGCCGTTATTAT,0,2091224
lacIp,0.25,3,3,CGCGATCCAGTGCCATTTCC,0,2107936
lacIp,0.25,3,3,CGCCTACGTGAAAGGGCGCA,0,2089164
lacIp,0.25,3,3,CGCCGTACCCGGATTGCACT,0,2117618
lacIp,0.25,3,3,CGCCGCTAAACCTTTCCGGT,0,2100949
lacIp,0.25,3,3,CGCCGCGACTCCGGCTTCCT,0,2109870
lacIp,0.25,3,3,CGCCGCAGGATGTCCTTGCC,0,2092542
lacIp,0.25,3,3,CGCCGCAGCAGAGCGTCTTC,0,2101887
lacIp,0.25,3,3,CGCCATTCAAATGGATCGTT,0,2095353
lacIp,0.25,3,3,CGCCAAATAAAGGAGCCATT,0,2097437
lacIp,0.25,3,3,CGCATCCCTTTGGCGTTGCT,0,2092917
lacIp,0.25,3,3,CGCATAGGATGGGTAGAAAA,0,2116866
lacIp,0.25,3,3,CGCAGTCTTCCTAGTCCACT,0,2107041
lacIp,0.25,3,3,CGCAGGAGTCAGTCTACATG,0,2118376
lacIp,0.25,3,3,CGCAGACCAAAGTGACCTCA,0,2112168
lacIp,0.25,3,3,CGCACTGACCTTCACTATCG,0,2093508
lacIp,0.25,3,3,CGCACGCACTACCAGACATC,0,2107629
lacIp,0.25,3,3,CGATTGTTAAAAGGGCTCTA,0,2099182
lacIp,0.25,3,3,CGATTCTAATTTTAATCGGG,0,2115319
lacIp,0.25,3,3,CGATCCGATAGATTACGTGG,0,2101575
lacIp,0.25,3,3,CGATCATAAGGACGCAAGCC,0,2100741
lacIp,0.25,3,3,CGATATAATTAGGCCAACCA,0,2086866
lacIp,0.25,3,3,CGAGGAGGCGATTATCCGCC,0,2089299
lacIp,0.25,3,3,CGAGCATACGGGCAGAGTCA,0,2120397
lacIp,0.25,3,3,CGAGATGTACAATGAGTACT,0,2087175
lacIp,0.25,3,3,CGAGATCGTGGCAAGGACAT,0,2117197
lacIp,0.25,3,3,CGAGAAGCAAGACGTAATGA,0,2090515
lacIp,0.25,3,3,CGACTTTATTTTGGTGGTCC,0,2088493
lacIp,0.25,3,3,CGACGGGGGGTGTGTTGCGA,0,2092026
lacIp,0.25,3,3,CGACGAAGAAGAAGGACCAT,0,2094363
lacIp,0.25,3,3,CGACCCGGACCTGGCCCGCA,0,2102618
lacIp,0.25,3,3,CGACAGCAAGTTCGCCCGCT,0,2100732
lacIp,0.25,3,3,CGAAGGACCACTTCTCAGTG,0,2103094
lacIp,0.25,3,3,CGAAGCATCATTTTCGGACT,0,2102052
lacIp,0.25,3,3,CGAAACGGAGAAGCGAAGAC,0,2116755
lacIp,0.25,3,3,CCTTTTCTCTAGTTAGGCAT,0,2096440
lacIp,0.25,3,3,CCTTTGCCAGGGTTCGATTT,0,2092955
lacIp,0.25,3,3,CCTTTGACTGTTACAGCATT,0,2115758
lacIp,0.25,3,3,CCTTTCACATGGGATGCTGC,0,2097636
lacIp,0.25,3,3,CCTTGGGTCGGAGGGAGACC,0,2109745
lacIp,0.25,3,3,CCTTGCGTTAAGAGGATATA,0,2117457
lacIp,0.25,3,3,CCTTCAAAATCGATTCTGTG,0,2086826
lacIp,0.25,3,3,CCTTAGTTATGCACCTTGGC,0,2104721
lacIp,0.25,3,3,CCTGTTGAACGTTCTGTCTT,0,2105971
lacIp,0.25,3,3,CCTGTCCCTTATGAGGTCAC,0,2112135
lacIp,0.25,3,3,CCTGGTCTTATATAATGGGT,0,2092221
lacIp,0.25,3,3,CCTGGCGCGTTTTAGATCCT,0,2104899
lacIp,0.25,3,3,CCTCTGGAATCTGCCGACTC,0,2089120
lacIp,0.25,3,3,CCTCTCTGGCGGGTTTACGG,0,2101544
lacIp,0.25,3,3,CCTCCGACGCTTAATTGGAC,0,2107268
lacIp,0.25,3,3,CCTCAGAACCCGGCCTCTTT,0,2089463
lacIp,0.25,3,3,CCTATGTGGTTTTGTGGTTG,0,2088287
lacIp,0.25,3,3,CCTATGAGTTGGAGGGAGTG,0,2109929
lacIp,0.25,3,3,CCTAGAGTCTAGGTCGGACT,0,2100804
lacIp,0.25,3,3,CCTACTTATCTATACTTCAT,0,2095822
lacIp,0.25,3,3,CCTACTAAGGCACACCATTG,0,2114243
lacIp,0.25,3,3,CCTACGGGGTAAAACAGAGT,0,2110927
lacIp,0.25,3,3,CCTACGCGCAAAGTGCAAAA,0,2093608
lacIp,0.25,3,3,CCTACAAGGCGGAGGCTTAT,0,2111159
lacIp,0.25,3,3,CCTAATACTCACTTGGAAGG,0,2114820
lacIp,0.25,3,3,CCTAAATCACATCTTTGTAC,0,2104851
lacIp,0.25,3,3,CCGTTTTGCGGTGTCATAGG,0,2095453
lacIp,0.25,3,3,CCGTTGATAGCGCGTTTAGT,0,2113975
lacIp,0.25,3,3,CCGTAGGGACCCGATATCCT,0,2090448
lacIp,0.25,3,3,CCGGTCCCCTGGCATACACT,0,2115875
lacIp,0.25,3,3,CCGGGCCGCCCTTGGGTCAA,0,2102289
lacIp,0.25,3,3,CCGCTTCGTCTTTGGAGAAA,0,2117876
lacIp,0.25,3,3,CCGCTGCATATAATATGGAG,0,2113057
lacIp,0.25,3,3,CCGCGTCTCAACCCTGATGA,0,2096390
lacIp,0.25,3,3,CCGCCTAAACAGGTTTACTT,0,2112392
lacIp,0.25,3,3,CCGATGTCGTTTCGCTTCGT,0,2114043
lacIp,0.25,3,3,CCGATGTAAGAAGCATCGGG,0,2104370
lacIp,0.25,3,3,CCGATGCACATAAGGTCTCG,0,2105578
lacIp,0.25,3,3,CCGACATAGCTAAACCAATC,0,2087543
lacIp,0.25,3,3,CCCTTTAGGAAGTGGTATTT,0,2100356
lacIp,0.25,3,3,CCCTTGACCGAACCGCAGAC,0,2093533
lacIp,0.25,3,3,CCCTCTACGTCCTCAGTGTA,0,2094316
lacIp,0.25,3,3,CCCTCGTGTAGAGGGCAATT,0,2115290
lacIp,0.25,3,3,CCCGTACCTGTGCAATCCAT,0,2097872
lacIp,0.25,3,3,CCCGTAATGAACCTCATTCG,0,2100956
lacIp,0.25,3,3,CCCGGATAGCGCAATGTTGC,0,2115020
lacIp,0.25,3,3,CCCGCTTGTGAAAATACAGG,0,2100594
lacIp,0.25,3,3,CCCGCTCACCAAGCTGCAAA,0,2120138
lacIp,0.25,3,3,CCCGACTTCCAGCATGACAC,0,2118952
lacIp,0.25,3,3,CCCGACACATGAACCTGGGT,0,2090950
lacIp,0.25,3,3,CCCCGTGTCCCAAGAAAGTT,0,2107894
lacIp,0.25,3,3,CCCCCGGGGTACCGGTCCAT,0,2093632
lacIp,0.25,3,3,CCCCCAAAGCTAGACACTAG,0,2095948
lacIp,0.25,3,3,CCCCAAAGGACCTCAGACAG,0,2099619
lacIp,0.25,3,3,CCCAGGTCAAGAGATATCAG,0,2101845
lacIp,0.25,3,3,CCCAGCGATCCGCGATTTCT,0,2108430
lacIp,0.25,3,3,CCCAGACTGTGACGCTCCAA,0,2120087
lacIp,0.25,3,3,CCCACTTTAAGTACTTCCGG,0,2106550
lacIp,0.25,3,3,CCCACCGACCAACCACCTTA,0,2089652
lacIp,0.25,3,3,CCCAATGATCAATCATTCCA,0,2112045
lacIp,0.25,3,3,CCATCTCTGTCAGATGCATA,0,2114897
lacIp,0.25,3,3,CCATCACAATAGGGGGAAAT,0,2117986
lacIp,0.25,3,3,CCATATTATGGACGTCATCT,0,2089594
lacIp,0.25,3,3,CCAGTTCGCGCGGGTCCGGG,0,2088793
lacIp,0.25,3,3,CCAGTGCAGGCGTGGTAAGG,0,2115608
lacIp,0.25,3,3,CCAGGCTAGTGCTGGGCGGT,0,2115465
lacIp,0.25,3,3,CCAGCCGAAGACGGGGTAGT,0,2111957
lacIp,0.25,3,3,CCAGATCATACTGTGGAGAC,0,2117606
lacIp,0.25,3,3,CCAGACTTGAACGGAATTCA,0,2113490
lacIp,0.25,3,3,CCACTCAATACTTCGTTCAT,0,2113973
lacIp,0.25,3,3,CCACGGAGCTGGTTAGTTTT,0,2086235
lacIp,0.25,3,3,CCACGCCGGAGGGTGTTTGT,0,2088965
lacIp,0.25,3,3,CCACGCCCTTCGATTCATAA,0,2105117
lacIp,0.25,3,3,CCACGACCATGTTTCTCGTC,0,2096622
lacIp,0.25,3,3,CCACAGCCAGGGCGGGCCAA,0,2112527
lacIp,0.25,3,3,CCAAGATTGAAGTTCAGGCG,0,2099580
lacIp,0.25,3,3,CCAACTACACAACCTTGCAG,0,2112712
lacIp,0.25,3,3,CCAACCGCTGTTGTCTATAC,0,2110691
lacIp,0.25,3,3,CCAAAGGGTCCAGGGCTTGA,0,2105795
lacIp,0.25,3,3,CCAAAGAAATCATCGTGCAA,0,2119523
lacIp,0.25,3,3,CATTTTGCGCGACATGGGAT,0,2108031
lacIp,0.25,3,3,CATTGGTTACGGTAACTCTC,0,2091097
lacIp,0.25,3,3,CATTCGCAAACCACGTCGTT,0,2120464
lacIp,0.25,3,3,CATTAGGTCAAGCACATGGA,0,2100827
lacIp,0.25,3,3,CATTAGATAATGCCGGTCCG,0,2114207
lacIp,0.25,3,3,CATTACGGCCTCCGTTACAC,0,2093034
lacIp,0.25,3,3,CATTAAGGCTTACGTAAGCG,0,2114247
lacIp,0.25,3,3,CATTAAGCGCCTCATGCGAG,0,2087109
lacIp,0.25,3,3,CATGTTTACCCAATTAATTT,0,2098594
lacIp,0.25,3,3,CATGGGAGTTTCGTCGGTCT,0,2107279
lacIp,0.25,3,3,CATGGATTGCATATATGGCG,0,2115728
lacIp,0.25,3,3,CATGGAGGTCCGCAAGATCA,0,2099853
lacIp,0.25,3,3,CATGCCCTTATGTGCCCGGG,0,2121606
lacIp,0.25,3,3,CATGCCCGTCAGATCTAGCC,0,2104681
lacIp,0.25,3,3,CATGCATTCTTTGCGGTCTT,0,2096880
lacIp,0.25,3,3,CATCTGTCTTCGGAACGGGC,0,2109842
lacIp,0.25,3,3,CATCTCGCTGCCCGAACAGA,0,2099660
lacIp,0.25,3,3,CATCCGGTCAGTTGATTCTC,0,2103571
lacIp,0.25,3,3,CATCATGTACTCCCTCAGAG,0,2114192
lacIp,0.25,3,3,CATCATAGGCTCTATTGAAA,0,2097474
lacIp,0.25,3,3,CATATTTCAACTAACGTGGG,0,2087570
lacIp,0.25,3,3,CATAGTTGCCAGAGATGGAA,0,2114238
lacIp,0.25,3,3,CATACGCAGCGCTCTGTTGT,0,2108477
lacIp,0.25,3,3,CATAATTGAATGCGTTTTTG,0,2087716
lacIp,0.25,3,3,CATAATCGTTTCATATTCCT,0,2100821
lacIp,0.25,3,3,CATAAACCACGATTGAGATT,0,2117121
lacIp,0.25,3,3,CAGTAAAGCAAGGATCCCCG,0,2111264
lacIp,0.25,3,3,CAGGTATCTCTGAGAGGACA,0,2118632
lacIp,0.25,3,3,CAGGTAGTCGGTAAACCTTT,0,2088916
lacIp,0.25,3,3,CAGGTAGCGGGTGGTTAGAC,0,2104854
lacIp,0.25,3,3,CAGGAACAGTCATTAATCAC,0,2086418
lacIp,0.25,3,3,CAGCTCGACCGCATAATCCG,0,2111528
lacIp,0.25,3,3,CAGCTAGGTACGTACGTGTG,0,2093705
lacIp,0.25,3,3,CAGCGTTAGGGGAAGGCTAT,0,2109849
lacIp,0.25,3,3,CAGCGCAACTTGCAGCAATT,0,2112420
lacIp,0.25,3,3,CAGCCGGCTTTACAGACCTT,0,2115736
lacIp,0.25,3,3,CAGCATATACTAACTCAAGT,0,2109746
lacIp,0.25,3,3,CAGCAGCGTGACTGTTTATT,0,2105626
lacIp,0.25,3,3,CAGAGGTGACGGCTTACAAG,0,2120939
lacIp,0.25,3,3,CAGAGGATCTCCCCAGTTCA,0,2099770
lacIp,0.25,3,3,CAGAAGGCTAACTAGCCATG,0,2098507
lacIp,0.25,3,3,CAGAAGCCTATCTCCGTGGA,0,2122141
lacIp,0.25,3,3,CAGAACGCGGAATCTAATAG,0,2101120
lacIp,0.25,3,3,CACTTGGTCGTAGGGGCTTT,0,2106273
lacIp,0.25,3,3,CACTGTTGGACTTCGAATCA,0,2087562
lacIp,0.25,3,3,CACTGGGTCTTCAAAGATCC,0,2087149
lacIp,0.25,3,3,CACTGCTACTACGGGTCGGT,0,2117558
lacIp,0.25,3,3,CACTATCCGGGTAGCACGAT,0,2109786
lacIp,0.25,3,3,CACGTTGGGGTTCTACCAGA,0,2098812
lacIp,0.25,3,3,CACGTCATAAGCTTGGCCGT,0,2104363
lacIp,0.25,3,3,CACCTGGCCCTACTTCGTAC,0,2105215
lacIp,0.25,3,3,CACCTCGTAGTCCGGGATCA,0,2103563
lacIp,0.25,3,3,CACCCTAAGGGGCAGGTCGG,0,2087634
lacIp,0.25,3,3,CACCCCCCTTGGTCGAGCCT,0,2118110
lacIp,0.25,3,3,CACAGTAATCACCAGTTGTC,0,2117563
lacIp,0.25,3,3,CACAGAGCGAAAGGTCTATG,0,2098949
lacIp,0.25,3,3,CACACATTCTAGAATAATCT,0,2099088
lacIp,0.25,3,3,CACACACGTGCACAAACCGA,0,2088342
lacIp,0.25,3,3,CACAAAACTCCTAAAACACG,0,2094908
lacIp,0.25,3,3,CAATTACAAGAGTTCCGTGC,0,2100596
lacIp,0.25,3,3,CAATGGAGGCATGCTGGTTG,0,2096728
lacIp,0.25,3,3,CAATGCACCACTACTCATTA,0,2092485
lacIp,0.25,3,3,CAATGAGGCGAAACGTCATA,0,2099857
lacIp,0.25,3,3,CAATAGCTTAGGTTAGAAAC,0,2102861
lacIp,0.25,3,3,CAATACACCGATCATACGTC,0,2099716
lacIp,0.25,3,3,CAAGTCTTGCCAATCCGGCA,0,2122391
lacIp,0.25,3,3,CAAGGGCTGATTTGCCGGTA,0,2088078
lacIp,0.25,3,3,CAAGCTCCATAGTGGTTGGG,0,2086123
lacIp,0.25,3,3,CAAGAATTCTCCTCCCTGTC,0,2095516
lacIp,0.25,3,3,CAACTCGTACAAACGTGGAG,0,2093132
lacIp,0.25,3,3,CAACTATCCAGAGTTGGGCG,0,2092182
lacIp,0.25,3,3,CAACCATTGATTACTTACAT,0,2109131
lacIp,0.25,3,3,CAAATCCGGTCGCGTCTTGG,0,2102933
lacIp,0.25,3,3,CAAAGTCGCCTCCAGTGTGT,0,2093789
lacIp,0.25,3,3,CAAACTACGCTTGCAAGCTT,0,2100271
lacIp,0.25,3,3,CAAAATTCGACTCGGACAGT,0,2101024
lacIp,0.25,3,3,CAAAATCGGCCGTGTGGAAC,0,2104654
lacIp,0.25,3,3,CAAAACACATTCGAGTAGCA,0,2099721
lacIp,0.25,3,3,ATTTTTCCGTACAGCTGCAA,0,2094863
lacIp,0.25,3,3,ATTTTCTTCAGCGGAGAGAG,0,2112896
lacIp,0.25,3,3,ATTTCTTTCGAAGACCACAT,0,2103252
lacIp,0.25,3,3,ATTTAGTCCATCAACGCCTG,0,2106030
lacIp,0.25,3,3,ATTTAAATTCAAGTGTTGTA,0,2094716
lacIp,0.25,3,3,ATTGTGTCTGAGGGACGGCA,0,2087979
lacIp,0.25,3,3,ATTGTACGCCCGTCAGGTTC,0,2110135
lacIp,0.25,3,3,ATTGCGCCGAGCGACGGTAC,0,2117235
lacIp,0.25,3,3,ATTGCAGGGACGTTCATCAG,0,2090378
lacIp,0.25,3,3,ATTCGTGGAAAGTGCGTCTA,0,2092340
lacIp,0.25,3,3,ATTCGGACACCCTGAGGTCA,0,2120837
lacIp,0.25,3,3,ATTCATTCAAATACGCACGT,0,2096876
lacIp,0.25,3,3,ATTATTGATCTCTGTCGCTC,0,2105910
lacIp,0.25,3,3,ATTAGGCAGTAGGGTAGCAT,0,2114118
lacIp,0.25,3,3,ATTAGCGCTAGTGCCGTTGT,0,2086813
lacIp,0.25,3,3,ATTAGATGTTGTTCGTTCAC,0,2099166
lacIp,0.25,3,3,ATTACTTGTCAGCACTCATG,0,2113133
lacIp,0.25,3,3,ATTACGGCGGTGACCTGGCT,0,2088202
lacIp,0.25,3,3,ATTACCTCTCACTGGATCCG,0,2095302
lacIp,0.25,3,3,ATTAATAATGAAGGACTTCC,0,2118842
lacIp,0.25,3,3,ATTAAGTCGTTAAGCTCCAC,0,2119586
lacIp,0.25,3,3,ATGTTTCCTCGTTATCGTTT,0,2091530
lacIp,0.25,3,3,ATGTTTATGACTTTACAGGA,0,2109004
lacIp,0.25,3,3,ATGTTTAACCGCGTAGTGGT,0,2098289
lacIp,0.25,3,3,ATGTTCCGGACAACTACCCT,0,2098944
lacIp,0.25,3,3,ATGTTACAGGCGTGTTCGTT,0,2099708
lacIp,0.25,3,3,ATGTCGCTGTCCCAGAACAA,0,2100289
lacIp,0.25,3,3,ATGTCCCGGCCGTCGTCGTT,0,2099341
lacIp,0.25,3,3,ATGTAGGTAATTAGGCAAGT,0,2100355
lacIp,0.25,3,3,ATGGTTCTAGTCTGTAGGGA,0,2101716
lacIp,0.25,3,3,ATGGTGTTGCGTGTGTCGGG,0,2088675
lacIp,0.25,3,3,ATGGTCAGGACAACTTCACG,0,2109684
lacIp,0.25,3,3,ATGGGCGGAGGCTTGAGAAA,0,2108665
lacIp,0.25,3,3,ATGGGCACGATCTACGATCA,0,2121866
lacIp,0.25,3,3,ATGGGAGATATTCCAGACCG,0,2109736
lacIp,0.25,3,3,ATGGCTCTCTGATAGCTGCC,0,2104662
lacIp,0.25,3,3,ATGGATATTGGAACCTTCTG,0,2098471
lacIp,0.25,3,3,ATGCTCCTTCTGTTAAGGAC,0,2088631
lacIp,0.25,3,3,ATGATTCGCCAATTGTACTC,0,2117920
lacIp,0.25,3,3,ATGATGCAAAACTCAATGCG,0,2111129
lacIp,0.25,3,3,ATGATAATACCCTAGTTACG,0,2093062
lacIp,0.25,3,3,ATGATAAATACAAGAAAAGG,0,2108538
lacIp,0.25,3,3,ATGAGTCATTCACATTATAG,0,2087185
lacIp,0.25,3,3,ATGACATCAACTCGGGCGCC,0,2118586
lacIp,0.25,3,3,ATCTTTGACGCAATAGGGTT,0,2096609
lacIp,0.25,3,3,ATCTTTACGGCGCGATCGTG,0,2112305
lacIp,0.25,3,3,ATCTTGCCTGTGGGTGTGTA,0,2086144
lacIp,0.25,3,3,ATCTTAGCACACACGAGGTT,0,2104759
lacIp,0.25,3,3,ATCTCTCAAGATAACCCGTA,0,2108316
lacIp,0.25,3,3,ATCGGCTTTTAACTCCCGAT,0,2119805
lacIp,0.25,3,3,ATCGGATCTTGCGTGTTGTA,0,2092712
lacIp,0.25,3,3,ATCGAGCTAAAGTAGGTACG,0,2087425
lacIp,0.25,3,3,ATCGACAGAGTGTGACCCGG,0,2103235
lacIp,0.25,3,3,ATCCGTATGTAGCGGCCTCC,0,2118673
lacIp,0.25,3,3,ATCCCGTTATGGGGCAGTGC,0,2103037
lacIp,0.25,3,3,ATCCCAGTGCAGATGGGTGT,0,2101792
lacIp,0.25,3,3,ATCCAGAATCCCATCTTAGC,0,2096951
lacIp,0.25,3,3,ATCATGCCCAAGTACGGCAG,0,2113536
lacIp,0.25,3,3,ATCATCCGTCCACCGGGATC,0,2105433
lacIp,0.25,3,3,ATCAGTCCATGGGCTATTCA,0,2091906
lacIp,0.25,3,3,ATCAGGTAAGTAAGCCGGCA,0,2086610
lacIp,0.25,3,3,ATCAGGCAAGGGTCGGCATG,0,2120884
lacIp,0.25,3,3,ATCACGCTAGCGGCTGTGGT,0,2117382
lacIp,0.25,3,3,ATCAAACTTGGCCATTCAAA,0,2114315
lacIp,0.25,3,3,ATATTGGTCTCGATGTGGAA,0,2099511
lacIp,0.25,3,3,ATATCTCGATAATCGCAGAA,0,2121319
lacIp,0.25,3,3,ATATCGAAAAATCCACGCCA,0,2095777
lacIp,0.25,3,3,ATATAGACGTGACGCAGGTT,0,2108705
lacIp,0.25,3,3,ATATAAAGAAAAGGTAATAG,0,2099810
lacIp,0.25,3,3,ATAGTTTCGCTACTCTTATA,0,2090495
lacIp,0.25,3,3,ATAGTGCGACGGCCGTCATA,0,2093099
lacIp,0.25,3,3,ATAGGGCATGGTTTAAGGTC,0,2089537
lacIp,0.25,3,3,ATAGCTTAATATCTTGTAAT,0,2111919
lacIp,0.25,3,3,ATAGCGTCTTCTGTCAGCGT,0,2105282
lacIp,0.25,3,3,ATAGCCCATTTGTTTTTACT,0,2096757
lacIp,0.25,3,3,ATAGATCGGCACTGGGGTTA,0,2099605
lacIp,0.25,3,3,ATACTGCAAGGGATCCCGGA,0,2111314
lacIp,0.25,3,3,ATACGGACCCAGTGGGCGGA,0,2092647
lacIp,0.25,3,3,ATAATTTGCGGAAAGTCTCG,0,2103612
lacIp,0.25,3,3,ATAATGCGCCATGTACCCGC,0,2109526
lacIp,0.25,3,3,ATAAGATGACGGGTCGCCTT,0,2102398
lacIp,0.25,3,3,ATAACTCGACGTAGGAGCCA,0,2090421
lacIp,0.25,3,3,ATAAAGTCGGGAACGTGGCA,0,2112390
lacIp,0.25,3,3,AGTTTCACACTTAACACTTT,0,2094731
lacIp,0.25,3,3,AGTTGGGCAGGGCACTAAAA,0,2117541
lacIp,0.25,3,3,AGTTCTGGGTATCGAAAAAC,0,2115870
lacIp,0.25,3,3,AGTTCAGCATCGGAGTGTCG,0,2117584
lacIp,0.25,3,3,AGTTAGAGCGCACGGCGTAT,0,2101772
lacIp,0.25,3,3,AGTTAATCGATGCGTTTTGC,0,2086357
lacIp,0.25,3,3,AGTGGCCGGTATATGGTACG,0,2111043
lacIp,0.25,3,3,AGTGCTATTATCGCTGTGAA,0,2100764
lacIp,0.25,3,3,AGTGATTTACCTGTCGTAAT,0,2112505
lacIp,0.25,3,3,AGTGATATGGGTTCGCGTAG,0,2096279
lacIp,0.25,3,3,AGTGAACCCTTGAACAAAGG,0,2087132
lacIp,0.25,3,3,AGTCTGAAGGCGTTCCGGGG,0,2105936
lacIp,0.25,3,3,AGTCTCCCTTGGGAGCCTAG,0,2107390
lacIp,0.25,3,3,AGTCTCATATTAAATCTAAG,0,2117862
lacIp,0.25,3,3,AGTCGTTACTTGCGACGGAG,0,2093734
lacIp,0.25,3,3,AGTAGGGTGGGATACAGGGT,0,2089530
lacIp,0.25,3,3,AGTAGGAAAGTTCACTTTTA,0,2088614
lacIp,0.25,3,3,AGTACCCCACGGCACACATT,0,2106836
lacIp,0.25,3,3,AGTACACGAGAAACTTGATT,0,2117516
lacIp,0.25,3,3,AGTAATAGCTGCGCACGAGT,0,2107885
lacIp,0.25,3,3,AGGTGTGACGGTATAACGAT,0,2116820
lacIp,0.25,3,3,AGGTGTAGTCGGATCTGGTG,0,2102207
lacIp,0.25,3,3,AGGTGGTAGTATGCCGCAAA,0,2107242
lacIp,0.25,3,3,AGGTGCTGCACGTAAATCGT,0,2096330
lacIp,0.25,3,3,AGGTGAGCTATGAGACTGAG,0,2086325
lacIp,0.25,3,3,AGGTCACGGGCGTGTGGGAA,0,2086950
lacIp,0.25,3,3,AGGGTACCCCCTCTCCGAAA,0,2095319
lacIp,0.25,3,3,AGGGGTCTTTCTACTAAAAT,0,2111960
lacIp,0.25,3,3,AGGGGGTTCCCAGGCATGGT,0,2099354
lacIp,0.25,3,3,AGGGGGATAAGAATCCGGTA,0,2106054
lacIp,0.25,3,3,AGGCGGGTCGCGACACACCA,0,2090278
lacIp,0.25,3,3,AGGCGGAGCATCTCGGGTTT,0,2118365
lacIp,0.25,3,3,AGGCGCGTGAGCATCATCTT,0,2090764
lacIp,0.25,3,3,AGGCACAGACTCCAGCTGCC,0,2095745
lacIp,0.25,3,3,AGGAGTCGTTCTTAGGGATG,0,2116875
lacIp,0.25,3,3,AGGAGATGGCACGTAAGAAT,0,2090727
lacIp,0.25,3,3,AGGAAGACGGCTTGGCCGCA,0,2097521
lacIp,0.25,3,3,AGGAAGAACGGCCCACGAGC,0,2096683
lacIp,0.25,3,3,AGCTTCGAACGCGGGTATAA,0,2106507
lacIp,0.25,3,3,AGCGGTAGGCTGCTTCCTGG,0,2105283
lacIp,0.25,3,3,AGCGCTAGAGTTGCGGCGTA,0,2089678
lacIp,0.25,3,3,AGCGCGCTGATTAACGTGTT,0,2089868
lacIp,0.25,3,3,AGCGCATCAAAGGTCTTAAC,0,2116282
lacIp,0.25,3,3,AGCCTATGTGCGACAAAGGA,0,2108566
lacIp,0.25,3,3,AGCCGCCGGTACGTTGTACT,0,2102444
lacIp,0.25,3,3,AGCCCAACGGAGAAAACTCC,0,2101695
lacIp,0.25,3,3,AGCCAGGCGCGTAACGTGTC,0,2113207
lacIp,0.25,3,3,AGCCAGATGCGGTAAGGATT,0,2105478
lacIp,0.25,3,3,AGCATTTCGCTGTAGGTAGA,0,2117818
lacIp,0.25,3,3,AGCATTGCACTCCGTAATGA,0,2104522
lacIp,0.25,3,3,AGATGAGGTGGCTAAGTTGT,0,2106906
lacIp,0.25,3,3,AGATCGGGTAGCCGTGGCCT,0,2100871
lacIp,0.25,3,3,AGATATTGATGTGGTTGTGT,0,2121013
lacIp,0.25,3,3,AGAGTAACTTGAGACCTGCA,0,2093656
lacIp,0.25,3,3,AGAGGTTGCACGGCCTCTCA,0,2091781
lacIp,0.25,3,3,AGAGGGGGAGTGGAAGAACA,0,2118190
lacIp,0.25,3,3,AGAGCGGTAAACGTAGCCTA,0,2093217
lacIp,0.25,3,3,AGAGAGAACGTGGAGCAACA,0,2095520
lacIp,0.25,3,3,AGAGACACGACCGGGCAGTA,0,2108637
lacIp,0.25,3,3,AGACGTTGCTGCTGGTCATG,0,2112263
lacIp,0.25,3,3,AGACCGCTGCTCAAAGTACA,0,2097047
lacIp,0.25,3,3,AGACACTGGATCCTCATGTG,0,2102809
lacIp,0.25,3,3,AGAACACAGGCCGCATGGTC,0,2096365
lacIp,0.25,3,3,AGAAATTTACCGGCAAGAGG,0,2121293
lacIp,0.25,3,3,AGAAATAAGTTATTCTCGCT,0,2090925
lacIp,0.25,3,3,AGAAAGCTTAGCAAACTCAG,0,2088199
lacIp,0.25,3,3,AGAAAAGCCCTTTAGTGATA,0,2114132
lacIp,0.25,3,3,ACTTTTTCCACTACGGGTCT,0,2103578
lacIp,0.25,3,3,ACTTTGTCGGCGGGGAGATA,0,2117415
lacIp,0.25,3,3,ACTTGCTTTACATGTGACTA,0,2121314
lacIp,0.25,3,3,ACTTCAGAGGGGCGCATTCT,0,2119926
lacIp,0.25,3,3,ACTTATATGCCTCTAAACTA,0,2103679
lacIp,0.25,3,3,ACTTAGTGCTGACGGCTAAA,0,2113670
lacIp,0.25,3,3,ACTGGGCGGATAAACGACCG,0,2103261
lacIp,0.25,3,3,ACTGCGTTAGTAAAGGAGGG,0,2114034
lacIp,0.25,3,3,ACTGCGGGAGAAGAATCCCA,0,2109334
lacIp,0.25,3,3,ACTCTTAAAAGTGGCGCGTT,0,2106103
lacIp,0.25,3,3,ACTCTCGGGCTGCACCACTA,0,2118288
lacIp,0.25,3,3,ACTCCCTGCGGGAGCCTCTT,0,2102588
lacIp,0.25,3,3,ACTCATCTGTGAGCTCATAA,0,2121183
lacIp,0.25,3,3,ACTCACTTTTATCCACGGAG,0,2085932
lacIp,0.25,3,3,ACTCACCAGTATTCTGAGCG,0,2086443
lacIp,0.25,3,3,ACTACATTGGCAGATTAAAC,0,2094637
lacIp,0.25,3,3,ACGTTTTGTGTCGATTCCGC,0,2109901
lacIp,0.25,3,3,ACGTTACAAGATATCTGTGA,0,2110292
lacIp,0.25,3,3,ACGTGGCGACCCAAATCGTA,0,2095846
lacIp,0.25,3,3,ACGTGCCCCCTCTGCGGAGA,0,2115558
lacIp,0.25,3,3,ACGTGCAGAGCTTATCAAAA,0,2099815
lacIp,0.25,3,3,ACGTAGCGTAATCGTTCTAA,0,2110078
lacIp,0.25,3,3,ACGGTTGGTCCCTTATTTTG,0,2097490
lacIp,0.25,3,3,ACGGTTATCTGTGGCAGCAA,0,2099214
lacIp,0.25,3,3,ACGGTGAAAGAGCCTCACGA,0,2092738
lacIp,0.25,3,3,ACGGGACTCCGTCGTCGTGA,0,2121340
lacIp,0.25,3,3,ACGGCGGGGGATGTCCAAAC,0,2122117
lacIp,0.25,3,3,ACGGCACTCCACCTCCAGCA,0,2103819
lacIp,0.25,3,3,ACGGCACGTGACGGGGCGTG,0,2109228
lacIp,0.25,3,3,ACGGACGTGACACCGGGAAT,0,2106798
lacIp,0.25,3,3,ACGGACCAGGTGTAAAGCAT,0,2088156
lacIp,0.25,3,3,ACGGAAATCTCAAGACATTG,0,2088387
lacIp,0.25,3,3,ACGCGTTTTCTACACGAAAA,0,2091619
lacIp,0.25,3,3,ACGCGGTCAGCGATGCACGA,0,2097545
lacIp,0.25,3,3,ACGCGCGCCCACGTCATCTC,0,2109163
lacIp,0.25,3,3,ACGCGCAGTGCATCGGCGCA,0,2121702
lacIp,0.25,3,3,ACGCCTGCCCATCTGTTGAT,0,2107757
lacIp,0.25,3,3,ACGCCGATCCGTGCGGTTCG,0,2092895
lacIp,0.25,3,3,ACGCAGTGAGCGCACCCTAC,0,2110289
lacIp,0.25,3,3,ACGATGTGACCAGATTCGGG,0,2107209
lacIp,0.25,3,3,ACGATGCATCCGTCTAGCTT,0,2118982
lacIp,0.25,3,3,ACGAGATTTCTACCCTAAAC,0,2120757
lacIp,0.25,3,3,ACGAGAGCACGCTCGAAACT,0,2106908
lacIp,0.25,3,3,ACGAGAACCATGCACCTTGG,0,2120195
lacIp,0.25,3,3,ACGAATCCCTAATATAGTGT,0,2106629
lacIp,0.25,3,3,ACCTGTTCTGGACTTATTAT,0,2101421
lacIp,0.25,3,3,ACCTATTTCAACGTACCAAT,0,2117360
lacIp,0.25,3,3,ACCTAAGACGATGAGGGCCG,0,2106164
lacIp,0.25,3,3,ACCGGTGTGTTAGTACGAGA,0,2118747
lacIp,0.25,3,3,ACCGCGTGATTTCCCCGGGA,0,2094314
lacIp,0.25,3,3,ACCCTCGGATTCTCAATCTT,0,2089503
lacIp,0.25,3,3,ACCCCGCCGTGGGATGATTT,0,2090632
lacIp,0.25,3,3,ACCCAGTGTACCACCGTCAA,0,2086529
lacIp,0.25,3,3,ACCCACAAATTTGCTGATGT,0,2115950
lacIp,0.25,3,3,ACCCAAACAGAATTGACTGT,0,2088138
lacIp,0.25,3,3,ACCATCCGGTAACTTGTACA,0,2090631
lacIp,0.25,3,3,ACCATCCATCTACGAGTATC,0,2096535
lacIp,0.25,3,3,ACCACCTCCCGCATCGTAGT,0,2093560
lacIp,0.25,3,3,ACCAATGGGCTAGCACGACT,0,2115912
lacIp,0.25,3,3,ACATGACTCAACAAGGGACT,0,2091059
lacIp,0.25,3,3,ACATATTTTAGCTGGGAGTG,0,2095403
lacIp,0.25,3,3,ACATAAAAGCTTAGGATCAC,0,2099283
lacIp,0.25,3,3,ACAGTCGAGCCGCTAGAGTT,0,2108740
lacIp,0.25,3,3,ACAGGTCGCAAACCGTGACT,0,2108853
lacIp,0.25,3,3,ACAGGCTTACGCATCTGCTA,0,2100552
lacIp,0.25,3,3,ACAGCTCAGCTCGTGCGATC,0,2088895
lacIp,0.25,3,3,ACAGCATAAAATATAGGCAA,0,2085751
lacIp,0.25,3,3,ACAGCAAAGACAAGGGATTG,0,2102589
lacIp,0.25,3,3,ACAGACTTATGGATCAACGA,0,2115240
lacIp,0.25,3,3,ACACTAATACCCGTGCCACA,0,2118290
lacIp,0.25,3,3,ACACGCCAACCGTATAAGAA,0,2114260
lacIp,0.25,3,3,ACACAGCCCGGGACGATCTA,0,2098089
lacIp,0.25,3,3,ACAATATAGGAGATTAATGT,0,2088632
lacIp,0.25,3,3,ACAAGGGTAATACAACCATG,0,2096866
lacIp,0.25,3,3,ACAAGGCTAGGTAACCTACG,0,2111817
lacIp,0.25,3,3,ACAAGCTACTCGAAACAGGT,0,2089359
lacIp,0.25,3,3,ACAAGCGCAGAACTGTAATC,0,2117695
lacIp,0.25,3,3,ACAACTGCTACGCGGTGCAT,0,2088095
lacIp,0.25,3,3,ACAACAGGACCGGGTTCCAC,0,2106992
lacIp,0.25,3,3,AATTTGAATAGGCGGTCTTT,0,2095412
lacIp,0.25,3,3,AATTTATTTGGTAGATTCAG,0,2115358
lacIp,0.25,3,3,AATTGTCAGTTCAGCGCATA,0,2101373
lacIp,0.25,3,3,AATTGGGCTTGAACAGAAAG,0,2115441
lacIp,0.25,3,3,AATTGCAATGTATGTCGTGA,0,2094206
lacIp,0.25,3,3,AATTGAACCCTGCTAGGTTG,0,2115390
lacIp,0.25,3,3,AATTCGAGTCGGGCTTGCGC,0,2092146
lacIp,0.25,3,3,AATTCACATGAAAGCAACTG,0,2104557
lacIp,0.25,3,3,AATGTTTTCAATCATAATGA,0,2089428
lacIp,0.25,3,3,AATGGTTAGGTCGTATAGGC,0,2110191
lacIp,0.25,3,3,AATGGGTTTCCGAGGTTGTT,0,2120480
lacIp,0.25,3,3,AATGGCAACGTGAAGACATC,0,2088847
lacIp,0.25,3,3,AATGAGCGTCACATTGGTTG,0,2109011
lacIp,0.25,3,3,AATGACCTAGGCGATGTGGT,0,2119423
lacIp,0.25,3,3,AATGACACGTAGAACGTGCG,0,2094033
lacIp,0.25,3,3,AATCTCCTCCGCGACTCAGC,0,2105857
lacIp,0.25,3,3,AATCTACATTCCAGATCAAT,0,2092440
lacIp,0.25,3,3,AATCCGAGGAAGCCACGATG,0,2116675
lacIp,0.25,3,3,AATCCAGTCATAAGCGGGCT,0,2093959
lacIp,0.25,3,3,AATCACGCGGAATCCACGAG,0,2088440
lacIp,0.25,3,3,AATATAAAGAAGCTAGTATC,0,2116284
lacIp,0.25,3,3,AATAGATATAATTGGAAGGC,0,2104973
lacIp,0.25,3,3,AATAGAGAACATTGCGGAGA,0,2116896
lacIp,0.25,3,3,AATAGACTCGGTTTACGGAA,0,2117133
lacIp,0.25,3,3,AATACATGTTCAATTAAGTT,0,2103174
lacIp,0.25,3,3,AATAAGACTCCGAAGATAAG,0,2090441
lacIp,0.25,3,3,AAGTTGCAAACGCTACGCGC,0,2117204
lacIp,0.25,3,3,AAGTTAGCATACTTTATCTT,0,2113328
lacIp,0.25,3,3,AAGTGGGGTGATGCTGCCCC,0,2111230
lacIp,0.25,3,3,AAGTGCTTCTTGTTTTGGAA,0,2105092
lacIp,0.25,3,3,AAGTCTGAGTGTCATACTTC,0,2121842
lacIp,0.25,3,3,AAGTCCCGGATTTCTGCCGC,0,2096155
lacIp,0.25,3,3,AAGTATTGTGGGCGAAACAA,0,2105084
lacIp,0.25,3,3,AAGTAGGCGTCATACTCTAG,0,2091298
lacIp,0.25,3,3,AAGGTACGCTTGGGTAGGGC,0,2100487
lacIp,0.25,3,3,AAGGCCGCAGGGCGCGAGTT,0,2108303
lacIp,0.25,3,3,AAGGCAAAAGACAAGAGCCA,0,2114194
lacIp,0.25,3,3,AAGGAAACGTACAGCCCTCT,0,2119443
lacIp,0.25,3,3,AAGCGTATTTCAGCTCCGGT,0,2091087
lacIp,0.25,3,3,AAGCGGCGACCAATGTCGGG,0,2109194
lacIp,0.25,3,3,AAGCCGTTGTCGGACCCGTG,0,2104519
lacIp,0.25,3,3,AAGCATTAGGAGTGACGAAA,0,2094568
lacIp,0.25,3,3,AAGAGGGAGACAGAATGTTT,0,2088135
lacIp,0.25,3,3,AAGAGCCTCTAGAGGTTTCG,0,2099695
lacIp,0.25,3,3,AAGAGAGCGCGACTCACTAA,0,2089282
lacIp,0.25,3,3,AAGACGGGGTTCAAAAACCA,0,2087595
lacIp,0.25,3,3,AAGACCTTGGAAAGGGTGTA,0,2093500
lacIp,0.25,3,3,AAGAATTTGAAATGGTTACA,0,2088898
lacIp,0.25,3,3,AAGAAGGCGTGTGCATAGAC,0,2099957
lacIp,0.25,3,3,AAGAAGCCGCACGAGTACAC,0,2114863
lacIp,0.25,3,3,AAGAAGAGCAGCAAGTTCGG,0,2098661
lacIp,0.25,3,3,AACTTTTGCGTCTTCCAGAG,0,2120319
lacIp,0.25,3,3,AACTTTTATCTCGGCCGAGC,0,2104559
lacIp,0.25,3,3,AACTTACAGGGCGAAGCCCC,0,2110396
lacIp,0.25,3,3,AACTGAGCTGCGGAACCGTG,0,2092627
lacIp,0.25,3,3,AACTCGTTATTGCCCATAAA,0,2113447
lacIp,0.25,3,3,AACTAAAACAAACCTCCGTC,0,2089624
lacIp,0.25,3,3,AACGCATTAGAAGGGTAAAT,0,2087298
lacIp,0.25,3,3,AACGCACTACATAGGCGTAG,0,2087596
lacIp,0.25,3,3,AACGATGTATAGACGGGGCG,0,2090010
lacIp,0.25,3,3,AACCTGACGCACCCCGGTCA,0,2097156
lacIp,0.25,3,3,AACCTATCGCCGGTTAGTGC,0,2111683
lacIp,0.25,3,3,AACCGGTGGTTTAGAACATA,0,2103365
lacIp,0.25,3,3,AACCGGGCTGGGTGGTCGGG,0,2111280
lacIp,0.25,3,3,AACCGAACCTGGTAGTAGGA,0,2089142
lacIp,0.25,3,3,AACCCCGGGGCGGACTAATG,0,2097002
lacIp,0.25,3,3,AACCAGACGGTAATGGAACT,0,2114542
lacIp,0.25,3,3,AAATTTGGCAAGACGTTCAT,0,2090634
lacIp,0.25,3,3,AAATTTGCCCCGTCGTAGAT,0,2111872
lacIp,0.25,3,3,AAATTTATGGTTCTCACCAT,0,2113551
lacIp,0.25,3,3,AAATTCAGCGCGAATGACCA,0,2122227
lacIp,0.25,3,3,AAATTAGTTATCTCTTTTAT,0,2109278
lacIp,0.25,3,3,AAATGTTAGCTTAAATGATG,0,2119052
lacIp,0.25,3,3,AAATGCGGTTAAGCGGACAA,0,2120017
lacIp,0.25,3,3,AAATATTCTGATTTGCCAAA,0,2111940
lacIp,0.25,3,3,AAATACCTGGAGAAGGGGGG,0,2090053
lacIp,0.25,3,3,AAAGTAGGTGCGTACTGATA,0,2120213
lacIp,0.25,3,3,AAAGTAGGGTAGACGGACCA,0,2092192
lacIp,0.25,3,3,AAAGTACACATGTGGGGCAG,0,2109180
lacIp,0.25,3,3,AAAGGCCCTGCGACAATTTG,0,2089225
lacIp,0.25,3,3,AAAGGCATCCGCATGCGTAT,0,2101825
lacIp,0.25,3,3,AAAGCTTTACTTAAGCGAGG,0,2122260
lacIp,0.25,3,3,AAAGAGGTGGACAAGCTTCG,0,2097505
lacIp,0.25,3,3,AAAGAGCGTTCTCGCAGACA,0,2099964
lacIp,0.25,3,3,AAAGAGCAAGGTGTCAGCGA,0,2120789
lacIp,0.25,3,3,AAACGAGTGGCCTCCGTGAG,0,2088044
lacIp,0.25,3,3,AAAATAGTAACTCATAGAGT,0,2108747
lacIp,0.25,3,3,AAAACGCAGACACATCTCGA,0,2094458
lacIp,0.25,3,3,AAAACAGTTGATTATGAGTA,0,2108960
lacIp,0.25,3,3,AAAAATGCATCCACGTCTTA,0,2100515
lacIp,0.3333333333333333,2,2,TTTTTGGTACTAGAGGATAA,0,2117999
lacIp,0.3333333333333333,2,2,TTTTTCGTTACGGAAGGCGA,0,2103393
lacIp,0.3333333333333333,2,2,TTTTTCCGAAACTCCGACCG,0,2096419
lacIp,0.3333333333333333,2,2,TTTTTAGAAAAGATGATTGT,0,2097314
lacIp,0.3333333333333333,2,2,TTTTTACAGACAACGTATTA,0,2109206
lacIp,0.3333333333333333,2,2,TTTTGGACGTCGCATAACCA,0,2114679
lacIp,0.3333333333333333,2,2,TTTTAGCTATCTTCCTCACG,0,2119539
lacIp,0.3333333333333333,2,2,TTTTAGACGAACCGCAGTGG,0,2087365
lacIp,0.3333333333333333,2,2,TTTTACCGCAAGGCCAGACC,0,2121087
lacIp,0.3333333333333333,2,2,TTTGTTGCGCCTCGTGTTAA,0,2118539
lacIp,0.3333333333333333,2,2,TTTGTGGTATGAGGTGCGAC,0,2100181
lacIp,0.3333333333333333,2,2,TTTGTGGGGCCACAACGGCA,0,2120147
lacIp,0.3333333333333333,2,2,TTTGTCTATAACACACACGA,0,2114249
lacIp,0.3333333333333333,2,2,TTTGTAGTTTGATGGGTGTT,0,2092944
lacIp,0.3333333333333333,2,2,TTTGGGTCGAAAAGATGTTC,0,2088617
lacIp,0.3333333333333333,2,2,TTTGCTCCAAGTCGGATCGG,0,2119228
lacIp,0.3333333333333333,2,2,TTTGATTTCGGCACCCCGAA,0,2109660
lacIp,0.3333333333333333,2,2,TTTGAGGCAGCGTGAGGGCA,0,2119414
lacIp,0.3333333333333333,2,2,TTTGAATGCGTTCCTCATGC,0,2088661
lacIp,0.3333333333333333,2,2,TTTCTTCGATTTCATGTCTT,0,2115801
lacIp,0.3333333333333333,2,2,TTTCTGCAAGCCAGGCTCCT,0,2093451
lacIp,0.3333333333333333,2,2,TTTCGTGTCAGTGACCGGCG,0,2100020
lacIp,0.3333333333333333,2,2,TTTCGTGTAAGATCAATTTA,0,2088380
lacIp,0.3333333333333333,2,2,TTTCCTTGATTTGTCATAGC,0,2100483
lacIp,0.3333333333333333,2,2,TTTCCTAGTAGAAGCACGCC,0,2118988
lacIp,0.3333333333333333,2,2,TTTCCGGTGAGCAGCCTCCA,0,2115142
lacIp,0.3333333333333333,2,2,TTTCCGGGTAGTAGTGCGTG,0,2097455
lacIp,0.3333333333333333,2,2,TTTCCATTGTTGTATTTTCA,0,2088339
lacIp,0.3333333333333333,2,2,TTTCAACTCTGATATAATGT,0,2090084
lacIp,0.3333333333333333,2,2,TTTATGTCTTGAGCCAAGTC,0,2092980
lacIp,0.3333333333333333,2,2,TTTATCCGGATATGATCCAG,0,2086414
lacIp,0.3333333333333333,2,2,TTTATACAGTGCTTCCGGTA,0,2100349
lacIp,0.3333333333333333,2,2,TTTAGGGACACGCGGTCACT,0,2097766
lacIp,0.3333333333333333,2,2,TTTAAGTTGTTCCGTAGATT,0,2112715
lacIp,0.3333333333333333,2,2,TTTAACGTTCAGTCGGTCTC,0,2093305
lacIp,0.3333333333333333,2,2,TTTAAAATCACTGATACCGA,0,2112854
lacIp,0.3333333333333333,2,2,TTGTTTGCGGTCAGACGAAG,0,2098988
lacIp,0.3333333333333333,2,2,TTGTTCAATCCTGCGCATGT,0,2087724
lacIp,0.3333333333333333,2,2,TTGTGTCTGCAAGTTCTCAC,0,2112740
lacIp,0.3333333333333333,2,2,TTGTGTACTTCTTTCCTTCA,0,2119290
lacIp,0.3333333333333333,2,2,TTGTGGATTGAGAGATCCAT,0,2109446
lacIp,0.3333333333333333,2,2,TTGTGCATTTGCTAGAACAA,0,2118245
lacIp,0.3333333333333333,2,2,TTGTACATAAGAGAAGGCCC,0,2115167
lacIp,0.3333333333333333,2,2,TTGGCGTCAGGGCTGCCTCA,0,2106768
lacIp,0.3333333333333333,2,2,TTGGCGATGCGCCCGTTTAA,0,2087923
lacIp,0.3333333333333333,2,2,TTGGCCTTTGGGTAGCAATA,0,2086706
lacIp,0.3333333333333333,2,2,TTGGCCCGTATTTGTAATAC,0,2088703
lacIp,0.3333333333333333,2,2,TTGGATCGAAGAGTATATAT,0,2109280
lacIp,0.3333333333333333,2,2,TTGGACCACGCAGGCAGAAC,0,2110546
lacIp,0.3333333333333333,2,2,TTGCGACGAACATTGCAAGT,0,2105539
lacIp,0.3333333333333333,2,2,TTGCCATCAGGCTGAGGTTA,0,2117530
lacIp,0.3333333333333333,2,2,TTGCACCTCCGAGGTGATCA,0,2110753
lacIp,0.3333333333333333,2,2,TTGATTTGGACAATAGTACT,0,2121289
lacIp,0.3333333333333333,2,2,TTGAGGAATTGAGCTCCGCG,0,2099090
lacIp,0.3333333333333333,2,2,TTCTGAGCTACGGCGCTCGT,0,2107355
lacIp,0.3333333333333333,2,2,TTCTCTTTCCGGTACTATAT,0,2098425
lacIp,0.3333333333333333,2,2,TTCTCCCTGGTAACTGCGGA,0,2104255
lacIp,0.3333333333333333,2,2,TTCGTATATTCACGGTAAGC,0,2095560
lacIp,0.3333333333333333,2,2,TTCGTATAGAGAAGAGTCAG,0,2120511
lacIp,0.3333333333333333,2,2,TTCGGCGAAACGGGTGGGCC,0,2115432
lacIp,0.3333333333333333,2,2,TTCGCGTCTCTGAGCGATTC,0,2093919
lacIp,0.3333333333333333,2,2,TTCGCGGCCCTAACGAGTCC,0,2112869
lacIp,0.3333333333333333,2,2,TTCGCCCCTTGGCAGCGTCG,0,2088647
lacIp,0.3333333333333333,2,2,TTCGATCTTTTAAAAGGGGA,0,2115437
lacIp,0.3333333333333333,2,2,TTCCGGCTGAGTCCCCTCCA,0,2116856
lacIp,0.3333333333333333,2,2,TTCCCCTGCAAGGGTAGTTG,0,2093219
lacIp,0.3333333333333333,2,2,TTCATTGAGAATGTCGTCGG,0,2091955
lacIp,0.3333333333333333,2,2,TTCATTACATCCAGGTGGGG,0,2107240
lacIp,0.3333333333333333,2,2,TTCATACTCGAGTTGCCCCT,0,2093189
lacIp,0.3333333333333333,2,2,TTCAGAAGGAAGGGCGCATG,0,2087264
lacIp,0.3333333333333333,2,2,TTCACTGTATAAGCGATCAT,0,2121930
lacIp,0.3333333333333333,2,2,TTCACGTATACCATAGTGTG,0,2106546
lacIp,0.3333333333333333,2,2,TTCAATGACAGGGATCAATC,0,2092147
lacIp,0.3333333333333333,2,2,TTCAAACATGCGGTAGCGCT,0,2117207
lacIp,0.3333333333333333,2,2,TTATTTCCGAACTTTAATTG,0,2111242
lacIp,0.3333333333333333,2,2,TTATTATACAGAAACGGGGG,0,2098721
lacIp,0.3333333333333333,2,2,TTATGTAACGGGTGCGTAGC,0,2105327
lacIp,0.3333333333333333,2,2,TTATGGGGGCAGGTGTCCAG,0,2095206
lacIp,0.3333333333333333,2,2,TTATCTCCATTTACAGGAAC,0,2097967
lacIp,0.3333333333333333,2,2,TTATCCTTAACAAGACAATG,0,2113645
lacIp,0.3333333333333333,2,2,TTATCAGGTTCAAATTCGTC,0,2120354
lacIp,0.3333333333333333,2,2,TTATATATTCTGAGTACTGT,0,2092039
lacIp,0.3333333333333333,2,2,TTATAGGTATAGTGCGACTG,0,2114719
lacIp,0.3333333333333333,2,2,TTATAGGGAGGACTTGGGGA,0,2105015
lacIp,0.3333333333333333,2,2,TTAGGTCAAGTTTTAAAGGC,0,2106872
lacIp,0.3333333333333333,2,2,TTAGGCGAACGATTAACGAA,0,2119952
lacIp,0.3333333333333333,2,2,TTAGCGGCTACGGTTATAGA,0,2108191
lacIp,0.3333333333333333,2,2,TTAGATAAAGTGGCCAGGGT,0,2112618
lacIp,0.3333333333333333,2,2,TTACGTCTTTTACATACTAT,0,2109386
lacIp,0.3333333333333333,2,2,TTACGGGAAAAAGCTTCGAA,0,2097907
lacIp,0.3333333333333333,2,2,TTACCTTATATGAATTTGGT,0,2099928
lacIp,0.3333333333333333,2,2,TTACCATGTTGTGCGTTATA,0,2116060
lacIp,0.3333333333333333,2,2,TTACAGCACCGGTCGAGGTG,0,2088653
lacIp,0.3333333333333333,2,2,TTAATTCCATCCCAACGTAA,0,2116487
lacIp,0.3333333333333333,2,2,TTAAGTAATGACTCGAAATA,0,2116134
lacIp,0.3333333333333333,2,2,TTAACATCACTCGCTTTAGT,0,2100738
lacIp,0.3333333333333333,2,2,TTAAACAATACATCGGATCA,0,2117245
lacIp,0.3333333333333333,2,2,TGTTTGTGCAGAGCGTGCCC,0,2111152
lacIp,0.3333333333333333,2,2,TGTTTCTTGCTAGGGGAGAT,0,2099450
lacIp,0.3333333333333333,2,2,TGTTTAGGTAACAGGTGACG,0,2115753
lacIp,0.3333333333333333,2,2,TGTTGTGTGGTTTGACGAGT,0,2102653
lacIp,0.3333333333333333,2,2,TGTTCGTAATTACCGTTACA,0,2103400
lacIp,0.3333333333333333,2,2,TGTTCCCACACGGTATTACA,0,2089752
lacIp,0.3333333333333333,2,2,TGTGCGTGTAAGCTCGTACA,0,2110595
lacIp,0.3333333333333333,2,2,TGTGCCGGAGATTAGACCGC,0,2107574
lacIp,0.3333333333333333,2,2,TGTGCACCCGTCGATATATC,0,2095728
lacIp,0.3333333333333333,2,2,TGTGAGAGCTATTCCATTTG,0,2118027
lacIp,0.3333333333333333,2,2,TGTGAATCGGATTCGACAGT,0,2116814
lacIp,0.3333333333333333,2,2,TGTCTTTTAGTCTACGGGCC,0,2103023
lacIp,0.3333333333333333,2,2,TGTCCAAAATCCCTATGCGT,0,2097484
lacIp,0.3333333333333333,2,2,TGTAGTAGGGCTACAGTAAG,0,2117643
lacIp,0.3333333333333333,2,2,TGTACGTAAGCTACACTTTG,0,2108880
lacIp,0.3333333333333333,2,2,TGTAAGATTGCAGTGTCTTT,0,2094174
lacIp,0.3333333333333333,2,2,TGTAACACTTCCCGGCCCAA,0,2089899
lacIp,0.3333333333333333,2,2,TGGTGGTAAGATGGTGCGGT,0,2094560
lacIp,0.3333333333333333,2,2,TGGTGAGTCCTTCACCTCTG,0,2111318
lacIp,0.3333333333333333,2,2,TGGTGACGGCATGTTGAGGT,0,2115392
lacIp,0.3333333333333333,2,2,TGGTCCCTATGCCATTGTTC,0,2119459
lacIp,0.3333333333333333,2,2,TGGGTGGTCCCTTACGCATG,0,2120375
lacIp,0.3333333333333333,2,2,TGGGTGAGCTGTTCGAAACC,0,2116657
lacIp,0.3333333333333333,2,2,TGGGTCGCCTAGTGAGTCAC,0,2101337
lacIp,0.3333333333333333,2,2,TGGGTCGATCGGGCATATCT,0,2120121
lacIp,0.3333333333333333,2,2,TGGGGCGAGTCAACGCCGGG,0,2120328
lacIp,0.3333333333333333,2,2,TGGGCTTGGTCATGCCCCCG,0,2117438
lacIp,0.3333333333333333,2,2,TGGCTGGCGGGCACGTTTTA,0,2121038
lacIp,0.3333333333333333,2,2,TGGCTCCGCGACACATCTTG,0,2087103
lacIp,0.3333333333333333,2,2,TGGCTAAACCTCAGCCCCCA,0,2086242
lacIp,0.3333333333333333,2,2,TGGCGTTGTGGGTTGGCCAG,0,2111392
lacIp,0.3333333333333333,2,2,TGGCGTCTGCGTTCCTCTGA,0,2112542
lacIp,0.3333333333333333,2,2,TGGCGTCAGTTGTAATGTAC,0,2089505
lacIp,0.3333333333333333,2,2,TGGCGTAAAGAGCTGATAGT,0,2091030
lacIp,0.3333333333333333,2,2,TGGCGAATTATCCGTAAGCG,0,2090017
lacIp,0.3333333333333333,2,2,TGGCCGAGGACCTCGCTAAG,0,2103528
lacIp,0.3333333333333333,2,2,TGGCACTCTGTGTTGATGTT,0,2117033
lacIp,0.3333333333333333,2,2,TGGAGCGGTCACACTCTTTT,0,2099768
lacIp,0.3333333333333333,2,2,TGGACCTATCTTGCAGATGT,0,2093736
lacIp,0.3333333333333333,2,2,TGGACAGCATAGGCCTGGCT,0,2101886
lacIp,0.3333333333333333,2,2,TGGAATCCACTCTAGGTCCG,0,2122319
lacIp,0.3333333333333333,2,2,TGGAACGAATCAATGGACTC,0,2099558
lacIp,0.3333333333333333,2,2,TGCTCGCGCCGGGATAACAT,0,2089699
lacIp,0.3333333333333333,2,2,TGCTCACGCGGGCTTCTTTG,0,2113220
lacIp,0.3333333333333333,2,2,TGCGGCAGAGACTACCGGTG,0,2086971
lacIp,0.3333333333333333,2,2,TGCGGAAGGGCTCCAGCAAC,0,2114589
lacIp,0.3333333333333333,2,2,TGCGCCTATTGATAGACGTC,0,2117131
lacIp,0.3333333333333333,2,2,TGCCGCAGCCAAAAAAACTT,0,2104582
lacIp,0.3333333333333333,2,2,TGCCGAGTCCTAAGCTAGGT,0,2117267
lacIp,0.3333333333333333,2,2,TGCCCGCGGTTGTCTACACA,0,2108625
lacIp,0.3333333333333333,2,2,TGCCCCGGTACCTTTACTTA,0,2120707
lacIp,0.3333333333333333,2,2,TGCCCCGCGATTCTCATCAT,0,2110721
lacIp,0.3333333333333333,2,2,TGCCAGGCCAGTACATTCGC,0,2103351
lacIp,0.3333333333333333,2,2,TGCCAGAGGACGATCACTCT,0,2110578
lacIp,0.3333333333333333,2,2,TGCCACGTTAAACCCCTCGA,0,2087097
lacIp,0.3333333333333333,2,2,TGCAGCCCCCCGCAAGGGTA,0,2113676
lacIp,0.3333333333333333,2,2,TGCAGAATGCGGCAATCCTG,0,2087586
lacIp,0.3333333333333333,2,2,TGCACGTTTAGGGCTCTAAG,0,2112172
lacIp,0.3333333333333333,2,2,TGCACGCGGGTATGCGCTGA,0,2116416
lacIp,0.3333333333333333,2,2,TGCAACACTTAGCAAAAATT,0,2113478
lacIp,0.3333333333333333,2,2,TGATTGAAGCATGGCCTGGG,0,2106955
lacIp,0.3333333333333333,2,2,TGATGGCCGTACGGCTGGAC,0,2090898
lacIp,0.3333333333333333,2,2,TGATATCGCCATAAGAGGAC,0,2094172
lacIp,0.3333333333333333,2,2,TGATAGCCCGTGGTGGGTGC,0,2094231
lacIp,0.3333333333333333,2,2,TGATACGGGCCGGAACTGTC,0,2111608
lacIp,0.3333333333333333,2,2,TGATAAAAGTTTGAGGATGA,0,2094894
lacIp,0.3333333333333333,2,2,TGAGTTAGCGCCCCGGTACT,0,2108309
lacIp,0.3333333333333333,2,2,TGAGTAGTGAGAAAACCGTT,0,2090412
lacIp,0.3333333333333333,2,2,TGAGGACTGTTAATGAATCA,0,2094744
lacIp,0.3333333333333333,2,2,TGAGATACGTCCCATTTTCA,0,2119772
lacIp,0.3333333333333333,2,2,TGAGAAACCACTGCGGAGAG,0,2108272
lacIp,0.3333333333333333,2,2,TGACGGCCATTCCCGTCTAT,0,2086122
lacIp,0.3333333333333333,2,2,TGACAGTTCTCCCCCGGTCG,0,2115896
lacIp,0.3333333333333333,2,2,TGAATCGGTTTTTCAGCGGT,0,2099806
lacIp,0.3333333333333333,2,2,TGAATATCATAAAACGCAGA,0,2093537
lacIp,0.3333333333333333,2,2,TGAAGTGGGGCGGCATATCT,0,2102599
lacIp,0.3333333333333333,2,2,TGAACTCCCGTCAAGTCACT,0,2101492
lacIp,0.3333333333333333,2,2,TGAAATTTCCCCGGGGCAGG,0,2112434
lacIp,0.3333333333333333,2,2,TCTTTCTAAGAAAACACACG,0,2100137
lacIp,0.3333333333333333,2,2,TCTTGTCGCACAGAGCGGCC,0,2115901
lacIp,0.3333333333333333,2,2,TCTTCCCTACTACATTACAC,0,2107850
lacIp,0.3333333333333333,2,2,TCTTCACACCAAAGGCTCAA,0,2119556
lacIp,0.3333333333333333,2,2,TCTGTATATCTCTACTGGGA,0,2120417
lacIp,0.3333333333333333,2,2,TCTGCTAGCTCCGTAAAGCT,0,2106389
lacIp,0.3333333333333333,2,2,TCTGATTTCCTTTATTCGGC,0,2116992
lacIp,0.3333333333333333,2,2,TCTCTAAACGCCTATCTCAG,0,2089412
lacIp,0.3333333333333333,2,2,TCTCGAACTCCCTGCGAGCA,0,2112067
lacIp,0.3333333333333333,2,2,TCTCCGCAGTGCGCAATCAA,0,2096539
lacIp,0.3333333333333333,2,2,TCTATGTGGTGCAAGGAAGG,0,2098386
lacIp,0.3333333333333333,2,2,TCTATAATTAGGTTAATCGC,0,2101946
lacIp,0.3333333333333333,2,2,TCTACAGGTGCTGCGTATTC,0,2087819
lacIp,0.3333333333333333,2,2,TCTAAATAAAGTAAAAGGTG,0,2114710
lacIp,0.3333333333333333,2,2,TCGTTCTCGACCAGTCAACT,0,2115395
lacIp,0.3333333333333333,2,2,TCGTGTTTAGTGCTGTCTCA,0,2096992
lacIp,0.3333333333333333,2,2,TCGTGTTAAACGTGAATGCA,0,2121710
lacIp,0.3333333333333333,2,2,TCGTCCATAGCGACAGGTCG,0,2119243
lacIp,0.3333333333333333,2,2,TCGTATTCCCTACCCCCGCA,0,2095702
lacIp,0.3333333333333333,2,2,TCGTATCTTAGCAGAGAGAT,0,2105286
lacIp,0.3333333333333333,2,2,TCGTAGTCTAAGTTAGCCCA,0,2108320
lacIp,0.3333333333333333,2,2,TCGTAGAGCAGGTCGCTTGT,0,2110890
lacIp,0.3333333333333333,2,2,TCGGGCACGTTTTTTGGGCT,0,2114999
lacIp,0.3333333333333333,2,2,TCGGGCAAGTTAGAACTTGA,0,2113834
lacIp,0.3333333333333333,2,2,TCGGCCGAACGATCCGCCCT,0,2106367
lacIp,0.3333333333333333,2,2,TCGGAGGATATGGGTGTACG,0,2089209
lacIp,0.3333333333333333,2,2,TCGCTCTGAGCAGACGCTGA,0,2097598
lacIp,0.3333333333333333,2,2,TCGCGGATACAACGGATTAC,0,2097513
lacIp,0.3333333333333333,2,2,TCGCGCAAACTTATGAGCGC,0,2112319
lacIp,0.3333333333333333,2,2,TCGCGAAAGTTTTCGTTAAG,0,2098826
lacIp,0.3333333333333333,2,2,TCGCCAGAGATCGGTTTTGT,0,2087163
lacIp,0.3333333333333333,2,2,TCGATCGACCCTACGCGTAC,0,2094471
lacIp,0.3333333333333333,2,2,TCGATCAAGCAATAAGTGAC,0,2120184
lacIp,0.3333333333333333,2,2,TCGATAGTGCGTATAGTATC,0,2085819
lacIp,0.3333333333333333,2,2,TCGACTGCATCAGATAGCCA,0,2116083
lacIp,0.3333333333333333,2,2,TCGACAACAGTTCTAACGTG,0,2118611
lacIp,0.3333333333333333,2,2,TCCTGTATGGTGATGTATCG,0,2089522
lacIp,0.3333333333333333,2,2,TCCTCGTCCAGAGCCGATTC,0,2102939
lacIp,0.3333333333333333,2,2,TCCTAGGAATTACGTACCTG,0,2090905
lacIp,0.3333333333333333,2,2,TCCGCTTGGCGTGTCCGAGG,0,2119028
lacIp,0.3333333333333333,2,2,TCCGCGCGGAGCAAGGTGCG,0,2100370
lacIp,0.3333333333333333,2,2,TCCGCACAATGTACTCCGGC,0,2088130
lacIp,0.3333333333333333,2,2,TCCGATGAAACTGTGCAATG,0,2117801
lacIp,0.3333333333333333,2,2,TCCCTCCCAATACTGTGGCG,0,2098740
lacIp,0.3333333333333333,2,2,TCCCGATGGTGGTGCACGTA,0,2108678
lacIp,0.3333333333333333,2,2,TCCCCTAATTAAGGCCATCA,0,2098678
lacIp,0.3333333333333333,2,2,TCCATTAGTAAAGAGGCTTA,0,2098494
lacIp,0.3333333333333333,2,2,TCCATGTTCACATAGATCTG,0,2119212
lacIp,0.3333333333333333,2,2,TCCACATATCAGGAGGTGAT,0,2114871
lacIp,0.3333333333333333,2,2,TCCACAGAAATAGTCGGGAA,0,2106793
lacIp,0.3333333333333333,2,2,TCCAAGTGGTGAGGCTGCAG,0,2116486
lacIp,0.3333333333333333,2,2,TCATGTGCTTTTTGTCATTA,0,2096729
lacIp,0.3333333333333333,2,2,TCATCGACCGGCACGCTCTC,0,2095992
lacIp,0.3333333333333333,2,2,TCATATACAATGGACAATCT,0,2092031
lacIp,0.3333333333333333,2,2,TCAGTCTGGGACGTACTCCA,0,2107956
lacIp,0.3333333333333333,2,2,TCAGTCAAACAGTTAGAAGG,0,2092889
lacIp,0.3333333333333333,2,2,TCAGGACCAGAAAGGCATAT,0,2109549
lacIp,0.3333333333333333,2,2,TCAGCAGAGAATACCCTACT,0,2100460
lacIp,0.3333333333333333,2,2,TCAGATAAATATGATGGCCC,0,2117298
lacIp,0.3333333333333333,2,2,TCAGAAGGCTACGTGGGACA,0,2093326
lacIp,0.3333333333333333,2,2,TCACTCATGTTGGGTTGTAG,0,2090512
lacIp,0.3333333333333333,2,2,TCACGTGGCTTCCACGTCTC,0,2107124
lacIp,0.3333333333333333,2,2,TCACGCCCATGTTGCATGGC,0,2090791
lacIp,0.3333333333333333,2,2,TCACCTGTGCAAAAGCGGTT,0,2097973
lacIp,0.3333333333333333,2,2,TCACACGGGACCAACCGACC,0,2091254
lacIp,0.3333333333333333,2,2,TCAATTAACGTAGAACAGGA,0,2118830
lacIp,0.3333333333333333,2,2,TCAATACCCAGCGGCATTCC,0,2117426
lacIp,0.3333333333333333,2,2,TATTTTATTGGGAGGTCAGC,0,2096347
lacIp,0.3333333333333333,2,2,TATTTGTGCCACGCCAAAGG,0,2111945
lacIp,0.3333333333333333,2,2,TATTTCGAGTAGGCCCAAAT,0,2111240
lacIp,0.3333333333333333,2,2,TATTGAGACTATATTTACTT,0,2101841
lacIp,0.3333333333333333,2,2,TATTCATTAGGAAGCTACTG,0,2097685
lacIp,0.3333333333333333,2,2,TATTATAGGCAGATAGGGTG,0,2096701
lacIp,0.3333333333333333,2,2,TATGGGATCAACTCCCTCGG,0,2096460
lacIp,0.3333333333333333,2,2,TATGGAGCCTTGGTAAAATA,0,2086363
lacIp,0.3333333333333333,2,2,TATGCGTTTATAGAAGTTAA,0,2108394
lacIp,0.3333333333333333,2,2,TATGATTTAGGACGTGATAA,0,2109200
lacIp,0.3333333333333333,2,2,TATGATCTCCCATGAGAGAA,0,2117758
lacIp,0.3333333333333333,2,2,TATGAGCTGGTCGAAACATG,0,2108746
lacIp,0.3333333333333333,2,2,TATCTTAATCCCAGTATCAG,0,2087071
lacIp,0.3333333333333333,2,2,TATCGGGCGCGAAAGGATGT,0,2095454
lacIp,0.3333333333333333,2,2,TATCAAGGATTAGGCGGATG,0,2116724
lacIp,0.3333333333333333,2,2,TATCAACATTGTAAGCCGTT,0,2093596
lacIp,0.3333333333333333,2,2,TATATTGTATTCCTTGCAGG,0,2112058
lacIp,0.3333333333333333,2,2,TATATAGGTGCCATAGACGG,0,2108587
lacIp,0.3333333333333333,2,2,TATACGGGGTAAGGCCAGCT,0,2087198
lacIp,0.3333333333333333,2,2,TATACCCGGATTCACACGCC,0,2110915
lacIp,0.3333333333333333,2,2,TATACAACCGATAACTCCTT,0,2093790
lacIp,0.3333333333333333,2,2,TAGTATGGCCTCTGATCTAG,0,2120448
lacIp,0.3333333333333333,2,2,TAGGTTGGGGCCTCCTAATA,0,2114093
lacIp,0.3333333333333333,2,2,TAGGTTCGGGTCACACGCGT,0,2109366
lacIp,0.3333333333333333,2,2,TAGGTACATACGCTCGGGGA,0,2105677
lacIp,0.3333333333333333,2,2,TAGGGTCCGGGGAAAGGAGC,0,2099394
lacIp,0.3333333333333333,2,2,TAGGGGGGGATTATGCTCCT,0,2118748
lacIp,0.3333333333333333,2,2,TAGGGCTGGCTATTTTAACA,0,2104250
lacIp,0.3333333333333333,2,2,TAGGCTTATCTAGTTTTGTC,0,2099545
lacIp,0.3333333333333333,2,2,TAGGCGAGTCCGTATGGGTA,0,2109969
lacIp,0.3333333333333333,2,2,TAGGCCGCTTAAGTGGGCCT,0,2120560
lacIp,0.3333333333333333,2,2,TAGCGTGAGAATCGTGAGAA,0,2102750
lacIp,0.3333333333333333,2,2,TAGCCCAGCAAATGCTTCAC,0,2091784
lacIp,0.3333333333333333,2,2,TAGCAGTCAAAACGCACGAA,0,2091534
lacIp,0.3333333333333333,2,2,TAGACAGTACGTACTGGATT,0,2101623
lacIp,0.3333333333333333,2,2,TACTTGTAGCAACGAGCGAA,0,2104598
lacIp,0.3333333333333333,2,2,TACTGTTGACAATAAAGGCT,0,2121367
lacIp,0.3333333333333333,2,2,TACTAACCGGGGCTTGACAA,0,2101895
lacIp,0.3333333333333333,2,2,TACGGCGGGCAAACCGGCCT,0,2116951
lacIp,0.3333333333333333,2,2,TACGGCGAACTCTTGCCTCT,0,2105839
lacIp,0.3333333333333333,2,2,TACGGAACTGCTAATGACCC,0,2102967
lacIp,0.3333333333333333,2,2,TACGCTCTCGTGAATATGTC,0,2103279
lacIp,0.3333333333333333,2,2,TACGCTCCGACACATTGTCA,0,2087885
lacIp,0.3333333333333333,2,2,TACGCAATTTCTAGGTACAT,0,2087376
lacIp,0.3333333333333333,2,2,TACCCAGGTGCACACAGCGC,0,2108216
lacIp,0.3333333333333333,2,2,TACATGGAGGGGGGTGTATG,0,2093315
lacIp,0.3333333333333333,2,2,TACATCTGGTTTCCACGGCC,0,2087493
lacIp,0.3333333333333333,2,2,TACAGTAAGTCTTTGACAGT,0,2117880
lacIp,0.3333333333333333,2,2,TACAGGTTCATATTTCTGAT,0,2100510
lacIp,0.3333333333333333,2,2,TACAGGGCGATCCATCTGTT,0,2114208
lacIp,0.3333333333333333,2,2,TACACCAAGTCGAGATAGGG,0,2115746
lacIp,0.3333333333333333,2,2,TACAATCATGTCCACATCCG,0,2116003
lacIp,0.3333333333333333,2,2,TACAATACTGCCACCAAGTT,0,2103141
lacIp,0.3333333333333333,2,2,TACAAGGGGGGATCTTAAGC,0,2098716
lacIp,0.3333333333333333,2,2,TAATTGATTGGACTAAGGCC,0,2087624
lacIp,0.3333333333333333,2,2,TAATGCAACTGCCAGCACGT,0,2106673
lacIp,0.3333333333333333,2,2,TAATGACATCAACGTCCTCC,0,2092550
lacIp,0.3333333333333333,2,2,TAAGGTTTACGCTTCCTCAT,0,2102987
lacIp,0.3333333333333333,2,2,TAAGGCTATATGGGAAACTC,0,2111594
lacIp,0.3333333333333333,2,2,TAAGGCCACGATCACACTAG,0,2091018
lacIp,0.3333333333333333,2,2,TAAGCGAATCTAAGGCTTAC,0,2107562
lacIp,0.3333333333333333,2,2,TAAGCCTGGGACTGAGTTTT,0,2111189
lacIp,0.3333333333333333,2,2,TAAGACTTCCACGAGTTTGC,0,2113986
lacIp,0.3333333333333333,2,2,TAACCCAGGATTTCCCACAC,0,2086676
lacIp,0.3333333333333333,2,2,TAACAGGGGATCACCGTTGC,0,2092282
lacIp,0.3333333333333333,2,2,TAACAAATACTTTGAACTCA,0,2101034
lacIp,0.3333333333333333,2,2,TAAAGGACTAGCTTAAAGGA,0,2106868
lacIp,0.3333333333333333,2,2,TAAACGCAAATCCTTCGACT,0,2091304
lacIp,0.3333333333333333,2,2,TAAACAGATCGCCATTAATT,0,2092315
lacIp,0.3333333333333333,2,2,TAAAAGCGTAGCTTCGTTCG,0,2103506
lacIp,0.3333333333333333,2,2,GTTTGGTGCTCACAAGCCGC,0,2110742
lacIp,0.3333333333333333,2,2,GTTTGGACGATTACAGGATT,0,2121308
lacIp,0.3333333333333333,2,2,GTTGGGCATGAGCCACGCGC,0,2102722
lacIp,0.3333333333333333,2,2,GTTGGCGCAGTCTTGAATAA,0,2099718
lacIp,0.3333333333333333,2,2,GTTGCTGCGGTTTTCTCTTT,0,2121424
lacIp,0.3333333333333333,2,2,GTTGCGGCAAGTCGCACACT,0,2096722
lacIp,0.3333333333333333,2,2,GTTGAGTATCACTGCATTAT,0,2121338
lacIp,0.3333333333333333,2,2,GTTGAGCAGAAATTTTTCCT,0,2119895
lacIp,0.3333333333333333,2,2,GTTCTTTGGCTTTACCCGTG,0,2107212
lacIp,0.3333333333333333,2,2,GTTCTGGCGGGCATGTGGGA,0,2092739
lacIp,0.3333333333333333,2,2,GTTCTGATGCCTAAGTACTA,0,2102804
lacIp,0.3333333333333333,2,2,GTTCTCAGGGTTAATCTTTA,0,2095525
lacIp,0.3333333333333333,2,2,GTTCGGTGACGGGCACGCTC,0,2114466
lacIp,0.3333333333333333,2,2,GTTCGGTAAAGATTCGATGA,0,2113211
lacIp,0.3333333333333333,2,2,GTTCCATAGTGCACTCGCAG,0,2094729
lacIp,0.3333333333333333,2,2,GTTATCTGAGATAGCAAGCA,0,2107882
lacIp,0.3333333333333333,2,2,GTTATATCCACTCGCGCAGT,0,2120189
lacIp,0.3333333333333333,2,2,GTTAGGTGGCCATGTGGGCT,0,2111294
lacIp,0.3333333333333333,2,2,GTTAGATCGAAGTAATTGGT,0,2107745
lacIp,0.3333333333333333,2,2,GTTAGAAAATGCGATTGACC,0,2104761
lacIp,0.3333333333333333,2,2,GTTACTTCGCTATAGGTCCA,0,2103299
lacIp,0.3333333333333333,2,2,GTTACGTTTTTCAAAGGGCT,0,2095588
lacIp,0.3333333333333333,2,2,GTTAACAGACTGCTGGCTTG,0,2113907
lacIp,0.3333333333333333,2,2,GTGTTATACATTCCTGACCA,0,2111515
lacIp,0.3333333333333333,2,2,GTGTGGAGTTATTATGGTCC,0,2091340
lacIp,0.3333333333333333,2,2,GTGTGCCGCTAGACCCAGCA,0,2099226
lacIp,0.3333333333333333,2,2,GTGTGAGACTTTTTTGGGTG,0,2109582
lacIp,0.3333333333333333,2,2,GTGTCCACCGATCCGGGGTA,0,2100742
lacIp,0.3333333333333333,2,2,GTGTCACTAGCTACCTGCAG,0,2105610
lacIp,0.3333333333333333,2,2,GTGTAACACATCTTCCGTTC,0,2100221
lacIp,0.3333333333333333,2,2,GTGGGGGGTGCACCAAAAGC,0,2094004
lacIp,0.3333333333333333,2,2,GTGGGCAGTCAGAGATGGGT,0,2098036
lacIp,0.3333333333333333,2,2,GTGGCTTGCCTTGTATTTTC,0,2119670
lacIp,0.3333333333333333,2,2,GTGGCCGGATCAGTGGTTTG,0,2096454
lacIp,0.3333333333333333,2,2,GTGGCACTTACGAACTGCTT,0,2095676
lacIp,0.3333333333333333,2,2,GTGCTTCAATAGGAGATGTT,0,2114442
lacIp,0.3333333333333333,2,2,GTGCTAAAACCGACCCGTAG,0,2097374
lacIp,0.3333333333333333,2,2,GTGCGTCAGGCGCCACATGT,0,2119854
lacIp,0.3333333333333333,2,2,GTGCGACACGGTGCCTGTAA,0,2105314
lacIp,0.3333333333333333,2,2,GTGCAGGACGATCCGCTTAC,0,2100715
lacIp,0.3333333333333333,2,2,GTGACCAGCTGCAATGGAAG,0,2085806
lacIp,0.3333333333333333,2,2,GTGAAGCACGATGCGTAGAC,0,2102665
lacIp,0.3333333333333333,2,2,GTCTTGTTCTCCGAACGCAT,0,2109051
lacIp,0.3333333333333333,2,2,GTCTTGATGTATAGCTGTGT,0,2096841
lacIp,0.3333333333333333,2,2,GTCTTCGGGTACCTCGGCAC,0,2093970
lacIp,0.3333333333333333,2,2,GTCTGGAGCACAGGTGTTCC,0,2098108
lacIp,0.3333333333333333,2,2,GTCTGCTCAGAGCTGCGAGC,0,2094552
lacIp,0.3333333333333333,2,2,GTCTGCGCAAGAATATCTCT,0,2110345
lacIp,0.3333333333333333,2,2,GTCTCTCGGATAAAGGGAGG,0,2122080
lacIp,0.3333333333333333,2,2,GTCTCGTCCGGTCCGCGAAT,0,2111954
lacIp,0.3333333333333333,2,2,GTCTCGCAAAGAGTTACCTA,0,2105516
lacIp,0.3333333333333333,2,2,GTCTATTACCTCTTACGCAT,0,2096668
lacIp,0.3333333333333333,2,2,GTCTAGTATGGGGGAGAGAC,0,2111108
lacIp,0.3333333333333333,2,2,GTCTACTTCATGGATTCTGG,0,2106085
lacIp,0.3333333333333333,2,2,GTCTAAATCCTTTGGCCTCG,0,2094135
lacIp,0.3333333333333333,2,2,GTCGTCAGAGGGTCATGTGT,0,2113385
lacIp,0.3333333333333333,2,2,GTCGGTAACTGGAGATCGCT,0,2120342
lacIp,0.3333333333333333,2,2,GTCGCTCTCGGCTGGGACCC,0,2110492
lacIp,0.3333333333333333,2,2,GTCCTGATGGAATTGGGCAT,0,2096651
lacIp,0.3333333333333333,2,2,GTCCTCGTCTATGGGTTCCT,0,2106127
lacIp,0.3333333333333333,2,2,GTCCCGTTACCATTGGCTGC,0,2095901
lacIp,0.3333333333333333,2,2,GTCCCGGTCGAGGCCAGTAC,0,2115589
lacIp,0.3333333333333333,2,2,GTCCAACGCGCATGGTATAG,0,2118910
lacIp,0.3333333333333333,2,2,GTCATTATCCTGCGAGCCCG,0,2105812
lacIp,0.3333333333333333,2,2,GTCATGTCCATCAAAGGACA,0,2107262
lacIp,0.3333333333333333,2,2,GTCATGGTTGTGGCTGGGTC,0,2102988
lacIp,0.3333333333333333,2,2,GTCAGGTAGACCTGATTGGG,0,2122017
lacIp,0.3333333333333333,2,2,GTCAGACGTCCGATAACCTC,0,2109059
lacIp,0.3333333333333333,2,2,GTCAGAACGGGGCCAACCGC,0,2092950
lacIp,0.3333333333333333,2,2,GTCACTTTAATATCACCGTT,0,2105673
lacIp,0.3333333333333333,2,2,GTCACCGGTGCTTCTCATCC,0,2089702
lacIp,0.3333333333333333,2,2,GTCAAGGATGGGACTTCACT,0,2114874
lacIp,0.3333333333333333,2,2,GTCAAAACGCCCGACTTACT,0,2100217
lacIp,0.3333333333333333,2,2,GTATTTGCAAATTGCTCAGG,0,2086383
lacIp,0.3333333333333333,2,2,GTATTTGAGTGCGTGCTGCG,0,2115712
lacIp,0.3333333333333333,2,2,GTATTTATGTTGGTGCTTGA,0,2101999
lacIp,0.3333333333333333,2,2,GTATTGTCCGGGTATGCCTG,0,2112381
lacIp,0.3333333333333333,2,2,GTATTCCCCACATTGGATCT,0,2097372
lacIp,0.3333333333333333,2,2,GTATTAGGAGTCCGTATGAA,0,2092183
lacIp,0.3333333333333333,2,2,GTATTAGAAAGAGATCCTGG,0,2119818
lacIp,0.3333333333333333,2,2,GTATTACCTGCACTATCTTG,0,2119432
lacIp,0.3333333333333333,2,2,GTATTAATTGACGTAAGCTG,0,2090295
lacIp,0.3333333333333333,2,2,GTATGTAACAGAACAACTAC,0,2111352
lacIp,0.3333333333333333,2,2,GTATGCTTACGTGCCTCAGC,0,2116858
lacIp,0.3333333333333333,2,2,GTAGTTGCCCCGCGCGACCC,0,2115094
lacIp,0.3333333333333333,2,2,GTAGTGGGCGTTGCAGAGTC,0,2105863
lacIp,0.3333333333333333,2,2,GTAGCTATAAGAGACTTTGT,0,2118572
lacIp,0.3333333333333333,2,2,GTAGCAGCATCTTGGACAAG,0,2108125
lacIp,0.3333333333333333,2,2,GTAGAGTGAGCTACAGTAGC,0,2105038
lacIp,0.3333333333333333,2,2,GTAGAACAGACGCATAACTT,0,2114305
lacIp,0.3333333333333333,2,2,GTACGACATCTTTAGTTGTC,0,2097518
lacIp,0.3333333333333333,2,2,GTACCGTGGCAAGTACGGTA,0,2105036
lacIp,0.3333333333333333,2,2,GTACATGTTGTTATGGCATT,0,2116934
lacIp,0.3333333333333333,2,2,GTACAAGGAGTTGAACTCAG,0,2098835
lacIp,0.3333333333333333,2,2,GTAATTCGTACATGAGGTGG,0,2100839
lacIp,0.3333333333333333,2,2,GTAATCAGCTAGAGGTAACC,0,2112632
lacIp,0.3333333333333333,2,2,GTAAGGTACTCTCGCTCATT,0,2110895
lacIp,0.3333333333333333,2,2,GTAACATAGACCAATCCCAT,0,2104445
lacIp,0.3333333333333333,2,2,GGTTTTGGATGAAGAGCAGC,0,2104361
lacIp,0.3333333333333333,2,2,GGTTGGGCGAAGGTCAGGTA,0,2092442
lacIp,0.3333333333333333,2,2,GGTTGCCCGTAGCACCTCTC,0,2104972
lacIp,0.3333333333333333,2,2,GGTTATGCGGCTTTGCAACG,0,2109712
lacIp,0.3333333333333333,2,2,GGTTATAGGGTAGGTTTTAC,0,2107567
lacIp,0.3333333333333333,2,2,GGTTACTCAAAAGACCGGGG,0,2115334
lacIp,0.3333333333333333,2,2,GGTTAATTGATCTCGGACAT,0,2111681
lacIp,0.3333333333333333,2,2,GGTGTTAGGTCTATAGGTTG,0,2086460
lacIp,0.3333333333333333,2,2,GGTGTCGGCAACCGAGGAAA,0,2089211
lacIp,0.3333333333333333,2,2,GGTGCCCTTCAGCGATGTGG,0,2087809
lacIp,0.3333333333333333,2,2,GGTGAAACGGATAGGTGGCA,0,2114520
lacIp,0.3333333333333333,2,2,GGTCTGTGTGCAGCGTGAGC,0,2107616
lacIp,0.3333333333333333,2,2,GGTCTCGCTGGCCGCGACGT,0,2091504
lacIp,0.3333333333333333,2,2,GGTCGGGAGCCAGCGTTGAG,0,2100192
lacIp,0.3333333333333333,2,2,GGTCGGCGGACCGGCGAGGT,0,2085937
lacIp,0.3333333333333333,2,2,GGTCCGGTGGACATGAGCGC,0,2121216
lacIp,0.3333333333333333,2,2,GGTCCGAGAACCAGCGCATA,0,2096156
lacIp,0.3333333333333333,2,2,GGTCCAGGCACGGCCTGGCT,0,2087415
lacIp,0.3333333333333333,2,2,GGTCACGTTGCGTGGTGGCC,0,2098045
lacIp,0.3333333333333333,2,2,GGTATCAACAGCGGGACAAT,0,2086612
lacIp,0.3333333333333333,2,2,GGTAGCTCCGCGGTCGCCAA,0,2096985
lacIp,0.3333333333333333,2,2,GGTAGCATGATGATGAGGCG,0,2093180
lacIp,0.3333333333333333,2,2,GGTACTTTAGCCCGGTATGG,0,2094108
lacIp,0.3333333333333333,2,2,GGTACGTCAAGAAAAAGACA,0,2113941
lacIp,0.3333333333333333,2,2,GGTACGCTCTAATCCAACGG,0,2105921
lacIp,0.3333333333333333,2,2,GGTACCATCTGTGATCCGAG,0,2085759
lacIp,0.3333333333333333,2,2,GGTAATTCTGCGCACGGCGC,0,2112163
lacIp,0.3333333333333333,2,2,GGTAACCTTAAGGGCAGGTG,0,2122103
lacIp,0.3333333333333333,2,2,GGTAAAAATTTTGGATTAGT,0,2121901
lacIp,0.3333333333333333,2,2,GGGTTGGAATCTTAACTACC,0,2099573
lacIp,0.3333333333333333,2,2,GGGTTGCTAGGGTAAGCCAA,0,2116693
lacIp,0.3333333333333333,2,2,GGGTGTATGTTATCACTCTG,0,2103213
lacIp,0.3333333333333333,2,2,GGGTGATCACGAGCAAACGC,0,2092825
lacIp,0.3333333333333333,2,2,GGGTCTTGACGGCGGGCGGT,0,2111669
lacIp,0.3333333333333333,2,2,GGGTCGGCGCGGGTGTCTAT,0,2086521
lacIp,0.3333333333333333,2,2,GGGTATTCAACCGTACCGTA,0,2097803
lacIp,0.3333333333333333,2,2,GGGTAGGGTCCAGAGTGACG,0,2109219
lacIp,0.3333333333333333,2,2,GGGTAGGAACTGGTCTTGTT,0,2093937
lacIp,0.3333333333333333,2,2,GGGTAATGTGACTCCGATGG,0,2089828
lacIp,0.3333333333333333,2,2,GGGGTTCATCCTTGGGGTCC,0,2116254
lacIp,0.3333333333333333,2,2,GGGGGGTCGCGCCTTGAGTT,0,2101868
lacIp,0.3333333333333333,2,2,GGGGATGCGCCTTGGTATGC,0,2095465
lacIp,0.3333333333333333,2,2,GGGGACGCGTTTACAACAAG,0,2098298
lacIp,0.3333333333333333,2,2,GGGCTTGGAAATAGAAGAGA,0,2089749
lacIp,0.3333333333333333,2,2,GGGCTACAGGCTTTCAATGG,0,2109009
lacIp,0.3333333333333333,2,2,GGGCCGTCCTCTGGTAATGA,0,2092002
lacIp,0.3333333333333333,2,2,GGGCCGTATTTATCCCTGGT,0,2086541
lacIp,0.3333333333333333,2,2,GGGCCATGGCATTCTCAACG,0,2106787
lacIp,0.3333333333333333,2,2,GGGCAGTCAAGATGGGAGTC,0,2099880
lacIp,0.3333333333333333,2,2,GGGATCTAGAACAACGGGTA,0,2107899
lacIp,0.3333333333333333,2,2,GGGATCCCTTATGGATTTCG,0,2101023
lacIp,0.3333333333333333,2,2,GGGATCATTACCTGCGCGAG,0,2101383
lacIp,0.3333333333333333,2,2,GGGATCAAGATGCAGGCGCA,0,2091770
lacIp,0.3333333333333333,2,2,GGGAGGATCCCCTTGGTGTT,0,2106545
lacIp,0.3333333333333333,2,2,GGGAGAGCACCCCGCCCGCC,0,2091884
lacIp,0.3333333333333333,2,2,GGGAGACGTCCAGCTGTCGT,0,2122098
lacIp,0.3333333333333333,2,2,GGGAATTGCTCTTCCAGACA,0,2092526
lacIp,0.3333333333333333,2,2,GGGAACGCCCGTCAGGTTTT,0,2091661
lacIp,0.3333333333333333,2,2,GGGAAACGCGCCAGCGGGAT,0,2115177
lacIp,0.3333333333333333,2,2,GGCTTTCAGTGGGGTACTTA,0,2108288
lacIp,0.3333333333333333,2,2,GGCTTTACCTAAGAGTTTGA,0,2093055
lacIp,0.3333333333333333,2,2,GGCTGACGTTAAGCCCGAAG,0,2102521
lacIp,0.3333333333333333,2,2,GGCGTTTCCAGTTTCGTGCT,0,2115360
lacIp,0.3333333333333333,2,2,GGCGAGTCGGCGTTCCAAGA,0,2119193
lacIp,0.3333333333333333,2,2,GGCGAGTCGGCCCCACCGGT,0,2115365
lacIp,0.3333333333333333,2,2,GGCGACTTATTTTGACCGTT,0,2122279
lacIp,0.3333333333333333,2,2,GGCGACCGTATTTAAGAACA,0,2087366
lacIp,0.3333333333333333,2,2,GGCCTTGCTACTAGACAAGG,0,2111809
lacIp,0.3333333333333333,2,2,GGCCTGCCGTGTCTAGTATC,0,2105404
lacIp,0.3333333333333333,2,2,GGCCCGCTTGTGGGAGGACC,0,2112853
lacIp,0.3333333333333333,2,2,GGCCATCGAGCAAAATCAGG,0,2119451
lacIp,0.3333333333333333,2,2,GGCAGTGAGAACAAATGACT,0,2113531
lacIp,0.3333333333333333,2,2,GGCACTTGAACCGGGACTTC,0,2120841
lacIp,0.3333333333333333,2,2,GGCACTCGCTGTCCCCGAAT,0,2087329
lacIp,0.3333333333333333,2,2,GGCAAGACATATATCTTGGT,0,2089023
lacIp,0.3333333333333333,2,2,GGATTTGTTGAAGACAGTAC,0,2113031
lacIp,0.3333333333333333,2,2,GGATTTGATTAGGTCAGAAA,0,2110155
lacIp,0.3333333333333333,2,2,GGATGAGTGTTGACCTTGTC,0,2115647
lacIp,0.3333333333333333,2,2,GGATGACCAAGGGATCAGCT,0,2104429
lacIp,0.3333333333333333,2,2,GGAGTTGAGGGGGTTTGTTC,0,2106247
lacIp,0.3333333333333333,2,2,GGAGAGGATGGCTTATGGCA,0,2094965
lacIp,0.3333333333333333,2,2,GGAGACCATAAGTTAGCGTG,0,2106191
lacIp,0.3333333333333333,2,2,GGACTCTTGTTTAAGAATAC,0,2106049
lacIp,0.3333333333333333,2,2,GGACTAAGATGTGATATAAT,0,2087824
lacIp,0.3333333333333333,2,2,GGACGGTAACGATCGAATGT,0,2119454
lacIp,0.3333333333333333,2,2,GGACGGAGCCCCCTAAGGTT,0,2096396
lacIp,0.3333333333333333,2,2,GGACCGATGGGAGACGACAG,0,2085983
lacIp,0.3333333333333333,2,2,GGACAGTAGGCCGCGGCATT,0,2118198
lacIp,0.3333333333333333,2,2,GGAATTGGCACTTTAGGAAC,0,2108876
lacIp,0.3333333333333333,2,2,GGAACCTTTGTGTGAGCCAC,0,2099872
lacIp,0.3333333333333333,2,2,GGAAACGATTGGCGTAACAA,0,2088113
lacIp,0.3333333333333333,2,2,GCTTTGTTAGGCGGTTATCA,0,2102574
lacIp,0.3333333333333333,2,2,GCTTTAGGACAAGATCAAGC,0,2122066
lacIp,0.3333333333333333,2,2,GCTTGAGGCTAAGACGACTC,0,2113557
lacIp,0.3333333333333333,2,2,GCTTCTGTGCAAGAGGGACC,0,2093344
lacIp,0.3333333333333333,2,2,GCTTCGTATCGATGTACGTC,0,2119314
lacIp,0.3333333333333333,2,2,GCTTCCTAGTGAACGCTAGG,0,2113177
lacIp,0.3333333333333333,2,2,GCTTCAGGAGTAAGTCTCCG,0,2102060
lacIp,0.3333333333333333,2,2,GCTTCACCGTCTGGGCAATC,0,2089040
lacIp,0.3333333333333333,2,2,GCTGTACGCATGCCTCTAGT,0,2109407
lacIp,0.3333333333333333,2,2,GCTGGCGTGAGAGCCGTATT,0,2109921
lacIp,0.3333333333333333,2,2,GCTGCGTTGCTTGCCCACGC,0,2087284
lacIp,0.3333333333333333,2,2,GCTGCATGATACGCCGCAAT,0,2118158
lacIp,0.3333333333333333,2,2,GCTCTTTGCTTTGTTTGAAG,0,2109058
lacIp,0.3333333333333333,2,2,GCTCTTTAACGGTATAGAGT,0,2110457
lacIp,0.3333333333333333,2,2,GCTCTAGCTCCATGAGGCAT,0,2089055
lacIp,0.3333333333333333,2,2,GCTCTAACCTGCCTCTTGGC,0,2110376
lacIp,0.3333333333333333,2,2,GCTCGGGTTGCGGTGAGGGG,0,2098039
lacIp,0.3333333333333333,2,2,GCTCACTCGGGACCTCCGCT,0,2097538
lacIp,0.3333333333333333,2,2,GCTCACGGCAAGCAAGCTAT,0,2108128
lacIp,0.3333333333333333,2,2,GCTCAATTTACCTAAATTAC,0,2119242
lacIp,0.3333333333333333,2,2,GCTCAAACGTCAACGGTTAA,0,2111460
lacIp,0.3333333333333333,2,2,GCTATGGTCGTCAAGGGGAC,0,2119042
lacIp,0.3333333333333333,2,2,GCTATATCTACGCCCGATGC,0,2094222
lacIp,0.3333333333333333,2,2,GCTAGATCTGACCGAGCCAT,0,2091115
lacIp,0.3333333333333333,2,2,GCTAGAATCACGGTCTGCAG,0,2097995
lacIp,0.3333333333333333,2,2,GCTAATGAATAAAAGTCTTT,0,2106012
lacIp,0.3333333333333333,2,2,GCTAACTAACGTTAGTGACC,0,2089012
lacIp,0.3333333333333333,2,2,GCGTTATCGATTGCGGCACC,0,2102975
lacIp,0.3333333333333333,2,2,GCGTGATTTGAAGTCTATAG,0,2087512
lacIp,0.3333333333333333,2,2,GCGTCGAACAACGGCTCAGC,0,2111695
lacIp,0.3333333333333333,2,2,GCGTCCCGTAGTTAAGGATC,0,2106520
lacIp,0.3333333333333333,2,2,GCGTATTCATGGGTACGACG,0,2106416
lacIp,0.3333333333333333,2,2,GCGTAGTATATGTAGGGACA,0,2104871
lacIp,0.3333333333333333,2,2,GCGTACGTCCCTGAAAGAGC,0,2093633
lacIp,0.3333333333333333,2,2,GCGGTTAATCGGGCAAAGGT,0,2119197
lacIp,0.3333333333333333,2,2,GCGGTACCCTTCCGTACGGT,0,2086983
lacIp,0.3333333333333333,2,2,GCGGGTTCTCATAAGATTGA,0,2086299
lacIp,0.3333333333333333,2,2,GCGGCGCTAAGTTTAGTTAG,0,2103540
lacIp,0.3333333333333333,2,2,GCGGCCAGCAGCTTTCCCGT,0,2116109
lacIp,0.3333333333333333,2,2,GCGCTCACGGTGGAGATTGT,0,2116731
lacIp,0.3333333333333333,2,2,GCGCTATAAGCTTGGGTTTG,0,2088030
lacIp,0.3333333333333333,2,2,GCGCGTTTCACAGAGTCCGG,0,2116470
lacIp,0.3333333333333333,2,2,GCGCGTCGCAATGGCGTTAG,0,2112213
lacIp,0.3333333333333333,2,2,GCGCCCGGTGAGCCAAATGC,0,2091708
lacIp,0.3333333333333333,2,2,GCGCCCGAGCAACTCATGGT,0,2096108
lacIp,0.3333333333333333,2,2,GCGCCAAGGAACATGAACGC,0,2088752
lacIp,0.3333333333333333,2,2,GCGCAAGAACCCGATCCGAT,0,2106167
lacIp,0.3333333333333333,2,2,GCGAGATAGTTATGGCACTC,0,2099149
lacIp,0.3333333333333333,2,2,GCGAATTCAACGTGGTGGTT,0,2090076
lacIp,0.3333333333333333,2,2,GCGAATCGCGCTTGCGAAAC,0,2117095
lacIp,0.3333333333333333,2,2,GCGAAGGCTGGATTTCCGGC,0,2094321
lacIp,0.3333333333333333,2,2,GCGAAATCTATATTACACCG,0,2099541
lacIp,0.3333333333333333,2,2,GCGAAACTCATGTATCCCAA,0,2119940
lacIp,0.3333333333333333,2,2,GCCTTTAGGCTTAACCCAGT,0,2087352
lacIp,0.3333333333333333,2,2,GCCTTAGTGCGGTACGGGTT,0,2110234
lacIp,0.3333333333333333,2,2,GCCTGTACCCGCAAAACCGA,0,2103609
lacIp,0.3333333333333333,2,2,GCCTGGGATATAGTGGACAG,0,2100581
lacIp,0.3333333333333333,2,2,GCCTGACAAGGTGTTCGTCA,0,2113714
lacIp,0.3333333333333333,2,2,GCCTACTCCTGACGTCAGGG,0,2110989
lacIp,0.3333333333333333,2,2,GCCTAATGCGATACAGTATA,0,2097077
lacIp,0.3333333333333333,2,2,GCCGATCGTATATGAGTCGC,0,2092540
lacIp,0.3333333333333333,2,2,GCCCCACCGTCAAGATCACA,0,2089035
lacIp,0.3333333333333333,2,2,GCCCAACGCGTTTCGAGTCG,0,2098621
lacIp,0.3333333333333333,2,2,GCCAACTCGTTTATGTCTCC,0,2091881
lacIp,0.3333333333333333,2,2,GCCAACGTCTCAGAAAGGTT,0,2097063
lacIp,0.3333333333333333,2,2,GCCAACCGGCATCTATGCGT,0,2103052
lacIp,0.3333333333333333,2,2,GCATTTTCTCTTTTCACCGA,0,2122243
lacIp,0.3333333333333333,2,2,GCATTAATAAGCCATCTCAG,0,2105276
lacIp,0.3333333333333333,2,2,GCATAGTATCAACGTTTTAA,0,2104431
lacIp,0.3333333333333333,2,2,GCATAGCCAGACTTTTGAGC,0,2106552
lacIp,0.3333333333333333,2,2,GCAGTTTAGTGACGCATGGT,0,2098481
lacIp,0.3333333333333333,2,2,GCAGTCCAGCACACTCCGGA,0,2086631
lacIp,0.3333333333333333,2,2,GCAGTCATTCGGCTGGAGTG,0,2109276
lacIp,0.3333333333333333,2,2,GCAGGTGTCCCCGAGTCTGT,0,2110513
lacIp,0.3333333333333333,2,2,GCAGCGGCAGGTTAATACGA,0,2114393
lacIp,0.3333333333333333,2,2,GCAGCCAAAGGGGATAGAAG,0,2086045
lacIp,0.3333333333333333,2,2,GCAGAGAACAATCGGTCCCT,0,2101664
lacIp,0.3333333333333333,2,2,GCAGAAGTATGCGCGGTCAG,0,2121030
lacIp,0.3333333333333333,2,2,GCACGTATGGTAGGAGTGAA,0,2109037
lacIp,0.3333333333333333,2,2,GCACGTAGTGTAGACCCTCT,0,2108075
lacIp,0.3333333333333333,2,2,GCACGGTCGTAAACGGGGAG,0,2115745
lacIp,0.3333333333333333,2,2,GCACGGGGTATCAGGCGCGG,0,2099091
lacIp,0.3333333333333333,2,2,GCACGGAGGTCACAGTATAC,0,2093087
lacIp,0.3333333333333333,2,2,GCACGAGGCTAAATCATCTT,0,2097375
lacIp,0.3333333333333333,2,2,GCACCTGCTATGTTACTGGC,0,2104224
lacIp,0.3333333333333333,2,2,GCACCAGGTAGGAGGGACGA,0,2104873
lacIp,0.3333333333333333,2,2,GCACACAAGGAGGTTTCTAT,0,2091149
lacIp,0.3333333333333333,2,2,GCAATACTCGACTTTCGACA,0,2121876
lacIp,0.3333333333333333,2,2,GCAATACGTGAGTTGCTGGC,0,2107402
lacIp,0.3333333333333333,2,2,GCAAGTTTAATGTACATTTT,0,2105337
lacIp,0.3333333333333333,2,2,GCAAGGCCCCAGCCGTCGTA,0,2100127
lacIp,0.3333333333333333,2,2,GCAAGACACACACCGGAGAG,0,2104724
lacIp,0.3333333333333333,2,2,GCAAAGCGCGGCAAAGGATC,0,2099858
lacIp,0.3333333333333333,2,2,GCAAAACAGAGGCGGGCCGC,0,2107916
lacIp,0.3333333333333333,2,2,GATTTTTAGGTTGCAACCAG,0,2103872
lacIp,0.3333333333333333,2,2,GATTTTGAGGAGCTTTTGTG,0,2086986
lacIp,0.3333333333333333,2,2,GATTTAGCGTTATGTCCTAT,0,2101700
lacIp,0.3333333333333333,2,2,GATTTAATGTGGAAACGCGA,0,2113521
lacIp,0.3333333333333333,2,2,GATTTAATATCGGTCTAAAG,0,2114921
lacIp,0.3333333333333333,2,2,GATTCTTGACGGGTCAGGTT,0,2105115
lacIp,0.3333333333333333,2,2,GATTCCGGTGGACCCATAAG,0,2091772
lacIp,0.3333333333333333,2,2,GATGGGCCTTGTCTCTTCGA,0,2090891
lacIp,0.3333333333333333,2,2,GATGCGGGACGAGCGGGTTG,0,2092592
lacIp,0.3333333333333333,2,2,GATCTTGTTAGGGCGCATTG,0,2117539
lacIp,0.3333333333333333,2,2,GATCGCACAATTAGCACACG,0,2116290
lacIp,0.3333333333333333,2,2,GATCCGGTAAGGTTTGGCTC,0,2086075
lacIp,0.3333333333333333,2,2,GATCAATGAGTCTCGGGTTG,0,2107879
lacIp,0.3333333333333333,2,2,GATATACCAGGAGCGTGGAC,0,2102792
lacIp,0.3333333333333333,2,2,GATACAAGCGGTTTTTAGAA,0,2109546
lacIp,0.3333333333333333,2,2,GATAACTAAATACGGGGAAC,0,2098359
lacIp,0.3333333333333333,2,2,GATAACCAAGGTCGCATGAT,0,2090501
lacIp,0.3333333333333333,2,2,GAGTTAGCTATCTTTTCGGT,0,2089133
lacIp,0.3333333333333333,2,2,GAGTATCGTAGCTTCATCTT,0,2100561
lacIp,0.3333333333333333,2,2,GAGTATCGAGCCGGTTTGGT,0,2109543
lacIp,0.3333333333333333,2,2,GAGTAGGAGCCTGGACCCAT,0,2118553
lacIp,0.3333333333333333,2,2,GAGTAATCGATTACAGTCTA,0,2110472
lacIp,0.3333333333333333,2,2,GAGTAAGATGCTGTACTTTT,0,2112753
lacIp,0.3333333333333333,2,2,GAGTAAATTATGCGCCAGAT,0,2113008
lacIp,0.3333333333333333,2,2,GAGGTCATGTCCAGCGCAAA,0,2087420
lacIp,0.3333333333333333,2,2,GAGGGTTAAACTCACGCTTA,0,2086270
lacIp,0.3333333333333333,2,2,GAGGGCTCCTCAGTTAGGGC,0,2119285
lacIp,0.3333333333333333,2,2,GAGGCTGGTCAGCCCTCTTG,0,2113650
lacIp,0.3333333333333333,2,2,GAGGCCCAACATGATGGGGA,0,2112478
lacIp,0.3333333333333333,2,2,GAGGCATTGGTCGCCGTGAC,0,2118577
lacIp,0.3333333333333333,2,2,GAGGCAGTTCTCATCATGCC,0,2121321
lacIp,0.3333333333333333,2,2,GAGGCAATCGTGAGATCGTA,0,2115526
lacIp,0.3333333333333333,2,2,GAGGACTTGGACACGAACAA,0,2113424
lacIp,0.3333333333333333,2,2,GAGGACGAACTGAGCGACGA,0,2121694
lacIp,0.3333333333333333,2,2,GAGGAAGTGAGAGTTGCTCT,0,2102491
lacIp,0.3333333333333333,2,2,GAGCTAGACTTTTGGGCTGC,0,2121379
lacIp,0.3333333333333333,2,2,GAGCGTTCAGCCACAATTTG,0,2116810
lacIp,0.3333333333333333,2,2,GAGCGCTGTAAACGAACTCA,0,2094697
lacIp,0.3333333333333333,2,2,GAGCGAGGGGGGTTGTGATC,0,2108317
lacIp,0.3333333333333333,2,2,GAGCGAGCAACTTCGGAGCA,0,2102638
lacIp,0.3333333333333333,2,2,GAGCGAAGGCTTATTTGAGC,0,2117910
lacIp,0.3333333333333333,2,2,GAGCATCGGCAGGCCGTCGT,0,2090464
lacIp,0.3333333333333333,2,2,GAGCATAAGGTACACAATCC,0,2091847
lacIp,0.3333333333333333,2,2,GAGATGCGGACCTGGCGGGG,0,2094189
lacIp,0.3333333333333333,2,2,GAGAAGCTTCGGGGGACCGC,0,2107336
lacIp,0.3333333333333333,2,2,GACTGTTGGCCCCGAACTGG,0,2107070
lacIp,0.3333333333333333,2,2,GACTGGTTAAAGCACTTAAG,0,2104285
lacIp,0.3333333333333333,2,2,GACTGGCATGTCTTCCTCTA,0,2111195
lacIp,0.3333333333333333,2,2,GACTGCGAACAGGTCGGCTG,0,2110864
lacIp,0.3333333333333333,2,2,GACTCTGTTACTACTTCGTC,0,2110328
lacIp,0.3333333333333333,2,2,GACGTCTTGTAATAAGATCG,0,2119546
lacIp,0.3333333333333333,2,2,GACGTCCGATCGGACCGGCG,0,2091122
lacIp,0.3333333333333333,2,2,GACGGGTGTATGTCCGTAAG,0,2103290
lacIp,0.3333333333333333,2,2,GACGGGGGAATTGAAGCAGA,0,2118232
lacIp,0.3333333333333333,2,2,GACGGGCATGATAAATTTGC,0,2111775
lacIp,0.3333333333333333,2,2,GACGAAGTCAGCCACCGTAC,0,2088179
lacIp,0.3333333333333333,2,2,GACCGAGCATAACTCCCAGC,0,2105218
lacIp,0.3333333333333333,2,2,GACCAGGCGTACTGCGAAAT,0,2092409
lacIp,0.3333333333333333,2,2,GACATGGTGGGCCGAGCACG,0,2114709
lacIp,0.3333333333333333,2,2,GACACAACGTATCGGAGAAT,0,2116086
lacIp,0.3333333333333333,2,2,GACAACCAGGATGCGAGTCT,0,2112596
lacIp,0.3333333333333333,2,2,GAATTGGCACTATAGGTGGC,0,2112991
lacIp,0.3333333333333333,2,2,GAATGGCAATAGGGTACGAG,0,2119088
lacIp,0.3333333333333333,2,2,GAATGCATTCTAGCCAAGAC,0,2094002
lacIp,0.3333333333333333,2,2,GAATGATGTTCTTATCCCAA,0,2116696
lacIp,0.3333333333333333,2,2,GAATATGAACGACCGCCGTA,0,2102960
lacIp,0.3333333333333333,2,2,GAATAAGAGGAAACGAAAGG,0,2118968
lacIp,0.3333333333333333,2,2,GAAGGTAGGGGTCGGTCGGG,0,2108492
lacIp,0.3333333333333333,2,2,GAAGGGCATTTATTACAGCA,0,2118130
lacIp,0.3333333333333333,2,2,GAAGGCATTCCTATAATCAC,0,2094703
lacIp,0.3333333333333333,2,2,GAAGGATAATAAGCCGTTAA,0,2114233
lacIp,0.3333333333333333,2,2,GAAGGACTTGGGAAAGCTGT,0,2101344
lacIp,0.3333333333333333,2,2,GAAGGAAAGACTACCCGGTG,0,2098964
lacIp,0.3333333333333333,2,2,GAAGCCCCGGAAGGGAGAAA,0,2099513
lacIp,0.3333333333333333,2,2,GAAGCAGTGAAATCGTCCCA,0,2087480
lacIp,0.3333333333333333,2,2,GAAGATAGCCCGCCGCTATG,0,2106258
lacIp,0.3333333333333333,2,2,GAAGAACAGATAAGCACGCT,0,2089453
lacIp,0.3333333333333333,2,2,GAACGCATTCTCAAATGCTC,0,2106076
lacIp,0.3333333333333333,2,2,GAACCCTATCCCGATATGCA,0,2111020
lacIp,0.3333333333333333,2,2,GAACAGTTAGCGTCGGGCAA,0,2115840
lacIp,0.3333333333333333,2,2,GAAATTGTATCACCCTGAGG,0,2107172
lacIp,0.3333333333333333,2,2,GAAATGATTTGTCTCGGCAT,0,2117332
lacIp,0.3333333333333333,2,2,GAAAGGGCTAGATGAGAGAA,0,2086888
lacIp,0.3333333333333333,2,2,GAAAGCAAAGGTATTGTCCA,0,2097860
lacIp,0.3333333333333333,2,2,GAAAGAAGTATCAATAAAGC,0,2117025
lacIp,0.3333333333333333,2,2,GAAAATATTTGTGCAAAACC,0,2118471
lacIp,0.3333333333333333,2,2,GAAAACCGCGGATTATTTGG,0,2087546
lacIp,0.3333333333333333,2,2,CTTTTATTCAGTTAGCTTTA,0,2103941
lacIp,0.3333333333333333,2,2,CTTTTACACTTCTAGTTCCA,0,2112745
lacIp,0.3333333333333333,2,2,CTTTGTAACCGCGTTACCCG,0,2096788
lacIp,0.3333333333333333,2,2,CTTTCTAAAGCGTTCAATAT,0,2096038
lacIp,0.3333333333333333,2,2,CTTTCGGGGTAATTGGCATC,0,2087646
lacIp,0.3333333333333333,2,2,CTTTCCGACATCCTAATCAA,0,2099471
lacIp,0.3333333333333333,2,2,CTTTATATATAGAGCCCGTT,0,2117103
lacIp,0.3333333333333333,2,2,CTTGTTTGCCGGACTCATTG,0,2109733
lacIp,0.3333333333333333,2,2,CTTGGATTTCCTTTTGTCTT,0,2086268
lacIp,0.3333333333333333,2,2,CTTGAGAGAATAAGACAAGC,0,2097754
lacIp,0.3333333333333333,2,2,CTTGACTCGCCGTGTTCCAA,0,2100592
lacIp,0.3333333333333333,2,2,CTTCTCCTTTGCAAGCATGT,0,2097578
lacIp,0.3333333333333333,2,2,CTTCGTTCAGTGACCTAGTG,0,2102837
lacIp,0.3333333333333333,2,2,CTTCGTGAGGGGATTGCTTC,0,2100433
lacIp,0.3333333333333333,2,2,CTTCGAGTAAGTACGATCTG,0,2089795
lacIp,0.3333333333333333,2,2,CTTCACTGGGCTTTCCAACT,0,2095188
lacIp,0.3333333333333333,2,2,CTTCACTGGCAAGCAATCGC,0,2103745
lacIp,0.3333333333333333,2,2,CTTAGTAACTGCCCAGCGAA,0,2112004
lacIp,0.3333333333333333,2,2,CTTAGCACCCAGGAGATCTC,0,2096518
lacIp,0.3333333333333333,2,2,CTTACGGGCGTGTGAGTATC,0,2097947
lacIp,0.3333333333333333,2,2,CTTAAGATTTGTGCTGTCTC,0,2098134
lacIp,0.3333333333333333,2,2,CTTAACACGGATGGGCAACG,0,2089422
lacIp,0.3333333333333333,2,2,CTGTGGGTAAGAATTGCAGG,0,2087144
lacIp,0.3333333333333333,2,2,CTGTGGCTACATAGCCATCT,0,2090356
lacIp,0.3333333333333333,2,2,CTGTCCTTACCTATCCAGTG,0,2110453
lacIp,0.3333333333333333,2,2,CTGTATTAACATGCTAGAAT,0,2112796
lacIp,0.3333333333333333,2,2,CTGTACACGGAAGGATCCAC,0,2086620
lacIp,0.3333333333333333,2,2,CTGGTGGTAACTAAGCTGAC,0,2096492
lacIp,0.3333333333333333,2,2,CTGGTCTAGTTACGATAGAT,0,2121107
lacIp,0.3333333333333333,2,2,CTGGTCATATGGGAGTTCTC,0,2089274
lacIp,0.3333333333333333,2,2,CTGGTCAAATTTGAACAAAT,0,2117531
lacIp,0.3333333333333333,2,2,CTGGGTGATTCTTTTTGACT,0,2119855
lacIp,0.3333333333333333,2,2,CTGGAGCTGTTTTGGTTGTC,0,2108423
lacIp,0.3333333333333333,2,2,CTGCGTCACCGAGGGCAGAG,0,2108120
lacIp,0.3333333333333333,2,2,CTGCGCGTAGTGTTGAAACG,0,2106760
lacIp,0.3333333333333333,2,2,CTGCCTTCAGGGCGCCCGGC,0,2106134
lacIp,0.3333333333333333,2,2,CTGCCGTATTCTGTAGCTTG,0,2109238
lacIp,0.3333333333333333,2,2,CTGCCAGTAGAACTTGCGGC,0,2092338
lacIp,0.3333333333333333,2,2,CTGCATGCCGAAGTTCCAAA,0,2093097
lacIp,0.3333333333333333,2,2,CTGATGGGATCAAGGATCAT,0,2116741
lacIp,0.3333333333333333,2,2,CTGACGGGTCGGTAGGCGCT,0,2106997
lacIp,0.3333333333333333,2,2,CTCTTGCCCCAAGTCTTGTT,0,2098519
lacIp,0.3333333333333333,2,2,CTCTTCCAGAAAGCGCACTG,0,2102671
lacIp,0.3333333333333333,2,2,CTCTGGCGATACGTATCCAC,0,2119114
lacIp,0.3333333333333333,2,2,CTCTCGCAATCACAACGTTA,0,2086001
lacIp,0.3333333333333333,2,2,CTCTCAGATACACAGGCCAA,0,2100448
lacIp,0.3333333333333333,2,2,CTCTAACTCGGAGCCATAAG,0,2102008
lacIp,0.3333333333333333,2,2,CTCGGTAGCCTTGCAGGAGC,0,2115354
lacIp,0.3333333333333333,2,2,CTCGGAGCGAATAGGAACAT,0,2120782
lacIp,0.3333333333333333,2,2,CTCGCTCTGTCCTGCTTATT,0,2107464
lacIp,0.3333333333333333,2,2,CTCGAAGTAAAGTTCATCCT,0,2091870
lacIp,0.3333333333333333,2,2,CTCGAAGGCCCCGACTTCTA,0,2094859
lacIp,0.3333333333333333,2,2,CTCCTTGATCGAGGACTAAA,0,2090003
lacIp,0.3333333333333333,2,2,CTCCTCGCCGCCATATCGGG,0,2107549
lacIp,0.3333333333333333,2,2,CTCCTAATGAGTACCGTTAC,0,2103599
lacIp,0.3333333333333333,2,2,CTCCGCGCTGCATACAAGCC,0,2102353
lacIp,0.3333333333333333,2,2,CTCCGCCAGATTCATGTAAG,0,2118909
lacIp,0.3333333333333333,2,2,CTCCATGGCGCTCTCCCCGC,0,2086388
lacIp,0.3333333333333333,2,2,CTCCATAATGTTCGTATCAA,0,2099147
lacIp,0.3333333333333333,2,2,CTCCAGATTGATACTAAAAT,0,2105011
lacIp,0.3333333333333333,2,2,CTCCACTACGTCGGCTGGAC,0,2111829
lacIp,0.3333333333333333,2,2,CTCCACGCGGAATTCTACTT,0,2099719
lacIp,0.3333333333333333,2,2,CTCATTTGGGCACTTCAGAA,0,2105694
lacIp,0.3333333333333333,2,2,CTCAGTCGCAGAATAGCGTT,0,2101906
lacIp,0.3333333333333333,2,2,CTCAGTATCCGTTAATATCT,0,2095437
lacIp,0.3333333333333333,2,2,CTCAGGTGCGTACTGATCTC,0,2096521
lacIp,0.3333333333333333,2,2,CTCAGGTCCGAGTCAAGCTT,0,2085959
lacIp,0.3333333333333333,2,2,CTCACGCATTTTGCGGGTAC,0,2119721
lacIp,0.3333333333333333,2,2,CTCAATTGGTTCAGCCAATC,0,2119803
lacIp,0.3333333333333333,2,2,CTCAAGCTTTACTGAGGTGG,0,2099220
lacIp,0.3333333333333333,2,2,CTCAAAATACGCGTCACCTG,0,2119483
lacIp,0.3333333333333333,2,2,CTATTTTGCGATGCGTGCGG,0,2111941
lacIp,0.3333333333333333,2,2,CTATTTCGATGCAGGGTGAA,0,2101646
lacIp,0.3333333333333333,2,2,CTATGGATTGTGGGACATCA,0,2098368
lacIp,0.3333333333333333,2,2,CTATGCTTTCGCCATTGGAA,0,2102382
lacIp,0.3333333333333333,2,2,CTATGATAATGCAGCTTCTG,0,2108983
lacIp,0.3333333333333333,2,2,CTATGAGCGGTATCGGTGTG,0,2089492
lacIp,0.3333333333333333,2,2,CTATCTGGTTGTTGGCTCAT,0,2112784
lacIp,0.3333333333333333,2,2,CTATCGTGCGTATTTTATTC,0,2107071
lacIp,0.3333333333333333,2,2,CTATCCAGAGATTAACACGT,0,2103762
lacIp,0.3333333333333333,2,2,CTAGTCCAGGACCATTGGAA,0,2114413
lacIp,0.3333333333333333,2,2,CTAGGCAGTTACATCGCCTA,0,2110286
lacIp,0.3333333333333333,2,2,CTAGGAGACTGGAATTAAAA,0,2104920
lacIp,0.3333333333333333,2,2,CTAGCAGTTATCGTATGGCG,0,2086365
lacIp,0.3333333333333333,2,2,CTAGAATTCAAGATTAAAAA,0,2106101
lacIp,0.3333333333333333,2,2,CTAGAAGTCGTCCCTAGTAC,0,2112626
lacIp,0.3333333333333333,2,2,CTAGAAAGGCAACGGTCTAT,0,2105934
lacIp,0.3333333333333333,2,2,CTACTAGCAACCCTCCCTAA,0,2100090
lacIp,0.3333333333333333,2,2,CTACGTGTCTGCTCCTAGAT,0,2093485
lacIp,0.3333333333333333,2,2,CTACGGGGGGCTCCGGTACT,0,2090947
lacIp,0.3333333333333333,2,2,CTACACCCTCAACCGTTAGG,0,2106098
lacIp,0.3333333333333333,2,2,CTAAGGAGGGATGGCTTGCG,0,2119478
lacIp,0.3333333333333333,2,2,CTAAGCGAACGCATGAATTG,0,2112161
lacIp,0.3333333333333333,2,2,CTAACGGTGTCAATATTAGG,0,2107914
lacIp,0.3333333333333333,2,2,CGTTTTCAGACAGCGTTACG,0,2090281
lacIp,0.3333333333333333,2,2,CGTTTTAAACTTAAAGGAAC,0,2119843
lacIp,0.3333333333333333,2,2,CGTTGGCGTAGCCCTAAAGT,0,2116633
lacIp,0.3333333333333333,2,2,CGTTGACTGCATCGTCCTCG,0,2107312
lacIp,0.3333333333333333,2,2,CGTTCGGAGTCGTCGCATGA,0,2086232
lacIp,0.3333333333333333,2,2,CGTGTGGTGATGAGCCAGTC,0,2118542
lacIp,0.3333333333333333,2,2,CGTGGGATAGGGAAGGTTAA,0,2103424
lacIp,0.3333333333333333,2,2,CGTGGGACAAGCTCGGATAC,0,2098542
lacIp,0.3333333333333333,2,2,CGTGCCTCTCCACCAAATGA,0,2090516
lacIp,0.3333333333333333,2,2,CGTGCCCTCTCCAGTGTTTC,0,2121460
lacIp,0.3333333333333333,2,2,CGTGACTCGAACCGCCCCGC,0,2093878
lacIp,0.3333333333333333,2,2,CGTCTAAGACGTCAGACTTC,0,2113476
lacIp,0.3333333333333333,2,2,CGTATTGTGCGGGCAATATC,0,2091326
lacIp,0.3333333333333333,2,2,CGTATGTAGAGCAGCTATGT,0,2090602
lacIp,0.3333333333333333,2,2,CGTATGGCTCAAACTCAAAT,0,2114084
lacIp,0.3333333333333333,2,2,CGTATCAATTGGTCCACCAC,0,2122234
lacIp,0.3333333333333333,2,2,CGTATAGACCGATTACGCTA,0,2087511
lacIp,0.3333333333333333,2,2,CGTATACACACAAGGCGGAG,0,2085989
lacIp,0.3333333333333333,2,2,CGTAGTCAATCCGCGCGGCA,0,2112858
lacIp,0.3333333333333333,2,2,CGTACGGACCCTGACTGACC,0,2110222
lacIp,0.3333333333333333,2,2,CGTAACGTTGTCTTATGGAC,0,2090141
lacIp,0.3333333333333333,2,2,CGTAAACTAGAGAGGGTAGC,0,2112872
lacIp,0.3333333333333333,2,2,CGGTTTGCACACAATCTGGG,0,2114476
lacIp,0.3333333333333333,2,2,CGGTTGAGACTTAGCGTAGC,0,2093024
lacIp,0.3333333333333333,2,2,CGGTTCTACGACGGTTTCAA,0,2116803
lacIp,0.3333333333333333,2,2,CGGTTCAGCTGCGGTAGGCC,0,2092621
lacIp,0.3333333333333333,2,2,CGGTCATGCTAATAGGCTTT,0,2094591
lacIp,0.3333333333333333,2,2,CGGTCAATATAGGGGTTTCT,0,2101407
lacIp,0.3333333333333333,2,2,CGGTATCTCCGGGGCCTGGA,0,2102356
lacIp,0.3333333333333333,2,2,CGGTAGTTGAATCACATACA,0,2114637
lacIp,0.3333333333333333,2,2,CGGTAACCGGTTCCGATGCT,0,2103396
lacIp,0.3333333333333333,2,2,CGGGTGGTAGGCTTCTTACG,0,2095727
lacIp,0.3333333333333333,2,2,CGGGTAACTAGCTCGCTCGT,0,2086949
lacIp,0.3333333333333333,2,2,CGGGGGGCAACTTGTTTGGG,0,2116666
lacIp,0.3333333333333333,2,2,CGGGGGGACTAGGGGCTCGC,0,2105207
lacIp,0.3333333333333333,2,2,CGGGCGAACATGTACGGTTT,0,2104518
lacIp,0.3333333333333333,2,2,CGGGAATAGAACTTGAGCCC,0,2114463
lacIp,0.3333333333333333,2,2,CGGCTTAGGACCTCGTGGTG,0,2117912
lacIp,0.3333333333333333,2,2,CGGCGTAGGATTCTTCCCGG,0,2101929
lacIp,0.3333333333333333,2,2,CGGCCGTCTCCTGATAGATC,0,2103944
lacIp,0.3333333333333333,2,2,CGGCCGTCGAATGGGTAGGT,0,2103729
lacIp,0.3333333333333333,2,2,CGGCCCCTGCTTTATATGAA,0,2104679
lacIp,0.3333333333333333,2,2,CGGCAGGTACCACCCCACAC,0,2099244
lacIp,0.3333333333333333,2,2,CGGCAGCCTCTAACCCCTGC,0,2105313
lacIp,0.3333333333333333,2,2,CGGATTGAGTAGAGGGTAAG,0,2104006
lacIp,0.3333333333333333,2,2,CGGATTCACGGTATCTTCGA,0,2091532
lacIp,0.3333333333333333,2,2,CGGATTAGTCTTCTCGAACG,0,2119196
lacIp,0.3333333333333333,2,2,CGGATGGGATTGGATTTTCA,0,2096515
lacIp,0.3333333333333333,2,2,CGGATAGGTTCTTGAAATTC,0,2100393
lacIp,0.3333333333333333,2,2,CGGAGTTGCCGGCAAACGCA,0,2115691
lacIp,0.3333333333333333,2,2,CGGAGTCGTATCACGTCTGT,0,2089491
lacIp,0.3333333333333333,2,2,CGGAGGCCTGTATGTAGAAA,0,2094106
lacIp,0.3333333333333333,2,2,CGGAGCTAGGCCCGCTAGTG,0,2105342
lacIp,0.3333333333333333,2,2,CGGAGAGCATGCGCAGCCGT,0,2101779
lacIp,0.3333333333333333,2,2,CGGACTTGATACGGTTTTAC,0,2118670
lacIp,0.3333333333333333,2,2,CGGACTGTGAGCGCGGTTCC,0,2114036
lacIp,0.3333333333333333,2,2,CGGACACTTGTACCATAGGC,0,2108738
lacIp,0.3333333333333333,2,2,CGGAACGGCCACAGTTTTGG,0,2089822
lacIp,0.3333333333333333,2,2,CGCTTCCAGGGATGTGAATT,0,2093471
lacIp,0.3333333333333333,2,2,CGCTGGATAGAGTATCGACA,0,2101937
lacIp,0.3333333333333333,2,2,CGCGTCATAATGTGGAGGGA,0,2104052
lacIp,0.3333333333333333,2,2,CGCGTATCAGCCCCACAACG,0,2092093
lacIp,0.3333333333333333,2,2,CGCGTACAACGAGATATCAA,0,2106236
lacIp,0.3333333333333333,2,2,CGCGGGTCAGCCTTGGATCG,0,2105504
lacIp,0.3333333333333333,2,2,CGCGGGCGGAAAGGAGTAGG,0,2111724
lacIp,0.3333333333333333,2,2,CGCGGCGTTACAGACGGTAG,0,2085919
lacIp,0.3333333333333333,2,2,CGCCGGCAAAGATGTCTCGA,0,2091099
lacIp,0.3333333333333333,2,2,CGCCGACCAGGGACGAGTTT,0,2103805
lacIp,0.3333333333333333,2,2,CGCCCACGCCGCTTTGTCAA,0,2122104
lacIp,0.3333333333333333,2,2,CGCCACGGCGATTTCGAAAT,0,2120102
lacIp,0.3333333333333333,2,2,CGCCAATGATTCGATCCTAT,0,2112101
lacIp,0.3333333333333333,2,2,CGCCAAGAAAAACCCGATAA,0,2089700
lacIp,0.3333333333333333,2,2,CGCCAAATGGAAATAAGCAG,0,2110594
lacIp,0.3333333333333333,2,2,CGCATTTCGACTGAATCAGT,0,2118113
lacIp,0.3333333333333333,2,2,CGCATGATCAAACTACACGT,0,2098577
lacIp,0.3333333333333333,2,2,CGCATATTAGCAAGTTGTTT,0,2095191
lacIp,0.3333333333333333,2,2,CGCATAAATTATGAGCTGGC,0,2094761
lacIp,0.3333333333333333,2,2,CGCAGTTTCGGTGCGCCAAT,0,2109073
lacIp,0.3333333333333333,2,2,CGCACTGATAATACACCTAC,0,2087459
lacIp,0.3333333333333333,2,2,CGCACCATGCGCCTCCCGAT,0,2116532
lacIp,0.3333333333333333,2,2,CGCACCAAGTCCGAAGATAT,0,2121287
lacIp,0.3333333333333333,2,2,CGCACAGATATCACTTAAGT,0,2099459
lacIp,0.3333333333333333,2,2,CGCAATGGCCCGCGATTTAG,0,2110785
lacIp,0.3333333333333333,2,2,CGCAATGATGGGATGAGCCT,0,2116894
lacIp,0.3333333333333333,2,2,CGATGCATGTTCCACCTGAC,0,2094258
lacIp,0.3333333333333333,2,2,CGATCATTTGTGTGAAGGTC,0,2121032
lacIp,0.3333333333333333,2,2,CGATCACGTGACCGGTCACA,0,2112719
lacIp,0.3333333333333333,2,2,CGATATCTGACCCGCTTTTA,0,2110936
lacIp,0.3333333333333333,2,2,CGAGTGGAATCCATTGTGAC,0,2089619
lacIp,0.3333333333333333,2,2,CGAGTAGATATCGTTTCCAT,0,2091749
lacIp,0.3333333333333333,2,2,CGAGGTGTGGATATGGCCGC,0,2106353
lacIp,0.3333333333333333,2,2,CGAGGGATTTTACTGGAACA,0,2101947
lacIp,0.3333333333333333,2,2,CGAGGCGGGTCCGGGGACGA,0,2114441
lacIp,0.3333333333333333,2,2,CGAGCTCACAGTGCTACCCT,0,2112597
lacIp,0.3333333333333333,2,2,CGAGCAGCGGACCGTTACGA,0,2114199
lacIp,0.3333333333333333,2,2,CGAGAGCTTTCTGGAGATGG,0,2104636
lacIp,0.3333333333333333,2,2,CGAGAGCCTGTAATCCTGCC,0,2110929
lacIp,0.3333333333333333,2,2,CGAGAGCAAAAGGCGTTGGA,0,2096979
lacIp,0.3333333333333333,2,2,CGACTTAGCGATCGCCTCAA,0,2112147
lacIp,0.3333333333333333,2,2,CGACTCGGGCTGTGGGCAAC,0,2088073
lacIp,0.3333333333333333,2,2,CGACGCCCGCTTACCGACAT,0,2112731
lacIp,0.3333333333333333,2,2,CGACCGACCGACCCCCTTAA,0,2108606
lacIp,0.3333333333333333,2,2,CGAATGCGGCGGTGCCTGAA,0,2102573
lacIp,0.3333333333333333,2,2,CGAATACCTGTTTTGGACTT,0,2094317
lacIp,0.3333333333333333,2,2,CGAAGGGTGCACTGGTTACG,0,2099800
lacIp,0.3333333333333333,2,2,CGAACTCGCTGGTGTGGGGG,0,2120599
lacIp,0.3333333333333333,2,2,CGAAAGTATGCTGACAAAAT,0,2108636
lacIp,0.3333333333333333,2,2,CGAAAGGGGGTATGCTGTAT,0,2108493
lacIp,0.3333333333333333,2,2,CGAAACGAGAAGTCAGCATG,0,2110440
lacIp,0.3333333333333333,2,2,CCTTTGGGAACATAATCCCT,0,2121492
lacIp,0.3333333333333333,2,2,CCTTTAGAGTATCTAGCCGG,0,2118181
lacIp,0.3333333333333333,2,2,CCTTGTGCATGTGCCCATCT,0,2100981
lacIp,0.3333333333333333,2,2,CCTTGCGGAGCTCTACTTAC,0,2107818
lacIp,0.3333333333333333,2,2,CCTTCGCGGACATGAAGCAG,0,2090993
lacIp,0.3333333333333333,2,2,CCTGTGGTAGGATAGCCAAG,0,2086194
lacIp,0.3333333333333333,2,2,CCTGTACTGTTCCCTTCTAA,0,2091004
lacIp,0.3333333333333333,2,2,CCTGCTTCGGCAGGCTTCTT,0,2103843
lacIp,0.3333333333333333,2,2,CCTGCACACGTTCGCCCAGT,0,2098280
lacIp,0.3333333333333333,2,2,CCTCTTTATGCCCAGTGGGG,0,2092076
lacIp,0.3333333333333333,2,2,CCTCTTCACCAATAAGCAAT,0,2103607
lacIp,0.3333333333333333,2,2,CCTATTTTCAAGTGCGTGCC,0,2103831
lacIp,0.3333333333333333,2,2,CCTAGTGGGGATTTTATGCT,0,2107154
lacIp,0.3333333333333333,2,2,CCTAGTGCTTCGTGACTGTT,0,2099505
lacIp,0.3333333333333333,2,2,CCTAGCGTTCTCGGGTATGC,0,2117463
lacIp,0.3333333333333333,2,2,CCTACTTAATGTGTACGTTC,0,2112404
lacIp,0.3333333333333333,2,2,CCGTTTCCCAGGCATGTTTG,0,2109332
lacIp,0.3333333333333333,2,2,CCGTGTGTTGTTATGTTCAC,0,2105042
lacIp,0.3333333333333333,2,2,CCGTGGGTGTGTCCGCAGCG,0,2109516
lacIp,0.3333333333333333,2,2,CCGTGGCCAGGTCGTCTATT,0,2098818
lacIp,0.3333333333333333,2,2,CCGTCTGCGCGCCTCAACCG,0,2103257
lacIp,0.3333333333333333,2,2,CCGTCTAGCTGGCCGTAACT,0,2114744
lacIp,0.3333333333333333,2,2,CCGTAAGCCGGTCCTAGCCG,0,2115193
lacIp,0.3333333333333333,2,2,CCGTAAAGAAGACGTGTGTT,0,2100605
lacIp,0.3333333333333333,2,2,CCGGTTTTAAGTGAAAAAAG,0,2088671
lacIp,0.3333333333333333,2,2,CCGGGGCGTTGATAGCAGGA,0,2095343
lacIp,0.3333333333333333,2,2,CCGGGCAGAGCTCCAAGCAT,0,2091431
lacIp,0.3333333333333333,2,2,CCGGCGGATATCTGCGCCGT,0,2101156
lacIp,0.3333333333333333,2,2,CCGGCCGTTATAGATCTCAC,0,2086850
lacIp,0.3333333333333333,2,2,CCGGAGGGGGCAAGCCCTTA,0,2113556
lacIp,0.3333333333333333,2,2,CCGGAAGCAGACCGATTCTA,0,2115809
lacIp,0.3333333333333333,2,2,CCGGAAGAGAGATACATAAT,0,2121615
lacIp,0.3333333333333333,2,2,CCGCTGCATGTCCACGTGCT,0,2121511
lacIp,0.3333333333333333,2,2,CCGCGAACAATAGTAAGGAC,0,2093095
lacIp,0.3333333333333333,2,2,CCGCCGGACGGCGGAGAGTT,0,2103190
lacIp,0.3333333333333333,2,2,CCGCCCAGGAATGGACGGCT,0,2105556
lacIp,0.3333333333333333,2,2,CCGCCAACCGAGTGTACAAT,0,2122034
lacIp,0.3333333333333333,2,2,CCGCCAAACTATCTTAAGGA,0,2096039
lacIp,0.3333333333333333,2,2,CCGCAAGGGCCTCCTGTCAA,0,2120945
lacIp,0.3333333333333333,2,2,CCGCAAAGGCAGTATAAGGC,0,2107115
lacIp,0.3333333333333333,2,2,CCGATGGCCAAATCTGGCTA,0,2095207
lacIp,0.3333333333333333,2,2,CCGATCATGGAGTCACGCTT,0,2095408
lacIp,0.3333333333333333,2,2,CCGAGTCTTAACCCACCTCA,0,2087278
lacIp,0.3333333333333333,2,2,CCGAGCTATCTTTCCACTAA,0,2118138
lacIp,0.3333333333333333,2,2,CCGAGATCAGTTCTCTTAAC,0,2096056
lacIp,0.3333333333333333,2,2,CCGACGAGCGCCATTGCAAA,0,2086221
lacIp,0.3333333333333333,2,2,CCGAATATGCGCGCGGCCCA,0,2105701
lacIp,0.3333333333333333,2,2,CCCTTGTGTAGGACGCTGCA,0,2115785
lacIp,0.3333333333333333,2,2,CCCTTCAAGTGTGCTTCGTA,0,2089948
lacIp,0.3333333333333333,2,2,CCCTGGGCAGAGTTTAGTGC,0,2113213
lacIp,0.3333333333333333,2,2,CCCTCAACCTGATCACCGAG,0,2103721
lacIp,0.3333333333333333,2,2,CCCTAGGCGTGCCCAATCCG,0,2118698
lacIp,0.3333333333333333,2,2,CCCGTGGCTAAAGCGCCGGG,0,2088994
lacIp,0.3333333333333333,2,2,CCCGGTACCACCTACCATTG,0,2119240
lacIp,0.3333333333333333,2,2,CCCGCAGGCGATGATGGGAC,0,2091061
lacIp,0.3333333333333333,2,2,CCCGATCAAATGCAGTTTTG,0,2113009
lacIp,0.3333333333333333,2,2,CCCCTTTTTTCGAAGAAAAC,0,2092372
lacIp,0.3333333333333333,2,2,CCCCTTCCGTAGGGGGAGGT,0,2092038
lacIp,0.3333333333333333,2,2,CCCCCTCAGACTCCCTAGCA,0,2116185
lacIp,0.3333333333333333,2,2,CCCCCCAGTGGCTGGCTGGA,0,2118336
lacIp,0.3333333333333333,2,2,CCCCAGTAATGTCATCTACC,0,2096424
lacIp,0.3333333333333333,2,2,CCCCACTAGGTAAAGGAGCA,0,2110461
lacIp,0.3333333333333333,2,2,CCCATTGGGTACGGAATCCA,0,2105726
lacIp,0.3333333333333333,2,2,CCCATGCGAGTGGTCGCTCT,0,2098136
lacIp,0.3333333333333333,2,2,CCCAGCAACTCAAAAACTCC,0,2118808
lacIp,0.3333333333333333,2,2,CCCACGGTCGTTCACATCAT,0,2088748
lacIp,0.3333333333333333,2,2,CCATTGAGAGTAGTCAAACG,0,2104489
lacIp,0.3333333333333333,2,2,CCATTAGGAGAAAAATGGCT,0,2121408
lacIp,0.3333333333333333,2,2,CCATCGTTTACAAAAAAAAG,0,2110807
lacIp,0.3333333333333333,2,2,CCATAGCCGTAGGTAGGGGT,0,2091931
lacIp,0.3333333333333333,2,2,CCATAAGGAGAACGGCACTT,0,2116028
lacIp,0.3333333333333333,2,2,CCAGCCCAAACATTAACGGC,0,2095594
lacIp,0.3333333333333333,2,2,CCAGCCATGACAGGTGGTCG,0,2085719
lacIp,0.3333333333333333,2,2,CCAGATTTTTTTGGCTTGTC,0,2111805
lacIp,0.3333333333333333,2,2,CCAGATGTTTATCACACCTC,0,2090965
lacIp,0.3333333333333333,2,2,CCAGATATCCTTTTGTCTCA,0,2108054
lacIp,0.3333333333333333,2,2,CCAGAGACGGACCATTACAT,0,2092021
lacIp,0.3333333333333333,2,2,CCAGAATATGGTAGGGGTGA,0,2116589
lacIp,0.3333333333333333,2,2,CCAGAAAAACTACGTACCCG,0,2112475
lacIp,0.3333333333333333,2,2,CCACTCGGCGGCAATTTTTC,0,2116234
lacIp,0.3333333333333333,2,2,CCACTCAAGGCGTCTATCGC,0,2097799
lacIp,0.3333333333333333,2,2,CCACTCAAATGTGAACCCAT,0,2097243
lacIp,0.3333333333333333,2,2,CCACATGTACCGCACCGTTC,0,2116013
lacIp,0.3333333333333333,2,2,CCAAGGTGAGATCGCTTCGG,0,2121582
lacIp,0.3333333333333333,2,2,CCAAGGCACACTGGCCCTCA,0,2113689
lacIp,0.3333333333333333,2,2,CCAAGCGGTGGCTTTTCGGT,0,2088007
lacIp,0.3333333333333333,2,2,CCAACCTTCGCAGCATTGTC,0,2122394
lacIp,0.3333333333333333,2,2,CCAACAGCCGCCACTCTGTC,0,2092606
lacIp,0.3333333333333333,2,2,CCAAAATTTGCTTAAGTGCG,0,2097985
lacIp,0.3333333333333333,2,2,CATTTTGAATACTCAGAAGA,0,2104295
lacIp,0.3333333333333333,2,2,CATTGTGGGGTTCCTACACG,0,2120291
lacIp,0.3333333333333333,2,2,CATTGGGAGTACACGTCCGT,0,2094052
lacIp,0.3333333333333333,2,2,CATTCTCTGAGGGCCGTGCG,0,2095245
lacIp,0.3333333333333333,2,2,CATGTGGGGTAGGGTACATG,0,2090071
lacIp,0.3333333333333333,2,2,CATGTACGATAATAACTAAT,0,2118097
lacIp,0.3333333333333333,2,2,CATGGCGGGTTCCGTCCTGG,0,2091185
lacIp,0.3333333333333333,2,2,CATGCTTCGCCACAACTAGG,0,2102914
lacIp,0.3333333333333333,2,2,CATGCCTTTTGGTTGAGACA,0,2093452
lacIp,0.3333333333333333,2,2,CATCGAGCGTTGCGTGGGAA,0,2116434
lacIp,0.3333333333333333,2,2,CATCCAATAAACGCAACGTT,0,2098928
lacIp,0.3333333333333333,2,2,CATCCAAGTAAGTACAGTAG,0,2101050
lacIp,0.3333333333333333,2,2,CATCAGTGGACTCCCAATTT,0,2106904
lacIp,0.3333333333333333,2,2,CATATACGCGAAAAGTACAC,0,2120374
lacIp,0.3333333333333333,2,2,CATAGTTGACTTGACAAGCT,0,2122288
lacIp,0.3333333333333333,2,2,CATAGGCCAAATCTTGAAAG,0,2114834
lacIp,0.3333333333333333,2,2,CATAGAATGCACAAATGGTC,0,2104008
lacIp,0.3333333333333333,2,2,CATACCAGTAGGGACACTTG,0,2120532
lacIp,0.3333333333333333,2,2,CATACCAGGTGAGCAGTGCC,0,2086274
lacIp,0.3333333333333333,2,2,CAGTACGCTGCTCTTGCGAT,0,2103184
lacIp,0.3333333333333333,2,2,CAGTAAATAGGCATCTAATA,0,2089539
lacIp,0.3333333333333333,2,2,CAGGTCGGCTATTCTGGATC,0,2087582
lacIp,0.3333333333333333,2,2,CAGGTCCAGCAATGTTGACC,0,2120785
lacIp,0.3333333333333333,2,2,CAGGGTATGTCGAGTTGGGG,0,2086836
lacIp,0.3333333333333333,2,2,CAGGGATGATTAGGGATGAA,0,2095832
lacIp,0.3333333333333333,2,2,CAGGCTTGTCAACAAACCCG,0,2087341
lacIp,0.3333333333333333,2,2,CAGGCTGTCTCCTTCGTTCA,0,2109798
lacIp,0.3333333333333333,2,2,CAGGCATCTACTGTGCGGCT,0,2120032
lacIp,0.3333333333333333,2,2,CAGGCAGGGAACTAGCAGTA,0,2104567
lacIp,0.3333333333333333,2,2,CAGGACAGAGGCGAGTCTCC,0,2119007
lacIp,0.3333333333333333,2,2,CAGCTGACGAGCGGGGTGCC,0,2103927
lacIp,0.3333333333333333,2,2,CAGCTAAGGCACAGTCTTAT,0,2090619
lacIp,0.3333333333333333,2,2,CAGCGGACGTTGGAGACAGT,0,2110275
lacIp,0.3333333333333333,2,2,CAGCGCTCGCGGGCACTGTT,0,2096797
lacIp,0.3333333333333333,2,2,CAGCGCATATCCCTATTATC,0,2101770
lacIp,0.3333333333333333,2,2,CAGCCGGAATAACATTGGTA,0,2113821
lacIp,0.3333333333333333,2,2,CAGCCACTCCAAGGTCTGCC,0,2106438
lacIp,0.3333333333333333,2,2,CAGCAACAGTTCGATTATTC,0,2100363
lacIp,0.3333333333333333,2,2,CAGATTTCAATAAAAACCTA,0,2107762
lacIp,0.3333333333333333,2,2,CAGATCTCAACGGGTGCACT,0,2099228
lacIp,0.3333333333333333,2,2,CAGATCTACTGACCGCTATC,0,2103691
lacIp,0.3333333333333333,2,2,CAGATCATATCGTTTCATTC,0,2101882
lacIp,0.3333333333333333,2,2,CAGAGTCTGTCTTGTACTCT,0,2113885
lacIp,0.3333333333333333,2,2,CAGAGGAACGGCGGTAGATA,0,2114323
lacIp,0.3333333333333333,2,2,CAGAGACCTTGAGCTTGCAG,0,2109670
lacIp,0.3333333333333333,2,2,CAGAAATGTGTTAAGATGAG,0,2111929
lacIp,0.3333333333333333,2,2,CACTGGCCTCCCGGTCTGTC,0,2111764
lacIp,0.3333333333333333,2,2,CACTCCACTGGCCAATACCC,0,2101382
lacIp,0.3333333333333333,2,2,CACTAGGACACTCATGATAT,0,2108024
lacIp,0.3333333333333333,2,2,CACGTTCATCACTCGTATGC,0,2102617
lacIp,0.3333333333333333,2,2,CACGGACCTTGTTCAATCAG,0,2113818
lacIp,0.3333333333333333,2,2,CACGAGGACGGTCCAGTGAT,0,2109685
lacIp,0.3333333333333333,2,2,CACCGGACCATTTAAGCGTC,0,2101548
lacIp,0.3333333333333333,2,2,CACCGACGATATCGGTAAAC,0,2103575
lacIp,0.3333333333333333,2,2,CACCCATGACGGGACAGCAC,0,2105781
lacIp,0.3333333333333333,2,2,CACATGGTGTGCCCAATTTC,0,2100376
lacIp,0.3333333333333333,2,2,CACAGCTGGACTATCATCTC,0,2121759
lacIp,0.3333333333333333,2,2,CACACATGAAGCCTCTTAGA,0,2102442
lacIp,0.3333333333333333,2,2,CACAATAGCTTATCAGTCTG,0,2102115
lacIp,0.3333333333333333,2,2,CACAAGAGACCGGGTCGATA,0,2094833
lacIp,0.3333333333333333,2,2,CACAAGAAAACCCAGGCGAA,0,2095155
lacIp,0.3333333333333333,2,2,CAAGTTCGTTCACAAGGTTT,0,2092190
lacIp,0.3333333333333333,2,2,CAAGTGGATTGCCTACGAGT,0,2113842
lacIp,0.3333333333333333,2,2,CAAGTCCGGCTCCAGCGATT,0,2121715
lacIp,0.3333333333333333,2,2,CAAGGCAATAATCCAGAGCA,0,2119764
lacIp,0.3333333333333333,2,2,CAAGCCACAGCGAGTTTCAG,0,2108766
lacIp,0.3333333333333333,2,2,CAAGCATAAGACCTTACCAA,0,2108688
lacIp,0.3333333333333333,2,2,CAAGACGGATATTAGAAACT,0,2092869
lacIp,0.3333333333333333,2,2,CAAGAATCTTCTAGGTGATA,0,2114281
lacIp,0.3333333333333333,2,2,CAACTCATCACGCATAGGTC,0,2095925
lacIp,0.3333333333333333,2,2,CAACGGACCAAAACGCGTGG,0,2098486
lacIp,0.3333333333333333,2,2,CAACCCGTCGGACTGGGCCT,0,2097420
lacIp,0.3333333333333333,2,2,CAACCAACCGCGTTGCACGG,0,2093685
lacIp,0.3333333333333333,2,2,CAACATAGTTGAGCGAAGGT,0,2092977
lacIp,0.3333333333333333,2,2,CAAATGATATTCCGCTAATT,0,2108294
lacIp,0.3333333333333333,2,2,CAAATCGTTATGGGGCTGAT,0,2097507
lacIp,0.3333333333333333,2,2,CAAATCGCGGTCTCTTCGAT,0,2088896
lacIp,0.3333333333333333,2,2,CAAAGTGTTAACGCAAGGAA,0,2094670
lacIp,0.3333333333333333,2,2,CAAAGGGCGGCGGACACGGC,0,2092061
lacIp,0.3333333333333333,2,2,CAAACACTATTCGTTCACTT,0,2118234
lacIp,0.3333333333333333,2,2,CAAAATGATTCAAAGCCATT,0,2089016
lacIp,0.3333333333333333,2,2,CAAAAACTAGCGCGACTATT,0,2112279
lacIp,0.3333333333333333,2,2,ATTTTTTCAGTCTAGTTGAC,0,2103204
lacIp,0.3333333333333333,2,2,ATTTTGACGAGGTAAGTAGA,0,2087381
lacIp,0.3333333333333333,2,2,ATTTGTTACGTTCGGTGTTC,0,2119408
lacIp,0.3333333333333333,2,2,ATTTGGGGTATAGTCCAATG,0,2086915
lacIp,0.3333333333333333,2,2,ATTTGGATGATTAAAGGGTA,0,2096113
lacIp,0.3333333333333333,2,2,ATTTGGACCGGCGGTCGGGA,0,2114401
lacIp,0.3333333333333333,2,2,ATTTCGACTCGACGGCTACC,0,2113001
lacIp,0.3333333333333333,2,2,ATTTCGACAGTCGTCGGTGT,0,2093924
lacIp,0.3333333333333333,2,2,ATTTCCAGGAATAGATTACA,0,2110003
lacIp,0.3333333333333333,2,2,ATTTACTGAGAGGTTCATGT,0,2087467
lacIp,0.3333333333333333,2,2,ATTTACGTGATGGGCCGATC,0,2110449
lacIp,0.3333333333333333,2,2,ATTGTGCACTACCACGAGCG,0,2085929
lacIp,0.3333333333333333,2,2,ATTGTCTTGCAGCCTCCGCA,0,2108671
lacIp,0.3333333333333333,2,2,ATTGTCGTTACGGCCGGTTA,0,2114595
lacIp,0.3333333333333333,2,2,ATTGTACCACCTATCTCATT,0,2105110
lacIp,0.3333333333333333,2,2,ATTGGTAGCGACAAATCGGC,0,2116117
lacIp,0.3333333333333333,2,2,ATTGCGGCAGAGCCTGTCAA,0,2107730
lacIp,0.3333333333333333,2,2,ATTGCCCCGGCTTGATCGGG,0,2096106
lacIp,0.3333333333333333,2,2,ATTCTTATGTATGGAGCAGT,0,2110229
lacIp,0.3333333333333333,2,2,ATTCTCTCGTCTATTATGAC,0,2120112
lacIp,0.3333333333333333,2,2,ATTCGCCCCCTCCACAAAAG,0,2093978
lacIp,0.3333333333333333,2,2,ATTCGAGAGACGTATTTCAA,0,2103287
lacIp,0.3333333333333333,2,2,ATTCCCGGGTAGTGTTGGGA,0,2086921
lacIp,0.3333333333333333,2,2,ATTCCCAAGGCATCTAGGAC,0,2098769
lacIp,0.3333333333333333,2,2,ATTCAGCCCCCTGAACCGAC,0,2096468
lacIp,0.3333333333333333,2,2,ATTCAAGGCCGAGCTAGTTG,0,2121054
lacIp,0.3333333333333333,2,2,ATTATCCAAGGTTAGGTGAA,0,2119999
lacIp,0.3333333333333333,2,2,ATTAGTAATGAGAAAGACAC,0,2105103
lacIp,0.3333333333333333,2,2,ATTAGCTTCATGCCGGATCT,0,2091253
lacIp,0.3333333333333333,2,2,ATTACGAAACATAACCGCGT,0,2099493
lacIp,0.3333333333333333,2,2,ATGTGGTGGGTGAGGGAGTC,0,2114003
lacIp,0.3333333333333333,2,2,ATGTCGGACCGTCCAGTGTC,0,2092304
lacIp,0.3333333333333333,2,2,ATGTCGATATATTGAGCCAG,0,2102201
lacIp,0.3333333333333333,2,2,ATGTCCGACGCTTTGGTCAA,0,2099898
lacIp,0.3333333333333333,2,2,ATGTCCAGTCCAGCACGCAA,0,2118498
lacIp,0.3333333333333333,2,2,ATGTCAAACTTTGGTATACA,0,2098596
lacIp,0.3333333333333333,2,2,ATGTATTTGGTCATGCGTAC,0,2109193
lacIp,0.3333333333333333,2,2,ATGTAGAGTGGCGACTAAAA,0,2102820
lacIp,0.3333333333333333,2,2,ATGTACTGCTGCCACAGGAG,0,2095890
lacIp,0.3333333333333333,2,2,ATGGTCATGTTACATTATTT,0,2100810
lacIp,0.3333333333333333,2,2,ATGGGTTGGGCTCCACGATT,0,2085683
lacIp,0.3333333333333333,2,2,ATGGAGCGCAAGAATCGAGA,0,2093630
lacIp,0.3333333333333333,2,2,ATGGAGACTTGTGAGGATCA,0,2102507
lacIp,0.3333333333333333,2,2,ATGCTGTCATCGGCTGTTGA,0,2091258
lacIp,0.3333333333333333,2,2,ATGCTGAGGAGCCTCTCGCA,0,2089048
lacIp,0.3333333333333333,2,2,ATGCTACTCGCTAGGTCCGG,0,2119308
lacIp,0.3333333333333333,2,2,ATGCGTCTCGGCCGCCTCCA,0,2099483
lacIp,0.3333333333333333,2,2,ATGCGGTCACAAGGGGCTTG,0,2106758
lacIp,0.3333333333333333,2,2,ATGCGCTTAGTCTATGGTGA,0,2102842
lacIp,0.3333333333333333,2,2,ATGCCTGTGGAGTAATGTTA,0,2117102
lacIp,0.3333333333333333,2,2,ATGCCTGCTTGTAAGTACGT,0,2095959
lacIp,0.3333333333333333,2,2,ATGCCCTGACCGCCGTTCAC,0,2088767
lacIp,0.3333333333333333,2,2,ATGCCAGTTACTGTTGCGGC,0,2106388
lacIp,0.3333333333333333,2,2,ATGAGTTTACCATAGCATGG,0,2108095
lacIp,0.3333333333333333,2,2,ATGACTCCGTTTACGTGTAT,0,2117521
lacIp,0.3333333333333333,2,2,ATGACCCGTGCATGTGCGGA,0,2090703
lacIp,0.3333333333333333,2,2,ATCTTCCTCCATATATTGCA,0,2092617
lacIp,0.3333333333333333,2,2,ATCTGTGGGGTTTGACCATC,0,2106529
lacIp,0.3333333333333333,2,2,ATCTGGCCGGTGCTGGCAAG,0,2111297
lacIp,0.3333333333333333,2,2,ATCTGGCAAAGAAACTTACA,0,2106068
lacIp,0.3333333333333333,2,2,ATCTCCATAGAACCAGGTGA,0,2117648
lacIp,0.3333333333333333,2,2,ATCTCAGGCAAGACCTGTTA,0,2091066
lacIp,0.3333333333333333,2,2,ATCTACACTTAGTTAATAGA,0,2089961
lacIp,0.3333333333333333,2,2,ATCTAACAACGAAGACTTTG,0,2108830
lacIp,0.3333333333333333,2,2,ATCGTGTACTCCATGACAAC,0,2118025
lacIp,0.3333333333333333,2,2,ATCGTACCTCTGAGTCACCG,0,2121942
lacIp,0.3333333333333333,2,2,ATCGGTAGGATTTAAGTAAA,0,2112981
lacIp,0.3333333333333333,2,2,ATCGGACAAGGAATCAAGTG,0,2103857
lacIp,0.3333333333333333,2,2,ATCGGAATTCTGCGCTCAGT,0,2107013
lacIp,0.3333333333333333,2,2,ATCGCTCTACTCGCTTTAGA,0,2099319
lacIp,0.3333333333333333,2,2,ATCCTGACGTGTCAGCATGG,0,2092508
lacIp,0.3333333333333333,2,2,ATCCTCCTCGGTAATTTGGA,0,2105317
lacIp,0.3333333333333333,2,2,ATCCGGGAGCTGATCAACGA,0,2118567
lacIp,0.3333333333333333,2,2,ATCCGCGGCCTGTCCCCATT,0,2113219
lacIp,0.3333333333333333,2,2,ATCCGCGAAGGTTCGGGGGT,0,2114097
lacIp,0.3333333333333333,2,2,ATCCCAAGCAACGTTTTGTT,0,2109295
lacIp,0.3333333333333333,2,2,ATCATCGCCCCAAAGTTGGT,0,2091074
lacIp,0.3333333333333333,2,2,ATCATAGCATACTTTGCCGT,0,2115690
lacIp,0.3333333333333333,2,2,ATCAGGGCTCTTAAGCTTAA,0,2113441
lacIp,0.3333333333333333,2,2,ATCAGCGCCTGTTTCTGGTG,0,2108588
lacIp,0.3333333333333333,2,2,ATCAGATTGTGAGTATTCTG,0,2102213
lacIp,0.3333333333333333,2,2,ATCACACTCTTCCCCTTGAC,0,2098715
lacIp,0.3333333333333333,2,2,ATCACAAGGGATCGTGATAG,0,2093114
lacIp,0.3333333333333333,2,2,ATCAAGCCTCCGTCTGCTAG,0,2107876
lacIp,0.3333333333333333,2,2,ATATTGTGGGGCGATATGGT,0,2095967
lacIp,0.3333333333333333,2,2,ATATTATTGGGATTCCAATA,0,2105829
lacIp,0.3333333333333333,2,2,ATATGAAAGATCTGAGCGTA,0,2114039
lacIp,0.3333333333333333,2,2,ATATAAGCCAGGCTGCTGAT,0,2094402
lacIp,0.3333333333333333,2,2,ATAGTATGGAGTGGCGCAGG,0,2096639
lacIp,0.3333333333333333,2,2,ATAGGCCCGCTGCTTTCCGT,0,2118938
lacIp,0.3333333333333333,2,2,ATAGATTCGCGGCGCCCTCG,0,2099004
lacIp,0.3333333333333333,2,2,ATACTGGATTACACTCATGT,0,2118756
lacIp,0.3333333333333333,2,2,ATACTATTGATTCAGAGTAT,0,2107977
lacIp,0.3333333333333333,2,2,ATACTAATCAAGCTGGACAA,0,2097136
lacIp,0.3333333333333333,2,2,ATACGTCGTATTCACACATA,0,2108965
lacIp,0.3333333333333333,2,2,ATACCGTGCATCAGCCTGCA,0,2114312
lacIp,0.3333333333333333,2,2,ATACCAGGGTCTGTGTTGCG,0,2108748
lacIp,0.3333333333333333,2,2,ATACACCACGTCAGTCCGCA,0,2095880
lacIp,0.3333333333333333,2,2,ATAATTTCTTTCCCCCTTGA,0,2097261
lacIp,0.3333333333333333,2,2,ATAATGAGTTACGCATACTA,0,2087141
lacIp,0.3333333333333333,2,2,ATAAGTAGATGGACATTTCA,0,2091470
lacIp,0.3333333333333333,2,2,ATAAGAGGCGCCATCAGCGC,0,2107506
lacIp,0.3333333333333333,2,2,ATAAGAAATTTTGAGCGAGA,0,2100293
lacIp,0.3333333333333333,2,2,ATAACATGCTGGTTCTGCGT,0,2095251
lacIp,0.3333333333333333,2,2,ATAACAGGAACCGGGTTGTC,0,2117640
lacIp,0.3333333333333333,2,2,ATAACAACACCTAGGGCGTT,0,2087571
lacIp,0.3333333333333333,2,2,ATAAATAAGATGTGACGTGA,0,2103863
lacIp,0.3333333333333333,2,2,ATAAAAGGTCTTCACTTCGC,0,2105302
lacIp,0.3333333333333333,2,2,AGTTTGGGTCCGGAACTTTG,0,2104228
lacIp,0.3333333333333333,2,2,AGTTTCAAAATGGCTATAAA,0,2107454
lacIp,0.3333333333333333,2,2,AGTTGGGAAAAGTATTTCAC,0,2121736
lacIp,0.3333333333333333,2,2,AGTTGGCCTTATATAGACGC,0,2089938
lacIp,0.3333333333333333,2,2,AGTTCGTAGTCATGTACAGG,0,2103841
lacIp,0.3333333333333333,2,2,AGTTCCCTTGGGGCTAGCCC,0,2091023
lacIp,0.3333333333333333,2,2,AGTTAGTGTAACGCACTTGC,0,2095270
lacIp,0.3333333333333333,2,2,AGTTACTCGAGGAAGAGGTG,0,2087789
lacIp,0.3333333333333333,2,2,AGTTAAATGCGTCACTCTCA,0,2118664
lacIp,0.3333333333333333,2,2,AGTGTTACCGGCTTATCACG,0,2106564
lacIp,0.3333333333333333,2,2,AGTGGTTGGTGAGGGCGAGA,0,2118995
lacIp,0.3333333333333333,2,2,AGTGACGGAAAGGCATAGTG,0,2096694
lacIp,0.3333333333333333,2,2,AGTCTTTGCGAGATTCACTA,0,2116312
lacIp,0.3333333333333333,2,2,AGTCTTTCTTTGTTGTCTGG,0,2104475
lacIp,0.3333333333333333,2,2,AGTCTGCCTTACCTTGAACT,0,2100400
lacIp,0.3333333333333333,2,2,AGTCCATCCATGGGTTATCT,0,2116826
lacIp,0.3333333333333333,2,2,AGTATCGTCATAGCGCTGAC,0,2090928
lacIp,0.3333333333333333,2,2,AGTATCGTACCGACGATCCA,0,2115692
lacIp,0.3333333333333333,2,2,AGTAGCGATGTGGGAGTATT,0,2094474
lacIp,0.3333333333333333,2,2,AGTACCTATTTATATCTACG,0,2109389
lacIp,0.3333333333333333,2,2,AGTACAAAAAGCTTCGTAAT,0,2116527
lacIp,0.3333333333333333,2,2,AGTAAGGGTCAGGAGTGGGT,0,2122123
lacIp,0.3333333333333333,2,2,AGGTTAGCGACATTGTCGAT,0,2114173
lacIp,0.3333333333333333,2,2,AGGTGTTTAGGATGTCCTGT,0,2118278
lacIp,0.3333333333333333,2,2,AGGTAGCGTGTTAATGACGG,0,2120741
lacIp,0.3333333333333333,2,2,AGGTAATTGGTACAGTAGCA,0,2102383
lacIp,0.3333333333333333,2,2,AGGGTGGTCCAGTTTTTAAG,0,2088513
lacIp,0.3333333333333333,2,2,AGGGTGCGCTAGGCCCCAAT,0,2111384
lacIp,0.3333333333333333,2,2,AGGGTCGGCGTATGCCAAGT,0,2119103
lacIp,0.3333333333333333,2,2,AGGGGTTCAATAGTACAAGA,0,2085943
lacIp,0.3333333333333333,2,2,AGGGGAGTGGTCATGGACCT,0,2111561
lacIp,0.3333333333333333,2,2,AGGGCTATAGACGCTTGAAA,0,2104948
lacIp,0.3333333333333333,2,2,AGGGAAGAACATCAGAGTGA,0,2119953
lacIp,0.3333333333333333,2,2,AGGCTACGTGGTGGTAGGCT,0,2097830
lacIp,0.3333333333333333,2,2,AGGCCACAATACGCAGGCGA,0,2105500
lacIp,0.3333333333333333,2,2,AGGCATAATATATCACTCAC,0,2114223
lacIp,0.3333333333333333,2,2,AGGCAGGATGCCGATATATC,0,2114923
lacIp,0.3333333333333333,2,2,AGGAGTCTCCGTCTCTGGGT,0,2090922
lacIp,0.3333333333333333,2,2,AGGAGTACTATGCCAGAGTT,0,2096583
lacIp,0.3333333333333333,2,2,AGGAGGGTGTTTATCATGGT,0,2099027
lacIp,0.3333333333333333,2,2,AGGACTACTCAACTTTCTAT,0,2097065
lacIp,0.3333333333333333,2,2,AGGAATGGCCACGCAAACCC,0,2121642
lacIp,0.3333333333333333,2,2,AGGAACTTGACCGTACGCAT,0,2097683
lacIp,0.3333333333333333,2,2,AGGAAAGAACCCACACCTCT,0,2110101
lacIp,0.3333333333333333,2,2,AGCTGTCCCTTCCCATTGGG,0,2087146
lacIp,0.3333333333333333,2,2,AGCTGGAGCTACTGGCATAG,0,2088484
lacIp,0.3333333333333333,2,2,AGCTCTGACATCGGTACAGA,0,2115729
lacIp,0.3333333333333333,2,2,AGCGTCTGTCTTACCCGCGC,0,2115618
lacIp,0.3333333333333333,2,2,AGCGGGGAGGTAAGGGTCAC,0,2119286
lacIp,0.3333333333333333,2,2,AGCGCCATAATTGGCGCAGT,0,2096013
lacIp,0.3333333333333333,2,2,AGCGATGCTCTAATGTGAGG,0,2118913
lacIp,0.3333333333333333,2,2,AGCCTACGGCGAAATCTCCT,0,2103163
lacIp,0.3333333333333333,2,2,AGCCGTTGACACAGGGAATT,0,2107657
lacIp,0.3333333333333333,2,2,AGCCGCTTCTATTCCTCGCC,0,2095604
lacIp,0.3333333333333333,2,2,AGCCGCGCAGAACCAACTCA,0,2090508
lacIp,0.3333333333333333,2,2,AGCCGCAGATGGACTCCTAG,0,2108032
lacIp,0.3333333333333333,2,2,AGCCCTTCGCCCTAGTTCCC,0,2094035
lacIp,0.3333333333333333,2,2,AGCCATTATGAGAGGAGCCA,0,2117649
lacIp,0.3333333333333333,2,2,AGCCACTACATTGGTCCAGA,0,2096691
lacIp,0.3333333333333333,2,2,AGCCACCTGGTCCACCCGCA,0,2104266
lacIp,0.3333333333333333,2,2,AGCATTCCTCAAACCAGTTT,0,2102877
lacIp,0.3333333333333333,2,2,AGCATAGACGGAACGGCCAG,0,2100891
lacIp,0.3333333333333333,2,2,AGCATAAGCTGCCTTACACG,0,2121416
lacIp,0.3333333333333333,2,2,AGCAGATGGGGTGCCCAACC,0,2103604
lacIp,0.3333333333333333,2,2,AGCACTTCGATGCAGGACCG,0,2119213
lacIp,0.3333333333333333,2,2,AGCACGTTCCAACCGTAAAT,0,2093905
lacIp,0.3333333333333333,2,2,AGATTGTCAATAGGTAACTG,0,2093495
lacIp,0.3333333333333333,2,2,AGATGCACGCGGTCCACGTA,0,2092589
lacIp,0.3333333333333333,2,2,AGATCTGGAGTCATTGTCAA,0,2094570
lacIp,0.3333333333333333,2,2,AGATCAGGGGACGCGTCTCT,0,2088498
lacIp,0.3333333333333333,2,2,AGATATCCCGCGGAATGAGG,0,2116841
lacIp,0.3333333333333333,2,2,AGAGTGGGATTATGTTCAAC,0,2093312
lacIp,0.3333333333333333,2,2,AGAGTCTGTTTCAAATTGGG,0,2091662
lacIp,0.3333333333333333,2,2,AGAGGCGACTCAGGAGACGC,0,2121601
lacIp,0.3333333333333333,2,2,AGAGGAGCGGTGCATTTCAG,0,2117723
lacIp,0.3333333333333333,2,2,AGAGCACAAGCGACTGCGGG,0,2096161
lacIp,0.3333333333333333,2,2,AGAGAGTTTTCTAGTATATA,0,2087690
lacIp,0.3333333333333333,2,2,AGACTTAAAGGTCTATAAAT,0,2106834
lacIp,0.3333333333333333,2,2,AGACTCAAACATACTTATGG,0,2088058
lacIp,0.3333333333333333,2,2,AGACCGCAACTCGTATTCCC,0,2091992
lacIp,0.3333333333333333,2,2,AGACCCCGCACAACTGATGT,0,2103347
lacIp,0.3333333333333333,2,2,AGACATGCTGTTCCCTACAC,0,2112832
lacIp,0.3333333333333333,2,2,AGACATAGAGATTAAGCTTT,0,2097118
lacIp,0.3333333333333333,2,2,AGAATCGCGACATGAAAATG,0,2113647
lacIp,0.3333333333333333,2,2,AGAATAAATCAGCGTTTCGC,0,2108744
lacIp,0.3333333333333333,2,2,AGAATAAAAACTATACATTC,0,2101984
lacIp,0.3333333333333333,2,2,AGAAGAAATCGCCATGACGC,0,2103634
lacIp,0.3333333333333333,2,2,AGAACGTCGATGGCAGAGCA,0,2102384
lacIp,0.3333333333333333,2,2,ACTTGGGCAACTTAGGCCCT,0,2097863
lacIp,0.3333333333333333,2,2,ACTTGCTTGTACGTGCACAA,0,2112914
lacIp,0.3333333333333333,2,2,ACTTCAGTACTGCTTAAAGG,0,2108223
lacIp,0.3333333333333333,2,2,ACTTCACTTTATCATGGGTG,0,2104986
lacIp,0.3333333333333333,2,2,ACTTAGGCCGTTTAATTCGG,0,2103951
lacIp,0.3333333333333333,2,2,ACTGGCTGAATTCAATTGTC,0,2107207
lacIp,0.3333333333333333,2,2,ACTGACAACAGTGGGTTACA,0,2109426
lacIp,0.3333333333333333,2,2,ACTCTCCGGTCAAGCCTAGC,0,2101072
lacIp,0.3333333333333333,2,2,ACTCTAAGTGATCCCTTCCA,0,2120695
lacIp,0.3333333333333333,2,2,ACTCGACGTACTTTATTGAT,0,2117334
lacIp,0.3333333333333333,2,2,ACTCCTTTCGCGAAGCTGTA,0,2119845
lacIp,0.3333333333333333,2,2,ACTCCCATAGTCCGACAGAT,0,2090987
lacIp,0.3333333333333333,2,2,ACTCCACGTCCCACCGTTGA,0,2092628
lacIp,0.3333333333333333,2,2,ACTATTGACCGCGCGCAGTA,0,2098159
lacIp,0.3333333333333333,2,2,ACTATTACCGATGACCAGAC,0,2087823
lacIp,0.3333333333333333,2,2,ACTATGGGTGGCAGACTTAA,0,2115211
lacIp,0.3333333333333333,2,2,ACTAGAATCCCGAATCATCA,0,2093174
lacIp,0.3333333333333333,2,2,ACTAGAAGGATCGGCTCGTT,0,2112379
lacIp,0.3333333333333333,2,2,ACTACTGATCGGTGTTAGGC,0,2104333
lacIp,0.3333333333333333,2,2,ACGTTGGACTTAAGTTGGGG,0,2089010
lacIp,0.3333333333333333,2,2,ACGTGGCTTGGGGCTGCGGG,0,2102117
lacIp,0.3333333333333333,2,2,ACGTGCATTTGGGTTTCTTC,0,2096936
lacIp,0.3333333333333333,2,2,ACGTATCCTGTCAATAGCCA,0,2091998
lacIp,0.3333333333333333,2,2,ACGTAACCCACTAACGACGC,0,2087530
lacIp,0.3333333333333333,2,2,ACGGAGTGCCGAGCCGCCTC,0,2098483
lacIp,0.3333333333333333,2,2,ACGGACATCATTAAGGAGCC,0,2113431
lacIp,0.3333333333333333,2,2,ACGCTTTCAACATAGCTAAA,0,2095010
lacIp,0.3333333333333333,2,2,ACGCCTCGCGGCCCGCTATA,0,2115569
lacIp,0.3333333333333333,2,2,ACGCCATAAAGAGGATATAG,0,2093972
lacIp,0.3333333333333333,2,2,ACGCCAAGGTATTTCGACTG,0,2108879
lacIp,0.3333333333333333,2,2,ACGCATGGGGGATGAAGGTG,0,2097074
lacIp,0.3333333333333333,2,2,ACGAAGGTTACACCCACAGA,0,2092281
lacIp,0.3333333333333333,2,2,ACCTTAATGGCTGATTTGCA,0,2095742
lacIp,0.3333333333333333,2,2,ACCTGGATTGTCTACAAAGA,0,2116042
lacIp,0.3333333333333333,2,2,ACCTCTTTGGCAGTGTCGTA,0,2105442
lacIp,0.3333333333333333,2,2,ACCTCCGGTTTCAACGGACG,0,2093150
lacIp,0.3333333333333333,2,2,ACCTCAGGGCGACGCACGAG,0,2118934
lacIp,0.3333333333333333,2,2,ACCGTCCCGCCGAGTAGCGG,0,2086641
lacIp,0.3333333333333333,2,2,ACCGTAGGAAAGCACCCCAC,0,2093178
lacIp,0.3333333333333333,2,2,ACCGGAGGTCTAAATGTGTG,0,2098854
lacIp,0.3333333333333333,2,2,ACCGCGGCGGGGAGGTCGTT,0,2086677
lacIp,0.3333333333333333,2,2,ACCGCATGGAAATTTACAAC,0,2111252
lacIp,0.3333333333333333,2,2,ACCGAATACATGTGCCTTAC,0,2100041
lacIp,0.3333333333333333,2,2,ACCGAAAATAGCCATAGCTA,0,2094009
lacIp,0.3333333333333333,2,2,ACCCTTTATTCCGCGTCTAA,0,2106880
lacIp,0.3333333333333333,2,2,ACCCTTCATCTTCGTGGCGG,0,2093080
lacIp,0.3333333333333333,2,2,ACCAGTCAGAATCCACTCCT,0,2088634
lacIp,0.3333333333333333,2,2,ACCAGCTGAAGTGAACGCAT,0,2099472
lacIp,0.3333333333333333,2,2,ACCAGCACGCTTCACAGTGG,0,2104570
lacIp,0.3333333333333333,2,2,ACCAGAGTGCTGAAGGTCCT,0,2089714
lacIp,0.3333333333333333,2,2,ACCAGAACGCGGATTTGCGA,0,2104722
lacIp,0.3333333333333333,2,2,ACCACTTGTCGCGATACTTA,0,2121500
lacIp,0.3333333333333333,2,2,ACCACTCGTCTGAATATCTC,0,2110037
lacIp,0.3333333333333333,2,2,ACCAATAGTCGGGACGCGAT,0,2117056
lacIp,0.3333333333333333,2,2,ACCAATAATGCTGTCGTTGA,0,2108091
lacIp,0.3333333333333333,2,2,ACATTGGGTCGAGACAGATT,0,2119929
lacIp,0.3333333333333333,2,2,ACATTGGCTTCGGCGAGGGT,0,2107055
lacIp,0.3333333333333333,2,2,ACATTGGATTGAGAGCTATT,0,2091892
lacIp,0.3333333333333333,2,2,ACATGTAATGTGTTCTCGAA,0,2106988
lacIp,0.3333333333333333,2,2,ACATCATAAACGTCTGCTAC,0,2113696
lacIp,0.3333333333333333,2,2,ACATACTCACGGTTCAGGTG,0,2103428
lacIp,0.3333333333333333,2,2,ACAGTTTATTGTTAACGGGA,0,2088701
lacIp,0.3333333333333333,2,2,ACAGTCGTGCGTTAATTATA,0,2107990
lacIp,0.3333333333333333,2,2,ACAGTAATATATCGTGTAGA,0,2103594
lacIp,0.3333333333333333,2,2,ACAGGTAGGATGTTGGGTAT,0,2099971
lacIp,0.3333333333333333,2,2,ACAGGGGCCACTAAGTAGAT,0,2107919
lacIp,0.3333333333333333,2,2,ACAGGATTAGTCACCACAGC,0,2120011
lacIp,0.3333333333333333,2,2,ACAGCGGGCCTTCGTAACCA,0,2100087
lacIp,0.3333333333333333,2,2,ACAGCAATAGACGTTCAACA,0,2093825
lacIp,0.3333333333333333,2,2,ACAGAAAACTCGGGTCGCCA,0,2118529
lacIp,0.3333333333333333,2,2,ACACTGATTGCCACAAAGGA,0,2119257
lacIp,0.3333333333333333,2,2,ACACTCTCAAAATAATCAAC,0,2094563
lacIp,0.3333333333333333,2,2,ACACACTCAGCCCAGTTTAG,0,2095779
lacIp,0.3333333333333333,2,2,ACAATAATTGGACTGGATAT,0,2111765
lacIp,0.3333333333333333,2,2,ACAAGTACTTAAGTAGCACT,0,2110579
lacIp,0.3333333333333333,2,2,ACAACTACCAGACCACCGCT,0,2105344
lacIp,0.3333333333333333,2,2,ACAACCAAGGGTTCGAACGT,0,2092209
lacIp,0.3333333333333333,2,2,ACAAATTACAATAGCACCTC,0,2086822
lacIp,0.3333333333333333,2,2,ACAAAAGACTCTAGCGGGCT,0,2115599
lacIp,0.3333333333333333,2,2,AATTTGGCTGTACATCATTC,0,2100375
lacIp,0.3333333333333333,2,2,AATTTGCATCAGTGATGTGT,0,2114167
lacIp,0.3333333333333333,2,2,AATTTAGATCGTTTAAGTGT,0,2090872
lacIp,0.3333333333333333,2,2,AATTGGCGTTTTGTACTGGC,0,2108315
lacIp,0.3333333333333333,2,2,AATTGAAGCCCCCTTACGTC,0,2099869
lacIp,0.3333333333333333,2,2,AATTCTCAGTTTATACACGG,0,2085799
lacIp,0.3333333333333333,2,2,AATTCCAATCAGCAAGGTCG,0,2115264
lacIp,0.3333333333333333,2,2,AATTATGTTGCCGACCTGAT,0,2115814
lacIp,0.3333333333333333,2,2,AATTATGCGCCCAGCAAACT,0,2089643
lacIp,0.3333333333333333,2,2,AATTAGGTAGAATCAATGTT,0,2115775
lacIp,0.3333333333333333,2,2,AATGTAGGCCTGACCGCCCA,0,2101499
lacIp,0.3333333333333333,2,2,AATGGCGTTGCGGGGCCGGC,0,2093355
lacIp,0.3333333333333333,2,2,AATGGAAACACACATCACTG,0,2087739
lacIp,0.3333333333333333,2,2,AATGCTATCAGAATGGCTTA,0,2118258
lacIp,0.3333333333333333,2,2,AATGCCGACATACCAAGGTC,0,2096678
lacIp,0.3333333333333333,2,2,AATGAGTTTCATAACTACGC,0,2099473
lacIp,0.3333333333333333,2,2,AATCATATTGCGACGTAGCG,0,2120190
lacIp,0.3333333333333333,2,2,AATCAATATTGTCCGGCGTG,0,2101216
lacIp,0.3333333333333333,2,2,AATCAAGAGTTATACAGGGT,0,2100971
lacIp,0.3333333333333333,2,2,AATATCTGTTATAAGTGGCC,0,2087490
lacIp,0.3333333333333333,2,2,AATAGCGGGATATGCCCTCC,0,2122328
lacIp,0.3333333333333333,2,2,AATAGAGAGTTCACCCTGTC,0,2088901
lacIp,0.3333333333333333,2,2,AATAACAGTTTGCGAGGCGC,0,2090252
lacIp,0.3333333333333333,2,2,AAGTGGTGAAGTCGATGGTG,0,2104001
lacIp,0.3333333333333333,2,2,AAGTGCTCTGAGGATGTTTT,0,2122375
lacIp,0.3333333333333333,2,2,AAGGTGAATTAGGTAAGGAA,0,2088644
lacIp,0.3333333333333333,2,2,AAGGAGCGTATAATCAAGGC,0,2118766
lacIp,0.3333333333333333,2,2,AAGGAAGCGGTAAGAGGTTC,0,2097432
lacIp,0.3333333333333333,2,2,AAGCGTGGGTGGATAACAAT,0,2100172
lacIp,0.3333333333333333,2,2,AAGCCGTCTACCTCTTCGTA,0,2090581
lacIp,0.3333333333333333,2,2,AAGCCGCCCTTGGCCGGCTT,0,2090600
lacIp,0.3333333333333333,2,2,AAGCATTATAGGGGCAGACG,0,2111328
lacIp,0.3333333333333333,2,2,AAGCAATGGCAGGGGACTGG,0,2091589
lacIp,0.3333333333333333,2,2,AAGACGATCGGCCGTCCTCC,0,2109282
lacIp,0.3333333333333333,2,2,AAGAACCACTTCGGACGTCC,0,2096868
lacIp,0.3333333333333333,2,2,AACTGGGTTGTGAATTTTCA,0,2093380
lacIp,0.3333333333333333,2,2,AACTGCCGAGTTGTGACCTT,0,2101633
lacIp,0.3333333333333333,2,2,AACTGAAGCGCTCAAAGCTA,0,2111150
lacIp,0.3333333333333333,2,2,AACTCAGTTAGGGCTCTCCG,0,2092719
lacIp,0.3333333333333333,2,2,AACTCAGTATTGAAGTTATC,0,2110719
lacIp,0.3333333333333333,2,2,AACTAATTGCGAAGTTCGAA,0,2100407
lacIp,0.3333333333333333,2,2,AACTAATATTCGTTGGTAAC,0,2112946
lacIp,0.3333333333333333,2,2,AACTAACGGCCGTCTGCGGA,0,2092756
lacIp,0.3333333333333333,2,2,AACGTTAGTGCATTCTTCAG,0,2097912
lacIp,0.3333333333333333,2,2,AACGTCTTCATGGTGTCTGC,0,2120332
lacIp,0.3333333333333333,2,2,AACGTCGGCGCACTGTCAGG,0,2102124
lacIp,0.3333333333333333,2,2,AACGTCAGTCCTTCCATTTC,0,2093778
lacIp,0.3333333333333333,2,2,AACGTAGATAAGAGAGGCAT,0,2111887
lacIp,0.3333333333333333,2,2,AACGGTACGAGAGGTCAATT,0,2101340
lacIp,0.3333333333333333,2,2,AACGGGTTAGAGACCTAAAT,0,2091472
lacIp,0.3333333333333333,2,2,AACGCTCGGACGGTGTTAAG,0,2086307
lacIp,0.3333333333333333,2,2,AACGCTATACGATACCACGA,0,2116819
lacIp,0.3333333333333333,2,2,AACGCGTGTTAAATGTCACT,0,2100070
lacIp,0.3333333333333333,2,2,AACGACCACTATGTGCGATG,0,2114802
lacIp,0.3333333333333333,2,2,AACGAATGAGTTACTACCTT,0,2099273
lacIp,0.3333333333333333,2,2,AACCTCATCTTTGGCGCCAT,0,2106952
lacIp,0.3333333333333333,2,2,AACCTATGGTGTACGATAGG,0,2097814
lacIp,0.3333333333333333,2,2,AACCGGTCTGTATCAATGTT,0,2119031
lacIp,0.3333333333333333,2,2,AACCGACCTTCGTCTTTCGG,0,2088878
lacIp,0.3333333333333333,2,2,AACCCGAGAGGCGGCGCCGT,0,2092984
lacIp,0.3333333333333333,2,2,AACCAACGCCGGGGAGAAAG,0,2099628
lacIp,0.3333333333333333,2,2,AACATCTGAGGTAAAACTCA,0,2091424
lacIp,0.3333333333333333,2,2,AACAGAGAGATTAGAGTCTC,0,2086121
lacIp,0.3333333333333333,2,2,AACACCTACAAGTGTAAAGT,0,2099583
lacIp,0.3333333333333333,2,2,AACACCGGAGTATGTTCAAA,0,2087407
lacIp,0.3333333333333333,2,2,AACAAAGTTGAAGATACCTG,0,2097226
lacIp,0.3333333333333333,2,2,AAATTGGAATCGGTGTCGGT,0,2118585
lacIp,0.3333333333333333,2,2,AAATTCAGTCTTACCCATAT,0,2100431
lacIp,0.3333333333333333,2,2,AAATGATATCTTATTGAGAA,0,2089771
lacIp,0.3333333333333333,2,2,AAATCGCAGCGCAACGTAAG,0,2109439
lacIp,0.3333333333333333,2,2,AAATCGACCTTCCCTCGTAC,0,2093587
lacIp,0.3333333333333333,2,2,AAATCAGTCGGGTTCTAAGA,0,2104755
lacIp,0.3333333333333333,2,2,AAATCAATGGCCTTGCGGTC,0,2097321
lacIp,0.3333333333333333,2,2,AAATAGGTGCAGACTGACCA,0,2120431
lacIp,0.3333333333333333,2,2,AAAGTTACGTATGTTTTCCA,0,2097426
lacIp,0.3333333333333333,2,2,AAAGTGCGCATGGAGGGGCT,0,2097234
lacIp,0.3333333333333333,2,2,AAAGTCGGTTCCGCCATCTC,0,2105849
lacIp,0.3333333333333333,2,2,AAAGTAGATGTAGATTAAGT,0,2102657
lacIp,0.3333333333333333,2,2,AAAGGGGAGCCTTTGGAGTT,0,2095716
lacIp,0.3333333333333333,2,2,AAAGCAGACATATGTAAGCC,0,2103452
lacIp,0.3333333333333333,2,2,AAAGACTATTTGAAATGCGT,0,2120745
lacIp,0.3333333333333333,2,2,AAAGACTAGGCTACCACCTC,0,2109717
lacIp,0.3333333333333333,2,2,AAAGACGGTCTAAGCACCAC,0,2087084
lacIp,0.3333333333333333,2,2,AAACTTTAATTCACCATTGT,0,2096761
lacIp,0.3333333333333333,2,2,AAACTGTCATGCTAAGGAAT,0,2114074
lacIp,0.3333333333333333,2,2,AAACTCTTGATTCCCAAACA,0,2095638
lacIp,0.3333333333333333,2,2,AAACGTCTTAGCCCCGGATC,0,2106459
lacIp,0.3333333333333333,2,2,AAACGTAGCTTATCTGCGTG,0,2088234
lacIp,0.3333333333333333,2,2,AAACAGCTGTCTTGGCGGGT,0,2102536
lacIp,0.3333333333333333,2,2,AAACAACTGACTTAGGGACA,0,2102870
lacIp,0.3333333333333333,2,2,AAAACTAGCTCGTTTAATCT,0,2107223
lacIp,0.3333333333333333,2,2,AAAACGTGAGCAGCGGAATG,0,2117843
lacIp,0.3333333333333333,2,2,AAAACCGAGATCACATCAGG,0,2095108
lacIp,0.3333333333333333,2,2,AAAACCACCTACGTTGAGAT,0,2112061
lacIp,0.3333333333333333,2,2,AAAACATTTGATCGGCAGAG,0,2091283
lacIp,0.3333333333333333,2,2,AAAAACTACGCGCCCCGATG,0,2107319
lacIp,0.3333333333333333,2,2,AAAAACCCGCTGTTTAGATT,0,2120801
lacIp,0.5,1,1,TTTTTCTAAAGGAGTTAGAG,0,2117455
lacIp,0.5,1,1,TTTTGCTGGACTGCCTTGCC,0,2104005
lacIp,0.5,1,1,TTTTGCTATGACTGCCAGGA,0,2091334
lacIp,0.5,1,1,TTTTCTGCTTGATTCAATGA,0,2098597
lacIp,0.5,1,1,TTTTAAAATGGAAAAAGGAC,0,2110158
lacIp,0.5,1,1,TTTGTGGTATGAGATAACGA,0,2093618
lacIp,0.5,1,1,TTTGTGGGTTAGAGTCCTCA,0,2122069
lacIp,0.5,1,1,TTTGTAGCAATTAGGAAATA,0,2086704
lacIp,0.5,1,1,TTTGTAAAGGTAATCGCTTA,0,2121888
lacIp,0.5,1,1,TTTGGTGTACCAGCTAGATG,0,2111335
lacIp,0.5,1,1,TTTGGTGCATGCAAAAAAGA,0,2106980
lacIp,0.5,1,1,TTTGCAGTTCCGCCTAGGAG,0,2100094
lacIp,0.5,1,1,TTTGAGGTGCAACTAGCTGG,0,2117993
lacIp,0.5,1,1,TTTCTTTTCGAAAGAGGCGG,0,2100139
lacIp,0.5,1,1,TTTCGTCAAACGGGCCAAGA,0,2092960
lacIp,0.5,1,1,TTTCGGGGCCGCACGAGGTG,0,2089928
lacIp,0.5,1,1,TTTATTGAGATTTTGGAGAG,0,2107532
lacIp,0.5,1,1,TTTATGGCAAATCAGTAGTC,0,2099908
lacIp,0.5,1,1,TTTATGCCGCTCACACGTAT,0,2100753
lacIp,0.5,1,1,TTTATATGTGCGGATAGGGT,0,2121819
lacIp,0.5,1,1,TTTAGTGGGTTAAATTAGAC,0,2093006
lacIp,0.5,1,1,TTTAGGCCCCGGCAGGTCGA,0,2108623
lacIp,0.5,1,1,TTTAAGCAAGCAGCACTCCG,0,2116720
lacIp,0.5,1,1,TTTAACACATCATATAGGAT,0,2105763
lacIp,0.5,1,1,TTTAACAACAGGAAGAGTAG,0,2121783
lacIp,0.5,1,1,TTTAAAAGTCCCGACCATGC,0,2097128
lacIp,0.5,1,1,TTGTTGATTTCCTTTTTCTT,0,2100024
lacIp,0.5,1,1,TTGTGTTATACCCCATCTCA,0,2101260
lacIp,0.5,1,1,TTGTGCTACGTCAGGCATAT,0,2113850
lacIp,0.5,1,1,TTGTGACTATGGAATTGTTA,0,2088451
lacIp,0.5,1,1,TTGTCGTTAACAGTGCTTCG,0,2096006
lacIp,0.5,1,1,TTGTCGGCGTTTACGATCTA,0,2091125
lacIp,0.5,1,1,TTGTCAGCCGTCAGTTTGCA,0,2110168
lacIp,0.5,1,1,TTGTCACCATGGCTCAGTAT,0,2089278
lacIp,0.5,1,1,TTGTACGAACCCATGACACA,0,2111942
lacIp,0.5,1,1,TTGGTACATATCGGGTCGGA,0,2118816
lacIp,0.5,1,1,TTGCTTGAGCATGTAACGAT,0,2111592
lacIp,0.5,1,1,TTGCTCTCGTGGGGACAACG,0,2095306
lacIp,0.5,1,1,TTGCTACACAAATGGGGGGT,0,2115942
lacIp,0.5,1,1,TTGCGTGGGTGGGTTACTGT,0,2091179
lacIp,0.5,1,1,TTGCGAGCTACGGGTGTGAA,0,2122140
lacIp,0.5,1,1,TTGCCCGCCATCCCGGCGTA,0,2116920
lacIp,0.5,1,1,TTGCCCACAGAGGGGAATTC,0,2113099
lacIp,0.5,1,1,TTGCCATGGTACCACGATGA,0,2096946
lacIp,0.5,1,1,TTGCAGAGTCGATCGCACAT,0,2121918
lacIp,0.5,1,1,TTGCAAACCGAATATCCATA,0,2121569
lacIp,0.5,1,1,TTGATAACCACGTGTGCCCA,0,2099722
lacIp,0.5,1,1,TTGAGGAGTGTTCATCCGGA,0,2113671
lacIp,0.5,1,1,TTGACTAATCGCCCATAATG,0,2108192
lacIp,0.5,1,1,TTGACGAGGTTATCTCTAAT,0,2101775
lacIp,0.5,1,1,TTGACATACTGGATGATCCT,0,2085900
lacIp,0.5,1,1,TTGAATTTATGGGGGCGTAG,0,2094417
lacIp,0.5,1,1,TTGAATTAGTCCTCCGTTCA,0,2121711
lacIp,0.5,1,1,TTGAACTATACTTGCTATTC,0,2116828
lacIp,0.5,1,1,TTCTTGCTTTCTTGCCTCGA,0,2117514
lacIp,0.5,1,1,TTCTTAATTGGGCGCCCCCG,0,2102032
lacIp,0.5,1,1,TTCTGTTTTCGGTTGACTGC,0,2109158
lacIp,0.5,1,1,TTCTCTGAGGTGTAGGCCTT,0,2099436
lacIp,0.5,1,1,TTCTCGAGGTCCGCCGAATC,0,2102449
lacIp,0.5,1,1,TTCTAGTTCTGGTTGACATA,0,2119738
lacIp,0.5,1,1,TTCGTTTCCGCCCGCAGTAC,0,2119099
lacIp,0.5,1,1,TTCGTAGAGTAACTCCAAAT,0,2100772
lacIp,0.5,1,1,TTCGGATGTATCCTTACGGG,0,2104267
lacIp,0.5,1,1,TTCCGGTGTGCTTTAGCAAC,0,2114452
lacIp,0.5,1,1,TTCCGGAACTGAGGTTGATT,0,2092600
lacIp,0.5,1,1,TTCCGCTGTGGTCTCTCTAT,0,2098085
lacIp,0.5,1,1,TTCCCTACGTAATAGGGATT,0,2121286
lacIp,0.5,1,1,TTCCATAGTCGGCACTACGA,0,2094567
lacIp,0.5,1,1,TTCCAATGCATCGTGGAGGG,0,2103212
lacIp,0.5,1,1,TTCCAAGCGGCTGCATGTAG,0,2101988
lacIp,0.5,1,1,TTCATGTCAGAGCCTGGTGA,0,2110515
lacIp,0.5,1,1,TTCATCTGAGTCAACTCACT,0,2109986
lacIp,0.5,1,1,TTCATACGGTTCATCCGATG,0,2111610
lacIp,0.5,1,1,TTCAGATGCGAGTTGCCAGC,0,2085684
lacIp,0.5,1,1,TTCACGTCTTCAAATCCATG,0,2093765
lacIp,0.5,1,1,TTCAACTTTCTAAATAGATC,0,2095983
lacIp,0.5,1,1,TTCAAATCCAGTCGCAGCCA,0,2103218
lacIp,0.5,1,1,TTATTACACCGCGTTGTGAT,0,2087243
lacIp,0.5,1,1,TTATGTAAGTTTACCGGCAT,0,2087707
lacIp,0.5,1,1,TTATGTAAAAACTAACGATG,0,2105333
lacIp,0.5,1,1,TTATGCCCCGGGAAATGACA,0,2098903
lacIp,0.5,1,1,TTATGACTGTTCCGGATTCC,0,2087091
lacIp,0.5,1,1,TTATGAACAGTATTGCGTTC,0,2107964
lacIp,0.5,1,1,TTATCGGATTAAAGGATGAG,0,2093148
lacIp,0.5,1,1,TTATCGACTCCAAAAGCGGC,0,2114242
lacIp,0.5,1,1,TTATCGAATAGCATGCCTAT,0,2117960
lacIp,0.5,1,1,TTATAATGGAACGGGCAGGT,0,2095139
lacIp,0.5,1,1,TTATAATCTTGAAAAGTTGT,0,2092643
lacIp,0.5,1,1,TTATAAACGTCGTGGGTCGG,0,2113203
lacIp,0.5,1,1,TTAGTTAGAGTGCAACATGA,0,2087880
lacIp,0.5,1,1,TTAGTCTATCGGTTACTGGA,0,2088725
lacIp,0.5,1,1,TTAGGGAAAAGGTCAATTCA,0,2101180
lacIp,0.5,1,1,TTAGGCCGTCCCGCAAGTTG,0,2111234
lacIp,0.5,1,1,TTAGAACCAAGAAGTTCTCA,0,2094330
lacIp,0.5,1,1,TTACTTTAGGCGCGGGCCAC,0,2107527
lacIp,0.5,1,1,TTACTTTACCTGGTGCGATG,0,2094157
lacIp,0.5,1,1,TTACTTCGGTCCCGGGTTAG,0,2101396
lacIp,0.5,1,1,TTACTAGACATACCGGACGA,0,2115654
lacIp,0.5,1,1,TTACTACCTTCCTCGGGCAC,0,2114642
lacIp,0.5,1,1,TTACATGAGTGATTTCATTC,0,2097632
lacIp,0.5,1,1,TTAATAAAGTAGTCCCCGAT,0,2086530
lacIp,0.5,1,1,TTAAGTGCTGGGGACCGGTG,0,2122070
lacIp,0.5,1,1,TTAAGGAAACCCAAAGGTTG,0,2107486
lacIp,0.5,1,1,TTAAGCGACTCGCGGGGCGT,0,2115550
lacIp,0.5,1,1,TTAAGCAAGTATTGGCCAAA,0,2105476
lacIp,0.5,1,1,TTAACGGATAACAATCACGT,0,2101468
lacIp,0.5,1,1,TTAACCGAGGTTCAATGGCG,0,2090440
lacIp,0.5,1,1,TGTTTGATTTATGGCTCCTC,0,2120086
lacIp,0.5,1,1,TGTTTAGGGTGTGCTGCACG,0,2121714
lacIp,0.5,1,1,TGTTTAGACTTCGGGGTTCT,0,2100669
lacIp,0.5,1,1,TGTTGTTTGGCCCGAAAGAT,0,2103663
lacIp,0.5,1,1,TGTTGCTATGAGCTATGGTC,0,2117703
lacIp,0.5,1,1,TGTTCGGAATTCATATCCAT,0,2088722
lacIp,0.5,1,1,TGTTCCAGGACATCCTCTAG,0,2095300
lacIp,0.5,1,1,TGTGTAAGTTCATCAGACAA,0,2099910
lacIp,0.5,1,1,TGTGCGCGGGGGGGCGAAGG,0,2116838
lacIp,0.5,1,1,TGTGCGATTGGCTCACGTAG,0,2088806
lacIp,0.5,1,1,TGTGACCCTCCGTTTGCGGA,0,2090462
lacIp,0.5,1,1,TGTCTGCATAAAACCCCGTT,0,2095504
lacIp,0.5,1,1,TGTCTACACCCCTATATCTA,0,2112266
lacIp,0.5,1,1,TGTCGTGCGACTTTTAGAGT,0,2111558
lacIp,0.5,1,1,TGTCGTCTTTAAAGAAGTAC,0,2098165
lacIp,0.5,1,1,TGTATGGCTGTGCCGTTTAT,0,2102297
lacIp,0.5,1,1,TGTAGCTAACTTCATGGCTG,0,2114973
lacIp,0.5,1,1,TGTAGCGTCACCAGACCTAA,0,2110125
lacIp,0.5,1,1,TGTAGAATATGTTCACGGTG,0,2119958
lacIp,0.5,1,1,TGGTTTTTAAATTGTCGTGG,0,2119155
lacIp,0.5,1,1,TGGTTTGGACGCCAGGGGTT,0,2119827
lacIp,0.5,1,1,TGGTGTTCAATTTTAGTTTC,0,2097737
lacIp,0.5,1,1,TGGTCTAATCGTCCATCCAA,0,2085906
lacIp,0.5,1,1,TGGTAGTGCAGGATATGCAG,0,2120224
lacIp,0.5,1,1,TGGGGTCCCAAGATTATATA,0,2118533
lacIp,0.5,1,1,TGGGGGGGGAAAGGCCACGG,0,2117246
lacIp,0.5,1,1,TGGGCGCAGTGCGGACGGGG,0,2099368
lacIp,0.5,1,1,TGGGCATATACCTTGGATTA,0,2106592
lacIp,0.5,1,1,TGGGCACATCAAGGATTAGG,0,2097191
lacIp,0.5,1,1,TGGCTACCGACGGCGAGTCG,0,2090388
lacIp,0.5,1,1,TGGCGGTTTACTCAGTTGTC,0,2114212
lacIp,0.5,1,1,TGGCCTAGGACGGGCCTACA,0,2101249
lacIp,0.5,1,1,TGGCCCACAGTTGATACGTA,0,2118224
lacIp,0.5,1,1,TGGCATCGGGCCTTTGCACC,0,2122390
lacIp,0.5,1,1,TGGCATCATTCATCGGTTCG,0,2117049
lacIp,0.5,1,1,TGGCAAAGGCCGCATTGCAA,0,2105871
lacIp,0.5,1,1,TGGATTTCGTATTCAGCCTT,0,2108026
lacIp,0.5,1,1,TGGATGATGCTGCATGGTGA,0,2105230
lacIp,0.5,1,1,TGGATGACTCGTCTCCGGCC,0,2108364
lacIp,0.5,1,1,TGGATCATTGTCCTATCTGA,0,2115439
lacIp,0.5,1,1,TGGAGGGGGGTTTCGCTGCG,0,2089217
lacIp,0.5,1,1,TGGACATAGAACGTGTGCAA,0,2111707
lacIp,0.5,1,1,TGGACACAAGAGAGCCCATT,0,2108057
lacIp,0.5,1,1,TGGAATATCGCAGGATACAC,0,2097906
lacIp,0.5,1,1,TGGAACCATCAGTAGGGAGA,0,2096613
lacIp,0.5,1,1,TGCTTGGGAAACCGTCATAC,0,2097238
lacIp,0.5,1,1,TGCTGTACGACAAGGCAAGT,0,2120798
lacIp,0.5,1,1,TGCTCTATTATATTTAATTC,0,2119732
lacIp,0.5,1,1,TGCTCGCGGCTGGTCATATA,0,2115433
lacIp,0.5,1,1,TGCTCCTCGCTGTGGACTTT,0,2121881
lacIp,0.5,1,1,TGCTATTGATCCGTTCTAGA,0,2091166
lacIp,0.5,1,1,TGCTATATTCTTACTGCAAC,0,2110693
lacIp,0.5,1,1,TGCGTTTATATCGGCTATAG,0,2096640
lacIp,0.5,1,1,TGCGTACCTGGCATCAGAGG,0,2121062
lacIp,0.5,1,1,TGCGGGATGTTCAGGTGGAC,0,2093400
lacIp,0.5,1,1,TGCGGACTTGGATGAGTATG,0,2109387
lacIp,0.5,1,1,TGCGGACTAGGTCACCAGGA,0,2104698
lacIp,0.5,1,1,TGCGCTATGGATTCAAATAC,0,2096776
lacIp,0.5,1,1,TGCGCCTAGTCGGCGCTGGT,0,2094880
lacIp,0.5,1,1,TGCGACTTATGAGTATGTGT,0,2119256
lacIp,0.5,1,1,TGCGACACGGGATTAAACAT,0,2118899
lacIp,0.5,1,1,TGCGAATGTATCGAGTATTA,0,2099289
lacIp,0.5,1,1,TGCGAACGAATTCTGGTATA,0,2112513
lacIp,0.5,1,1,TGCCCAGCAAATAAACGTAA,0,2115551
lacIp,0.5,1,1,TGCCATCCCTTATGCTCTAC,0,2110147
lacIp,0.5,1,1,TGCCAACATTTTCGAAGTTG,0,2119916
lacIp,0.5,1,1,TGCATAGGGGCATCTTTGCC,0,2103561
lacIp,0.5,1,1,TGCAGGGTAATAACACGTCG,0,2111177
lacIp,0.5,1,1,TGCAGGATTGCATGCGGTAA,0,2108287
lacIp,0.5,1,1,TGCAGCTAAATCTTACGGCG,0,2099570
lacIp,0.5,1,1,TGCACGCACTCCAGAACAAG,0,2104193
lacIp,0.5,1,1,TGCACCGCTGTCTTCCACGC,0,2106712
lacIp,0.5,1,1,TGCACCACTCTCGCCACGTT,0,2105049
lacIp,0.5,1,1,TGCACAGGTTAGAAGTGCTG,0,2112750
lacIp,0.5,1,1,TGCAATGGGTGTGTCAGTCC,0,2115822
lacIp,0.5,1,1,TGCAACCTGGCATCTAGGCT,0,2119746
lacIp,0.5,1,1,TGCAAAAGGGTTACTGTTGA,0,2116885
lacIp,0.5,1,1,TGATTTCACCCTTTTCTGGC,0,2091223
lacIp,0.5,1,1,TGATGCTGTACCTCAGCACG,0,2119182
lacIp,0.5,1,1,TGATGCGGATCACAACATAA,0,2088203
lacIp,0.5,1,1,TGAGGTCAGGCTCGTAAAAT,0,2115206
lacIp,0.5,1,1,TGAGGGTCCCGTGATTAGGT,0,2098325
lacIp,0.5,1,1,TGAGGCCCAGGCACAACACT,0,2087108
lacIp,0.5,1,1,TGAGCCGGTACCAAAATGAC,0,2088452
lacIp,0.5,1,1,TGAGATTCACTCATTTCCAA,0,2120563
lacIp,0.5,1,1,TGAGATACCCCCCCAGTGTA,0,2112938
lacIp,0.5,1,1,TGAGACACACACACTAGAGC,0,2089940
lacIp,0.5,1,1,TGACGTATTGCGAATTAAAT,0,2120405
lacIp,0.5,1,1,TGACGGGTCACGCTGGCGGC,0,2087068
lacIp,0.5,1,1,TGACGCGGCCGCTAACTTTT,0,2099777
lacIp,0.5,1,1,TGACCTTTAAATGGTCAACC,0,2087131
lacIp,0.5,1,1,TGACCTTCCTCGTGAGCTCG,0,2104689
lacIp,0.5,1,1,TGACATCTTCGGCAGCAGAC,0,2105388
lacIp,0.5,1,1,TGACAGAAACCCTGGTCATA,0,2120748
lacIp,0.5,1,1,TGACAATCTCTAGTCTTATG,0,2106649
lacIp,0.5,1,1,TGAAGGAAGGATTTCGGAGA,0,2101126
lacIp,0.5,1,1,TGAAGCTCGATATGTACCTC,0,2122401
lacIp,0.5,1,1,TGAACTGGTGGGCCTAATGG,0,2097028
lacIp,0.5,1,1,TGAAAGAAGTTCCACCCTGT,0,2093829
lacIp,0.5,1,1,TGAAAAGATTTGAGTCTACT,0,2091355
lacIp,0.5,1,1,TCTTGCTAGCTCAGAAGGGG,0,2101562
lacIp,0.5,1,1,TCTTGCGTTACGGCGAGGCC,0,2104585
lacIp,0.5,1,1,TCTTGCGGACCTAAGAGATG,0,2121498
lacIp,0.5,1,1,TCTTGATCCGAGACACTATA,0,2088655
lacIp,0.5,1,1,TCTTCTGCGGTCCTTAATGG,0,2113454
lacIp,0.5,1,1,TCTTCCCATTGCGACATGGA,0,2093370
lacIp,0.5,1,1,TCTTATTCTCAATCGCCCTG,0,2119048
lacIp,0.5,1,1,TCTTACCACTCGGCAGGGTA,0,2091830
lacIp,0.5,1,1,TCTGTTAGAGGCTGGACGCT,0,2121908
lacIp,0.5,1,1,TCTGTATGTCCATGAGCGGA,0,2114188
lacIp,0.5,1,1,TCTGGACAACAGCCTTTTTA,0,2108021
lacIp,0.5,1,1,TCTGCACTAATTCCTCGGTC,0,2118543
lacIp,0.5,1,1,TCTCTTTACCGTATGTTGAT,0,2090652
lacIp,0.5,1,1,TCTCTTGTTGCGCACTTACT,0,2106657
lacIp,0.5,1,1,TCTCTGAAATACGAAGGATC,0,2101865
lacIp,0.5,1,1,TCTCTCGACTGTTTCTTCCA,0,2097447
lacIp,0.5,1,1,TCTCGAGCTCCACGCCGCAT,0,2093687
lacIp,0.5,1,1,TCTCCGAAGATCCAGTGAGC,0,2106328
lacIp,0.5,1,1,TCTCAGTTCCATGACTTACC,0,2108401
lacIp,0.5,1,1,TCTCAAGTTGACCGTCTCAG,0,2086441
lacIp,0.5,1,1,TCTCAACATTGGGGCGAGTC,0,2095359
lacIp,0.5,1,1,TCTAGTCTCTCGCCTCCGTG,0,2108221
lacIp,0.5,1,1,TCTAGTCCGGGGGGACTTTC,0,2118348
lacIp,0.5,1,1,TCTAGGGTTCTTTGGTCAAG,0,2107775
lacIp,0.5,1,1,TCTAGCTCTAGAGATGTGTT,0,2093051
lacIp,0.5,1,1,TCTAGCGACCGGGTATCACG,0,2103696
lacIp,0.5,1,1,TCTACTGGGGATTGTTGCCC,0,2107496
lacIp,0.5,1,1,TCTACGACTAAGTAGCGTCC,0,2092355
lacIp,0.5,1,1,TCGTTGAGGTAGACCAGGGC,0,2098781
lacIp,0.5,1,1,TCGTGTGATTAAATAAGTTT,0,2093776
lacIp,0.5,1,1,TCGTGCCGTGGCGTTTGGAA,0,2097751
lacIp,0.5,1,1,TCGTATACCTATGGGAGAAC,0,2121691
lacIp,0.5,1,1,TCGTACCACGTATTAAAACG,0,2098190
lacIp,0.5,1,1,TCGTACACCTGGATGTTTAA,0,2097899
lacIp,0.5,1,1,TCGTAAGTTTGCCACTGGTA,0,2114872
lacIp,0.5,1,1,TCGGTTGCTAGAACCAAGTC,0,2120567
lacIp,0.5,1,1,TCGGGTATGTTGGCAACGAA,0,2118194
lacIp,0.5,1,1,TCGGCCCTGGAAGATTGTCA,0,2086851
lacIp,0.5,1,1,TCGGAAAGGTAACCGGCAAA,0,2110427
lacIp,0.5,1,1,TCGCTCTGTCCCCCCCACAC,0,2114465
lacIp,0.5,1,1,TCGCGGGGGCGGCATCTTAT,0,2093561
lacIp,0.5,1,1,TCGCGCTAGGTTTATTACAC,0,2099045
lacIp,0.5,1,1,TCGCCATTAGAAGTACTAGA,0,2108058
lacIp,0.5,1,1,TCGCAATCGAACCCATAACA,0,2094298
lacIp,0.5,1,1,TCGAGGGGATCTAGCGGTAC,0,2089087
lacIp,0.5,1,1,TCGAGCCATAGAGTCCTTCC,0,2094113
lacIp,0.5,1,1,TCGAGACCTAGGCACAGGTT,0,2099424
lacIp,0.5,1,1,TCGACCGGACTTACTCGCCA,0,2107306
lacIp,0.5,1,1,TCCTTCGTAAAAGTGCCCAT,0,2111340
lacIp,0.5,1,1,TCCTTCCATGGACTTCATTT,0,2098572
lacIp,0.5,1,1,TCCTGCTGTTGTCTAATTTC,0,2093675
lacIp,0.5,1,1,TCCTGCTGAAGATATACCTC,0,2091807
lacIp,0.5,1,1,TCCTCTAGAGTATAGGGTAC,0,2089689
lacIp,0.5,1,1,TCCTAACCTGGCGGGGGAAT,0,2119207
lacIp,0.5,1,1,TCCTAACAGGCCTCTATTGT,0,2108682
lacIp,0.5,1,1,TCCCTGATAGCGCCGAGGCG,0,2099323
lacIp,0.5,1,1,TCCCTCTTTTTCGGGATTTG,0,2115851
lacIp,0.5,1,1,TCCCGAATCTTCGAAGAGCA,0,2087176
lacIp,0.5,1,1,TCCCGAAGTATTAGAGTCCA,0,2114351
lacIp,0.5,1,1,TCCCGAAAGTAGCATTTCGG,0,2117858
lacIp,0.5,1,1,TCCCCTGGCCACCGGGGTCT,0,2120881
lacIp,0.5,1,1,TCCCAGCCTGGCTATTGAGT,0,2118259
lacIp,0.5,1,1,TCCCACCCGATACAAACGTT,0,2093296
lacIp,0.5,1,1,TCCCAATCGGCCTGGCATTC,0,2104439
lacIp,0.5,1,1,TCCCAAAAGACGTCCATCCG,0,2105205
lacIp,0.5,1,1,TCCATGCACTTTTATGAGTG,0,2099643
lacIp,0.5,1,1,TCCATAGGACGTGGTCGGCG,0,2121217
lacIp,0.5,1,1,TCCAGGATTTGATGACATGG,0,2100595
lacIp,0.5,1,1,TCCAGATCACCCAGGATATC,0,2110491
lacIp,0.5,1,1,TCCAGAATTGATCTAGTGTT,0,2102925
lacIp,0.5,1,1,TCCACAATGCGAGTTCTCCC,0,2102380
lacIp,0.5,1,1,TCATTTTCGTGATGATGCAG,0,2104996
lacIp,0.5,1,1,TCATTACGGAGATCCTCCTT,0,2121809
lacIp,0.5,1,1,TCATTACAGCATATCTAGGT,0,2104433
lacIp,0.5,1,1,TCATGTGAATGCTGTGTTTA,0,2118963
lacIp,0.5,1,1,TCATATGGTGACTTAGGTAG,0,2116614
lacIp,0.5,1,1,TCAGTTCCTATGATGGGTGT,0,2095056
lacIp,0.5,1,1,TCAGTGCAATGGACTGGCTA,0,2089213
lacIp,0.5,1,1,TCAGGTTCATAGACGGTACG,0,2104138
lacIp,0.5,1,1,TCAGGTGCTGCAAGCGGATC,0,2112732
lacIp,0.5,1,1,TCAGGCAACCCGCCATTTCT,0,2111330
lacIp,0.5,1,1,TCAGCATAAGATCGAAAACG,0,2106429
lacIp,0.5,1,1,TCAGCAGCTGCGTCCAGGCC,0,2112965
lacIp,0.5,1,1,TCACGTTTCTGTTGCTATAC,0,2109672
lacIp,0.5,1,1,TCACGCGCGACTTGAATAAA,0,2104291
lacIp,0.5,1,1,TCACGACCAGGCATCGAAAT,0,2095132
lacIp,0.5,1,1,TCACCCGGCACTAACACGGC,0,2109966
lacIp,0.5,1,1,TCACCCAACTCGGAGTCGAA,0,2113627
lacIp,0.5,1,1,TCACAAATTGATATCAGTTT,0,2102871
lacIp,0.5,1,1,TCAATTTCTAGGCCAACGGG,0,2098082
lacIp,0.5,1,1,TCAATTGTGAGTTCCATCGC,0,2089556
lacIp,0.5,1,1,TCAATCACCAGACCTTCAAT,0,2107537
lacIp,0.5,1,1,TCAACGATGACCCTGAAAAA,0,2115062
lacIp,0.5,1,1,TCAACAGACTACACGCTTTC,0,2099003
lacIp,0.5,1,1,TCAAAGGTCTAGGAAGCTAC,0,2098934
lacIp,0.5,1,1,TATTGACCCCATGCCCCATA,0,2108657
lacIp,0.5,1,1,TATTCCCGTATGTTCCAGGA,0,2107610
lacIp,0.5,1,1,TATTCAGAGGACAAGCGAAC,0,2116678
lacIp,0.5,1,1,TATTATGCTTTTCCCTAGAC,0,2114907
lacIp,0.5,1,1,TATTATCCAGCTGGACGAGC,0,2119186
lacIp,0.5,1,1,TATTAACTCGCTTGGTCTGG,0,2120697
lacIp,0.5,1,1,TATGTTGGGGGATTCGTTTA,0,2106542
lacIp,0.5,1,1,TATGTCAGTTGGAGAAGAGA,0,2117396
lacIp,0.5,1,1,TATGGGTTAAGAATATCGCC,0,2103817
lacIp,0.5,1,1,TATGGGCTACTCTGCAACAG,0,2092689
lacIp,0.5,1,1,TATGCACACAAGGCTGCAAT,0,2101942
lacIp,0.5,1,1,TATCGGTGGTCGCAAAGCGG,0,2093000
lacIp,0.5,1,1,TATCGAATAGGATCGTAGTA,0,2101335
lacIp,0.5,1,1,TATCCTAATTAAGCGAGATA,0,2122336
lacIp,0.5,1,1,TATATGGAGCCATTTTATGA,0,2101411
lacIp,0.5,1,1,TATACTTAACGGGTGGCACA,0,2121757
lacIp,0.5,1,1,TATACGCTGTAATCAATGGG,0,2093573
lacIp,0.5,1,1,TATAATTATGTTTCCCACCC,0,2092047
lacIp,0.5,1,1,TATAAGAAGGTAGGGGCAGA,0,2090227
lacIp,0.5,1,1,TATAAACTTTCACCCACGGA,0,2113243
lacIp,0.5,1,1,TATAAACCACACAAAGACAT,0,2122031
lacIp,0.5,1,1,TATAAACATGTGCAGGGCAC,0,2103054
lacIp,0.5,1,1,TAGTCCTTGGCTGTAGTGGC,0,2112313
lacIp,0.5,1,1,TAGTCCCGGAGACTGGGGGC,0,2110045
lacIp,0.5,1,1,TAGTATATTACTACTAGCCT,0,2115190
lacIp,0.5,1,1,TAGGGCAGCGGTACGCCCGC,0,2088395
lacIp,0.5,1,1,TAGGGACTTTGGCGCCCTTG,0,2101790
lacIp,0.5,1,1,TAGGCTTTAGACTCTGCAAG,0,2112271
lacIp,0.5,1,1,TAGGCTGCCATCGGACATTA,0,2115331
lacIp,0.5,1,1,TAGGCGGGTATCGGCTTCTG,0,2089977
lacIp,0.5,1,1,TAGGCCGAGGGAGTTTAGGG,0,2103444
lacIp,0.5,1,1,TAGGAGGCATCCAATCACCT,0,2103681
lacIp,0.5,1,1,TAGGAACCTAAGACCATGCT,0,2097873
lacIp,0.5,1,1,TAGCTCCCGTACGTGCCACA,0,2099042
lacIp,0.5,1,1,TAGCGAGCGGGAACTGACGT,0,2103618
lacIp,0.5,1,1,TAGCCCCTTTTATCGTCAGT,0,2094788
lacIp,0.5,1,1,TAGCATCATCCTGGTGCTGC,0,2108086
lacIp,0.5,1,1,TAGCACCGCCGTCTACTATC,0,2114873
lacIp,0.5,1,1,TAGATTCTTGCTTGTGGAGG,0,2087821
lacIp,0.5,1,1,TAGATCGACCCAACACCACT,0,2115364
lacIp,0.5,1,1,TAGAGTGAAACCTACCTACG,0,2091026
lacIp,0.5,1,1,TAGAGTCGAGATGTGCAGCC,0,2103332
lacIp,0.5,1,1,TAGAGTCAACGGCGGTGTTT,0,2102848
lacIp,0.5,1,1,TAGAAGCAGCACTGGCACCC,0,2087181
lacIp,0.5,1,1,TACTTGGCGGGTCCGCCCCC,0,2114887
lacIp,0.5,1,1,TACTGCTACGAAAACGCACT,0,2109519
lacIp,0.5,1,1,TACTCATTCGAACTAGAATG,0,2118118
lacIp,0.5,1,1,TACTAAGTTTTGGGTTACCG,0,2101278
lacIp,0.5,1,1,TACGTGCATGTCAAGTACTC,0,2110311
lacIp,0.5,1,1,TACGTATTTAACCAGGGGCG,0,2109405
lacIp,0.5,1,1,TACGGTTAAAAGCGCGTTTA,0,2122247
lacIp,0.5,1,1,TACGCGTCCAAACGCTCAGA,0,2090920
lacIp,0.5,1,1,TACGATAAAGGGGGTTCAAT,0,2112343
lacIp,0.5,1,1,TACGAGACATGGCGTCTCAA,0,2107529
lacIp,0.5,1,1,TACCTTGACAGTTGCAGCTA,0,2114813
lacIp,0.5,1,1,TACCGGGTAAGGAGCGGTTG,0,2088509
lacIp,0.5,1,1,TACCGAGTATTATCTAGAGG,0,2100604
lacIp,0.5,1,1,TACCGAGCGATGGGTGGATC,0,2119147
lacIp,0.5,1,1,TACATTTTTTACGGCACAGC,0,2101596
lacIp,0.5,1,1,TACATCCTGTCTCGCCTTCT,0,2113251
lacIp,0.5,1,1,TACAGGCTTCCAACGCGACA,0,2113110
lacIp,0.5,1,1,TACAGCGAATGGATTAGCTG,0,2113485
lacIp,0.5,1,1,TACACCGGGAGTAGCGAAGT,0,2108056
lacIp,0.5,1,1,TAATTAGTGTTCGATTCTGT,0,2089693
lacIp,0.5,1,1,TAATGTTAGACCTCCGAGCT,0,2089590
lacIp,0.5,1,1,TAATGGAGTGCTTCGTAGGC,0,2114958
lacIp,0.5,1,1,TAATGCCGCCGAACCGGATC,0,2089160
lacIp,0.5,1,1,TAATAGGGAGGGGTCTCGCA,0,2089295
lacIp,0.5,1,1,TAAGTTTTGCATCGTTCCGT,0,2092686
lacIp,0.5,1,1,TAAGTCGGCATGTTCCGCCT,0,2095747
lacIp,0.5,1,1,TAAGGTACTAAAGGGATTAT,0,2120170
lacIp,0.5,1,1,TAAGGGATCTATTCGTGTCA,0,2103244
lacIp,0.5,1,1,TAAGGCCAGAACGGCTGGCT,0,2111593
lacIp,0.5,1,1,TAAGGAAGTTAGCCCATTCG,0,2119328
lacIp,0.5,1,1,TAAGCATATCAGTATGCAAA,0,2101019
lacIp,0.5,1,1,TAACTTTTCCGTCGGCTAAC,0,2092278
lacIp,0.5,1,1,TAACTAGCGGAAGAGACAGA,0,2101430
lacIp,0.5,1,1,TAACGTGACCTACCATGGAT,0,2096935
lacIp,0.5,1,1,TAACGATCGCAATCACCCAA,0,2092513
lacIp,0.5,1,1,TAACAAATAGTAAAGAGCAA,0,2103492
lacIp,0.5,1,1,TAAATCAGTCAGATGATGAT,0,2116189
lacIp,0.5,1,1,TAAAGGCAGTCGGCCGACAT,0,2121857
lacIp,0.5,1,1,TAAACGTATCTGGGACTGCC,0,2108118
lacIp,0.5,1,1,TAAACCGCTCAAGGAATACT,0,2103443
lacIp,0.5,1,1,TAAACCCGTCTCCCCAATTA,0,2116857
lacIp,0.5,1,1,TAAACAGTAGGGAAAAACGG,0,2106643
lacIp,0.5,1,1,TAAACACCACAGTCCCTGGG,0,2114356
lacIp,0.5,1,1,GTTTTTAGCTGCTAGTTACC,0,2099448
lacIp,0.5,1,1,GTTTGGTTCGGTGACAATAT,0,2102894
lacIp,0.5,1,1,GTTTGCTCAGTGTCTTATCC,0,2092626
lacIp,0.5,1,1,GTTTGCGCTGTTGCAATTGG,0,2106126
lacIp,0.5,1,1,GTTTGACTCTGCCAGGAACG,0,2106510
lacIp,0.5,1,1,GTTTGAACCGGAGCTCGAAG,0,2091199
lacIp,0.5,1,1,GTTTCGGGGGAGGGAACTAA,0,2098862
lacIp,0.5,1,1,GTTTCATTTACCCCATACGC,0,2120425
lacIp,0.5,1,1,GTTGTCGTACAACGATCTCA,0,2090583
lacIp,0.5,1,1,GTTGGGGTAAAATCATAAAA,0,2111116
lacIp,0.5,1,1,GTTGGCTGCAACTGGTCCGC,0,2112152
lacIp,0.5,1,1,GTTGGACATCTGAGAGGTCA,0,2114722
lacIp,0.5,1,1,GTTGCATTTCCGGGCTGACA,0,2087816
lacIp,0.5,1,1,GTTCTGAGCGCCCTATTCGA,0,2111787
lacIp,0.5,1,1,GTTCTCCGCGCTGTCGAAGG,0,2094918
lacIp,0.5,1,1,GTTCTCAGGCGAATTTCGAC,0,2109872
lacIp,0.5,1,1,GTTCGGTCTCGCAGGCACGG,0,2090090
lacIp,0.5,1,1,GTTCCGGACCATAGGAAGCT,0,2087033
lacIp,0.5,1,1,GTTCCATCGCACCCCTCGTC,0,2118918
lacIp,0.5,1,1,GTTCAGTTCCTGTTTGACGT,0,2095421
lacIp,0.5,1,1,GTTCAGTTCAAAAACAGGCC,0,2101878
lacIp,0.5,1,1,GTTCAACAAGAGGCTTACCC,0,2093625
lacIp,0.5,1,1,GTTATTTGAGTCGAGTACTC,0,2104222
lacIp,0.5,1,1,GTTATTGGGAAACATTTATG,0,2120472
lacIp,0.5,1,1,GTTATGGTTGAACGAATTTT,0,2090700
lacIp,0.5,1,1,GTTATCCGACTAGCGTCGAT,0,2109010
lacIp,0.5,1,1,GTTAGACTAGGGAGGATCCT,0,2108405
lacIp,0.5,1,1,GTTAAATCGGTACCGGACAT,0,2117206
lacIp,0.5,1,1,GTTAAATCCCGGCGAGCCAC,0,2091609
lacIp,0.5,1,1,GTGTTTGTGACAGGTTGCAT,0,2107198
lacIp,0.5,1,1,GTGTTTAGGAATCTCGCAAC,0,2118879
lacIp,0.5,1,1,GTGTTGCTTCTACCAACTTA,0,2108488
lacIp,0.5,1,1,GTGTTGAACACATTTCGATG,0,2106615
lacIp,0.5,1,1,GTGTTCGACGCCGACTCCAT,0,2117973
lacIp,0.5,1,1,GTGTGTCATAAATACAGGCG,0,2094273
lacIp,0.5,1,1,GTGTGGTACGGTGAGCTGAT,0,2094931
lacIp,0.5,1,1,GTGTGCTGCCCGATCTGGGT,0,2098880
lacIp,0.5,1,1,GTGTGCCCGACAGAAAAGCC,0,2110167
lacIp,0.5,1,1,GTGTCTTGTACGGAGCCTAA,0,2119971
lacIp,0.5,1,1,GTGTCCGCTTACATGGGATG,0,2111606
lacIp,0.5,1,1,GTGTATATGCGTTAACATTT,0,2086760
lacIp,0.5,1,1,GTGGTTCCGAAATGTTTCAC,0,2119222
lacIp,0.5,1,1,GTGGTGCGCCTTACGTAGTG,0,2102992
lacIp,0.5,1,1,GTGGGGCGTATTGAGTCAAG,0,2109667
lacIp,0.5,1,1,GTGGGATCCCAATATGTTCA,0,2101213
lacIp,0.5,1,1,GTGGCTATGAGACATCTGGA,0,2093733
lacIp,0.5,1,1,GTGGCGGACCCATTTCACCG,0,2109762
lacIp,0.5,1,1,GTGGCGCTTTTTGTCTGCGG,0,2093792
lacIp,0.5,1,1,GTGGCGCGGCGAAGGGGGAG,0,2108197
lacIp,0.5,1,1,GTGGCGCGACCGTCAGCAAT,0,2098274
lacIp,0.5,1,1,GTGGCATCATAGGGAAGCGA,0,2098551
lacIp,0.5,1,1,GTGGCAGGATGCATGGACCA,0,2100193
lacIp,0.5,1,1,GTGCTGGGACCTAGGTTAAT,0,2097367
lacIp,0.5,1,1,GTGCTGATGGGTGAATCCGG,0,2097964
lacIp,0.5,1,1,GTGCGCTGCTTAGTCCATCT,0,2103780
lacIp,0.5,1,1,GTGCGCGGATCTGGTGTGAC,0,2107325
lacIp,0.5,1,1,GTGCGCATGCGCGAGAGAAA,0,2106900
lacIp,0.5,1,1,GTGCGAAGCAGTTCTCACAA,0,2108546
lacIp,0.5,1,1,GTGCCCCCAGCAATCATGTA,0,2121035
lacIp,0.5,1,1,GTGCCATAATATTTGCATTG,0,2098798
lacIp,0.5,1,1,GTGCACGCAGTCGGGTGCCT,0,2120849
lacIp,0.5,1,1,GTGATGGCCCATTGTCAAGA,0,2093025
lacIp,0.5,1,1,GTGATGCTATTCCAAGTCAA,0,2111892
lacIp,0.5,1,1,GTGATGAGCCATCCCTCCGT,0,2089584
lacIp,0.5,1,1,GTGATCTTGTGTGTCCCCTC,0,2116503
lacIp,0.5,1,1,GTGATCCCCTGTGTCTGAGG,0,2106543
lacIp,0.5,1,1,GTGAGAGGACACCTAGGGGG,0,2114743
lacIp,0.5,1,1,GTGAATTTGGAGGCTCACGG,0,2096057
lacIp,0.5,1,1,GTCTTCCCATCGACATCCAC,0,2110082
lacIp,0.5,1,1,GTCTGACCTACAGCGTGCTC,0,2112899
lacIp,0.5,1,1,GTCTCGTAAGCTAGTAGAAG,0,2105434
lacIp,0.5,1,1,GTCTCGCTTGGTACATAGCT,0,2113038
lacIp,0.5,1,1,GTCTAATTTGCACGCACGAG,0,2101668
lacIp,0.5,1,1,GTCGGGATGAAGCCTACGTG,0,2090895
lacIp,0.5,1,1,GTCGGAGCATCGTAGCGGGT,0,2116359
lacIp,0.5,1,1,GTCGCATCCCTACTTTCTCA,0,2090391
lacIp,0.5,1,1,GTCGCAAGATGGGGTAGAGT,0,2109463
lacIp,0.5,1,1,GTCCGGAACTCCTGGATGGG,0,2090443
lacIp,0.5,1,1,GTCCGACTAACACAGGTCAC,0,2093735
lacIp,0.5,1,1,GTCCCTCAAAATCCCACACC,0,2120237
lacIp,0.5,1,1,GTCCACATATTGTGACGCCT,0,2103826
lacIp,0.5,1,1,GTCATGCATGGAATGACAAA,0,2094450
lacIp,0.5,1,1,GTCATAAAGCGGCGGCTAGT,0,2120926
lacIp,0.5,1,1,GTCAGGTGTCAGGGGCCGGT,0,2121049
lacIp,0.5,1,1,GTCACTTGCCCTTTCTGGTG,0,2096043
lacIp,0.5,1,1,GTCACGGGAAAACCCCCCTG,0,2108438
lacIp,0.5,1,1,GTCACGATGTGAGACACGAC,0,2103606
lacIp,0.5,1,1,GTCAAGCAGGACACCTTTAT,0,2090091
lacIp,0.5,1,1,GTCAACTGCCAGCTCCTAAC,0,2088713
lacIp,0.5,1,1,GTCAACACAGTTCTGTAAGA,0,2110057
lacIp,0.5,1,1,GTATTCGTACTCTTAAAACT,0,2101784
lacIp,0.5,1,1,GTATCTACAACTGGGGTAAT,0,2106794
lacIp,0.5,1,1,GTATATCAGGATATCGGACA,0,2094661
lacIp,0.5,1,1,GTAGTTTCGGTTCGGCTCTC,0,2087997
lacIp,0.5,1,1,GTAGGGTATAAGCTTATGCC,0,2102835
lacIp,0.5,1,1,GTAGGGATCTGGTCTTTACA,0,2121362
lacIp,0.5,1,1,GTAGGCTTGAGCTTTCAGTC,0,2094093
lacIp,0.5,1,1,GTAGGACCCTTGCAGCTTTG,0,2091235
lacIp,0.5,1,1,GTAGCGCCAGGTTGAGGCCA,0,2092927
lacIp,0.5,1,1,GTAGCCTAGGTTGTACATTG,0,2088071
lacIp,0.5,1,1,GTAGATACTTACAGGCCTAC,0,2112912
lacIp,0.5,1,1,GTACGTAGAGCTCAAAGAGA,0,2086635
lacIp,0.5,1,1,GTACGGTACCCACGGCGCTC,0,2097556
lacIp,0.5,1,1,GTACATCCCGTTCCGCGTAC,0,2100550
lacIp,0.5,1,1,GTACATAACAGTGACCGGGG,0,2086411
lacIp,0.5,1,1,GTAATTATTTTCAGAGGTAA,0,2098140
lacIp,0.5,1,1,GTAATTAATTCCGCCCGGCA,0,2114634
lacIp,0.5,1,1,GTAACACTTTACGACAGTCC,0,2101391
lacIp,0.5,1,1,GTAACACTTGGCGGTCGCGT,0,2104563
lacIp,0.5,1,1,GTAAAATAGGACTTCATACA,0,2105943
lacIp,0.5,1,1,GGTTTTGTGCCCCTAGCGGA,0,2116644
lacIp,0.5,1,1,GGTTGGCTACTAGGGGGCAA,0,2095256
lacIp,0.5,1,1,GGTTGGAATCATTCCTCCTT,0,2096205
lacIp,0.5,1,1,GGTTGCCTTACGCGATCTCA,0,2089230
lacIp,0.5,1,1,GGTTGAGGGCCTGAAACAGT,0,2098212
lacIp,0.5,1,1,GGTTGAAGACTCAAACCGAA,0,2113123
lacIp,0.5,1,1,GGTTCGATTAGCGGGTGAAC,0,2108648
lacIp,0.5,1,1,GGTTCATAGGTGAGCGTCTC,0,2096584
lacIp,0.5,1,1,GGTTATAACTTAGGGTTGCG,0,2086142
lacIp,0.5,1,1,GGTGTAGTCGTCTACCTATC,0,2094099
lacIp,0.5,1,1,GGTGCGAGCCAGCATGCATT,0,2114915
lacIp,0.5,1,1,GGTGCAAGTCATGGTTTTTA,0,2122150
lacIp,0.5,1,1,GGTGATATGCTCGGGGTGGG,0,2087426
lacIp,0.5,1,1,GGTGAGTAAGTACAGCTTCA,0,2109571
lacIp,0.5,1,1,GGTGACAACTATCTTATCAT,0,2086531
lacIp,0.5,1,1,GGTGAACGTGTTACTTATGT,0,2111867
lacIp,0.5,1,1,GGTGAAAAGTTGGTGGGAGG,0,2109495
lacIp,0.5,1,1,GGTCAGAAAAGCATACCACT,0,2101099
lacIp,0.5,1,1,GGTCACTCCATCCAGGTCAG,0,2086565
lacIp,0.5,1,1,GGTCAAGGAGGACTGACACA,0,2104015
lacIp,0.5,1,1,GGTATGTGTTGGAGGGCGCA,0,2106918
lacIp,0.5,1,1,GGTATCTATCAAGGGTCTCA,0,2100976
lacIp,0.5,1,1,GGTAGTTCGCAGGCCCGACA,0,2113116
lacIp,0.5,1,1,GGTACTCAGTTTTTGGACTC,0,2118363
lacIp,0.5,1,1,GGTACTCACCCTTGACTGTG,0,2105665
lacIp,0.5,1,1,GGTACAGATTCACGTTGAGG,0,2111167
lacIp,0.5,1,1,GGGTTTTCTATTTCGGGATT,0,2094882
lacIp,0.5,1,1,GGGTTTTACCCGCTAGACGG,0,2095517
lacIp,0.5,1,1,GGGTTTGGGGTACAGGATAA,0,2113080
lacIp,0.5,1,1,GGGTTCGGATTCCGTATCGC,0,2087528
lacIp,0.5,1,1,GGGTTATGAAGGCCTGTACG,0,2094218
lacIp,0.5,1,1,GGGTGGGGGTTTCCCCGGAT,0,2110261
lacIp,0.5,1,1,GGGTGAGGTCCAAATATTCC,0,2105213
lacIp,0.5,1,1,GGGTCTCACTCCTATCAGCC,0,2107640
lacIp,0.5,1,1,GGGTCGGTGTTAGGTGTAGC,0,2099629
lacIp,0.5,1,1,GGGTCAGTATAATGAAGGCA,0,2096655
lacIp,0.5,1,1,GGGTCAAAGCTTTCAGTCAA,0,2113255
lacIp,0.5,1,1,GGGTATGTGCCTTCTTGGTT,0,2099750
lacIp,0.5,1,1,GGGGTGGTCAAAAAAGGCGG,0,2096290
lacIp,0.5,1,1,GGGGGCGTACACGCCTCGGC,0,2120005
lacIp,0.5,1,1,GGGGGACGCTACTCGAATAT,0,2088760
lacIp,0.5,1,1,GGGGCTCGCCAACAAGCTAC,0,2115458
lacIp,0.5,1,1,GGGGCTCCGTTAAATTTTTG,0,2100995
lacIp,0.5,1,1,GGGGCGTCGTTATCAACAAG,0,2121244
lacIp,0.5,1,1,GGGGCCGATTCGGTCAACTT,0,2111810
lacIp,0.5,1,1,GGGGCAAACTACTGCAAGAA,0,2110950
lacIp,0.5,1,1,GGGGAGCTCATACCATTGGT,0,2100084
lacIp,0.5,1,1,GGGCTCTGTGAGCAGTGTTA,0,2120888
lacIp,0.5,1,1,GGGCTCCCGCGCAGGGGATA,0,2095290
lacIp,0.5,1,1,GGGCGTGGCAAGCTCGCTTT,0,2090969
lacIp,0.5,1,1,GGGCGGAGCAACCTCGCTAT,0,2090877
lacIp,0.5,1,1,GGGCGAAGCCCCACCACTTC,0,2100404
lacIp,0.5,1,1,GGGATTGCACAGAAGGTCGG,0,2089103
lacIp,0.5,1,1,GGGATGAAATAATGCATGGA,0,2106407
lacIp,0.5,1,1,GGGATCGTAGGATGCTCGTG,0,2102155
lacIp,0.5,1,1,GGGAGGGGAATGTCATTAGG,0,2118050
lacIp,0.5,1,1,GGGAGAAATGATTCCGCGTT,0,2110193
lacIp,0.5,1,1,GGGACTTGAGCAAGTCGCAT,0,2098765
lacIp,0.5,1,1,GGGACTGGCAGGTCCTGTTG,0,2097944
lacIp,0.5,1,1,GGGACTGAGACTGAAAACAA,0,2092964
lacIp,0.5,1,1,GGGACCGCGGGGACAGCGCG,0,2086917
lacIp,0.5,1,1,GGGACCCCCAAAACTGGTTT,0,2101725
lacIp,0.5,1,1,GGGAATACGCTGTATCCCTG,0,2089881
lacIp,0.5,1,1,GGGAACCTTCTGTTCCTCCC,0,2090317
lacIp,0.5,1,1,GGCTTGGTAGAGATTCCCTA,0,2109347
lacIp,0.5,1,1,GGCTTGCAGATTACTGATGC,0,2111906
lacIp,0.5,1,1,GGCTGATCATATTTCAGGTA,0,2120795
lacIp,0.5,1,1,GGCTGAACAAGTAGTTCTGG,0,2102882
lacIp,0.5,1,1,GGCTCGGGTCTAGGCATTGG,0,2116740
lacIp,0.5,1,1,GGCTCCGCAGATGATGGAGT,0,2092159
lacIp,0.5,1,1,GGCTAATGAGATCACGCAGC,0,2093760
lacIp,0.5,1,1,GGCGTGCATATCCCATTGGC,0,2105540
lacIp,0.5,1,1,GGCGTCTGATCCTTCATAGA,0,2095267
lacIp,0.5,1,1,GGCGTCCGAAAGCGGTGGGT,0,2111512
lacIp,0.5,1,1,GGCGGTGTTATAGGACCCAG,0,2113967
lacIp,0.5,1,1,GGCGGTGCTAACGTTCCATG,0,2113253
lacIp,0.5,1,1,GGCGGGCGCCGGTTTGCAGA,0,2107417
lacIp,0.5,1,1,GGCGGCTCAGACACTTACAC,0,2110596
lacIp,0.5,1,1,GGCGCATTGGGGACGTTTCA,0,2094538
lacIp,0.5,1,1,GGCCGTGTATCACTTCTTTG,0,2109852
lacIp,0.5,1,1,GGCCGCCCGTAGTCTGGTCT,0,2109635
lacIp,0.5,1,1,GGCCCGAAGGATGACGCGTC,0,2120446
lacIp,0.5,1,1,GGCCCCTTCAATGGAGGGCA,0,2111262
lacIp,0.5,1,1,GGCCATGATCAATGGGCGGT,0,2110776
lacIp,0.5,1,1,GGCCAGAGGTGATGCGTCGT,0,2104812
lacIp,0.5,1,1,GGCATTGTGAATTAGGCTAT,0,2101640
lacIp,0.5,1,1,GGCATGACAAAGGCGGGCCA,0,2087344
lacIp,0.5,1,1,GGATTCCAGTATCTGTTTAT,0,2118400
lacIp,0.5,1,1,GGATTCAAACTCGGGTGAGT,0,2115043
lacIp,0.5,1,1,GGATGTGAGTTTCTGCTTAA,0,2114757
lacIp,0.5,1,1,GGATCCGAAATTGCACATAA,0,2088900
lacIp,0.5,1,1,GGATCAGTGGTCTTCAATAG,0,2116699
lacIp,0.5,1,1,GGATCACACATTGGGGCGCT,0,2097798
lacIp,0.5,1,1,GGATATGTTCACGGTCAGAC,0,2121903
lacIp,0.5,1,1,GGAGTGGTTCTCCCTCGTAA,0,2100011
lacIp,0.5,1,1,GGAGTGGCGTCACTCCTCGA,0,2108592
lacIp,0.5,1,1,GGAGGTTGAAACCCGAGGTA,0,2102234
lacIp,0.5,1,1,GGAGGGACCGGCGGACGATA,0,2119381
lacIp,0.5,1,1,GGAGGCTGGACGGATAAGGG,0,2118360
lacIp,0.5,1,1,GGAGCACCGTATATCTTAAA,0,2112137
lacIp,0.5,1,1,GGACTGAATATTAGTTACCT,0,2107186
lacIp,0.5,1,1,GGACTCACAAAGCGGGTAGC,0,2097708
lacIp,0.5,1,1,GGACGTAACTACGCAGAATG,0,2116533
lacIp,0.5,1,1,GGACGATCGCAAACTGTTCC,0,2117237
lacIp,0.5,1,1,GGACCGGGACTCCTCGGCCA,0,2099131
lacIp,0.5,1,1,GGACAGTGAAATCAGTAACT,0,2113658
lacIp,0.5,1,1,GGACAGGTGCCAATGACCAT,0,2102673
lacIp,0.5,1,1,GGACAGAGGGAGTACCGAGT,0,2106412
lacIp,0.5,1,1,GGACACACGTCATTAGTAGC,0,2113254
lacIp,0.5,1,1,GGAATGCTGGCGGTGTAACT,0,2090146
lacIp,0.5,1,1,GGAAGTACAGGGAAACCGCA,0,2110841
lacIp,0.5,1,1,GGAACTGGAGGGCCTGGACT,0,2092901
lacIp,0.5,1,1,GGAACGATACACGGAATACC,0,2109637
lacIp,0.5,1,1,GGAAATTTCGCGATGCCCCG,0,2089517
lacIp,0.5,1,1,GGAAAGCATCGCCGAATAGG,0,2109848
lacIp,0.5,1,1,GGAAACCGCTGTCTAAATAT,0,2102551
lacIp,0.5,1,1,GGAAAATGTCCGTAGACAGA,0,2097282
lacIp,0.5,1,1,GGAAAATATGTACTCATTTC,0,2091423
lacIp,0.5,1,1,GCTTTGTCATGCCTGGTAGA,0,2107435
lacIp,0.5,1,1,GCTTCGAACTCCGTAACAAC,0,2086736
lacIp,0.5,1,1,GCTTCGAAAGTTTGTTGGTA,0,2110770
lacIp,0.5,1,1,GCTTCAGGACTTCTTGCAAA,0,2093192
lacIp,0.5,1,1,GCTTATTGACGCCTCGGAGG,0,2089263
lacIp,0.5,1,1,GCTTATCGTGGCAGCCCCTC,0,2113155
lacIp,0.5,1,1,GCTGGATCACTGCGAGCGCT,0,2101758
lacIp,0.5,1,1,GCTGACATTTCCCCGGATGC,0,2090451
lacIp,0.5,1,1,GCTCGGAATTCCGTCCTTGT,0,2104088
lacIp,0.5,1,1,GCTCGAGTATATGCATTTGG,0,2117607
lacIp,0.5,1,1,GCTCCGCCTTGGTGAAACAA,0,2088049
lacIp,0.5,1,1,GCTCATATGTTCAAAAGCCA,0,2112569
lacIp,0.5,1,1,GCTCAGGTAGGCTTGCTGGA,0,2092454
lacIp,0.5,1,1,GCTCAGGCTTGACTACGGCC,0,2109038
lacIp,0.5,1,1,GCTATTGGAGTTAGACCAAC,0,2114584
lacIp,0.5,1,1,GCTAGGACGGTAGTTGGCGC,0,2091499
lacIp,0.5,1,1,GCTACTCGGCTTCGTTGTGG,0,2092671
lacIp,0.5,1,1,GCTAATCAATGTGGCCTAGC,0,2105511
lacIp,0.5,1,1,GCTAACGGGGCTATGCTAAA,0,2117515
lacIp,0.5,1,1,GCGTTTTTTGACGCAGGGAC,0,2094050
lacIp,0.5,1,1,GCGTTGTTGGGTTTAATTCA,0,2120265
lacIp,0.5,1,1,GCGTGTTGGGGATTCTCGTC,0,2099092
lacIp,0.5,1,1,GCGTGCTTGTCGGCGGATAA,0,2103809
lacIp,0.5,1,1,GCGTGAGCAGTCTAGCGGGA,0,2095720
lacIp,0.5,1,1,GCGTCTTTCTAACTTGTTAG,0,2122298
lacIp,0.5,1,1,GCGTAGTCTAGCAGTAGATC,0,2094950
lacIp,0.5,1,1,GCGTACGAAAGTCAGAAATG,0,2095606
lacIp,0.5,1,1,GCGTACATTTCCCACAACAT,0,2106256
lacIp,0.5,1,1,GCGTAATCAAAGTGTTTGCT,0,2089903
lacIp,0.5,1,1,GCGGTGCCCCTCCAGTCGTT,0,2115747
lacIp,0.5,1,1,GCGGGTTCTAGGGTCTTAAA,0,2107144
lacIp,0.5,1,1,GCGGGTGACTGCCGCCGATA,0,2106385
lacIp,0.5,1,1,GCGGGGGAGAGGTGTCAATG,0,2119365
lacIp,0.5,1,1,GCGGGCGGAAACATTGGTGC,0,2094816
lacIp,0.5,1,1,GCGGGACATGACAAGACGGG,0,2092535
lacIp,0.5,1,1,GCGGCGTTCCCTGCTAGGGC,0,2092364
lacIp,0.5,1,1,GCGGCACTCTAAATCGGCGG,0,2103085
lacIp,0.5,1,1,GCGGACTAGGCAGACGTTAG,0,2092012
lacIp,0.5,1,1,GCGCGGGTATAGTTAGGAAA,0,2117466
lacIp,0.5,1,1,GCGCGCCGGGACCCGGAACT,0,2105501
lacIp,0.5,1,1,GCGCGCAGGCGTCAGTGACG,0,2108809
lacIp,0.5,1,1,GCGCCCATTGTTTTAAACAA,0,2118686
lacIp,0.5,1,1,GCGCAGGTCCTAAAGTTGCA,0,2118028
lacIp,0.5,1,1,GCGATGAACTGCCAGCTGCC,0,2103150
lacIp,0.5,1,1,GCGATCTCCCTTGTAACGCA,0,2095810
lacIp,0.5,1,1,GCGATAGTGTGCGTGGGTGT,0,2094938
lacIp,0.5,1,1,GCGAGTTGTGCTTTTCGCCT,0,2119119
lacIp,0.5,1,1,GCGAGTTCGCATAATTTAGA,0,2116198
lacIp,0.5,1,1,GCGACTTCGCCGGGACTTTG,0,2111128
lacIp,0.5,1,1,GCGACATAGGGCAATGTGTA,0,2087400
lacIp,0.5,1,1,GCGAAGTTTAGAAGGGTTTA,0,2121646
lacIp,0.5,1,1,GCCTTTGGAAGTATCTCCCT,0,2102684
lacIp,0.5,1,1,GCCTTGTCCTGTTAGACCGG,0,2099148
lacIp,0.5,1,1,GCCTTCGCCATGACTTTGTG,0,2117646
lacIp,0.5,1,1,GCCTTCCGCCTTCCCAGCGA,0,2120452
lacIp,0.5,1,1,GCCTGGCATCATAGCTCGGC,0,2119205
lacIp,0.5,1,1,GCCTCGCAGTTCCGGTCACT,0,2095030
lacIp,0.5,1,1,GCCTAGCCGTGATAAGATGG,0,2109938
lacIp,0.5,1,1,GCCTAATTTCAGTCTGGGCA,0,2118309
lacIp,0.5,1,1,GCCGTTTTCAAAGCCCACAC,0,2092975
lacIp,0.5,1,1,GCCGGGGAGACTGTACCAGA,0,2111568
lacIp,0.5,1,1,GCCGGGAGAAACAATGCCGT,0,2092547
lacIp,0.5,1,1,GCCGGCTTACTAGGGTGTTC,0,2109766
lacIp,0.5,1,1,GCCGCAACTTAATGCGGACA,0,2104049
lacIp,0.5,1,1,GCCCTTGCCACCGGAATCGC,0,2110703
lacIp,0.5,1,1,GCCCTCGGATGTCAGTCTTT,0,2093657
lacIp,0.5,1,1,GCCCGTCCCGTTAGTGTGGC,0,2087593
lacIp,0.5,1,1,GCCCGGCTACGCAAATTGGG,0,2091796
lacIp,0.5,1,1,GCCCCGCCGCGTTACCAAGA,0,2120584
lacIp,0.5,1,1,GCCCATGATACGTATAGGGT,0,2121967
lacIp,0.5,1,1,GCCCATCTGCCCACAATACT,0,2097404
lacIp,0.5,1,1,GCCCATCCGCTCAACTCGCA,0,2121214
lacIp,0.5,1,1,GCCCAGATATTCAACACAAC,0,2090910
lacIp,0.5,1,1,GCCAGGCCTCTAATTAAGAC,0,2117041
lacIp,0.5,1,1,GCCAGCCGGGACTCGGATAC,0,2118019
lacIp,0.5,1,1,GCCACGACGTAGCTGGACTA,0,2118834
lacIp,0.5,1,1,GCCACACAAACTGTAGCGGG,0,2099402
lacIp,0.5,1,1,GCATTGGCCAGTGTTGTCCT,0,2097689
lacIp,0.5,1,1,GCATAGTTCATTTGCAATCT,0,2087162
lacIp,0.5,1,1,GCATACTTCGGCTCTAGCCG,0,2102753
lacIp,0.5,1,1,GCAGTACCGATCGCGTGAAT,0,2093576
lacIp,0.5,1,1,GCAGCCCTCGTAAGGGGACT,0,2091952
lacIp,0.5,1,1,GCACTTGGGACGGCTATGTA,0,2102256
lacIp,0.5,1,1,GCACGTGGCACACTACTCTC,0,2107592
lacIp,0.5,1,1,GCACGTGATATTCCTGTACT,0,2117942
lacIp,0.5,1,1,GCACCCTCCGGCCGATTGAT,0,2122122
lacIp,0.5,1,1,GCACCCGTGCTCAAATGACT,0,2108491
lacIp,0.5,1,1,GCACATGGAAAGCCAAGATC,0,2106129
lacIp,0.5,1,1,GCAATTTTGTTATTCTAAAC,0,2109795
lacIp,0.5,1,1,GCAATTGGTTCGTCGAGAAT,0,2110317
lacIp,0.5,1,1,GCAAGTAGTAAATTGAGGTT,0,2093833
lacIp,0.5,1,1,GCAAGCCCTTACGATTTAAA,0,2109657
lacIp,0.5,1,1,GCAAGAGAATATAACTAATC,0,2100494
lacIp,0.5,1,1,GCAAGACGTCCTTACGTTGA,0,2122124
lacIp,0.5,1,1,GCAACTCTAGTAATACCCGG,0,2106330
lacIp,0.5,1,1,GCAACGCGTATATGGTCCTA,0,2117273
lacIp,0.5,1,1,GCAACCTTCACACGGGACAA,0,2117404
lacIp,0.5,1,1,GCAACCGTGGTTAAACCATT,0,2120587
lacIp,0.5,1,1,GCAACCCCAGAGTGCTAGCT,0,2099775
lacIp,0.5,1,1,GCAACAGCACAGTCGATCGC,0,2095182
lacIp,0.5,1,1,GCAACACTTAATAAATGGCG,0,2118137
lacIp,0.5,1,1,GCAAATTAGGCGAGCGCTGG,0,2111948
lacIp,0.5,1,1,GCAAATCTGCCACATCAGTC,0,2104740
lacIp,0.5,1,1,GATTTGTCTCAATGTACTTA,0,2114166
lacIp,0.5,1,1,GATTTCGCTTTTTAGAGCTC,0,2087588
lacIp,0.5,1,1,GATTTAAATCTAGATTTCTT,0,2091800
lacIp,0.5,1,1,GATTGTTAGGCGGTAGATTC,0,2121656
lacIp,0.5,1,1,GATTCGTAAGGCACGAAATT,0,2108640
lacIp,0.5,1,1,GATTCGGATGAACTCTGGTA,0,2097528
lacIp,0.5,1,1,GATTATCCAGAACCAGCTAA,0,2095908
lacIp,0.5,1,1,GATTAGTATTTCGTCTGACC,0,2096143
lacIp,0.5,1,1,GATTAGACGTCTCTGAGCAG,0,2105081
lacIp,0.5,1,1,GATGTCGAGTTTGGGGGAGC,0,2117076
lacIp,0.5,1,1,GATGGATGCGTTAAAGCCTG,0,2112050
lacIp,0.5,1,1,GATGGATATGAATTCCAATA,0,2104081
lacIp,0.5,1,1,GATGAAGGTGAATCCTGGAT,0,2121712
lacIp,0.5,1,1,GATCTCCTCGATTCCAGGCC,0,2115602
lacIp,0.5,1,1,GATCGTGTCAGAGCAGAGAT,0,2122325
lacIp,0.5,1,1,GATCCTTTCAGGAGGACCCT,0,2113533
lacIp,0.5,1,1,GATCCGCCATAAATACGCGG,0,2095756
lacIp,0.5,1,1,GATCATGGACCAATGCTGGT,0,2109994
lacIp,0.5,1,1,GATCAACATTCTCTTCTAGT,0,2111574
lacIp,0.5,1,1,GATAAAGGGGTTTTGCATCC,0,2102063
lacIp,0.5,1,1,GATAAACATGTCAGGCGGAG,0,2091564
lacIp,0.5,1,1,GAGTTCGTCGCACCCATCCC,0,2092261
lacIp,0.5,1,1,GAGTTAGTGACGTCGTCGTA,0,2112349
lacIp,0.5,1,1,GAGTGGTCTATCGCCGGGCT,0,2104997
lacIp,0.5,1,1,GAGTGGCGTGAAAGGTACTT,0,2107015
lacIp,0.5,1,1,GAGTCATAAGGCCTTCCCCT,0,2108435
lacIp,0.5,1,1,GAGTCAATAACGGCAACAGT,0,2108171
lacIp,0.5,1,1,GAGTATACTATTACGCGCGT,0,2105145
lacIp,0.5,1,1,GAGTAGCTGAATTGACGGTC,0,2099023
lacIp,0.5,1,1,GAGGTTCACTCTACCTGCAG,0,2122006
lacIp,0.5,1,1,GAGGTGACGGCCCCTGTCCT,0,2108175
lacIp,0.5,1,1,GAGGGTATTGTCAACTGAGC,0,2107711
lacIp,0.5,1,1,GAGGCTGATAAACGTTGGGC,0,2087915
lacIp,0.5,1,1,GAGGCGCCAGCTTTGACACT,0,2097036
lacIp,0.5,1,1,GAGGCCCGATGCCCAGTAGT,0,2094444
lacIp,0.5,1,1,GAGGATTCATAAAATACATC,0,2091330
lacIp,0.5,1,1,GAGGATGGTGTACAAGTATT,0,2117099
lacIp,0.5,1,1,GAGGATGATGATAGCATGGA,0,2089006
lacIp,0.5,1,1,GAGCTCGAGTAAGGTAAAGG,0,2111883
lacIp,0.5,1,1,GAGCTCACGAATAGGAGGTC,0,2117632
lacIp,0.5,1,1,GAGCCGTCCTCCGGGATTGG,0,2093506
lacIp,0.5,1,1,GAGCCACCTGATCTCGGTCA,0,2089288
lacIp,0.5,1,1,GAGCAAATTAGTACGTAGGC,0,2121530
lacIp,0.5,1,1,GAGATTTAGCCGTTGACACT,0,2088362
lacIp,0.5,1,1,GAGATGCATTGCGCGAAGGT,0,2117035
lacIp,0.5,1,1,GAGATCAACACGGATGATAT,0,2098732
lacIp,0.5,1,1,GAGACACTAGGGATTACATA,0,2100125
lacIp,0.5,1,1,GAGACACCATAGATCGGGTA,0,2117365
lacIp,0.5,1,1,GAGAAATGCAGCTAGCGAAG,0,2092670
lacIp,0.5,1,1,GAGAAAAGCCTTCAAAGGCA,0,2094712
lacIp,0.5,1,1,GACTTGTGCCGATTTATCCA,0,2093824
lacIp,0.5,1,1,GACTTCTCCCTTGGGTGGTA,0,2105804
lacIp,0.5,1,1,GACTTCCGCCCCTGTCGCTA,0,2108102
lacIp,0.5,1,1,GACTGTCGTAGCTGCCTTAT,0,2093498
lacIp,0.5,1,1,GACTGTAGTAATCGCGTAAG,0,2096950
lacIp,0.5,1,1,GACTGGTTCGCCTAGCGCGA,0,2094720
lacIp,0.5,1,1,GACTGCCCAGTAGTACGTGG,0,2087969
lacIp,0.5,1,1,GACTATTGGCATGGACCAAC,0,2117806
lacIp,0.5,1,1,GACTATATATTTACCACTTT,0,2119480
lacIp,0.5,1,1,GACGTACACAGTCGCGGTTC,0,2089112
lacIp,0.5,1,1,GACGGCGATTAATTATCATC,0,2121655
lacIp,0.5,1,1,GACGATGAACCTATGGGGGC,0,2105408
lacIp,0.5,1,1,GACCTGACCTCAATACGTCA,0,2091656
lacIp,0.5,1,1,GACCGCACATATACTTCTAA,0,2106252
lacIp,0.5,1,1,GACCCAAAGAGTCACGTTTC,0,2097554
lacIp,0.5,1,1,GACCAAGAACCTGCTGGACT,0,2107119
lacIp,0.5,1,1,GACCAAAGGAAAGGTCAGAA,0,2098549
lacIp,0.5,1,1,GACAGTTTAGTTCAGCCGCT,0,2102748
lacIp,0.5,1,1,GACAGCGCACTCTTTGGTGT,0,2099856
lacIp,0.5,1,1,GACAGAGTATCTAGCTTAGG,0,2090320
lacIp,0.5,1,1,GACACTGTTCTAACGTCCAG,0,2121596
lacIp,0.5,1,1,GACACCGAACCCTGCCAGTG,0,2105330
lacIp,0.5,1,1,GACAAAGGCTTTCACCTTCA,0,2102260
lacIp,0.5,1,1,GACAAAATTATGGTCTACTC,0,2086796
lacIp,0.5,1,1,GAATTTGAGCAGCATCAATC,0,2115216
lacIp,0.5,1,1,GAATGGCTTATGGCAACGCT,0,2086618
lacIp,0.5,1,1,GAATACATCTTGTGTAAGAC,0,2104154
lacIp,0.5,1,1,GAATAAACGTAAAAAAACGT,0,2111251
lacIp,0.5,1,1,GAAGTAAGTGGGGTGCAGAA,0,2119530
lacIp,0.5,1,1,GAAGGTTTCGTGTCAGGCGG,0,2122082
lacIp,0.5,1,1,GAAGGGTGTGATTTAATGGC,0,2120825
lacIp,0.5,1,1,GAAGGATATACAATAATGGG,0,2120818
lacIp,0.5,1,1,GAAGCACTCCATGTACCAGC,0,2095201
lacIp,0.5,1,1,GAAGACCTCTCGCACGGTCC,0,2090575
lacIp,0.5,1,1,GAACTACAAGACGTGTGGGC,0,2118708
lacIp,0.5,1,1,GAACGTATTACACTCCGAGG,0,2089535
lacIp,0.5,1,1,GAACGCGATTGGATATATGG,0,2110916
lacIp,0.5,1,1,GAACCGAAGAGGACTAAATA,0,2106333
lacIp,0.5,1,1,GAAAGTTCAATCTAGCAGTT,0,2090125
lacIp,0.5,1,1,GAAAGTAACTCACATCCTCG,0,2118062
lacIp,0.5,1,1,GAAAGATCTTGTGATTCCGT,0,2116825
lacIp,0.5,1,1,GAAACCCCATGGGTGATATA,0,2118325
lacIp,0.5,1,1,CTTTTCCGAGACATACGAAT,0,2112051
lacIp,0.5,1,1,CTTTTAAGAGCCAGTTGTTC,0,2095242
lacIp,0.5,1,1,CTTTCGGCGCAAATATTGCG,0,2114175
lacIp,0.5,1,1,CTTTACCTGTCTCGGTTACT,0,2100902
lacIp,0.5,1,1,CTTGTTCCAACATTAAGGGA,0,2086885
lacIp,0.5,1,1,CTTGTGAGGCGACTACGCAA,0,2102190
lacIp,0.5,1,1,CTTGCAGCTATACCGACAGG,0,2088330
lacIp,0.5,1,1,CTTCTTGGGCTACCTAAAGT,0,2113802
lacIp,0.5,1,1,CTTCTGATGGGCAAATCGTT,0,2101400
lacIp,0.5,1,1,CTTCATCGTCCCCCCCTATT,0,2109096
lacIp,0.5,1,1,CTTATGGTCTCTTGTTCTAT,0,2116259
lacIp,0.5,1,1,CTTAGACGGGTGTCGTATCC,0,2091069
lacIp,0.5,1,1,CTTACGTGATCGGCTCCGCC,0,2119462
lacIp,0.5,1,1,CTTACCATACACTATCAGAT,0,2090796
lacIp,0.5,1,1,CTTAAGTTATTAGTTGTAAT,0,2099064
lacIp,0.5,1,1,CTGTGTATCAGAATAGCGCG,0,2103503
lacIp,0.5,1,1,CTGTGGTCTTGTTCAAGTGG,0,2087971
lacIp,0.5,1,1,CTGTGGTCGGTACACAGATG,0,2099425
lacIp,0.5,1,1,CTGTCAGGAGGCACTTGAGG,0,2098164
lacIp,0.5,1,1,CTGTATGGTCTGTCCCGCTG,0,2119898
lacIp,0.5,1,1,CTGGTTGCTTCCTTTGTGAT,0,2105972
lacIp,0.5,1,1,CTGGTGCCGGTCTAAGCCAG,0,2092648
lacIp,0.5,1,1,CTGGTGAGTTTAAAGGAGTC,0,2092244
lacIp,0.5,1,1,CTGGTATATTGTGGGTGACA,0,2096335
lacIp,0.5,1,1,CTGGTATAGATTCGAGCCTG,0,2120726
lacIp,0.5,1,1,CTGGGCCCCGGCCACTCAAC,0,2097958
lacIp,0.5,1,1,CTGCTTTTCCCAGGGGTTAC,0,2121649
lacIp,0.5,1,1,CTGCTGAACCACACTCGCCA,0,2121264
lacIp,0.5,1,1,CTGCGACGGCGAGGATCACA,0,2085880
lacIp,0.5,1,1,CTGCCCTTTTACTCTGTGAC,0,2099672
lacIp,0.5,1,1,CTGCCCGGACAGGCTGGTAT,0,2114011
lacIp,0.5,1,1,CTGCCCCCATGCTTTTGGAC,0,2089140
lacIp,0.5,1,1,CTGCCAAGAGTACGGTCGAA,0,2090294
lacIp,0.5,1,1,CTGCAGCAGAGTTAGATTGT,0,2120699
lacIp,0.5,1,1,CTGCACACCAGATCCAATAA,0,2117019
lacIp,0.5,1,1,CTGCAATGGGTAGGTCCTTA,0,2106442
lacIp,0.5,1,1,CTGCAAATCACAGGCCGGCA,0,2092736
lacIp,0.5,1,1,CTGACTAAAAATCACGGAAA,0,2109438
lacIp,0.5,1,1,CTGACCTGTGTACAGGGTTC,0,2095262
lacIp,0.5,1,1,CTGACAGTGTTGGTGGTCGT,0,2106146
lacIp,0.5,1,1,CTGAAGGGAGACGGTAGCTA,0,2116617
lacIp,0.5,1,1,CTGAAGGACTCAATGGACTG,0,2109541
lacIp,0.5,1,1,CTCTTGTTGTCAGTCATGAT,0,2102144
lacIp,0.5,1,1,CTCTCTTGGGGGGTGAAACA,0,2094505
lacIp,0.5,1,1,CTCTCGCAAGTTACATACGT,0,2102815
lacIp,0.5,1,1,CTCTAGTTCAGAGGTGTATC,0,2105420
lacIp,0.5,1,1,CTCGTTGTTTGCGCTTCGGT,0,2116199
lacIp,0.5,1,1,CTCGTCTTACTGTACTCAGT,0,2111076
lacIp,0.5,1,1,CTCGGGCGCCCCAAGCTCTC,0,2096573
lacIp,0.5,1,1,CTCGGCTTATGCGAGTCGTT,0,2089122
lacIp,0.5,1,1,CTCGGACTTTCCTACCATCT,0,2111025
lacIp,0.5,1,1,CTCGCTTTTACATATTCTTA,0,2116152
lacIp,0.5,1,1,CTCCTTTCTGTTTATGCGTG,0,2089937
lacIp,0.5,1,1,CTCCTGTAATCTATTACGGT,0,2118511
lacIp,0.5,1,1,CTCCTGAGTTCGTAAGTATT,0,2097674
lacIp,0.5,1,1,CTCCTAAAAGGATGGCAGAT,0,2108478
lacIp,0.5,1,1,CTCCCCAACATAGCTGGATT,0,2116922
lacIp,0.5,1,1,CTCCCACTTTAACCGGCGGT,0,2113738
lacIp,0.5,1,1,CTCCAAGTTGGTCATTGTTC,0,2107224
lacIp,0.5,1,1,CTCCAAGGTTTGGACATGTG,0,2101908
lacIp,0.5,1,1,CTCATTAAATAGGTTACGTA,0,2103865
lacIp,0.5,1,1,CTCATATAGCGGCGGAAGAG,0,2119726
lacIp,0.5,1,1,CTCACTATGTAATAGACTAT,0,2110026
lacIp,0.5,1,1,CTCAATTGGTTAGGTCATCT,0,2099140
lacIp,0.5,1,1,CTCAAATGGCATCCGATATT,0,2092683
lacIp,0.5,1,1,CTATTTGTAAAGGAGATTTT,0,2091963
lacIp,0.5,1,1,CTATTGGGCAAAGATACCCT,0,2086613
lacIp,0.5,1,1,CTATTGCATATCGTGAGAGG,0,2108453
lacIp,0.5,1,1,CTATTACATTCGGCACTAAT,0,2099632
lacIp,0.5,1,1,CTATGTCGTAGGTGGATTGA,0,2116756
lacIp,0.5,1,1,CTATGACGTAGAGATTCGGA,0,2108212
lacIp,0.5,1,1,CTATCGGAGACTGCATCGAT,0,2111499
lacIp,0.5,1,1,CTATCCAATTAAACCTACTG,0,2117353
lacIp,0.5,1,1,CTATAGGGCGTGCAGTCAAA,0,2095889
lacIp,0.5,1,1,CTAGTCTGGACCGTTGCTGC,0,2104373
lacIp,0.5,1,1,CTAGGTACGATAGGGTATTT,0,2104645
lacIp,0.5,1,1,CTAGGGCAATATGATGTATG,0,2110529
lacIp,0.5,1,1,CTAGGCTAAGAGTCTCCCCT,0,2121033
lacIp,0.5,1,1,CTAGGATCGATAGTCCAGGG,0,2098349
lacIp,0.5,1,1,CTAGCGAGTGAATACGCACA,0,2104355
lacIp,0.5,1,1,CTAGCGACTCTTATGGAGGA,0,2098236
lacIp,0.5,1,1,CTAGACAAATTGCCCCACAT,0,2105441
lacIp,0.5,1,1,CTACTGCTGCAGCTGCCGAC,0,2103916
lacIp,0.5,1,1,CTACCCTCACCTGGGGCATT,0,2116236
lacIp,0.5,1,1,CTAATGGCCCTCACGTCGAG,0,2106276
lacIp,0.5,1,1,CTAAGAGTGATATTTATCGA,0,2116481
lacIp,0.5,1,1,CTAACTTGTTCCAAGAGATC,0,2103216
lacIp,0.5,1,1,CTAAATGACGACTTTCTGAC,0,2100388
lacIp,0.5,1,1,CTAAATAAAGAGAACGAATG,0,2100505
lacIp,0.5,1,1,CTAAAGACCTTTCGAAGGCC,0,2109730
lacIp,0.5,1,1,CGTTGGCAAGTATGTCTGAT,0,2096790
lacIp,0.5,1,1,CGTTGACTTCTGTGGGCGAC,0,2102332
lacIp,0.5,1,1,CGTTGAATATTGGGATTAAC,0,2119316
lacIp,0.5,1,1,CGTTGAAACGCTTTTTGCAG,0,2085775
lacIp,0.5,1,1,CGTGTAGTTTGACACGTGGG,0,2101458
lacIp,0.5,1,1,CGTGGGGAGCAGGCCGTCTT,0,2116743
lacIp,0.5,1,1,CGTGCCTGTTCAGGGAATTT,0,2089005
lacIp,0.5,1,1,CGTGCACAAATACCGTCATT,0,2089867
lacIp,0.5,1,1,CGTGAGACCTGGTGCGCGGT,0,2100459
lacIp,0.5,1,1,CGTGAAACATGAAACGAAAA,0,2086426
lacIp,0.5,1,1,CGTCTTCATTCAGGAATGGC,0,2087319
lacIp,0.5,1,1,CGTCTCCAGCTTTATATTTC,0,2095134
lacIp,0.5,1,1,CGTCTATGTTGAGCTTTCCT,0,2092068
lacIp,0.5,1,1,CGTCGCAAAGCTGGCGGTGA,0,2104680
lacIp,0.5,1,1,CGTCGAACGGTTGTATTATC,0,2090011
lacIp,0.5,1,1,CGTCCAGCCGGGGGCTGGGA,0,2092464
lacIp,0.5,1,1,CGTCAACACGTAGGACGGGA,0,2091616
lacIp,0.5,1,1,CGTCAAATATTCGAAACAAT,0,2098771
lacIp,0.5,1,1,CGTCAAAGGGATAGGTGTGT,0,2089109
lacIp,0.5,1,1,CGTATTCAGTGAAATCAGGC,0,2097204
lacIp,0.5,1,1,CGTATTACCACAGGTTAAGA,0,2114201
lacIp,0.5,1,1,CGTACTCCTTCCGTCAAATT,0,2086389
lacIp,0.5,1,1,CGTACGTCTGAGTAAGACGG,0,2097678
lacIp,0.5,1,1,CGTACCCAGAATTCTGTGGG,0,2087857
lacIp,0.5,1,1,CGGTGTGATCGAACTGTTAT,0,2111575
lacIp,0.5,1,1,CGGTGCTCACGGCCAATCTC,0,2117443
lacIp,0.5,1,1,CGGTGCCGTATCGAAAGCAT,0,2119983
lacIp,0.5,1,1,CGGTCTGATTGGGGCGTATG,0,2112175
lacIp,0.5,1,1,CGGTCACGGCTGCCTCGGAG,0,2103589
lacIp,0.5,1,1,CGGTCACGACACGAGTCGGC,0,2095491
lacIp,0.5,1,1,CGGTACTTAGTAGGGGATAT,0,2120474
lacIp,0.5,1,1,CGGTAAATTTTCCTCTTCCC,0,2086595
lacIp,0.5,1,1,CGGGTGTTTCATATTGTCTT,0,2112049
lacIp,0.5,1,1,CGGGGTCACAGACCTTCTTA,0,2119302
lacIp,0.5,1,1,CGGGGGAGAGCTTTGCGGGT,0,2107174
lacIp,0.5,1,1,CGGGCTAAGACTACTGGTGC,0,2106617
lacIp,0.5,1,1,CGGGAGAAGTTCCACATGTG,0,2111838
lacIp,0.5,1,1,CGGGACTCAGGCTTCACGTC,0,2104481
lacIp,0.5,1,1,CGGCTTTAGACACGGAACAA,0,2092650
lacIp,0.5,1,1,CGGCTTACGGTATTTTTGGC,0,2093540
lacIp,0.5,1,1,CGGCTGTTTTTAGTGGGGTT,0,2109506
lacIp,0.5,1,1,CGGCTGACATCCACCGCCAG,0,2105520
lacIp,0.5,1,1,CGGCTCTATAAATACTCGAA,0,2108990
lacIp,0.5,1,1,CGGCGTCAATCGTGGGACCC,0,2105189
lacIp,0.5,1,1,CGGCGGTCAGTGTCGAGCAG,0,2107211
lacIp,0.5,1,1,CGGCCTGTGCGACTTATCAG,0,2093274
lacIp,0.5,1,1,CGGCCGTTCTTGGTTATAAA,0,2102961
lacIp,0.5,1,1,CGGCCACCGATCAGTCTCGA,0,2097414
lacIp,0.5,1,1,CGGCAGGAGCACCGTAACCT,0,2090137
lacIp,0.5,1,1,CGGCACTATAACTTAGGTCA,0,2086793
lacIp,0.5,1,1,CGGATTGGCGCCTAATTTGT,0,2106697
lacIp,0.5,1,1,CGGATGCGCTAGTTCTTCAG,0,2091217
lacIp,0.5,1,1,CGGATCATGTTAGCGCTCCG,0,2094147
lacIp,0.5,1,1,CGGATACTAGGTTACGGCTA,0,2088047
lacIp,0.5,1,1,CGGAGGTCGAGCGTTGGCCT,0,2094374
lacIp,0.5,1,1,CGGACCTGCAGTAGCGCCAT,0,2111725
lacIp,0.5,1,1,CGGACATTCACCAATCCGGT,0,2095738
lacIp,0.5,1,1,CGGACACTAAGTTCCCCCTC,0,2096360
lacIp,0.5,1,1,CGGAATCTTTAGCAGTCCTT,0,2113163
lacIp,0.5,1,1,CGGAAGGAGACGCTCGCCTT,0,2086649
lacIp,0.5,1,1,CGCTTTGGTACAAGTATCCC,0,2088889
lacIp,0.5,1,1,CGCTTGTGCATCGGGTTGTC,0,2119020
lacIp,0.5,1,1,CGCTGCGGACCCCAACAGAG,0,2099168
lacIp,0.5,1,1,CGCTACACGTGGATGCATGC,0,2103746
lacIp,0.5,1,1,CGCGTTCTGAGTCGAATCAG,0,2100045
lacIp,0.5,1,1,CGCGTTAAAGGTAATTGAGT,0,2100176
lacIp,0.5,1,1,CGCGTGGTGGCCACCGGAAT,0,2117082
lacIp,0.5,1,1,CGCGTAAGAGGGAAATAGTG,0,2118919
lacIp,0.5,1,1,CGCGGTGGTTATGATTTTCA,0,2117484
lacIp,0.5,1,1,CGCGGTGAGAATCGACGGCC,0,2096278
lacIp,0.5,1,1,CGCGCCAATAGAGATACCCG,0,2113167
lacIp,0.5,1,1,CGCGCACCATCCCCGCACTC,0,2113137
lacIp,0.5,1,1,CGCGAGCCTCAATGACGTCC,0,2114846
lacIp,0.5,1,1,CGCCTGAAATAGCTGTAGCT,0,2119550
lacIp,0.5,1,1,CGCCTCTGCCGGGATAAAGG,0,2118175
lacIp,0.5,1,1,CGCCTCGGCCCACTCAATGT,0,2090702
lacIp,0.5,1,1,CGCCGTCTCTCCGGTGAATT,0,2085911
lacIp,0.5,1,1,CGCCGTCATCGACTTTAAGC,0,2114956
lacIp,0.5,1,1,CGCCGGCTCTACCCCAGGCG,0,2092518
lacIp,0.5,1,1,CGCCCTCGTCTCACTTAAAT,0,2116181
lacIp,0.5,1,1,CGCCACAACGGAGACACGGG,0,2109033
lacIp,0.5,1,1,CGCAGGTGGTATATATATAC,0,2103940
lacIp,0.5,1,1,CGCAGACTAACTTGTGTTCA,0,2090723
lacIp,0.5,1,1,CGCACGCTAAAACAAACGTC,0,2089363
lacIp,0.5,1,1,CGCACCTCGGCTCGTATCTT,0,2103412
lacIp,0.5,1,1,CGCACAAGCGCACAATAATT,0,2118847
lacIp,0.5,1,1,CGCAAGGATTTCCTAATTTG,0,2093529
lacIp,0.5,1,1,CGATTTTCGGGGATGGTGTA,0,2109711
lacIp,0.5,1,1,CGATTGCGGGAGGAGATGTA,0,2118020
lacIp,0.5,1,1,CGATTCATACAAGTGTTACC,0,2117665
lacIp,0.5,1,1,CGATTAGAGATTCCGGCCGA,0,2102091
lacIp,0.5,1,1,CGATTACGGAAGCGTCCTAT,0,2107161
lacIp,0.5,1,1,CGATGGATGGGTCCAGCCTT,0,2111635
lacIp,0.5,1,1,CGATCGGATCCTGCACCTGG,0,2086404
lacIp,0.5,1,1,CGATCACTCGCAAGCTTAGG,0,2119304
lacIp,0.5,1,1,CGATATAAGGACGAAGTCTG,0,2113776
lacIp,0.5,1,1,CGATAGCTAACATCTTCTAT,0,2114404
lacIp,0.5,1,1,CGATACTGTTATACTGTCTT,0,2088815
lacIp,0.5,1,1,CGAGGCTCACAAGATTGGCA,0,2114327
lacIp,0.5,1,1,CGAGCCAGGTTCGGGCCATT,0,2091478
lacIp,0.5,1,1,CGAGAAATTCCTAGGACGGC,0,2114570
lacIp,0.5,1,1,CGACTTCACGCGCCGTTGCG,0,2116388
lacIp,0.5,1,1,CGACGGCGGTTGTGGAGTAA,0,2098801
lacIp,0.5,1,1,CGACGCTCGGGGGTTATCAC,0,2117975
lacIp,0.5,1,1,CGACGACTTCCACGTGTTCC,0,2096179
lacIp,0.5,1,1,CGACCCGGCGTATCCTAGCG,0,2091730
lacIp,0.5,1,1,CGACCAGGGGATGCTCTATG,0,2111837
lacIp,0.5,1,1,CGACAAAGTCGCGAGGGTCA,0,2090554
lacIp,0.5,1,1,CGAAGTCAACTTCACCGCTT,0,2096068
lacIp,0.5,1,1,CGAAGTAGATATAATTAGCC,0,2106623
lacIp,0.5,1,1,CGAAATAGATTCCTACGTAT,0,2115072
lacIp,0.5,1,1,CGAAAGTGGTTCGGTGCGCA,0,2103752
lacIp,0.5,1,1,CGAAAGTAATACTTAATCGT,0,2116467
lacIp,0.5,1,1,CCTTGGGTCTCGTCCTTGTA,0,2096827
lacIp,0.5,1,1,CCTTGCAGACAAAAGAACTA,0,2092287
lacIp,0.5,1,1,CCTTGATGGAACCTCGAAGG,0,2098259
lacIp,0.5,1,1,CCTTCTGTGGCCAAGCAGCT,0,2094416
lacIp,0.5,1,1,CCTTCGGTAGTGAACCGTGC,0,2096949
lacIp,0.5,1,1,CCTTCAGTGCAGTCTCTTAT,0,2112366
lacIp,0.5,1,1,CCTTAACATCCTTCGTAAAA,0,2095272
lacIp,0.5,1,1,CCTGTTACACTGGAAGGATT,0,2093443
lacIp,0.5,1,1,CCTGTGCGAGGACAGGGCGG,0,2119815
lacIp,0.5,1,1,CCTGGTCTGCCCCAGGCGGA,0,2104150
lacIp,0.5,1,1,CCTGGGTGTTTAATGATCGG,0,2117122
lacIp,0.5,1,1,CCTGGCGGTGAAAACCTTCT,0,2106056
lacIp,0.5,1,1,CCTGCTGGCCCTTATCATGT,0,2089978
lacIp,0.5,1,1,CCTGCATACACAGAGTTGCT,0,2096107
lacIp,0.5,1,1,CCTGCAATCTACACTTACAC,0,2119379
lacIp,0.5,1,1,CCTGATCGCCACTTCACTAC,0,2103619
lacIp,0.5,1,1,CCTCTCGATAGAACCCTCCT,0,2107127
lacIp,0.5,1,1,CCTCTCAATTTGCTAGAATG,0,2120118
lacIp,0.5,1,1,CCTCGTGCCGGGTGACCCGT,0,2092246
lacIp,0.5,1,1,CCTCGCTCTAACAGAGTGGG,0,2091660
lacIp,0.5,1,1,CCTCGCTAGTCTATGTGTCC,0,2093710
lacIp,0.5,1,1,CCTCGCGTGTTCGTAAATTG,0,2092142
lacIp,0.5,1,1,CCTCCTTGGTTCCTGCTGTC,0,2106100
lacIp,0.5,1,1,CCTCAGCAGCGGCCAGATAG,0,2103211
lacIp,0.5,1,1,CCTATTTAGGGCGACCAGTG,0,2107897
lacIp,0.5,1,1,CCTAGTCAGGAGCCCAGGGA,0,2100306
lacIp,0.5,1,1,CCTAGGCTTCGGCGGGTGGT,0,2104025
lacIp,0.5,1,1,CCTAGCTTCCCTCCGCCCAG,0,2094911
lacIp,0.5,1,1,CCTACGGTTCTCTTTTGATG,0,2088453
lacIp,0.5,1,1,CCGTTCCGGTAGTGTAGGTT,0,2105702
lacIp,0.5,1,1,CCGTGTTCTAGAATTCCAGT,0,2103893
lacIp,0.5,1,1,CCGTGTTATCTGCAACCCCG,0,2111250
lacIp,0.5,1,1,CCGTGAAGTCTGGTAATAGA,0,2112027
lacIp,0.5,1,1,CCGTCGAAGATGGTCTTACT,0,2119702
lacIp,0.5,1,1,CCGGTGGATAGCCGTATAGC,0,2098420
lacIp,0.5,1,1,CCGGTCTGCAAGGACCCCAA,0,2094022
lacIp,0.5,1,1,CCGGGTTTTAACTAACAGCC,0,2110564
lacIp,0.5,1,1,CCGGGTGGTAGGTATATCAC,0,2092530
lacIp,0.5,1,1,CCGGGTCCTACGCACCATCC,0,2100728
lacIp,0.5,1,1,CCGGGATGTTCCAACCGCGC,0,2110254
lacIp,0.5,1,1,CCGGCTCATGGGGACAGCGG,0,2119820
lacIp,0.5,1,1,CCGGCGGTAGAAACGGGTGT,0,2108836
lacIp,0.5,1,1,CCGGAGCTGGCCCGTACGGC,0,2093375
lacIp,0.5,1,1,CCGGACGTTTGTATATGCCT,0,2090521
lacIp,0.5,1,1,CCGGACACGAACTAAGTCTC,0,2097585
lacIp,0.5,1,1,CCGCTCCACGCATTACCTTC,0,2091502
lacIp,0.5,1,1,CCGCGCTTCCAGTTAAGGAG,0,2112121
lacIp,0.5,1,1,CCGCGACAAGGCGGGGCCTT,0,2093717
lacIp,0.5,1,1,CCGCCTTCAAGCGATGGTGG,0,2105993
lacIp,0.5,1,1,CCGCCCAGTATACGGGTGCG,0,2106856
lacIp,0.5,1,1,CCGCAGGCCGAGGTGTAGCC,0,2108739
lacIp,0.5,1,1,CCGATGTGATCATGCCGACT,0,2113927
lacIp,0.5,1,1,CCGATATGCCACAAACGGCC,0,2120947
lacIp,0.5,1,1,CCGAGCTGGAGAGGCAAGCA,0,2119450
lacIp,0.5,1,1,CCGACCTATCTACAATAAGC,0,2115556
lacIp,0.5,1,1,CCGAATTTTATAGTCTAGTT,0,2118476
lacIp,0.5,1,1,CCGAAGTTTGGAGACTACTT,0,2090347
lacIp,0.5,1,1,CCGAACGCCACCTGACTGGT,0,2112278
lacIp,0.5,1,1,CCCTGAACCCGTTACATTCG,0,2107548
lacIp,0.5,1,1,CCCTCACAGATGGCTAATCA,0,2092579
lacIp,0.5,1,1,CCCGGGTATATATCCCGGCT,0,2086496
lacIp,0.5,1,1,CCCGGGAAGCCGACAGGACA,0,2093545
lacIp,0.5,1,1,CCCGGGAACGAATGCACGGT,0,2100593
lacIp,0.5,1,1,CCCGGCACCTATGTCCGCTT,0,2106970
lacIp,0.5,1,1,CCCGGACTACTGCGACGAGG,0,2117295
lacIp,0.5,1,1,CCCGCGAGCCGTTCTTAAAT,0,2121547
lacIp,0.5,1,1,CCCGATGTCAACCCTGCGGC,0,2109950
lacIp,0.5,1,1,CCCGATCGAGGCGACGGTAG,0,2087722
lacIp,0.5,1,1,CCCGACATGAGTTTGAGGGG,0,2106897
lacIp,0.5,1,1,CCCCGCTTTTTGGAATTATT,0,2117205
lacIp,0.5,1,1,CCCCCGCGTTGCGAGCTTTG,0,2118334
lacIp,0.5,1,1,CCCCCCCCCTGTGACAGCGG,0,2121778
lacIp,0.5,1,1,CCCCAGTTCGAACAGCACTG,0,2102567
lacIp,0.5,1,1,CCCCAGGTTATACTGTAAAC,0,2118203
lacIp,0.5,1,1,CCCATGGGAACCCGCGTCAA,0,2103959
lacIp,0.5,1,1,CCCATGCCATTCGGTCGTTT,0,2092468
lacIp,0.5,1,1,CCCATCTAACGGAAGCTTGT,0,2089817
lacIp,0.5,1,1,CCCAGGTTCCAGTCGGACTC,0,2096382
lacIp,0.5,1,1,CCCAGGGATCATCAACCACA,0,2100224
lacIp,0.5,1,1,CCCACGACCAATTTGTTGAC,0,2106366
lacIp,0.5,1,1,CCCACAGGAAACGCACCTCC,0,2101386
lacIp,0.5,1,1,CCCAATAACGCCAAGTGACT,0,2120602
lacIp,0.5,1,1,CCCAAGGTGTAAATTGCTAC,0,2102002
lacIp,0.5,1,1,CCATGTAAGTATGACGAGGT,0,2118990
lacIp,0.5,1,1,CCATGGATCACGCGCGGCTT,0,2106782
lacIp,0.5,1,1,CCATGAGAAGCCCTCTTGGC,0,2103333
lacIp,0.5,1,1,CCATCACATTCCTTCTAAGG,0,2112733
lacIp,0.5,1,1,CCATATCATGGAGATACCCA,0,2121334
lacIp,0.5,1,1,CCATAGGTGAATTATGGCGC,0,2112983
lacIp,0.5,1,1,CCATAAGAGTGATTGCGGCT,0,2095602
lacIp,0.5,1,1,CCAGTTTGTCCCAGTTTATT,0,2110442
lacIp,0.5,1,1,CCAGTTATAAATCGGTTTAT,0,2089888
lacIp,0.5,1,1,CCAGGGGTCAGCGGAGTTGC,0,2097363
lacIp,0.5,1,1,CCAGGCCGGATCATTGCTCG,0,2100603
lacIp,0.5,1,1,CCAGCTAGATCACCTGGATT,0,2114362
lacIp,0.5,1,1,CCAGAGCTAATTATACTCCT,0,2089461
lacIp,0.5,1,1,CCAGACGGTCTACGGGGGAG,0,2112112
lacIp,0.5,1,1,CCACGACGTTCGGTAACAAC,0,2106069
lacIp,0.5,1,1,CCACCTGTCGCGAACTCTGG,0,2117230
lacIp,0.5,1,1,CCAATCGGAGAATTCCACAG,0,2101189
lacIp,0.5,1,1,CCAAGTATCTGAGGAATGAA,0,2114203
lacIp,0.5,1,1,CCAAGGCAGATCTTTCTGAA,0,2106892
lacIp,0.5,1,1,CCAAGACAAAATATTTGGAT,0,2100766
lacIp,0.5,1,1,CCAACGGCCGATGCGACCAT,0,2094551
lacIp,0.5,1,1,CCAACGGACGGAAGATTGGC,0,2089731
lacIp,0.5,1,1,CCAACCCTCTTTAAAGTAGG,0,2095311
lacIp,0.5,1,1,CCAAAGGGTATGGTAATGCC,0,2108289
lacIp,0.5,1,1,CCAAAAGCGGGATCTTATAT,0,2093664
lacIp,0.5,1,1,CATTTTCACATCTAACAGTC,0,2095989
lacIp,0.5,1,1,CATTTTAGCACGGCCGTGCT,0,2096777
lacIp,0.5,1,1,CATTTGCTGCCCTAATAAAC,0,2121548
lacIp,0.5,1,1,CATTTATCACGGTAGGATAG,0,2087854
lacIp,0.5,1,1,CATTGAGTGAGAAACGATAG,0,2109230
lacIp,0.5,1,1,CATTCAGTGGTGTCACACTG,0,2113403
lacIp,0.5,1,1,CATTCACGCTGCGGCGTAAT,0,2098028
lacIp,0.5,1,1,CATTAGCAGTGTACTTCTCT,0,2112245
lacIp,0.5,1,1,CATTAGACTTATCGACGAAC,0,2110176
lacIp,0.5,1,1,CATTAATGACCAGGGACTTT,0,2100908
lacIp,0.5,1,1,CATGTGGGATCCAACGAATG,0,2104560
lacIp,0.5,1,1,CATGGTTTGCACCTATTTTA,0,2115496
lacIp,0.5,1,1,CATGGATCCTATGGGAATCA,0,2099621
lacIp,0.5,1,1,CATGCTATCCCGATGGACGC,0,2115273
lacIp,0.5,1,1,CATGCTATAGCCGAAGTGTG,0,2114700
lacIp,0.5,1,1,CATGCAGCCTTCAGCTGCTG,0,2088297
lacIp,0.5,1,1,CATGAGAGGCTACCAGGCAG,0,2116686
lacIp,0.5,1,1,CATGAGAGCCAATCGAGTTA,0,2119074
lacIp,0.5,1,1,CATCGGGTGGATCGTGCCGA,0,2089826
lacIp,0.5,1,1,CATCCTACAGCATCTCCAGG,0,2096505
lacIp,0.5,1,1,CATCCGAACACTGGCTATCT,0,2107731
lacIp,0.5,1,1,CATCCATAGCCTTTAATAGC,0,2105068
lacIp,0.5,1,1,CATCCAGCACTGGGTGAGGC,0,2093092
lacIp,0.5,1,1,CATCACGCTACCCCCCTATA,0,2090150
lacIp,0.5,1,1,CATATTATGGAAAGTGATTG,0,2117425
lacIp,0.5,1,1,CATATGTCTTGGCGGGCTGG,0,2092862
lacIp,0.5,1,1,CATATACAGGGGTACTTGGT,0,2091627
lacIp,0.5,1,1,CATAGCTTGTACGGTGTGCG,0,2098879
lacIp,0.5,1,1,CATAGATACTCTGTTTTGGA,0,2109079
lacIp,0.5,1,1,CATACGGAGGCAACTTCCTT,0,2086537
lacIp,0.5,1,1,CATAATGCTTGCGGCTCGGT,0,2113401
lacIp,0.5,1,1,CATAATGCAGCTGCTGATAA,0,2100335
lacIp,0.5,1,1,CATAAACTTCCGCGCTGAAG,0,2100463
lacIp,0.5,1,1,CAGTTTTTGAAAAGTATATG,0,2096312
lacIp,0.5,1,1,CAGTTTCATAGCATGTAGAA,0,2107551
lacIp,0.5,1,1,CAGTTAATTGGTTCATTAGT,0,2092103
lacIp,0.5,1,1,CAGTGTCTGCGGCCCACTTT,0,2114280
lacIp,0.5,1,1,CAGTGTCTACTAATACTTAC,0,2106820
lacIp,0.5,1,1,CAGTCTTATTGGATATGGAT,0,2109779
lacIp,0.5,1,1,CAGTCTGCAACACAAAAAAT,0,2120333
lacIp,0.5,1,1,CAGTATAATGGGTTTAGCTG,0,2093612
lacIp,0.5,1,1,CAGGTCACGTTCAATTTCAA,0,2105579
lacIp,0.5,1,1,CAGGTATACACAGTGGTCCT,0,2096631
lacIp,0.5,1,1,CAGGGCCTCGTGACAGTATG,0,2110549
lacIp,0.5,1,1,CAGGACTATCTTACAACAGC,0,2091978
lacIp,0.5,1,1,CAGGACGACTCACGTCCTGG,0,2107675
lacIp,0.5,1,1,CAGGAAGCGTCATGTAATCC,0,2104668
lacIp,0.5,1,1,CAGCGGTGGATGTTCGATGG,0,2119000
lacIp,0.5,1,1,CAGCCTTGTTATCCTAAGGG,0,2109693
lacIp,0.5,1,1,CAGCCGTTGGTTTAGTACCC,0,2107812
lacIp,0.5,1,1,CAGCCGGACCCCCTGTCTGC,0,2114611
lacIp,0.5,1,1,CAGCCGCTGTATCGAGGCAG,0,2089609
lacIp,0.5,1,1,CAGCCGATGGACAGGCCACA,0,2095536
lacIp,0.5,1,1,CAGCCCCTGTAGATGTGGGT,0,2089260
lacIp,0.5,1,1,CAGCACCTGTCTAGAGGTTG,0,2106461
lacIp,0.5,1,1,CAGATGCGTCATAGCCACGA,0,2106039
lacIp,0.5,1,1,CAGATCTCCTGATTTAACGC,0,2113127
lacIp,0.5,1,1,CAGAGCTCCACCTTTGACCC,0,2088861
lacIp,0.5,1,1,CAGACGAACCGAAATCAATT,0,2104648
lacIp,0.5,1,1,CAGACAAATGCGCCTTGCGA,0,2109605
lacIp,0.5,1,1,CACTTTCTAAAGTATTATTC,0,2098565
lacIp,0.5,1,1,CACTTGGTTATTATGGGCTA,0,2094067
lacIp,0.5,1,1,CACTTGAGGATTCTAGACTT,0,2097443
lacIp,0.5,1,1,CACTTCCATAAGTTAGAGAT,0,2100539
lacIp,0.5,1,1,CACTTATGCACTATTATATG,0,2111852
lacIp,0.5,1,1,CACTTATACCCCGGACACAT,0,2098733
lacIp,0.5,1,1,CACTGTCGGGAATAATAGAT,0,2095952
lacIp,0.5,1,1,CACTATTTTGGTAGCAGTGG,0,2108791
lacIp,0.5,1,1,CACTAAATCCGTAAGTCGTA,0,2114985
lacIp,0.5,1,1,CACGGGAAAGTCCAAATATC,0,2121031
lacIp,0.5,1,1,CACGCGTCGTCGAGGAGGAT,0,2109126
lacIp,0.5,1,1,CACGCGTAGATTACCGGACG,0,2105101
lacIp,0.5,1,1,CACGCAACTAAGGTGCTTAT,0,2116702
lacIp,0.5,1,1,CACGACTCCAGTTGGATATG,0,2107760
lacIp,0.5,1,1,CACCTCCGGCAGCCCACTTT,0,2093481
lacIp,0.5,1,1,CACCGATAATGAGGTGTGTG,0,2091381
lacIp,0.5,1,1,CACCCCTGGCCGTTACGGAA,0,2099439
lacIp,0.5,1,1,CACCCAGTGTTCAAAGGGAG,0,2091993
lacIp,0.5,1,1,CACCATGTTAATGCTATTGA,0,2090881
lacIp,0.5,1,1,CACCAGCCATACCGGCACTT,0,2088933
lacIp,0.5,1,1,CACCACTGAGGTTAACCTAA,0,2115105
lacIp,0.5,1,1,CACCACGGGGCTGATATGCT,0,2106888
lacIp,0.5,1,1,CACATGAGGCGGATTGCGCC,0,2118967
lacIp,0.5,1,1,CACATAGATAGCAGCCTCTG,0,2093531
lacIp,0.5,1,1,CACATACGGAACCAAACATT,0,2113828
lacIp,0.5,1,1,CACAGTGCTCAGTTAATAGC,0,2092276
lacIp,0.5,1,1,CACAGCTAGCGGAACGGCTT,0,2088658
lacIp,0.5,1,1,CACACGAACTATACTTATAA,0,2102856
lacIp,0.5,1,1,CACACCTGTAAGGCCCCAGT,0,2102196
lacIp,0.5,1,1,CACACAGGTATTATTTGGAT,0,2119724
lacIp,0.5,1,1,CACAATTAGCAGTTGCCAGG,0,2090603
lacIp,0.5,1,1,CAATTTCTCATGCGTAAATA,0,2115052
lacIp,0.5,1,1,CAATTCCGCGCCTAGGTCCT,0,2097197
lacIp,0.5,1,1,CAATTCAGACGAAGTTTCGT,0,2115500
lacIp,0.5,1,1,CAATGGTAAATAAGTGCGTC,0,2105705
lacIp,0.5,1,1,CAATGGGATGGTAGAGCGAT,0,2099854
lacIp,0.5,1,1,CAATCTGCCGTTTGAGTGTA,0,2111317
lacIp,0.5,1,1,CAATCTGATATAGAAGTCAC,0,2098124
lacIp,0.5,1,1,CAATCTATAGCGAGTCGATG,0,2108284
lacIp,0.5,1,1,CAATCCGTCGTGCATTGCAA,0,2110294
lacIp,0.5,1,1,CAATCATTCGGACCACGCGA,0,2113778
lacIp,0.5,1,1,CAATAGGGCAAAGAAAATCA,0,2113795
lacIp,0.5,1,1,CAATAGAATTATAATAGCAT,0,2087304
lacIp,0.5,1,1,CAATACGCTACCGTCAAGGG,0,2119957
lacIp,0.5,1,1,CAATACCTGGATAATCAGGC,0,2116562
lacIp,0.5,1,1,CAAGTTGTACTTATCTCCTT,0,2100269
lacIp,0.5,1,1,CAAGTTCATGACAGTGGCGT,0,2107226
lacIp,0.5,1,1,CAAGGACCTGGATCGTTAAG,0,2117134
lacIp,0.5,1,1,CAAGCAGAATGCTTGGCGTC,0,2086056
lacIp,0.5,1,1,CAAGAGATAGACCCCTTGCG,0,2096988
lacIp,0.5,1,1,CAACTGTCGGATAAAAGTGG,0,2090093
lacIp,0.5,1,1,CAACTCAATGATTTAGCAAG,0,2115797
lacIp,0.5,1,1,CAACGGTATGTCGATACTTC,0,2119452
lacIp,0.5,1,1,CAACGGAATGACGCCACATA,0,2114355
lacIp,0.5,1,1,CAACCGAGCGAAACCTGGTT,0,2103734
lacIp,0.5,1,1,CAAATAACCAGGCATAACAA,0,2096498
lacIp,0.5,1,1,CAAACTTACGCCTAAAGCCC,0,2097604
lacIp,0.5,1,1,CAAACTACTTTCACTCCGGG,0,2116065
lacIp,0.5,1,1,CAAAACGCGTCGAGGAGTGA,0,2100089
lacIp,0.5,1,1,ATTTTTTACGTCTGGATTAA,0,2096506
lacIp,0.5,1,1,ATTTTCCGGGGACTGTATTA,0,2093834
lacIp,0.5,1,1,ATTTTAACCATTCCAGTGCC,0,2087169
lacIp,0.5,1,1,ATTTGCGACAAGTTGACCTA,0,2109750
lacIp,0.5,1,1,ATTTGCCCATTCCTGGTAGT,0,2106057
lacIp,0.5,1,1,ATTTATCCCATTGTAACCCA,0,2113900
lacIp,0.5,1,1,ATTTAGATCAAGAAACGGCA,0,2121716
lacIp,0.5,1,1,ATTGTTTGGGTTTTAACGTC,0,2120055
lacIp,0.5,1,1,ATTGTTGATCCTGTGGTACT,0,2119909
lacIp,0.5,1,1,ATTGTATCACGATTGGGTAG,0,2106387
lacIp,0.5,1,1,ATTGTAAATGCGTGACTGGC,0,2116483
lacIp,0.5,1,1,ATTGGGGTTTGAAATATGGA,0,2111684
lacIp,0.5,1,1,ATTGCGCGCGTCTAGGGTGA,0,2117369
lacIp,0.5,1,1,ATTGAACATGTGGAGGTGTC,0,2101320
lacIp,0.5,1,1,ATTCTTGTGCCCTAGGCCCC,0,2110969
lacIp,0.5,1,1,ATTCTGTCCTACTGCTGAGT,0,2110673
lacIp,0.5,1,1,ATTCCTTGGAAAGACTGCTC,0,2118720
lacIp,0.5,1,1,ATTCCCTCTGTAAGGGCCTT,0,2097999
lacIp,0.5,1,1,ATTCCCCCGTGGGTTAAGCG,0,2089317
lacIp,0.5,1,1,ATTCACATATTGGTAGATCA,0,2115653
lacIp,0.5,1,1,ATTCAATGATCTGATACCGC,0,2114522
lacIp,0.5,1,1,ATTCAAATCTTTGTATTACA,0,2090914
lacIp,0.5,1,1,ATTACTCTCGTCTCGGGTAT,0,2094939
lacIp,0.5,1,1,ATTAATACATCCAGGCGAAA,0,2101703
lacIp,0.5,1,1,ATGTTGACCTTCACTACGAC,0,2115155
lacIp,0.5,1,1,ATGTTGACCGGAGAAATGTG,0,2099659
lacIp,0.5,1,1,ATGTTAAGGAAACATCGTTA,0,2114925
lacIp,0.5,1,1,ATGTGCTTGCCGGGTAGGTT,0,2106548
lacIp,0.5,1,1,ATGTGCTTCACCTTAAGAAT,0,2088329
lacIp,0.5,1,1,ATGTCCCATGGGCCACGAGT,0,2120042
lacIp,0.5,1,1,ATGTCAACCTAGTCATCGTT,0,2104506
lacIp,0.5,1,1,ATGTATCGAACTATAGGTGC,0,2089988
lacIp,0.5,1,1,ATGGTGTACAGGCTCGTGAG,0,2100496
lacIp,0.5,1,1,ATGGTGTACAGGCTCGTGAC,0,2100482
lacIp,0.5,1,1,ATGGTCTGGTGCCGTCGTCT,0,2101533
lacIp,0.5,1,1,ATGGTCGAGCTTCTAAACCT,0,2116812
lacIp,0.5,1,1,ATGGGTCTTACCCTATTCCA,0,2111869
lacIp,0.5,1,1,ATGGGGGTTCTGGCCCTCTT,0,2100667
lacIp,0.5,1,1,ATGGGCATTAGAGTACAACG,0,2116070
lacIp,0.5,1,1,ATGGCTTCGCGAAGGTAAGT,0,2095929
lacIp,0.5,1,1,ATGGCGACTCGGGAACCAAT,0,2095610
lacIp,0.5,1,1,ATGGCAACGTCTTCGGTCCC,0,2091691
lacIp,0.5,1,1,ATGCGTGAACGAACAAGGAA,0,2096541
lacIp,0.5,1,1,ATGCGATACCAGCCCGTGTC,0,2105607
lacIp,0.5,1,1,ATGCCTTGTAGAACTATACT,0,2101728
lacIp,0.5,1,1,ATGCCGAGCCATCTTCCATA,0,2120358
lacIp,0.5,1,1,ATGCCATGCGATCGGTCTTG,0,2096457
lacIp,0.5,1,1,ATGATGCGCCTGATTCCCAC,0,2101109
lacIp,0.5,1,1,ATGAGGGACAAGCAGCCCTT,0,2113576
lacIp,0.5,1,1,ATGACTGGCGCGTAGTGTTT,0,2106399
lacIp,0.5,1,1,ATGACGAACTTCACGCTTGA,0,2096794
lacIp,0.5,1,1,ATGACATCAACTAAATTCTA,0,2116316
lacIp,0.5,1,1,ATGACAGTTCTGGTCGGCAT,0,2094718
lacIp,0.5,1,1,ATCTTTATGTGGGCGTCTGT,0,2120941
lacIp,0.5,1,1,ATCTTGAGACTATGATTCCC,0,2116147
lacIp,0.5,1,1,ATCTGCGAGCCCATATTGGG,0,2105674
lacIp,0.5,1,1,ATCTACCCAGTCTTCATCGG,0,2088252
lacIp,0.5,1,1,ATCTAAGGGTAACTTATGTA,0,2088924
lacIp,0.5,1,1,ATCGTAATAATCAGGTAATG,0,2103597
lacIp,0.5,1,1,ATCGGGCGGAGCTGAGTATC,0,2090060
lacIp,0.5,1,1,ATCGGAGGCTTCCGTGCGAA,0,2093651
lacIp,0.5,1,1,ATCGGACCCTCACTGGCGTG,0,2108146
lacIp,0.5,1,1,ATCGAAAGCAAGTATAGTTG,0,2112594
lacIp,0.5,1,1,ATCCTGCCTTACAAGGGTCA,0,2101469
lacIp,0.5,1,1,ATCCGTCCCCCTAGCGTCCG,0,2100128
lacIp,0.5,1,1,ATCCGGTGACACTCGTTCGA,0,2102108
lacIp,0.5,1,1,ATCCAGCGACTCACGTCCTC,0,2095601
lacIp,0.5,1,1,ATCATACCACCGTGGTTCGC,0,2112936
lacIp,0.5,1,1,ATCAGTGCCCTATCCCGCCC,0,2119039
lacIp,0.5,1,1,ATCAAGGTCCAGGGGTAGGT,0,2088862
lacIp,0.5,1,1,ATCAAATTTACTAGATTAAT,0,2106902
lacIp,0.5,1,1,ATCAAATCGGAATTCTTGAG,0,2089600
lacIp,0.5,1,1,ATATTAGTGGTCTGGGTGGA,0,2108638
lacIp,0.5,1,1,ATATGGGCGATTAACGGAAA,0,2088066
lacIp,0.5,1,1,ATATCTTGGTGACGGGCTCG,0,2111576
lacIp,0.5,1,1,ATATCACCCAGGGGGATTTG,0,2089483
lacIp,0.5,1,1,ATATAGGCATTTCTTCTGAA,0,2097520
lacIp,0.5,1,1,ATAGTTTCCTGATACCCTAG,0,2108280
lacIp,0.5,1,1,ATAGTATTGAGAAGGCTGCC,0,2107406
lacIp,0.5,1,1,ATAGTATTACAAACAATCCT,0,2118778
lacIp,0.5,1,1,ATAGGTGATGGTGCCGATTA,0,2122387
lacIp,0.5,1,1,ATAGGTCTTCCTCCATGTAC,0,2088747
lacIp,0.5,1,1,ATAGCTCCTCATGAGCTACA,0,2106473
lacIp,0.5,1,1,ATAGAACGCTTTGACATGTA,0,2098660
lacIp,0.5,1,1,ATACTCCTTGCCACTCCTAA,0,2104832
lacIp,0.5,1,1,ATACGGACGACCAAGGCGCG,0,2098843
lacIp,0.5,1,1,ATACACAGTTTAATCCACCT,0,2085680
lacIp,0.5,1,1,ATAATGAAATGGGCGGCCAG,0,2098937
lacIp,0.5,1,1,ATAAGGACTCTTCTTAGAAC,0,2102525
lacIp,0.5,1,1,ATAACGCTGCATGAGGCAAC,0,2115362
lacIp,0.5,1,1,ATAAAAGTCAGTTCAAAATC,0,2102538
lacIp,0.5,1,1,AGTTTTGGTTTACAAGTTGT,0,2092007
lacIp,0.5,1,1,AGTTTATCTACTTTTGGCAG,0,2089807
lacIp,0.5,1,1,AGTTTATCCGTTTTCCTGGT,0,2121285
lacIp,0.5,1,1,AGTTTATCCATTATTTGCTT,0,2103370
lacIp,0.5,1,1,AGTTGTTTGACTGGGGAATC,0,2087290
lacIp,0.5,1,1,AGTTGTCGGTGTAGTTGAAC,0,2091127
lacIp,0.5,1,1,AGTTGGCTGTCGAAATAATG,0,2118479
lacIp,0.5,1,1,AGTTGGACTGCGCGGCGGTA,0,2115559
lacIp,0.5,1,1,AGTTCTGACAGGGTCACGCA,0,2100536
lacIp,0.5,1,1,AGTTCTCACGTATCAGAACC,0,2101366
lacIp,0.5,1,1,AGTTCTAAGTCGGTTAGTCG,0,2096847
lacIp,0.5,1,1,AGTTATGACATATGCGGACT,0,2092032
lacIp,0.5,1,1,AGTTAGCAGAGCAGCCTCAA,0,2091418
lacIp,0.5,1,1,AGTTACCTATCAACAGGCAA,0,2100961
lacIp,0.5,1,1,AGTGTTAAAAAAGGGAAGTA,0,2110720
lacIp,0.5,1,1,AGTGTGTTACTAACCACTAA,0,2116011
lacIp,0.5,1,1,AGTGTGTGGTTCACGGCCAA,0,2118379
lacIp,0.5,1,1,AGTGTGCCTTTCTGCGTCCG,0,2104129
lacIp,0.5,1,1,AGTGTCTGACTTAGCAGGCA,0,2095978
lacIp,0.5,1,1,AGTGTCGGTTGCTACTGCTT,0,2103768
lacIp,0.5,1,1,AGTGGCCGGGTGTGTAATGT,0,2088370
lacIp,0.5,1,1,AGTGCTACATTCGCATGGTG,0,2095226
lacIp,0.5,1,1,AGTGCGGCGTCAGCGCTATG,0,2113336
lacIp,0.5,1,1,AGTGCCGGACCTGGTTTATC,0,2099900
lacIp,0.5,1,1,AGTCGGCGTCGTTGCGGAGA,0,2095140
lacIp,0.5,1,1,AGTCCCCGAGGCCGGCCTAA,0,2099392
lacIp,0.5,1,1,AGTCCAGAGTCAGCCTTCGC,0,2110025
lacIp,0.5,1,1,AGTCACAGCTCTATAACGGG,0,2113231
lacIp,0.5,1,1,AGTCAATACGGAAATTTATA,0,2102578
lacIp,0.5,1,1,AGTCAAGATTAGCTCGCGAC,0,2087383
lacIp,0.5,1,1,AGTATTCGATATCGAGAAGT,0,2091486
lacIp,0.5,1,1,AGTATTCAATGCCTCAGCAA,0,2111366
lacIp,0.5,1,1,AGTAGTTACCGTTAGTAGTT,0,2114430
lacIp,0.5,1,1,AGTAGCCTACTAAAGACCTG,0,2087574
lacIp,0.5,1,1,AGTAGCAGCGAGGTAAGTGG,0,2100466
lacIp,0.5,1,1,AGTACCCTGCCGGGACCTAC,0,2102946
lacIp,0.5,1,1,AGTAATAAAAGTCGAGTCAA,0,2091065
lacIp,0.5,1,1,AGGTTTGGTATTGATCCTGC,0,2105448
lacIp,0.5,1,1,AGGTTTGATCGTCCTATTCG,0,2117729
lacIp,0.5,1,1,AGGTTCTAGACAGTCTGTAC,0,2090353
lacIp,0.5,1,1,AGGTTACTGATAGAAGGCGT,0,2112236
lacIp,0.5,1,1,AGGTCTTATCGCATCCCGCG,0,2093395
lacIp,0.5,1,1,AGGTAGAGAGGACACATTCA,0,2100412
lacIp,0.5,1,1,AGGTACGTCCCCACACGGTT,0,2100910
lacIp,0.5,1,1,AGGTACGGGTGGATTCTGAC,0,2102408
lacIp,0.5,1,1,AGGTACGCCGGGCATTTGAG,0,2121860
lacIp,0.5,1,1,AGGTACCCTTTTTGGTGTCT,0,2118499
lacIp,0.5,1,1,AGGTAAGCATGTTTAGGTCC,0,2102095
lacIp,0.5,1,1,AGGGTGGCCGGGGAGCATCA,0,2104911
lacIp,0.5,1,1,AGGGTGGCATACGAATTACA,0,2102755
lacIp,0.5,1,1,AGGGTGCGCTCCCGGAAGTG,0,2096242
lacIp,0.5,1,1,AGGGTAGGAAGGCGGCACTG,0,2087035
lacIp,0.5,1,1,AGGGTACGCTACCCGGATTG,0,2107436
lacIp,0.5,1,1,AGGGGTCTTAGTTTAGTTCT,0,2106950
lacIp,0.5,1,1,AGGGGGTCGAATACAATTCC,0,2091665
lacIp,0.5,1,1,AGGGGATCGTTGACGGGCCG,0,2111079
lacIp,0.5,1,1,AGGGGAGGCCGGGAGAGGGT,0,2093946
lacIp,0.5,1,1,AGGGCCAAGCCCTATTTTCA,0,2099764
lacIp,0.5,1,1,AGGGCATTGACCCTGGATTA,0,2086218
lacIp,0.5,1,1,AGGGCAAGGCGGTGTCGTGT,0,2089245
lacIp,0.5,1,1,AGGGAACAAATGGGAAAGAT,0,2120603
lacIp,0.5,1,1,AGGCTTACTAGAAATGTTCT,0,2108663
lacIp,0.5,1,1,AGGCTAGCTACCCTTATCGC,0,2115964
lacIp,0.5,1,1,AGGCTAGCCTGTTTTAATGG,0,2099962
lacIp,0.5,1,1,AGGCGGACTTCCTTTACGTT,0,2103595
lacIp,0.5,1,1,AGGCGCAACACACATGCACT,0,2104629
lacIp,0.5,1,1,AGGCGAGATAAATATGCTAC,0,2112883
lacIp,0.5,1,1,AGGCGAGAGCGTTCGGTTGT,0,2087417
lacIp,0.5,1,1,AGGCGACAAACTTAGAAGGC,0,2088587
lacIp,0.5,1,1,AGGCCTGACGCGATTTAGGG,0,2101409
lacIp,0.5,1,1,AGGCCGCCCGCATCGGCTGT,0,2095410
lacIp,0.5,1,1,AGGCCGATCCCGTAACACTA,0,2105715
lacIp,0.5,1,1,AGGATGCCGGCGAATTCACA,0,2108801
lacIp,0.5,1,1,AGGATCGATCGAGAACCAAA,0,2087277
lacIp,0.5,1,1,AGGAGTTGTGATATAATTTG,0,2106467
lacIp,0.5,1,1,AGGAGTCAGCCGAGCACGAC,0,2107971
lacIp,0.5,1,1,AGGAGGCCCCTAGCGGGATT,0,2121730
lacIp,0.5,1,1,AGGAGCCAGATTAAACGGGG,0,2088905
lacIp,0.5,1,1,AGGACAGCTATTGCTCGCGA,0,2097358
lacIp,0.5,1,1,AGGAATAGGCCTATTCTCCG,0,2093416
lacIp,0.5,1,1,AGGAAACAGCTTAAAAATAT,0,2114267
lacIp,0.5,1,1,AGGAAAATTGTAGGTGTCCC,0,2098708
lacIp,0.5,1,1,AGCTTATCGCTGTTGAAACA,0,2118196
lacIp,0.5,1,1,AGCTTACTCACCGAGTTTGA,0,2090370
lacIp,0.5,1,1,AGCTGTCATTAACCTGCCTA,0,2122226
lacIp,0.5,1,1,AGCTGGTTCCCGCTGTCCAG,0,2102547
lacIp,0.5,1,1,AGCTGAAAGAGCGTACGCGT,0,2091528
lacIp,0.5,1,1,AGCTCGCTGAGCGGGCTCAT,0,2112028
lacIp,0.5,1,1,AGCTCGATTGAGTTAATTTA,0,2113753
lacIp,0.5,1,1,AGCTCCGTCTCCCTAAGGGC,0,2100952
lacIp,0.5,1,1,AGCTCATAATCTGCACGCAA,0,2089736
lacIp,0.5,1,1,AGCGTGGGACCGTCGTTGTT,0,2121787
lacIp,0.5,1,1,AGCGTGCTGGGGGGCCAAAC,0,2098943
lacIp,0.5,1,1,AGCGTAAACGGTGGCACAAT,0,2099819
lacIp,0.5,1,1,AGCGGTCCCCTTATTAGGAC,0,2093510
lacIp,0.5,1,1,AGCGGCAATGTATTAAGCCC,0,2097449
lacIp,0.5,1,1,AGCGATGTTTATGAGGACTT,0,2092020
lacIp,0.5,1,1,AGCGAGTCCGTTCAGACTCG,0,2110452
lacIp,0.5,1,1,AGCGAGCGCGCCCCAGCATC,0,2112194
lacIp,0.5,1,1,AGCGACAATTAGCGTGACGC,0,2086019
lacIp,0.5,1,1,AGCGAACTCGGACGGGTTTT,0,2111100
lacIp,0.5,1,1,AGCCGGGTCTAGCAAAATTT,0,2089467
lacIp,0.5,1,1,AGCCGCAAGTGCGGTCCGTC,0,2108835
lacIp,0.5,1,1,AGCCCGGGACGGGGGCTCAA,0,2120800
lacIp,0.5,1,1,AGCCCAGCTCACGGATCAGG,0,2115288
lacIp,0.5,1,1,AGCATTATTCTTATAGCACC,0,2094422
lacIp,0.5,1,1,AGCATATGGACCACACTTTA,0,2095792
lacIp,0.5,1,1,AGCACTTGGTTAGAAAAGAT,0,2109650
lacIp,0.5,1,1,AGCACATCAGCTCCCAATTT,0,2106958
lacIp,0.5,1,1,AGATTGCCGTTCTCGGTGCT,0,2109049
lacIp,0.5,1,1,AGATTGATCTCACTTGACAT,0,2117132
lacIp,0.5,1,1,AGATGGGAAAGAGGGTGTTA,0,2095809
lacIp,0.5,1,1,AGATCAAAATGATGCATCGA,0,2088818
lacIp,0.5,1,1,AGAGTTGCCACGGAAAGTTT,0,2086429
lacIp,0.5,1,1,AGAGGTGTTTACCATAGTCA,0,2118970
lacIp,0.5,1,1,AGAGATTTAGCTCTCAAGGC,0,2091220
lacIp,0.5,1,1,AGACTTTAATGCATGGCCCA,0,2117875
lacIp,0.5,1,1,AGACTTAAGCGCCATTACGG,0,2094171
lacIp,0.5,1,1,AGACTAGGTTTACATGGCAA,0,2091198
lacIp,0.5,1,1,AGACGGTCGCAACAGCATTT,0,2117355
lacIp,0.5,1,1,AGACGAACGATACCAGAGTT,0,2102910
lacIp,0.5,1,1,AGACCGCATATATAGCCAGG,0,2120494
lacIp,0.5,1,1,AGACCGACAGTACACTGCGT,0,2097569
lacIp,0.5,1,1,AGACACTGATACAAAAGAAT,0,2098014
lacIp,0.5,1,1,AGAATTACCCTACATTAGAT,0,2093943
lacIp,0.5,1,1,AGAATCTCTTACGTACTAAA,0,2112458
lacIp,0.5,1,1,AGAAGGACGCTACGCCAGTG,0,2106282
lacIp,0.5,1,1,AGAAGCTTGCTTGACTAAAC,0,2104242
lacIp,0.5,1,1,AGAAGAAACCGCTACACGAG,0,2098845
lacIp,0.5,1,1,ACTTTCGGCTCCTATCGTTT,0,2096488
lacIp,0.5,1,1,ACTTTATTATACTTAGCTGT,0,2121274
lacIp,0.5,1,1,ACTTTAGGTAAGCTGGGTAC,0,2121364
lacIp,0.5,1,1,ACTTGAGGCGTCCGAGTCCT,0,2098192
lacIp,0.5,1,1,ACTTCGTAACTTTGCCACTG,0,2098137
lacIp,0.5,1,1,ACTTCCGAGATAGAAAGTCC,0,2090793
lacIp,0.5,1,1,ACTTAGAGGTATTTAGCCTA,0,2106009
lacIp,0.5,1,1,ACTGGTTATAATGGAACCGT,0,2112971
lacIp,0.5,1,1,ACTGCGCCACTGATCGAGCA,0,2113477
lacIp,0.5,1,1,ACTGCATTGCTTAAGCTACG,0,2099734
lacIp,0.5,1,1,ACTGCATTATAGCTGAGAAG,0,2100026
lacIp,0.5,1,1,ACTGCAATAACATAGGTTTT,0,2112746
lacIp,0.5,1,1,ACTGACCTGGACAGTTTCTT,0,2109429
lacIp,0.5,1,1,ACTCTTGGCTAATATCGATC,0,2109517
lacIp,0.5,1,1,ACTCTGACTGCGCCTGGGAA,0,2106022
lacIp,0.5,1,1,ACTCTAGAGGTCACTACTTT,0,2102057
lacIp,0.5,1,1,ACTCGCTAGGGTCCTGAGCT,0,2093955
lacIp,0.5,1,1,ACTCCGGGAGTCCAGCACAA,0,2114092
lacIp,0.5,1,1,ACTCCCCATGAGATAACAGT,0,2097821
lacIp,0.5,1,1,ACTCAGGGCACGCGCCGTAA,0,2106436
lacIp,0.5,1,1,ACTCAGCACACCAGCGGTGG,0,2104840
lacIp,0.5,1,1,ACTCACGCTGTGGCCGCGAG,0,2102359
lacIp,0.5,1,1,ACTATTATGTTTGAGATCCC,0,2096319
lacIp,0.5,1,1,ACTAGGTGCTTCTTTGCAGT,0,2120740
lacIp,0.5,1,1,ACTAGCATTAGCCAAGGTAA,0,2110273
lacIp,0.5,1,1,ACTACGAGGAGGTCGTTTGT,0,2102812
lacIp,0.5,1,1,ACGTTTGTGTGGTGCAAGAT,0,2114553
lacIp,0.5,1,1,ACGTGTCTGAAATCAACTTA,0,2120413
lacIp,0.5,1,1,ACGTGGTGAGCAACGTGGAG,0,2100166
lacIp,0.5,1,1,ACGTGGGGAATGGATTTAAA,0,2105071
lacIp,0.5,1,1,ACGTGGGAATAGAAGTTCGT,0,2110852
lacIp,0.5,1,1,ACGTCTCGTAACTGGTTAGT,0,2121146
lacIp,0.5,1,1,ACGTATATAGGCTGAGCATG,0,2115077
lacIp,0.5,1,1,ACGTAGTCGAGCATCGTCTT,0,2098011
lacIp,0.5,1,1,ACGTAGAATACGGCCGTGCG,0,2088421
lacIp,0.5,1,1,ACGGTGTTGATGCCGAGGCA,0,2117757
lacIp,0.5,1,1,ACGGTCCATCGACTACAAGT,0,2118464
lacIp,0.5,1,1,ACGGTATAAGCGGGGCCGTA,0,2095709
lacIp,0.5,1,1,ACGGTAGCAGAAAGCATCGT,0,2101818
lacIp,0.5,1,1,ACGGTACCTGCAGTTATATA,0,2114784
lacIp,0.5,1,1,ACGGGGGTTCAAGTTGTACC,0,2119800
lacIp,0.5,1,1,ACGGGCGGCATACTAGGAGC,0,2101093
lacIp,0.5,1,1,ACGGCGTTGACGCCCTGCGA,0,2086240
lacIp,0.5,1,1,ACGGCCCGAACGCTCTTTAC,0,2088914
lacIp,0.5,1,1,ACGGCCCAGAGGCGCGGAAA,0,2120329
lacIp,0.5,1,1,ACGGCATGGCAGCCCTCTGC,0,2118387
lacIp,0.5,1,1,ACGCTGGATTCATCGGCATA,0,2108753
lacIp,0.5,1,1,ACGCGGCTGGCAGTGGATTA,0,2105262
lacIp,0.5,1,1,ACGCGCTTGGCGGAGTGTCC,0,2118393
lacIp,0.5,1,1,ACGCGCTAATAACTCGACGG,0,2087444
lacIp,0.5,1,1,ACGCGAATGTAACCTGTGTG,0,2090799
lacIp,0.5,1,1,ACGCATTCAAGCCAGATTAG,0,2118148
lacIp,0.5,1,1,ACGCAACCTATGGTCTAGAA,0,2086093
lacIp,0.5,1,1,ACGATTACTTTAATATTTAG,0,2086115
lacIp,0.5,1,1,ACGAGAATTAACGTGTGTTC,0,2085745
lacIp,0.5,1,1,ACGACTTCTTGCACCGGTCT,0,2121586
lacIp,0.5,1,1,ACGACTAGGCATCAGTCCCA,0,2099897
lacIp,0.5,1,1,ACGAAGAAGTTGAAGAAAGA,0,2120198
lacIp,0.5,1,1,ACCTGGCCGGCTTTTGTTCC,0,2103411
lacIp,0.5,1,1,ACCTCCGAGGTTAGCATACA,0,2116390
lacIp,0.5,1,1,ACCTCACCTATAACGTTGCA,0,2095121
lacIp,0.5,1,1,ACCTATTTGGATAATGACGG,0,2108319
lacIp,0.5,1,1,ACCTATGCGAATGCCTTTAA,0,2115350
lacIp,0.5,1,1,ACCTACAAGGATGTGCTAGC,0,2090780
lacIp,0.5,1,1,ACCGTGGGCAAGGGACGTGC,0,2090775
lacIp,0.5,1,1,ACCGTGGCTCCCGATGGATC,0,2107829
lacIp,0.5,1,1,ACCGTACTGCAGGTTATCGT,0,2113793
lacIp,0.5,1,1,ACCGGTGTTGTGAGACAACT,0,2113865
lacIp,0.5,1,1,ACCGGGCGCGCGCTCCTGAC,0,2098825
lacIp,0.5,1,1,ACCGCTTTTAGCTGGAACTT,0,2093412
lacIp,0.5,1,1,ACCGACGTGCGCCCACTGGT,0,2094555
lacIp,0.5,1,1,ACCGACGTCACTTCTTAACC,0,2099299
lacIp,0.5,1,1,ACCGACATGACCTCCAATCT,0,2100907
lacIp,0.5,1,1,ACCGAATATCCGGTTATTCT,0,2104402
lacIp,0.5,1,1,ACCCTTGACGTCGCCTCCTT,0,2087209
lacIp,0.5,1,1,ACCCTGCTTTCGGTTTACTA,0,2105269
lacIp,0.5,1,1,ACCCTGCTGTCCTCATGGTA,0,2108150
lacIp,0.5,1,1,ACCCTCGGCCTTAAGTTAAT,0,2094891
lacIp,0.5,1,1,ACCCGGCGGCGTAGAAGAAC,0,2100068
lacIp,0.5,1,1,ACCCCTCAATGCACTGTGCA,0,2110192
lacIp,0.5,1,1,ACCCCATCTAGGCAAAGCGT,0,2101144
lacIp,0.5,1,1,ACCATCACAACGCATCTGCG,0,2111489
lacIp,0.5,1,1,ACCAGGGCCCAGGGGAAGCC,0,2102816
lacIp,0.5,1,1,ACCAGGCTGCGCAAGACGAT,0,2114800
lacIp,0.5,1,1,ACCAGATCATCTCTACTCGC,0,2095335
lacIp,0.5,1,1,ACCACTAATGATTTGGTTAT,0,2093554
lacIp,0.5,1,1,ACCACGTGGTGTGCCTTTAG,0,2108047
lacIp,0.5,1,1,ACCACGGGGCACTAAACACG,0,2109301
lacIp,0.5,1,1,ACCACGCCTAGGATAGTTTG,0,2090807
lacIp,0.5,1,1,ACCACAAGGTGGCCAGGGGA,0,2117063
lacIp,0.5,1,1,ACCAATCCGCGTACGGTCCC,0,2119667
lacIp,0.5,1,1,ACCAAGTAATTGGTCGGACG,0,2104080
lacIp,0.5,1,1,ACCAAATTGTGATACTATTG,0,2120395
lacIp,0.5,1,1,ACATTTCCGCGGTTTCTTTT,0,2089593
lacIp,0.5,1,1,ACATTAAACTCTATTGGAAC,0,2119557
lacIp,0.5,1,1,ACATGTTGGAGGATAGTGCA,0,2098824
lacIp,0.5,1,1,ACATGAAGAAGACCACGACG,0,2116918
lacIp,0.5,1,1,ACATCTTTGGGTACTGTCTG,0,2111579
lacIp,0.5,1,1,ACATAGCGGGCGGGGACAGT,0,2095543
lacIp,0.5,1,1,ACATACTAGGCCCGCGAAGC,0,2100854
lacIp,0.5,1,1,ACATAAGCTACTCTGCGCAA,0,2101091
lacIp,0.5,1,1,ACAGTTTAAACATTCTGGCA,0,2093207
lacIp,0.5,1,1,ACAGTTAGCTTCTTCTAGAG,0,2103298
lacIp,0.5,1,1,ACAGTAATTCGTCTGGAGGA,0,2115278
lacIp,0.5,1,1,ACAGGTCGCGGTAGGTCGTG,0,2106901
lacIp,0.5,1,1,ACAGGGAAGTAGCCACTATG,0,2104806
lacIp,0.5,1,1,ACAGGCGATCGAAACGCACC,0,2103465
lacIp,0.5,1,1,ACAGGCATCCTGGTCTGTCA,0,2108249
lacIp,0.5,1,1,ACAGGATGATGAAGAATGTA,0,2121204
lacIp,0.5,1,1,ACAGCTTCCGACACCTACAT,0,2096726
lacIp,0.5,1,1,ACAGCGGCGGGCGTGAGGCT,0,2120776
lacIp,0.5,1,1,ACAGCATACGGGAGTTCGTT,0,2105083
lacIp,0.5,1,1,ACACTACATTGTGCTGTGGT,0,2109568
lacIp,0.5,1,1,ACACGTTTATCGCTATCGAC,0,2105395
lacIp,0.5,1,1,ACACGACATCAGTGATAATA,0,2107554
lacIp,0.5,1,1,ACACCGCGTTTGTAGTGCGG,0,2090650
lacIp,0.5,1,1,ACACCGCCCCTTGACGCTTT,0,2116813
lacIp,0.5,1,1,ACACCGCACGAGCTACATCC,0,2099683
lacIp,0.5,1,1,ACACCCGCCACGTTAGTCTT,0,2106440
lacIp,0.5,1,1,ACACCAGTACAAAGCGCCAC,0,2114805
lacIp,0.5,1,1,ACACATCCCGCACTTTCACC,0,2094706
lacIp,0.5,1,1,ACAAGGTATAGCGCGTGAGA,0,2092651
lacIp,0.5,1,1,ACAAGGACACAAACGGGCCA,0,2102410
lacIp,0.5,1,1,ACAAATCGCGCCTGCAACCG,0,2106634
lacIp,0.5,1,1,AATTTTACCGGCTAGCTATG,0,2098564
lacIp,0.5,1,1,AATTTAGAACACCAGTGATC,0,2091725
lacIp,0.5,1,1,AATTGGGAACGCACTTGGCG,0,2091712
lacIp,0.5,1,1,AATTGATTGTATGAGGATTA,0,2096414
lacIp,0.5,1,1,AATTGATTAAAAACGGGCTC,0,2091788
lacIp,0.5,1,1,AATTGACACAGCGGCAGCTA,0,2119823
lacIp,0.5,1,1,AATTGAATATTCTTAGCATA,0,2107194
lacIp,0.5,1,1,AATTGAAAGGCATAGGCGTG,0,2115291
lacIp,0.5,1,1,AATTCGCGACGACGGCCGAG,0,2119924
lacIp,0.5,1,1,AATGTCTGCGGGGTCTTCGA,0,2121317
lacIp,0.5,1,1,AATGTATGGGCATGTCGAGT,0,2108802
lacIp,0.5,1,1,AATGGGCAACCGGTCGCTGA,0,2095028
lacIp,0.5,1,1,AATGGATAGGGTTGATCAGG,0,2104869
lacIp,0.5,1,1,AATGCTCTGGGACGCGTGAA,0,2096807
lacIp,0.5,1,1,AATGCTCATTAGCATATCCC,0,2093512
lacIp,0.5,1,1,AATGCTAGGTTGAGGAATAG,0,2100347
lacIp,0.5,1,1,AATGCGTTATCTCCCGCTGG,0,2104951
lacIp,0.5,1,1,AATGCGACATCGGATACGTC,0,2110583
lacIp,0.5,1,1,AATGCCGATATTTTGTGACA,0,2114225
lacIp,0.5,1,1,AATGCAGTCGTAGCCAGCAT,0,2091361
lacIp,0.5,1,1,AATGCAGTCACAGTATCGCT,0,2095175
lacIp,0.5,1,1,AATGAGTACCTAGTACCGTA,0,2103683
lacIp,0.5,1,1,AATCTGTGTTACGCCTGTGG,0,2091765
lacIp,0.5,1,1,AATCTCCGTTTCGGCGTCAA,0,2101855
lacIp,0.5,1,1,AATCGCCCTATTATAGGGTG,0,2089308
lacIp,0.5,1,1,AATCGACCGACGCCTAACCA,0,2121570
lacIp,0.5,1,1,AATCCTCAAGCCGCCGGAAA,0,2093354
lacIp,0.5,1,1,AATCCGGGCTGGTTTGGTGA,0,2105294
lacIp,0.5,1,1,AATCACAGTCACCCGAAGAC,0,2110643
lacIp,0.5,1,1,AATATTTCTAGCCTAGACGC,0,2095487
lacIp,0.5,1,1,AATATTCTTGCCGGGAATGT,0,2115895
lacIp,0.5,1,1,AATAGTCCCCGGGTATAAGC,0,2096848
lacIp,0.5,1,1,AATAGGCCAATCCGCAAAGT,0,2110903
lacIp,0.5,1,1,AATACTCTGATAACAAGTTC,0,2097722
lacIp,0.5,1,1,AATAATGAGGGCAGGAATGG,0,2106027
lacIp,0.5,1,1,AATAATCCAGGACCATTGCT,0,2115068
lacIp,0.5,1,1,AATAACGGGAATATTAAATT,0,2102371
lacIp,0.5,1,1,AATAAACTGATCCGCGTTCC,0,2112014
lacIp,0.5,1,1,AAGTTTTTGGGGCACGGTCC,0,2111389
lacIp,0.5,1,1,AAGTTACTTGTCGCAAGGTC,0,2116643
lacIp,0.5,1,1,AAGTGCGCGAAACTTCGTTT,0,2119541
lacIp,0.5,1,1,AAGTGCGCCATCTGCATAGG,0,2112443
lacIp,0.5,1,1,AAGTGATGATATTGACGCTG,0,2106567
lacIp,0.5,1,1,AAGTCGCAAACCGGCAAAGT,0,2107639
lacIp,0.5,1,1,AAGTCATCTTGAAATGTTCA,0,2099057
lacIp,0.5,1,1,AAGTAATTCCAAGGGGGGCA,0,2121095
lacIp,0.5,1,1,AAGGTTATCGGGGGCATTAA,0,2096615
lacIp,0.5,1,1,AAGGTTATCAATGTACCAAC,0,2114335
lacIp,0.5,1,1,AAGGGTCCAGTAATTCAGCA,0,2121735
lacIp,0.5,1,1,AAGGGGCCGGTTCCAGGGGA,0,2092742
lacIp,0.5,1,1,AAGGGCTACATAGATGGGCT,0,2118147
lacIp,0.5,1,1,AAGGCTTTTGTCTGGTACAT,0,2087328
lacIp,0.5,1,1,AAGGCGGTATTATCCCTAAG,0,2088326
lacIp,0.5,1,1,AAGGCAGTTGCCTAAGTTCA,0,2091623
lacIp,0.5,1,1,AAGGAGATACATTCGTAACC,0,2101854
lacIp,0.5,1,1,AAGCTGAAAGGATATCACAC,0,2102702
lacIp,0.5,1,1,AAGCGTAGTGAATAGCTGCT,0,2111984
lacIp,0.5,1,1,AAGCGTACAGGATAACTTTA,0,2106993
lacIp,0.5,1,1,AAGCGCGCACTCTCGAGGCC,0,2101780
lacIp,0.5,1,1,AAGCATGTCGCACAATCTAC,0,2105481
lacIp,0.5,1,1,AAGCATCGCAAATTTTTGGG,0,2112523
lacIp,0.5,1,1,AAGCATAGAACGTTGCCCGT,0,2109840
lacIp,0.5,1,1,AAGAGCATCGCGGACCGGCT,0,2103306
lacIp,0.5,1,1,AAGACGGTCAGCCTTGTGCA,0,2112827
lacIp,0.5,1,1,AAGACGCAATATTTGCTCAA,0,2098602
lacIp,0.5,1,1,AAGACCGATGCACCGTCACA,0,2112084
lacIp,0.5,1,1,AAGACAGGTTACCAGGGCTT,0,2118060
lacIp,0.5,1,1,AAGACACCCATTTGGATACC,0,2104601
lacIp,0.5,1,1,AAGAAATAGTCGCTTGACCA,0,2118313
lacIp,0.5,1,1,AACTTGCAATGATGTAAGAA,0,2095096
lacIp,0.5,1,1,AACTTCCTACTGTCAATGCT,0,2101007
lacIp,0.5,1,1,AACTTCCCGGTTGTACTGTC,0,2087355
lacIp,0.5,1,1,AACTTAGGGGTCAACGCGGA,0,2115468
lacIp,0.5,1,1,AACTGGAGATTCTTTTATGT,0,2096551
lacIp,0.5,1,1,AACTATCGGTCCGTTAATCG,0,2087235
lacIp,0.5,1,1,AACGTTGTCTGGGATTATGT,0,2116959
lacIp,0.5,1,1,AACGTCTAGCTCCAGCACCC,0,2088648
lacIp,0.5,1,1,AACGGGCATAGTCATTAGTT,0,2111383
lacIp,0.5,1,1,AACGGGAGTTGGGAGCAGAC,0,2092630
lacIp,0.5,1,1,AACGCTGGATAGAAACCTTG,0,2112736
lacIp,0.5,1,1,AACGCGTAGTACGTCGCACC,0,2121193
lacIp,0.5,1,1,AACGCATAATAGAGGAGCTC,0,2093654
lacIp,0.5,1,1,AACGACGGAAGGGTGGTAAT,0,2120608
lacIp,0.5,1,1,AACCTAATTCTCTAAGACAC,0,2113208
lacIp,0.5,1,1,AACCGATATCACTTGGAGAC,0,2085764
lacIp,0.5,1,1,AACCGAGTTCGTGGAAAACT,0,2100283
lacIp,0.5,1,1,AACCGACCCAAACTACTGAG,0,2102157
lacIp,0.5,1,1,AACCACGCTATCCCGGCCCA,0,2106281
lacIp,0.5,1,1,AACCACAGCTGGGCGTTGTC,0,2105602
lacIp,0.5,1,1,AACATGCCCTTAGCCCCTGA,0,2103999
lacIp,0.5,1,1,AACATCTCTACAGATGTCAC,0,2122046
lacIp,0.5,1,1,AACAGTTGGGACCACAGTGT,0,2112340
lacIp,0.5,1,1,AACACCTGAGATCAGCCCGG,0,2113523
lacIp,0.5,1,1,AAATTTAGACTAAGGGTAAC,0,2100353
lacIp,0.5,1,1,AAATTCATTGGAAACATGTT,0,2109095
lacIp,0.5,1,1,AAATGATTACATCCCCCTAC,0,2098718
lacIp,0.5,1,1,AAATCTGTATACTGAACTTT,0,2087312
lacIp,0.5,1,1,AAATCTCGCGAATGAGTCAT,0,2108857
lacIp,0.5,1,1,AAATCAGCGTGTGCACTCTA,0,2094019
lacIp,0.5,1,1,AAATAGGGGATACTATGGGG,0,2117057
lacIp,0.5,1,1,AAATAGGATTCAACGAGTAC,0,2106877
lacIp,0.5,1,1,AAAGTGGGTCACCCGTGCAC,0,2109510
lacIp,0.5,1,1,AAAGGACTCGCTTCTACGGG,0,2091436
lacIp,0.5,1,1,AAAGATCCTATAAGCCCTTG,0,2103932
lacIp,0.5,1,1,AAACTTGACCTCTAGGGAGT,0,2103520
lacIp,0.5,1,1,AAACTATCTGCCACATTACA,0,2091444
lacIp,0.5,1,1,AAACGTTTTAGAAAAGGGTT,0,2096616
lacIp,0.5,1,1,AAACGCGAGGAGAGTAACAA,0,2113517
lacIp,0.5,1,1,AAACCGTATAAATCCTGTTT,0,2107253
lacIp,0.5,1,1,AAACCGAGCTCTCTTGTATA,0,2101591
lacIp,0.5,1,1,AAAATGTCGTGCGTCAAGGA,0,2107470
lacIp,0.5,1,1,AAAATGAGACGTAAGCCAAC,0,2087721
lacIp,0.5,1,1,AAAATCCTCGTGCCCGGAGC,0,2098013
lacIp,0.5,1,1,AAAATCCCCTGGTCAATGTT,0,2112855
lacIp,0.5,1,1,AAAACTCGCTGTCTCCTGAA,0,2114578
lacIp,0.5,1,1,AAAACCTTCGGTCGTCAGCA,0,2089223
lacIp,0.5,1,1,AAAACCTCGAAGCGGTCTTC,0,2095879
lacIp,0.5,1,1,AAAACCGTGCATCCTCCAAC,0,2109718
lacIp,0.5,1,1,AAAACCGTGACGCGTGAGAG,0,2098640
lacIp,266.0,265,0,CGTACCCTCCTGTTGTAACG,265,2093968
lacIp,236.0,235,0,GATCCGTATACGTGTCCGCA,235,2099395
lacIp,198.0,197,0,AGACGGAAGCCGCACAAACA,197,2086648
lacIp,181.0,180,0,TGGTTGAGAACCTATGACTC,180,2109397
lacIp,176.0,175,0,GGGCGTGCGCGCGCCGACGG,175,2099434
lacIp,173.0,172,0,TAACAGCACGCCCAAGCCCA,172,2112600
lacIp,164.0,163,0,GCCAACATCCGATGTCGGCA,163,2104275
lacIp,157.0,156,0,GATAGCTCACGCCTGACCGG,156,2120423
lacIp,145.0,144,0,ACTGCTGACAACTCTCCGAA,144,2094906
lacIp,140.0,139,0,ACACCGTTGCCAACGTCATT,139,2089896
lacIp,124.0,123,0,TACTAGGGGGAACTTTACAA,123,2100212
lacIp,124.0,123,0,CCTAGGGGACGTATTTACCA,123,2092833
lacIp,119.0,118,0,GCATTATAGACGGAGACAGA,118,2088807
lacIp,113.0,112,0,TCTGGCGCGCATTAAGTTGC,112,2090887
lacIp,113.0,112,0,CTCCATGAATGCGCTTGGTG,112,2091751
lacIp,107.0,106,0,CCTAAACAGTGCTCTATACC,106,2088468
lacIp,107.0,106,0,ACACTGTGAGTGGGCATCCT,106,2086263
lacIp,96.0,95,0,CGCGGACGAGTACGTTTGGG,95,2112873
lacIp,85.0,84,0,TGACTGTAGTGTGACTATCC,84,2088464
lacIp,84.0,83,0,TGGTCGCCCGCTTAGTCTCT,83,2121591
lacIp,83.0,82,0,AAGAAGAAAAGGCACGGATA,82,2097567
lacIp,62.0,61,0,TATGCACTCATGGGGGTTAC,61,2114782
lacIp,58.0,57,0,GGAGGTGGTCATTTGTTAAA,57,2106791
lacIp,54.0,53,0,TGAAAGCAGCATGAACTACC,53,2101880
lacIp,51.0,50,0,TTATCTCTACCTTTCAAGCG,50,2118132
lacIp,50.0,49,0,GCTCATGATTAAGACAAAGT,49,2089179
lacIp,45.0,44,0,TCGGGAGCACGCAAGTATTT,44,2087058
lacIp,40.0,39,0,CGTGCATACTTGTATCAATG,39,2119130
lacIp,40.0,39,0,AAAGCTTCTTGCGCGTAGAC,39,2086021
lacIp,39.0,38,0,CTCTTCGCGAGCAACCTTAC,38,2115102
lacIp,37.0,36,0,ACCATGTGAACGGCTGTTTT,36,2092537
lacIp,30.0,29,0,TCACATTGATGTCAACATCT,29,2120637
lacIp,27.0,26,0,CTGATCAGTCCGGTATTTGT,26,2096220
lacIp,26.0,25,0,TTATTTCGACTGCACGCGAC,25,2093267
lacIp,26.0,25,0,ACCGTGTCATTGCTCGCCAC,25,2119250
lacIp,25.0,24,0,AGCTCCCTAAGTGTGGCGGA,24,2115191
lacIp,24.0,23,0,GGTCAATGTGCGAAGGTAAA,23,2120513
lacIp,24.0,23,0,GCTTCAGGGAGTCAGTTGGG,23,2116982
lacIp,23.0,22,0,GCATGCACTGCACTGGAAAG,22,2117269
lacIp,20.0,19,0,ATTCAACGCTTCTAAGCTGT,19,2091586
lacIp,16.0,15,0,ATTTCCGCCCCAATTATTTA,15,2087032
lacIp,10.0,9,0,CCCCTCAAGGAGCGGTTATG,9,2098267
lacIp,8.0,7,0,CCACTTTAGATCGCCTTTAA,7,2105529
lacIp,8.0,7,0,AAATGACTGAGATCAGCTGG,7,2098288
lacIp,7.0,6,0,TTCCATAGCATAGACAGTTG,6,2121574
lacIp,6.0,5,0,ACAGCGCCTCCTATCAACGA,5,2112120
lacIp,5.0,4,0,AGTTGAAGGTAAGGAACAAA,4,2101782
lacIp,4.0,3,0,GCGCGCGAAGACAGGTGTAG,3,2086162
lacIp,4.0,3,0,CGGGCTTTATGCGCATTGTG,3,2090629
lacIp,4.0,3,0,AATGGCGTCCATGCGTAGCT,3,2112368
lacIp,3.0,2,0,TTAACGTAGAGGGAACGCTG,2,2087866
lacIp,3.0,2,0,TGGTTTAAGGGTCTGTGGCC,2,2117171
lacIp,3.0,2,0,TAATACATCTGTAACCAGAG,2,2102974
lacIp,3.0,2,0,GGCCCAGCTTCTCGGGGACG,2,2088035
lacIp,3.0,2,0,CCGTCAGAAAGGCAGGGAAA,2,2112621
lacIp,3.0,2,0,AGTCGTATGGAACTATAGCT,2,2105643
lacIp,2.0,1,0,TTAGCCTAATTAATAAAACC,1,2104205
lacIp,2.0,1,0,TTACTCCGCTACGCCCCGGA,1,2107413
lacIp,2.0,1,0,TTACTACTTATCCGGTGTTT,1,2105764
lacIp,2.0,1,0,TGTCAAAGGTGACCTCGGAC,1,2114196
lacIp,2.0,1,0,TGGTCACTGTAAGACGGGCG,1,2111450
lacIp,2.0,1,0,TGCCTTACTGCTCAATGTCC,1,2093916
lacIp,2.0,1,0,TCGCGTGGCCATCTGCCGGC,1,2114468
lacIp,2.0,1,0,TCCCCGATTGTATTATGGAA,1,2114516
lacIp,2.0,1,0,TCCAGATGCAAGATAGACAG,1,2118812
lacIp,2.0,1,0,GTTTATCGCCACCCGGTAGG,1,2095847
lacIp,2.0,1,0,GGTCCCAAACGCGCGCAGCG,1,2109115
lacIp,2.0,1,0,GGTAAAATTCGAGCTACGAT,1,2107877
lacIp,2.0,1,0,GCCCGGATCTTCTGGCCTTT,1,2113414
lacIp,2.0,1,0,GAGAACGACCTAAGCTTTAG,1,2090498
lacIp,2.0,1,0,GAACGGACGGCATTCAAGAG,1,2115379
lacIp,2.0,1,0,GAAAGCGAAGGATCGAATCG,1,2110924
lacIp,2.0,1,0,CTTTAGGGCAGGGGTGCAGT,1,2113545
lacIp,2.0,1,0,CTTCTTAGTCCGGGTGTTCT,1,2119704
lacIp,2.0,1,0,CTAATTCTAATCGACTATCG,1,2094556
lacIp,2.0,1,0,CGTGCTCTACATAATTAAGC,1,2120455
lacIp,2.0,1,0,CGGGAGTCATGTGATCGTCC,1,2112558
lacIp,2.0,1,0,CGGCAGCGTGCCATAGTCTC,1,2086992
lacIp,2.0,1,0,CGATTGGGAGAAGCTGCGTT,1,2106701
lacIp,2.0,1,0,CCTAGGCGGCGGACATGCGG,1,2108490
lacIp,2.0,1,0,CCGGTTTGGTTTAAAGCTCA,1,2089095
lacIp,2.0,1,0,CACATAAAACTCCTGCCGCT,1,2088506
lacIp,2.0,1,0,ATGGGTAAGTGTTGAGATAG,1,2113121
lacIp,2.0,1,0,ATCTTTCGAGGCCACGTATC,1,2111758
lacIp,2.0,1,0,AGTACGACAGAAACCATAAC,1,2111327
lacIp,2.0,1,0,ACCTAATCAGCAAAAGAAGC,1,2107085
lacIp,2.0,1,0,ACCCCCTAGGATACGTCGGC,1,2121431
lacIp,2.0,1,0,ACATAGGATTAGAACCTGCC,1,2110865
lacIp,2.0,1,0,ACAGAGAATTTGGGACCACG,1,2120149
lacIp,2.0,1,0,ACAAAGCACAGCCGAAACCT,1,2105687
lacIp,2.0,1,0,AATTTCAACGCGGTTAGAAA,1,2115694
lacIp,2.0,1,0,AACATACGCGGTTTCTGGCG,1,2117550
