name,relative_counts,ct,ct_0,barcode,ct_1,barcode_ind
yadN_predicted,0.0028653295128939827,1748,1744,CAGAGGCTCTGCGGGGAATC,4,4403315
yadN_predicted,0.04216867469879518,171,165,TGCCTGATGTAGCCTTACCA,6,4418988
yadN_predicted,0.038461538461538464,52,51,GGGGGCTTGACATTATACGT,1,4408240
yadN_predicted,0.0392156862745098,51,50,TAGCACATTTTAACAGGTTC,1,4415260
yadN_predicted,0.04081632653061224,49,48,GGTGTCCATCATCCTACTCT,1,4422998
yadN_predicted,0.061224489795918366,50,48,GGTATGTTAAGTCTGCGCGT,2,4434965
yadN_predicted,0.0425531914893617,47,46,TGCCCCGATTGCACAGAATA,1,4426805
yadN_predicted,0.05128205128205128,39,38,TTGGCCCCCCGCGGGCAAAT,1,4412265
yadN_predicted,0.05128205128205128,39,38,GCCCTAAGCATGTGGAAAGG,1,4409992
yadN_predicted,0.05128205128205128,39,38,AACTTTCCCCGTGTTGAGCA,1,4411771
yadN_predicted,0.08108108108108109,38,36,AACGGGGTCTTAAGTGGGGA,2,4416945
yadN_predicted,0.08333333333333333,37,35,GCCCCTCTAGTCGCCAGGGA,2,4404593
yadN_predicted,0.0625,32,31,CGCTGGTTCTAATTCACTAG,1,4406523
yadN_predicted,0.06666666666666667,30,29,CGCTTGACGGTTCTTAGCAA,1,4412708
yadN_predicted,0.06896551724137931,29,28,CGGGTTAGGGCAGGTGTGGT,1,4412986
yadN_predicted,0.06896551724137931,29,28,ATATAGCAAGGGTGAGTGGT,1,4425425
yadN_predicted,0.10714285714285714,29,27,TTCTGGGCAATACAATCGAG,2,4414772
yadN_predicted,0.07142857142857142,28,27,GTAGGGTGGCTTTTCGAGGA,1,4421702
yadN_predicted,0.07142857142857142,28,27,GCGCTTTCAAGTCCTACCAG,1,4419519
yadN_predicted,0.07142857142857142,28,27,CGCTTATAACGGTTACTAAA,1,4403552
yadN_predicted,0.07407407407407407,27,26,AACTGAGGGCCTTGGTGGTT,1,4413178
yadN_predicted,0.1111111111111111,28,26,AACTCTAAATGTGCTGCCGG,2,4413920
yadN_predicted,0.07692307692307693,26,25,TCTCACATAGTGCTCGTAGG,1,4411633
yadN_predicted,0.07692307692307693,26,25,GTTAAATCAAGATCAGTTGC,1,4407024
yadN_predicted,0.12,26,24,GTCTACGATTGTTGACGGTA,2,4403902
yadN_predicted,0.16,27,24,CTGGAAAAGACAATTTGATA,3,4424350
yadN_predicted,0.08333333333333333,24,23,CTTCGAGGCTAGTGTACCCA,1,4417151
yadN_predicted,0.08333333333333333,24,23,CTCATGTGCTGATTGCCAGT,1,4409334
yadN_predicted,0.08333333333333333,24,23,CGTCGTCCACTGTTCAAACA,1,4419927
yadN_predicted,0.08333333333333333,24,23,AGGCCCAGACTCCTGAAAAT,1,4425137
yadN_predicted,0.2608695652173913,27,22,AGTCCACTTGTGCCGCGGTG,5,4424650
yadN_predicted,0.13043478260869565,24,22,ACAATGCGATGTGGTTCAGA,2,4408293
yadN_predicted,0.13636363636363635,23,21,CTGAAGACCGTCTTAGTTAT,2,4426050
yadN_predicted,0.13636363636363635,23,21,CTCGCCCTGTTCGCGAAGCC,2,4419204
yadN_predicted,0.14285714285714285,22,20,GGTTCGAGGATGCTAGAGCA,2,4426951
yadN_predicted,0.14285714285714285,22,20,GCAACTAAGCAGTACGCATT,2,4420850
yadN_predicted,0.23809523809523808,24,20,AGAATCGCTCTTGTTACGTG,4,4422768
yadN_predicted,0.09523809523809523,21,20,ACGGTAGATAGCGAGTAGCT,1,4415243
yadN_predicted,0.1,20,19,TTGCGGCATCAAAGAGGAGA,1,4423767
yadN_predicted,0.1,20,19,GGCTTCAGTCCGAATACGGA,1,4420069
yadN_predicted,0.15,21,19,CCCCGAGAAGATTCACACAA,2,4406979
yadN_predicted,0.1,20,19,AGGCATCGGAGGCGACCCTT,1,4404936
yadN_predicted,0.1,20,19,ACGATCCTATAATTCTCTGA,1,4413630
yadN_predicted,0.47368421052631576,26,18,TGGGGCTCACACTCACATTA,8,4409023
yadN_predicted,0.2631578947368421,22,18,GTGTGAATTCTGCTAACCCT,4,4425932
yadN_predicted,0.15789473684210525,20,18,CGCTTCTCGGTGATTCTGCA,2,4420698
yadN_predicted,0.21052631578947367,21,18,CGATCCAGCGGTTAGATTGC,3,4422541
yadN_predicted,0.10526315789473684,19,18,CATGTAGCAGTGCACTCTGG,1,4420539
yadN_predicted,0.1111111111111111,18,17,GATCCAGACATTAGACGCGC,1,4407588
yadN_predicted,0.11764705882352941,17,16,GTGAGCGTGCATCATTCGCA,1,4422147
yadN_predicted,0.11764705882352941,17,16,GTACAGTCACTCCAGGGTTA,1,4425257
yadN_predicted,0.11764705882352941,17,16,CCGGTCGGTTGTTTGTCAAT,1,4402748
yadN_predicted,0.23529411764705882,19,16,ACATCCTGGACCCGCCTGTA,3,4408394
yadN_predicted,0.1875,17,15,TTTTTTAACTAGGCCGAATC,2,4404274
yadN_predicted,0.125,16,15,TTTCCTGTACTTCTGTGTGG,1,4430395
yadN_predicted,0.125,16,15,TTGGGTTAAATCGTTCTCTC,1,4431738
yadN_predicted,0.125,16,15,TTGAATGGTTTAAACGTAAA,1,4429770
yadN_predicted,0.125,16,15,TGAATCCGTCAAGGGGGCGT,1,4425078
yadN_predicted,0.1875,17,15,TCTACTCGTGCGGTGCAAAT,2,4414861
yadN_predicted,0.125,16,15,GTGACTATGCAATCCAGGGT,1,4408576
yadN_predicted,0.125,16,15,GTACTGTGATAGGAGGCATT,1,4418533
yadN_predicted,0.125,16,15,GGAATTACGATTCGCGCGGG,1,4430647
yadN_predicted,0.125,16,15,CAGTTGACATTAGCGTATAA,1,4415398
yadN_predicted,0.25,18,15,CAAGGAGCACTAACACCCTA,3,4426249
yadN_predicted,0.125,16,15,AGATTTACAATCAAGGAAAA,1,4429232
yadN_predicted,0.13333333333333333,15,14,TGTTCGGCTTCTCCGCCCGC,1,4412084
yadN_predicted,0.13333333333333333,15,14,GTTGTCTTTGAATATTCGGT,1,4422192
yadN_predicted,0.13333333333333333,15,14,GATTCGCCCTCAACGAGCTA,1,4431358
yadN_predicted,0.26666666666666666,17,14,CCAGTCCGGAGCCCGCGCTC,3,4421594
yadN_predicted,0.13333333333333333,15,14,AATCGATTAGCTAGAGATGA,1,4407693
yadN_predicted,0.14285714285714285,14,13,GTTCAACAGCAGAGCCGTAA,1,4432692
yadN_predicted,0.14285714285714285,14,13,GAGTCTCGGTATGGCCTGAG,1,4426295
yadN_predicted,0.21428571428571427,15,13,CTAGCCCGGGACGCTAAAGA,2,4421602
yadN_predicted,0.15384615384615385,13,12,TACCCAAGTAGATACAACAT,1,4435186
yadN_predicted,0.23076923076923078,14,12,GTGAATTAGGCCCTGGCCCT,2,4418869
yadN_predicted,0.15384615384615385,13,12,GGCTTCCGGGCAAGCGTTTT,1,4406716
yadN_predicted,0.15384615384615385,13,12,GCGATTAACTGTAGATTTAC,1,4414289
yadN_predicted,0.3076923076923077,15,12,CGCATCATCAGGTGTTTCCC,3,4404216
yadN_predicted,0.23076923076923078,14,12,ATGACCGCCCTACATATAGG,2,4408173
yadN_predicted,0.15384615384615385,13,12,ACTACAGGTACTCCTGGGCA,1,4429469
yadN_predicted,0.16666666666666666,12,11,TGTTACCGCAGATCTAACAT,1,4421502
yadN_predicted,0.25,13,11,TGTCACAGACTTTGTTCAGA,2,4405169
yadN_predicted,0.16666666666666666,12,11,GCTGGTTTCACCGACATATA,1,4410980
yadN_predicted,0.16666666666666666,12,11,CCATTTGAATCCTCCGACAC,1,4434367
yadN_predicted,0.16666666666666666,12,11,AGGGGGACTGTCCGCTTTTC,1,4406436
yadN_predicted,0.16666666666666666,12,11,AGACTGAGATCCTCGTGCTT,1,4408201
yadN_predicted,0.16666666666666666,12,11,ACTTTCTGGAACGAGTTTTA,1,4410670
yadN_predicted,0.16666666666666666,12,11,AAAAACACCGTAGACTTACA,1,4418492
yadN_predicted,0.18181818181818182,11,10,TGTGACAAGAAAGTGACCAC,1,4407576
yadN_predicted,0.18181818181818182,11,10,TCTACCATGTACTGTCTTCT,1,4431288
yadN_predicted,0.36363636363636365,13,10,TAGATCGCGTCGCTCCCATG,3,4416199
yadN_predicted,0.18181818181818182,11,10,TACGGCCACAGCCTGCGAGA,1,4410761
yadN_predicted,0.18181818181818182,11,10,GTGTTGGGAATGAAAAATCA,1,4419208
yadN_predicted,0.2727272727272727,12,10,GTCGCTAATGCTCTCCCCGT,2,4427200
yadN_predicted,0.18181818181818182,11,10,GGCAATATGTTGAGGCGCGA,1,4416319
yadN_predicted,0.18181818181818182,11,10,CCACATAGCGCTAAAAGCCC,1,4418627
yadN_predicted,0.2727272727272727,12,10,ATGTTTTCAATAGTGGCTGC,2,4408933
yadN_predicted,0.18181818181818182,11,10,ACGGCACATATCGCTGTGTG,1,4416646
yadN_predicted,0.5,13,9,TTCGTGCCTGAACGTCTCAA,4,4435107
yadN_predicted,0.2,10,9,TCTATTAATACGTCTACTGA,1,4413384
yadN_predicted,0.3,11,9,TACTGGGGCACCGGTTCTCC,2,4416337
yadN_predicted,0.2,10,9,GTGAATCGATATTGCTCGTT,1,4403037
yadN_predicted,0.3,11,9,GGTAACTGGAACCGCATTAT,2,4414580
yadN_predicted,0.2,10,9,ATCAAGCCCAAGCGGTCTGA,1,4415490
yadN_predicted,0.2,10,9,ATAGTATGGAGGTGTCAACT,1,4421332
yadN_predicted,0.3,11,9,AGGAGATATGGATATGAAGT,2,4403335
yadN_predicted,0.2,10,9,AATTAAGACGGTTGCCTAAG,1,4411629
yadN_predicted,0.5555555555555556,12,8,TGGGAGGTATCTACGGTAAC,4,4428648
yadN_predicted,0.5555555555555556,12,8,TACAGATTAGGCTTTAATGA,4,4428453
yadN_predicted,0.2222222222222222,9,8,GGCGCCTTCGAGAAAGTCTG,1,4422845
yadN_predicted,0.2222222222222222,9,8,AAAATAAGCGAAGAGATTGT,1,4435756
yadN_predicted,0.25,8,7,CTTTGCCTTGGGGTCCGCTT,1,4431486
yadN_predicted,0.25,8,7,CTGTGCGCTCGGTCGCTTAT,1,4434246
yadN_predicted,0.25,8,7,CGATAAACGTCCGTAGCGTG,1,4412270
yadN_predicted,0.25,8,7,CCTACGTCGTGCATTTGGAT,1,4410450
yadN_predicted,0.375,9,7,CAGGATACAATTATTGATTT,2,4425367
yadN_predicted,0.25,8,7,ATGGCAGGGGCATAAAAGAA,1,4419214
yadN_predicted,0.25,8,7,ACAAGGGGGTCTACCTCTTG,1,4428296
yadN_predicted,0.2857142857142857,7,6,TTATATCGTAGCGAAGCTAA,1,4413921
yadN_predicted,0.2857142857142857,7,6,TCGGCCACTGATCCGGTTCC,1,4403418
yadN_predicted,0.2857142857142857,7,6,GCGACATATCTGTGCCGAGA,1,4430276
yadN_predicted,0.2857142857142857,7,6,CTCTGATCGGGCGGATGTGC,1,4407798
yadN_predicted,0.5714285714285714,9,6,CCATGCAGCGTCTCCGCGAC,3,4417869
yadN_predicted,0.2857142857142857,7,6,ATTTTTTATTTGCGTCGTTT,1,4416725
yadN_predicted,0.2857142857142857,7,6,ACCTCATATGTGGGCAGTCA,1,4431953
yadN_predicted,0.3333333333333333,6,5,TTCCCCTCTAAATGAAGAGA,1,4415978
yadN_predicted,0.3333333333333333,6,5,TGTCCCGGGATTACTGAACA,1,4431992
yadN_predicted,0.3333333333333333,6,5,TCATCTTCGCCGTTAATCTC,1,4424912
yadN_predicted,0.3333333333333333,6,5,CGCGAAAAACCACGCGCTAC,1,4425516
yadN_predicted,0.3333333333333333,6,5,CGCAAAAGTTTGAGTTTTAT,1,4429109
yadN_predicted,0.3333333333333333,6,5,CCTAGTAACACTACAGAGAA,1,4434175
yadN_predicted,0.3333333333333333,6,5,CACGATTCTCTTCTTTCGTA,1,4425704
yadN_predicted,0.3333333333333333,6,5,ATGCAATCAATTCTGACTCT,1,4404883
yadN_predicted,0.3333333333333333,6,5,ATCACGAGCTCACGGGCCCA,1,4434202
yadN_predicted,0.6666666666666666,8,5,AGCGACGCCCCGGCTTATAC,3,4414140
yadN_predicted,0.3333333333333333,6,5,ACCTCAGATCCTAGCTGCTC,1,4410998
yadN_predicted,0.3333333333333333,6,5,ACCATGGAGCTCAAACCCCT,1,4417714
yadN_predicted,0.4,5,4,GGAGGCCGGGCTGCCGACCA,1,4418279
yadN_predicted,0.4,5,4,GCCGCCCAGCGCCGTTGGCG,1,4412314
yadN_predicted,0.4,5,4,GACCGGATGAGTAGCGTCCT,1,4408158
yadN_predicted,0.6,6,4,ACTATATACGGCTAACCCTA,2,4427301
yadN_predicted,0.5,4,3,TTTGAAGATTGATTCTCGTT,1,4418228
yadN_predicted,0.5,4,3,TCGGGGTATAAGTGCAACTA,1,4422629
yadN_predicted,0.75,5,3,GTCTCAGCTTTCAGAAAGCC,2,4435254
yadN_predicted,0.5,4,3,GTACAATCCCATTTGTGGAC,1,4431698
yadN_predicted,0.5,4,3,GGCCGTATTTATGTGCATAT,1,4408204
yadN_predicted,0.5,4,3,CGAATAACCGCGCACGTTGT,1,4429191
yadN_predicted,0.5,4,3,ATAAGGAAATCATGCTGGCC,1,4417647
yadN_predicted,0.5,4,3,AGGGAACACCTGCAAGAGAT,1,4426813
yadN_predicted,0.5,4,3,ACCTACGTTTCGTAAATTCG,1,4418990
yadN_predicted,1.0,4,2,TTTGAGATCCTGGTGCCGTA,2,4415151
yadN_predicted,0.6666666666666666,3,2,TTAAGCCGAGGAATTGAGGT,1,4426121
yadN_predicted,0.6666666666666666,3,2,TGGACTGTACTTAAGTGCAG,1,4413284
yadN_predicted,0.6666666666666666,3,2,TAAAAATCCCAGGGATTGTG,1,4409317
yadN_predicted,1.6666666666666667,6,2,GTACATATTAGGTAGATGCA,4,4423031
yadN_predicted,0.6666666666666666,3,2,GGCTACGTCAGTGAATCCCT,1,4414791
yadN_predicted,1.3333333333333333,5,2,GCTTTTGTTGTAGTAAAGGC,3,4419579
yadN_predicted,0.6666666666666666,3,2,GATGGACAACATCGACAGTC,1,4421615
yadN_predicted,1.5,3,1,TAACTCAGACTATGTTCGGG,2,4405473
yadN_predicted,1.5,3,1,GTCCTCCCTGACTGATAGGC,2,4414827
yadN_predicted,1.0,2,1,GGGTGCTACCTGCAAGCGAC,1,4418571
yadN_predicted,1.0,2,1,GCTTCCGTCTCATCAGCTTA,1,4410128
yadN_predicted,1.0,2,1,GACTCTGGGATGTCGGGCTA,1,4420934
yadN_predicted,1.5,3,1,CGTCACCTGACCTCCAGCGC,2,4417224
yadN_predicted,1.0,2,1,CGGCACTCGCCAGAGTGTCT,1,4419234
yadN_predicted,1.0,2,1,CGCATTGCAGTCTATCAACT,1,4425765
yadN_predicted,1.0,2,1,ATGAACCGCCCCGCTTCGCC,1,4408058
yadN_predicted,1.0,2,1,ATCAGGGGATCCTCGCCTCT,1,4403645
yadN_predicted,1.0,2,1,ACCAATCCTTAAGACCAGTT,1,4407773
yadN_predicted,1.0,2,1,AAACATCAATAATATGGGAT,1,4409524
yadN_predicted,0.011111111111111112,89,89,CCGTAGAATGTAAGAAGATA,0,4419327
yadN_predicted,0.011764705882352941,84,84,GGCTGAGACACGGTGTCTAA,0,4423420
yadN_predicted,0.012345679012345678,80,80,GGACGAGCGGTTCGCCTTTA,0,4415797
yadN_predicted,0.013333333333333334,74,74,GCCTCCGCCCTTTCCCAATT,0,4419470
yadN_predicted,0.0136986301369863,72,72,AAGGGCTACCGCCAGGGGAA,0,4415120
yadN_predicted,0.014705882352941176,67,67,TCGCCAGAGACGTCTGGTAA,0,4423806
yadN_predicted,0.014705882352941176,67,67,CTTAAGATTTGTGAACACAA,0,4403874
yadN_predicted,0.014925373134328358,66,66,CACAATGGGTGTGAACGATT,0,4434833
yadN_predicted,0.015384615384615385,64,64,TTCTTACCTTGTCTTCTCAT,0,4413087
yadN_predicted,0.016129032258064516,61,61,TGTGCGTTTAGAACTTCAAT,0,4427529
yadN_predicted,0.016129032258064516,61,61,CCGGCTCTATGTGCGGGAGG,0,4410546
yadN_predicted,0.016129032258064516,61,61,ATCCTAATAGTAGGTAGCCT,0,4424249
yadN_predicted,0.016666666666666666,59,59,TCGTTCGTAAGCTTTCATGT,0,4403138
yadN_predicted,0.016666666666666666,59,59,CCTCTCTGGCCGTTTGATTT,0,4406522
yadN_predicted,0.01694915254237288,58,58,GCGGACGTGAAGTCTTGACT,0,4402623
yadN_predicted,0.01694915254237288,58,58,CTATAGCACTGGTTGGCCCT,0,4405103
yadN_predicted,0.01694915254237288,58,58,ACTGATCTTGCTAGAAGGGG,0,4427037
yadN_predicted,0.017241379310344827,57,57,GTGTCAGTCTCTTTGTACTA,0,4431887
yadN_predicted,0.017241379310344827,57,57,CGTGTTGCGATAAGTTCGGT,0,4408322
yadN_predicted,0.017241379310344827,57,57,CCCCTAGAGTTCGCGGTCTA,0,4415975
yadN_predicted,0.017241379310344827,57,57,CAGCGGCCCGCATTCAATTG,0,4432105
yadN_predicted,0.017241379310344827,57,57,ATACGCATCCCCACGGCCCT,0,4421684
yadN_predicted,0.017543859649122806,56,56,TTTGGATCGGTCGTTTGCTG,0,4403283
yadN_predicted,0.017857142857142856,55,55,AGCGGGCTCGGCACAGCAGA,0,4434968
yadN_predicted,0.01818181818181818,54,54,TCGGGCTGTAACCTCAAGAT,0,4404853
yadN_predicted,0.01818181818181818,54,54,ACCAATCGGGTTTGGAAAGA,0,4411360
yadN_predicted,0.01818181818181818,54,54,ACAACTACTTCCTTTGCTAA,0,4423198
yadN_predicted,0.018518518518518517,53,53,CCTGTGCTATAGCGCGGTAC,0,4416474
yadN_predicted,0.018518518518518517,53,53,CCCGGCCTTTAGACACGTCT,0,4404042
yadN_predicted,0.018867924528301886,52,52,TGCGTTACACGGCGAGACAG,0,4420898
yadN_predicted,0.018867924528301886,52,52,AGTCAAGCGCAATGTAAGCA,0,4404308
yadN_predicted,0.019230769230769232,51,51,AAGGAGGTCCATTATCATCT,0,4410337
yadN_predicted,0.0196078431372549,50,50,CGTGTGCAATCGTCCAGGGG,0,4408511
yadN_predicted,0.02,49,49,TGTACCCTGTGGGGAAACGT,0,4409673
yadN_predicted,0.02,49,49,GAATTCGGAAGGAACAGGGT,0,4430614
yadN_predicted,0.02,49,49,GAATACGTTATGCGAATCGC,0,4416612
yadN_predicted,0.02,49,49,AGTCATACGGCAAATCACGT,0,4420803
yadN_predicted,0.02,49,49,AAAATAAGCAGACTTCGCAA,0,4416965
yadN_predicted,0.02040816326530612,48,48,TGGCTATTTTGGGAATGACA,0,4403284
yadN_predicted,0.02040816326530612,48,48,CGCGGCGTGACTCCGCGTTA,0,4409255
yadN_predicted,0.020833333333333332,47,47,GCGGGGCGTTAATAGCCCTT,0,4431730
yadN_predicted,0.020833333333333332,47,47,GAGAGTGACCAGTGAGCCAT,0,4420496
yadN_predicted,0.020833333333333332,47,47,AAGCTGTCAGTTCGTAGGCC,0,4420067
yadN_predicted,0.02127659574468085,46,46,TGTATTAAAGGGAACGGGCC,0,4429676
yadN_predicted,0.02127659574468085,46,46,GGTACTGGAGCACGCCCCTA,0,4408884
yadN_predicted,0.02127659574468085,46,46,CAACTCTCAAAACGACTCGG,0,4420113
yadN_predicted,0.021739130434782608,45,45,GGAGCGAAGGCCCCCACCTT,0,4412615
yadN_predicted,0.021739130434782608,45,45,GCCGGGTCCCCCAGGCTCGT,0,4406726
yadN_predicted,0.021739130434782608,45,45,CTGGATGTACTTGTGTTGAT,0,4435047
yadN_predicted,0.022222222222222223,44,44,TTACCATGTGGGCTCTGTTG,0,4406490
yadN_predicted,0.022222222222222223,44,44,GCAGAGGGGTTTAATTTCCT,0,4412670
yadN_predicted,0.022727272727272728,43,43,TCTGCACCGTATGTTCGGAT,0,4417112
yadN_predicted,0.022727272727272728,43,43,TCGCCAAGGCCTGTTGTGCG,0,4431267
yadN_predicted,0.022727272727272728,43,43,TCAGACACTTCGCAGGCACA,0,4406521
yadN_predicted,0.022727272727272728,43,43,GTTCGGCAACGTAGTGACTC,0,4410767
yadN_predicted,0.022727272727272728,43,43,GCTACTAGCTCCGTGAAGAC,0,4435757
yadN_predicted,0.022727272727272728,43,43,CGGCCGTCAGACCTGATATG,0,4426083
yadN_predicted,0.022727272727272728,43,43,CATCTAAGTGTTAGCCCTCT,0,4409428
yadN_predicted,0.023255813953488372,42,42,CATGCTCCATAGATCCTACT,0,4406714
yadN_predicted,0.023255813953488372,42,42,ATATTGTTGCATTCCGACGA,0,4422498
yadN_predicted,0.023255813953488372,42,42,AGAGTAACCACCGTTACGTA,0,4411162
yadN_predicted,0.023809523809523808,41,41,TGGAAGGACTGGGGAGACGT,0,4414674
yadN_predicted,0.023809523809523808,41,41,TGCATTGGAACTAGATAAGT,0,4409633
yadN_predicted,0.023809523809523808,41,41,TGACCCCAGCACCACATCTA,0,4419039
yadN_predicted,0.023809523809523808,41,41,TCCTTGCAGTTGATGGGCGA,0,4417557
yadN_predicted,0.023809523809523808,41,41,TCCAGCAGATTGGCTTTAAC,0,4403484
yadN_predicted,0.023809523809523808,41,41,TACCGCGTGTTTAAACATTA,0,4403712
yadN_predicted,0.023809523809523808,41,41,GGTGAGGGCATGCTGTCGTT,0,4406464
yadN_predicted,0.023809523809523808,41,41,CATTATGTCGGGACTGCAAA,0,4408991
yadN_predicted,0.023809523809523808,41,41,CAGGGACCGCACATCACAAC,0,4404210
yadN_predicted,0.023809523809523808,41,41,CAGCACCTGCTTATAGGCAA,0,4422920
yadN_predicted,0.024390243902439025,40,40,GTCAGTCCGAATGCGGCGCT,0,4415279
yadN_predicted,0.024390243902439025,40,40,GGCGCCCGGCGATATTATAC,0,4432310
yadN_predicted,0.024390243902439025,40,40,GCCAAGGTTCAGCCAAGGGC,0,4422013
yadN_predicted,0.024390243902439025,40,40,CCCGGGGAATGCTAGGTATC,0,4402747
yadN_predicted,0.024390243902439025,40,40,CCCAAGTACGTGGACTGTGA,0,4420350
yadN_predicted,0.024390243902439025,40,40,ATGAATGCTCAGCCCATCTC,0,4432521
yadN_predicted,0.025,39,39,TTTGTCAAGAAGTGAACAGC,0,4428550
yadN_predicted,0.025,39,39,TGTACGCTCAGTTGAAAGTA,0,4420454
yadN_predicted,0.025,39,39,TGGGCAGGTTGTCAGGGGAG,0,4416217
yadN_predicted,0.025,39,39,TGGAGCTCTCTGTTTGTTTA,0,4426002
yadN_predicted,0.025,39,39,TCTTTCCGTGGGGCAAGTCA,0,4406260
yadN_predicted,0.025,39,39,CGACCGCCAGTGGCTCTTCT,0,4421900
yadN_predicted,0.025,39,39,ATACAAGCGGTACAAAATGA,0,4413139
yadN_predicted,0.02564102564102564,38,38,ATGCCCTTTAGGCATCCAGT,0,4435249
yadN_predicted,0.02564102564102564,38,38,ATGAGGCTCGATGCGCCTTG,0,4418986
yadN_predicted,0.02564102564102564,38,38,AGTGACGGGGGTCCGTAATG,0,4405730
yadN_predicted,0.02564102564102564,38,38,AGCCGGACGTCCTGGCGTTG,0,4419032
yadN_predicted,0.02564102564102564,38,38,AGCAACCCAACGCGAGCGGG,0,4433070
yadN_predicted,0.02631578947368421,37,37,TTGGTGATAGAGCTCCTTCT,0,4403222
yadN_predicted,0.02631578947368421,37,37,CTACGAGTTTGAAAAGATCT,0,4424084
yadN_predicted,0.02631578947368421,37,37,AGCAGGCACTTTCTAACGTA,0,4407992
yadN_predicted,0.02702702702702703,36,36,TTTGTATGTAATTCCTGTCT,0,4412236
yadN_predicted,0.02702702702702703,36,36,TTTACGTTATGTCGTCGGTT,0,4410505
yadN_predicted,0.02702702702702703,36,36,TTCTGGCCTGTCAGTCGGCA,0,4431069
yadN_predicted,0.02702702702702703,36,36,TGCCTTGGTAGAGGTCATTG,0,4410774
yadN_predicted,0.02702702702702703,36,36,TCTGGCGAAGTCAGTGTGCA,0,4424701
yadN_predicted,0.02702702702702703,36,36,TCAATCGAAGCTATACTAAT,0,4407818
yadN_predicted,0.02702702702702703,36,36,TACCACCTGTGTACCTCGAT,0,4408356
yadN_predicted,0.02702702702702703,36,36,GCGTGTCTACACCGAATACG,0,4411650
yadN_predicted,0.02702702702702703,36,36,GAGATGTCCGGTAAGCAAAA,0,4425077
yadN_predicted,0.02702702702702703,36,36,CAACGGCCATGGAGTTCCAC,0,4403251
yadN_predicted,0.02702702702702703,36,36,ACATCTCACGCACCAGACAT,0,4432536
yadN_predicted,0.02702702702702703,36,36,AAGCCGTCGCCCGGGATAAA,0,4417424
yadN_predicted,0.02702702702702703,36,36,AACACTAAGAAACAAACCAT,0,4402999
yadN_predicted,0.027777777777777776,35,35,TGCAACCAAAGCGGACATTA,0,4429230
yadN_predicted,0.027777777777777776,35,35,GTTGCGTCGCCAATGGCGAT,0,4405381
yadN_predicted,0.027777777777777776,35,35,GGGTCGAGATGAGAGACGAG,0,4421790
yadN_predicted,0.027777777777777776,35,35,GCCCCGGATCCCGACCCACT,0,4405995
yadN_predicted,0.027777777777777776,35,35,CGTTCTTAGATCGGTAATCT,0,4409530
yadN_predicted,0.027777777777777776,35,35,CGGAACCGCTGCCTAGGCGA,0,4423814
yadN_predicted,0.027777777777777776,35,35,CCACGCTCGTCTCGTGGTGA,0,4408200
yadN_predicted,0.027777777777777776,35,35,CATCCACGCGAAATTCCGGA,0,4406118
yadN_predicted,0.027777777777777776,35,35,AGTGGACGTAATCATTCTTG,0,4409967
yadN_predicted,0.02857142857142857,34,34,TTGAGAAGACACTATGAGCG,0,4412155
yadN_predicted,0.02857142857142857,34,34,TGAGCGGATGACGCAGCGCT,0,4416462
yadN_predicted,0.02857142857142857,34,34,GAGATTTGAAAACCAAACTG,0,4406553
yadN_predicted,0.02857142857142857,34,34,CGGCGGTTAGAAGCCACTTC,0,4422473
yadN_predicted,0.02857142857142857,34,34,ATGCCCCCCGTGGTACGCGG,0,4423481
yadN_predicted,0.02857142857142857,34,34,AGGTGCCATCAGCGGGGTAT,0,4430859
yadN_predicted,0.02857142857142857,34,34,AGAGCGAAGCAGACGTATGG,0,4420557
yadN_predicted,0.02857142857142857,34,34,AGACCCCGCGACAGGCACTG,0,4404389
yadN_predicted,0.02857142857142857,34,34,AAGGCAACTTATCCAGAAAT,0,4430117
yadN_predicted,0.029411764705882353,33,33,TTCCGATTTATGCCCTGAAT,0,4431351
yadN_predicted,0.029411764705882353,33,33,TGCCGGCAGCAAGAGGCATC,0,4404929
yadN_predicted,0.029411764705882353,33,33,TCATGTCAACGCTTTCGTAC,0,4419545
yadN_predicted,0.029411764705882353,33,33,TAGCGAAGCCAACGGCTTCA,0,4403746
yadN_predicted,0.029411764705882353,33,33,GGTAGATAGTGTGTCCCCTT,0,4408359
yadN_predicted,0.029411764705882353,33,33,GGGCATGTCCTAGCTATCGT,0,4427750
yadN_predicted,0.029411764705882353,33,33,GGGAGCAATGGTGATCCCCA,0,4412053
yadN_predicted,0.029411764705882353,33,33,CTGGCAGTCGGAGATACCCT,0,4409397
yadN_predicted,0.029411764705882353,33,33,CGGCCAACTTAGAGCATTCC,0,4402966
yadN_predicted,0.029411764705882353,33,33,CCCCCCATCAGCGTCCAACG,0,4426773
yadN_predicted,0.029411764705882353,33,33,CCATCCCGGTTTAATGACTG,0,4402784
yadN_predicted,0.029411764705882353,33,33,CATCAGGCGTAAGCATGTCT,0,4428548
yadN_predicted,0.029411764705882353,33,33,ATCATGACAGAGGCATTATA,0,4421301
yadN_predicted,0.029411764705882353,33,33,ACCCGTAAAAACTTAAGTTT,0,4421577
yadN_predicted,0.030303030303030304,32,32,TTTATGCAAACACAATGGGA,0,4411014
yadN_predicted,0.030303030303030304,32,32,TTGTAAGAGCAAGACATCCT,0,4404659
yadN_predicted,0.030303030303030304,32,32,TTACACCTTACGTCCGTCAC,0,4430110
yadN_predicted,0.030303030303030304,32,32,TGCCTCTTGAGATACTTTCA,0,4417467
yadN_predicted,0.030303030303030304,32,32,TGAGGAGCGTCAGAGGCAAC,0,4404930
yadN_predicted,0.030303030303030304,32,32,TAAGTGGATTCGCCACGGCA,0,4403285
yadN_predicted,0.030303030303030304,32,32,GTCATCCGCGCGTACCATAG,0,4418487
yadN_predicted,0.030303030303030304,32,32,GGGTGCAGATTGGGGTGTCA,0,4406364
yadN_predicted,0.030303030303030304,32,32,GCTAAGGCGACGCGGGCGGG,0,4406932
yadN_predicted,0.030303030303030304,32,32,GACACCGTCGGCGTGCAGGA,0,4408637
yadN_predicted,0.030303030303030304,32,32,GAACGTTGCTCCGCAGCCAA,0,4410704
yadN_predicted,0.030303030303030304,32,32,CTTCCATCAGTAGAGTTAAT,0,4434784
yadN_predicted,0.030303030303030304,32,32,CTCGGGCACCTTGTTCGGTC,0,4413224
yadN_predicted,0.030303030303030304,32,32,CTCATCAGGCTAGGCTCTGG,0,4420280
yadN_predicted,0.030303030303030304,32,32,CGGCAAATTTTCGGATTCTT,0,4408758
yadN_predicted,0.030303030303030304,32,32,CGCGTTTGTCGAGATGCATG,0,4408574
yadN_predicted,0.030303030303030304,32,32,CCGCCTGTCCGCATTAAAAA,0,4419863
yadN_predicted,0.030303030303030304,32,32,CCAGGTCGCAGGATGATTAT,0,4426469
yadN_predicted,0.030303030303030304,32,32,CAGCGTAACTGCGCTTGCTG,0,4428178
yadN_predicted,0.030303030303030304,32,32,CACTCCGGTCATACCATGCA,0,4415274
yadN_predicted,0.030303030303030304,32,32,ATTACTACTGCCGAAGCTCA,0,4412714
yadN_predicted,0.030303030303030304,32,32,ATGAGTCGTAGTCATAAATG,0,4435546
yadN_predicted,0.030303030303030304,32,32,ACCGCGTTACGGTGTATTTA,0,4403139
yadN_predicted,0.03125,31,31,TTTGCTCAATAAAGTCTCAC,0,4411457
yadN_predicted,0.03125,31,31,TTTGCACCTTGACGGGACTT,0,4418302
yadN_predicted,0.03125,31,31,TTTCTTTTCGGGGGCGACTT,0,4418646
yadN_predicted,0.03125,31,31,TTGAGCTTAGGCGATACGCT,0,4407039
yadN_predicted,0.03125,31,31,TTCTGCCTAAGCTGGTGCGA,0,4427014
yadN_predicted,0.03125,31,31,TAACGTCCGTTTTCATAGTT,0,4429556
yadN_predicted,0.03125,31,31,GTGGTTGAGCCCTCGGATCT,0,4421007
yadN_predicted,0.03125,31,31,GGCATCTGATTCTGGTGGAA,0,4418760
yadN_predicted,0.03125,31,31,GAGATGTAGATTTGTTTGCC,0,4413356
yadN_predicted,0.03125,31,31,CTCTGAAGTGAGCCCGCGGT,0,4421736
yadN_predicted,0.03125,31,31,CGTAGAACTTACGAACGAAC,0,4425189
yadN_predicted,0.03125,31,31,CATACCAAGGGACAACTCCT,0,4402800
yadN_predicted,0.03125,31,31,ATTTAGGAGCGTCACGCGCC,0,4429430
yadN_predicted,0.03125,31,31,ATCTCGCAGTGGCGAGACAC,0,4429766
yadN_predicted,0.03125,31,31,ATACGAGCAGTTCGGCGGAA,0,4417260
yadN_predicted,0.03225806451612903,30,30,TTTCAGGAGCTGGTCCCGAA,0,4423067
yadN_predicted,0.03225806451612903,30,30,TTGTTTAGGATCCATCTATC,0,4408659
yadN_predicted,0.03225806451612903,30,30,TTAGTATAGGGCGTAACCGT,0,4418280
yadN_predicted,0.03225806451612903,30,30,TGTCCCCCTACGTGCGGCCA,0,4431551
yadN_predicted,0.03225806451612903,30,30,TGATACAATACGCAACCACA,0,4407636
yadN_predicted,0.03225806451612903,30,30,TCTTCGTTTCAGCTAGCCAG,0,4427336
yadN_predicted,0.03225806451612903,30,30,TCGGGATGTAGGTCCAGGCT,0,4425757
yadN_predicted,0.03225806451612903,30,30,TATCCGCTAGTACGGTGCAG,0,4417895
yadN_predicted,0.03225806451612903,30,30,TACGCAAACGATTGGTGTTG,0,4435008
yadN_predicted,0.03225806451612903,30,30,TACAGCTACAAAAGCGGTGC,0,4406574
yadN_predicted,0.03225806451612903,30,30,GGGGCGTTAGCGTAGATACC,0,4406173
yadN_predicted,0.03225806451612903,30,30,GGCTCGAGGTTTGATACGAC,0,4403086
yadN_predicted,0.03225806451612903,30,30,GGATGCAGTACCTTTGTGTA,0,4403088
yadN_predicted,0.03225806451612903,30,30,GCCGTGTCTGTGCATTCTGG,0,4416385
yadN_predicted,0.03225806451612903,30,30,GCCGGAAGCGCCAGGCGGCA,0,4410223
yadN_predicted,0.03225806451612903,30,30,GATAGTGGTCTTAGTAGGTA,0,4434953
yadN_predicted,0.03225806451612903,30,30,GAGGCCATCTTACGCATCGA,0,4409989
yadN_predicted,0.03225806451612903,30,30,CTAGACCCTCCCCGCGGAAG,0,4419734
yadN_predicted,0.03225806451612903,30,30,CTACTGCCCCGTGTGGCGGA,0,4424657
yadN_predicted,0.03225806451612903,30,30,CGTCGCCCTGCGATGAGCAA,0,4402942
yadN_predicted,0.03225806451612903,30,30,CCGCGCCCATCCCAGAGATG,0,4414722
yadN_predicted,0.03225806451612903,30,30,CCCCCAGTTAAGAGTCTAAG,0,4402843
yadN_predicted,0.03225806451612903,30,30,CCCAACATAACGAGACTGCT,0,4403742
yadN_predicted,0.03225806451612903,30,30,ATGCGGGGGTTCAATCCTCT,0,4407006
yadN_predicted,0.03225806451612903,30,30,AGTGTCACGCCCTGTCCGGA,0,4415397
yadN_predicted,0.03225806451612903,30,30,AGAGGACGTATCGCGTCAAT,0,4407193
yadN_predicted,0.03225806451612903,30,30,ACCAGTCGGGTGGTCTTATA,0,4435209
yadN_predicted,0.03333333333333333,29,29,TTAACCCGCCGATTTCTTAC,0,4403578
yadN_predicted,0.03333333333333333,29,29,TGTTGGTTCAAACACGGCAT,0,4417023
yadN_predicted,0.03333333333333333,29,29,TGGAACTTGGGCAGAACTAC,0,4428875
yadN_predicted,0.03333333333333333,29,29,TAGGCGATGTTGCAAGAACA,0,4435137
yadN_predicted,0.03333333333333333,29,29,TAGACGACGGCCGGTAGGCC,0,4405599
yadN_predicted,0.03333333333333333,29,29,TACGTCCTCCATGTGCGTTC,0,4426081
yadN_predicted,0.03333333333333333,29,29,TACACGGATGGGTTAACTGG,0,4421812
yadN_predicted,0.03333333333333333,29,29,GGTAGCATGGTCACTTTCGT,0,4410855
yadN_predicted,0.03333333333333333,29,29,GCCACCTCATAATAGCGACC,0,4412847
yadN_predicted,0.03333333333333333,29,29,GATCGGATTACAAAGGTCCT,0,4415848
yadN_predicted,0.03333333333333333,29,29,CTTGTTTCAGAGCCCTGGAT,0,4411853
yadN_predicted,0.03333333333333333,29,29,CTGTGCATGAGATTGACCGA,0,4405256
yadN_predicted,0.03333333333333333,29,29,CTCCGTGGCATAAGGCGGGT,0,4413357
yadN_predicted,0.03333333333333333,29,29,CGGCTGTGACTGTATGTTGT,0,4431164
yadN_predicted,0.03333333333333333,29,29,CGGCTCCTAGGCATCGCTAT,0,4412109
yadN_predicted,0.03333333333333333,29,29,CGCTTTTATGCAGACATTGC,0,4411310
yadN_predicted,0.03333333333333333,29,29,CCGTGGGCTACAGGTTCGAG,0,4410092
yadN_predicted,0.03333333333333333,29,29,CCCGGCTAATCATGCGAGCT,0,4429489
yadN_predicted,0.03333333333333333,29,29,CCATGCATTATAACGGCTCT,0,4409759
yadN_predicted,0.03333333333333333,29,29,CATTTAGATCGAAGAATGAT,0,4418868
yadN_predicted,0.03333333333333333,29,29,CAGTTATCCGCTCTTGCTAT,0,4406025
yadN_predicted,0.03333333333333333,29,29,ATATCCTTGATTACACTGGG,0,4414461
yadN_predicted,0.03333333333333333,29,29,AGGCCGCGAATCCCACCGTG,0,4406061
yadN_predicted,0.03333333333333333,29,29,AGACGAACGTTACACCAGTT,0,4420431
yadN_predicted,0.03333333333333333,29,29,ACAACTCGGCCTCCCGAATA,0,4412704
yadN_predicted,0.03333333333333333,29,29,AACGACAACTCTCACTTCAG,0,4414290
yadN_predicted,0.034482758620689655,28,28,TTGTTGCTCTCTACATGTGA,0,4406635
yadN_predicted,0.034482758620689655,28,28,TTCCCTACGGTTACACTGCT,0,4402693
yadN_predicted,0.034482758620689655,28,28,TGAGCGCGTGCGTCCTCTGT,0,4432528
yadN_predicted,0.034482758620689655,28,28,TCTAAGATGATTTCGGCCAT,0,4413142
yadN_predicted,0.034482758620689655,28,28,TCAACCTCTGTACTGCTCAT,0,4413707
yadN_predicted,0.034482758620689655,28,28,TACGCAATACAGGTGCGCAG,0,4415627
yadN_predicted,0.034482758620689655,28,28,GTTAATGAGGTTCCATCGAT,0,4431474
yadN_predicted,0.034482758620689655,28,28,GTGGTTCCTTGCCTCTCTGA,0,4409966
yadN_predicted,0.034482758620689655,28,28,GGGGAATAATCACTTAAAGA,0,4404174
yadN_predicted,0.034482758620689655,28,28,GGATAACAATTAGCAAACTT,0,4408028
yadN_predicted,0.034482758620689655,28,28,GATGGGTCCAATGGGCCTCG,0,4418815
yadN_predicted,0.034482758620689655,28,28,GACGCGTTCACTGTGCCGTG,0,4424151
yadN_predicted,0.034482758620689655,28,28,CTCCCCGGTTGATTGTTTCT,0,4429998
yadN_predicted,0.034482758620689655,28,28,CTCAGCCTGTGTAGCCGGCA,0,4415917
yadN_predicted,0.034482758620689655,28,28,CGTTGTATATTGCACTAGCT,0,4414233
yadN_predicted,0.034482758620689655,28,28,CGGTAGCAGACATCGATCGT,0,4418882
yadN_predicted,0.034482758620689655,28,28,CGGGCTTAGCAAGCACCGTA,0,4432689
yadN_predicted,0.034482758620689655,28,28,CGCCACCGCAGGCGTGCCGG,0,4414133
yadN_predicted,0.034482758620689655,28,28,CCTGTTACGCCGGAATATAT,0,4426868
yadN_predicted,0.034482758620689655,28,28,CCCATATATAGACTCTCCGT,0,4429935
yadN_predicted,0.034482758620689655,28,28,CCATGATGGAGACCCCGCTG,0,4425011
yadN_predicted,0.034482758620689655,28,28,CATCAACGGGGATGGACGGA,0,4426746
yadN_predicted,0.034482758620689655,28,28,ATCAATATGAGCCCCGGAGG,0,4420649
yadN_predicted,0.034482758620689655,28,28,ATACCTAAATTAAGGTGTTG,0,4427415
yadN_predicted,0.034482758620689655,28,28,AGGTCGGCACTATATTGGTT,0,4409943
yadN_predicted,0.034482758620689655,28,28,AGCTTGCTTTCCCTGCAGCT,0,4415059
yadN_predicted,0.034482758620689655,28,28,AGCAACGTTGTCATACGCTG,0,4403538
yadN_predicted,0.034482758620689655,28,28,ACTCGGGGTCAAAAACAACA,0,4403314
yadN_predicted,0.03571428571428571,27,27,TGGCCAGCCAGAAGTAGAGT,0,4406879
yadN_predicted,0.03571428571428571,27,27,TGAGTTGGCGATATCTATGA,0,4408199
yadN_predicted,0.03571428571428571,27,27,TCTTCAATAACGCTTCGGGT,0,4410701
yadN_predicted,0.03571428571428571,27,27,TCCTGGACCCGGTCTGCCCC,0,4416220
yadN_predicted,0.03571428571428571,27,27,TCAAGTGCTGAAGCACAAAA,0,4412093
yadN_predicted,0.03571428571428571,27,27,TAATCTAGGGTGGTAGGACA,0,4409264
yadN_predicted,0.03571428571428571,27,27,GTTAACAATGCCTAAGCAAT,0,4405503
yadN_predicted,0.03571428571428571,27,27,GTAACGGTGCCTCTACGGAT,0,4421045
yadN_predicted,0.03571428571428571,27,27,GGTGGTAGGGAATGATCAGA,0,4415431
yadN_predicted,0.03571428571428571,27,27,GGTGGGACTCTTCCGGGAAC,0,4428319
yadN_predicted,0.03571428571428571,27,27,GGGAATGCGCGACCGTACAG,0,4413419
yadN_predicted,0.03571428571428571,27,27,GGCTAGTGGGTAACCCGTAG,0,4405732
yadN_predicted,0.03571428571428571,27,27,GATGTAAAAGTCGTCACGCA,0,4422315
yadN_predicted,0.03571428571428571,27,27,CTTATTTCCGGCCAAAATGG,0,4408670
yadN_predicted,0.03571428571428571,27,27,CTCTCTCAATGACATAAAGC,0,4422041
yadN_predicted,0.03571428571428571,27,27,CGTGGCATGAGTAATTGTCT,0,4408054
yadN_predicted,0.03571428571428571,27,27,CCGAGACTATAGTTAACCCA,0,4406435
yadN_predicted,0.03571428571428571,27,27,CCCTCGAAAGTTTCGTGAAT,0,4432510
yadN_predicted,0.03571428571428571,27,27,CACAGGTTACTTGCCCACAT,0,4408911
yadN_predicted,0.03571428571428571,27,27,ATTATAGTCTAAGATGCAGA,0,4427908
yadN_predicted,0.03571428571428571,27,27,ATATACCAATGTCAGAGCAT,0,4426886
yadN_predicted,0.03571428571428571,27,27,ATACCTCCGTCGCCAGCACT,0,4413968
yadN_predicted,0.03571428571428571,27,27,AGCCAGTACTTAAGCATGGT,0,4420068
yadN_predicted,0.03571428571428571,27,27,AGCAATTTGTGTCCTAGCAA,0,4424516
yadN_predicted,0.03571428571428571,27,27,ACTGGGATCCGTAAGGTCCT,0,4428448
yadN_predicted,0.03571428571428571,27,27,AATCCGAAGGGTCTGCTTAA,0,4402997
yadN_predicted,0.037037037037037035,26,26,TCATAGGGAGTGGCCCTATG,0,4415132
yadN_predicted,0.037037037037037035,26,26,TATGCTAGTAGACGAGGAAG,0,4417403
yadN_predicted,0.037037037037037035,26,26,TATAGGTTGATGCCCTGTTC,0,4406079
yadN_predicted,0.037037037037037035,26,26,TAGACGAACTCTTTAGCGCT,0,4410755
yadN_predicted,0.037037037037037035,26,26,TACCAAAGTTCGTGGCTAAT,0,4414364
yadN_predicted,0.037037037037037035,26,26,GGACGCCATTTAGATGAGTT,0,4403822
yadN_predicted,0.037037037037037035,26,26,GGAACCCGGAATCTGAGCCG,0,4407029
yadN_predicted,0.037037037037037035,26,26,GCCGAGCTCCAACCTGAAAT,0,4427497
yadN_predicted,0.037037037037037035,26,26,GCATGTACATTCTCGCACTA,0,4422910
yadN_predicted,0.037037037037037035,26,26,GCAGTGGATAGAGTGTGGGA,0,4430058
yadN_predicted,0.037037037037037035,26,26,GATCGCATAGATAGGATAGA,0,4427654
yadN_predicted,0.037037037037037035,26,26,GACATCCAAGATTGAGCCCC,0,4405602
yadN_predicted,0.037037037037037035,26,26,CGGTGTGGATCTGTAAGACT,0,4430450
yadN_predicted,0.037037037037037035,26,26,CGGATCAATATCCAAAATGC,0,4409559
yadN_predicted,0.037037037037037035,26,26,CAAGGGGGCGACGTTGGAAC,0,4419004
yadN_predicted,0.037037037037037035,26,26,AGTATGTGAACCTCTCTACA,0,4405167
yadN_predicted,0.037037037037037035,26,26,AGGATGGCCTATCACATCGA,0,4414718
yadN_predicted,0.037037037037037035,26,26,ACTGGCACATTCAAAAGACC,0,4414863
yadN_predicted,0.037037037037037035,26,26,ACTCTGTACGGGCCTTACGG,0,4422231
yadN_predicted,0.037037037037037035,26,26,AAGGAATGAGGTGCAACAAA,0,4422913
yadN_predicted,0.037037037037037035,26,26,AAAGGGCGTACTTGACCGTA,0,4429972
yadN_predicted,0.037037037037037035,26,26,AAACGTTCGAGACCAGTATA,0,4422815
yadN_predicted,0.038461538461538464,25,25,TGTCCAGGCAGCGCTGCCCT,0,4412185
yadN_predicted,0.038461538461538464,25,25,TGCATGAGGCTGGCACGTTG,0,4423273
yadN_predicted,0.038461538461538464,25,25,TCTTTCTCCGAAACGAACAG,0,4420182
yadN_predicted,0.038461538461538464,25,25,TCTATACCGTCAGGCAAAGA,0,4409398
yadN_predicted,0.038461538461538464,25,25,TCGTACTCGAGACGGTATCA,0,4413177
yadN_predicted,0.038461538461538464,25,25,TCCATAATTTAACACATTAC,0,4422921
yadN_predicted,0.038461538461538464,25,25,TATCTACTCCGGTGAACCTG,0,4416290
yadN_predicted,0.038461538461538464,25,25,TACTAATCGCCCAATGGCGT,0,4405707
yadN_predicted,0.038461538461538464,25,25,GTTTATCTAACCATATACGA,0,4418023
yadN_predicted,0.038461538461538464,25,25,GTTATGTTGCTAGCTGTCAT,0,4420316
yadN_predicted,0.038461538461538464,25,25,GTCGATTGGCAAAGCTTGAC,0,4435838
yadN_predicted,0.038461538461538464,25,25,GTATGACAGCCCCTCATTGT,0,4409693
yadN_predicted,0.038461538461538464,25,25,GCAGCCCCGGCCAAGCATTA,0,4412988
yadN_predicted,0.038461538461538464,25,25,GCAAGAGGCGTGGCCAACGC,0,4424058
yadN_predicted,0.038461538461538464,25,25,GATGGACCAGGCTATCCCGC,0,4406497
yadN_predicted,0.038461538461538464,25,25,CGGAATCGGATGTAATACAA,0,4435330
yadN_predicted,0.038461538461538464,25,25,CGCCTGCCGTTAACGTCGCG,0,4429024
yadN_predicted,0.038461538461538464,25,25,CCTCTTGAGGCGCCGATCTT,0,4407716
yadN_predicted,0.038461538461538464,25,25,CCGAAACCGTGAGTCGAGAT,0,4406023
yadN_predicted,0.038461538461538464,25,25,CAGCTTGTTCGTTCCCCCGA,0,4406763
yadN_predicted,0.038461538461538464,25,25,CAGCTGCCGACCTCCTGTAA,0,4432388
yadN_predicted,0.038461538461538464,25,25,CAGCGACTGATCCATAAATT,0,4424972
yadN_predicted,0.038461538461538464,25,25,ATTCCTTGGCGCTTCGGTCA,0,4423179
yadN_predicted,0.038461538461538464,25,25,ATAGGCGACATTCACTGTCT,0,4428265
yadN_predicted,0.038461538461538464,25,25,AGACGTAGATGCATGGTGGA,0,4406062
yadN_predicted,0.038461538461538464,25,25,ACGTGTTGCACGACTAGAGA,0,4426804
yadN_predicted,0.038461538461538464,25,25,ACGGGTGACAGAAGCTATGG,0,4419742
yadN_predicted,0.038461538461538464,25,25,ACATCACGATACGGGTACTA,0,4410168
yadN_predicted,0.038461538461538464,25,25,AACCCGGACTCGGCTGCGAT,0,4429542
yadN_predicted,0.04,24,24,TTTTGACGTGGCTCTCCCTG,0,4407425
yadN_predicted,0.04,24,24,TTTCATTCGCATCCACCGTC,0,4420500
yadN_predicted,0.04,24,24,TGTGCCCCAGACTAGGGACC,0,4420728
yadN_predicted,0.04,24,24,TGGCTCAACGAGGGGCGCAA,0,4407070
yadN_predicted,0.04,24,24,TGGCTAGCAATTCATACAAG,0,4404138
yadN_predicted,0.04,24,24,TGCACGGAGGCCGACAAGTG,0,4403743
yadN_predicted,0.04,24,24,TGAAGCTACGATATGTGCGG,0,4409457
yadN_predicted,0.04,24,24,TCGTGGGACTTATAAGGCGC,0,4414039
yadN_predicted,0.04,24,24,TCCGCCGGTCCTTGTGTCCT,0,4404884
yadN_predicted,0.04,24,24,TCCCGCCAGAAAAAACGGTA,0,4414540
yadN_predicted,0.04,24,24,TCATAGGGAAGCGTGTCAAA,0,4408171
yadN_predicted,0.04,24,24,TCACGTGTGCCGCCGAAGTG,0,4415082
yadN_predicted,0.04,24,24,GTGTAAAAAATAGACGACGC,0,4421609
yadN_predicted,0.04,24,24,GGTACACGCCGCTTGGCACA,0,4405731
yadN_predicted,0.04,24,24,GGCGTTGCGATGATTTCAGT,0,4417287
yadN_predicted,0.04,24,24,GCGGTGGTTAGTTATGCAGT,0,4403156
yadN_predicted,0.04,24,24,GAGTGGAGCGGGACCTAGGT,0,4416081
yadN_predicted,0.04,24,24,GAGGAAGCCGACTGTCCTGA,0,4410028
yadN_predicted,0.04,24,24,GAGATCCTTACGCGTTCCTA,0,4414876
yadN_predicted,0.04,24,24,GACCGGAAGGCGGGAAATCC,0,4404670
yadN_predicted,0.04,24,24,CTTTGCCTGTCCTACTATCA,0,4433392
yadN_predicted,0.04,24,24,CTTAGGTTCGCGCGCAAGCT,0,4409156
yadN_predicted,0.04,24,24,CTGTGAGTGATCTCACGGTA,0,4411972
yadN_predicted,0.04,24,24,CTAAAGATGCTATTTACTGA,0,4412075
yadN_predicted,0.04,24,24,CGGTCGAGTATAGCAACCTG,0,4425348
yadN_predicted,0.04,24,24,CGCAGCGGAACCCCTGGATC,0,4432183
yadN_predicted,0.04,24,24,CATTTGCTTAGAGTGAAAGT,0,4430108
yadN_predicted,0.04,24,24,CATGGTAGGCCAGCTAAAGA,0,4411242
yadN_predicted,0.04,24,24,CACTATAATTAGTGTAAATT,0,4420535
yadN_predicted,0.04,24,24,CAAGTGTGACCGACGCGCCA,0,4427305
yadN_predicted,0.04,24,24,ATTTTCATCGGGGGAGTCAT,0,4407671
yadN_predicted,0.04,24,24,ATACCTTAGAAGTAGTATCT,0,4404568
yadN_predicted,0.04,24,24,ATACATTCCGGAAATGCATA,0,4412550
yadN_predicted,0.04,24,24,AGGCCCCGTCTCAGCGGTGA,0,4413818
yadN_predicted,0.04,24,24,ACTTGAACTTAACAATCTAG,0,4420629
yadN_predicted,0.04,24,24,ACTGCTATGGACGGGAACAT,0,4431765
yadN_predicted,0.04,24,24,ACCTTCAGTTGTGATTAATA,0,4426005
yadN_predicted,0.04,24,24,ACCTCACTTTAGAGAGGACA,0,4424527
yadN_predicted,0.04,24,24,ACACGGCGATGCGATTGAGC,0,4416738
yadN_predicted,0.04,24,24,AAGCCGCAGTACATTTGACT,0,4421060
yadN_predicted,0.041666666666666664,23,23,TTTTAGCTTAGGGGCGCTTG,0,4428058
yadN_predicted,0.041666666666666664,23,23,TTGGGAACCCGAGATGCGTT,0,4404856
yadN_predicted,0.041666666666666664,23,23,TTCTATGGCGTAAGTAACTT,0,4410886
yadN_predicted,0.041666666666666664,23,23,TTCCGCACTAAGTAGATCGC,0,4402658
yadN_predicted,0.041666666666666664,23,23,TGATAGCGCAGTGTGGCGGC,0,4431208
yadN_predicted,0.041666666666666664,23,23,TCGGTAATGAGTATGGCGGA,0,4413516
yadN_predicted,0.041666666666666664,23,23,TCGCGCGGTATGATTTGCCC,0,4417903
yadN_predicted,0.041666666666666664,23,23,TCGCCCGAGGGATGCAGTTG,0,4434924
yadN_predicted,0.041666666666666664,23,23,TCCCTGATCTATGAGGGTGC,0,4407072
yadN_predicted,0.041666666666666664,23,23,TACTGATCATGAGTCTGCGA,0,4419449
yadN_predicted,0.041666666666666664,23,23,GTTGTTGTCTAGTGCCACCT,0,4408324
yadN_predicted,0.041666666666666664,23,23,GTTGAGGCATACTTTAATTT,0,4431926
yadN_predicted,0.041666666666666664,23,23,GTAGATACGGCGGGCATTAG,0,4427586
yadN_predicted,0.041666666666666664,23,23,GGTCATGGGTATTCTAACGT,0,4423095
yadN_predicted,0.041666666666666664,23,23,GGGGCCATATGCCGTCCCAG,0,4411652
yadN_predicted,0.041666666666666664,23,23,GGAGTCCTTACGATCGAGAA,0,4419680
yadN_predicted,0.041666666666666664,23,23,GGACAGTTTCCCTGCAAGAT,0,4403486
yadN_predicted,0.041666666666666664,23,23,GCTTCTAAGTCAATGCACTT,0,4421947
yadN_predicted,0.041666666666666664,23,23,GCGTAGATGCACAAGGAGAG,0,4423345
yadN_predicted,0.041666666666666664,23,23,GCGCCGGCTTGAGGAGCGAT,0,4414013
yadN_predicted,0.041666666666666664,23,23,CTCTGTGAACTCACAATCTA,0,4405627
yadN_predicted,0.041666666666666664,23,23,CTCAGTTTGCCTCCGGGCCT,0,4431804
yadN_predicted,0.041666666666666664,23,23,CGTTATGTGATGTTGGGATT,0,4405327
yadN_predicted,0.041666666666666664,23,23,CGTCGTTATCGACCATTGGG,0,4429869
yadN_predicted,0.041666666666666664,23,23,CGCTGCCGGCTATGGTATGG,0,4408819
yadN_predicted,0.041666666666666664,23,23,CGCAATACTTATGTATGGCG,0,4426400
yadN_predicted,0.041666666666666664,23,23,CCCAAGGCACTCGATGAGCC,0,4408998
yadN_predicted,0.041666666666666664,23,23,CATCTAATTGGTTGGCTGCA,0,4403922
yadN_predicted,0.041666666666666664,23,23,CAATAGCCAAACTTTTGTAA,0,4418472
yadN_predicted,0.041666666666666664,23,23,CAAGCGTTAATAACGGTCAA,0,4404136
yadN_predicted,0.041666666666666664,23,23,ATTCTTGTCATAAGCGTCTT,0,4424586
yadN_predicted,0.041666666666666664,23,23,ATGGTATAAGCAGGAAGAAG,0,4423744
yadN_predicted,0.041666666666666664,23,23,ATACAAGTACACTGTAGGAC,0,4431293
yadN_predicted,0.041666666666666664,23,23,AGGTTCACGTTCGCATTGCA,0,4422544
yadN_predicted,0.041666666666666664,23,23,AGACCGTATGAATCAGAAAG,0,4404905
yadN_predicted,0.041666666666666664,23,23,ACGTCTTGTGCTAATGGGTA,0,4423959
yadN_predicted,0.041666666666666664,23,23,ACGATCCTACGTTGATCTCT,0,4419029
yadN_predicted,0.041666666666666664,23,23,ACCTCAGGTGCCTCGGTAAG,0,4406948
yadN_predicted,0.041666666666666664,23,23,ACCGGCAATTTATAGATCTG,0,4426004
yadN_predicted,0.041666666666666664,23,23,ACATTGGATTCACGAGGTAG,0,4425099
yadN_predicted,0.041666666666666664,23,23,AAGACCAGGCGGGATCGGTA,0,4414715
yadN_predicted,0.041666666666666664,23,23,AACGGGGGAGCACTAGCAAT,0,4410888
yadN_predicted,0.043478260869565216,22,22,TTTTGCTAAATCGAAAAGGT,0,4422405
yadN_predicted,0.043478260869565216,22,22,TTTAAGCTGAAGTTCAATAG,0,4414776
yadN_predicted,0.043478260869565216,22,22,TTGTCTGGCATGCCAGTTAG,0,4430555
yadN_predicted,0.043478260869565216,22,22,TTGCCAAACGACAAGTTGCT,0,4413274
yadN_predicted,0.043478260869565216,22,22,TGTGCATGTCGCTTAAACTT,0,4420212
yadN_predicted,0.043478260869565216,22,22,TGGATGGTGACTTTTCCAGT,0,4428369
yadN_predicted,0.043478260869565216,22,22,TGGACTAGATCTGGGGCAGA,0,4431139
yadN_predicted,0.043478260869565216,22,22,TGCCGGGCCAGCAACAGTTT,0,4406974
yadN_predicted,0.043478260869565216,22,22,TGCCCCAATCACACTGGAGG,0,4435482
yadN_predicted,0.043478260869565216,22,22,TCTGGTATCATGGCATGATA,0,4433980
yadN_predicted,0.043478260869565216,22,22,TCTAACGCGTCAAGACCGGA,0,4422651
yadN_predicted,0.043478260869565216,22,22,TCCGTGGAGGTTGATTAGTC,0,4410841
yadN_predicted,0.043478260869565216,22,22,TCACAAATTCGAATCAGTGT,0,4420770
yadN_predicted,0.043478260869565216,22,22,TATGGTTGTTAAAGCTGTAT,0,4414359
yadN_predicted,0.043478260869565216,22,22,TACATCCGACCTAGAGCGAT,0,4409731
yadN_predicted,0.043478260869565216,22,22,TACACGGGAAGGCGTGCATG,0,4423866
yadN_predicted,0.043478260869565216,22,22,TAATGGCGGCAGGATATTGT,0,4422306
yadN_predicted,0.043478260869565216,22,22,GTGCGATTATCAGAAACCTT,0,4420127
yadN_predicted,0.043478260869565216,22,22,GTGCATTAGGTGTTCCACGG,0,4434120
yadN_predicted,0.043478260869565216,22,22,GTCACATAATCCGTTTGGAC,0,4409044
yadN_predicted,0.043478260869565216,22,22,GTAGCAACCAGGTACGTGGT,0,4414225
yadN_predicted,0.043478260869565216,22,22,GGTTAGATATGGCGTGCTTA,0,4406649
yadN_predicted,0.043478260869565216,22,22,GGGTTGTAGGGGCCATCCAT,0,4405417
yadN_predicted,0.043478260869565216,22,22,GGGTTCAAAGAAGCGAGCTG,0,4405125
yadN_predicted,0.043478260869565216,22,22,GGATCCCTGTTGACACTCTT,0,4418639
yadN_predicted,0.043478260869565216,22,22,GCTTTGGTCATGCTTATGGG,0,4411190
yadN_predicted,0.043478260869565216,22,22,GCTCGGAATTCCCCGGAACA,0,4408633
yadN_predicted,0.043478260869565216,22,22,GCCGCAAGAGCGATTGTGGT,0,4419262
yadN_predicted,0.043478260869565216,22,22,GCAACTGATCGGGCAGCTTT,0,4419792
yadN_predicted,0.043478260869565216,22,22,GATAGTCTAAGCCGCCCGGC,0,4428990
yadN_predicted,0.043478260869565216,22,22,GACGCGACTACTTGGTCCCA,0,4428332
yadN_predicted,0.043478260869565216,22,22,GACCGGACTTACTCTGGCGT,0,4425807
yadN_predicted,0.043478260869565216,22,22,CTCAGCGTACGGGGTGGATC,0,4409713
yadN_predicted,0.043478260869565216,22,22,CGTAATGACAAGTTGACCTT,0,4426487
yadN_predicted,0.043478260869565216,22,22,CGGATCAGGCCAATAAGAGG,0,4405143
yadN_predicted,0.043478260869565216,22,22,CGCTTACTGACTCGGATGGC,0,4409157
yadN_predicted,0.043478260869565216,22,22,CCTTGGGCAATCAGATCACA,0,4418146
yadN_predicted,0.043478260869565216,22,22,CCTCAATTGGATCAAGCACA,0,4417664
yadN_predicted,0.043478260869565216,22,22,CCGGAATGTCCATGATGTGT,0,4434740
yadN_predicted,0.043478260869565216,22,22,CCGCATCCACCTGTGTAATC,0,4422552
yadN_predicted,0.043478260869565216,22,22,CCGAGCTTTAGCTCAGGGAA,0,4425354
yadN_predicted,0.043478260869565216,22,22,CCATGGACACGGTAACGGCT,0,4415478
yadN_predicted,0.043478260869565216,22,22,CCAGTTCGGGAGTTGGCCAA,0,4403596
yadN_predicted,0.043478260869565216,22,22,CATAACACGGCCCTCTTCGT,0,4411517
yadN_predicted,0.043478260869565216,22,22,CAGGTTTTTGGCAGCTGTCT,0,4426580
yadN_predicted,0.043478260869565216,22,22,CAGAGGGAGCTAGCGCAGGT,0,4418688
yadN_predicted,0.043478260869565216,22,22,CAAAACCGGGATTGCAGCCA,0,4433185
yadN_predicted,0.043478260869565216,22,22,ATTCTTCGCAGTCCTGTGCT,0,4432793
yadN_predicted,0.043478260869565216,22,22,ATGTGCTTCAGCAAATGCGA,0,4409345
yadN_predicted,0.043478260869565216,22,22,ATGTCGTACCTAACCCCCCT,0,4402756
yadN_predicted,0.043478260869565216,22,22,ATGAGGCTGTGCGAAATCGT,0,4420630
yadN_predicted,0.043478260869565216,22,22,ATGAAGAACAGCGGAACTCG,0,4406390
yadN_predicted,0.043478260869565216,22,22,ATCTAATAACTTTGTCTGGA,0,4407438
yadN_predicted,0.043478260869565216,22,22,ATCGAAGGATCGATTGAGTT,0,4429419
yadN_predicted,0.043478260869565216,22,22,ATAACAAGTAGGTGGGCAGC,0,4407518
yadN_predicted,0.043478260869565216,22,22,AGTTTATTAACCGACTTTAT,0,4413246
yadN_predicted,0.043478260869565216,22,22,AGCGCGTTGTCTGCAAGGTC,0,4416137
yadN_predicted,0.043478260869565216,22,22,AGATGAGTGGCTGTCCCGTC,0,4432001
yadN_predicted,0.043478260869565216,22,22,ACGGGAATCTCCTCAATGTA,0,4405846
yadN_predicted,0.043478260869565216,22,22,ACCTGTCGAGCAGCTGATGA,0,4405263
yadN_predicted,0.043478260869565216,22,22,ACAGCTAGATCAGCGATACA,0,4414931
yadN_predicted,0.043478260869565216,22,22,AAGTGACACTGCATCTAGGT,0,4407022
yadN_predicted,0.043478260869565216,22,22,AAGACTAGGGGCCGTACATA,0,4410336
yadN_predicted,0.043478260869565216,22,22,AACACTGCTATCCATTGACC,0,4405397
yadN_predicted,0.045454545454545456,21,21,TTCGCCACCCGAGTATAGCA,0,4421246
yadN_predicted,0.045454545454545456,21,21,TTCCAGGACGTCAAAGGGAC,0,4434955
yadN_predicted,0.045454545454545456,21,21,TTCAGTTTCCAAAGCTGCTA,0,4415676
yadN_predicted,0.045454545454545456,21,21,TTATGATTGATGGTAGTTTT,0,4407852
yadN_predicted,0.045454545454545456,21,21,TTACGGGCAGAAATGGTTAA,0,4415827
yadN_predicted,0.045454545454545456,21,21,TGGACGCAGTAGGAGCCTCC,0,4406539
yadN_predicted,0.045454545454545456,21,21,TGCCTGTCTGTACAACAGGG,0,4404823
yadN_predicted,0.045454545454545456,21,21,TGCATGTTTCAATGTTCGCC,0,4404107
yadN_predicted,0.045454545454545456,21,21,TGACAGTTCAAGCGAGGTTA,0,4423478
yadN_predicted,0.045454545454545456,21,21,TCCTGCCCGTACCTATTGTA,0,4416523
yadN_predicted,0.045454545454545456,21,21,TAGAGAATGTCCGTATGGGA,0,4413420
yadN_predicted,0.045454545454545456,21,21,GTCCTTTGCATGTTCCGGCT,0,4405446
yadN_predicted,0.045454545454545456,21,21,GGTTATGTTTGTTGAAGTGG,0,4410669
yadN_predicted,0.045454545454545456,21,21,GGTTATGTCTTAAAACTTTG,0,4406233
yadN_predicted,0.045454545454545456,21,21,GGTCGCACGCGACAAACTCA,0,4416643
yadN_predicted,0.045454545454545456,21,21,GGTCAACGAGTTCACGGTTT,0,4429717
yadN_predicted,0.045454545454545456,21,21,GGCCCCCTAGGTAGAGTGCG,0,4419857
yadN_predicted,0.045454545454545456,21,21,GGCAATCCCAGCACATTATT,0,4422517
yadN_predicted,0.045454545454545456,21,21,GGAATTGCATCCGAGTTATG,0,4432711
yadN_predicted,0.045454545454545456,21,21,GCAGGCAAAGGTTCCGTTTG,0,4403581
yadN_predicted,0.045454545454545456,21,21,GCAGGAGTATGAACATATGT,0,4416430
yadN_predicted,0.045454545454545456,21,21,GATTATGATTAAATCGAACA,0,4423408
yadN_predicted,0.045454545454545456,21,21,GATGCTCAGGTGATCCATCT,0,4407607
yadN_predicted,0.045454545454545456,21,21,GATGCGAGGCCACTTCTGCA,0,4403656
yadN_predicted,0.045454545454545456,21,21,GATCACTCCTACTGCGCCGA,0,4413141
yadN_predicted,0.045454545454545456,21,21,GAGCGTATGGGCTATTTGGG,0,4413441
yadN_predicted,0.045454545454545456,21,21,GACAACATGGAGTATGCAAC,0,4416741
yadN_predicted,0.045454545454545456,21,21,GAATAGGGCAGGGAAATGCC,0,4428239
yadN_predicted,0.045454545454545456,21,21,GAACGGTAAGGACAAAACTC,0,4408182
yadN_predicted,0.045454545454545456,21,21,CTGTCCGTACGTGTTCAAAT,0,4424984
yadN_predicted,0.045454545454545456,21,21,CTCGTGCAATGCAGTGGGTG,0,4420544
yadN_predicted,0.045454545454545456,21,21,CTCCAATACTCAGAGTTGTT,0,4412596
yadN_predicted,0.045454545454545456,21,21,CTCACCACTCCCTGTCAATA,0,4407690
yadN_predicted,0.045454545454545456,21,21,CTACCGATCAGCTAGTAACA,0,4410030
yadN_predicted,0.045454545454545456,21,21,CTACCCTTACCCAGTGGGCT,0,4411076
yadN_predicted,0.045454545454545456,21,21,CGTAGCAGTAGCCCGGTCCT,0,4416262
yadN_predicted,0.045454545454545456,21,21,CGACCCTAGCGGCTTGCTGA,0,4405332
yadN_predicted,0.045454545454545456,21,21,CCTAAGTCATGCGATATATT,0,4419587
yadN_predicted,0.045454545454545456,21,21,CCGCCGCATATCGTGTTAAG,0,4415386
yadN_predicted,0.045454545454545456,21,21,CCCCTCGACAGTTGCAGTCT,0,4427086
yadN_predicted,0.045454545454545456,21,21,CCCCCCCGTGGCCAGTTTGA,0,4434680
yadN_predicted,0.045454545454545456,21,21,CATCCTCTACACGATCACGA,0,4408467
yadN_predicted,0.045454545454545456,21,21,CAGTTGGTGGCGCCAACCGT,0,4423577
yadN_predicted,0.045454545454545456,21,21,CAGCAACCGGTGGAGACCAA,0,4405700
yadN_predicted,0.045454545454545456,21,21,CAAAATGTGATCGGTTACAA,0,4422736
yadN_predicted,0.045454545454545456,21,21,CAAAAGGATCTTAATTGTTT,0,4405404
yadN_predicted,0.045454545454545456,21,21,ATGGGGAGGATTGATTTAAG,0,4413515
yadN_predicted,0.045454545454545456,21,21,ATGCTATGAGCGTCGGTCAC,0,4413273
yadN_predicted,0.045454545454545456,21,21,ATCGCCTGTTCATGGGTTCT,0,4424949
yadN_predicted,0.045454545454545456,21,21,AGGTAACTAAGGGCACGCTC,0,4414535
yadN_predicted,0.045454545454545456,21,21,AGGGTCACCCGACACCGAGT,0,4410057
yadN_predicted,0.045454545454545456,21,21,AGGCCACGTATTAAAAAAGG,0,4405255
yadN_predicted,0.045454545454545456,21,21,ACTACTCCAGATGCCGCGAC,0,4407959
yadN_predicted,0.045454545454545456,21,21,ACGCGTATAGCCTTCATGTA,0,4405331
yadN_predicted,0.045454545454545456,21,21,ACCGCCAACTAATGCACAAA,0,4404359
yadN_predicted,0.045454545454545456,21,21,ACCAACCTTCATCCATTTGG,0,4430715
yadN_predicted,0.045454545454545456,21,21,ACAGATTTGCATAATATTAA,0,4403648
yadN_predicted,0.045454545454545456,21,21,ACACGAGAAGTTTCGTGTAT,0,4404045
yadN_predicted,0.045454545454545456,21,21,AATGAACCGTTGTATTCAAA,0,4422143
yadN_predicted,0.045454545454545456,21,21,AATACTGGGCATGGCTGCAG,0,4407119
yadN_predicted,0.045454545454545456,21,21,AATAATGGGCTAGGATCTGG,0,4421395
yadN_predicted,0.045454545454545456,21,21,AAATCGCTAGGTTAGGCAGT,0,4424353
yadN_predicted,0.047619047619047616,20,20,TTTGGTTGGTGTCTCGCATA,0,4414021
yadN_predicted,0.047619047619047616,20,20,TTTCGGGCTTGAGTGTGAGC,0,4422597
yadN_predicted,0.047619047619047616,20,20,TTTATTAACTTGAATCGCAG,0,4408388
yadN_predicted,0.047619047619047616,20,20,TTGCGCGCCCAGGTCGCTAC,0,4417704
yadN_predicted,0.047619047619047616,20,20,TTCGCCGCAGAGATTGCCGT,0,4414509
yadN_predicted,0.047619047619047616,20,20,TTACCGATGAATATTTCGCA,0,4426257
yadN_predicted,0.047619047619047616,20,20,TGGGACTATCTGCCTTCGCC,0,4434848
yadN_predicted,0.047619047619047616,20,20,TGCTGCGCGACTTCAGGAGG,0,4423366
yadN_predicted,0.047619047619047616,20,20,TCTCCCCCGAGCGGGAGACA,0,4412712
yadN_predicted,0.047619047619047616,20,20,TCTACGGAAAGGAGAATATG,0,4427946
yadN_predicted,0.047619047619047616,20,20,TCGTATCCGTATAAGTGTCA,0,4428995
yadN_predicted,0.047619047619047616,20,20,TCGGCACGCAGGTGGGGACT,0,4407602
yadN_predicted,0.047619047619047616,20,20,TCCCCGTGCACCAGCACAGC,0,4408820
yadN_predicted,0.047619047619047616,20,20,TATGTTGTTCCCGAGTACGA,0,4411774
yadN_predicted,0.047619047619047616,20,20,TATCACCTAGCGGGGATAAC,0,4406723
yadN_predicted,0.047619047619047616,20,20,TACATCTTAGTTTCGCAAAG,0,4431107
yadN_predicted,0.047619047619047616,20,20,GTTATTGAACTATGTGATAT,0,4403066
yadN_predicted,0.047619047619047616,20,20,GTGATAGAGTGTTGCTCAGA,0,4425239
yadN_predicted,0.047619047619047616,20,20,GTGAAGTACATGCCAGCGAC,0,4427982
yadN_predicted,0.047619047619047616,20,20,GGTGGGTTCCGGCTCACCCG,0,4416677
yadN_predicted,0.047619047619047616,20,20,GGTCCTGCACAAAGGGTAAA,0,4403002
yadN_predicted,0.047619047619047616,20,20,GGGGACGGTCACATATCCCA,0,4414196
yadN_predicted,0.047619047619047616,20,20,GGCCTCGTACGGTGTTGGGT,0,4433595
yadN_predicted,0.047619047619047616,20,20,GGATGTTGGTCGCCACGGAA,0,4406162
yadN_predicted,0.047619047619047616,20,20,GGAGATTCTGTCCTTAAGGT,0,4412575
yadN_predicted,0.047619047619047616,20,20,GCTCCCCCGAGGTTCCGCCG,0,4422670
yadN_predicted,0.047619047619047616,20,20,GCCGCTCAGATGGACATCGG,0,4430299
yadN_predicted,0.047619047619047616,20,20,GCCCCTGGCGAATTCTCTTG,0,4426204
yadN_predicted,0.047619047619047616,20,20,GCATGAGCGATGCCAGACTT,0,4414202
yadN_predicted,0.047619047619047616,20,20,GAGTCAACGCGGTAGGCTGT,0,4413301
yadN_predicted,0.047619047619047616,20,20,GAGAAGTGCCTGCGGACAGA,0,4405708
yadN_predicted,0.047619047619047616,20,20,GAACCCCCTGTTGTCCGTCC,0,4408428
yadN_predicted,0.047619047619047616,20,20,GAAAAGTGGCCTTGCACCTA,0,4415790
yadN_predicted,0.047619047619047616,20,20,CTGGGTCTACATTATCAGGA,0,4426617
yadN_predicted,0.047619047619047616,20,20,CTCTAAAATCTAGGCTGCGG,0,4406170
yadN_predicted,0.047619047619047616,20,20,CTCACAGCAGAATACGAACT,0,4403713
yadN_predicted,0.047619047619047616,20,20,CGTGACCTATGACCCATCTT,0,4412940
yadN_predicted,0.047619047619047616,20,20,CGGTGCTACCCGAAGGCCTT,0,4410288
yadN_predicted,0.047619047619047616,20,20,CGCTCGCTGACCGTCGGACC,0,4402889
yadN_predicted,0.047619047619047616,20,20,CGCTCCCGCATTTCGTGTCG,0,4405012
yadN_predicted,0.047619047619047616,20,20,CGCAGGATAATTCCGAGACG,0,4432798
yadN_predicted,0.047619047619047616,20,20,CGAGGCCTATTCAATGACGA,0,4413316
yadN_predicted,0.047619047619047616,20,20,CGAACCACCTACTAACATGT,0,4404195
yadN_predicted,0.047619047619047616,20,20,CCGTAAGAGGCCATATCGTT,0,4407847
yadN_predicted,0.047619047619047616,20,20,CCGAATTTGGGGCGCTGCAA,0,4415135
yadN_predicted,0.047619047619047616,20,20,CCAGCGTATCTGTTACAAAT,0,4410844
yadN_predicted,0.047619047619047616,20,20,CCACGAATATAATATGCGTT,0,4426205
yadN_predicted,0.047619047619047616,20,20,CCACCGCAAGAAGTCCGCGT,0,4402694
yadN_predicted,0.047619047619047616,20,20,CATAGGGGGTTATAGTTTAT,0,4416409
yadN_predicted,0.047619047619047616,20,20,CAGGTGTCAATATATGCCGA,0,4417781
yadN_predicted,0.047619047619047616,20,20,CAGCGTACGAATGAGCGTAT,0,4416090
yadN_predicted,0.047619047619047616,20,20,CAGCGAGGCGGTAGCTTGCA,0,4424645
yadN_predicted,0.047619047619047616,20,20,CAGAGGAGTGCAACCGCGCT,0,4429825
yadN_predicted,0.047619047619047616,20,20,CACTCAGCTAGAAGTTGGCT,0,4425872
yadN_predicted,0.047619047619047616,20,20,CACGAGGCATAGGCTTAGGA,0,4426888
yadN_predicted,0.047619047619047616,20,20,ATTTTACGCTTCCTCACCGT,0,4408512
yadN_predicted,0.047619047619047616,20,20,ATTTGGATAGGAAATACCGA,0,4412844
yadN_predicted,0.047619047619047616,20,20,ATTGTGCTTAAAACACTGTA,0,4432206
yadN_predicted,0.047619047619047616,20,20,ATTCGCAAATAGCCTAGCTG,0,4423817
yadN_predicted,0.047619047619047616,20,20,ATGTCGAGGCGGCGGTCATA,0,4402730
yadN_predicted,0.047619047619047616,20,20,ATCGTTTAAGAGTTTCCCTG,0,4406774
yadN_predicted,0.047619047619047616,20,20,ATATGAAACCGTGAAGCTTA,0,4406679
yadN_predicted,0.047619047619047616,20,20,AGTGGGGTGCGTTGGCGATC,0,4429789
yadN_predicted,0.047619047619047616,20,20,AGTCGGCAGCTACTCCGCCA,0,4409234
yadN_predicted,0.047619047619047616,20,20,AGTAGCAGGAAAGTGCAAGA,0,4418872
yadN_predicted,0.047619047619047616,20,20,AGCTTTCCAAATGAGCTTGA,0,4422132
yadN_predicted,0.047619047619047616,20,20,AGATGTTCCCATGTAATCTG,0,4413160
yadN_predicted,0.047619047619047616,20,20,AGACTCGATGTTAGCTGGCA,0,4414232
yadN_predicted,0.047619047619047616,20,20,ACTTGAAAATCGATTGCATT,0,4435718
yadN_predicted,0.047619047619047616,20,20,ACTGTGCCGTAAGACGGCGT,0,4405515
yadN_predicted,0.047619047619047616,20,20,ACCGGGTCCTCAACGCCTTC,0,4429168
yadN_predicted,0.047619047619047616,20,20,ACCGACCGTACTGCGCACTC,0,4424068
yadN_predicted,0.047619047619047616,20,20,ACCGAACCCGAATTGGCAGG,0,4433917
yadN_predicted,0.047619047619047616,20,20,ACCCCCTCAGATCTTCATTA,0,4417124
yadN_predicted,0.047619047619047616,20,20,ACATTGCAACGTTCGTTGTT,0,4423178
yadN_predicted,0.047619047619047616,20,20,ACATTCGATAGGTAACCGGT,0,4408312
yadN_predicted,0.047619047619047616,20,20,AATTACACTGAATCCGTAAC,0,4429558
yadN_predicted,0.047619047619047616,20,20,AATGGTCAGAGCCATTTTGC,0,4420701
yadN_predicted,0.047619047619047616,20,20,AATGAGACCGATATGTCAAA,0,4422264
yadN_predicted,0.047619047619047616,20,20,AATCATTCTGTAAGAGGTCA,0,4411892
yadN_predicted,0.047619047619047616,20,20,AAGAGAGCCAGTATGCCCGG,0,4422437
yadN_predicted,0.047619047619047616,20,20,AAATTGGACGGGAGTCGCTT,0,4430941
yadN_predicted,0.047619047619047616,20,20,AAACATATCGATCCCCTAGG,0,4432666
yadN_predicted,0.05,19,19,TTTGAGACGCTCGCGCTGCT,0,4435220
yadN_predicted,0.05,19,19,TTGGGGGCACTTTTACCAGA,0,4422750
yadN_predicted,0.05,19,19,TTGGGCGTGTGTCCATGACT,0,4423533
yadN_predicted,0.05,19,19,TTGCTTCATGCAAGGAGCCT,0,4410824
yadN_predicted,0.05,19,19,TTGATAACGCGCCTCAGGAC,0,4427974
yadN_predicted,0.05,19,19,TTGAATTCGTTAAAAAAGTT,0,4423177
yadN_predicted,0.05,19,19,TTCGATTTACGCAAAACGCG,0,4411941
yadN_predicted,0.05,19,19,TTCCCTCGACGTGGCCCGGT,0,4405357
yadN_predicted,0.05,19,19,TTCAACGGACTTCCTCAATC,0,4430436
yadN_predicted,0.05,19,19,TGGCTGTACAAATAAACTAC,0,4413702
yadN_predicted,0.05,19,19,TGCTGGACAACTTCCGGCGT,0,4406988
yadN_predicted,0.05,19,19,TGCTATCCTTGGGGTTGCCC,0,4413541
yadN_predicted,0.05,19,19,TGCAGCGCACGGGATACTGC,0,4409054
yadN_predicted,0.05,19,19,TCTGAATGGAATAAATGTAA,0,4419526
yadN_predicted,0.05,19,19,TCTCCTACGGGACCTGCATC,0,4403952
yadN_predicted,0.05,19,19,TCTACGCCACGGCTGTGGGT,0,4408814
yadN_predicted,0.05,19,19,TCGGGGTAAGACAGCTCTAT,0,4406582
yadN_predicted,0.05,19,19,TCGCCAACTATGTTCTTAAT,0,4426223
yadN_predicted,0.05,19,19,TCGAAGACTTCTTGAACGCA,0,4419379
yadN_predicted,0.05,19,19,TCCCTTTCTACTCGGCTGAT,0,4412512
yadN_predicted,0.05,19,19,TCCCTCCTACAGGCTCCATT,0,4408713
yadN_predicted,0.05,19,19,TAGCGGGCCATACGGAAGCG,0,4417511
yadN_predicted,0.05,19,19,TAGACAGCTCCATTTAATCC,0,4403956
yadN_predicted,0.05,19,19,TAAGGCCGCACTCATGAGGA,0,4410070
yadN_predicted,0.05,19,19,TAACGCGCAGCTTGATGCTC,0,4405777
yadN_predicted,0.05,19,19,GTTGTTCGACGCAGGGGTTC,0,4425929
yadN_predicted,0.05,19,19,GTTGAACACGATTCAGCGTG,0,4422596
yadN_predicted,0.05,19,19,GTTCCTGACAAAGTTATACG,0,4421482
yadN_predicted,0.05,19,19,GTTCAAGGACGTAAGGTTCA,0,4407293
yadN_predicted,0.05,19,19,GTTATGAATATACAGCGGCT,0,4423477
yadN_predicted,0.05,19,19,GTCGAAGCCTCGGAAACCAA,0,4425192
yadN_predicted,0.05,19,19,GTCCTGACGGCAACGCCCGA,0,4435653
yadN_predicted,0.05,19,19,GGGACCATTGGGAAATCCTT,0,4402659
yadN_predicted,0.05,19,19,GGCGGGCGAATGACTGTGTA,0,4427393
yadN_predicted,0.05,19,19,GGCACAAACCGGTGAACTGT,0,4422177
yadN_predicted,0.05,19,19,GCGGGGCTTGTGCTATTCTT,0,4421335
yadN_predicted,0.05,19,19,GCGACGTTTGATGCCACTCG,0,4427136
yadN_predicted,0.05,19,19,GCCTCGTGCCCGACCGCAGA,0,4433609
yadN_predicted,0.05,19,19,GCCTCACTGGCAGGGACACC,0,4409934
yadN_predicted,0.05,19,19,GCCTAGTCACGATATTTCTG,0,4406609
yadN_predicted,0.05,19,19,GCATGGCATATGCACCGCCA,0,4407804
yadN_predicted,0.05,19,19,GCATGCCAGGAGCAGCAGAT,0,4432182
yadN_predicted,0.05,19,19,GCAGCACTTTCACGTCGATC,0,4407007
yadN_predicted,0.05,19,19,GCAAAAGCGACGTATTTACA,0,4426156
yadN_predicted,0.05,19,19,GAGTATTGTGATTAGCTGAA,0,4425245
yadN_predicted,0.05,19,19,GAGAGCGGGGAACCGGATGC,0,4404288
yadN_predicted,0.05,19,19,GACGCCGCCGAAGGTCTAGC,0,4419164
yadN_predicted,0.05,19,19,GACATCAGACCTTCAGCAAG,0,4407689
yadN_predicted,0.05,19,19,GAAGGAATTGCGTACTTGAG,0,4424222
yadN_predicted,0.05,19,19,CTTGAGAATGGCTAACTGAT,0,4421862
yadN_predicted,0.05,19,19,CTGACAGTTCTTGGATGAAA,0,4429814
yadN_predicted,0.05,19,19,CTCGGTTGAAGTCTGAAAGC,0,4407026
yadN_predicted,0.05,19,19,CTAATAGAATCATTTGAAAT,0,4409178
yadN_predicted,0.05,19,19,CTAAGAGCTGTTTCGTCTTG,0,4423671
yadN_predicted,0.05,19,19,CGTGAACGCCAGAGTTGCAA,0,4429704
yadN_predicted,0.05,19,19,CGGGAAGTCAAAAACCACAG,0,4427729
yadN_predicted,0.05,19,19,CGCGAAAACTGGTGCTTTCC,0,4422859
yadN_predicted,0.05,19,19,CGCAATTATTCGGGTGCATC,0,4405294
yadN_predicted,0.05,19,19,CCTTTCTTTAATGACAAGGA,0,4420226
yadN_predicted,0.05,19,19,CCTTCCCCGGGGTTGTGGTT,0,4407914
yadN_predicted,0.05,19,19,CCTCTAGGCCCCCATGCGGT,0,4408362
yadN_predicted,0.05,19,19,CCGAGGCCGGCGGTCAGAGT,0,4404636
yadN_predicted,0.05,19,19,CCACAAGCAAGAACCATGTT,0,4423531
yadN_predicted,0.05,19,19,CCAAGGCATTAATCAGTAAG,0,4406265
yadN_predicted,0.05,19,19,CAGTTCGGCTGGCTCGGCTT,0,4426288
yadN_predicted,0.05,19,19,CAGGTTGAGAATCACATCAA,0,4404952
yadN_predicted,0.05,19,19,CAGGCACCTAGATCCCCGCT,0,4415938
yadN_predicted,0.05,19,19,CAGCTTTTGCGACGTCACAC,0,4420591
yadN_predicted,0.05,19,19,CACGGCTATAAGATTCAGCA,0,4418715
yadN_predicted,0.05,19,19,CACGCTAATGAGTCAATGGT,0,4429354
yadN_predicted,0.05,19,19,CACGCGGCAAAATTAAGGTA,0,4417804
yadN_predicted,0.05,19,19,CAACGTGTGAATTTCGCAAA,0,4414865
yadN_predicted,0.05,19,19,CAAAGTCCTGATGCTGGTAC,0,4423496
yadN_predicted,0.05,19,19,ATTTTGATATGCCGACGTCG,0,4417405
yadN_predicted,0.05,19,19,ATTTCAGCTGGCGATGCAAC,0,4404944
yadN_predicted,0.05,19,19,ATTGAGATAATGAGGGTAGA,0,4433962
yadN_predicted,0.05,19,19,ATGACCGAGAAGGCCGGGAC,0,4404476
yadN_predicted,0.05,19,19,ATAGATATTCGTCCCGATTT,0,4413144
yadN_predicted,0.05,19,19,ATAAGTGCCATCTTGTTATT,0,4412994
yadN_predicted,0.05,19,19,AGTTACCCGACGACATAACA,0,4416301
yadN_predicted,0.05,19,19,AGTATATTGAGACTCAGGTA,0,4407774
yadN_predicted,0.05,19,19,AGGTGGGCCATTACCGTACA,0,4424707
yadN_predicted,0.05,19,19,AGGCCGAATCTCTCCCGTAA,0,4418504
yadN_predicted,0.05,19,19,AGCCGGGACCCTCTCGCTAA,0,4429003
yadN_predicted,0.05,19,19,AGCACGGATCTTTTTACTAA,0,4416429
yadN_predicted,0.05,19,19,AGATGTACTAGATCTAACCA,0,4411084
yadN_predicted,0.05,19,19,AGAGTCCCTACTGACCAGAA,0,4405977
yadN_predicted,0.05,19,19,AGAGATACCTAAAAGCCAGT,0,4403789
yadN_predicted,0.05,19,19,AGACTGGCCGTCAGGGATCA,0,4419058
yadN_predicted,0.05,19,19,ACTACTCGCGCAGTCTGACC,0,4410583
yadN_predicted,0.05,19,19,ACGGTAGACGTTTCGTACGT,0,4407309
yadN_predicted,0.05,19,19,ACGAGCAGCACATCAAGATA,0,4418380
yadN_predicted,0.05,19,19,ACCGCGCTCATCAAAACGCT,0,4405668
yadN_predicted,0.05,19,19,ACCGATACACGAATCTGGTA,0,4423212
yadN_predicted,0.05,19,19,ACAGCTCTATAGATACTAAC,0,4412830
yadN_predicted,0.05,19,19,ACACGAAGTACTTCCGCCCC,0,4421035
yadN_predicted,0.05,19,19,ACAATCTGAACCAACATACA,0,4404614
yadN_predicted,0.05,19,19,AATTATAATCAGCAAAAGGG,0,4423528
yadN_predicted,0.05,19,19,AATCCCTGACACTGCGTATT,0,4415104
yadN_predicted,0.05,19,19,AAGTATATGAAGCGAAAAGT,0,4415876
yadN_predicted,0.05,19,19,AAGTAGGCGAACGTGGGGTC,0,4425663
yadN_predicted,0.05,19,19,AAGGCGTAGCTTGTGAGGCG,0,4411164
yadN_predicted,0.05,19,19,AAGAACCAGCTAGGGTATCT,0,4405006
yadN_predicted,0.05,19,19,AACTCTTCTCCGGGTTTTGT,0,4417613
yadN_predicted,0.05,19,19,AACTACTGAATCGAGCGGGA,0,4415715
yadN_predicted,0.05263157894736842,18,18,TTGTCTGCATGAGAGGACCT,0,4403859
yadN_predicted,0.05263157894736842,18,18,TTGCAAGCTTCGGGAGGCAA,0,4431964
yadN_predicted,0.05263157894736842,18,18,TTGATCCCCAAGTGAAACGT,0,4415189
yadN_predicted,0.05263157894736842,18,18,TTCAACACTACCTGTGTGTA,0,4427961
yadN_predicted,0.05263157894736842,18,18,TTATGATCCTTTGCGTGGCA,0,4429565
yadN_predicted,0.05263157894736842,18,18,TTATCTCAGGACCAGTCTGC,0,4417402
yadN_predicted,0.05263157894736842,18,18,TTATCCGGCGGGGTATTGCC,0,4403114
yadN_predicted,0.05263157894736842,18,18,TTATCACTCCTTTAGGCCGA,0,4414489
yadN_predicted,0.05263157894736842,18,18,TGGCCATCTGTTGGCTTCCT,0,4409784
yadN_predicted,0.05263157894736842,18,18,TCCCCCACAGCTCTTCACAT,0,4405500
yadN_predicted,0.05263157894736842,18,18,TCCCCAGGGTAGAGAAAAGT,0,4409271
yadN_predicted,0.05263157894736842,18,18,TCCAAGGGCTAATAATCCGT,0,4424200
yadN_predicted,0.05263157894736842,18,18,TATGCTACACATAGCAAGGT,0,4425053
yadN_predicted,0.05263157894736842,18,18,TATCTATAACGTAGTGACTA,0,4407218
yadN_predicted,0.05263157894736842,18,18,TACTCCTTCGGAACGCCAAC,0,4422655
yadN_predicted,0.05263157894736842,18,18,TACGGGAAGGGAGGCCCATA,0,4418750
yadN_predicted,0.05263157894736842,18,18,TACCAGAGATCCTCCTTATG,0,4403784
yadN_predicted,0.05263157894736842,18,18,GTTGTGACCTCACTGGGAGT,0,4419754
yadN_predicted,0.05263157894736842,18,18,GTTAGTTGGTTTTAAATGTT,0,4414734
yadN_predicted,0.05263157894736842,18,18,GTTAGCCCGCTCAACGTGGA,0,4419471
yadN_predicted,0.05263157894736842,18,18,GTCCTTCAGGTCCACGAGGT,0,4405109
yadN_predicted,0.05263157894736842,18,18,GTCATACCGGGCTCGTTGGT,0,4430201
yadN_predicted,0.05263157894736842,18,18,GTAATATCCTTCGTGATCAT,0,4405261
yadN_predicted,0.05263157894736842,18,18,GTAACCGTTCGTAGTGATAA,0,4404972
yadN_predicted,0.05263157894736842,18,18,GGTGTTGTTATTAGTCTATC,0,4424201
yadN_predicted,0.05263157894736842,18,18,GGTGCTTGGGCGGTATGACT,0,4404526
yadN_predicted,0.05263157894736842,18,18,GGTCTTGTCCGGTCCAATAA,0,4411601
yadN_predicted,0.05263157894736842,18,18,GGTCTGGTCTAAGGACGTGA,0,4403584
yadN_predicted,0.05263157894736842,18,18,GGTCCATCATACTCTGCCAT,0,4423097
yadN_predicted,0.05263157894736842,18,18,GGTAAAATCTGCAGCTTTTC,0,4418881
yadN_predicted,0.05263157894736842,18,18,GGGTTAATCGGCGGTATCGT,0,4421680
yadN_predicted,0.05263157894736842,18,18,GGCGTCTCGGTGTAACCCGC,0,4409946
yadN_predicted,0.05263157894736842,18,18,GGATCAGACCGAAGGTGCCT,0,4409712
yadN_predicted,0.05263157894736842,18,18,GGACCGTTTAGCGGCTCGGT,0,4420503
yadN_predicted,0.05263157894736842,18,18,GCTCGTGAGTGTTCGGGCAG,0,4431617
yadN_predicted,0.05263157894736842,18,18,GCAGATTGTAGTTCACGGAA,0,4424699
yadN_predicted,0.05263157894736842,18,18,GCAAAAGGCCGCAACGGCTC,0,4430426
yadN_predicted,0.05263157894736842,18,18,GATGTGCACGTGCTGTCAGA,0,4417262
yadN_predicted,0.05263157894736842,18,18,GATGCTATTACCGGTCACGG,0,4427156
yadN_predicted,0.05263157894736842,18,18,GATAGGCGAGCGTGTGGTCG,0,4411106
yadN_predicted,0.05263157894736842,18,18,GAAGTCTGCCGATCTCGGAC,0,4403633
yadN_predicted,0.05263157894736842,18,18,GAAGCTGCATGGGCACTTAG,0,4405537
yadN_predicted,0.05263157894736842,18,18,GAACGCTATTTTGAAAGGTA,0,4418766
yadN_predicted,0.05263157894736842,18,18,CTTAGCTTTATTCGCGAGAA,0,4407870
yadN_predicted,0.05263157894736842,18,18,CTTACGCACAACCTTAAGGG,0,4420440
yadN_predicted,0.05263157894736842,18,18,CTGGCCCGTTCCGACAGGAA,0,4425115
yadN_predicted,0.05263157894736842,18,18,CTGCCCGCCTATCAGATGCA,0,4427657
yadN_predicted,0.05263157894736842,18,18,CTGCATGCGTACAAGTCGTA,0,4420442
yadN_predicted,0.05263157894736842,18,18,CTCGTTAACAAGTATCACAA,0,4423221
yadN_predicted,0.05263157894736842,18,18,CTCACGAAGGTGCTATAACG,0,4426604
yadN_predicted,0.05263157894736842,18,18,CTATAAGATAGCTGCAAAAT,0,4422036
yadN_predicted,0.05263157894736842,18,18,CTAACATCAGCACACGGAGG,0,4419229
yadN_predicted,0.05263157894736842,18,18,CGTGTGGGTAATGACGGTTC,0,4425768
yadN_predicted,0.05263157894736842,18,18,CGGTGGATGGTTAGCTCGTC,0,4426242
yadN_predicted,0.05263157894736842,18,18,CGGGATTGATTTCTGAAGAA,0,4420738
yadN_predicted,0.05263157894736842,18,18,CGGGACTTTAGTTGTACTGC,0,4405472
yadN_predicted,0.05263157894736842,18,18,CGGCAAGAGCCTCAGTTGTA,0,4428111
yadN_predicted,0.05263157894736842,18,18,CGCGTATCCACCTTATCGCC,0,4418401
yadN_predicted,0.05263157894736842,18,18,CGCGTACTACGTCTGTGGCC,0,4434111
yadN_predicted,0.05263157894736842,18,18,CGCAGAGTAGGGTTCAGGCG,0,4415622
yadN_predicted,0.05263157894736842,18,18,CGACGGTCACAATGAGAATC,0,4403853
yadN_predicted,0.05263157894736842,18,18,CCGTGTCATCTATCTTCACT,0,4413107
yadN_predicted,0.05263157894736842,18,18,CCGGCTCCACAAGCCTCCGT,0,4435907
yadN_predicted,0.05263157894736842,18,18,CATAACCGTGCCTCCTGAGT,0,4423616
yadN_predicted,0.05263157894736842,18,18,CAGGACAAGGACAAACATCA,0,4428049
yadN_predicted,0.05263157894736842,18,18,CAGCTATGTACGAGTGTTGA,0,4432103
yadN_predicted,0.05263157894736842,18,18,CACTTGCCTTCTCTAGATAA,0,4419860
yadN_predicted,0.05263157894736842,18,18,CACTGACGAAACTCTGGGTT,0,4404312
yadN_predicted,0.05263157894736842,18,18,CACAAATTGATGAACACCTC,0,4404423
yadN_predicted,0.05263157894736842,18,18,CAAGACTTATAAATTCCGAA,0,4417634
yadN_predicted,0.05263157894736842,18,18,CAAAGTCGCGTGTGTGTGTA,0,4419200
yadN_predicted,0.05263157894736842,18,18,ATTAAGGTCTCAGTTGCGTA,0,4406103
yadN_predicted,0.05263157894736842,18,18,ATGTTACGTGATGTCGTCCA,0,4409653
yadN_predicted,0.05263157894736842,18,18,ATGTCCGCCAATACACGCTG,0,4418358
yadN_predicted,0.05263157894736842,18,18,ATGCGTGAACGAGGGACGGC,0,4425371
yadN_predicted,0.05263157894736842,18,18,ATGCGTATGCCATTTGCCAG,0,4430947
yadN_predicted,0.05263157894736842,18,18,ATATAGAATGTGAGCGGCCT,0,4404590
yadN_predicted,0.05263157894736842,18,18,AGTTGTCTCTCGACTACAAC,0,4420839
yadN_predicted,0.05263157894736842,18,18,AGTGTAGTAAACGTACCGAG,0,4413552
yadN_predicted,0.05263157894736842,18,18,AGGTCATATACGTGGAAATG,0,4408392
yadN_predicted,0.05263157894736842,18,18,AGGGATTAAGTAATTGCAAT,0,4426856
yadN_predicted,0.05263157894736842,18,18,AGCCAGTGTGCGCTTCAAAA,0,4414604
yadN_predicted,0.05263157894736842,18,18,ACGTTGCGCGGTATCTCACA,0,4410967
yadN_predicted,0.05263157894736842,18,18,ACGGGCTCTCAGATGTTCAT,0,4411626
yadN_predicted,0.05263157894736842,18,18,ACCTCTTACGGAGCCACGGT,0,4421148
yadN_predicted,0.05263157894736842,18,18,ACCCATAGAGCGCAAACTAA,0,4429546
yadN_predicted,0.05263157894736842,18,18,ACCAAGCAACCGGAAGTGTG,0,4418216
yadN_predicted,0.05263157894736842,18,18,ACACGATTTAATGATTCACA,0,4432117
yadN_predicted,0.05263157894736842,18,18,AATCCCGATCGTACTGAATC,0,4413922
yadN_predicted,0.05263157894736842,18,18,AAGTTATACATACCACGTTT,0,4435639
yadN_predicted,0.05263157894736842,18,18,AAGTACACTTCAATCTGATT,0,4411243
yadN_predicted,0.05263157894736842,18,18,AAATGGGCATCGGCTGACGC,0,4423236
yadN_predicted,0.05263157894736842,18,18,AAACACGTGGAATTTAAATG,0,4410845
yadN_predicted,0.05555555555555555,17,17,TTTGACGGCCCGCGCCATAA,0,4413489
yadN_predicted,0.05555555555555555,17,17,TTTACTTAACATAGTGTACG,0,4425575
yadN_predicted,0.05555555555555555,17,17,TTGCGGACTGGTGGTCGTAG,0,4406872
yadN_predicted,0.05555555555555555,17,17,TTCGGGGTGTCTTTGGCCTG,0,4404292
yadN_predicted,0.05555555555555555,17,17,TTCGGACAAGACCGGTACTA,0,4420094
yadN_predicted,0.05555555555555555,17,17,TTCCTATGCCATGACACACT,0,4435252
yadN_predicted,0.05555555555555555,17,17,TTCACGGGTGCACACGTATA,0,4408129
yadN_predicted,0.05555555555555555,17,17,TTAGCAAACGTATGACCGGT,0,4411893
yadN_predicted,0.05555555555555555,17,17,TTAATTTTTGACCCGGGATC,0,4431399
yadN_predicted,0.05555555555555555,17,17,TGGTGAGGCCGGAATTTCAC,0,4432451
yadN_predicted,0.05555555555555555,17,17,TGGATATCCCTGTGGCATCG,0,4417771
yadN_predicted,0.05555555555555555,17,17,TGCGGTCTATTTCCGGTGAA,0,4409337
yadN_predicted,0.05555555555555555,17,17,TGATTTTGCTACGTTGCGCC,0,4415286
yadN_predicted,0.05555555555555555,17,17,TGAGGACTTTGAAGTTCGTA,0,4402982
yadN_predicted,0.05555555555555555,17,17,TGAGGAACGTTAAATGTCGT,0,4415730
yadN_predicted,0.05555555555555555,17,17,TGACTGGACTGTTGGTAAGC,0,4406443
yadN_predicted,0.05555555555555555,17,17,TGACGGCCGACTGCGACGTA,0,4402767
yadN_predicted,0.05555555555555555,17,17,TCGTCATCACTAAATCCCGC,0,4421466
yadN_predicted,0.05555555555555555,17,17,TCGAATTTTATCTAACTTCA,0,4411800
yadN_predicted,0.05555555555555555,17,17,TCCGGGTGTTGGTAAGCAAG,0,4435212
yadN_predicted,0.05555555555555555,17,17,TCCCAGTGCAATTCTAACTG,0,4409160
yadN_predicted,0.05555555555555555,17,17,TCCATTCAGGATTTGCGCGA,0,4421286
yadN_predicted,0.05555555555555555,17,17,TCATCTTCGAGACATGCAGA,0,4432329
yadN_predicted,0.05555555555555555,17,17,TATTATAGACCTTTGGGATC,0,4408291
yadN_predicted,0.05555555555555555,17,17,TATCCCCCCAGCTATCAAAT,0,4411896
yadN_predicted,0.05555555555555555,17,17,TATCAGCGAGCGCCTACTCT,0,4419121
yadN_predicted,0.05555555555555555,17,17,TAGGCATGGTTCTGTATCCA,0,4418611
yadN_predicted,0.05555555555555555,17,17,GTGTATCCTAACTCGGCACC,0,4403669
yadN_predicted,0.05555555555555555,17,17,GTGAAAATATTCCTATAGAA,0,4422408
yadN_predicted,0.05555555555555555,17,17,GTCGTGGGAGTCGTGCAACA,0,4413947
yadN_predicted,0.05555555555555555,17,17,GTCCAGTCGAGTCTTATCAG,0,4423275
yadN_predicted,0.05555555555555555,17,17,GTAGGTAAGCAACTTCTGCA,0,4426907
yadN_predicted,0.05555555555555555,17,17,GTAGGGCGTGGTATAAAAAC,0,4435034
yadN_predicted,0.05555555555555555,17,17,GTAATACTGACACGTTAAAT,0,4420102
yadN_predicted,0.05555555555555555,17,17,GGTAAATTTGAGTAAAGTTG,0,4430438
yadN_predicted,0.05555555555555555,17,17,GGGTGTAAGTAACCAAGGGT,0,4430100
yadN_predicted,0.05555555555555555,17,17,GGGACACGCATGTAAGGAAA,0,4423501
yadN_predicted,0.05555555555555555,17,17,GGCTGTTGTTTTAGCTTTGT,0,4420672
yadN_predicted,0.05555555555555555,17,17,GGCCCGCGGATTTTGTTCAT,0,4404901
yadN_predicted,0.05555555555555555,17,17,GGATCAAACATTTTCGTGTT,0,4432983
yadN_predicted,0.05555555555555555,17,17,GGAGCGCCACACCGACCCTA,0,4403414
yadN_predicted,0.05555555555555555,17,17,GCTATGCGTCGAGAATAAGT,0,4432694
yadN_predicted,0.05555555555555555,17,17,GCTAGACCTCCCTCAGAAAT,0,4407686
yadN_predicted,0.05555555555555555,17,17,GCTACTGCCGACAGTTAAAT,0,4418244
yadN_predicted,0.05555555555555555,17,17,GCGCCTGCCCTCAGCGAGGG,0,4412914
yadN_predicted,0.05555555555555555,17,17,GCCACGCGCACATCTCACTC,0,4430610
yadN_predicted,0.05555555555555555,17,17,GATCAGCCTGTTAGTCTGGG,0,4408249
yadN_predicted,0.05555555555555555,17,17,GAGGTCGATTCACAACTGGT,0,4417025
yadN_predicted,0.05555555555555555,17,17,GAGCCTACGCTCGTCTGCAT,0,4430612
yadN_predicted,0.05555555555555555,17,17,GACACGTAGTCCAAACGCAT,0,4414656
yadN_predicted,0.05555555555555555,17,17,CTTTCGGAAGGTGGGTGGTA,0,4418136
yadN_predicted,0.05555555555555555,17,17,CTTGGAGCGTAGTGCCGGGA,0,4430162
yadN_predicted,0.05555555555555555,17,17,CTGTAACTGGGTACAACGTA,0,4416292
yadN_predicted,0.05555555555555555,17,17,CTGCCGTCGCTGCACCGGGA,0,4409849
yadN_predicted,0.05555555555555555,17,17,CTACCTGGCCACGATTCGAA,0,4409589
yadN_predicted,0.05555555555555555,17,17,CGTTCTTCAGCGGGCGATCT,0,4406007
yadN_predicted,0.05555555555555555,17,17,CGTCACGCATTCGTATCTAT,0,4407350
yadN_predicted,0.05555555555555555,17,17,CGGGCATGGGGTACATGCTC,0,4414504
yadN_predicted,0.05555555555555555,17,17,CGCGTCTGTCCTACGTCGAA,0,4406876
yadN_predicted,0.05555555555555555,17,17,CGCCACATGTCATGAGGCCA,0,4415201
yadN_predicted,0.05555555555555555,17,17,CGCACAAGCGACTCCCTTAC,0,4434339
yadN_predicted,0.05555555555555555,17,17,CGAGGATAATCCAGAGCCAT,0,4425076
yadN_predicted,0.05555555555555555,17,17,CGACGGATTGCGGGTATAGA,0,4404108
yadN_predicted,0.05555555555555555,17,17,CCTTGAATGCCGGAACAAAT,0,4416678
yadN_predicted,0.05555555555555555,17,17,CCTGGGGCAGGAGAGCGGTT,0,4414028
yadN_predicted,0.05555555555555555,17,17,CCGGATATTGGGCAAGACAT,0,4426622
yadN_predicted,0.05555555555555555,17,17,CCCGTCACGTGAAGCGCAGT,0,4409429
yadN_predicted,0.05555555555555555,17,17,CCACAGATGCTTGTTCGGGG,0,4434509
yadN_predicted,0.05555555555555555,17,17,CATTGCTTTACATTCATACT,0,4435818
yadN_predicted,0.05555555555555555,17,17,CATCTTACACTGGGTGAGAG,0,4415403
yadN_predicted,0.05555555555555555,17,17,CATCGGCAACCCCACTGTTC,0,4432603
yadN_predicted,0.05555555555555555,17,17,CAGGGTGGGCAGGTGGGCAG,0,4408573
yadN_predicted,0.05555555555555555,17,17,CAGGCTTAAGTCTTATCCGA,0,4415675
yadN_predicted,0.05555555555555555,17,17,CAACGCCCTGTAGCACATAA,0,4411107
yadN_predicted,0.05555555555555555,17,17,ATCTGACTGACCGCAGAGGG,0,4404068
yadN_predicted,0.05555555555555555,17,17,ATCGGGGAGAGAGTGTCCAC,0,4422043
yadN_predicted,0.05555555555555555,17,17,ATATATAAGGCGCGGCCCAG,0,4427089
yadN_predicted,0.05555555555555555,17,17,ATAGGCTGGTCAAGATTCCA,0,4431825
yadN_predicted,0.05555555555555555,17,17,ATAGCTAGCACAATGGACGT,0,4419602
yadN_predicted,0.05555555555555555,17,17,AGTTTCCACCCCGATAGTGA,0,4418067
yadN_predicted,0.05555555555555555,17,17,AGGCGCCGCACGCGTTGGCA,0,4430898
yadN_predicted,0.05555555555555555,17,17,AGGAGAGTAGGCCCGACTGG,0,4417137
yadN_predicted,0.05555555555555555,17,17,AGGACGGGTCGGACAAAACC,0,4415891
yadN_predicted,0.05555555555555555,17,17,AGCTCCGTAAGTTGCCACCG,0,4434171
yadN_predicted,0.05555555555555555,17,17,AGCACAGAGTGACGATTATA,0,4411668
yadN_predicted,0.05555555555555555,17,17,AGATTTGGCTATACATTCAA,0,4416582
yadN_predicted,0.05555555555555555,17,17,AGAGGTGTACACTTGAGCTT,0,4411288
yadN_predicted,0.05555555555555555,17,17,AGACTTCCTGGGGCATTTAA,0,4426948
yadN_predicted,0.05555555555555555,17,17,ACTGTTTTCATGGCCTGGAC,0,4420349
yadN_predicted,0.05555555555555555,17,17,ACTAGCCCAACTGGAAGACC,0,4427804
yadN_predicted,0.05555555555555555,17,17,ACGTGGGGGTGCGAACGTAC,0,4405975
yadN_predicted,0.05555555555555555,17,17,ACGTAGTTACTATCGTCCTA,0,4408932
yadN_predicted,0.05555555555555555,17,17,ACGGGGCGGAATCGACACAT,0,4407846
yadN_predicted,0.05555555555555555,17,17,ACCTGGCTTGAATCAGAGTC,0,4421612
yadN_predicted,0.05555555555555555,17,17,ACATATGAGTGTGTGATGGT,0,4423371
yadN_predicted,0.05555555555555555,17,17,ACATACTTATAGCTCGAGAA,0,4402606
yadN_predicted,0.05555555555555555,17,17,AATTGCGATGAGTGGTGAGA,0,4433000
yadN_predicted,0.05555555555555555,17,17,AATCGTTCAGTAAGCCCAGT,0,4411474
yadN_predicted,0.05555555555555555,17,17,AATACGACGCACCTCCGTAT,0,4410424
yadN_predicted,0.05555555555555555,17,17,AAACACGTTGTTTTCATGGC,0,4411160
yadN_predicted,0.058823529411764705,16,16,TTTTTATCTCGAGGTATCCC,0,4411817
yadN_predicted,0.058823529411764705,16,16,TTTTGTAACTCGTTCTGGCG,0,4409275
yadN_predicted,0.058823529411764705,16,16,TTGTACTAGATGTCTATGAA,0,4406529
yadN_predicted,0.058823529411764705,16,16,TTGGTCAGGGCATTCCTATC,0,4414480
yadN_predicted,0.058823529411764705,16,16,TTGGCTCAAAAGCGGGGTCG,0,4412839
yadN_predicted,0.058823529411764705,16,16,TTGCACCACCGATAATGTGT,0,4421004
yadN_predicted,0.058823529411764705,16,16,TTCTGCGCCCCAATATTGGC,0,4403178
yadN_predicted,0.058823529411764705,16,16,TTCGGTCAATGTCGGTGGAG,0,4427660
yadN_predicted,0.058823529411764705,16,16,TTCCGTATGCCCTTGCCAGA,0,4431112
yadN_predicted,0.058823529411764705,16,16,TTCCGGTTCACTGTAGTCCA,0,4407261
yadN_predicted,0.058823529411764705,16,16,TTATGTCATCGTTTGCGGGT,0,4407011
yadN_predicted,0.058823529411764705,16,16,TGTTTACTTGTTGAAAGACT,0,4415482
yadN_predicted,0.058823529411764705,16,16,TGGTGCTATATGAATTTGCA,0,4424953
yadN_predicted,0.058823529411764705,16,16,TGGGCGCGAGACGACAGGCT,0,4423003
yadN_predicted,0.058823529411764705,16,16,TGGGCGAACTGTCTTTCTTC,0,4412408
yadN_predicted,0.058823529411764705,16,16,TGGGAGACTATCTCCCAGCT,0,4420704
yadN_predicted,0.058823529411764705,16,16,TGCCGCCATGGCGTATGGAG,0,4408969
yadN_predicted,0.058823529411764705,16,16,TCTGTTCCCTGCCCCTCGTT,0,4423655
yadN_predicted,0.058823529411764705,16,16,TCCCGAGGAACGACTCTAAG,0,4424677
yadN_predicted,0.058823529411764705,16,16,TCCCCAGAGGCAATGACTTG,0,4415977
yadN_predicted,0.058823529411764705,16,16,TCAAGATTCGTATTCCTTGG,0,4421405
yadN_predicted,0.058823529411764705,16,16,TATTCTTGTGTATACGACCC,0,4406691
yadN_predicted,0.058823529411764705,16,16,TATGCGTGAGTTTGGACAAA,0,4429982
yadN_predicted,0.058823529411764705,16,16,TATGCGGATGAGAAATGTAC,0,4429900
yadN_predicted,0.058823529411764705,16,16,TATCTACACCGGATGAAAGC,0,4412645
yadN_predicted,0.058823529411764705,16,16,TAGGTCACATCTGTAGGAAG,0,4403250
yadN_predicted,0.058823529411764705,16,16,TAAGTAAGCCTGCATCAAAC,0,4416983
yadN_predicted,0.058823529411764705,16,16,TAACCTGGGCACCGGTTGGT,0,4427050
yadN_predicted,0.058823529411764705,16,16,GTTTTGGCTTTTTTGTTATT,0,4402978
yadN_predicted,0.058823529411764705,16,16,GTGTTAGCATCACTTAGCAT,0,4402886
yadN_predicted,0.058823529411764705,16,16,GTCCCATCGACCACCGTTTA,0,4410825
yadN_predicted,0.058823529411764705,16,16,GTCCATATGCGCTGCAGCGA,0,4420518
yadN_predicted,0.058823529411764705,16,16,GGTGTATCTTAGCTGTGGTA,0,4411834
yadN_predicted,0.058823529411764705,16,16,GGGTTAGCAATAGCTTTCGT,0,4417843
yadN_predicted,0.058823529411764705,16,16,GGGGCCTGATCCGATTTAGG,0,4431843
yadN_predicted,0.058823529411764705,16,16,GGAGACTACGCTCCTGACCT,0,4404453
yadN_predicted,0.058823529411764705,16,16,GGACTAGACGGAAATAGCTC,0,4406338
yadN_predicted,0.058823529411764705,16,16,GGAAATGCGTGTGTAACATC,0,4404357
yadN_predicted,0.058823529411764705,16,16,GCTGTTGTGGTACCAGTGGT,0,4418326
yadN_predicted,0.058823529411764705,16,16,GCTGTCGTTGTTGCATGTTA,0,4414562
yadN_predicted,0.058823529411764705,16,16,GCTCTGACTATGCAGTTTTG,0,4409828
yadN_predicted,0.058823529411764705,16,16,GCTAGTGCAAAGCCGAGTAT,0,4412256
yadN_predicted,0.058823529411764705,16,16,GCTAGGAAGACGGAGTTCAA,0,4428393
yadN_predicted,0.058823529411764705,16,16,GCGGTCCATGGGATAGCGCC,0,4406764
yadN_predicted,0.058823529411764705,16,16,GCGCGTGCGTCTGGTATTCG,0,4424883
yadN_predicted,0.058823529411764705,16,16,GCCGACTCATTCTAACCGTT,0,4424838
yadN_predicted,0.058823529411764705,16,16,GCCGACGAGTACTCGAGCTG,0,4431998
yadN_predicted,0.058823529411764705,16,16,GATTGTTTCAATCAAGTGCT,0,4416701
yadN_predicted,0.058823529411764705,16,16,GATTCCCGGTCTCAATAGTC,0,4424747
yadN_predicted,0.058823529411764705,16,16,GAGGAAGTATCGCGGAATGA,0,4433186
yadN_predicted,0.058823529411764705,16,16,GAGCCTCACTTAACATGATA,0,4412763
yadN_predicted,0.058823529411764705,16,16,GACCGAGCTGAAATACGTAT,0,4413708
yadN_predicted,0.058823529411764705,16,16,CTTTCGAATGTGACCGTGTA,0,4418498
yadN_predicted,0.058823529411764705,16,16,CTTGGACGGTCCAACGCCGC,0,4406363
yadN_predicted,0.058823529411764705,16,16,CTGTTAAGAGTGCACTCAGC,0,4404954
yadN_predicted,0.058823529411764705,16,16,CTCGGCACGCCCCCTCACTC,0,4422074
yadN_predicted,0.058823529411764705,16,16,CTCCATACGCCCGTTTCCCT,0,4413464
yadN_predicted,0.058823529411764705,16,16,CTCCACGGACTGTTTGTGTA,0,4414591
yadN_predicted,0.058823529411764705,16,16,CTCATTGAGTCCAAAAGAGG,0,4432250
yadN_predicted,0.058823529411764705,16,16,CTATCCATACGAGGCACTTA,0,4409716
yadN_predicted,0.058823529411764705,16,16,CGTGGCGGCACTGAAGGGGA,0,4417970
yadN_predicted,0.058823529411764705,16,16,CGTCATACACTAAGTCCCTA,0,4420326
yadN_predicted,0.058823529411764705,16,16,CGTATGTCGTATTTACTCAA,0,4435654
yadN_predicted,0.058823529411764705,16,16,CGGTCTGTTGTTATTAAGCA,0,4415684
yadN_predicted,0.058823529411764705,16,16,CGCGGTAACTAGCTCTGGGT,0,4427567
yadN_predicted,0.058823529411764705,16,16,CGAGCAAAAGTGCGGATGCG,0,4429615
yadN_predicted,0.058823529411764705,16,16,CCTTCTGACGAGAGCACGCG,0,4416773
yadN_predicted,0.058823529411764705,16,16,CCTGGGACCTATCGGCCAGG,0,4430342
yadN_predicted,0.058823529411764705,16,16,CCTGCTGTATTATTGGAAAA,0,4418867
yadN_predicted,0.058823529411764705,16,16,CCTACACTATGTAAGCTATA,0,4404594
yadN_predicted,0.058823529411764705,16,16,CCGTGTCTTTGCAAGTAAAC,0,4419060
yadN_predicted,0.058823529411764705,16,16,CCGTGTCAGAAATCGTGGCG,0,4407176
yadN_predicted,0.058823529411764705,16,16,CCGGGGAGGACGCAGATCCA,0,4416947
yadN_predicted,0.058823529411764705,16,16,CCGCGTGGAGTACATAGTAA,0,4412866
yadN_predicted,0.058823529411764705,16,16,CCCAGACAGTTGAGTTTGGT,0,4432702
yadN_predicted,0.058823529411764705,16,16,CCCAACTGGAATGTGACAGG,0,4413394
yadN_predicted,0.058823529411764705,16,16,CCAGGAGTGTTTTAATCACT,0,4429313
yadN_predicted,0.058823529411764705,16,16,CATTGGAAGGTACCGCCGGC,0,4420920
yadN_predicted,0.058823529411764705,16,16,CATCTCGAGGACCCTGGTAC,0,4419900
yadN_predicted,0.058823529411764705,16,16,CAGGGAAATTGAAATACCAA,0,4434983
yadN_predicted,0.058823529411764705,16,16,CAGAAGACCGATTGCATGGG,0,4404390
yadN_predicted,0.058823529411764705,16,16,CACCTAGTCCCAGTGCCGAG,0,4430384
yadN_predicted,0.058823529411764705,16,16,CACAGTCTCTGAAATCTTTT,0,4421280
yadN_predicted,0.058823529411764705,16,16,CAATGCGTATTGATAGTCAC,0,4419709
yadN_predicted,0.058823529411764705,16,16,ATGGAGCTGTGATGTGACAC,0,4408305
yadN_predicted,0.058823529411764705,16,16,ATGAGTCTAGAGAGATGGTA,0,4428247
yadN_predicted,0.058823529411764705,16,16,ATCTAACATACGCTGTTTTT,0,4408121
yadN_predicted,0.058823529411764705,16,16,ATCAAGCTATGTCTTCCACA,0,4407215
yadN_predicted,0.058823529411764705,16,16,ATACAAGGGTATTTAGTGCT,0,4416745
yadN_predicted,0.058823529411764705,16,16,ATAATAAGTCTCAACGTGAA,0,4410667
yadN_predicted,0.058823529411764705,16,16,ATAACAGCTCATTTCACGGT,0,4416297
yadN_predicted,0.058823529411764705,16,16,AGTCAGCCGGCTAGCAGAGT,0,4406991
yadN_predicted,0.058823529411764705,16,16,AGCGTAAAGCGGATCCATAT,0,4425972
yadN_predicted,0.058823529411764705,16,16,AGCGCTCAGTGGCACCTCCT,0,4417167
yadN_predicted,0.058823529411764705,16,16,AGCGATAAAAGGGGGAATGC,0,4420191
yadN_predicted,0.058823529411764705,16,16,AGCGAGGCATATACCCTGGT,0,4422518
yadN_predicted,0.058823529411764705,16,16,ACTAAAACGCAGGGGCATGG,0,4409875
yadN_predicted,0.058823529411764705,16,16,ACCCTCACGTTACGCTCATG,0,4415061
yadN_predicted,0.058823529411764705,16,16,ACCCGATTAAGGATAATATG,0,4435900
yadN_predicted,0.058823529411764705,16,16,ACATACTTATTTATTATCAG,0,4428764
yadN_predicted,0.058823529411764705,16,16,ACAGGATTTGCCTGGCCGTA,0,4418897
yadN_predicted,0.058823529411764705,16,16,ACAAGAAATAATAAGGAACA,0,4402984
yadN_predicted,0.058823529411764705,16,16,AATGGCCGGTACTAAGTTTT,0,4416806
yadN_predicted,0.058823529411764705,16,16,AATCAGCCTAGATTTGATTT,0,4407025
yadN_predicted,0.058823529411764705,16,16,AATAATTTTTATCAGCCGAG,0,4409823
yadN_predicted,0.058823529411764705,16,16,AAGGGAGGCGGACAGGAGGG,0,4419094
yadN_predicted,0.058823529411764705,16,16,AAGGAGCGTGCTAAGGCGGT,0,4407887
yadN_predicted,0.058823529411764705,16,16,AAGAGTGTAAGGAGCATGTC,0,4413124
yadN_predicted,0.058823529411764705,16,16,AACTCGAAGAGACGCCTAAT,0,4421507
yadN_predicted,0.058823529411764705,16,16,AACGTGGGATGCACTTGCTT,0,4421603
yadN_predicted,0.058823529411764705,16,16,AACGATATCATATACCACAG,0,4404637
yadN_predicted,0.058823529411764705,16,16,AAATCGCATAACACTCCTAT,0,4405634
yadN_predicted,0.0625,15,15,TTTTTCCCGCATTCACGTTA,0,4403033
yadN_predicted,0.0625,15,15,TTTTCTTATAAATTAGCGGA,0,4431636
yadN_predicted,0.0625,15,15,TTTCGGGGCTAAGACATAGT,0,4423235
yadN_predicted,0.0625,15,15,TTTCCAGGCCCCCGACGGAA,0,4431055
yadN_predicted,0.0625,15,15,TTGCGCCGCTCCTATTAGTT,0,4432861
yadN_predicted,0.0625,15,15,TTATCGAGCCTGATTCCAGC,0,4420779
yadN_predicted,0.0625,15,15,TTACGCCGTCGCACCAACAT,0,4415677
yadN_predicted,0.0625,15,15,TTACCTCCGCTCTAGCCACA,0,4425554
yadN_predicted,0.0625,15,15,TTAATGAGAAGGACTGAGGA,0,4435075
yadN_predicted,0.0625,15,15,TGTGCCAACGTCGCCAGTCG,0,4429292
yadN_predicted,0.0625,15,15,TGTCACACGCGTCGGTTTAA,0,4415939
yadN_predicted,0.0625,15,15,TGCGATGGAGGTAGCCTCGG,0,4412738
yadN_predicted,0.0625,15,15,TGATGACGATTATAGTGTTT,0,4404661
yadN_predicted,0.0625,15,15,TGATCCCAGGCACGCGTATT,0,4406765
yadN_predicted,0.0625,15,15,TGACGGCCGCGTACCACTCG,0,4416934
yadN_predicted,0.0625,15,15,TGACGATGGCAGCGCTCAGT,0,4407262
yadN_predicted,0.0625,15,15,TGACCCAAGTACGGCATATG,0,4405257
yadN_predicted,0.0625,15,15,TCTGAAGCGGCGAGAAAGAG,0,4402996
yadN_predicted,0.0625,15,15,TCTCCACTGATACGGACGCA,0,4425145
yadN_predicted,0.0625,15,15,TCGTTGCGTATATCATTATG,0,4415369
yadN_predicted,0.0625,15,15,TCGTATCGACAATATTAGAT,0,4407822
yadN_predicted,0.0625,15,15,TCGGCTTTAGGCAGCCATGT,0,4413999
yadN_predicted,0.0625,15,15,TCGGCTCCACGCGCCGTCTA,0,4426031
yadN_predicted,0.0625,15,15,TCGATATGCTTGTGGCATAA,0,4427122
yadN_predicted,0.0625,15,15,TCCGGTTGCTCTGAGTCGAT,0,4426776
yadN_predicted,0.0625,15,15,TCCACTGAGTATGCCTTAGA,0,4413598
yadN_predicted,0.0625,15,15,TCCACGCTTACTCTTGGAGT,0,4430005
yadN_predicted,0.0625,15,15,TCATTGCCCTGAGGAGAAGA,0,4411691
yadN_predicted,0.0625,15,15,TCACGCTCAAGGTTATCAAG,0,4418873
yadN_predicted,0.0625,15,15,TCAACTAGCAAAGATCCAGT,0,4410671
yadN_predicted,0.0625,15,15,TCAAAAGATGCTCGTGCATC,0,4431604
yadN_predicted,0.0625,15,15,TATTCGGAGACTGACAAATT,0,4410939
yadN_predicted,0.0625,15,15,TATATTTAACACGGTTAGGC,0,4404534
yadN_predicted,0.0625,15,15,TAGGGTTTAGTGTCAGTGGT,0,4414023
yadN_predicted,0.0625,15,15,TACACTAGAGTAGATCTCTC,0,4413396
yadN_predicted,0.0625,15,15,TAACTAGAGTTTTCAAGCCC,0,4410695
yadN_predicted,0.0625,15,15,TAACCCTTCGGCGGCGGAAG,0,4425460
yadN_predicted,0.0625,15,15,TAAACCGATTCGTAGTACCT,0,4417910
yadN_predicted,0.0625,15,15,TAAAAGCGAACTTCCATCAG,0,4411122
yadN_predicted,0.0625,15,15,GTTTCATTTTTCGATAACGC,0,4432979
yadN_predicted,0.0625,15,15,GTTCAGTCGTTGAGGGCAGT,0,4433386
yadN_predicted,0.0625,15,15,GTTAGCGGCTAAGGCCTCTG,0,4429422
yadN_predicted,0.0625,15,15,GTTAACAAAGTGAGAAGGCT,0,4414864
yadN_predicted,0.0625,15,15,GTGGCCCGTTCCAGCAACGT,0,4413025
yadN_predicted,0.0625,15,15,GTGCGTCGGTACGTTCAAGT,0,4406640
yadN_predicted,0.0625,15,15,GTGAGTAATACCCAGATCGA,0,4414510
yadN_predicted,0.0625,15,15,GTGACCAGGGTAAGTTTCAT,0,4422085
yadN_predicted,0.0625,15,15,GTCGGAAACTTACGATCGGT,0,4419356
yadN_predicted,0.0625,15,15,GGTTCCCCAGCCACGCAAGT,0,4417183
yadN_predicted,0.0625,15,15,GGTGTGAATCAGAAAGCGCT,0,4421318
yadN_predicted,0.0625,15,15,GGTCCAAAGACCAGCCTGAG,0,4431512
yadN_predicted,0.0625,15,15,GGTAGAGATGAAACAGTTTA,0,4423173
yadN_predicted,0.0625,15,15,GGGTGTACATGGGTTGGTAT,0,4427080
yadN_predicted,0.0625,15,15,GGGTGAGCGCCCGCCGGGGA,0,4426781
yadN_predicted,0.0625,15,15,GGGCCGTCCATTAGACTAAT,0,4424294
yadN_predicted,0.0625,15,15,GGGAGTCGTAGTGTATTGTC,0,4429636
yadN_predicted,0.0625,15,15,GGGAGATGAACCCTGTCGGG,0,4403112
yadN_predicted,0.0625,15,15,GGCCGTCTAAGAAGGTCGTC,0,4419414
yadN_predicted,0.0625,15,15,GGATGGGGGTACCTGGCCAC,0,4412221
yadN_predicted,0.0625,15,15,GGACGTCCGTGATGCGGATC,0,4421945
yadN_predicted,0.0625,15,15,GGAAGGCGCTGAGAACGACA,0,4422214
yadN_predicted,0.0625,15,15,GCCTTGAACGATTGAATGAA,0,4408126
yadN_predicted,0.0625,15,15,GCCTGTCAAGCGGACCGCCT,0,4412323
yadN_predicted,0.0625,15,15,GCCTGAGTTCGGGTAGACTT,0,4422112
yadN_predicted,0.0625,15,15,GCCAGTGCTAGTTTCCCACT,0,4429271
yadN_predicted,0.0625,15,15,GCATGATTACAGTAGACTTC,0,4406222
yadN_predicted,0.0625,15,15,GCACCGTCTAAAAAGTGTAG,0,4432621
yadN_predicted,0.0625,15,15,GATTGGGGCTAGGCCATAGA,0,4420977
yadN_predicted,0.0625,15,15,GATGCATGGGCTGTGATATG,0,4431957
yadN_predicted,0.0625,15,15,GATAGGGGATTAGGATCAAC,0,4402558
yadN_predicted,0.0625,15,15,GAGCGCTTTGAGGTTGTTCT,0,4406134
yadN_predicted,0.0625,15,15,GAGAGAGCGTAGGCCGTGCC,0,4419439
yadN_predicted,0.0625,15,15,GACTGCTGACCTGAGATACC,0,4417423
yadN_predicted,0.0625,15,15,GACCGGGATTAGTGTGCGAT,0,4411562
yadN_predicted,0.0625,15,15,GAATTCAACTCGATTCGTGT,0,4414362
yadN_predicted,0.0625,15,15,GAAACTACTCCCGAGGCACA,0,4424738
yadN_predicted,0.0625,15,15,CTTTTGTATACCTACAGCAT,0,4429966
yadN_predicted,0.0625,15,15,CTTTCTCCATGGTCTCACTG,0,4426620
yadN_predicted,0.0625,15,15,CTTGTACCGCTAATGCCACT,0,4403034
yadN_predicted,0.0625,15,15,CTGTAGACCCGTCGCTTGAG,0,4418042
yadN_predicted,0.0625,15,15,CTCGCTAGGGAGGCTGAGTT,0,4411445
yadN_predicted,0.0625,15,15,CTACCTACACTTAGGAGCCC,0,4407453
yadN_predicted,0.0625,15,15,CGTCCCAATTACATTGTAAA,0,4418710
yadN_predicted,0.0625,15,15,CGTAGCTACTTGCCCGGCCC,0,4431731
yadN_predicted,0.0625,15,15,CGGGGGGACCCTGTCGGCCG,0,4403964
yadN_predicted,0.0625,15,15,CGGGCAACTTCACCCTCCGC,0,4404827
yadN_predicted,0.0625,15,15,CGGCCTCAGAGTTCGACCTA,0,4424688
yadN_predicted,0.0625,15,15,CGGCCCCCGTAGGAGACCTT,0,4432446
yadN_predicted,0.0625,15,15,CGGCATTGCGGACCCTCTTC,0,4407021
yadN_predicted,0.0625,15,15,CGGCAAGGAGGGCATGGGCT,0,4416338
yadN_predicted,0.0625,15,15,CGGAGTAAGGGTAGCTTTCT,0,4435138
yadN_predicted,0.0625,15,15,CGCTTGGAAACAGAAATAGT,0,4417705
yadN_predicted,0.0625,15,15,CGCCCGAGCACATCAGTAAC,0,4421831
yadN_predicted,0.0625,15,15,CGCCAATAATTCGAGTGGTT,0,4406612
yadN_predicted,0.0625,15,15,CGCATATTCCACTCCCCCGC,0,4421149
yadN_predicted,0.0625,15,15,CGAGGGGCTCCTGTATGGTA,0,4415872
yadN_predicted,0.0625,15,15,CGACTAAGCTCACCGGACAC,0,4413371
yadN_predicted,0.0625,15,15,CGAACCCTTTCGGCTAATAA,0,4402643
yadN_predicted,0.0625,15,15,CCTGATTCTCAGCATCCGCG,0,4409968
yadN_predicted,0.0625,15,15,CCTGATGCTGTCCAGACCCT,0,4403229
yadN_predicted,0.0625,15,15,CCGTGACGCAGCTATCGTGA,0,4410823
yadN_predicted,0.0625,15,15,CCGTCGTACAATTTTGTTGA,0,4418274
yadN_predicted,0.0625,15,15,CCGCTGTTTAGATCGTGTTG,0,4433332
yadN_predicted,0.0625,15,15,CCCGCGTATCGGGTATAAGC,0,4413184
yadN_predicted,0.0625,15,15,CCCCCCCTTCAGGTCTAACA,0,4415854
yadN_predicted,0.0625,15,15,CCCAGGAGTCAATAACTACA,0,4417773
yadN_predicted,0.0625,15,15,CCATCTTATTAGAAACCTTC,0,4404609
yadN_predicted,0.0625,15,15,CCATCGGTCAGACTCATGGT,0,4408829
yadN_predicted,0.0625,15,15,CCAGTGGTAGCGCATGTTGC,0,4413223
yadN_predicted,0.0625,15,15,CCAGACGGTATTCTGAACGT,0,4431041
yadN_predicted,0.0625,15,15,CATGGGCGATTCTAGAAGCT,0,4403254
yadN_predicted,0.0625,15,15,CATATCGGCGCCCCGACTCT,0,4422491
yadN_predicted,0.0625,15,15,CATAAAACGTGGAGACTCCT,0,4434051
yadN_predicted,0.0625,15,15,CAGCAGGTTGTGCCCCGTGC,0,4408468
yadN_predicted,0.0625,15,15,CACCTCCCGCAACCTTCCAT,0,4402852
yadN_predicted,0.0625,15,15,CACCGGCTCCGCGGCCCGGG,0,4421199
yadN_predicted,0.0625,15,15,CAATATTCCGAGAGGCTCTG,0,4422441
yadN_predicted,0.0625,15,15,CAACCAGCCAATTCAAACGA,0,4412549
yadN_predicted,0.0625,15,15,CAAACCGCTGTTACACGAGA,0,4420064
yadN_predicted,0.0625,15,15,ATTGAGGGTTAATCTAGCAT,0,4430560
yadN_predicted,0.0625,15,15,ATTGACCAGGAAGTGTCTTT,0,4405379
yadN_predicted,0.0625,15,15,ATTCAAGGCGGTATATGAAA,0,4428707
yadN_predicted,0.0625,15,15,ATGTGATCAGCGACGAACGG,0,4416042
yadN_predicted,0.0625,15,15,ATGGCCCACTTTCTACGGTA,0,4415481
yadN_predicted,0.0625,15,15,ATGAAGAGTCCCACCCCATG,0,4411555
yadN_predicted,0.0625,15,15,ATCGCCACCCCTGAGGTCAG,0,4414679
yadN_predicted,0.0625,15,15,ATAGGATTGAACCCCGTTGA,0,4408860
yadN_predicted,0.0625,15,15,ATAACGATCGCACCTCAGGC,0,4410448
yadN_predicted,0.0625,15,15,ATAAATAGTTTGTTACTGTT,0,4428508
yadN_predicted,0.0625,15,15,AGTTGACGTAGATTAACAAC,0,4414292
yadN_predicted,0.0625,15,15,AGTCTATGGTTTATTGGTCT,0,4414720
yadN_predicted,0.0625,15,15,AGGTTGGTACATCGCAATGT,0,4431995
yadN_predicted,0.0625,15,15,AGGTGCGTTTGTATGGACCT,0,4416980
yadN_predicted,0.0625,15,15,AGGAGGCTATCTAAGGGCTA,0,4407538
yadN_predicted,0.0625,15,15,AGCGGACAAGACTAAACTAA,0,4416282
yadN_predicted,0.0625,15,15,AGAAACCGGCTTTATGGAGG,0,4404824
yadN_predicted,0.0625,15,15,ACTTATCATTTCGCGGAAAG,0,4417267
yadN_predicted,0.0625,15,15,ACTGGCACGCGACCCATATG,0,4415063
yadN_predicted,0.0625,15,15,ACTGACCGAGCTGAAATCAA,0,4432295
yadN_predicted,0.0625,15,15,ACTATTCTACTCCAGCGCGT,0,4426208
yadN_predicted,0.0625,15,15,ACGTGTTTGGAACTAAGTCG,0,4420095
yadN_predicted,0.0625,15,15,ACGGTGTTTCTCAGAGGTGG,0,4407997
yadN_predicted,0.0625,15,15,ACCTGGCGAACAGTGTTTCT,0,4412237
yadN_predicted,0.0625,15,15,ACCTCGTGCTAGAGATGGAA,0,4414363
yadN_predicted,0.0625,15,15,ACCGTGGCGCAAGACGAACT,0,4418556
yadN_predicted,0.0625,15,15,ACCGGGCGTGGAAATGGTAT,0,4419660
yadN_predicted,0.0625,15,15,AATCCTTTTATCACCAGCCT,0,4428213
yadN_predicted,0.0625,15,15,AAGTGCGGCCTTCTGTCGAG,0,4408965
yadN_predicted,0.0625,15,15,AAGTGCATCGGTGCAAACCA,0,4432470
yadN_predicted,0.0625,15,15,AAGTGAACCAAGCACTGGCT,0,4419599
yadN_predicted,0.0625,15,15,AACTAAGTCGTCTGCGCCTT,0,4405781
yadN_predicted,0.0625,15,15,AACGTCCCGTACCATTGATA,0,4423697
yadN_predicted,0.0625,15,15,AACGGTTTAATAATGTCGAG,0,4403587
yadN_predicted,0.0625,15,15,AACGGCAAGCGGGGTCTCAC,0,4405837
yadN_predicted,0.06666666666666667,14,14,TTTAGCAGCTGACAAACGGT,0,4410055
yadN_predicted,0.06666666666666667,14,14,TTGGGCCGTATGATTCATCG,0,4405077
yadN_predicted,0.06666666666666667,14,14,TTGGGAACATGTAGCATGTT,0,4404503
yadN_predicted,0.06666666666666667,14,14,TTGCAGGGAAGGGGACTCGT,0,4427591
yadN_predicted,0.06666666666666667,14,14,TTGATTTTAAATGCAGTCTG,0,4433305
yadN_predicted,0.06666666666666667,14,14,TTCTTGTGGACTAGGGCAAT,0,4426354
yadN_predicted,0.06666666666666667,14,14,TTATGCTCTTGCTTCAACCT,0,4403146
yadN_predicted,0.06666666666666667,14,14,TTATGCGTTTTCCCTATAAC,0,4421118
yadN_predicted,0.06666666666666667,14,14,TTATCGGCACCGGCCTAACC,0,4430727
yadN_predicted,0.06666666666666667,14,14,TTAGGTTACAGTCCTGATTG,0,4413767
yadN_predicted,0.06666666666666667,14,14,TTAGCTGGGCTGAATAGCGT,0,4432314
yadN_predicted,0.06666666666666667,14,14,TGTGGTCCTGGCAGGGTACG,0,4415654
yadN_predicted,0.06666666666666667,14,14,TGTCCGTAGTTGACTTCTAC,0,4412905
yadN_predicted,0.06666666666666667,14,14,TGTCAATCCAACGTCGCTGT,0,4431519
yadN_predicted,0.06666666666666667,14,14,TGTAAAAGTATGCGACTATG,0,4421632
yadN_predicted,0.06666666666666667,14,14,TGGTGTTGGGCATAAGATTA,0,4431153
yadN_predicted,0.06666666666666667,14,14,TGGATTCTTCACCGAATATG,0,4417214
yadN_predicted,0.06666666666666667,14,14,TGCTCCTGTTAGAATAAAGT,0,4413235
yadN_predicted,0.06666666666666667,14,14,TGCCCTTGCGTCCCAAGTGA,0,4403691
yadN_predicted,0.06666666666666667,14,14,TGCCCCGCACGGTTGTGCCA,0,4418313
yadN_predicted,0.06666666666666667,14,14,TGCCCATAGTGCAGCCTAGG,0,4414732
yadN_predicted,0.06666666666666667,14,14,TGAGGGGGGGGAAGGCCGGG,0,4409027
yadN_predicted,0.06666666666666667,14,14,TGACGTTTGCCAAATCGTTA,0,4408124
yadN_predicted,0.06666666666666667,14,14,TGACCACGTCTGGAGCATCA,0,4408778
yadN_predicted,0.06666666666666667,14,14,TGAAGACCACTCAAACCCGT,0,4403507
yadN_predicted,0.06666666666666667,14,14,TCTGGTCTTACTTCAAGTAT,0,4407526
yadN_predicted,0.06666666666666667,14,14,TCTATGTGGCTCCCTTCATG,0,4410637
yadN_predicted,0.06666666666666667,14,14,TCTAGGCACATTTCAGTCTG,0,4411163
yadN_predicted,0.06666666666666667,14,14,TCGTAACAGCAGGGCTACTA,0,4425694
yadN_predicted,0.06666666666666667,14,14,TCCCTTAGTCCGAGCAATTA,0,4415652
yadN_predicted,0.06666666666666667,14,14,TCCACCTCATTTGGCTGTGG,0,4417585
yadN_predicted,0.06666666666666667,14,14,TCATACGGTTCGGGGCTGAA,0,4426997
yadN_predicted,0.06666666666666667,14,14,TCAACGGAATGTTTGCTGGA,0,4408823
yadN_predicted,0.06666666666666667,14,14,TAGGTCCAGTGACGGCAAGA,0,4423809
yadN_predicted,0.06666666666666667,14,14,TAGGGTTCGAAGGACACTTT,0,4408675
yadN_predicted,0.06666666666666667,14,14,TAGACGTGCAACCCCGAGTT,0,4434130
yadN_predicted,0.06666666666666667,14,14,TACATGCTACCTCGATGAGG,0,4407173
yadN_predicted,0.06666666666666667,14,14,TAATTACCAGGGTTCGGAAT,0,4404555
yadN_predicted,0.06666666666666667,14,14,TAACCGCTCTATAGCGTTAC,0,4419357
yadN_predicted,0.06666666666666667,14,14,TAAAGACTCGGGGCGGATTA,0,4423500
yadN_predicted,0.06666666666666667,14,14,GTGGGTCTACGCCACCATTA,0,4425172
yadN_predicted,0.06666666666666667,14,14,GTCGAGGCGAGGCATCCCAA,0,4427900
yadN_predicted,0.06666666666666667,14,14,GTCCAGCAGAGTAGGACTTC,0,4433577
yadN_predicted,0.06666666666666667,14,14,GTCATTATGTATCCCTTGTA,0,4425748
yadN_predicted,0.06666666666666667,14,14,GTAGTTACTGACACACGACG,0,4413430
yadN_predicted,0.06666666666666667,14,14,GTAGCCCGTGTTAAGCCAAT,0,4426143
yadN_predicted,0.06666666666666667,14,14,GGTTGGCTGTTGCGGAGTGG,0,4412112
yadN_predicted,0.06666666666666667,14,14,GGGTAGGCCGCGCCATGATG,0,4433545
yadN_predicted,0.06666666666666667,14,14,GGGCACCTCACAGCCCTTAA,0,4424729
yadN_predicted,0.06666666666666667,14,14,GGCGGTGGCCTGTTGTCGGT,0,4431997
yadN_predicted,0.06666666666666667,14,14,GGCAGGATGACATTTTCAGC,0,4405701
yadN_predicted,0.06666666666666667,14,14,GGAGCTAGAGCGTACCTCTT,0,4405639
yadN_predicted,0.06666666666666667,14,14,GGACATGACAAACGGGTCAC,0,4427616
yadN_predicted,0.06666666666666667,14,14,GGAACTAAGGTGCACACTGT,0,4424715
yadN_predicted,0.06666666666666667,14,14,GCTTCAAAGCTAACAGTGAA,0,4435069
yadN_predicted,0.06666666666666667,14,14,GCTCTTTAGGACAAATAGCT,0,4427490
yadN_predicted,0.06666666666666667,14,14,GCGTTTACCTGTTGTGGAAC,0,4421181
yadN_predicted,0.06666666666666667,14,14,GCGGTTAATGCGAACATCGT,0,4423089
yadN_predicted,0.06666666666666667,14,14,GCCTCCAGGGGATTGGGTAT,0,4421442
yadN_predicted,0.06666666666666667,14,14,GCCCATATCATGATGATGTA,0,4415996
yadN_predicted,0.06666666666666667,14,14,GCCCACATCCCGCAGTGTGA,0,4423868
yadN_predicted,0.06666666666666667,14,14,GCACACAAATGAAGCACGTA,0,4423620
yadN_predicted,0.06666666666666667,14,14,GCAACCATGCCAAACTAGGT,0,4427623
yadN_predicted,0.06666666666666667,14,14,GCAACAATTACGCCGAGTAC,0,4422778
yadN_predicted,0.06666666666666667,14,14,GATTGGGCATGGCTCTTAGT,0,4407445
yadN_predicted,0.06666666666666667,14,14,GATTGCCATATATCAAAATT,0,4407519
yadN_predicted,0.06666666666666667,14,14,GATGTGTTACGCTTAGGCCT,0,4418303
yadN_predicted,0.06666666666666667,14,14,GAGTCGCTACCCCCAGGGCA,0,4428972
yadN_predicted,0.06666666666666667,14,14,GAGGATATGGCTGTGTCTTT,0,4431361
yadN_predicted,0.06666666666666667,14,14,GAGGAGTAAGGGAATGGAAG,0,4404437
yadN_predicted,0.06666666666666667,14,14,GAATCGAGAACAAGATGTTT,0,4424118
yadN_predicted,0.06666666666666667,14,14,CTTTTCTAACTCGCGAGCAT,0,4427180
yadN_predicted,0.06666666666666667,14,14,CTTGGACAACTAGAAGCTCG,0,4409873
yadN_predicted,0.06666666666666667,14,14,CTTCTTTGTGCATACGCCAC,0,4407136
yadN_predicted,0.06666666666666667,14,14,CTGGTAGTAGGCACATTTGA,0,4420134
yadN_predicted,0.06666666666666667,14,14,CTGATTACTGCGTCCGTCTG,0,4420885
yadN_predicted,0.06666666666666667,14,14,CTCCGACATGGGCTTGTCCT,0,4433092
yadN_predicted,0.06666666666666667,14,14,CTCAACCCGTTTCCAGTGCT,0,4409179
yadN_predicted,0.06666666666666667,14,14,CTATTTCTTAATCTTTCCGA,0,4418172
yadN_predicted,0.06666666666666667,14,14,CTATTAGCCAACTTCGCTAC,0,4431549
yadN_predicted,0.06666666666666667,14,14,CTAGACGTCGGCGCGATGCG,0,4418255
yadN_predicted,0.06666666666666667,14,14,CTACATCATGGGGGGTGCTT,0,4412358
yadN_predicted,0.06666666666666667,14,14,CGTGCTATAAGGACGTGCGC,0,4403555
yadN_predicted,0.06666666666666667,14,14,CGTCTGAGACGAAAGTACAA,0,4424327
yadN_predicted,0.06666666666666667,14,14,CGGCCGCTATCATTTGCCTA,0,4403957
yadN_predicted,0.06666666666666667,14,14,CGGCACACTGCCGCAACATG,0,4426600
yadN_predicted,0.06666666666666667,14,14,CGGACAGCTACTACATGAGA,0,4406676
yadN_predicted,0.06666666666666667,14,14,CGCTGGGTGTAACTGCCAGA,0,4411066
yadN_predicted,0.06666666666666667,14,14,CGCGCACTAGGCCCGTCGTT,0,4406188
yadN_predicted,0.06666666666666667,14,14,CGCGCAACCCGATCACTCGG,0,4435759
yadN_predicted,0.06666666666666667,14,14,CGCCTAGCTAGTTTCGTCAG,0,4414441
yadN_predicted,0.06666666666666667,14,14,CGCAGCCTAAGTAAATCGGT,0,4409688
yadN_predicted,0.06666666666666667,14,14,CGCACGGATGCGTAAGGCAG,0,4416858
yadN_predicted,0.06666666666666667,14,14,CGCACGAAACACGTGGGCCA,0,4417564
yadN_predicted,0.06666666666666667,14,14,CGAGCTAGGTCCAACAGATT,0,4425507
yadN_predicted,0.06666666666666667,14,14,CCTAATAGTAACGCGTATGC,0,4432601
yadN_predicted,0.06666666666666667,14,14,CCGGTGAAGGTGATTTTTAG,0,4421183
yadN_predicted,0.06666666666666667,14,14,CCGGCAGCACTGAGGGCGTT,0,4427291
yadN_predicted,0.06666666666666667,14,14,CCGCCCGCGGAGTGTACAGA,0,4429087
yadN_predicted,0.06666666666666667,14,14,CCGATAGGACGAGCAGCATT,0,4402636
yadN_predicted,0.06666666666666667,14,14,CCAGTGGCCCAGGCGGCAAT,0,4427290
yadN_predicted,0.06666666666666667,14,14,CCACGCGAGACTGGTGCGAG,0,4427889
yadN_predicted,0.06666666666666667,14,14,CCACGAATCACGGGAAGTAT,0,4424778
yadN_predicted,0.06666666666666667,14,14,CATTTAACAGAGTCGCAAGA,0,4403406
yadN_predicted,0.06666666666666667,14,14,CATTCTTGTAAGAAGCGTTT,0,4403595
yadN_predicted,0.06666666666666667,14,14,CATCCTATGCGTCAGGCCGA,0,4416140
yadN_predicted,0.06666666666666667,14,14,CAGTTCTTCTCGGTTGCTGA,0,4415381
yadN_predicted,0.06666666666666667,14,14,CAGGAGCTAGTGACTCATCG,0,4416848
yadN_predicted,0.06666666666666667,14,14,CAGATGTCGTGGTGTCCTCA,0,4405955
yadN_predicted,0.06666666666666667,14,14,CACTGATCTATGTCGGTACA,0,4412622
yadN_predicted,0.06666666666666667,14,14,CACCAAAAAGTGGCGCGTAT,0,4408198
yadN_predicted,0.06666666666666667,14,14,CACAGCTAAGGCAGGTCTCG,0,4405626
yadN_predicted,0.06666666666666667,14,14,CACAGCCTTTAACAACAAGT,0,4420133
yadN_predicted,0.06666666666666667,14,14,CACAAATTCAGTTCGTCCTT,0,4403448
yadN_predicted,0.06666666666666667,14,14,ATTTTGGTGATCCGAACTAG,0,4434692
yadN_predicted,0.06666666666666667,14,14,ATTTGCTCGTATGCCAACGG,0,4418686
yadN_predicted,0.06666666666666667,14,14,ATTTATCTTACAGCAACGGT,0,4408307
yadN_predicted,0.06666666666666667,14,14,ATTTATCTCAGGCCCCCGTT,0,4424254
yadN_predicted,0.06666666666666667,14,14,ATTTATCGGTTCGTATAGAA,0,4410603
yadN_predicted,0.06666666666666667,14,14,ATTTAATACGCACGTTGCGT,0,4430707
yadN_predicted,0.06666666666666667,14,14,ATTGTTGAAGGGACTTGCAT,0,4413222
yadN_predicted,0.06666666666666667,14,14,ATTGTAAGACGGGTGCCAGT,0,4417540
yadN_predicted,0.06666666666666667,14,14,ATTGAGGCGTCACGAGGGGT,0,4431883
yadN_predicted,0.06666666666666667,14,14,ATTACCCCCCCCGGGTTCAA,0,4413594
yadN_predicted,0.06666666666666667,14,14,ATGGCGTTAGTAGCCCCAAC,0,4413611
yadN_predicted,0.06666666666666667,14,14,ATCCTAACTCTGTGTCCCAC,0,4403651
yadN_predicted,0.06666666666666667,14,14,ATCACTGTCGTCCCCGGATG,0,4415657
yadN_predicted,0.06666666666666667,14,14,ATATCCATGGCGGATAGCTT,0,4408387
yadN_predicted,0.06666666666666667,14,14,ATAGGAAGAGTACTCACTAC,0,4426273
yadN_predicted,0.06666666666666667,14,14,ATACCCCGTCCCCCGAAGAA,0,4405121
yadN_predicted,0.06666666666666667,14,14,AGTTCGTGGGCAAAAGCAGT,0,4419895
yadN_predicted,0.06666666666666667,14,14,AGTGTTACGGTCTTGTCAAG,0,4404569
yadN_predicted,0.06666666666666667,14,14,AGTGCTACAAACCAGCTTTG,0,4414469
yadN_predicted,0.06666666666666667,14,14,AGTGAGAGCAATCCCTGAGT,0,4424621
yadN_predicted,0.06666666666666667,14,14,AGTAAGAGACACTGTCTAAA,0,4408997
yadN_predicted,0.06666666666666667,14,14,AGGTTAATATATAGTGTACA,0,4414443
yadN_predicted,0.06666666666666667,14,14,AGGGTGAGAATTTGCAACCT,0,4413937
yadN_predicted,0.06666666666666667,14,14,AGGGGCGCTTGTCCGCGGTC,0,4428512
yadN_predicted,0.06666666666666667,14,14,AGGGCAGGCATGTAGTAATG,0,4418616
yadN_predicted,0.06666666666666667,14,14,AGGCTAATTTGGACATTTCT,0,4411697
yadN_predicted,0.06666666666666667,14,14,AGGAAACACCAATTCAGTCG,0,4407008
yadN_predicted,0.06666666666666667,14,14,AGCTGCACAATGGCCCCGAC,0,4411889
yadN_predicted,0.06666666666666667,14,14,AGCAAGCCATCGGCTCGTTT,0,4410502
yadN_predicted,0.06666666666666667,14,14,AGAGCGCCATCCGCTTGAAA,0,4435014
yadN_predicted,0.06666666666666667,14,14,AGACGGCCTGCATGGGGATA,0,4424198
yadN_predicted,0.06666666666666667,14,14,ACTTTCTAAACCCCAATCTG,0,4405543
yadN_predicted,0.06666666666666667,14,14,ACTCACGCCACCTTAGCTTA,0,4421422
yadN_predicted,0.06666666666666667,14,14,ACTAGAAGCTTTTAGTGCAG,0,4418489
yadN_predicted,0.06666666666666667,14,14,ACGTATTTCTCCTGCTAGCA,0,4435234
yadN_predicted,0.06666666666666667,14,14,ACATGGGCTTGGCCAAGCGT,0,4403288
yadN_predicted,0.06666666666666667,14,14,ACACCGGAAGGAACCTGCTG,0,4427040
yadN_predicted,0.06666666666666667,14,14,AATTGTGCTCAAAGTTAAAC,0,4410283
yadN_predicted,0.06666666666666667,14,14,AATGCTACCAACTTGTAGTT,0,4419435
yadN_predicted,0.06666666666666667,14,14,AATCTGAGTCTAGGTCCGAA,0,4404370
yadN_predicted,0.06666666666666667,14,14,AATAAAGCCGGCCGGCCATT,0,4416854
yadN_predicted,0.06666666666666667,14,14,AAGTGATGGAAAAGTAAAAG,0,4410771
yadN_predicted,0.06666666666666667,14,14,AACGAGTCACCGGAGGTGAT,0,4409827
yadN_predicted,0.07142857142857142,13,13,TTTTTTCGGGGTCTCAGGCA,0,4416681
yadN_predicted,0.07142857142857142,13,13,TTTGGGATTTGAGTACCAAC,0,4412832
yadN_predicted,0.07142857142857142,13,13,TTTCTCCATGAATTGCCCAA,0,4409880
yadN_predicted,0.07142857142857142,13,13,TTGTCTGACCCAGGTGAAGT,0,4415404
yadN_predicted,0.07142857142857142,13,13,TTGGGTGATGCTGTCTTATG,0,4414932
yadN_predicted,0.07142857142857142,13,13,TTGCTTTATAGGTACAAGGT,0,4434896
yadN_predicted,0.07142857142857142,13,13,TTGCGACATGTGGGTCATTA,0,4431773
yadN_predicted,0.07142857142857142,13,13,TTCTATCTCGATTCTCGTGA,0,4420668
yadN_predicted,0.07142857142857142,13,13,TTCTAGGCTACTCACGCGGT,0,4418555
yadN_predicted,0.07142857142857142,13,13,TTATGAATTATCCCATTGCA,0,4429623
yadN_predicted,0.07142857142857142,13,13,TTAGGCGGCAACAGAAGTAT,0,4412107
yadN_predicted,0.07142857142857142,13,13,TTAGCTGGACTCGTACTCCA,0,4435288
yadN_predicted,0.07142857142857142,13,13,TTACAATCGTCTTGTGTTCA,0,4432600
yadN_predicted,0.07142857142857142,13,13,TGTTGCCGGGAGACTGTAAA,0,4407563
yadN_predicted,0.07142857142857142,13,13,TGGTCTAAGGGCAGTTGCAT,0,4424114
yadN_predicted,0.07142857142857142,13,13,TGGGCTGTTACGGGCTGAAA,0,4413571
yadN_predicted,0.07142857142857142,13,13,TGGAATAATCCCAGGGCTAG,0,4407408
yadN_predicted,0.07142857142857142,13,13,TGCTTCGCCATGACGACTGT,0,4415780
yadN_predicted,0.07142857142857142,13,13,TGCGTCAACAGGGTCCCACT,0,4427166
yadN_predicted,0.07142857142857142,13,13,TGCGCCAAGCCGTAGTGGAA,0,4421635
yadN_predicted,0.07142857142857142,13,13,TGCAGTGACAACATACTCTT,0,4421033
yadN_predicted,0.07142857142857142,13,13,TGAAGAACAGTAGCCTTTTC,0,4421392
yadN_predicted,0.07142857142857142,13,13,TGAAAACTTACGGCGCACGT,0,4415959
yadN_predicted,0.07142857142857142,13,13,TCTAACAGGAGTGACAAAAA,0,4409495
yadN_predicted,0.07142857142857142,13,13,TCGTATGCGGAGGACACGGG,0,4422691
yadN_predicted,0.07142857142857142,13,13,TCCTCTTCTAGCACCGGAAA,0,4431785
yadN_predicted,0.07142857142857142,13,13,TCCCTTATGCACTATGAAAG,0,4433679
yadN_predicted,0.07142857142857142,13,13,TCAGCTCGGCCCTGTTTTTT,0,4405203
yadN_predicted,0.07142857142857142,13,13,TCACTATTTTTTTTACGCGG,0,4428672
yadN_predicted,0.07142857142857142,13,13,TCAAGTATGTGCATTCATTT,0,4414411
yadN_predicted,0.07142857142857142,13,13,TATATAGCTTGCATCCGAAA,0,4411860
yadN_predicted,0.07142857142857142,13,13,TATAAATATCGACGGCCTAT,0,4405298
yadN_predicted,0.07142857142857142,13,13,TAGGTGGAAAAATTTATTGG,0,4410334
yadN_predicted,0.07142857142857142,13,13,TAGGCGGAGAAGTAAAGCTT,0,4422621
yadN_predicted,0.07142857142857142,13,13,TACGGAGTCCTTCGGGAATA,0,4417984
yadN_predicted,0.07142857142857142,13,13,TACACCCAAAACAACGGAAA,0,4428930
yadN_predicted,0.07142857142857142,13,13,TAATAGCTCTAGAATTGTTA,0,4421588
yadN_predicted,0.07142857142857142,13,13,TAAGAGTAGTTTCGCGGTAA,0,4423214
yadN_predicted,0.07142857142857142,13,13,TAAATTATAGCACGGGCACA,0,4407775
yadN_predicted,0.07142857142857142,13,13,TAAAGCCGTCTGACGGTGTT,0,4405170
yadN_predicted,0.07142857142857142,13,13,GTGTGAGGAGAGTAACCAAT,0,4419098
yadN_predicted,0.07142857142857142,13,13,GTGTATCCCATGAGTGTGTG,0,4427406
yadN_predicted,0.07142857142857142,13,13,GTGCCTGTTTCCACGTGGGA,0,4420239
yadN_predicted,0.07142857142857142,13,13,GTGCCCACCGTACCATGTCA,0,4414610
yadN_predicted,0.07142857142857142,13,13,GTCGGCGTGCAAGTCTGGTC,0,4423074
yadN_predicted,0.07142857142857142,13,13,GTCAGAGGCGACTCACCAAT,0,4428240
yadN_predicted,0.07142857142857142,13,13,GGTCTCCTGCCGGGATCATT,0,4413220
yadN_predicted,0.07142857142857142,13,13,GGGGGACCCTCCGTTCAAAT,0,4426578
yadN_predicted,0.07142857142857142,13,13,GGGAGATGGTACATCGTCAG,0,4427332
yadN_predicted,0.07142857142857142,13,13,GGGACCTTCACGGTGAGTTT,0,4417044
yadN_predicted,0.07142857142857142,13,13,GGGACATAGGCTCCCTCTTA,0,4405440
yadN_predicted,0.07142857142857142,13,13,GGGAATGTCCACGGTATATC,0,4412727
yadN_predicted,0.07142857142857142,13,13,GGCTAAAGCTATCGAAAAGG,0,4404455
yadN_predicted,0.07142857142857142,13,13,GGCCTGGCGCTCCGAAAGGG,0,4414846
yadN_predicted,0.07142857142857142,13,13,GGCCTAGCACCCTTAGTCGT,0,4416185
yadN_predicted,0.07142857142857142,13,13,GGCATGTTCGAGATACGTGG,0,4417504
yadN_predicted,0.07142857142857142,13,13,GGAGTTACCTGCGCGATATC,0,4421419
yadN_predicted,0.07142857142857142,13,13,GCTTATTCACGCCGTGCGCC,0,4429835
yadN_predicted,0.07142857142857142,13,13,GCTGGATAAAACACGACTAG,0,4425240
yadN_predicted,0.07142857142857142,13,13,GCTCTCATAGCTAGGCGTCT,0,4420949
yadN_predicted,0.07142857142857142,13,13,GCTCAAAGGCTGTAGATTTT,0,4415941
yadN_predicted,0.07142857142857142,13,13,GCTATCTAGGTAGCTCCGGA,0,4422316
yadN_predicted,0.07142857142857142,13,13,GCTATCGACAATACAAGTCG,0,4421845
yadN_predicted,0.07142857142857142,13,13,GCTATATCTTCGGAAGATCA,0,4409787
yadN_predicted,0.07142857142857142,13,13,GCGTGTCATGACATAGGCGA,0,4403563
yadN_predicted,0.07142857142857142,13,13,GCGGCTTAGAGAATTAGAAC,0,4427585
yadN_predicted,0.07142857142857142,13,13,GCGGCCAAAGCCTCGGTCAC,0,4404710
yadN_predicted,0.07142857142857142,13,13,GCGCCGACTTACACCCAGAC,0,4431266
yadN_predicted,0.07142857142857142,13,13,GCGACGAATGACGTGCGGTA,0,4426146
yadN_predicted,0.07142857142857142,13,13,GCCGTATCCTCGGTGACGCA,0,4434675
yadN_predicted,0.07142857142857142,13,13,GCCAGCCGCGTCCGACGAAT,0,4416265
yadN_predicted,0.07142857142857142,13,13,GCAGTCCCTTAGATTTTAGA,0,4423549
yadN_predicted,0.07142857142857142,13,13,GCAGGATCCGTTCGGCAAAG,0,4433189
yadN_predicted,0.07142857142857142,13,13,GCAGACCATTACCAAACTTG,0,4429865
yadN_predicted,0.07142857142857142,13,13,GCAAGCAGCGACGTCAGCGT,0,4405106
yadN_predicted,0.07142857142857142,13,13,GATGGCGCAATAGTCAGTAC,0,4408303
yadN_predicted,0.07142857142857142,13,13,GATGATGGTGCCTTCGGACA,0,4416768
yadN_predicted,0.07142857142857142,13,13,GATCGTGGTGACGTCCCGAC,0,4427496
yadN_predicted,0.07142857142857142,13,13,GATAAACTGAGGGGCTATGT,0,4409594
yadN_predicted,0.07142857142857142,13,13,GAGTGTCGGTTGAGCGCGCC,0,4404573
yadN_predicted,0.07142857142857142,13,13,GAGTAGTCACTATCGGCACT,0,4413784
yadN_predicted,0.07142857142857142,13,13,GAGGGAACTTTTGACTGCAT,0,4408369
yadN_predicted,0.07142857142857142,13,13,GAGGCCGGACTCTCCATCGA,0,4402624
yadN_predicted,0.07142857142857142,13,13,GAGCTCTCTAGCGTTCTGAC,0,4416723
yadN_predicted,0.07142857142857142,13,13,GAGCCCTCCGCGTCGTATTC,0,4405409
yadN_predicted,0.07142857142857142,13,13,GACTTAGTCCAGCACAAGTC,0,4428184
yadN_predicted,0.07142857142857142,13,13,GACTAGTGAGTAGGACCTTA,0,4427127
yadN_predicted,0.07142857142857142,13,13,GACAGAGTTCTACACGGGGG,0,4409318
yadN_predicted,0.07142857142857142,13,13,GAATATCCTAGTCTTCGAGT,0,4407598
yadN_predicted,0.07142857142857142,13,13,GAAGCATTGTGCCTGACGGT,0,4417606
yadN_predicted,0.07142857142857142,13,13,GAACGCAGTAATCCGAGTCA,0,4430139
yadN_predicted,0.07142857142857142,13,13,GAAAGTGGGCAATCTTTAGG,0,4434483
yadN_predicted,0.07142857142857142,13,13,CTTGTGAAACCAATCAGTAT,0,4411037
yadN_predicted,0.07142857142857142,13,13,CTTGCACCGATACTTCGATA,0,4432973
yadN_predicted,0.07142857142857142,13,13,CTTCCCACCCCATACGGTAT,0,4433575
yadN_predicted,0.07142857142857142,13,13,CTTCACGATGGTTTTCATCT,0,4414930
yadN_predicted,0.07142857142857142,13,13,CTGTGTATAGGGAGCGCTTG,0,4426103
yadN_predicted,0.07142857142857142,13,13,CTGTCACAGGTACACATTCA,0,4405017
yadN_predicted,0.07142857142857142,13,13,CTGTAACATTTGTACCCCTT,0,4407823
yadN_predicted,0.07142857142857142,13,13,CTGCGATCTAGGGGTAATAG,0,4416909
yadN_predicted,0.07142857142857142,13,13,CTGACTAATCATAACGTACC,0,4412869
yadN_predicted,0.07142857142857142,13,13,CTCTCCCTAGTATCGGTTCG,0,4434005
yadN_predicted,0.07142857142857142,13,13,CTCTCACGAGCCCGTTGGCA,0,4412452
yadN_predicted,0.07142857142857142,13,13,CTCGCGACGACCCCTGGGTC,0,4406695
yadN_predicted,0.07142857142857142,13,13,CTCCTCCGAGATAAGCCGTA,0,4417845
yadN_predicted,0.07142857142857142,13,13,CTCCCGGCGCCTAGGTCCAA,0,4434923
yadN_predicted,0.07142857142857142,13,13,CTACGTACCCATATCGTGCG,0,4420353
yadN_predicted,0.07142857142857142,13,13,CTAAAGTGTACGCCTAGTGT,0,4410759
yadN_predicted,0.07142857142857142,13,13,CGTTAAAACGTGGAAAATTT,0,4419169
yadN_predicted,0.07142857142857142,13,13,CGTCACGAAAGTCCGACATA,0,4417338
yadN_predicted,0.07142857142857142,13,13,CGTACAACAAGGAAAGGCGA,0,4410126
yadN_predicted,0.07142857142857142,13,13,CGCTGGAACTAACTCTTTCA,0,4433242
yadN_predicted,0.07142857142857142,13,13,CGCGCAAACCTCGATGTGTC,0,4414818
yadN_predicted,0.07142857142857142,13,13,CGCCCTATATTAGCGCTATT,0,4406495
yadN_predicted,0.07142857142857142,13,13,CGCCATACCTGGCATTGACC,0,4410584
yadN_predicted,0.07142857142857142,13,13,CGATCATCGTCAGGCCCCGC,0,4407191
yadN_predicted,0.07142857142857142,13,13,CGATACTGTCTCAGTCACTT,0,4426272
yadN_predicted,0.07142857142857142,13,13,CGACGAGGGGCATAGTAAAA,0,4433426
yadN_predicted,0.07142857142857142,13,13,CCTGAGGAGAAGATTTATTC,0,4417022
yadN_predicted,0.07142857142857142,13,13,CCTCTGTAATCATCAGCTTC,0,4423675
yadN_predicted,0.07142857142857142,13,13,CCTACGCAGGCGCACCGCAT,0,4428266
yadN_predicted,0.07142857142857142,13,13,CCTAATGCATGTCGCCAGAG,0,4410429
yadN_predicted,0.07142857142857142,13,13,CCGTCGAATCGGGCGGAGAG,0,4430993
yadN_predicted,0.07142857142857142,13,13,CCGGGTTCAATGAAACGTGT,0,4407676
yadN_predicted,0.07142857142857142,13,13,CCGGGTAGTCTCCCTCAACA,0,4433227
yadN_predicted,0.07142857142857142,13,13,CCGCTAAAGGCCTAAACGGA,0,4413618
yadN_predicted,0.07142857142857142,13,13,CCGCGCCTTTAAAGTACGGG,0,4410102
yadN_predicted,0.07142857142857142,13,13,CCGCCACATGGGATCAGGCA,0,4411259
yadN_predicted,0.07142857142857142,13,13,CCCTTGCCGCTTAATCGCCT,0,4418486
yadN_predicted,0.07142857142857142,13,13,CCCGGGATCAGTGAGGAGCA,0,4427111
yadN_predicted,0.07142857142857142,13,13,CCATAGTTCGTCCATCCTCC,0,4428832
yadN_predicted,0.07142857142857142,13,13,CCAGGGAAGATTTCGACAGC,0,4425445
yadN_predicted,0.07142857142857142,13,13,CCAGCGGAAAGTCTGCGTAC,0,4419573
yadN_predicted,0.07142857142857142,13,13,CCACAGCTCTGTGATCTAAT,0,4418587
yadN_predicted,0.07142857142857142,13,13,CCAAGGTACGCTGAAAACCT,0,4420635
yadN_predicted,0.07142857142857142,13,13,CATTTAGGTTAAGGCTTACG,0,4416691
yadN_predicted,0.07142857142857142,13,13,CATAATAGGAGACGTCGGCC,0,4434370
yadN_predicted,0.07142857142857142,13,13,CAGTTCACAAAGTCTAGAAG,0,4403077
yadN_predicted,0.07142857142857142,13,13,CAGTGCGTCCGCCGATAGGG,0,4422195
yadN_predicted,0.07142857142857142,13,13,CAGTAGACAGATACCAGCGG,0,4410475
yadN_predicted,0.07142857142857142,13,13,CAGGAATTATAGCACTTTGA,0,4414719
yadN_predicted,0.07142857142857142,13,13,CAGCTAAAATATATAGGAGA,0,4415811
yadN_predicted,0.07142857142857142,13,13,CAAGGTATGCAAGATGGATG,0,4432097
yadN_predicted,0.07142857142857142,13,13,CAAAATCTAACGTGCGATGC,0,4407233
yadN_predicted,0.07142857142857142,13,13,ATTCCTCAAACGTCTCTGCG,0,4423415
yadN_predicted,0.07142857142857142,13,13,ATTACATGCTTACACTCCGA,0,4427571
yadN_predicted,0.07142857142857142,13,13,ATGACTCCTATACGACTTAT,0,4415182
yadN_predicted,0.07142857142857142,13,13,ATCTTTTACTGCAATCTCAT,0,4409200
yadN_predicted,0.07142857142857142,13,13,ATCTCCCCTTTCCACACCTA,0,4418838
yadN_predicted,0.07142857142857142,13,13,ATCACAATTGTGTTGATCGT,0,4426431
yadN_predicted,0.07142857142857142,13,13,ATATCCCAGGTGGGCACAGG,0,4412000
yadN_predicted,0.07142857142857142,13,13,ATAGATGCATCGTTTTTGAC,0,4421793
yadN_predicted,0.07142857142857142,13,13,ATAAGCGCTAGCATGTGAAC,0,4435110
yadN_predicted,0.07142857142857142,13,13,AGTGGTTGGACCACAAGGTA,0,4428233
yadN_predicted,0.07142857142857142,13,13,AGTCATGCCGTTACTGATAG,0,4403073
yadN_predicted,0.07142857142857142,13,13,AGTATGGTTTTAATACAATC,0,4413671
yadN_predicted,0.07142857142857142,13,13,AGTATGAACTCACGGTGCTT,0,4433608
yadN_predicted,0.07142857142857142,13,13,AGTACCCTCTTGTGGACTAT,0,4407715
yadN_predicted,0.07142857142857142,13,13,AGGGTCATGTCCACCCTTTT,0,4421257
yadN_predicted,0.07142857142857142,13,13,AGGCGTTCATCTGCTTACAC,0,4423750
yadN_predicted,0.07142857142857142,13,13,AGGAGCTATGATGCAGCTTG,0,4407819
yadN_predicted,0.07142857142857142,13,13,AGCCGGTTGAGCGAGTAATC,0,4417517
yadN_predicted,0.07142857142857142,13,13,AGATGTATAGCCGAAGCGTA,0,4420189
yadN_predicted,0.07142857142857142,13,13,AGATAGGGCTTTCGTGCTGT,0,4424411
yadN_predicted,0.07142857142857142,13,13,AGATAAATCTCTCTTCGGTA,0,4429688
yadN_predicted,0.07142857142857142,13,13,AGAGCGTCCGCGATAGCGGC,0,4433704
yadN_predicted,0.07142857142857142,13,13,AGAATTTCGCGATAGACAAG,0,4404143
yadN_predicted,0.07142857142857142,13,13,AGAAATAATCCTTCAAGGTC,0,4423819
yadN_predicted,0.07142857142857142,13,13,ACTGGACCGTTCGCGACGAG,0,4417080
yadN_predicted,0.07142857142857142,13,13,ACTCTTTCGGCGCGCAACGT,0,4426615
yadN_predicted,0.07142857142857142,13,13,ACGCCACGATATGCCGAATA,0,4406930
yadN_predicted,0.07142857142857142,13,13,ACGATCCGCAAGTCCGCTGG,0,4415779
yadN_predicted,0.07142857142857142,13,13,ACCCTAGGCAATAGCCGCTG,0,4411560
yadN_predicted,0.07142857142857142,13,13,ACCCAAGCAGGCCCGCGAGA,0,4412903
yadN_predicted,0.07142857142857142,13,13,ACCAATTCACAATTTTGAGT,0,4427462
yadN_predicted,0.07142857142857142,13,13,ACAATCATCCTGATCATCTG,0,4418501
yadN_predicted,0.07142857142857142,13,13,AATGTAGCCTGGACATTAAG,0,4413901
yadN_predicted,0.07142857142857142,13,13,AAGTGATCAGCATCCGTCTC,0,4404961
yadN_predicted,0.07142857142857142,13,13,AAGTAACGTGTTATTACCAA,0,4433845
yadN_predicted,0.07142857142857142,13,13,AAGGAGGTCTACCCGGCGTC,0,4414445
yadN_predicted,0.07142857142857142,13,13,AAGCTACCTTCCCGTCTCCT,0,4423319
yadN_predicted,0.07142857142857142,13,13,AAGCGCATCGACAGTAGATC,0,4422931
yadN_predicted,0.07142857142857142,13,13,AAGCACGAGAATCCGGTGCA,0,4412095
yadN_predicted,0.07142857142857142,13,13,AAGAGTCACGAGGACCCATT,0,4418903
yadN_predicted,0.07142857142857142,13,13,AACTATTGTTAGGAAGTCAC,0,4423107
yadN_predicted,0.07142857142857142,13,13,AACGATGAAGTCTAAATACG,0,4423376
yadN_predicted,0.07142857142857142,13,13,AACGAGGAGTAGACTTAAGG,0,4405072
yadN_predicted,0.07142857142857142,13,13,AACGAGAATTCCACTGTATA,0,4408221
yadN_predicted,0.07142857142857142,13,13,AAATTGATCGTGCACGTGTC,0,4427154
yadN_predicted,0.07142857142857142,13,13,AAATAAGAGCTCAGTATCGA,0,4412726
yadN_predicted,0.07142857142857142,13,13,AAAGCCATGTGTCATGTTCG,0,4404651
yadN_predicted,0.07692307692307693,12,12,TTTCAATCCCGAGTTTAACG,0,4414295
yadN_predicted,0.07692307692307693,12,12,TTTAACTAGCTAAAGAAGGT,0,4404987
yadN_predicted,0.07692307692307693,12,12,TTGGTCCATCTGCCTACTGA,0,4410395
yadN_predicted,0.07692307692307693,12,12,TTGCTGCAACGAGGGCCGCG,0,4426758
yadN_predicted,0.07692307692307693,12,12,TTCGCACCCGGCAATCCCAT,0,4431118
yadN_predicted,0.07692307692307693,12,12,TTAGTCGGCGCATGTGCGGC,0,4420729
yadN_predicted,0.07692307692307693,12,12,TTACCTGGCGGAGTATGTGA,0,4424980
yadN_predicted,0.07692307692307693,12,12,TTAATTGTGTGTTAGATCTT,0,4433203
yadN_predicted,0.07692307692307693,12,12,TGTGAAGATCGATATGGATA,0,4427460
yadN_predicted,0.07692307692307693,12,12,TGTCCACACCAAGACCAGTA,0,4426059
yadN_predicted,0.07692307692307693,12,12,TGTCAGTTTGCCAGTAGGAT,0,4427177
yadN_predicted,0.07692307692307693,12,12,TGTAAACTCCTCCTCATCAA,0,4421266
yadN_predicted,0.07692307692307693,12,12,TGGTTTATCTGAGACAGCGT,0,4407458
yadN_predicted,0.07692307692307693,12,12,TGCTTGATTACCTTTGGAGG,0,4425302
yadN_predicted,0.07692307692307693,12,12,TGCTCGAGGGTGGTTTCACA,0,4421065
yadN_predicted,0.07692307692307693,12,12,TGCCTGAATGTCGTGCAGAG,0,4404458
yadN_predicted,0.07692307692307693,12,12,TGCCCTTTGAAACCAAGAGT,0,4422540
yadN_predicted,0.07692307692307693,12,12,TGATTAAGGCTGCAATTGTA,0,4418884
yadN_predicted,0.07692307692307693,12,12,TGATGGACAGGCTTTAGCCT,0,4408025
yadN_predicted,0.07692307692307693,12,12,TGACCTGCGACCTATTGGGA,0,4414523
yadN_predicted,0.07692307692307693,12,12,TGACCGACAATATCTTGCGT,0,4403917
yadN_predicted,0.07692307692307693,12,12,TGACAGGCCGCGCTTCTAGA,0,4425353
yadN_predicted,0.07692307692307693,12,12,TGAATCTAGCGTCCGAAGTG,0,4409112
yadN_predicted,0.07692307692307693,12,12,TGAAGCTTGGGAAAGGGTCT,0,4405131
yadN_predicted,0.07692307692307693,12,12,TGAACCTAGCGAACGACGAA,0,4410419
yadN_predicted,0.07692307692307693,12,12,TCTGATAAAGGACAGACAGG,0,4409039
yadN_predicted,0.07692307692307693,12,12,TCGTGAGTCAGGCATGGAAA,0,4419175
yadN_predicted,0.07692307692307693,12,12,TCGACGGTTTAGTATGATAG,0,4424398
yadN_predicted,0.07692307692307693,12,12,TCGAAGTAGACGTTACGAAC,0,4404073
yadN_predicted,0.07692307692307693,12,12,TCCTAAAGGTTCACGCGACT,0,4428106
yadN_predicted,0.07692307692307693,12,12,TCCGGCAAGCTTCAATCCAT,0,4426678
yadN_predicted,0.07692307692307693,12,12,TCCGCCATGAAGCGGGTGTT,0,4419091
yadN_predicted,0.07692307692307693,12,12,TCCGCCACGCACTGATGGAC,0,4407935
yadN_predicted,0.07692307692307693,12,12,TCCACCACCATATACAGGTT,0,4418585
yadN_predicted,0.07692307692307693,12,12,TCAGTCTGCCGGCGTTTCAT,0,4415628
yadN_predicted,0.07692307692307693,12,12,TCAATTGGACGTAACAGAAC,0,4407891
yadN_predicted,0.07692307692307693,12,12,TCAATTGAAATTGGGCTCAA,0,4425066
yadN_predicted,0.07692307692307693,12,12,TATGTAGTATTAAGCAGAGC,0,4414415
yadN_predicted,0.07692307692307693,12,12,TATGAACTGGCATGTAATGA,0,4417401
yadN_predicted,0.07692307692307693,12,12,TATACGGTGTTTGCTTGGGT,0,4435776
yadN_predicted,0.07692307692307693,12,12,TACGCCTTACAAATCCGAGC,0,4433066
yadN_predicted,0.07692307692307693,12,12,TACGATAAGCAAAGATGGAC,0,4424950
yadN_predicted,0.07692307692307693,12,12,TAACCTGCCAAAATACAGTG,0,4411394
yadN_predicted,0.07692307692307693,12,12,GTTTTTAATACCGGGGCGGT,0,4407976
yadN_predicted,0.07692307692307693,12,12,GTTTCCTCCGCCGGATAGCT,0,4405522
yadN_predicted,0.07692307692307693,12,12,GTTGTAGGTATACCGGCAAT,0,4423824
yadN_predicted,0.07692307692307693,12,12,GTTCCTTGCCATTTTGCTAT,0,4411890
yadN_predicted,0.07692307692307693,12,12,GTTAACAGTCACTGCTCTGG,0,4429303
yadN_predicted,0.07692307692307693,12,12,GTGTAGGTAGACAATAACAG,0,4419265
yadN_predicted,0.07692307692307693,12,12,GTGTAGAGGCTTTTGTCTGA,0,4427551
yadN_predicted,0.07692307692307693,12,12,GTGGGCTGATGCTATGGAGT,0,4423238
yadN_predicted,0.07692307692307693,12,12,GTGGAGTTTCCGCGTCTCGA,0,4407112
yadN_predicted,0.07692307692307693,12,12,GTGCTTTTACAGGTATTTCA,0,4421905
yadN_predicted,0.07692307692307693,12,12,GTGATCGATCTGAGCGACTG,0,4433049
yadN_predicted,0.07692307692307693,12,12,GTGAGAAGCAGCGCGGCCTG,0,4424458
yadN_predicted,0.07692307692307693,12,12,GGTTGTACAAGGATGAGAGG,0,4430770
yadN_predicted,0.07692307692307693,12,12,GGTTCATAATCGCTGGGTGT,0,4407465
yadN_predicted,0.07692307692307693,12,12,GGTGCTAGCGTGACTTAGGT,0,4422817
yadN_predicted,0.07692307692307693,12,12,GGTATATCTATATATCAAAT,0,4404215
yadN_predicted,0.07692307692307693,12,12,GGGTAGCAACCTTGTGCCCT,0,4428164
yadN_predicted,0.07692307692307693,12,12,GGGGCACGATAACTTTAACG,0,4420818
yadN_predicted,0.07692307692307693,12,12,GGGCAAGGATGCATATATAG,0,4425511
yadN_predicted,0.07692307692307693,12,12,GGGATGGTGATACCAGATGA,0,4416767
yadN_predicted,0.07692307692307693,12,12,GGGATCCTCCCGAAAAATGG,0,4417237
yadN_predicted,0.07692307692307693,12,12,GGGAATATCTTAGTCGCCAT,0,4433196
yadN_predicted,0.07692307692307693,12,12,GGCTGTCTATTTCGTTCAGA,0,4428316
yadN_predicted,0.07692307692307693,12,12,GGCGTTACATAAAAGTAGGA,0,4424100
yadN_predicted,0.07692307692307693,12,12,GGCCACGCCGGTGCATGTTA,0,4415219
yadN_predicted,0.07692307692307693,12,12,GGCAAGTGGTGATACTCGAT,0,4403722
yadN_predicted,0.07692307692307693,12,12,GGAGCCTTTTCCTTGTTAAA,0,4414026
yadN_predicted,0.07692307692307693,12,12,GCTGTTTAGGATCCGCCGCT,0,4426173
yadN_predicted,0.07692307692307693,12,12,GCTCACGGGGATTTGCGCAA,0,4433861
yadN_predicted,0.07692307692307693,12,12,GCTACGTACACATCTACGAC,0,4411818
yadN_predicted,0.07692307692307693,12,12,GCGTTAGGATGCGTCTGCAA,0,4408856
yadN_predicted,0.07692307692307693,12,12,GCGCTGTGACTAACATGAAG,0,4426668
yadN_predicted,0.07692307692307693,12,12,GCGCGCACGGGGCCATATAG,0,4406934
yadN_predicted,0.07692307692307693,12,12,GCGCATAACATTGGCTTTTT,0,4408026
yadN_predicted,0.07692307692307693,12,12,GCGACTATATAGTTATCTGT,0,4409181
yadN_predicted,0.07692307692307693,12,12,GCCTAACGAGGCCTAGCGCT,0,4406320
yadN_predicted,0.07692307692307693,12,12,GCCCAGGGCTAACCGCGTTT,0,4423884
yadN_predicted,0.07692307692307693,12,12,GCCATACTGGGAAACTTATA,0,4409714
yadN_predicted,0.07692307692307693,12,12,GCCAGGGGTGCGTTACACAG,0,4414116
yadN_predicted,0.07692307692307693,12,12,GCATCTTGCCTGAGAAGTTT,0,4409970
yadN_predicted,0.07692307692307693,12,12,GCACGGGGGTAGCAGTGAAA,0,4416500
yadN_predicted,0.07692307692307693,12,12,GCAATCGCGCTGCCACAAGC,0,4419741
yadN_predicted,0.07692307692307693,12,12,GCAACCCCATTAATCACTAA,0,4413015
yadN_predicted,0.07692307692307693,12,12,GATTACGGAAACAAACAGAT,0,4426409
yadN_predicted,0.07692307692307693,12,12,GATCCCTGGTATTTATATTT,0,4424772
yadN_predicted,0.07692307692307693,12,12,GAGTGGTCAACAGGGGTTTA,0,4428759
yadN_predicted,0.07692307692307693,12,12,GAGGTATTATATGACAACCA,0,4406347
yadN_predicted,0.07692307692307693,12,12,GAGGGCATTTGTGGTCACAT,0,4427074
yadN_predicted,0.07692307692307693,12,12,GAGCGAACCGGTTTAGGTTG,0,4424025
yadN_predicted,0.07692307692307693,12,12,GAGAATAGACGTTAAGTATA,0,4403318
yadN_predicted,0.07692307692307693,12,12,GACTCACTGAATAACTCGTG,0,4425533
yadN_predicted,0.07692307692307693,12,12,GACCAGCATTTCGGAGAGGT,0,4412429
yadN_predicted,0.07692307692307693,12,12,GACATTCAGCCGCGATGGAT,0,4417575
yadN_predicted,0.07692307692307693,12,12,GAAAATATAGGTTCCACCGT,0,4434110
yadN_predicted,0.07692307692307693,12,12,CTTTCGTAAAGATCGTTAAA,0,4413165
yadN_predicted,0.07692307692307693,12,12,CTTGATCGCTTGATCGCATT,0,4403401
yadN_predicted,0.07692307692307693,12,12,CTTCCCGTTTCCACCTAATT,0,4429091
yadN_predicted,0.07692307692307693,12,12,CTTACTAGGTCAGCTCGTAC,0,4422548
yadN_predicted,0.07692307692307693,12,12,CTGGGCGACTGGCCAAATGT,0,4411969
yadN_predicted,0.07692307692307693,12,12,CTGGAAGCCAGCTGCCTTGG,0,4408056
yadN_predicted,0.07692307692307693,12,12,CTCGCTTAGTGTACGGTATG,0,4409435
yadN_predicted,0.07692307692307693,12,12,CTCCAACCCACCCGAGGGTA,0,4403325
yadN_predicted,0.07692307692307693,12,12,CTATGCTTGGTCCGAGGATT,0,4415756
yadN_predicted,0.07692307692307693,12,12,CTAGTTAAGGTGCTGTGACT,0,4412837
yadN_predicted,0.07692307692307693,12,12,CTACTCCGTATAAGGTGAAC,0,4433154
yadN_predicted,0.07692307692307693,12,12,CTACCGCGCGTATACCCCAA,0,4425696
yadN_predicted,0.07692307692307693,12,12,CTAAGCGCATACTGGGAGGC,0,4417631
yadN_predicted,0.07692307692307693,12,12,CGGATTAAGGAGTCTGTGGC,0,4412320
yadN_predicted,0.07692307692307693,12,12,CGCGAGCTATTAAATTGATC,0,4426287
yadN_predicted,0.07692307692307693,12,12,CGCCTTGCGACAAATTAGGT,0,4407994
yadN_predicted,0.07692307692307693,12,12,CGATCTAATAAGAGTCATAA,0,4422203
yadN_predicted,0.07692307692307693,12,12,CGACGCTGCGCCGTGTGACG,0,4425146
yadN_predicted,0.07692307692307693,12,12,CGACGCTAACGTTGGCTAGA,0,4426315
yadN_predicted,0.07692307692307693,12,12,CGACGCAACAGGTCGGGGTG,0,4411736
yadN_predicted,0.07692307692307693,12,12,CGACCACGGCAAGGTTGTGT,0,4420040
yadN_predicted,0.07692307692307693,12,12,CCTTACTCTGGGCAACGTAA,0,4427516
yadN_predicted,0.07692307692307693,12,12,CCTCTATGGTTGCTCTACAT,0,4421008
yadN_predicted,0.07692307692307693,12,12,CCTCACACGTACACGCTCGA,0,4405970
yadN_predicted,0.07692307692307693,12,12,CCGTGTGTCCCAGCCTTCAG,0,4422925
yadN_predicted,0.07692307692307693,12,12,CCGATTTTATGGAGACCGCA,0,4422899
yadN_predicted,0.07692307692307693,12,12,CCGAGTCGGCCGTTAGAGTA,0,4414494
yadN_predicted,0.07692307692307693,12,12,CCGAAACATCGTGACGTTCT,0,4420555
yadN_predicted,0.07692307692307693,12,12,CCCCATCATCGCGTGTGGCT,0,4433091
yadN_predicted,0.07692307692307693,12,12,CCCAGCCATCATTCCGGGAA,0,4422742
yadN_predicted,0.07692307692307693,12,12,CCATGCGCACGACCTGTTGT,0,4428773
yadN_predicted,0.07692307692307693,12,12,CCACGAATAGATTGAGCTAT,0,4403352
yadN_predicted,0.07692307692307693,12,12,CCACCATGCATCCAGCCGTA,0,4423916
yadN_predicted,0.07692307692307693,12,12,CCACACACTGTTCACAGGTT,0,4403404
yadN_predicted,0.07692307692307693,12,12,CATAGTAAACTGTATGGTAG,0,4413373
yadN_predicted,0.07692307692307693,12,12,CAGTTCTGGCATACACGGTT,0,4425981
yadN_predicted,0.07692307692307693,12,12,CAGTCCGAAGGTAGCTCTCT,0,4424124
yadN_predicted,0.07692307692307693,12,12,CAGGTTTCACTTGGTGGCTG,0,4406339
yadN_predicted,0.07692307692307693,12,12,CAGGATGTTCGAAAAGCATG,0,4405346
yadN_predicted,0.07692307692307693,12,12,CAGGATCTGGCTTCTGGTGA,0,4404904
yadN_predicted,0.07692307692307693,12,12,CAGGAACTCGATATGTTAGA,0,4425934
yadN_predicted,0.07692307692307693,12,12,CAGCTATAACGTGCGGAAGC,0,4434323
yadN_predicted,0.07692307692307693,12,12,CACTCTCATGCAAGCTAGGA,0,4417070
yadN_predicted,0.07692307692307693,12,12,CACCGTCGTGGGCTTATACT,0,4435187
yadN_predicted,0.07692307692307693,12,12,CAATTGCTGACTCGCGTCAA,0,4412912
yadN_predicted,0.07692307692307693,12,12,CAAGAGGAGTAATATTTCTT,0,4403219
yadN_predicted,0.07692307692307693,12,12,CAACTGAATGCTGCGTAGAC,0,4408847
yadN_predicted,0.07692307692307693,12,12,CAAACCCCTAGCCGAAGTCA,0,4428876
yadN_predicted,0.07692307692307693,12,12,ATTTGTTCGCTTCTTGCACA,0,4404200
yadN_predicted,0.07692307692307693,12,12,ATTTAGTTCCGTAGTACCAC,0,4433062
yadN_predicted,0.07692307692307693,12,12,ATTTACGTACGTACCGAAGG,0,4415798
yadN_predicted,0.07692307692307693,12,12,ATTTACGTAATCGGATAATT,0,4431596
yadN_predicted,0.07692307692307693,12,12,ATTCGCGGACACCTGGGTGT,0,4418772
yadN_predicted,0.07692307692307693,12,12,ATTCCGACCTTCTGTTGACC,0,4420813
yadN_predicted,0.07692307692307693,12,12,ATTATATGATTACTACTGGG,0,4407107
yadN_predicted,0.07692307692307693,12,12,ATGTAAGTGAGTAAGACGTG,0,4415993
yadN_predicted,0.07692307692307693,12,12,ATGGTTCCAAGCATAAAGGA,0,4409715
yadN_predicted,0.07692307692307693,12,12,ATGGTCCGCAATGGAATGGT,0,4408122
yadN_predicted,0.07692307692307693,12,12,ATGGGGCGGAGACGAACCCC,0,4426743
yadN_predicted,0.07692307692307693,12,12,ATGCTTTAAGCAACAGCATC,0,4410267
yadN_predicted,0.07692307692307693,12,12,ATCGTTGGCCTTCGCGCACG,0,4420546
yadN_predicted,0.07692307692307693,12,12,ATCCAGGCGGGAAAAATTAC,0,4425678
yadN_predicted,0.07692307692307693,12,12,ATATTCTTGGTCATCATACG,0,4414351
yadN_predicted,0.07692307692307693,12,12,ATATCTCGCGAGCTGGGGAA,0,4417917
yadN_predicted,0.07692307692307693,12,12,ATAGTCTTAGCGCAACTCTC,0,4430826
yadN_predicted,0.07692307692307693,12,12,ATAGCGGTATGCCTGATGTA,0,4435229
yadN_predicted,0.07692307692307693,12,12,ATACTACCCTTCTGCGCTGA,0,4422520
yadN_predicted,0.07692307692307693,12,12,ATACACTGTGTAAATCTAAA,0,4403529
yadN_predicted,0.07692307692307693,12,12,ATAATCCGTGCAAGAAATAA,0,4417114
yadN_predicted,0.07692307692307693,12,12,ATAACGGTAACGGAGACTTG,0,4420240
yadN_predicted,0.07692307692307693,12,12,ATAAAGTTCGACGCGTCGTG,0,4409460
yadN_predicted,0.07692307692307693,12,12,ATAAACACTCGCTATTCTGA,0,4402749
yadN_predicted,0.07692307692307693,12,12,AGTGTGCGTATGCGGCATAT,0,4409370
yadN_predicted,0.07692307692307693,12,12,AGTGATCTTAATTTGAGGCA,0,4410342
yadN_predicted,0.07692307692307693,12,12,AGTCGCAACCTCTATTAATA,0,4404890
yadN_predicted,0.07692307692307693,12,12,AGTAGCGATTCCTTGATAAT,0,4430120
yadN_predicted,0.07692307692307693,12,12,AGTAATCCACTCTAAGCTCC,0,4435121
yadN_predicted,0.07692307692307693,12,12,AGTAAAGTCACGTTTTCCGA,0,4427545
yadN_predicted,0.07692307692307693,12,12,AGGTTCAAGGCTGAATCTTG,0,4414379
yadN_predicted,0.07692307692307693,12,12,AGGGTCTACCGCTACGTAAA,0,4433579
yadN_predicted,0.07692307692307693,12,12,AGGGCGGCGCAGTAACGTTA,0,4428071
yadN_predicted,0.07692307692307693,12,12,AGGCGCTCCTAGAGGTCATG,0,4403183
yadN_predicted,0.07692307692307693,12,12,AGGACGGGAAAGGATCGCTA,0,4408931
yadN_predicted,0.07692307692307693,12,12,AGCCCGCTCCCCTTTGAGTT,0,4407886
yadN_predicted,0.07692307692307693,12,12,AGATACACGTGACGCTGATG,0,4406060
yadN_predicted,0.07692307692307693,12,12,AGACACTGTCCGACTTTGAC,0,4429699
yadN_predicted,0.07692307692307693,12,12,AGAATTAGAATCAGTTACCT,0,4413928
yadN_predicted,0.07692307692307693,12,12,AGAACGGGGAGCGGCGTATC,0,4405517
yadN_predicted,0.07692307692307693,12,12,AGAACGCTCTTTGAGTCATC,0,4411422
yadN_predicted,0.07692307692307693,12,12,ACTTCAGCTTAGAATACGGG,0,4419498
yadN_predicted,0.07692307692307693,12,12,ACTCTTACGTATTGGAGCGT,0,4426413
yadN_predicted,0.07692307692307693,12,12,ACTCTAAATAACCTCAGTAT,0,4411684
yadN_predicted,0.07692307692307693,12,12,ACGTCTGCGGGTCCTGGCTT,0,4423131
yadN_predicted,0.07692307692307693,12,12,ACGGGGGGTCAAACCTTCAA,0,4417115
yadN_predicted,0.07692307692307693,12,12,ACGGCCGTGTTAGTACAGAA,0,4435853
yadN_predicted,0.07692307692307693,12,12,ACGGCATCGACAGGCCTACA,0,4424063
yadN_predicted,0.07692307692307693,12,12,ACGAACAGCTGGGAAATAAA,0,4416559
yadN_predicted,0.07692307692307693,12,12,ACCTTGCATGATTCTATACA,0,4419546
yadN_predicted,0.07692307692307693,12,12,ACCGTAAATATGGGGACTTG,0,4434659
yadN_predicted,0.07692307692307693,12,12,ACCCGCCTGTTTGCGTGTGG,0,4428505
yadN_predicted,0.07692307692307693,12,12,ACCCCCCGGGTTAGCGCCGT,0,4418281
yadN_predicted,0.07692307692307693,12,12,ACCATACATGGCCCAGGCTG,0,4424460
yadN_predicted,0.07692307692307693,12,12,ACAGAATAGCTGTCCGCGAT,0,4405874
yadN_predicted,0.07692307692307693,12,12,AATGTGGCACGTAGTTATAA,0,4404310
yadN_predicted,0.07692307692307693,12,12,AATGGGTCTGAGTGCTCGGT,0,4416122
yadN_predicted,0.07692307692307693,12,12,AAGCCTCGTGGTTGAGTTCA,0,4403567
yadN_predicted,0.07692307692307693,12,12,AACTCCGAACCCCAGCCTAC,0,4428758
yadN_predicted,0.07692307692307693,12,12,AACGAGTCGCTTGTCTAAGT,0,4422079
yadN_predicted,0.07692307692307693,12,12,AACCTATTACCAAGCGTGTA,0,4419410
yadN_predicted,0.07692307692307693,12,12,AACCCATCGGGATCCAGATG,0,4414664
yadN_predicted,0.07692307692307693,12,12,AACATTGGATGAATCGCCGT,0,4428540
yadN_predicted,0.07692307692307693,12,12,AAAGGGAACAATAACAATTA,0,4420034
yadN_predicted,0.07692307692307693,12,12,AAAGAGGTTTGTACATTTTA,0,4414228
yadN_predicted,0.07692307692307693,12,12,AAACTCGTCACCACTGATAG,0,4426853
yadN_predicted,0.07692307692307693,12,12,AAACATACTCTGAGTATACT,0,4414506
yadN_predicted,0.07692307692307693,12,12,AAAACTTGTAGACGGAGTTT,0,4406482
yadN_predicted,0.08333333333333333,11,11,TTTATGAGTTTTTGGAAAAA,0,4434135
yadN_predicted,0.08333333333333333,11,11,TTGGGAGTAATTCCGGGGGA,0,4416702
yadN_predicted,0.08333333333333333,11,11,TTGGCTGCGAAATATAGTCA,0,4407702
yadN_predicted,0.08333333333333333,11,11,TTGCACTCAGCACTACAGTA,0,4420148
yadN_predicted,0.08333333333333333,11,11,TTGAGGTCCGTGCCAGGCCC,0,4423090
yadN_predicted,0.08333333333333333,11,11,TTGACATAGCGCGTTTCGCA,0,4410734
yadN_predicted,0.08333333333333333,11,11,TTCTCCGACTGGCCCAGCCA,0,4419495
yadN_predicted,0.08333333333333333,11,11,TTCGCAGTTAGTGGGCACGT,0,4411821
yadN_predicted,0.08333333333333333,11,11,TTAGCAACGGGCCGATACCT,0,4416853
yadN_predicted,0.08333333333333333,11,11,TGTTTCAAGCTGTATGCGGA,0,4411137
yadN_predicted,0.08333333333333333,11,11,TGTATCACCTCGTTCAAGGT,0,4413629
yadN_predicted,0.08333333333333333,11,11,TGTACGCCAGTATTTAGTTG,0,4424389
yadN_predicted,0.08333333333333333,11,11,TGGTCGCCCGCCCTTTGTGA,0,4413049
yadN_predicted,0.08333333333333333,11,11,TGGGCTTGTACTACAAATGA,0,4429293
yadN_predicted,0.08333333333333333,11,11,TGGCGGTGAGACGTTTTAAG,0,4414641
yadN_predicted,0.08333333333333333,11,11,TGCTTTCATCTGAGTGGCCT,0,4406028
yadN_predicted,0.08333333333333333,11,11,TGCCTGTGAAAGTCAGACTC,0,4433959
yadN_predicted,0.08333333333333333,11,11,TGCCGTTATATCAGCAATCA,0,4408208
yadN_predicted,0.08333333333333333,11,11,TGCACCCGCTGCTTACCATG,0,4426364
yadN_predicted,0.08333333333333333,11,11,TGATATGCCGCTCCACTGCG,0,4405145
yadN_predicted,0.08333333333333333,11,11,TGACTGGCTTCACATGGCGT,0,4408672
yadN_predicted,0.08333333333333333,11,11,TGAATTGTTCCCGCTTCATT,0,4408657
yadN_predicted,0.08333333333333333,11,11,TGAACAAGAGTCCAGGCAGA,0,4428041
yadN_predicted,0.08333333333333333,11,11,TCTTTTTAGCGTCAAATACC,0,4405629
yadN_predicted,0.08333333333333333,11,11,TCTTTTACAAACATTCATTA,0,4402763
yadN_predicted,0.08333333333333333,11,11,TCTCGTACCTACCCTAGGAT,0,4431568
yadN_predicted,0.08333333333333333,11,11,TCTAGGCATTTTGAGGGCTT,0,4425903
yadN_predicted,0.08333333333333333,11,11,TCTAGCGATCACCACCCCCA,0,4427196
yadN_predicted,0.08333333333333333,11,11,TCTAGAGTTTGACCATAATG,0,4415213
yadN_predicted,0.08333333333333333,11,11,TCTACCCACTGTCGTGGCGA,0,4435505
yadN_predicted,0.08333333333333333,11,11,TCGTGGTTCCACACGAAAAG,0,4435127
yadN_predicted,0.08333333333333333,11,11,TCGTGGCGCGCTCAGGTATT,0,4434754
yadN_predicted,0.08333333333333333,11,11,TCGTCCGGCAATGCGGGCAT,0,4404804
yadN_predicted,0.08333333333333333,11,11,TCGGGTTGCGAGGTCAGGGT,0,4428338
yadN_predicted,0.08333333333333333,11,11,TCGAACTCTGTTCTCGTATA,0,4405140
yadN_predicted,0.08333333333333333,11,11,TCAGGGCTCGGTATTGGTAG,0,4407260
yadN_predicted,0.08333333333333333,11,11,TATTTTCCGTTAGTCGTAGT,0,4418659
yadN_predicted,0.08333333333333333,11,11,TATGGGTGGTAGGGTAGTAT,0,4426412
yadN_predicted,0.08333333333333333,11,11,TATATATAGTTATCCTACGT,0,4406935
yadN_predicted,0.08333333333333333,11,11,TATAACTATACTGAGTATCA,0,4432963
yadN_predicted,0.08333333333333333,11,11,TAGCCCATTTTTAAGGTTGA,0,4421751
yadN_predicted,0.08333333333333333,11,11,TAGATTCCTGGATCGATCAA,0,4426198
yadN_predicted,0.08333333333333333,11,11,TAGATACCGTCCGTCTCGAA,0,4410227
yadN_predicted,0.08333333333333333,11,11,TACTGTACTAAACCAGGCGT,0,4419293
yadN_predicted,0.08333333333333333,11,11,TACGCTGTCAGTCTTGCATC,0,4412984
yadN_predicted,0.08333333333333333,11,11,TACCAAACTCTTTAGACATC,0,4408743
yadN_predicted,0.08333333333333333,11,11,TACACTGGTTGTTATAAATG,0,4408385
yadN_predicted,0.08333333333333333,11,11,TAATTTCAGGAGCCGTCAAG,0,4407956
yadN_predicted,0.08333333333333333,11,11,TAATTCCACTGTTAGCACAA,0,4408203
yadN_predicted,0.08333333333333333,11,11,TAATTATTAGAGTGGGGGTG,0,4416683
yadN_predicted,0.08333333333333333,11,11,TAATCATGCACGGCCCTGGC,0,4406936
yadN_predicted,0.08333333333333333,11,11,TAACCCTTGCTCTCCCGAAG,0,4433868
yadN_predicted,0.08333333333333333,11,11,TAAAATCAAGATGTAGATAA,0,4414824
yadN_predicted,0.08333333333333333,11,11,GTTGGTGTATAAAATGTACT,0,4430910
yadN_predicted,0.08333333333333333,11,11,GTTGCTAGCGTCCAACAAAT,0,4433260
yadN_predicted,0.08333333333333333,11,11,GTTCGTAAGGCACTCTGCAT,0,4416588
yadN_predicted,0.08333333333333333,11,11,GTTCATGTACATTTGCGGGT,0,4430315
yadN_predicted,0.08333333333333333,11,11,GTTATAGAGGGTACACCGGA,0,4412514
yadN_predicted,0.08333333333333333,11,11,GTGTTCCGCATTCGGGGTAA,0,4410048
yadN_predicted,0.08333333333333333,11,11,GTGGCGATGGCGATGATGCG,0,4432253
yadN_predicted,0.08333333333333333,11,11,GTCTGCACCTTCAGAGCTAT,0,4428371
yadN_predicted,0.08333333333333333,11,11,GTCGTCAAGGTAGGGACGCG,0,4404167
yadN_predicted,0.08333333333333333,11,11,GTCCCTGCCCATCCAGTAGC,0,4426803
yadN_predicted,0.08333333333333333,11,11,GTAGGCCGAGTTCGAAGGAA,0,4424929
yadN_predicted,0.08333333333333333,11,11,GTACTGGCATGTATTGCTTA,0,4420717
yadN_predicted,0.08333333333333333,11,11,GGTACGGAGCAGGGGCATTC,0,4409333
yadN_predicted,0.08333333333333333,11,11,GGGTGCTCGACGGATAGCTA,0,4432026
yadN_predicted,0.08333333333333333,11,11,GGGGATATGAGCGAGTTATC,0,4416656
yadN_predicted,0.08333333333333333,11,11,GGGCATAGTCAGCTTCAAAG,0,4410551
yadN_predicted,0.08333333333333333,11,11,GGCATTGGTACTGGTTATGC,0,4419640
yadN_predicted,0.08333333333333333,11,11,GGCATGCCCTTAATCAGTCT,0,4415919
yadN_predicted,0.08333333333333333,11,11,GGCACTCATGTATTTGGGCA,0,4428498
yadN_predicted,0.08333333333333333,11,11,GGAGTTGGTCTGAGCTCCAT,0,4427017
yadN_predicted,0.08333333333333333,11,11,GGAGAAACCACGCATGAAAT,0,4407877
yadN_predicted,0.08333333333333333,11,11,GGAACTCGGGAGGTCAGCGC,0,4405705
yadN_predicted,0.08333333333333333,11,11,GGAACAGACTTGGTATAAGA,0,4420900
yadN_predicted,0.08333333333333333,11,11,GCTTCACTTTTAGTCCGAGA,0,4432308
yadN_predicted,0.08333333333333333,11,11,GCTCGCGGCACGCCAAGTTC,0,4402890
yadN_predicted,0.08333333333333333,11,11,GCGTCAACTCACCCGGAGAC,0,4406126
yadN_predicted,0.08333333333333333,11,11,GCGCACCTCTGCCCCACGGG,0,4433406
yadN_predicted,0.08333333333333333,11,11,GCCTGGTGGAAATTCGCTGG,0,4408955
yadN_predicted,0.08333333333333333,11,11,GCCCCAACAGGCTTCATTTG,0,4425232
yadN_predicted,0.08333333333333333,11,11,GCATTATGTTACCGTTGACT,0,4412705
yadN_predicted,0.08333333333333333,11,11,GCATAGCAAAAAAGCGGTGG,0,4407177
yadN_predicted,0.08333333333333333,11,11,GCATAGAGTCCAATATGCTG,0,4428238
yadN_predicted,0.08333333333333333,11,11,GCAGGCTCCTGTCCGGCCTG,0,4415241
yadN_predicted,0.08333333333333333,11,11,GCAGCTGTATTCCTAACTAC,0,4418812
yadN_predicted,0.08333333333333333,11,11,GCAGACCAGACCCGACGCTA,0,4402980
yadN_predicted,0.08333333333333333,11,11,GATTGTGACAGGTTTGAAAC,0,4404574
yadN_predicted,0.08333333333333333,11,11,GATTAGGGCTGCATGCATCA,0,4416998
yadN_predicted,0.08333333333333333,11,11,GATTAGGAATAGGCGGGCTA,0,4427547
yadN_predicted,0.08333333333333333,11,11,GATTAAGTTTAGTAGGTGAC,0,4426428
yadN_predicted,0.08333333333333333,11,11,GATGGAGCGAGTAGATATAC,0,4414750
yadN_predicted,0.08333333333333333,11,11,GATGAACAGTCGATACAGTG,0,4417867
yadN_predicted,0.08333333333333333,11,11,GACGTGAGTTGCAACGGGCA,0,4427617
yadN_predicted,0.08333333333333333,11,11,GACGCTTGAGTGCAGATAAC,0,4408036
yadN_predicted,0.08333333333333333,11,11,GACATAGTAGTAAACTAAAC,0,4407353
yadN_predicted,0.08333333333333333,11,11,GAAGGGAGTTGTGGGACGCG,0,4409634
yadN_predicted,0.08333333333333333,11,11,GAAGGACCGACCGTCGCATT,0,4432330
yadN_predicted,0.08333333333333333,11,11,GAACGTGAATGGGATTCCTC,0,4409379
yadN_predicted,0.08333333333333333,11,11,GAAATGCCATAGATAAATGA,0,4420451
yadN_predicted,0.08333333333333333,11,11,GAAAGATGCCGGGCACTGCG,0,4409551
yadN_predicted,0.08333333333333333,11,11,CTTGTGCACTCTTCTTAAAA,0,4424559
yadN_predicted,0.08333333333333333,11,11,CTGCGATGGAGTGACCCTTG,0,4412950
yadN_predicted,0.08333333333333333,11,11,CTGCCCTTATGCACACCAGA,0,4414803
yadN_predicted,0.08333333333333333,11,11,CTGAAGGACATTGGGCAGAC,0,4402875
yadN_predicted,0.08333333333333333,11,11,CTCGGTGAAATTAGCCTTAA,0,4413297
yadN_predicted,0.08333333333333333,11,11,CTCGCATATTTAATTTATAT,0,4421337
yadN_predicted,0.08333333333333333,11,11,CTCCGGGGTGCGGGCCAGAT,0,4419693
yadN_predicted,0.08333333333333333,11,11,CTATTACCGTTCCGGCTTGG,0,4406330
yadN_predicted,0.08333333333333333,11,11,CTATTAAGCATTTAAGTCAA,0,4415656
yadN_predicted,0.08333333333333333,11,11,CTATCATCCTACAAGGTGGA,0,4412834
yadN_predicted,0.08333333333333333,11,11,CTACAACCCAGCCCAACTAT,0,4404551
yadN_predicted,0.08333333333333333,11,11,CGTTCCGTGGGGGGTAGAGA,0,4404211
yadN_predicted,0.08333333333333333,11,11,CGTGAAGGCAATAGACTCGG,0,4434086
yadN_predicted,0.08333333333333333,11,11,CGTCAACTGCTGGTCAAAGG,0,4421146
yadN_predicted,0.08333333333333333,11,11,CGGCGCCCTGACAGTCGAAG,0,4413897
yadN_predicted,0.08333333333333333,11,11,CGGAGCGGATACATGTAGGT,0,4404318
yadN_predicted,0.08333333333333333,11,11,CGGAGCCGCCCAATGTCTAT,0,4406132
yadN_predicted,0.08333333333333333,11,11,CGCTTCGCGAGGATGTTAGA,0,4416146
yadN_predicted,0.08333333333333333,11,11,CGCTCGAGCGTAGGTAGCGC,0,4430676
yadN_predicted,0.08333333333333333,11,11,CGCTAAGCAGTTACGCTCCC,0,4422527
yadN_predicted,0.08333333333333333,11,11,CGCGGCGTGACCTTTTTCAA,0,4424178
yadN_predicted,0.08333333333333333,11,11,CGCGAGCGACGGAAAAGCGA,0,4425550
yadN_predicted,0.08333333333333333,11,11,CGCAGTGTCTAGATCATAGT,0,4428961
yadN_predicted,0.08333333333333333,11,11,CGCAGGCTGTCTATATTGGT,0,4420688
yadN_predicted,0.08333333333333333,11,11,CGCAATTGGCGAAAAGGTAA,0,4434096
yadN_predicted,0.08333333333333333,11,11,CGAGTATAAGCGACAGAGGT,0,4424236
yadN_predicted,0.08333333333333333,11,11,CGACTACTGGTTCCCAGCTC,0,4409676
yadN_predicted,0.08333333333333333,11,11,CGACCTAGTTTCTGCTCCCT,0,4432255
yadN_predicted,0.08333333333333333,11,11,CGAAGTCGGTAACGTAGACA,0,4414302
yadN_predicted,0.08333333333333333,11,11,CGAAAGGGATCGTGGCCTTG,0,4402641
yadN_predicted,0.08333333333333333,11,11,CGAAAGCGGCGAAATGCTTT,0,4412484
yadN_predicted,0.08333333333333333,11,11,CCTTCTTATCGGGGTTATGA,0,4429560
yadN_predicted,0.08333333333333333,11,11,CCTTAGTCCGAGCCCGCATG,0,4414681
yadN_predicted,0.08333333333333333,11,11,CCTCTCCTGCGACACTACAT,0,4433247
yadN_predicted,0.08333333333333333,11,11,CCGGTGCGGGCGTTGGGAGA,0,4411365
yadN_predicted,0.08333333333333333,11,11,CCGGTCCGCACCCGAACTCT,0,4411026
yadN_predicted,0.08333333333333333,11,11,CCGCAAGCTTTCCGATCTGC,0,4407797
yadN_predicted,0.08333333333333333,11,11,CCGATCTAGTGACACATCAA,0,4403668
yadN_predicted,0.08333333333333333,11,11,CCCTACCTGGGTGAGCTGTG,0,4422547
yadN_predicted,0.08333333333333333,11,11,CCCGAAGCGCCCCGCAGTGT,0,4430320
yadN_predicted,0.08333333333333333,11,11,CCCCCATTAGTCTTACTACG,0,4434879
yadN_predicted,0.08333333333333333,11,11,CCCCATTGATGAGCCAAGAC,0,4405916
yadN_predicted,0.08333333333333333,11,11,CCCATTCCCTCCCTGCGTCA,0,4426513
yadN_predicted,0.08333333333333333,11,11,CCATGAGCTGGGGTGGTAAC,0,4407728
yadN_predicted,0.08333333333333333,11,11,CCAGCATGCTCATGATGGAG,0,4408008
yadN_predicted,0.08333333333333333,11,11,CCACGTTAGCGACAACTACT,0,4403095
yadN_predicted,0.08333333333333333,11,11,CATTTATGCCATTTCTAAGA,0,4403415
yadN_predicted,0.08333333333333333,11,11,CATGTGCCAGTCCAGCGTCT,0,4410406
yadN_predicted,0.08333333333333333,11,11,CATGGTCAACGTATGGGCGT,0,4426911
yadN_predicted,0.08333333333333333,11,11,CATGACCCTTTAATAGAGCC,0,4427651
yadN_predicted,0.08333333333333333,11,11,CATAGGGAGTTAGTCTGATT,0,4426581
yadN_predicted,0.08333333333333333,11,11,CAGTTTATGCCCATAGCGAT,0,4426009
yadN_predicted,0.08333333333333333,11,11,CAGCGAGTTTAAAGCATGGG,0,4409747
yadN_predicted,0.08333333333333333,11,11,CAGCCTGTACAGCAGACTCC,0,4409670
yadN_predicted,0.08333333333333333,11,11,CAGCCCTTCGTGTTAAGTGA,0,4413278
yadN_predicted,0.08333333333333333,11,11,CAGCCCAATCTGATGAACAC,0,4413763
yadN_predicted,0.08333333333333333,11,11,CAGCAGGGTACCGCATGTCA,0,4405462
yadN_predicted,0.08333333333333333,11,11,CAGCAGACTGGCACTCCTAC,0,4415618
yadN_predicted,0.08333333333333333,11,11,CAGCAACGTATAATCAGCTT,0,4403224
yadN_predicted,0.08333333333333333,11,11,CAGAAGGGTAATCGAGGATG,0,4403558
yadN_predicted,0.08333333333333333,11,11,CAATGGCCCTATGATGACAC,0,4423195
yadN_predicted,0.08333333333333333,11,11,CAAATAAAACACCAGGTAAC,0,4406792
yadN_predicted,0.08333333333333333,11,11,ATTTGGTGGATTATCCCTGC,0,4415595
yadN_predicted,0.08333333333333333,11,11,ATTTAAAGCGCGCCGGAAAG,0,4403591
yadN_predicted,0.08333333333333333,11,11,ATTCTGGTCCGCTGTCAGGG,0,4427599
yadN_predicted,0.08333333333333333,11,11,ATTCGTGGCGACCTAGTTTG,0,4415069
yadN_predicted,0.08333333333333333,11,11,ATTACCCTCGATACTAAGGA,0,4407592
yadN_predicted,0.08333333333333333,11,11,ATGACAAGGACGCAGTTTAG,0,4416086
yadN_predicted,0.08333333333333333,11,11,ATCTCTAGGTGCAGTCTCGA,0,4432987
yadN_predicted,0.08333333333333333,11,11,ATCGTATAACTGTACTACTA,0,4431555
yadN_predicted,0.08333333333333333,11,11,ATCGCCTCACCATATTAACC,0,4411809
yadN_predicted,0.08333333333333333,11,11,ATCCATTATGGAAGCAGGAT,0,4419031
yadN_predicted,0.08333333333333333,11,11,ATCATAGCCTAGCCCACCGT,0,4407521
yadN_predicted,0.08333333333333333,11,11,ATCAGTCCTCGAGTAGCATC,0,4409099
yadN_predicted,0.08333333333333333,11,11,ATATGATTACCGCATCGAAG,0,4429376
yadN_predicted,0.08333333333333333,11,11,ATAGTGACTTCCGGGCTTTG,0,4416139
yadN_predicted,0.08333333333333333,11,11,ATAGACGGCACTACAGGTTT,0,4432734
yadN_predicted,0.08333333333333333,11,11,ATACCGTCCCCGAGAATGAG,0,4422297
yadN_predicted,0.08333333333333333,11,11,ATAAAAGTTACCGAAAGTCG,0,4409894
yadN_predicted,0.08333333333333333,11,11,AGTTAGACGCCCAATAGGGT,0,4403383
yadN_predicted,0.08333333333333333,11,11,AGTCGTACATAACACCGAGG,0,4411215
yadN_predicted,0.08333333333333333,11,11,AGGTTGGCTCTCCTGTCCAT,0,4411490
yadN_predicted,0.08333333333333333,11,11,AGGTAGGAGGAGTTTGGGGC,0,4408724
yadN_predicted,0.08333333333333333,11,11,AGGGTCAGCCCTCAATTAAA,0,4411950
yadN_predicted,0.08333333333333333,11,11,AGGCGGCCCAGGAAGTTCGA,0,4404919
yadN_predicted,0.08333333333333333,11,11,AGGCGGAAGGCCAAATGGAC,0,4418827
yadN_predicted,0.08333333333333333,11,11,AGGCCCGTCCGGTTACATAT,0,4414875
yadN_predicted,0.08333333333333333,11,11,AGGCCAATTCGCGCCCTCAT,0,4407850
yadN_predicted,0.08333333333333333,11,11,AGCGTAACAGTAATAAACGA,0,4414440
yadN_predicted,0.08333333333333333,11,11,AGCGAAGCACGGATTGGAGG,0,4423674
yadN_predicted,0.08333333333333333,11,11,AGATGTTCTCTCCATTAGAT,0,4425434
yadN_predicted,0.08333333333333333,11,11,AGATCACCGGAATTTATTTT,0,4430411
yadN_predicted,0.08333333333333333,11,11,AGATAAGCACAATCAAATCC,0,4427940
yadN_predicted,0.08333333333333333,11,11,AGACGCGCGCAGTTGAGTAC,0,4426535
yadN_predicted,0.08333333333333333,11,11,AGAATCGTGTTGCTGACAGA,0,4411317
yadN_predicted,0.08333333333333333,11,11,ACTTAACGCGCAAATGTAAG,0,4403993
yadN_predicted,0.08333333333333333,11,11,ACTAATTCTTGGGCTAGAAA,0,4412603
yadN_predicted,0.08333333333333333,11,11,ACGTGGTGAATCAAGTGTCC,0,4411888
yadN_predicted,0.08333333333333333,11,11,ACGGTGCAGGTTTCAAGAAG,0,4403093
yadN_predicted,0.08333333333333333,11,11,ACGAGCTAGATTGTAATCAC,0,4425291
yadN_predicted,0.08333333333333333,11,11,ACCTTTGGCGCCTAATCTAA,0,4422754
yadN_predicted,0.08333333333333333,11,11,ACCAAGGTCTCCATCCCTCA,0,4421194
yadN_predicted,0.08333333333333333,11,11,ACACAAGCGGCTCGGCTCAT,0,4424422
yadN_predicted,0.08333333333333333,11,11,ACAATCCTGTTTCGCCCGGC,0,4419972
yadN_predicted,0.08333333333333333,11,11,ACAAAGGGATTTTATAGGGC,0,4424381
yadN_predicted,0.08333333333333333,11,11,AATTTGACCGAGAGTCATTG,0,4429384
yadN_predicted,0.08333333333333333,11,11,AATTCTACGTTTTAAGACAA,0,4425178
yadN_predicted,0.08333333333333333,11,11,AATTAGCTTCAATTGTAGAC,0,4418488
yadN_predicted,0.08333333333333333,11,11,AATCTTTTAGCTACAGCGGG,0,4414646
yadN_predicted,0.08333333333333333,11,11,AATCTCTTCCTCTTACATGA,0,4414309
yadN_predicted,0.08333333333333333,11,11,AAGTTCGTAAATTAACCGGC,0,4404715
yadN_predicted,0.08333333333333333,11,11,AAGTGGAATAGCCCTCGTCG,0,4416421
yadN_predicted,0.08333333333333333,11,11,AAGTGATTAAGATGTACGAT,0,4403354
yadN_predicted,0.08333333333333333,11,11,AAGTGAAGCTAGAAGCGAGT,0,4407990
yadN_predicted,0.08333333333333333,11,11,AAGTACTACCATTGCATTAG,0,4430530
yadN_predicted,0.08333333333333333,11,11,AAGCTTGTTACCATAGGTAG,0,4413498
yadN_predicted,0.08333333333333333,11,11,AACTTGATGGAGTGGTCCCT,0,4411520
yadN_predicted,0.08333333333333333,11,11,AACTTAAGGCGCGGGCTTTG,0,4430481
yadN_predicted,0.08333333333333333,11,11,AACTATCGAAAGTCCCTTCT,0,4435731
yadN_predicted,0.08333333333333333,11,11,AACGCTTTAGCTGACGGGCA,0,4432119
yadN_predicted,0.08333333333333333,11,11,AACCGTGTTGAGGTCCTTGA,0,4407549
yadN_predicted,0.08333333333333333,11,11,AACCAATAGTGCGGGCTGTG,0,4420300
yadN_predicted,0.08333333333333333,11,11,AACAGCTACTACCCCGCTCT,0,4406086
yadN_predicted,0.08333333333333333,11,11,AAAGGGGACAGAGCCTATGT,0,4410764
yadN_predicted,0.08333333333333333,11,11,AAACTGAAAGCTATGTAGTC,0,4435386
yadN_predicted,0.09090909090909091,10,10,TTTTTTGATGAGAGTGGTCC,0,4431108
yadN_predicted,0.09090909090909091,10,10,TTTTTTATGGTGACCAATAG,0,4424965
yadN_predicted,0.09090909090909091,10,10,TTTAACGCCATGCCGCTCGT,0,4413725
yadN_predicted,0.09090909090909091,10,10,TTGGTCCCCCGCGGGGTTTA,0,4414682
yadN_predicted,0.09090909090909091,10,10,TTCTGATATACGAGACACAC,0,4404645
yadN_predicted,0.09090909090909091,10,10,TTCTAAGTGGAAGTGTCAGA,0,4428735
yadN_predicted,0.09090909090909091,10,10,TTATTGTTCTATACGTACGT,0,4416111
yadN_predicted,0.09090909090909091,10,10,TTATCTACCTTAGTACTATG,0,4405022
yadN_predicted,0.09090909090909091,10,10,TTAGTGTCGGTGTGACAGAA,0,4427578
yadN_predicted,0.09090909090909091,10,10,TTACTTCGTTACCCCCAGGC,0,4418009
yadN_predicted,0.09090909090909091,10,10,TGTGGCTCCCACCCTATGTT,0,4411942
yadN_predicted,0.09090909090909091,10,10,TGTGCTGGAATCTTGCCGGG,0,4430559
yadN_predicted,0.09090909090909091,10,10,TGTCATTATTTTGTCTAGTA,0,4414093
yadN_predicted,0.09090909090909091,10,10,TGTCACAGTATCCTGGGCCT,0,4422239
yadN_predicted,0.09090909090909091,10,10,TGGTTTCATTAAACACAGCT,0,4411423
yadN_predicted,0.09090909090909091,10,10,TGGGTGAAACGTATCGTTAG,0,4425379
yadN_predicted,0.09090909090909091,10,10,TGGGAAAAAAGCGCAGTACA,0,4408822
yadN_predicted,0.09090909090909091,10,10,TGGCTTAGTGCTCAGATCAG,0,4412555
yadN_predicted,0.09090909090909091,10,10,TGGCGGAGTAGAGACAAGTT,0,4415026
yadN_predicted,0.09090909090909091,10,10,TGGCACCACTAGAAGGAGAT,0,4413054
yadN_predicted,0.09090909090909091,10,10,TGCTGGCAGATTACTCGTGA,0,4419743
yadN_predicted,0.09090909090909091,10,10,TGCGGCCAAATAACAGTATC,0,4428712
yadN_predicted,0.09090909090909091,10,10,TGCGCTGTCTTGAGGGTGTG,0,4410174
yadN_predicted,0.09090909090909091,10,10,TGCGATTATCCGCCTTAGGA,0,4420653
yadN_predicted,0.09090909090909091,10,10,TGATTTAAGGGGCGTCGGAT,0,4428366
yadN_predicted,0.09090909090909091,10,10,TGATTGCTTTTCGGGAGTTA,0,4425352
yadN_predicted,0.09090909090909091,10,10,TGAGGTCTCAGATATGTATT,0,4405734
yadN_predicted,0.09090909090909091,10,10,TGAGGTCACGGAGGTGACCC,0,4410590
yadN_predicted,0.09090909090909091,10,10,TGAACCATGCCCAGGATTGG,0,4427854
yadN_predicted,0.09090909090909091,10,10,TGAAAAAAACACTACACCTT,0,4425737
yadN_predicted,0.09090909090909091,10,10,TCTGGGCACCATGAATACAA,0,4413433
yadN_predicted,0.09090909090909091,10,10,TCTCATAAGAACTTCGTTGT,0,4408492
yadN_predicted,0.09090909090909091,10,10,TCTCAGGGGCTGAATGTTGG,0,4408355
yadN_predicted,0.09090909090909091,10,10,TCGGTTTGGCGATGCGGGTA,0,4425236
yadN_predicted,0.09090909090909091,10,10,TCGACTGCGGATGAGCGTGA,0,4421761
yadN_predicted,0.09090909090909091,10,10,TCCTTGGATCACTAATGTTC,0,4422033
yadN_predicted,0.09090909090909091,10,10,TCCTGTTATTGGGCTTTCAA,0,4410521
yadN_predicted,0.09090909090909091,10,10,TCCGCCATCTTGTCCAAAGG,0,4427489
yadN_predicted,0.09090909090909091,10,10,TCCCTTATAGGTGTTTCATT,0,4404457
yadN_predicted,0.09090909090909091,10,10,TCCATTCGAAGCGTTGCAGA,0,4410500
yadN_predicted,0.09090909090909091,10,10,TCAGGGGTGCGGACGTCAAG,0,4425822
yadN_predicted,0.09090909090909091,10,10,TATGGCTGCACTAAAATACA,0,4434234
yadN_predicted,0.09090909090909091,10,10,TATCCCGCTCAAGATACTCT,0,4419642
yadN_predicted,0.09090909090909091,10,10,TATATTTGCATTTTCGTATG,0,4421830
yadN_predicted,0.09090909090909091,10,10,TATATGAGTGTGGCCATAAC,0,4429953
yadN_predicted,0.09090909090909091,10,10,TATAAGTGACAACTCATGAG,0,4431147
yadN_predicted,0.09090909090909091,10,10,TAGGTTGAGGAGACAAGGCA,0,4418604
yadN_predicted,0.09090909090909091,10,10,TAGCAAGGGTTGGAGACTGG,0,4408934
yadN_predicted,0.09090909090909091,10,10,TACCGGGGATCATCAGCATA,0,4407138
yadN_predicted,0.09090909090909091,10,10,TACCCGGTGCTCCCCCGGGC,0,4418125
yadN_predicted,0.09090909090909091,10,10,TACCCCCCGACGCCCGTCAC,0,4417719
yadN_predicted,0.09090909090909091,10,10,TAAGATCTTTTCCCGCCCCA,0,4406348
yadN_predicted,0.09090909090909091,10,10,TAACCTCGTCGGTGTTTTCC,0,4428174
yadN_predicted,0.09090909090909091,10,10,TAACATTGGCGTACTGCCTC,0,4411930
yadN_predicted,0.09090909090909091,10,10,GTTTGGTGGTGGGTCCTGGA,0,4425790
yadN_predicted,0.09090909090909091,10,10,GTTCCCTAATCGCCATGGTA,0,4431831
yadN_predicted,0.09090909090909091,10,10,GTTAGCGGTTGTATCTTCTT,0,4415873
yadN_predicted,0.09090909090909091,10,10,GTGTTTCCCCGATCTGGCTG,0,4435194
yadN_predicted,0.09090909090909091,10,10,GTGTGGTTAGATCGTCTGAA,0,4433781
yadN_predicted,0.09090909090909091,10,10,GTGTATGTGACCTTAGCCAA,0,4433114
yadN_predicted,0.09090909090909091,10,10,GTGGATGGCCACTATCCTGC,0,4421479
yadN_predicted,0.09090909090909091,10,10,GTGGAGTTAGAAGCTAAGAT,0,4431167
yadN_predicted,0.09090909090909091,10,10,GTGGACAACTTAAGGCACTG,0,4419436
yadN_predicted,0.09090909090909091,10,10,GTCTTTGTTGGTCCTGTCCT,0,4425328
yadN_predicted,0.09090909090909091,10,10,GTCGTCAAAGGACTCGTAAA,0,4416104
yadN_predicted,0.09090909090909091,10,10,GTCGAGTAGGTACACCCGAA,0,4428477
yadN_predicted,0.09090909090909091,10,10,GTCCTCATGTCCGCAGCAAT,0,4425794
yadN_predicted,0.09090909090909091,10,10,GTCACTGAGCCATGCTGTAC,0,4404056
yadN_predicted,0.09090909090909091,10,10,GTAGCTTTGGCCTAACGCTA,0,4403597
yadN_predicted,0.09090909090909091,10,10,GTAGAAGAGCGGGGTCGGGG,0,4421357
yadN_predicted,0.09090909090909091,10,10,GTAATGGGGATGTATCGGAC,0,4432006
yadN_predicted,0.09090909090909091,10,10,GTAACGTAAGTCTACTCCAA,0,4411946
yadN_predicted,0.09090909090909091,10,10,GGTTTGTCCAGAGCCGTTGA,0,4428621
yadN_predicted,0.09090909090909091,10,10,GGTGCTCGAGGTTGACGGCA,0,4424836
yadN_predicted,0.09090909090909091,10,10,GGTCGGAATAACCGTGAACT,0,4406289
yadN_predicted,0.09090909090909091,10,10,GGTCAGTAGTCCTACGGGAC,0,4420529
yadN_predicted,0.09090909090909091,10,10,GGTATTCATTGTAGATCATT,0,4419062
yadN_predicted,0.09090909090909091,10,10,GGTAGTCGGAACGGTGCATT,0,4405105
yadN_predicted,0.09090909090909091,10,10,GGGTCATAGACATAATCTCA,0,4421242
yadN_predicted,0.09090909090909091,10,10,GGGTCAAGCATAGCGGCGCT,0,4415183
yadN_predicted,0.09090909090909091,10,10,GGGGCTTCCCAGCACGGGTA,0,4414615
yadN_predicted,0.09090909090909091,10,10,GGGCTACCCTGTGGTTTGCA,0,4413926
yadN_predicted,0.09090909090909091,10,10,GGGAGTAACACTGCTTGACA,0,4421940
yadN_predicted,0.09090909090909091,10,10,GGGAAACGAGGGTCCACACG,0,4421274
yadN_predicted,0.09090909090909091,10,10,GGCTTATTATTGACATTCCT,0,4414983
yadN_predicted,0.09090909090909091,10,10,GGCTGTGATCGTTTGCCTCA,0,4403000
yadN_predicted,0.09090909090909091,10,10,GGCTGGGGAGTACGTCGATT,0,4427920
yadN_predicted,0.09090909090909091,10,10,GGCACTGAACTGACATATAC,0,4410649
yadN_predicted,0.09090909090909091,10,10,GGCACCTTGTTATTGAGTCA,0,4430013
yadN_predicted,0.09090909090909091,10,10,GGCAATGTTGATGGACCGAG,0,4431961
yadN_predicted,0.09090909090909091,10,10,GGACTGCTTGCTTTCATTTA,0,4403848
yadN_predicted,0.09090909090909091,10,10,GGACGGTGATTAGCAAACTT,0,4409350
yadN_predicted,0.09090909090909091,10,10,GGACCCAAGTTCGCATCATA,0,4422137
yadN_predicted,0.09090909090909091,10,10,GGAATTATCTGGTGGGTTAT,0,4411467
yadN_predicted,0.09090909090909091,10,10,GGAAAACAGGTGGGATCGCG,0,4416614
yadN_predicted,0.09090909090909091,10,10,GCTTCAGCGACATGGGTTTA,0,4432917
yadN_predicted,0.09090909090909091,10,10,GCTTACTCTCGCCAAAGTAC,0,4426712
yadN_predicted,0.09090909090909091,10,10,GCTCGCCGGTCAGTGAAAAA,0,4412829
yadN_predicted,0.09090909090909091,10,10,GCTCAGGCTCATGGTAGGGT,0,4406560
yadN_predicted,0.09090909090909091,10,10,GCTAATTGCGCATAGGGGAA,0,4427169
yadN_predicted,0.09090909090909091,10,10,GCGGTTGCTATTTGGAATAC,0,4413035
yadN_predicted,0.09090909090909091,10,10,GCGGGAGTAGGGTCTGTGTA,0,4432316
yadN_predicted,0.09090909090909091,10,10,GCGCTACATTCTTGATGGAA,0,4421583
yadN_predicted,0.09090909090909091,10,10,GCGAACATCAGAGTTAAGCG,0,4413372
yadN_predicted,0.09090909090909091,10,10,GCCTTATTGCGTTTGAGGGT,0,4418014
yadN_predicted,0.09090909090909091,10,10,GCCTCGACGACAGCTGAAAT,0,4417003
yadN_predicted,0.09090909090909091,10,10,GCCGTTTGCATACCAAGACA,0,4405289
yadN_predicted,0.09090909090909091,10,10,GCCGCTCCGAACGGTAATTA,0,4410827
yadN_predicted,0.09090909090909091,10,10,GCATTGCAGCCGTGTGTCAG,0,4415601
yadN_predicted,0.09090909090909091,10,10,GCATACTCTGGTACTCAAAG,0,4428547
yadN_predicted,0.09090909090909091,10,10,GCAGAACCAGCGTCGGGCTC,0,4405674
yadN_predicted,0.09090909090909091,10,10,GCAATGCCATAGGCTAGGGT,0,4422554
yadN_predicted,0.09090909090909091,10,10,GCAACATGGTTCTATACCGT,0,4429378
yadN_predicted,0.09090909090909091,10,10,GATTTTCTTCGAGATCCTTG,0,4406977
yadN_predicted,0.09090909090909091,10,10,GATTTGAGAGTTCATCGAGC,0,4426766
yadN_predicted,0.09090909090909091,10,10,GATTCCTGCGGTTCCCCTAG,0,4430917
yadN_predicted,0.09090909090909091,10,10,GATTAATTTGATAACCGGTC,0,4422863
yadN_predicted,0.09090909090909091,10,10,GATGGAATTCTCTTCGGGTC,0,4415679
yadN_predicted,0.09090909090909091,10,10,GATGCCCCCCACTCAGGTCT,0,4418197
yadN_predicted,0.09090909090909091,10,10,GATCGAGGCCACTCAGGATC,0,4425443
yadN_predicted,0.09090909090909091,10,10,GATATGCAGAAACGAACAAT,0,4432790
yadN_predicted,0.09090909090909091,10,10,GAGGCTATTCGGGGGTCCTC,0,4428249
yadN_predicted,0.09090909090909091,10,10,GAGGATCAGTGTTGTTGCCC,0,4432571
yadN_predicted,0.09090909090909091,10,10,GAGGAAGGCCGTCAACGTCT,0,4423945
yadN_predicted,0.09090909090909091,10,10,GACGCCGAACTTTTGGAGAT,0,4428973
yadN_predicted,0.09090909090909091,10,10,GACCGGCAGGTATCAAACCA,0,4409161
yadN_predicted,0.09090909090909091,10,10,GACAATACCCGGGACCTTCA,0,4403607
yadN_predicted,0.09090909090909091,10,10,GACAATAAATGCGACATGTC,0,4409036
yadN_predicted,0.09090909090909091,10,10,GAATTGCCGCGGTGCATGAA,0,4424283
yadN_predicted,0.09090909090909091,10,10,GAACGAACGGGCAGCGTGGA,0,4409363
yadN_predicted,0.09090909090909091,10,10,CTTTTCTCCCTAAAAATCTG,0,4430126
yadN_predicted,0.09090909090909091,10,10,CTTGTGGAGGTCCTTGCACT,0,4405295
yadN_predicted,0.09090909090909091,10,10,CTTGCATAGACGTCGAGCTT,0,4405607
yadN_predicted,0.09090909090909091,10,10,CTTCACTCTGTGAATCAGAA,0,4410131
yadN_predicted,0.09090909090909091,10,10,CTTATCCAAAGAGCGAGGCA,0,4416476
yadN_predicted,0.09090909090909091,10,10,CTTATACTTGCCACGGATTA,0,4435844
yadN_predicted,0.09090909090909091,10,10,CTGTACCTGTTTAGGGGTTA,0,4410224
yadN_predicted,0.09090909090909091,10,10,CTGGATTGAGCTAACCATGT,0,4413747
yadN_predicted,0.09090909090909091,10,10,CTGGACAGTTCTTAGACCGG,0,4403557
yadN_predicted,0.09090909090909091,10,10,CTGCAAGACTGTTTCATAAT,0,4412766
yadN_predicted,0.09090909090909091,10,10,CTGACTACTAGAAGTTCTAC,0,4427135
yadN_predicted,0.09090909090909091,10,10,CTGACGGTTCTAAGCAATGG,0,4404142
yadN_predicted,0.09090909090909091,10,10,CTCTGAGCCCCTACGCGATA,0,4409809
yadN_predicted,0.09090909090909091,10,10,CTCTAGGCGGCCGATACCCT,0,4408254
yadN_predicted,0.09090909090909091,10,10,CTCTACCCCCACCAACATTT,0,4408777
yadN_predicted,0.09090909090909091,10,10,CTCGGATCTTTTGAGCAGGT,0,4432552
yadN_predicted,0.09090909090909091,10,10,CTCGCGTATGAGCGAAGCTA,0,4433856
yadN_predicted,0.09090909090909091,10,10,CTCGCAAGGTAGGCATTGAT,0,4411851
yadN_predicted,0.09090909090909091,10,10,CTCCATACAAGCGTTCCGGC,0,4422076
yadN_predicted,0.09090909090909091,10,10,CTCAGTAGGAGTTTGTTTTA,0,4417675
yadN_predicted,0.09090909090909091,10,10,CTAGTTTTGCGTAATGATGA,0,4412641
yadN_predicted,0.09090909090909091,10,10,CTAGGGTGGTGGACAATGTC,0,4433111
yadN_predicted,0.09090909090909091,10,10,CTAGGCGATGCTTGAGGTGT,0,4428597
yadN_predicted,0.09090909090909091,10,10,CTAGAACGCTTCCCATCCGG,0,4407800
yadN_predicted,0.09090909090909091,10,10,CTACGTACAAACCATTTGAT,0,4433520
yadN_predicted,0.09090909090909091,10,10,CTAATGGTCAGAAAGGTAAG,0,4415371
yadN_predicted,0.09090909090909091,10,10,CGTTTGGATTTCGAATTTAT,0,4414052
yadN_predicted,0.09090909090909091,10,10,CGTGGAACAAGGCTAACCTC,0,4406024
yadN_predicted,0.09090909090909091,10,10,CGTCCGATCCATTTATAACA,0,4404248
yadN_predicted,0.09090909090909091,10,10,CGGTCCAGGATCCGATCTAT,0,4423430
yadN_predicted,0.09090909090909091,10,10,CGGGGTAGGCCATTGACCTA,0,4422472
yadN_predicted,0.09090909090909091,10,10,CGGGGGTACTAGATGTTCAC,0,4425536
yadN_predicted,0.09090909090909091,10,10,CGGGGATCTGCTTACGGGTC,0,4410772
yadN_predicted,0.09090909090909091,10,10,CGGCCTTGTTCTTGACTTGG,0,4411027
yadN_predicted,0.09090909090909091,10,10,CGGATCAGAGCTAGCTGGGG,0,4426390
yadN_predicted,0.09090909090909091,10,10,CGGACGATTTCTCCGTAATA,0,4404963
yadN_predicted,0.09090909090909091,10,10,CGGAACTATTCAAACTGTCG,0,4428116
yadN_predicted,0.09090909090909091,10,10,CGCTGGAAATGGATTCTTTT,0,4411056
yadN_predicted,0.09090909090909091,10,10,CGCTCCACGACGAAGTCTCT,0,4424171
yadN_predicted,0.09090909090909091,10,10,CGCGTTTAGAGGCACGAGTC,0,4408231
yadN_predicted,0.09090909090909091,10,10,CGCCATGATTTGGTGGCTCG,0,4415945
yadN_predicted,0.09090909090909091,10,10,CGATTTTTGCGTGTTGTTGC,0,4413016
yadN_predicted,0.09090909090909091,10,10,CGAGGGGTTTGAATCACGAA,0,4428928
yadN_predicted,0.09090909090909091,10,10,CGACAACTACAGGTCTGTTA,0,4423241
yadN_predicted,0.09090909090909091,10,10,CCTGCTGAACATGTTCCGAT,0,4422292
yadN_predicted,0.09090909090909091,10,10,CCTCCCTGCCTTCATAAGCC,0,4420047
yadN_predicted,0.09090909090909091,10,10,CCTATATGCTCAATCCTTTT,0,4434058
yadN_predicted,0.09090909090909091,10,10,CCTAGGGATCATCCGTGCTT,0,4429703
yadN_predicted,0.09090909090909091,10,10,CCGCTTTCTTCTGTAGCCGA,0,4427543
yadN_predicted,0.09090909090909091,10,10,CCGAGGGAGACCAGATTCGG,0,4418966
yadN_predicted,0.09090909090909091,10,10,CCGAAGGTCCTCTATTGCGC,0,4416418
yadN_predicted,0.09090909090909091,10,10,CCGAAGATTGACAAATAAGG,0,4414234
yadN_predicted,0.09090909090909091,10,10,CCCTATGTATCACCGTCTCT,0,4410499
yadN_predicted,0.09090909090909091,10,10,CCCTAGCAGGTAGGATGCGT,0,4416752
yadN_predicted,0.09090909090909091,10,10,CCCGTTGGTCGTTATTATGA,0,4427191
yadN_predicted,0.09090909090909091,10,10,CCCGCCTAGCCGTAGTTCAT,0,4431366
yadN_predicted,0.09090909090909091,10,10,CCCGATGGTCATCCCGCATC,0,4434673
yadN_predicted,0.09090909090909091,10,10,CCATCGTAAAGCAGCCGGTG,0,4407141
yadN_predicted,0.09090909090909091,10,10,CCACAGCTGTCTCATATCAG,0,4419136
yadN_predicted,0.09090909090909091,10,10,CCAACGCATGGAAAGATCCC,0,4420913
yadN_predicted,0.09090909090909091,10,10,CATTGATGTTCGTGTGGTTC,0,4413203
yadN_predicted,0.09090909090909091,10,10,CATCCTACGTACTGCGTGTG,0,4420523
yadN_predicted,0.09090909090909091,10,10,CATAACTTTGGACAAAAGAC,0,4428660
yadN_predicted,0.09090909090909091,10,10,CAGGGTCATGTGGGTGCCAC,0,4417008
yadN_predicted,0.09090909090909091,10,10,CAGGCTTTATTCGTCTACAA,0,4434112
yadN_predicted,0.09090909090909091,10,10,CAGGATTTTGGGAGAATTAT,0,4407673
yadN_predicted,0.09090909090909091,10,10,CAGAACTTGTGTTGCTCTGG,0,4422782
yadN_predicted,0.09090909090909091,10,10,CACTGTCCAATTCTCAGCTA,0,4411015
yadN_predicted,0.09090909090909091,10,10,CACGACCGTCAGTACTCGTA,0,4410013
yadN_predicted,0.09090909090909091,10,10,CACCATAGCCGACGACACGC,0,4431193
yadN_predicted,0.09090909090909091,10,10,CACATATGTAGGTGGCCGGA,0,4404431
yadN_predicted,0.09090909090909091,10,10,CACAGTGTACAGAAACGGTG,0,4431228
yadN_predicted,0.09090909090909091,10,10,CAAGTTGTTTTTCACATTCA,0,4427771
yadN_predicted,0.09090909090909091,10,10,CAAGAGAAGAAAAAGATGCG,0,4409531
yadN_predicted,0.09090909090909091,10,10,CAACTCGCTCGCGATGAGGT,0,4409560
yadN_predicted,0.09090909090909091,10,10,CAACCTGTAGAGACCTCGCA,0,4417967
yadN_predicted,0.09090909090909091,10,10,CAAAGTATCATCACGGTACA,0,4417957
yadN_predicted,0.09090909090909091,10,10,CAAACGATTCCCCTCATGGT,0,4406280
yadN_predicted,0.09090909090909091,10,10,ATTTTCCAGGGCAATGATCT,0,4432120
yadN_predicted,0.09090909090909091,10,10,ATTTATGGGAGTGTTCGTCT,0,4427710
yadN_predicted,0.09090909090909091,10,10,ATTTACTCGAAGTGTGGATA,0,4417749
yadN_predicted,0.09090909090909091,10,10,ATTGACGCCCCGGAATCCCT,0,4413023
yadN_predicted,0.09090909090909091,10,10,ATTCGTACAAGTGGATTGAG,0,4405784
yadN_predicted,0.09090909090909091,10,10,ATTCATACCATACCCGTCTT,0,4422490
yadN_predicted,0.09090909090909091,10,10,ATGTTATCCTCTTCGTGTTC,0,4430628
yadN_predicted,0.09090909090909091,10,10,ATGTCTAGTCTGATATCAGC,0,4404144
yadN_predicted,0.09090909090909091,10,10,ATGTACCAGATAGCAGTGTT,0,4428825
yadN_predicted,0.09090909090909091,10,10,ATGATATGCCATCATTCCAC,0,4413045
yadN_predicted,0.09090909090909091,10,10,ATCTGTGCGATGCTGTTTGT,0,4406642
yadN_predicted,0.09090909090909091,10,10,ATCTGGTTATCGCCGGTCCA,0,4416894
yadN_predicted,0.09090909090909091,10,10,ATCTCAATGTGTTGGGCGAT,0,4413202
yadN_predicted,0.09090909090909091,10,10,ATCCTTCTTTATCGACGTTC,0,4435859
yadN_predicted,0.09090909090909091,10,10,ATCCTCCGATGCGTAACTCT,0,4421229
yadN_predicted,0.09090909090909091,10,10,ATCCGTGTGACTTAGCCTTC,0,4405258
yadN_predicted,0.09090909090909091,10,10,ATCATTGCAAGGTTCACATT,0,4420149
yadN_predicted,0.09090909090909091,10,10,ATAGCACCCGCCCATGGTAC,0,4434280
yadN_predicted,0.09090909090909091,10,10,ATACGAACGCACTTCAAGGG,0,4412103
yadN_predicted,0.09090909090909091,10,10,ATACAGGTCATTCTGGCATG,0,4406838
yadN_predicted,0.09090909090909091,10,10,ATAATTGTCCCATTATTTGT,0,4410703
yadN_predicted,0.09090909090909091,10,10,ATAATGGAAAGCGTGCAAGT,0,4424571
yadN_predicted,0.09090909090909091,10,10,AGTGTGCCTTCGCACCTAAA,0,4405866
yadN_predicted,0.09090909090909091,10,10,AGTCGTGAGTGATGAAATGC,0,4434160
yadN_predicted,0.09090909090909091,10,10,AGTACCTGTGATGTAACGAT,0,4415596
yadN_predicted,0.09090909090909091,10,10,AGGTCCATACTTCAGCCTGG,0,4423042
yadN_predicted,0.09090909090909091,10,10,AGGGAATCCACGCTAGCCCA,0,4420409
yadN_predicted,0.09090909090909091,10,10,AGGCTTCAGCTAGGTAACCT,0,4419499
yadN_predicted,0.09090909090909091,10,10,AGGATCACTACAGGGTTCGT,0,4423805
yadN_predicted,0.09090909090909091,10,10,AGGAAGCCAACTCTTCGCTT,0,4432334
yadN_predicted,0.09090909090909091,10,10,AGCCCTGGGGCCGCCTTAAG,0,4423854
yadN_predicted,0.09090909090909091,10,10,AGCACTACAGTAAGGCATCG,0,4432390
yadN_predicted,0.09090909090909091,10,10,ACTGATGCACGGGAGCCATA,0,4412757
yadN_predicted,0.09090909090909091,10,10,ACTCGCTCCTGTCTTCGGGA,0,4403004
yadN_predicted,0.09090909090909091,10,10,ACTCAACTCGACAGTTCGTG,0,4427163
yadN_predicted,0.09090909090909091,10,10,ACGTATTTAGTTTGATTCCA,0,4435635
yadN_predicted,0.09090909090909091,10,10,ACGGACTCACAGTAGGACGT,0,4432391
yadN_predicted,0.09090909090909091,10,10,ACCGAAAGACAAGCATGTTC,0,4414823
yadN_predicted,0.09090909090909091,10,10,ACATGGGCTTGGCCGAGCGT,0,4403295
yadN_predicted,0.09090909090909091,10,10,ACAGCGTCCATATCATGTCG,0,4404361
yadN_predicted,0.09090909090909091,10,10,ACAGAGGACCCCCGCCCGAT,0,4432695
yadN_predicted,0.09090909090909091,10,10,ACACGCTAGTCCTTTCCAAC,0,4434726
yadN_predicted,0.09090909090909091,10,10,ACAATTTTCCATTAAACGGA,0,4423731
yadN_predicted,0.09090909090909091,10,10,AATTGAGACAATAGCGGCCC,0,4426556
yadN_predicted,0.09090909090909091,10,10,AATGGGAGAGTACGGACGGG,0,4417506
yadN_predicted,0.09090909090909091,10,10,AATGCCATTGGGAAAGTGGG,0,4424086
yadN_predicted,0.09090909090909091,10,10,AATGAGGGTGTGGGGTCATG,0,4405600
yadN_predicted,0.09090909090909091,10,10,AAGTCGTGTTCCCCACACAG,0,4426361
yadN_predicted,0.09090909090909091,10,10,AAGGCCCGATGCCCGCGTCC,0,4421048
yadN_predicted,0.09090909090909091,10,10,AAGGCACCCAGATTGGCATT,0,4406772
yadN_predicted,0.09090909090909091,10,10,AAGCGATGCTCATGTCAGTG,0,4425982
yadN_predicted,0.09090909090909091,10,10,AAGCCAAATTTTCACTGTAT,0,4427563
yadN_predicted,0.09090909090909091,10,10,AACTGCCACGAAGTATGACG,0,4423994
yadN_predicted,0.09090909090909091,10,10,AACCTTTCGAGTGACCCCAT,0,4405783
yadN_predicted,0.09090909090909091,10,10,AACCGATTAAAGATGCTTCT,0,4407320
yadN_predicted,0.09090909090909091,10,10,AACCCGTCCGCGATAGGGTG,0,4424570
yadN_predicted,0.09090909090909091,10,10,AACAAGCCTTCCCTCCTGGT,0,4410933
yadN_predicted,0.09090909090909091,10,10,AAATATCGATCAACCTCGTA,0,4409810
yadN_predicted,0.09090909090909091,10,10,AAAGACATGGGTGTCGCTTA,0,4418843
yadN_predicted,0.09090909090909091,10,10,AAAGACAGCAAGGGCAACCT,0,4409064
yadN_predicted,0.09090909090909091,10,10,AAAAAGCGTACCTCAGTGTA,0,4416148
yadN_predicted,0.1,9,9,TTTTGGGATCATAGGCGGAA,0,4415726
yadN_predicted,0.1,9,9,TTTTAGTGAGCGAGATTCCT,0,4432188
yadN_predicted,0.1,9,9,TTTGGCTTCCACAGCGGTTA,0,4429283
yadN_predicted,0.1,9,9,TTTGCTTACGGGATGATTCA,0,4422148
yadN_predicted,0.1,9,9,TTTGATTCGAGGACTCCGGC,0,4433087
yadN_predicted,0.1,9,9,TTTCTATTACACTGTAGCAG,0,4430820
yadN_predicted,0.1,9,9,TTTATCTTTGTCGCACTGTT,0,4434400
yadN_predicted,0.1,9,9,TTTAGATGTTTGACACCGTT,0,4410307
yadN_predicted,0.1,9,9,TTGTGGGATAGCAAACACCA,0,4412610
yadN_predicted,0.1,9,9,TTGGTAAACAAACGTCCCGT,0,4429166
yadN_predicted,0.1,9,9,TTGGTAAAAAATCCACGTCT,0,4411660
yadN_predicted,0.1,9,9,TTGCATTGAAAAACGCTGCG,0,4407389
yadN_predicted,0.1,9,9,TTGATCGCGCCGCTTCATAA,0,4406561
yadN_predicted,0.1,9,9,TTCTGATGGCTATTCATCTT,0,4415602
yadN_predicted,0.1,9,9,TTCTAGGTTAAGACCTTAAC,0,4435052
yadN_predicted,0.1,9,9,TTCGGGAGACAGCGTCCAAT,0,4423379
yadN_predicted,0.1,9,9,TTCGGAACGAAATAACGGAT,0,4407321
yadN_predicted,0.1,9,9,TTCAGTTTGCAATTGCATCC,0,4405791
yadN_predicted,0.1,9,9,TTATAAATGTACAAGGCGTA,0,4412056
yadN_predicted,0.1,9,9,TTAGGTGCTCTTGATTATTA,0,4410335
yadN_predicted,0.1,9,9,TTAGGGCTAATCGGGGGAAC,0,4434352
yadN_predicted,0.1,9,9,TTAGCGTAAGCTCACATACT,0,4405071
yadN_predicted,0.1,9,9,TGTGCATTTCGCACCCCGTT,0,4434649
yadN_predicted,0.1,9,9,TGTATTCCCGGCAAGCAGTT,0,4427341
yadN_predicted,0.1,9,9,TGTAAAGCGACGCACCCTCG,0,4435261
yadN_predicted,0.1,9,9,TGGTCACCTGTGAACGTGTG,0,4414795
yadN_predicted,0.1,9,9,TGGGGGACTAACTTGAGCAG,0,4405972
yadN_predicted,0.1,9,9,TGGGGCGGCTCTCCACTGGC,0,4415444
yadN_predicted,0.1,9,9,TGGGCTTATCCCGATATATA,0,4430288
yadN_predicted,0.1,9,9,TGGATTTCTTCTAGGGATGC,0,4415746
yadN_predicted,0.1,9,9,TGCGCAGTGCCTCGAGCTCG,0,4426855
yadN_predicted,0.1,9,9,TGCGAGCACCTGGTTACATA,0,4404802
yadN_predicted,0.1,9,9,TGCCGCACACTGACGGCAGT,0,4404814
yadN_predicted,0.1,9,9,TGCCAATAAATTGTGGCTGA,0,4414381
yadN_predicted,0.1,9,9,TGCAGAGGAATAGCGAGCGA,0,4406045
yadN_predicted,0.1,9,9,TCTTGCGGGACACCGGACTA,0,4406621
yadN_predicted,0.1,9,9,TCTGTTTCAAACCCGGACAG,0,4412997
yadN_predicted,0.1,9,9,TCTGGATCTGTAGCCCTTCA,0,4419246
yadN_predicted,0.1,9,9,TCTCGACTCCTCTCCTTCAA,0,4415147
yadN_predicted,0.1,9,9,TCTAGGTCGGTATCTCAGGA,0,4424193
yadN_predicted,0.1,9,9,TCTACTGAATGGGCGGGCGC,0,4403881
yadN_predicted,0.1,9,9,TCGCCCGATGATATCCTGTG,0,4406951
yadN_predicted,0.1,9,9,TCGATTGACTATCCGATCGT,0,4431001
yadN_predicted,0.1,9,9,TCGATACGAAAAAGTGAACA,0,4423428
yadN_predicted,0.1,9,9,TCGAGAGAGTGGAACAACAA,0,4419378
yadN_predicted,0.1,9,9,TCGACATGGTTATTATTAGT,0,4409142
yadN_predicted,0.1,9,9,TCGACACGCCCCTCGACGTC,0,4402559
yadN_predicted,0.1,9,9,TCCTACCATCCCCAGTTTTG,0,4430410
yadN_predicted,0.1,9,9,TCCGTTTCTCGGACCATTCA,0,4416621
yadN_predicted,0.1,9,9,TCCGAGTCTCGACGTCCACG,0,4410455
yadN_predicted,0.1,9,9,TCAGCATGTCGGGCTATGTG,0,4427201
yadN_predicted,0.1,9,9,TCACGGTATATGGACAGCGC,0,4410056
yadN_predicted,0.1,9,9,TCACCGGGGATTTGCGTCAT,0,4424440
yadN_predicted,0.1,9,9,TATTTGGCAAAGAATCCAGA,0,4425116
yadN_predicted,0.1,9,9,TATGTGCATGGTGTAGACCT,0,4416177
yadN_predicted,0.1,9,9,TATGGAAGCACCAGCCGGGG,0,4403580
yadN_predicted,0.1,9,9,TATCAAGGCTATTATGAGGC,0,4406769
yadN_predicted,0.1,9,9,TAGCAGTATGGCACCACCGG,0,4409182
yadN_predicted,0.1,9,9,TAGACATAGTAAGTGCGGAT,0,4407211
yadN_predicted,0.1,9,9,TACGTTTCCTGCTCATGTGC,0,4407219
yadN_predicted,0.1,9,9,TACGCACTGCGTACAAGGTG,0,4435340
yadN_predicted,0.1,9,9,TACCTGAATCCACCCCTGCT,0,4412410
yadN_predicted,0.1,9,9,TACAGCCGGCCATTAAGATT,0,4412313
yadN_predicted,0.1,9,9,TAATACCCACTCTTGTTAAA,0,4426764
yadN_predicted,0.1,9,9,TAAGGAATCGACAGTACGAC,0,4404116
yadN_predicted,0.1,9,9,TAAGAAAGCCGGATAGGTCT,0,4425296
yadN_predicted,0.1,9,9,TAAAGGTGAACGGTTGCATC,0,4414102
yadN_predicted,0.1,9,9,TAAAAGTGCATTGGGACTTG,0,4425590
yadN_predicted,0.1,9,9,GTTGATTCACGTGAGCAATA,0,4435570
yadN_predicted,0.1,9,9,GTTGACTTCCCGCCTGGGAA,0,4402760
yadN_predicted,0.1,9,9,GTGGTTAGATGCGGGAGAAT,0,4412515
yadN_predicted,0.1,9,9,GTGGGGAATTCAGCTAACGG,0,4413951
yadN_predicted,0.1,9,9,GTGCTCACTTGACTATATGA,0,4424528
yadN_predicted,0.1,9,9,GTGCAGTAGTTGGGGGTGCC,0,4415598
yadN_predicted,0.1,9,9,GTGCAAATAGCGCGGAGCCG,0,4415819
yadN_predicted,0.1,9,9,GTGAAAGAGAGGGCCTAAAG,0,4431109
yadN_predicted,0.1,9,9,GTCTCGTCAGTTACTTTCTA,0,4403459
yadN_predicted,0.1,9,9,GTCGATTTTTGACTGTCCAA,0,4418734
yadN_predicted,0.1,9,9,GTCCTCAGTTATCCTCAGCC,0,4411361
yadN_predicted,0.1,9,9,GTCCTAGGCAGACAGTGAAT,0,4427892
yadN_predicted,0.1,9,9,GTCCTAAAAAGGAACATTCG,0,4413086
yadN_predicted,0.1,9,9,GTCCCCGGGCTGCGCACCTT,0,4418256
yadN_predicted,0.1,9,9,GTCACACACTGAGCGATTGA,0,4414675
yadN_predicted,0.1,9,9,GTATTAGGTGTACCGGTAGG,0,4413407
yadN_predicted,0.1,9,9,GTATGTTTTTAGTCTAGCGT,0,4431403
yadN_predicted,0.1,9,9,GTACTGCGTAGGCACCTTGC,0,4424437
yadN_predicted,0.1,9,9,GTACATGGCGAGTGATAGCG,0,4429225
yadN_predicted,0.1,9,9,GTAATGGAGTATCCAGAGAA,0,4416021
yadN_predicted,0.1,9,9,GGTGCTTTTGTGTATGAATC,0,4409591
yadN_predicted,0.1,9,9,GGTCTATTTCAAGACTATTG,0,4427402
yadN_predicted,0.1,9,9,GGTCCCTCGTACCCCCATAA,0,4405441
yadN_predicted,0.1,9,9,GGTAATAGTTCCAAATGGCT,0,4425330
yadN_predicted,0.1,9,9,GGTAAGAAAGAGCTCTCCCA,0,4422812
yadN_predicted,0.1,9,9,GGGTAGGGCACATCCTACAT,0,4433782
yadN_predicted,0.1,9,9,GGGGGTATACACGCACCCTA,0,4434535
yadN_predicted,0.1,9,9,GGGCTGTCCAGTTTGACGTA,0,4429112
yadN_predicted,0.1,9,9,GGGCTACGACTCCTCCGGTT,0,4430437
yadN_predicted,0.1,9,9,GGGCGGAGGGGGAGGTCTCT,0,4419415
yadN_predicted,0.1,9,9,GGCGGGGACGCAGCGTCGGT,0,4423059
yadN_predicted,0.1,9,9,GGCCCGGATGATTGATGCGC,0,4415375
yadN_predicted,0.1,9,9,GGCCCCCTTGAGGCCCGGTA,0,4403384
yadN_predicted,0.1,9,9,GGCAACGGGAATTTCTTATG,0,4412773
yadN_predicted,0.1,9,9,GGAGCTTCCACGAGCTATTT,0,4418626
yadN_predicted,0.1,9,9,GGAGATGGCGTAAAGATTCA,0,4425603
yadN_predicted,0.1,9,9,GGAGATACTAGTGTTAGAAC,0,4409140
yadN_predicted,0.1,9,9,GGACTAGATTCTTCGCGCAT,0,4435250
yadN_predicted,0.1,9,9,GGAAGTATCTCCTCTTCGGG,0,4417994
yadN_predicted,0.1,9,9,GGAAGTAACTTCGTTGAACG,0,4424367
yadN_predicted,0.1,9,9,GGAACGCCGGATCGTTCTTT,0,4421997
yadN_predicted,0.1,9,9,GGAAAGATTGAGCTTATGAT,0,4423651
yadN_predicted,0.1,9,9,GCTGTGTCTAGCAATGATGT,0,4426917
yadN_predicted,0.1,9,9,GCTCTGCTTGTTAATTCCTG,0,4435447
yadN_predicted,0.1,9,9,GCTCGATACGGTTACGGGCT,0,4408125
yadN_predicted,0.1,9,9,GCTAGATCCCGCTAATGTGG,0,4431235
yadN_predicted,0.1,9,9,GCTACAAACTGGGTAGGATA,0,4419057
yadN_predicted,0.1,9,9,GCGTAACGAACCCAGGCATG,0,4430583
yadN_predicted,0.1,9,9,GCGCTCTAGGTTCTGCACGG,0,4407637
yadN_predicted,0.1,9,9,GCGCGTGTTGCCTCTTGTCC,0,4408584
yadN_predicted,0.1,9,9,GCGAGTGTCCGCATCCTTTA,0,4429203
yadN_predicted,0.1,9,9,GCGAGCAACCCATACGGTAT,0,4418717
yadN_predicted,0.1,9,9,GCGAACCCCTCGATGAGATA,0,4432448
yadN_predicted,0.1,9,9,GCCTAGCAGTTGAGGTATCG,0,4422816
yadN_predicted,0.1,9,9,GCCGCTACGGATAGCTTCTT,0,4421840
yadN_predicted,0.1,9,9,GCCGATGGCATTACTCAGCC,0,4406261
yadN_predicted,0.1,9,9,GCCCACCCTCAGATATTTCG,0,4433243
yadN_predicted,0.1,9,9,GCCATCTAGGTGGGCCGCAG,0,4425237
yadN_predicted,0.1,9,9,GCAACCTTAAAACGGGTGCT,0,4408327
yadN_predicted,0.1,9,9,GATTCTTCATCGTGAGCAGT,0,4411366
yadN_predicted,0.1,9,9,GATTACCCTTTGGGAGCGAA,0,4421368
yadN_predicted,0.1,9,9,GATGGTCGTGTATTAGCCTC,0,4419030
yadN_predicted,0.1,9,9,GATACCGTACCCGACCGCCC,0,4428618
yadN_predicted,0.1,9,9,GATACACTACACGGGAGGAT,0,4409454
yadN_predicted,0.1,9,9,GAGGGTACGACAAAACGTTT,0,4410526
yadN_predicted,0.1,9,9,GAGGCAAAATATCTACAAAC,0,4408802
yadN_predicted,0.1,9,9,GAGGAACAGGTCTTTACCAC,0,4419968
yadN_predicted,0.1,9,9,GAGCTCCAAGTAACTGAAAC,0,4424332
yadN_predicted,0.1,9,9,GAGCGAATCCAGTGTTAGCT,0,4429685
yadN_predicted,0.1,9,9,GAGCCTGGTCGGCAATGGCA,0,4424169
yadN_predicted,0.1,9,9,GAGATCGATCGGTAAATTGC,0,4423984
yadN_predicted,0.1,9,9,GACTAGGGCATAAGTTCGAG,0,4405628
yadN_predicted,0.1,9,9,GACGTTTACCCGTGCACCTC,0,4416321
yadN_predicted,0.1,9,9,GACCGTCGATGGCAGGCGTA,0,4434832
yadN_predicted,0.1,9,9,GACAAATTTTCCTGGAGTTG,0,4409180
yadN_predicted,0.1,9,9,GAATTTCTGGTCCTATAACC,0,4405362
yadN_predicted,0.1,9,9,GAATATGGACCTGATCTACA,0,4424284
yadN_predicted,0.1,9,9,GAAACTGGCTCGAATGTTTT,0,4407451
yadN_predicted,0.1,9,9,CTTTTCTGGCCTATACGGAG,0,4417560
yadN_predicted,0.1,9,9,CTTTCTACCTACGACCGTCA,0,4409236
yadN_predicted,0.1,9,9,CTTGGCTCAGCTACCAGAAT,0,4402806
yadN_predicted,0.1,9,9,CTTGATAGAGGCGTGGTGGA,0,4426590
yadN_predicted,0.1,9,9,CTTCGTTCGCCAGTAGGGGA,0,4424326
yadN_predicted,0.1,9,9,CTTCCGCTTCATCTGTAGCA,0,4432649
yadN_predicted,0.1,9,9,CTTCCGCTGTTAATTCAGTA,0,4407357
yadN_predicted,0.1,9,9,CTTCATGGAGCGGCCCGTGG,0,4413803
yadN_predicted,0.1,9,9,CTTACTTGTGAATTGTTAGT,0,4417679
yadN_predicted,0.1,9,9,CTTAATACGACACGACGGTT,0,4425642
yadN_predicted,0.1,9,9,CTTAACCCGATAAAGCCACA,0,4434429
yadN_predicted,0.1,9,9,CTGTGATGTAGGCCTAGAAA,0,4420079
yadN_predicted,0.1,9,9,CTGGTTAAAGCAAGGTTTCG,0,4421877
yadN_predicted,0.1,9,9,CTGGTGTGAGCACCAATCCC,0,4427645
yadN_predicted,0.1,9,9,CTGGCTCGATAGACTCGCCT,0,4419735
yadN_predicted,0.1,9,9,CTGGCAAGGTGCTTAGCATC,0,4423582
yadN_predicted,0.1,9,9,CTGCTGGATATGACGGATAC,0,4407831
yadN_predicted,0.1,9,9,CTGATGGGAACTTAAACTAG,0,4417411
yadN_predicted,0.1,9,9,CTCCGTGTTCTGCGGGCGGG,0,4413523
yadN_predicted,0.1,9,9,CTCACCTACCGTCACCACTG,0,4433194
yadN_predicted,0.1,9,9,CTATTTCACTGCTCGAATCT,0,4429233
yadN_predicted,0.1,9,9,CTATAGTCACTAGACGGACT,0,4418852
yadN_predicted,0.1,9,9,CTAGTGAACGTTGGATTGGT,0,4424870
yadN_predicted,0.1,9,9,CTAGTAGTTCGAGCACGTCA,0,4424083
yadN_predicted,0.1,9,9,CTAGGTATGTTCAGTGTGCG,0,4409738
yadN_predicted,0.1,9,9,CTAGAGTGAAAATTTTGGGT,0,4429609
yadN_predicted,0.1,9,9,CTACGGCAACCATGATAAGT,0,4425750
yadN_predicted,0.1,9,9,CTAAGTTAGGCCTCGAGCCG,0,4428935
yadN_predicted,0.1,9,9,CGTTCTCACTATGCCTAGTC,0,4415134
yadN_predicted,0.1,9,9,CGTTACAGTCCCTTCTTATA,0,4420039
yadN_predicted,0.1,9,9,CGTGTTATCCAGCATACTCG,0,4404190
yadN_predicted,0.1,9,9,CGTGACTCTATGTGGCGCTT,0,4410456
yadN_predicted,0.1,9,9,CGTCCTTGTTTAGCGTAGAA,0,4423892
yadN_predicted,0.1,9,9,CGTCAGCAGAAAGCCCGCAG,0,4403142
yadN_predicted,0.1,9,9,CGGTGACGGGATTTAATGTA,0,4408945
yadN_predicted,0.1,9,9,CGGTCGAAAGCAATTAAGCG,0,4432788
yadN_predicted,0.1,9,9,CGGTACAAGGGCCGTATTAT,0,4403085
yadN_predicted,0.1,9,9,CGGTAATGCTAACTGAGGGT,0,4423129
yadN_predicted,0.1,9,9,CGGGTGAGCCGCTCGGGGGG,0,4435390
yadN_predicted,0.1,9,9,CGGGACCGTCCGGTAACGAG,0,4428578
yadN_predicted,0.1,9,9,CGGCGACAACTGAGAATGAT,0,4420425
yadN_predicted,0.1,9,9,CGGATAATTTGGGTGTTTAG,0,4410707
yadN_predicted,0.1,9,9,CGCTCAAGCGCTGTGCCGTT,0,4404166
yadN_predicted,0.1,9,9,CGCGCCTCGGGTTCCAGTTG,0,4413946
yadN_predicted,0.1,9,9,CGCGCCGAATTCTACAATCA,0,4430155
yadN_predicted,0.1,9,9,CGCGACCGGGACTCAGGTTT,0,4408136
yadN_predicted,0.1,9,9,CGCACGGTTCCCGAGTCAGC,0,4414997
yadN_predicted,0.1,9,9,CGCAATCCTATGATTGATTG,0,4412865
yadN_predicted,0.1,9,9,CGAGCGTAAGGGGTGCCAGT,0,4425834
yadN_predicted,0.1,9,9,CGAGCAAGTTCGCACTGGAA,0,4422543
yadN_predicted,0.1,9,9,CGACATTTCCGTGTACAAGT,0,4426282
yadN_predicted,0.1,9,9,CGAATGGATCATGTAGTATA,0,4433218
yadN_predicted,0.1,9,9,CGAAGGTGGCAGACCTACCG,0,4402941
yadN_predicted,0.1,9,9,CGAAATCGCATGACGATCTC,0,4405776
yadN_predicted,0.1,9,9,CCTTCTAGGCTGTGATCACA,0,4415285
yadN_predicted,0.1,9,9,CCTGTCATCGTGCATCCGAT,0,4413706
yadN_predicted,0.1,9,9,CCTGCGTCCGATATGGGTTG,0,4431388
yadN_predicted,0.1,9,9,CCTAGTTCTGCCCACAAAGG,0,4418082
yadN_predicted,0.1,9,9,CCGGTTTAGATGGTCCGAGC,0,4432004
yadN_predicted,0.1,9,9,CCGGAGGATGGTCGCGGTAG,0,4418650
yadN_predicted,0.1,9,9,CCGGACCAAGTTAGGGAAGT,0,4420407
yadN_predicted,0.1,9,9,CCGCCAATCACCGTCGTATC,0,4420873
yadN_predicted,0.1,9,9,CCGATGATGGCGCCTACCGG,0,4416340
yadN_predicted,0.1,9,9,CCGACTAGCGAGTGGTCTGT,0,4405808
yadN_predicted,0.1,9,9,CCCGGACAATGTGCGTGGAG,0,4423019
yadN_predicted,0.1,9,9,CCCGCGTATTATGGACTCTC,0,4413318
yadN_predicted,0.1,9,9,CCCGCCCGTTGCGTAGTAGT,0,4433874
yadN_predicted,0.1,9,9,CCCCCAGCAAGCCTCTATAC,0,4428895
yadN_predicted,0.1,9,9,CCAGGTCTCAGTTTGCGAAG,0,4428113
yadN_predicted,0.1,9,9,CCAGCAACTGTGATATCACA,0,4409184
yadN_predicted,0.1,9,9,CCACGCTTATATTCAGACGG,0,4429533
yadN_predicted,0.1,9,9,CCACCTACACGATAAATCCA,0,4434424
yadN_predicted,0.1,9,9,CCAAGTCGATTCACATGAAA,0,4428925
yadN_predicted,0.1,9,9,CCAAGAGGCGTCGCAGTCAC,0,4425992
yadN_predicted,0.1,9,9,CATTATCCGAGTTCGAAATA,0,4427413
yadN_predicted,0.1,9,9,CATTACGGTAGTGTTGATCG,0,4417612
yadN_predicted,0.1,9,9,CATTAAAGAGCGCAATTATT,0,4435216
yadN_predicted,0.1,9,9,CATGGGTATGTATGTCTCAT,0,4418630
yadN_predicted,0.1,9,9,CATCCGCGCTTACGAGCGTA,0,4427696
yadN_predicted,0.1,9,9,CATCAATTGTGGCAGGTCCT,0,4418240
yadN_predicted,0.1,9,9,CATATTTACTGGTGTCTTGC,0,4422341
yadN_predicted,0.1,9,9,CAGTTCTTTGGGACACCGGG,0,4425370
yadN_predicted,0.1,9,9,CAGGTTGTACGGTGTTTCGG,0,4417697
yadN_predicted,0.1,9,9,CAGCTAGGCCACCCTTAGAG,0,4427913
yadN_predicted,0.1,9,9,CAGCCCGTGCTCCACTTGGA,0,4418248
yadN_predicted,0.1,9,9,CAGAAAGAAGTTGTTCTCAT,0,4418331
yadN_predicted,0.1,9,9,CACGTGGTTCAGCGAGATGC,0,4428761
yadN_predicted,0.1,9,9,CACGCGACACAGTACTGTTC,0,4435190
yadN_predicted,0.1,9,9,CACCTGTTGTGGGTACTTTA,0,4412807
yadN_predicted,0.1,9,9,CACCGAGATAGTGTCAATCC,0,4428700
yadN_predicted,0.1,9,9,CACATGTCGTGAATTCAAGT,0,4434903
yadN_predicted,0.1,9,9,CAAGTGTATTGTTTAGGTGT,0,4423899
yadN_predicted,0.1,9,9,CAACTCGAGAGCTGCATGTC,0,4423548
yadN_predicted,0.1,9,9,CAACGGCGGTTCAGGGCGGG,0,4404024
yadN_predicted,0.1,9,9,CAAAGTGTTGGCGCCCGTGT,0,4415086
yadN_predicted,0.1,9,9,ATTGTACTCCTTACCGAGGT,0,4405737
yadN_predicted,0.1,9,9,ATTGGTAGATTCAGTAAGGA,0,4412087
yadN_predicted,0.1,9,9,ATTCCGGGTTCCCAAGAATT,0,4415547
yadN_predicted,0.1,9,9,ATTCATTCGACTCAAGGATC,0,4435109
yadN_predicted,0.1,9,9,ATTAGTCTGCGTATTGATAT,0,4415106
yadN_predicted,0.1,9,9,ATTAGCATCAGTCACGGAGA,0,4426696
yadN_predicted,0.1,9,9,ATGTTACCCCCTCCTACCGA,0,4404479
yadN_predicted,0.1,9,9,ATGTAACAAATGAGGGACTC,0,4429367
yadN_predicted,0.1,9,9,ATGCTTGCTATACCTCAACT,0,4428971
yadN_predicted,0.1,9,9,ATGCTCTAAAAGTCCCTCCG,0,4423410
yadN_predicted,0.1,9,9,ATGCGCTTTTTTCATCGCCC,0,4426034
yadN_predicted,0.1,9,9,ATGCACTTGGCCAAAACTAC,0,4406294
yadN_predicted,0.1,9,9,ATGATAACTAGGTAAGAAAC,0,4414298
yadN_predicted,0.1,9,9,ATGAGCACTCGTGCGGAATG,0,4413991
yadN_predicted,0.1,9,9,ATCTCGGCACGGTAGGCTGA,0,4422663
yadN_predicted,0.1,9,9,ATCGGCGTTGGAGACTAAAG,0,4409408
yadN_predicted,0.1,9,9,ATCATCTTGAGCGCCCGAAC,0,4421300
yadN_predicted,0.1,9,9,ATATCCTGGCGCTTCGTTAG,0,4417098
yadN_predicted,0.1,9,9,ATAGTTCCCCTGACTCATTA,0,4410961
yadN_predicted,0.1,9,9,ATAGTGCATGCATAGTGCTT,0,4418044
yadN_predicted,0.1,9,9,ATAGGGGTGGGGGAGCTGCA,0,4435262
yadN_predicted,0.1,9,9,ATAGGCTTTATCGAGCTACG,0,4404355
yadN_predicted,0.1,9,9,ATACTTGTGGTTTCTGGCTA,0,4412762
yadN_predicted,0.1,9,9,ATACGATGGAGTCAGGACCT,0,4435849
yadN_predicted,0.1,9,9,ATACAGGAGGTGGATGGATC,0,4415744
yadN_predicted,0.1,9,9,ATAAGCAATCTAATATATGT,0,4432024
yadN_predicted,0.1,9,9,AGTCGGCGCATACGAGTTCG,0,4432098
yadN_predicted,0.1,9,9,AGTCGGCCCAGTGTTGGGTA,0,4428792
yadN_predicted,0.1,9,9,AGTCATTTGGATGTCCTGAG,0,4405761
yadN_predicted,0.1,9,9,AGTATTCTCATGGGGCGACG,0,4408196
yadN_predicted,0.1,9,9,AGGTCTGGCTACGGCTCTGT,0,4411565
yadN_predicted,0.1,9,9,AGGTCTATAATTATCGGATC,0,4410875
yadN_predicted,0.1,9,9,AGGGGAGTCCTGGCACCTCG,0,4426905
yadN_predicted,0.1,9,9,AGGGCTTACTCCACCGTAGA,0,4425203
yadN_predicted,0.1,9,9,AGGGCTAGCAGAAGTTTCAA,0,4407879
yadN_predicted,0.1,9,9,AGGATCTGGCCCGAAGTTAG,0,4403043
yadN_predicted,0.1,9,9,AGGATACACTTCTCCGACGA,0,4403096
yadN_predicted,0.1,9,9,AGCTCCTCTTCTTCATTCGT,0,4407918
yadN_predicted,0.1,9,9,AGCTAGCGGGTTGCTTTTTG,0,4413762
yadN_predicted,0.1,9,9,AGCGCCCGGGCTTCTGCCCT,0,4404671
yadN_predicted,0.1,9,9,AGCCGGACCCAGGAAAGGCA,0,4418471
yadN_predicted,0.1,9,9,AGCATGATGTATGGGAACCA,0,4435674
yadN_predicted,0.1,9,9,AGCACTGATTCACCGCATGA,0,4411188
yadN_predicted,0.1,9,9,AGCACTCCAGGGCTTCACAA,0,4431938
yadN_predicted,0.1,9,9,AGAGTTTGCAGCGTGATGGA,0,4424069
yadN_predicted,0.1,9,9,ACGGTAAATATGAGGATTGA,0,4425779
yadN_predicted,0.1,9,9,ACGGGCGTGACCGGGGCAAT,0,4421073
yadN_predicted,0.1,9,9,ACGCCCCTCTAAATCGTGGC,0,4420499
yadN_predicted,0.1,9,9,ACGAGTTCATGAACCGGTGG,0,4406794
yadN_predicted,0.1,9,9,ACGACATGCCAGGCTGAAGC,0,4427158
yadN_predicted,0.1,9,9,ACCTCAGCGAAGTCACGGTC,0,4421503
yadN_predicted,0.1,9,9,ACCTATGTACCGAAAATGCA,0,4413454
yadN_predicted,0.1,9,9,ACCGTTGCGAAAGGCTCGGT,0,4410167
yadN_predicted,0.1,9,9,ACCGTTCCTGACTATTTGCT,0,4413491
yadN_predicted,0.1,9,9,ACCCCAATCAGACCGCTGTA,0,4407984
yadN_predicted,0.1,9,9,ACAGTCCCTTGGCTAATAAG,0,4413520
yadN_predicted,0.1,9,9,ACAGGTTTTACGTGTTGAGG,0,4425695
yadN_predicted,0.1,9,9,ACAGGTCATAGCACATGGTG,0,4420013
yadN_predicted,0.1,9,9,ACAACTCGGTTACACCTCAA,0,4408616
yadN_predicted,0.1,9,9,ACAAAGAGGAGTTGCGTATT,0,4408067
yadN_predicted,0.1,9,9,AATTCCTTTGCCGAGCTGAT,0,4429398
yadN_predicted,0.1,9,9,AATTCACGAAATAAATTCCA,0,4420433
yadN_predicted,0.1,9,9,AATCTCAGTCCTAGGCAGTT,0,4408431
yadN_predicted,0.1,9,9,AATCGTTACAGTACTGCGCT,0,4428267
yadN_predicted,0.1,9,9,AATCGAAAGCAGAAAACAGC,0,4432312
yadN_predicted,0.1,9,9,AATACGACCAGCTAGAGACA,0,4409944
yadN_predicted,0.1,9,9,AAGTGCAGAAACCATCATCC,0,4429578
yadN_predicted,0.1,9,9,AAGTACCTAGTTACCACCGA,0,4424005
yadN_predicted,0.1,9,9,AAGGCGTGTAGTCACCGCGA,0,4406124
yadN_predicted,0.1,9,9,AAGCGTCACGCCTTTGGCGT,0,4425724
yadN_predicted,0.1,9,9,AAGACGTGATATCGGCCTCA,0,4412238
yadN_predicted,0.1,9,9,AACGTCAATGCTTACCTCAC,0,4420540
yadN_predicted,0.1,9,9,AACGGCATCGGAGCCTGGCT,0,4432440
yadN_predicted,0.1,9,9,AACGCGAAGAGACTTCTGGG,0,4402986
yadN_predicted,0.1,9,9,AACCCATTGACACCCGAGGC,0,4421796
yadN_predicted,0.1,9,9,AACATAATTCTCGTCACTTG,0,4415937
yadN_predicted,0.1,9,9,AACAATTCCAGGCCGTCTCA,0,4414033
yadN_predicted,0.1,9,9,AAATTATAAGTTGTGAAGCT,0,4413493
yadN_predicted,0.1,9,9,AAACTTCGTCTTCCAAAGGC,0,4417803
yadN_predicted,0.1,9,9,AAACTAAGTCCCGGACTCAT,0,4419717
yadN_predicted,0.1,9,9,AAACGGACTGCCCGGAGTAT,0,4404031
yadN_predicted,0.1,9,9,AAACGCTTGAGGAACCGCGT,0,4424307
yadN_predicted,0.1,9,9,AAACCATTTATAAAGAAGCA,0,4405790
yadN_predicted,0.1,9,9,AAAATCACCGCACTCCTTAG,0,4403385
yadN_predicted,0.1,9,9,AAAAGGGAGAATACGAACAT,0,4426399
yadN_predicted,0.1,9,9,AAAAATTGTTGCGCATATGC,0,4419013
yadN_predicted,0.1111111111111111,8,8,TTTTTACGGAGCTTTCGACA,0,4404881
yadN_predicted,0.1111111111111111,8,8,TTGTACTCCGTGGATAAGGC,0,4425015
yadN_predicted,0.1111111111111111,8,8,TTCGGACAGAAATCAATGGG,0,4405740
yadN_predicted,0.1111111111111111,8,8,TTCCGGACGTGGTGCCGATG,0,4410302
yadN_predicted,0.1111111111111111,8,8,TTCCCTGATGACTCACTCTA,0,4435905
yadN_predicted,0.1111111111111111,8,8,TTCCATCTTTCCGAGTGACG,0,4420767
yadN_predicted,0.1111111111111111,8,8,TTCCATAAAAATACCCCCAA,0,4424041
yadN_predicted,0.1111111111111111,8,8,TTCAGAGTCATACCAGTTGA,0,4409740
yadN_predicted,0.1111111111111111,8,8,TTCACATCCCGCGTCTTAGA,0,4427408
yadN_predicted,0.1111111111111111,8,8,TTCACAGAATCCACTCGCGC,0,4422217
yadN_predicted,0.1111111111111111,8,8,TTATCAAGGTGAATGGATGC,0,4415549
yadN_predicted,0.1111111111111111,8,8,TTAGCCTTTCTGCACTAAGC,0,4409606
yadN_predicted,0.1111111111111111,8,8,TTACTCAAGAGCGCCAGAGG,0,4427364
yadN_predicted,0.1111111111111111,8,8,TTACGGGCTGTAACTTACAA,0,4421690
yadN_predicted,0.1111111111111111,8,8,TTAAACAAGATTGGCATATT,0,4408930
yadN_predicted,0.1111111111111111,8,8,TGTTGCCGATGGTGCCTTAC,0,4425861
yadN_predicted,0.1111111111111111,8,8,TGTGGGTAATGTCTTGATTA,0,4423872
yadN_predicted,0.1111111111111111,8,8,TGTGCTGCTACTTAGATGGC,0,4431894
yadN_predicted,0.1111111111111111,8,8,TGTGCTAGCTTTAACATTCA,0,4428830
yadN_predicted,0.1111111111111111,8,8,TGTGCAGCTGGGCCTGATAT,0,4424255
yadN_predicted,0.1111111111111111,8,8,TGTGAGGAATGTAGGATTCC,0,4406724
yadN_predicted,0.1111111111111111,8,8,TGTCGTGTCACATTTGGTGG,0,4431177
yadN_predicted,0.1111111111111111,8,8,TGTCGGGGCGGCCCGGCCGA,0,4407934
yadN_predicted,0.1111111111111111,8,8,TGTCAGAGGATGTCCGCCCA,0,4424113
yadN_predicted,0.1111111111111111,8,8,TGTCAGAAAGTATTTCCGAA,0,4412202
yadN_predicted,0.1111111111111111,8,8,TGTATTGTCAATCACGATTC,0,4417302
yadN_predicted,0.1111111111111111,8,8,TGTATCTTAGCAATGTTGGA,0,4426353
yadN_predicted,0.1111111111111111,8,8,TGGTTCCCTCCATCGAAAGG,0,4406008
yadN_predicted,0.1111111111111111,8,8,TGGTCATGTACGTAAGCACG,0,4434573
yadN_predicted,0.1111111111111111,8,8,TGGGATGTGTTGCGAGATTT,0,4422089
yadN_predicted,0.1111111111111111,8,8,TGGCCAACTGAAGGAAATAA,0,4405268
yadN_predicted,0.1111111111111111,8,8,TGGCACGAACATCCGGAACT,0,4435652
yadN_predicted,0.1111111111111111,8,8,TGCTTACTAGCTACTTAGGA,0,4422018
yadN_predicted,0.1111111111111111,8,8,TGCTAGTAGGAGGGAAACCA,0,4405541
yadN_predicted,0.1111111111111111,8,8,TGCGTTATCGATAGCCGGAG,0,4420680
yadN_predicted,0.1111111111111111,8,8,TGCGCTCTATATGAAGACGT,0,4410256
yadN_predicted,0.1111111111111111,8,8,TGCCTGGTGTGGGTTGGGAA,0,4423064
yadN_predicted,0.1111111111111111,8,8,TGAGACTCAAAGGAATTTGA,0,4419056
yadN_predicted,0.1111111111111111,8,8,TGACGGGGAATGCACGATTG,0,4431233
yadN_predicted,0.1111111111111111,8,8,TGACGAGCGTTGCTGCTATG,0,4422474
yadN_predicted,0.1111111111111111,8,8,TCTTAGGGGGATCCTCAACA,0,4413279
yadN_predicted,0.1111111111111111,8,8,TCTCTCGCCGCATGCCCGAT,0,4431762
yadN_predicted,0.1111111111111111,8,8,TCTCGAACGTAACAGTGGGA,0,4435259
yadN_predicted,0.1111111111111111,8,8,TCGGTTGGGAACCAATCACT,0,4404285
yadN_predicted,0.1111111111111111,8,8,TCGGGGGGAGTAAACTTATG,0,4434115
yadN_predicted,0.1111111111111111,8,8,TCGCAGTTTGTTTTCTCCTG,0,4420938
yadN_predicted,0.1111111111111111,8,8,TCGATGAGTTCCACGTGGAA,0,4425890
yadN_predicted,0.1111111111111111,8,8,TCGACTCCGATAGGGTAAGC,0,4416295
yadN_predicted,0.1111111111111111,8,8,TCGACGTATGTTGTTTGGAG,0,4403873
yadN_predicted,0.1111111111111111,8,8,TCGAAGCTTGCTTATCATAG,0,4424664
yadN_predicted,0.1111111111111111,8,8,TCCTTGCCAAAGGTCGCTGA,0,4404286
yadN_predicted,0.1111111111111111,8,8,TCCGGGCACATGTACGAGCA,0,4410681
yadN_predicted,0.1111111111111111,8,8,TCCGGCGAGTTTATGCACGA,0,4425909
yadN_predicted,0.1111111111111111,8,8,TCCATAAAACGTGCTCAAAA,0,4418592
yadN_predicted,0.1111111111111111,8,8,TCCAGTACACTGTGGATCCA,0,4417074
yadN_predicted,0.1111111111111111,8,8,TCATTGGAAAATTTTGGGCA,0,4406961
yadN_predicted,0.1111111111111111,8,8,TCATAGATCCGCGCTACGTA,0,4405475
yadN_predicted,0.1111111111111111,8,8,TCAGCGTCTTAAAAGTATAT,0,4430356
yadN_predicted,0.1111111111111111,8,8,TCAGCGATCGAGCGGATCAT,0,4408813
yadN_predicted,0.1111111111111111,8,8,TCACTAACTCCCTTGGGCTT,0,4407432
yadN_predicted,0.1111111111111111,8,8,TCACATCATAATTACAGACG,0,4414332
yadN_predicted,0.1111111111111111,8,8,TCAAATGTTTTCGCGCTCAA,0,4426238
yadN_predicted,0.1111111111111111,8,8,TATTTCGTCCGTGATTGTTT,0,4422889
yadN_predicted,0.1111111111111111,8,8,TATGATAGTGCAAGTCACTT,0,4431443
yadN_predicted,0.1111111111111111,8,8,TATACTGCCAATCGGCAAGG,0,4406587
yadN_predicted,0.1111111111111111,8,8,TAGGGGACCCTTATAGCCCA,0,4415066
yadN_predicted,0.1111111111111111,8,8,TAGCGACAATCCTATACAGG,0,4426959
yadN_predicted,0.1111111111111111,8,8,TAGACATACGAGCACACAGT,0,4403950
yadN_predicted,0.1111111111111111,8,8,TAGACAACCCGGAGGATCAC,0,4408015
yadN_predicted,0.1111111111111111,8,8,TACTTTGAGCTAAGGCGGCC,0,4425193
yadN_predicted,0.1111111111111111,8,8,TACTGGATACTCTGAGAGCA,0,4419867
yadN_predicted,0.1111111111111111,8,8,TACTAGCCTGTCAGCTGTAA,0,4432063
yadN_predicted,0.1111111111111111,8,8,TACGGTTCTCCCGCGAGCTG,0,4417135
yadN_predicted,0.1111111111111111,8,8,TACGATTCTACACGCTATCT,0,4405994
yadN_predicted,0.1111111111111111,8,8,TACAAAGTCGCACATGAGAT,0,4415058
yadN_predicted,0.1111111111111111,8,8,TAATAGGAGCAAGACATGAG,0,4411420
yadN_predicted,0.1111111111111111,8,8,TAAGGGAAGGCGTTATGCCT,0,4425752
yadN_predicted,0.1111111111111111,8,8,TAAGCGGCTATCTTTGGGGG,0,4414138
yadN_predicted,0.1111111111111111,8,8,TAAGCCTATCGTCAAGGCCA,0,4418560
yadN_predicted,0.1111111111111111,8,8,TAACGGGATCCATCAGAAGC,0,4423842
yadN_predicted,0.1111111111111111,8,8,TAACACAGGCCTGTTATTGT,0,4409637
yadN_predicted,0.1111111111111111,8,8,GTTTTCAGGTACTCCTCTAA,0,4416440
yadN_predicted,0.1111111111111111,8,8,GTTTTACAGTCTGCATAACG,0,4404799
yadN_predicted,0.1111111111111111,8,8,GTTTGTGTCACGAGCATCGG,0,4414972
yadN_predicted,0.1111111111111111,8,8,GTTGTCATCCCTTATTCTTT,0,4430153
yadN_predicted,0.1111111111111111,8,8,GTTGGCTACCCCTCCCTTTA,0,4412367
yadN_predicted,0.1111111111111111,8,8,GTTGAGTTTGCGTTTTAGTC,0,4409421
yadN_predicted,0.1111111111111111,8,8,GTTCTAGTTAGTTGCGAAAG,0,4412531
yadN_predicted,0.1111111111111111,8,8,GTTCGGTAATCTTTGCTCAT,0,4406819
yadN_predicted,0.1111111111111111,8,8,GTTCCAATACGACCATCCCT,0,4417147
yadN_predicted,0.1111111111111111,8,8,GTTCACTCACTTTCATTTAT,0,4402758
yadN_predicted,0.1111111111111111,8,8,GTTACTTATAGGGGTATCTC,0,4421679
yadN_predicted,0.1111111111111111,8,8,GTTACTATTGCACGACTCGT,0,4410849
yadN_predicted,0.1111111111111111,8,8,GTTACATGGGTTATCGTTGT,0,4412108
yadN_predicted,0.1111111111111111,8,8,GTTAAAATCAGTAACCTCTT,0,4430856
yadN_predicted,0.1111111111111111,8,8,GTGCTTTTAGGAAGGAGTAC,0,4425965
yadN_predicted,0.1111111111111111,8,8,GTGCGGAATACCCGTCTATA,0,4426755
yadN_predicted,0.1111111111111111,8,8,GTGCCATACAACTGCGCGCC,0,4423917
yadN_predicted,0.1111111111111111,8,8,GTGATCGTGGGCATTGCCTA,0,4425233
yadN_predicted,0.1111111111111111,8,8,GTGAGGTGCGAGGTCCAACG,0,4421271
yadN_predicted,0.1111111111111111,8,8,GTCTCTAACTAGCAGCACAT,0,4428992
yadN_predicted,0.1111111111111111,8,8,GTCGGTAGCTATTCAGCAAG,0,4428143
yadN_predicted,0.1111111111111111,8,8,GTCGCGGCGCTAATCATCAG,0,4413050
yadN_predicted,0.1111111111111111,8,8,GTCGAGTGCACTCCCCCTAT,0,4434060
yadN_predicted,0.1111111111111111,8,8,GTCCACTAAGGGATAGCACG,0,4415516
yadN_predicted,0.1111111111111111,8,8,GTCAAGTATATATGATAGAC,0,4405842
yadN_predicted,0.1111111111111111,8,8,GTATAGCAGACTCGGTTGTT,0,4416435
yadN_predicted,0.1111111111111111,8,8,GTAGACTGGAGCACGCAGCG,0,4413923
yadN_predicted,0.1111111111111111,8,8,GTAAAGTTGCTGTGCGGTCC,0,4434817
yadN_predicted,0.1111111111111111,8,8,GTAAACCAGACCTGGAATTC,0,4429403
yadN_predicted,0.1111111111111111,8,8,GGTTGGCATCCCGGCGAATG,0,4409586
yadN_predicted,0.1111111111111111,8,8,GGTCTGACCTTTTCCTCTTT,0,4402849
yadN_predicted,0.1111111111111111,8,8,GGTCATGACCCTTGTACACA,0,4421471
yadN_predicted,0.1111111111111111,8,8,GGTAAAGTTCTAGTAGCAGA,0,4408929
yadN_predicted,0.1111111111111111,8,8,GGGTGCGGGTGTAAAATCGA,0,4420598
yadN_predicted,0.1111111111111111,8,8,GGGTCTCTTGTGGGTTAAGC,0,4433488
yadN_predicted,0.1111111111111111,8,8,GGGGTGCGCTGTCTGGGTCT,0,4405538
yadN_predicted,0.1111111111111111,8,8,GGGGGTTTTTTGAGTGTGAA,0,4416351
yadN_predicted,0.1111111111111111,8,8,GGGGCCTGATATAGAATTTA,0,4427686
yadN_predicted,0.1111111111111111,8,8,GGGGCACTAAGTTGGTGTGC,0,4427994
yadN_predicted,0.1111111111111111,8,8,GGGCGCAGTCATGCAGCTGC,0,4414229
yadN_predicted,0.1111111111111111,8,8,GGGCATGCTAGGTAGGCCAA,0,4429298
yadN_predicted,0.1111111111111111,8,8,GGGACTCCTCGTCAATGGAA,0,4404283
yadN_predicted,0.1111111111111111,8,8,GGCTTTACAGTGTTAAACAG,0,4404021
yadN_predicted,0.1111111111111111,8,8,GGCTTCCCCCCCGGGTAGCC,0,4434682
yadN_predicted,0.1111111111111111,8,8,GGCTCTGTGAGCATGGAATA,0,4421747
yadN_predicted,0.1111111111111111,8,8,GGCGCCATCTGTCATGGCTT,0,4421571
yadN_predicted,0.1111111111111111,8,8,GGCGCCAACTCTGTCATCCG,0,4404219
yadN_predicted,0.1111111111111111,8,8,GGCCTGTTATGTCGTCAAAA,0,4427517
yadN_predicted,0.1111111111111111,8,8,GGCATTCTACTAAGTCCGCC,0,4404363
yadN_predicted,0.1111111111111111,8,8,GGCAGCGGCGGCCTCGATCT,0,4418402
yadN_predicted,0.1111111111111111,8,8,GGAGGAGTTTAGCGGTGGGT,0,4431691
yadN_predicted,0.1111111111111111,8,8,GGAGCTAGCATTCAACCCGT,0,4409689
yadN_predicted,0.1111111111111111,8,8,GGACGGACTTCCTATCGTGA,0,4433065
yadN_predicted,0.1111111111111111,8,8,GGACGCGGTTTGGTGAGAAG,0,4428497
yadN_predicted,0.1111111111111111,8,8,GCTTTATCAACCATTGCCTG,0,4419425
yadN_predicted,0.1111111111111111,8,8,GCTTCTACATGATCCTTAAT,0,4409845
yadN_predicted,0.1111111111111111,8,8,GCTTCACTTCAGGGTATATC,0,4435317
yadN_predicted,0.1111111111111111,8,8,GCTTATTGAAGTCATTTGAG,0,4426316
yadN_predicted,0.1111111111111111,8,8,GCTGTAGGGATACTGACGAG,0,4402810
yadN_predicted,0.1111111111111111,8,8,GCTGCTTGCGGGTTGTCCAA,0,4422861
yadN_predicted,0.1111111111111111,8,8,GCTCTTCCTGGGAGAGATCA,0,4411497
yadN_predicted,0.1111111111111111,8,8,GCTCGTTTGTGTTCTAAGGT,0,4426265
yadN_predicted,0.1111111111111111,8,8,GCTCACAACAAGCTAATTCT,0,4411748
yadN_predicted,0.1111111111111111,8,8,GCTATGTCATAGAGGCAGAG,0,4423220
yadN_predicted,0.1111111111111111,8,8,GCGTTCGCCACCACCCGTCA,0,4430580
yadN_predicted,0.1111111111111111,8,8,GCGGCATGCCGGGCATGTGA,0,4413146
yadN_predicted,0.1111111111111111,8,8,GCGCTAACGAGTGCCCCCCA,0,4425777
yadN_predicted,0.1111111111111111,8,8,GCGATCGATTCCTTTTTTAG,0,4409937
yadN_predicted,0.1111111111111111,8,8,GCGAGATTGGTGACATCAAG,0,4424158
yadN_predicted,0.1111111111111111,8,8,GCGAGAGGTAGCTTACCTCG,0,4428728
yadN_predicted,0.1111111111111111,8,8,GCGACATGATGGTGGGCCAG,0,4408580
yadN_predicted,0.1111111111111111,8,8,GCGAACACGTTGCTAGTTAG,0,4430335
yadN_predicted,0.1111111111111111,8,8,GCCTTGTTTTGTTGAGTCGG,0,4405369
yadN_predicted,0.1111111111111111,8,8,GCCCCGGGATAAGCGGCTGC,0,4418765
yadN_predicted,0.1111111111111111,8,8,GCCCAGGAGATTCAACGGTC,0,4421217
yadN_predicted,0.1111111111111111,8,8,GCCAAGATCGGCGGGCTGCG,0,4424412
yadN_predicted,0.1111111111111111,8,8,GCATTTTGAGAACTCCTATG,0,4412091
yadN_predicted,0.1111111111111111,8,8,GCATGACCGGTTCAAAGAGG,0,4414830
yadN_predicted,0.1111111111111111,8,8,GCAGAGTTTCCTCCAGTTTG,0,4430943
yadN_predicted,0.1111111111111111,8,8,GCACGGCCCCCGAAGCTAAA,0,4407547
yadN_predicted,0.1111111111111111,8,8,GCACCTCCCAACCGAATCGG,0,4412679
yadN_predicted,0.1111111111111111,8,8,GATTTCAACTTTCTACCGTT,0,4429167
yadN_predicted,0.1111111111111111,8,8,GATTGATTCGGAGTAGACTT,0,4430901
yadN_predicted,0.1111111111111111,8,8,GATTAAGGATTCCCTCACTA,0,4425639
yadN_predicted,0.1111111111111111,8,8,GATGTCTTTAAGTAGCGCGT,0,4434068
yadN_predicted,0.1111111111111111,8,8,GATGCCATAGATCTACAGCC,0,4421919
yadN_predicted,0.1111111111111111,8,8,GATGATTATACGCGCTGACG,0,4414003
yadN_predicted,0.1111111111111111,8,8,GATCGCCATCAGGTCACAAG,0,4413404
yadN_predicted,0.1111111111111111,8,8,GATCCACTTTGAGCCAAACG,0,4412814
yadN_predicted,0.1111111111111111,8,8,GATATCCTAACCTAAAGATC,0,4404837
yadN_predicted,0.1111111111111111,8,8,GATAGCACCTTGGGGTAAGG,0,4429575
yadN_predicted,0.1111111111111111,8,8,GAGTTGAGTCCGTTATACCA,0,4411111
yadN_predicted,0.1111111111111111,8,8,GAGGGTGTTGTGGGAAATGT,0,4421504
yadN_predicted,0.1111111111111111,8,8,GAGGGCATGACAAGTGATCA,0,4431598
yadN_predicted,0.1111111111111111,8,8,GAGCGGGACTCATGGAAGAC,0,4410619
yadN_predicted,0.1111111111111111,8,8,GAGCCTACAAGAAAGATTTA,0,4434663
yadN_predicted,0.1111111111111111,8,8,GAGAGGCTAAAGATGATTAC,0,4403407
yadN_predicted,0.1111111111111111,8,8,GACTACTCAACTACATGAAC,0,4416266
yadN_predicted,0.1111111111111111,8,8,GACGCTAGCTAGCCTTTTCC,0,4406707
yadN_predicted,0.1111111111111111,8,8,GACGCAGGGCGGAGATATGT,0,4405128
yadN_predicted,0.1111111111111111,8,8,GACGACCTAAGGGCGGTGCA,0,4428424
yadN_predicted,0.1111111111111111,8,8,GACCTAGGATTTTGCTCCAC,0,4429986
yadN_predicted,0.1111111111111111,8,8,GAATGATAGGTACGCGTTTA,0,4416464
yadN_predicted,0.1111111111111111,8,8,GAATCATCGTGTACGGCAGT,0,4404084
yadN_predicted,0.1111111111111111,8,8,GAATATTCGGCGACAAGAAC,0,4407428
yadN_predicted,0.1111111111111111,8,8,GAAGTCAATGAAAGTGTGTT,0,4416616
yadN_predicted,0.1111111111111111,8,8,GAAGGCGGCCGCACTAACGG,0,4405969
yadN_predicted,0.1111111111111111,8,8,GAAGCGGAACTTTGGCGTTA,0,4423769
yadN_predicted,0.1111111111111111,8,8,GAAGCAAGGCCGCTGGGAGT,0,4420931
yadN_predicted,0.1111111111111111,8,8,GAACAACGCGCTAGAGGCCA,0,4402638
yadN_predicted,0.1111111111111111,8,8,CTTTCCTGTATGATAACAGA,0,4414418
yadN_predicted,0.1111111111111111,8,8,CTTGGGAGCCTAGTGAGTCA,0,4402998
yadN_predicted,0.1111111111111111,8,8,CTTGGAGTTCAGGCATTTGG,0,4416870
yadN_predicted,0.1111111111111111,8,8,CTTACCACGGCGGGAGGCGG,0,4430505
yadN_predicted,0.1111111111111111,8,8,CTGTACTCCAGTTTAATACT,0,4413084
yadN_predicted,0.1111111111111111,8,8,CTGTAATGATTAGTACTCAA,0,4425267
yadN_predicted,0.1111111111111111,8,8,CTGGTTCACGGTAAAAGATA,0,4418452
yadN_predicted,0.1111111111111111,8,8,CTGGGGGAAGTATGGTAAGG,0,4415337
yadN_predicted,0.1111111111111111,8,8,CTGCTCGCTTTCTACTTTCT,0,4422999
yadN_predicted,0.1111111111111111,8,8,CTGACCCCGACCGGCTTGTG,0,4422529
yadN_predicted,0.1111111111111111,8,8,CTCTGGTGCGCCCATAAGTG,0,4419701
yadN_predicted,0.1111111111111111,8,8,CTCTATGGACTAAGAAACTT,0,4404378
yadN_predicted,0.1111111111111111,8,8,CTCGACACCTCAACTGATTA,0,4435725
yadN_predicted,0.1111111111111111,8,8,CTCGAACCCCTGTATATTCC,0,4412898
yadN_predicted,0.1111111111111111,8,8,CTCCGCGGGACGGGCAGGTA,0,4427055
yadN_predicted,0.1111111111111111,8,8,CTCATAATGGCAGGTGAGTG,0,4424899
yadN_predicted,0.1111111111111111,8,8,CTCAGCCAGTTTGATAAAGG,0,4409290
yadN_predicted,0.1111111111111111,8,8,CTAGCCACTTCTATACCGTG,0,4418243
yadN_predicted,0.1111111111111111,8,8,CTACCGCCGGCTTCCAAAAT,0,4422075
yadN_predicted,0.1111111111111111,8,8,CTAAGTATCAGGGCCCTCGT,0,4412081
yadN_predicted,0.1111111111111111,8,8,CTAAGGTTCACTACTGTACC,0,4412897
yadN_predicted,0.1111111111111111,8,8,CTAAATTCTATTAGAGTCAT,0,4409829
yadN_predicted,0.1111111111111111,8,8,CGTTACATCTCTGTGTGCAA,0,4414826
yadN_predicted,0.1111111111111111,8,8,CGTCCATTTCAACCGAATAG,0,4420375
yadN_predicted,0.1111111111111111,8,8,CGTACACTGCGATATTGCGA,0,4406524
yadN_predicted,0.1111111111111111,8,8,CGTAATTATATCGGGTTCGA,0,4420179
yadN_predicted,0.1111111111111111,8,8,CGGGTCTTTGGGATAAAGCA,0,4404466
yadN_predicted,0.1111111111111111,8,8,CGGCTATGTTATCCTAGTGT,0,4419330
yadN_predicted,0.1111111111111111,8,8,CGGCTAGGTTCATGGTTCCA,0,4432827
yadN_predicted,0.1111111111111111,8,8,CGGCAGAAGCGTCTCCCATG,0,4425804
yadN_predicted,0.1111111111111111,8,8,CGCTTAGACCTTCGCCCAAT,0,4404137
yadN_predicted,0.1111111111111111,8,8,CGCGGACCGTGCCTCCTGTA,0,4412430
yadN_predicted,0.1111111111111111,8,8,CGCCCGGATGCATGGCGTAT,0,4428411
yadN_predicted,0.1111111111111111,8,8,CGCAGCCCTATTTATAAATA,0,4417265
yadN_predicted,0.1111111111111111,8,8,CGCACAACCCGTACTTTGGC,0,4403793
yadN_predicted,0.1111111111111111,8,8,CGCAAGCTAGAGACGACGGG,0,4433635
yadN_predicted,0.1111111111111111,8,8,CGAGTGAGCGTTTGACTGTG,0,4419821
yadN_predicted,0.1111111111111111,8,8,CGAGACCGTCTGGTGGCTCC,0,4416521
yadN_predicted,0.1111111111111111,8,8,CGAGACATACACGCCACAGT,0,4415992
yadN_predicted,0.1111111111111111,8,8,CGAAGTTTGTTTCCTTGGAC,0,4425403
yadN_predicted,0.1111111111111111,8,8,CGAAGGTTTCCAGAATCGTG,0,4420600
yadN_predicted,0.1111111111111111,8,8,CCTTTAGATCGGAATTGTTT,0,4404755
yadN_predicted,0.1111111111111111,8,8,CCTGTTGTGATACGAAGCTA,0,4434807
yadN_predicted,0.1111111111111111,8,8,CCTCTGCCAACGCTTCCGGT,0,4414487
yadN_predicted,0.1111111111111111,8,8,CCTCCCTGACTGAAAGAATT,0,4425739
yadN_predicted,0.1111111111111111,8,8,CCGTTCCTGCGGGTCGCCCC,0,4411466
yadN_predicted,0.1111111111111111,8,8,CCGTCTGTTCCACGTCGGGA,0,4420270
yadN_predicted,0.1111111111111111,8,8,CCGGGCCTGTCCCTCGGCAG,0,4434728
yadN_predicted,0.1111111111111111,8,8,CCGGGATTCATAACGTATGT,0,4426393
yadN_predicted,0.1111111111111111,8,8,CCGGGACTATTGCGTCTCCA,0,4428798
yadN_predicted,0.1111111111111111,8,8,CCGGCGGCGCAAAGCATGCG,0,4408775
yadN_predicted,0.1111111111111111,8,8,CCGACAGCAACAGTTCTGTA,0,4416237
yadN_predicted,0.1111111111111111,8,8,CCCTGCGTGTCCTAGAAGGA,0,4420140
yadN_predicted,0.1111111111111111,8,8,CCCGCGCCTCCGTAGGCCCG,0,4405353
yadN_predicted,0.1111111111111111,8,8,CCCGAGGCCCCGAACAGCAT,0,4421376
yadN_predicted,0.1111111111111111,8,8,CCCCGGATGTAGGTCACTGT,0,4420392
yadN_predicted,0.1111111111111111,8,8,CCCAACCCGGGCTGATAGAC,0,4404646
yadN_predicted,0.1111111111111111,8,8,CCAGCGCTAGGGTCTAACCC,0,4418264
yadN_predicted,0.1111111111111111,8,8,CCACCGGTTTGTGGCGTATT,0,4424278
yadN_predicted,0.1111111111111111,8,8,CCAACTGGATGGGCACTTGG,0,4413056
yadN_predicted,0.1111111111111111,8,8,CCAAATTCGCATTTAATCAC,0,4425681
yadN_predicted,0.1111111111111111,8,8,CATTTTCTACATGTCTTAGT,0,4431737
yadN_predicted,0.1111111111111111,8,8,CATGTTACTTTTTAAATACG,0,4402915
yadN_predicted,0.1111111111111111,8,8,CATGTTAAGTGGAGCAGGTA,0,4408643
yadN_predicted,0.1111111111111111,8,8,CATGTGGATAAATATTATCC,0,4412487
yadN_predicted,0.1111111111111111,8,8,CATCTCTTCTCGTAATCCCT,0,4434484
yadN_predicted,0.1111111111111111,8,8,CATCACTGACTTTCTGGGCG,0,4428592
yadN_predicted,0.1111111111111111,8,8,CATCACCTGGTGCTTCCTTG,0,4412188
yadN_predicted,0.1111111111111111,8,8,CATCAAATTTTATGAAAGGA,0,4433368
yadN_predicted,0.1111111111111111,8,8,CATAAGTCTCTATGCTGTGG,0,4412336
yadN_predicted,0.1111111111111111,8,8,CAGGTACCTTTGATGTCCAG,0,4406902
yadN_predicted,0.1111111111111111,8,8,CAGCCCGGGGGTGCACGGAA,0,4417418
yadN_predicted,0.1111111111111111,8,8,CAGAGCTACTCTTGAATGCA,0,4413163
yadN_predicted,0.1111111111111111,8,8,CAGACGCACGACACGGGCGA,0,4409413
yadN_predicted,0.1111111111111111,8,8,CACTTGTCTCTCATCTTTGT,0,4408635
yadN_predicted,0.1111111111111111,8,8,CACTCTGAGACTATTGAAGG,0,4432526
yadN_predicted,0.1111111111111111,8,8,CACTAGACCTACGCTAGTAT,0,4409815
yadN_predicted,0.1111111111111111,8,8,CACGTATCCCTCGACGCAGG,0,4415266
yadN_predicted,0.1111111111111111,8,8,CACGTACTTTGAATTTCGGT,0,4430524
yadN_predicted,0.1111111111111111,8,8,CACGGCACGCAACACGAGAT,0,4434237
yadN_predicted,0.1111111111111111,8,8,CACGACATCAGGTGATAAGA,0,4409258
yadN_predicted,0.1111111111111111,8,8,CACCTTAGGTCTAGAACTCA,0,4415269
yadN_predicted,0.1111111111111111,8,8,CACCTAGCCAAAGGGCGCTC,0,4428809
yadN_predicted,0.1111111111111111,8,8,CACCATCATCATCTGGTCAT,0,4404044
yadN_predicted,0.1111111111111111,8,8,CACACGCCAGACGAAAAATT,0,4411766
yadN_predicted,0.1111111111111111,8,8,CAATAATCTAACAGCTAGAA,0,4421943
yadN_predicted,0.1111111111111111,8,8,CAAGGATTCACTTTCTGGCC,0,4419385
yadN_predicted,0.1111111111111111,8,8,CAAGCGCCTATCCAACTGGA,0,4432674
yadN_predicted,0.1111111111111111,8,8,CAAAAGCTGAGGCCACTTGA,0,4426151
yadN_predicted,0.1111111111111111,8,8,ATTTCTACTCGCTCGACCCG,0,4431866
yadN_predicted,0.1111111111111111,8,8,ATTTAAAGTAATTCGGGTTA,0,4408561
yadN_predicted,0.1111111111111111,8,8,ATTGTCTATGCTTGACGAGC,0,4420501
yadN_predicted,0.1111111111111111,8,8,ATTGCAATTCACACAGTCTC,0,4433032
yadN_predicted,0.1111111111111111,8,8,ATTCAGTACTAATGTAGCTT,0,4434905
yadN_predicted,0.1111111111111111,8,8,ATTCACGCGACCAAGTAAGC,0,4409819
yadN_predicted,0.1111111111111111,8,8,ATTATCTCCTGTCATCCGGC,0,4406452
yadN_predicted,0.1111111111111111,8,8,ATTAGCTCCAGTCTCTGGAA,0,4434366
yadN_predicted,0.1111111111111111,8,8,ATTAGAAACCCTCACCAAAA,0,4429712
yadN_predicted,0.1111111111111111,8,8,ATTAATACACGGTTCGGTCA,0,4428717
yadN_predicted,0.1111111111111111,8,8,ATGTGTCCATTCACGGTCTT,0,4410628
yadN_predicted,0.1111111111111111,8,8,ATGTGTAAAGGCTCAACGAA,0,4430154
yadN_predicted,0.1111111111111111,8,8,ATGTCTGCAAGCATGAGTGG,0,4415421
yadN_predicted,0.1111111111111111,8,8,ATGTAACGCACGGGCTATGT,0,4405420
yadN_predicted,0.1111111111111111,8,8,ATGGCCTCGGGTCCTGTGCA,0,4416880
yadN_predicted,0.1111111111111111,8,8,ATGGAGAAAGAACCATCGCA,0,4413634
yadN_predicted,0.1111111111111111,8,8,ATGCCATAGCACTACCTTCA,0,4410344
yadN_predicted,0.1111111111111111,8,8,ATGCAAGGGCGATTGTCCAC,0,4408212
yadN_predicted,0.1111111111111111,8,8,ATGATTGGTGTAGCGGGGGG,0,4422098
yadN_predicted,0.1111111111111111,8,8,ATCTAGTGCATGTGGGTTTC,0,4404165
yadN_predicted,0.1111111111111111,8,8,ATCGTGCTCTCTTTATCATA,0,4404709
yadN_predicted,0.1111111111111111,8,8,ATCGATGGTACATCACCCGA,0,4409568
yadN_predicted,0.1111111111111111,8,8,ATCCTATCGCATATTACCTA,0,4424192
yadN_predicted,0.1111111111111111,8,8,ATCCGTCAGCGAACAGGGTT,0,4406388
yadN_predicted,0.1111111111111111,8,8,ATCCGCAGAAAGACTCTCAC,0,4423479
yadN_predicted,0.1111111111111111,8,8,ATCAGCAGGTAGCGATTCGT,0,4427752
yadN_predicted,0.1111111111111111,8,8,ATATATCCTCAGAAGAGTAG,0,4424409
yadN_predicted,0.1111111111111111,8,8,ATAGTGGCCGGGAGCTCTGA,0,4407235
yadN_predicted,0.1111111111111111,8,8,ATAGACCGTCTAGAACCCGG,0,4404536
yadN_predicted,0.1111111111111111,8,8,ATAAACGGCAGCCGCCTGGG,0,4407629
yadN_predicted,0.1111111111111111,8,8,AGTTTCACAACGCGGGGTAA,0,4424666
yadN_predicted,0.1111111111111111,8,8,AGTTCGGAAAAACGATTATC,0,4431283
yadN_predicted,0.1111111111111111,8,8,AGTGTTCTCTGTTGTACCAA,0,4410725
yadN_predicted,0.1111111111111111,8,8,AGTGCTCACCGCCCAACATA,0,4413517
yadN_predicted,0.1111111111111111,8,8,AGTGACCTGGGGTGTCCCAA,0,4432700
yadN_predicted,0.1111111111111111,8,8,AGTACCTAGCCATGTATCTT,0,4418113
yadN_predicted,0.1111111111111111,8,8,AGTAATATCAGTGCGATCGG,0,4417939
yadN_predicted,0.1111111111111111,8,8,AGGTGGTGATTCCGCATTAT,0,4432615
yadN_predicted,0.1111111111111111,8,8,AGGTGGGGTGGCGGGAATCG,0,4426699
yadN_predicted,0.1111111111111111,8,8,AGGTCCATCTCCGCAAGGCA,0,4416161
yadN_predicted,0.1111111111111111,8,8,AGGTAGTATGTTCCGCGCCT,0,4433578
yadN_predicted,0.1111111111111111,8,8,AGGTAGCCTATACTGATCGT,0,4404223
yadN_predicted,0.1111111111111111,8,8,AGGCCTTGCACTTTTAAGTC,0,4407401
yadN_predicted,0.1111111111111111,8,8,AGGAGTTAGGGGCGCACCGT,0,4429377
yadN_predicted,0.1111111111111111,8,8,AGGACCTTGCCAAGATGTGC,0,4419605
yadN_predicted,0.1111111111111111,8,8,AGCGTCATTAGAATCAGGTG,0,4409935
yadN_predicted,0.1111111111111111,8,8,AGCGCCTAAGTACATCAATG,0,4427300
yadN_predicted,0.1111111111111111,8,8,AGCCAGTCGCACTCTAGCAA,0,4426999
yadN_predicted,0.1111111111111111,8,8,AGATCCATATTACTTTGCCT,0,4418826
yadN_predicted,0.1111111111111111,8,8,AGAGCGAGGCAAACTCAGTT,0,4410829
yadN_predicted,0.1111111111111111,8,8,AGAATTCAGTTGATTCGGCC,0,4418647
yadN_predicted,0.1111111111111111,8,8,AGAAACGTGCGACCAGAGAC,0,4406814
yadN_predicted,0.1111111111111111,8,8,ACTTGTGTAGCGCCGGCGTA,0,4415624
yadN_predicted,0.1111111111111111,8,8,ACTTCCTACACATGTGACTA,0,4420194
yadN_predicted,0.1111111111111111,8,8,ACTTAAGCGAATCCCTTCGC,0,4429954
yadN_predicted,0.1111111111111111,8,8,ACTGGGTCAATATCACGCCG,0,4422744
yadN_predicted,0.1111111111111111,8,8,ACTGGGGTTCGGCTAAATTA,0,4411725
yadN_predicted,0.1111111111111111,8,8,ACTGGCTGTGCACTTGCTTG,0,4403140
yadN_predicted,0.1111111111111111,8,8,ACTGCGTCTCCTGTAGAGCA,0,4418559
yadN_predicted,0.1111111111111111,8,8,ACTGCGTAAACTAGCTAGGT,0,4407051
yadN_predicted,0.1111111111111111,8,8,ACTCCCCCCACGAGGCATAC,0,4429557
yadN_predicted,0.1111111111111111,8,8,ACTATTCTATCTGGTAGTTT,0,4415660
yadN_predicted,0.1111111111111111,8,8,ACGTTAAGGGTGCGAGACCA,0,4414938
yadN_predicted,0.1111111111111111,8,8,ACGTCCTCGTTGCCACTTGA,0,4408009
yadN_predicted,0.1111111111111111,8,8,ACGAGTCGCCGGTGGTGTTA,0,4408063
yadN_predicted,0.1111111111111111,8,8,ACCGACGCCACCGTTAAGAC,0,4417286
yadN_predicted,0.1111111111111111,8,8,ACCATAACCCTTAGGAATGT,0,4409385
yadN_predicted,0.1111111111111111,8,8,ACCAGGCGGGTGACTTTGTG,0,4430812
yadN_predicted,0.1111111111111111,8,8,ACCACTTTGGCCCCGTACCG,0,4426700
yadN_predicted,0.1111111111111111,8,8,ACCAAACTAGAAGAGAGTAC,0,4425677
yadN_predicted,0.1111111111111111,8,8,ACATTTGTATGTGAACTCAG,0,4413895
yadN_predicted,0.1111111111111111,8,8,ACATGTCTCTGCATACCCAG,0,4417121
yadN_predicted,0.1111111111111111,8,8,ACATCGCATCTCCTCTGATA,0,4410932
yadN_predicted,0.1111111111111111,8,8,ACACGTTTGTATAGGAGTTA,0,4410819
yadN_predicted,0.1111111111111111,8,8,AATTGTGTTAACCTGGAGGC,0,4420935
yadN_predicted,0.1111111111111111,8,8,AATTCTAGCTTGCCGACTCA,0,4403289
yadN_predicted,0.1111111111111111,8,8,AATGTTTCCCTCCATTCGTC,0,4406389
yadN_predicted,0.1111111111111111,8,8,AATGTTAGACTACGAAAACA,0,4411300
yadN_predicted,0.1111111111111111,8,8,AATGTCACGTGGAGGAGGAT,0,4420372
yadN_predicted,0.1111111111111111,8,8,AATGTAAATAGCCAAACGAA,0,4403609
yadN_predicted,0.1111111111111111,8,8,AATGAATACTAAGACCACCC,0,4432691
yadN_predicted,0.1111111111111111,8,8,AATCACATGACTGGATTCCA,0,4427250
yadN_predicted,0.1111111111111111,8,8,AATAGTCATGGGCGTACAGT,0,4406078
yadN_predicted,0.1111111111111111,8,8,AAGTTGGTATCCGGCACGAC,0,4405787
yadN_predicted,0.1111111111111111,8,8,AAGTCTTAGTTTACATTTAG,0,4419171
yadN_predicted,0.1111111111111111,8,8,AAGTCTAGATTCCCTCGAGT,0,4405336
yadN_predicted,0.1111111111111111,8,8,AAGTCATCTTAGAACTGTAA,0,4421477
yadN_predicted,0.1111111111111111,8,8,AAGTATGAGGCGCTTGCCTA,0,4410741
yadN_predicted,0.1111111111111111,8,8,AACTGTCAAAAGCGGTGTGT,0,4426438
yadN_predicted,0.1111111111111111,8,8,AACTGATCTTAGACGGGACT,0,4419381
yadN_predicted,0.1111111111111111,8,8,AACTCGTTTAATGCCCTGTA,0,4407463
yadN_predicted,0.1111111111111111,8,8,AACGGAGTTCCGTCTGGGTA,0,4433947
yadN_predicted,0.1111111111111111,8,8,AACCCCTCGCCCATATCGAT,0,4418124
yadN_predicted,0.1111111111111111,8,8,AACATTCTTGACGGTTGGTT,0,4421497
yadN_predicted,0.1111111111111111,8,8,AACATCACAAAAATCTAACT,0,4402825
yadN_predicted,0.1111111111111111,8,8,AACAAGAAGGTTCACTCCTA,0,4422912
yadN_predicted,0.1111111111111111,8,8,AAATATTCCCTGTTTCCAAT,0,4415277
yadN_predicted,0.1111111111111111,8,8,AAAGGCTCATTTTTGTGGAA,0,4430726
yadN_predicted,0.1111111111111111,8,8,AAACGGACCCGAGGCCTATT,0,4410668
yadN_predicted,0.1111111111111111,8,8,AAAATCAAATTCGGGAACGG,0,4402812
yadN_predicted,0.1111111111111111,8,8,AAAAAATAGGGATACTTGTG,0,4409052
yadN_predicted,0.125,7,7,TTTTGTCCTGTACAAGCGCA,0,4423417
yadN_predicted,0.125,7,7,TTTTGCCAGTGCTGCTGACC,0,4434282
yadN_predicted,0.125,7,7,TTTGTTGTCTAGGCTGGTGC,0,4410210
yadN_predicted,0.125,7,7,TTTCACTTGTGGTCCATAGG,0,4421406
yadN_predicted,0.125,7,7,TTTACTTGCCAAAATAGGTC,0,4433746
yadN_predicted,0.125,7,7,TTGTTTAACAGCGTATTGGT,0,4412153
yadN_predicted,0.125,7,7,TTGTCTCACCAACATTTACA,0,4418360
yadN_predicted,0.125,7,7,TTGTATGGGCATTGAGATGT,0,4411804
yadN_predicted,0.125,7,7,TTGCGTAACCCTAGGCTGGT,0,4418680
yadN_predicted,0.125,7,7,TTGCACTCCTGACGGACATA,0,4423768
yadN_predicted,0.125,7,7,TTGAAAAGTTTTCAATAACC,0,4406396
yadN_predicted,0.125,7,7,TTCTTCTAGGACCGCTACCA,0,4412676
yadN_predicted,0.125,7,7,TTCTAGGCTCAGCAACAGAG,0,4429343
yadN_predicted,0.125,7,7,TTCTACTGGGTGAACAGGCA,0,4425607
yadN_predicted,0.125,7,7,TTCGTACAGATCGCCGTACA,0,4405642
yadN_predicted,0.125,7,7,TTCGACAATCCGAATTGGAT,0,4428495
yadN_predicted,0.125,7,7,TTCCGTTGTCGAATTGTCAG,0,4431652
yadN_predicted,0.125,7,7,TTCAAGTAGCTCACTGAGCA,0,4408046
yadN_predicted,0.125,7,7,TTATGTTTAAACGTCGCTCA,0,4407267
yadN_predicted,0.125,7,7,TTACTTCTTTCTCATGTCGG,0,4414608
yadN_predicted,0.125,7,7,TTACGGGATGGTACGAACGA,0,4411047
yadN_predicted,0.125,7,7,TTACCGATCGGGGTAGCCCC,0,4408568
yadN_predicted,0.125,7,7,TTAAGTGAACAGGATAATTC,0,4421567
yadN_predicted,0.125,7,7,TGTTTGACCTGAGTAACCTA,0,4425452
yadN_predicted,0.125,7,7,TGTTAGCTTTCTTATTTCCG,0,4403921
yadN_predicted,0.125,7,7,TGTGATCGCGGATAGACTGT,0,4413159
yadN_predicted,0.125,7,7,TGTGAGTAGGTGGCCTTCCC,0,4403745
yadN_predicted,0.125,7,7,TGTCAGCACGAGTATAGTGT,0,4415936
yadN_predicted,0.125,7,7,TGTCAGACGAGTCCATGTCA,0,4430584
yadN_predicted,0.125,7,7,TGTCACCTCGACTAAGTCAA,0,4428837
yadN_predicted,0.125,7,7,TGTAGAAACAGGTGGGATCT,0,4432028
yadN_predicted,0.125,7,7,TGTAAGTTGCCTGCTCGGAT,0,4412711
yadN_predicted,0.125,7,7,TGGTTCACGATGGGCATGCG,0,4421120
yadN_predicted,0.125,7,7,TGGTTAAAGCGCAGGACAGA,0,4424168
yadN_predicted,0.125,7,7,TGGGCGGCACGCATTACATA,0,4421071
yadN_predicted,0.125,7,7,TGGCCCTAAAACGCCACAGA,0,4413544
yadN_predicted,0.125,7,7,TGGCAGATGCACAGTTGGTG,0,4422688
yadN_predicted,0.125,7,7,TGGCAGACCCATGTCCGCAA,0,4416866
yadN_predicted,0.125,7,7,TGGCACCAGTTGAATGCCCT,0,4433965
yadN_predicted,0.125,7,7,TGCTTTCCTTGAATCGGGGA,0,4434939
yadN_predicted,0.125,7,7,TGCTGCCACAGCCGATGAGG,0,4433708
yadN_predicted,0.125,7,7,TGCTGAAGCTGGGTATACCG,0,4404727
yadN_predicted,0.125,7,7,TGCGCGGTGTTCAAATGGAG,0,4417433
yadN_predicted,0.125,7,7,TGCCTCACGTTTAGATTTGT,0,4429691
yadN_predicted,0.125,7,7,TGCCTAAGCCTAAGTCACCA,0,4413744
yadN_predicted,0.125,7,7,TGCCGGTAGGTTTTCGACCA,0,4403754
yadN_predicted,0.125,7,7,TGCCCAGGAGGTACGCTAGG,0,4420268
yadN_predicted,0.125,7,7,TGCATTCGGTAGTCTCATCT,0,4419384
yadN_predicted,0.125,7,7,TGATCGGTGTAGTAAGTTGT,0,4424183
yadN_predicted,0.125,7,7,TGATATGTGGGTCAGACTTT,0,4404580
yadN_predicted,0.125,7,7,TGAGATGCAGTCGATTCCCT,0,4418655
yadN_predicted,0.125,7,7,TGACCGCGGGCACACCATGG,0,4406407
yadN_predicted,0.125,7,7,TGAAAATGGCTTACAGTGTC,0,4422957
yadN_predicted,0.125,7,7,TCTTCCGACCGCACATGCGG,0,4408364
yadN_predicted,0.125,7,7,TCTTAGTGCGTATTATCTTC,0,4406795
yadN_predicted,0.125,7,7,TCTTAGCCTCTTACAACGTA,0,4408020
yadN_predicted,0.125,7,7,TCTCGGTAAATTATCCTCCT,0,4405976
yadN_predicted,0.125,7,7,TCTCGCAAGGTCCTACGGCC,0,4430798
yadN_predicted,0.125,7,7,TCTCAGCCGTAACTCAAGTT,0,4422715
yadN_predicted,0.125,7,7,TCTATTCCAAATTCGACGTT,0,4419565
yadN_predicted,0.125,7,7,TCTAGGGTAAGAGACGTTTG,0,4415353
yadN_predicted,0.125,7,7,TCTACCGGAATATTAAAGTG,0,4417846
yadN_predicted,0.125,7,7,TCTAAAACGGCTAGAAGTCT,0,4404774
yadN_predicted,0.125,7,7,TCGGCAGCTGACACTCGGGG,0,4411891
yadN_predicted,0.125,7,7,TCGAGGGTAAGCTCAGCGGT,0,4421561
yadN_predicted,0.125,7,7,TCGACTAAGCCCGGCATGGA,0,4415931
yadN_predicted,0.125,7,7,TCCTCTAATCGGCATAACAT,0,4407820
yadN_predicted,0.125,7,7,TCCTCGGATCTTTAGTAGAT,0,4406877
yadN_predicted,0.125,7,7,TCCTACGCTCAACTCACTCG,0,4416924
yadN_predicted,0.125,7,7,TCCGCAGTAGATGTGAGCGT,0,4406840
yadN_predicted,0.125,7,7,TCCCACCCATCAAAACCAAA,0,4407969
yadN_predicted,0.125,7,7,TCCAGCGTGTCAGCGTCGAA,0,4414255
yadN_predicted,0.125,7,7,TCATGTAAGATCGCAGAAAA,0,4403888
yadN_predicted,0.125,7,7,TCATCGCGCGGCGGAAGTCG,0,4415081
yadN_predicted,0.125,7,7,TCATATACCATAGTGGATAT,0,4409917
yadN_predicted,0.125,7,7,TCAGGCATTCAAGCGGGTAT,0,4412756
yadN_predicted,0.125,7,7,TCAGCGTCATTGGCTAAGTA,0,4423920
yadN_predicted,0.125,7,7,TCAGCAAGGGTTGACGGTTT,0,4435847
yadN_predicted,0.125,7,7,TCACAGATATAGACCCTGCG,0,4417630
yadN_predicted,0.125,7,7,TATTCTATCAGATAAATTGG,0,4420272
yadN_predicted,0.125,7,7,TATTCATCAGTCCATATGTC,0,4426667
yadN_predicted,0.125,7,7,TATATGGTATGCATAACGGG,0,4420417
yadN_predicted,0.125,7,7,TAGGGCTGTTTTATGCGAAG,0,4421675
yadN_predicted,0.125,7,7,TAGCATAGGCAAAGGGTCCC,0,4403653
yadN_predicted,0.125,7,7,TACGAGGTCCTCCGTCCTCA,0,4404426
yadN_predicted,0.125,7,7,TACGACACTGGAAAGTGCGT,0,4422911
yadN_predicted,0.125,7,7,TACACCTTTCATTCAGGCGG,0,4435909
yadN_predicted,0.125,7,7,TACACCGCGGTGGGAGATCG,0,4414629
yadN_predicted,0.125,7,7,TAATTGAACTAGGGAACATA,0,4433515
yadN_predicted,0.125,7,7,TAATCCCACAAACATGCCAC,0,4433615
yadN_predicted,0.125,7,7,TAAGGTAAGGTGCTCACGGA,0,4425256
yadN_predicted,0.125,7,7,TAAGCTATGCCGCCGGACGA,0,4432144
yadN_predicted,0.125,7,7,TAACCCAGGGATATATTGAT,0,4403091
yadN_predicted,0.125,7,7,TAAATTCCTCTCTGACTCCG,0,4413950
yadN_predicted,0.125,7,7,TAAACTTCTGGAGTACTTGT,0,4420136
yadN_predicted,0.125,7,7,TAAAATCTATCCCATTTGGT,0,4432263
yadN_predicted,0.125,7,7,TAAAAGGCCGGGCTAGACTA,0,4402989
yadN_predicted,0.125,7,7,GTTTAGGTGTGGCCATACGC,0,4405029
yadN_predicted,0.125,7,7,GTTCGAGTAATCTATATTGT,0,4425931
yadN_predicted,0.125,7,7,GTTACCTTTCAGTCCCTGAC,0,4423472
yadN_predicted,0.125,7,7,GTGTGCTGGAACGATGGTTG,0,4426266
yadN_predicted,0.125,7,7,GTGTGCTCTTTGCTTTTTTT,0,4418819
yadN_predicted,0.125,7,7,GTGTCTTTGGCCCCTTCCTT,0,4413090
yadN_predicted,0.125,7,7,GTGTAGCGGCAACTTACCTT,0,4423445
yadN_predicted,0.125,7,7,GTGTACAGCCCTGCCGATAC,0,4418642
yadN_predicted,0.125,7,7,GTGGTACACCGGGAGGGTCG,0,4405304
yadN_predicted,0.125,7,7,GTGGCCAGATATCCGCTATA,0,4418439
yadN_predicted,0.125,7,7,GTGAGTTGTCTATCAGTTAG,0,4430104
yadN_predicted,0.125,7,7,GTGACAGAGTAACACATGTT,0,4418507
yadN_predicted,0.125,7,7,GTCTGTACCACGTGATTCAT,0,4426135
yadN_predicted,0.125,7,7,GTCTGACAATTGCCTATTTA,0,4433559
yadN_predicted,0.125,7,7,GTCGTCATTTCGAATTCCCC,0,4414519
yadN_predicted,0.125,7,7,GTCCGCTTCTCCTGCACGGA,0,4427690
yadN_predicted,0.125,7,7,GTCAGGCCCGATGCACACTG,0,4420121
yadN_predicted,0.125,7,7,GTCAGGCAGTTACACCGCCT,0,4418224
yadN_predicted,0.125,7,7,GTCACAGGGTACCTTCAGAA,0,4411142
yadN_predicted,0.125,7,7,GTAGGCGAGCACCACGCCCT,0,4412493
yadN_predicted,0.125,7,7,GTAGGCATTCCTTAACTGAT,0,4433320
yadN_predicted,0.125,7,7,GTAGAGTTGAAGCGTGTGGG,0,4409320
yadN_predicted,0.125,7,7,GTACATTTTTTCTAACTAAA,0,4425733
yadN_predicted,0.125,7,7,GTACAGCCGTAACCTTTCAC,0,4420117
yadN_predicted,0.125,7,7,GTACAGCATTGTTTTATCCT,0,4416170
yadN_predicted,0.125,7,7,GTAACTAAAACTTGGACAAG,0,4432680
yadN_predicted,0.125,7,7,GGTTCCAATATGGAAAGAAG,0,4427762
yadN_predicted,0.125,7,7,GGTGCTCTGAGCGGCAGGTT,0,4411332
yadN_predicted,0.125,7,7,GGTGCGTTTCATGTAACTGG,0,4418263
yadN_predicted,0.125,7,7,GGTGAACATGGCCTTGCTAT,0,4417228
yadN_predicted,0.125,7,7,GGTAGTCCGTACGTACGCAA,0,4429011
yadN_predicted,0.125,7,7,GGTAGGCGGAGGAACCCGCC,0,4420049
yadN_predicted,0.125,7,7,GGGTTGTGAGGCGCGAAGAG,0,4434781
yadN_predicted,0.125,7,7,GGGGTACGATGATTTACTCT,0,4417578
yadN_predicted,0.125,7,7,GGGCGCTGGCCAAGCCGTGA,0,4428022
yadN_predicted,0.125,7,7,GGGCACCCACGATCCATCGG,0,4408402
yadN_predicted,0.125,7,7,GGGACAAGGCAGTCTGGCGT,0,4416469
yadN_predicted,0.125,7,7,GGCTTGGCGTACAGGAATTT,0,4419064
yadN_predicted,0.125,7,7,GGCTTGAAAGCATAGATTGT,0,4426641
yadN_predicted,0.125,7,7,GGCTCTCGTAGCGTCGGTCA,0,4407456
yadN_predicted,0.125,7,7,GGCGGAACGCCTGGGCTTGT,0,4412163
yadN_predicted,0.125,7,7,GGCATTCCATGCGAAGGACG,0,4409605
yadN_predicted,0.125,7,7,GGCACGCCTTGATCTTCAAA,0,4406466
yadN_predicted,0.125,7,7,GGATTCGTATCGGAAAGCCT,0,4432860
yadN_predicted,0.125,7,7,GGATTATAGCAGGGATTTAT,0,4426973
yadN_predicted,0.125,7,7,GGATCCTGTACAAAACCGAT,0,4427340
yadN_predicted,0.125,7,7,GGATCCCCTGAACTATTTTT,0,4435313
yadN_predicted,0.125,7,7,GGAGTCCTGCCAATCTATAA,0,4417261
yadN_predicted,0.125,7,7,GGAGCGTGCACAAGGGAGCG,0,4427057
yadN_predicted,0.125,7,7,GGACTGGCTTGAGGCGATGG,0,4412420
yadN_predicted,0.125,7,7,GGACGCACGAGGATGTACCA,0,4415781
yadN_predicted,0.125,7,7,GGACAGAATTTGAGGGCACC,0,4404043
yadN_predicted,0.125,7,7,GGAATAGGACCCGGGCGGGC,0,4427409
yadN_predicted,0.125,7,7,GGAACTTACGCTAGACGATT,0,4410804
yadN_predicted,0.125,7,7,GGAACAGTCTTCAGGGTGTG,0,4409835
yadN_predicted,0.125,7,7,GCTGTCCCCAGATGTTGGGA,0,4421147
yadN_predicted,0.125,7,7,GCTGAAATTTGAATCACCAG,0,4433626
yadN_predicted,0.125,7,7,GCTCTTCACCCGTGGAAGTG,0,4421820
yadN_predicted,0.125,7,7,GCTATCACAGGCTGCCAGGA,0,4423446
yadN_predicted,0.125,7,7,GCGTATAAGCTGGGGGCGGT,0,4433446
yadN_predicted,0.125,7,7,GCGGTATCATCCAGCTTCTT,0,4410930
yadN_predicted,0.125,7,7,GCGGCTGGCTATCATTGATT,0,4422008
yadN_predicted,0.125,7,7,GCGGACTCCATGAATGGCTT,0,4434087
yadN_predicted,0.125,7,7,GCGCTCTTGGGTTTTATGTA,0,4410127
yadN_predicted,0.125,7,7,GCGCGTTGTACTAATACAAC,0,4431711
yadN_predicted,0.125,7,7,GCGATTGATGCGATGTATTG,0,4414390
yadN_predicted,0.125,7,7,GCGAGTACAAATTCCAATTT,0,4428670
yadN_predicted,0.125,7,7,GCGAGGTCATCATGTATACG,0,4420493
yadN_predicted,0.125,7,7,GCGACCGACGACGTTCAAAG,0,4409736
yadN_predicted,0.125,7,7,GCCGGCGCACGTGACTGATT,0,4432281
yadN_predicted,0.125,7,7,GCCATTGTAGAACAATAGTA,0,4420307
yadN_predicted,0.125,7,7,GCCAAACTGAATCCAGCAAT,0,4416239
yadN_predicted,0.125,7,7,GCAGTTTAGCACGATACCTC,0,4429106
yadN_predicted,0.125,7,7,GCAGCAATACGTTCTCGTCA,0,4405719
yadN_predicted,0.125,7,7,GATGCCTAAACTATTGACGG,0,4415121
yadN_predicted,0.125,7,7,GATGAGTACAGCCCCCTCCA,0,4423764
yadN_predicted,0.125,7,7,GATAGTGTCCAAAAAGACCA,0,4422939
yadN_predicted,0.125,7,7,GAGTTGACCAAGACCGACTC,0,4425234
yadN_predicted,0.125,7,7,GAGTAGCCGTGGTACGGCTA,0,4428900
yadN_predicted,0.125,7,7,GAGGAGTCAGAGGCCTCGGA,0,4423494
yadN_predicted,0.125,7,7,GAGGAGGGGCGCTGGCCTTA,0,4435642
yadN_predicted,0.125,7,7,GAGCGCACGAATCTGTAGTT,0,4416814
yadN_predicted,0.125,7,7,GACTCGGCAATATGGATGTA,0,4431638
yadN_predicted,0.125,7,7,GACGTGTGATCTCAAACTTT,0,4415032
yadN_predicted,0.125,7,7,GACGTGGAATAATGGCATGT,0,4424851
yadN_predicted,0.125,7,7,GACGGTTCGATTGTGATAAT,0,4408854
yadN_predicted,0.125,7,7,GACGATTCGATGGGCACCAC,0,4410226
yadN_predicted,0.125,7,7,GACCACTGGTTCCCCGGAGA,0,4405721
yadN_predicted,0.125,7,7,GACATTAGCGAACCGGTGGT,0,4414505
yadN_predicted,0.125,7,7,GACACCGCCAGGCACGGGGT,0,4426414
yadN_predicted,0.125,7,7,GACAACAGTGCAAGCTGCAA,0,4405871
yadN_predicted,0.125,7,7,GAATCGGTGACGTAAGAGCA,0,4414774
yadN_predicted,0.125,7,7,GAAGAACTCAGCGCGCTTAG,0,4431758
yadN_predicted,0.125,7,7,GAACTCCTGCCCAGACTAAG,0,4418887
yadN_predicted,0.125,7,7,GAACGAATTGCGTAATTGAT,0,4415228
yadN_predicted,0.125,7,7,GAACCTTAGGGGTGGTCTTT,0,4404249
yadN_predicted,0.125,7,7,GAACCTGGAATTAGGCGAAA,0,4408744
yadN_predicted,0.125,7,7,GAACAGGACTTGGCCCGTAC,0,4422451
yadN_predicted,0.125,7,7,GAAAGTGAGATACTCTGTTC,0,4433216
yadN_predicted,0.125,7,7,GAAACATTTTAGATATGCCC,0,4415551
yadN_predicted,0.125,7,7,GAAACATTCCACTTGGGAGG,0,4411459
yadN_predicted,0.125,7,7,GAAAAAAGATGGTGGTCGGA,0,4406906
yadN_predicted,0.125,7,7,CTTGGCCCTTGTTATCGTGG,0,4433012
yadN_predicted,0.125,7,7,CTTGAAGAGGAGTCACTTGC,0,4416363
yadN_predicted,0.125,7,7,CTTCGATCATACGAGTGGTG,0,4419858
yadN_predicted,0.125,7,7,CTTCCCGCGTGTACTTTGAT,0,4424376
yadN_predicted,0.125,7,7,CTTCATTTCACAGATGGCTA,0,4420444
yadN_predicted,0.125,7,7,CTGTGGCACCCGACTTAGGT,0,4433172
yadN_predicted,0.125,7,7,CTGTGAGCTCCTCGCGCGAG,0,4430679
yadN_predicted,0.125,7,7,CTGTAGGTTTGGATCGGCCA,0,4432962
yadN_predicted,0.125,7,7,CTGGAGATCTATGTGGTAAT,0,4409201
yadN_predicted,0.125,7,7,CTGGAATCCCCACGCAGTGT,0,4428838
yadN_predicted,0.125,7,7,CTCTTTCTCTAGCGGAACGT,0,4424700
yadN_predicted,0.125,7,7,CTCTGCACATTCGCTTTCTC,0,4430779
yadN_predicted,0.125,7,7,CTCGGCCCCGTGGCATCGTG,0,4421365
yadN_predicted,0.125,7,7,CTCGCTGCGTTGTCAGGGTC,0,4411016
yadN_predicted,0.125,7,7,CTCGATCTGGATAAATTTAT,0,4427011
yadN_predicted,0.125,7,7,CTCGATATGGAGGGCGATAT,0,4420277
yadN_predicted,0.125,7,7,CTCCTCAGAGGGGTGCCCAC,0,4409319
yadN_predicted,0.125,7,7,CTCCCTTCGATCTGCAAGTA,0,4405224
yadN_predicted,0.125,7,7,CTCCCATACCTTCACGAAAT,0,4422034
yadN_predicted,0.125,7,7,CTCATCGACCAGACAGTTAC,0,4427110
yadN_predicted,0.125,7,7,CTCACGTGCAAATCCCGGCG,0,4432620
yadN_predicted,0.125,7,7,CTCACAATGGGCTCATTATT,0,4409499
yadN_predicted,0.125,7,7,CTCAATCGGAACCTAACACT,0,4409824
yadN_predicted,0.125,7,7,CTCAAGTGACTAGCAGCTTT,0,4409638
yadN_predicted,0.125,7,7,CTCAAAGTTACGACCGCGTC,0,4404674
yadN_predicted,0.125,7,7,CTATGAGCGTTTGTCTGAAA,0,4422669
yadN_predicted,0.125,7,7,CTAGTTGGCGTGTCCGCGAG,0,4416803
yadN_predicted,0.125,7,7,CTAGCTGGCTAATCAGGCGG,0,4403553
yadN_predicted,0.125,7,7,CTAGCCCTTGTTCCAAACAG,0,4429132
yadN_predicted,0.125,7,7,CTACTTGCCCGTCCGGATAA,0,4431641
yadN_predicted,0.125,7,7,CTACCTCGTTTCCCGTAGCG,0,4423157
yadN_predicted,0.125,7,7,CTAAGGTACGGGGCGCCTCT,0,4406725
yadN_predicted,0.125,7,7,CGTTGCAGCGCACCCGGAAG,0,4407821
yadN_predicted,0.125,7,7,CGTTCTTATTTGATCGTCAG,0,4415278
yadN_predicted,0.125,7,7,CGTGTTACCGCTCTTAGGGA,0,4435054
yadN_predicted,0.125,7,7,CGTGCTCGTACCACATTATC,0,4411602
yadN_predicted,0.125,7,7,CGTGCAATGCAACGAGCAGG,0,4416728
yadN_predicted,0.125,7,7,CGTCCTCGTTCCGATCCCGA,0,4422948
yadN_predicted,0.125,7,7,CGTCATGGCGTACCGAACGT,0,4422386
yadN_predicted,0.125,7,7,CGTATTTGAGGCAGACGGCA,0,4434390
yadN_predicted,0.125,7,7,CGTAGGAACGCCACGCCAAG,0,4424794
yadN_predicted,0.125,7,7,CGGTTGGAAGAATGGTTGAT,0,4412404
yadN_predicted,0.125,7,7,CGGTGGGAATTTAAATTGTT,0,4416153
yadN_predicted,0.125,7,7,CGGTCTGAGTGATTCAAAAA,0,4405168
yadN_predicted,0.125,7,7,CGGGCTATCGCAGCAGCCAC,0,4408888
yadN_predicted,0.125,7,7,CGGGCAGGGCGTTTAAGGAT,0,4425138
yadN_predicted,0.125,7,7,CGGCCAGCGAAGTTAGAGGA,0,4405703
yadN_predicted,0.125,7,7,CGGAGCTTGAGCCTCACGAT,0,4421904
yadN_predicted,0.125,7,7,CGGAAGGAGGGACGAGCGCT,0,4409563
yadN_predicted,0.125,7,7,CGCTCACTCACACGCCCGAA,0,4416547
yadN_predicted,0.125,7,7,CGCGTGTGCCAGAAGGTCTG,0,4407603
yadN_predicted,0.125,7,7,CGCGGTTTTCTATAATCAGT,0,4427629
yadN_predicted,0.125,7,7,CGCGGTAGACCCGTTCCAGG,0,4417683
yadN_predicted,0.125,7,7,CGCGACAGAAACTGGGGCGT,0,4415173
yadN_predicted,0.125,7,7,CGCCAGGATCATCACGTGGT,0,4416645
yadN_predicted,0.125,7,7,CGCCAACGAAATAAATACTC,0,4423587
yadN_predicted,0.125,7,7,CGCATTTCCTTTGAGATTAC,0,4421510
yadN_predicted,0.125,7,7,CGCATGGCTTGGCTCTACAA,0,4402876
yadN_predicted,0.125,7,7,CGCATAATGATGTTCGTGGA,0,4429898
yadN_predicted,0.125,7,7,CGCAGTCTCAATACCCGGAA,0,4429741
yadN_predicted,0.125,7,7,CGCACGCAGAATGATGGCAG,0,4405617
yadN_predicted,0.125,7,7,CGCAATAACGGGGGAACGGT,0,4410736
yadN_predicted,0.125,7,7,CGATTTGAAGACACGGGTAC,0,4423696
yadN_predicted,0.125,7,7,CGATTCACTCCTGCGCAAAC,0,4412117
yadN_predicted,0.125,7,7,CGAGTTACGGCGAACGGTCC,0,4428983
yadN_predicted,0.125,7,7,CGACGCTCTTCTAAGAATTC,0,4419907
yadN_predicted,0.125,7,7,CGAATCTGGGATTTACTCAA,0,4431888
yadN_predicted,0.125,7,7,CGAAGCTCCGGATGAATGAT,0,4428931
yadN_predicted,0.125,7,7,CGAAACAGTACACCGGGGAA,0,4424030
yadN_predicted,0.125,7,7,CCTGTGCGGCGCACTTCAAC,0,4415497
yadN_predicted,0.125,7,7,CCTGAGACCGATCCTGATGT,0,4417638
yadN_predicted,0.125,7,7,CCTCATGAGATTCTTACGTG,0,4413088
yadN_predicted,0.125,7,7,CCTATAGGCTCTGCAGCACA,0,4415283
yadN_predicted,0.125,7,7,CCTAGGTTCCAAGTATGAGT,0,4417072
yadN_predicted,0.125,7,7,CCTAGAGACTCCGGGTACAA,0,4422318
yadN_predicted,0.125,7,7,CCGTAGGTCTCACATGTGAC,0,4403564
yadN_predicted,0.125,7,7,CCGGTTGACCAAGCGTCTGA,0,4408361
yadN_predicted,0.125,7,7,CCGGTAGCAAATACGTGGTA,0,4425531
yadN_predicted,0.125,7,7,CCGGGCCGACCGCGCGTACA,0,4412804
yadN_predicted,0.125,7,7,CCGCGAGTGGCAGCTACACA,0,4417364
yadN_predicted,0.125,7,7,CCGCACCTGCATCGGCCACG,0,4416160
yadN_predicted,0.125,7,7,CCGCACCACGTATAAGTGTC,0,4430578
yadN_predicted,0.125,7,7,CCGACGTCGGTACACCCGGT,0,4411845
yadN_predicted,0.125,7,7,CCCTGGTCAATACTTGATAT,0,4429224
yadN_predicted,0.125,7,7,CCCTGAATATATAAACCCGA,0,4403165
yadN_predicted,0.125,7,7,CCCTCGGATCTCAACATCAT,0,4425553
yadN_predicted,0.125,7,7,CCCTATGTGTAATCGCACTG,0,4419386
yadN_predicted,0.125,7,7,CCCTACCATTAACTTTGTGG,0,4405635
yadN_predicted,0.125,7,7,CCCGTATGCCCGTTGGTTCA,0,4424506
yadN_predicted,0.125,7,7,CCCGCTTAATCCACCCGCAA,0,4403041
yadN_predicted,0.125,7,7,CCCGACAACGTTGTCTCGCG,0,4402958
yadN_predicted,0.125,7,7,CCCGAAAATTGCAACACAAC,0,4432799
yadN_predicted,0.125,7,7,CCCCCTATTCCTACATCAAC,0,4419990
yadN_predicted,0.125,7,7,CCATGTCATAGAGGGCGTGT,0,4430978
yadN_predicted,0.125,7,7,CCATAGGGTAGCTCCATGAG,0,4412334
yadN_predicted,0.125,7,7,CCATAGGGCCTAACAGTTCT,0,4404515
yadN_predicted,0.125,7,7,CCAGGTGAGCGTAACCGTAA,0,4433036
yadN_predicted,0.125,7,7,CCAGGCGTCCGGTCCCTACG,0,4426814
yadN_predicted,0.125,7,7,CCAGCGCTAGGCACCCAAGT,0,4426179
yadN_predicted,0.125,7,7,CCAGATAGGCCTTACGCCGT,0,4403968
yadN_predicted,0.125,7,7,CCAATACCGTAAAATGAGGA,0,4403565
yadN_predicted,0.125,7,7,CCAAGTTGCGGTTTTGTGTT,0,4410234
yadN_predicted,0.125,7,7,CATTTGGGGCAACTACAGTT,0,4426001
yadN_predicted,0.125,7,7,CATTTCTACGCAGTTCATTG,0,4427472
yadN_predicted,0.125,7,7,CATTCGCTGGTCGCTGGTGG,0,4410290
yadN_predicted,0.125,7,7,CATTATTGTAGCTATTAGTT,0,4403863
yadN_predicted,0.125,7,7,CATGGAAGTCTCTGGTGACT,0,4428789
yadN_predicted,0.125,7,7,CATGCTCTTGAGGAAGCTTT,0,4405839
yadN_predicted,0.125,7,7,CATCACGAGCCAAGTCACTT,0,4432699
yadN_predicted,0.125,7,7,CATACGTCAATGAAAAACCC,0,4418223
yadN_predicted,0.125,7,7,CATAATTGAGGCCCGGCCTC,0,4412014
yadN_predicted,0.125,7,7,CAGTTTGTGATACACGGTTC,0,4426952
yadN_predicted,0.125,7,7,CAGTACCAAGCCTGAAGGTA,0,4406213
yadN_predicted,0.125,7,7,CAGGTGGAAAACAGGATCCG,0,4408484
yadN_predicted,0.125,7,7,CAGGTGCTGAAATCGGACAT,0,4421141
yadN_predicted,0.125,7,7,CAGGGGAAGAATGCTAAGGT,0,4406201
yadN_predicted,0.125,7,7,CAGGATGAAGCCGAGGTCGG,0,4423535
yadN_predicted,0.125,7,7,CAGGAGGGTCGGCTATGGGG,0,4434190
yadN_predicted,0.125,7,7,CAGGAAAAAATGTGGCCGGA,0,4427109
yadN_predicted,0.125,7,7,CAGCTGACTTCTACGGTGGG,0,4421902
yadN_predicted,0.125,7,7,CAGCTCGATGACATGGGAAA,0,4411245
yadN_predicted,0.125,7,7,CAGATTCACTGTGCGCCCCT,0,4422208
yadN_predicted,0.125,7,7,CAGAGAGCTCAGCGCCTTAC,0,4420639
yadN_predicted,0.125,7,7,CACGATCGTCGCTAGGAGGA,0,4433749
yadN_predicted,0.125,7,7,CACGAATCTTAGGAGAAGGG,0,4415944
yadN_predicted,0.125,7,7,CACCGGCCGCTCCCGCTTCA,0,4426279
yadN_predicted,0.125,7,7,CACAATGGACGGACTACCCT,0,4430589
yadN_predicted,0.125,7,7,CAATTTACCCCACCACATTT,0,4431065
yadN_predicted,0.125,7,7,CAATGTGCAGCACTGACCTA,0,4403489
yadN_predicted,0.125,7,7,CAATAGGATGTATTGACGGT,0,4419864
yadN_predicted,0.125,7,7,CAAGTACGGGACAAATCTGC,0,4413361
yadN_predicted,0.125,7,7,CAACTAACAGCACTCGTAGA,0,4412006
yadN_predicted,0.125,7,7,ATTTGGTACAGGGGACAGCT,0,4430352
yadN_predicted,0.125,7,7,ATTTGATCGAGCCCGCGAGT,0,4419201
yadN_predicted,0.125,7,7,ATTTATGTACGACCCGAAAA,0,4423919
yadN_predicted,0.125,7,7,ATTTATCAGCTATCGTCAAA,0,4417783
yadN_predicted,0.125,7,7,ATTGTCCCTGATTTTTTTTA,0,4429169
yadN_predicted,0.125,7,7,ATTGCTCCAGACTATTTAAT,0,4404838
yadN_predicted,0.125,7,7,ATTCGCTTTTAGGTTCCATT,0,4414583
yadN_predicted,0.125,7,7,ATTCGATCTTTGATCTCAGA,0,4415963
yadN_predicted,0.125,7,7,ATTCGAAAACGCGCGTGGGT,0,4425026
yadN_predicted,0.125,7,7,ATTCACTGTAGTGGGAGGGG,0,4420073
yadN_predicted,0.125,7,7,ATTCACCAAATTTCTCGATC,0,4405925
yadN_predicted,0.125,7,7,ATTACATTGTAGCCTTCTCA,0,4411138
yadN_predicted,0.125,7,7,ATTAAATGTCCGCACATAGC,0,4403620
yadN_predicted,0.125,7,7,ATGGTGTTCCCGATTAGTCT,0,4420650
yadN_predicted,0.125,7,7,ATGGCGAGTTCAAGCGTGTT,0,4432560
yadN_predicted,0.125,7,7,ATGGAACATACCACAGATTC,0,4406756
yadN_predicted,0.125,7,7,ATGCGATATGCCGAGAGTAA,0,4411835
yadN_predicted,0.125,7,7,ATGCCTAAGAAAGAGGCAAA,0,4430669
yadN_predicted,0.125,7,7,ATGACGGAGTCCACCAAATC,0,4434567
yadN_predicted,0.125,7,7,ATCTTTAACTATTTACACTG,0,4430982
yadN_predicted,0.125,7,7,ATCTGCGGTATATCCTCCCG,0,4430339
yadN_predicted,0.125,7,7,ATCCTTTGGACATACGGGCA,0,4420543
yadN_predicted,0.125,7,7,ATCCGGTGCAGGAAGAGACT,0,4434920
yadN_predicted,0.125,7,7,ATCATTAGCGAGACAACGGT,0,4414962
yadN_predicted,0.125,7,7,ATCAGATGCGGAGGGTCAGG,0,4434971
yadN_predicted,0.125,7,7,ATATTGTGTCACCTCCGCAA,0,4409430
yadN_predicted,0.125,7,7,ATATCGTGACGGGATATCAG,0,4407246
yadN_predicted,0.125,7,7,ATATACGGATGAATTAGACC,0,4419329
yadN_predicted,0.125,7,7,ATAGGGTTTTCTGTGTGCCA,0,4416770
yadN_predicted,0.125,7,7,ATAGGCGAACGGGAATAAGG,0,4415979
yadN_predicted,0.125,7,7,ATAGACAGAAGTTACTATAC,0,4423759
yadN_predicted,0.125,7,7,ATACGCTGCGTCAGGCAACG,0,4414094
yadN_predicted,0.125,7,7,ATAAGGTGCACACCTCGCAG,0,4425444
yadN_predicted,0.125,7,7,ATAAGGATCAAACTGTCGAA,0,4432234
yadN_predicted,0.125,7,7,AGTTGCTGGGTGAAGGGCCA,0,4431520
yadN_predicted,0.125,7,7,AGTTACGCGAGATGCCTTGG,0,4423591
yadN_predicted,0.125,7,7,AGTGTAGGCTTGCCGCCGAT,0,4407882
yadN_predicted,0.125,7,7,AGTGTACCGATCAATACTGT,0,4422365
yadN_predicted,0.125,7,7,AGTGGTATGGGCAGGAGGCT,0,4417508
yadN_predicted,0.125,7,7,AGTCTGGTCAATTTATGGGA,0,4423324
yadN_predicted,0.125,7,7,AGTCAACGCCGAAAGACGAT,0,4421129
yadN_predicted,0.125,7,7,AGTACATTCTAGCATCCTCT,0,4403442
yadN_predicted,0.125,7,7,AGGTTTGGGTTGACTTCTGA,0,4431845
yadN_predicted,0.125,7,7,AGGTTAAAAGAACATTGGCA,0,4406236
yadN_predicted,0.125,7,7,AGGTCGATAAGGCGGGAAGG,0,4415851
yadN_predicted,0.125,7,7,AGGGTACTGTTCGACTTAGA,0,4412455
yadN_predicted,0.125,7,7,AGGCTACGCGGCACGCTCCC,0,4420904
yadN_predicted,0.125,7,7,AGGCGGTTCGACAGGTCCAG,0,4428074
yadN_predicted,0.125,7,7,AGGCAACACGTTCGGCTTAC,0,4403571
yadN_predicted,0.125,7,7,AGGATCGAGTATCGGGACTC,0,4420875
yadN_predicted,0.125,7,7,AGGATCCTAGGCATAAGTTC,0,4425143
yadN_predicted,0.125,7,7,AGGAGGCAAGTAGAGATCTC,0,4409694
yadN_predicted,0.125,7,7,AGCTGTGACGCGCTTGTGGT,0,4428357
yadN_predicted,0.125,7,7,AGCCTTTGCGGATTATCAAT,0,4412214
yadN_predicted,0.125,7,7,AGCCTAATTCACGCCCGTTT,0,4425487
yadN_predicted,0.125,7,7,AGCATCCGAGTCGCCTAGAT,0,4434508
yadN_predicted,0.125,7,7,AGCAATATCTCTACCACGGA,0,4410846
yadN_predicted,0.125,7,7,AGATGGGGGTCCATCCAGGT,0,4406470
yadN_predicted,0.125,7,7,AGATCCGTATATGTATTTCC,0,4429791
yadN_predicted,0.125,7,7,AGACGTTCTGGGTTGTGGTT,0,4434992
yadN_predicted,0.125,7,7,AGACGGAAATAATTGGCTGA,0,4425450
yadN_predicted,0.125,7,7,AGACCCAATCTGGTGCGATG,0,4424234
yadN_predicted,0.125,7,7,AGAATTAAAACCAAGTGCAG,0,4423657
yadN_predicted,0.125,7,7,ACTTAGGTTTTGGGTCTCTG,0,4435797
yadN_predicted,0.125,7,7,ACTTAACGCAAGTGTTCCAT,0,4426432
yadN_predicted,0.125,7,7,ACTGACTTATGGTACGTTTG,0,4429996
yadN_predicted,0.125,7,7,ACTCTATATGGGCTTGATAG,0,4409503
yadN_predicted,0.125,7,7,ACTCAAGGATTTTCGCCACT,0,4419002
yadN_predicted,0.125,7,7,ACTACCCGCAACTCCGTGAA,0,4432073
yadN_predicted,0.125,7,7,ACTAACCAACGTGACCAGAA,0,4411557
yadN_predicted,0.125,7,7,ACGTGAGGTCCTACGGCTGA,0,4430616
yadN_predicted,0.125,7,7,ACGTAGGGCGCTAACCGTGC,0,4433427
yadN_predicted,0.125,7,7,ACGCTTTTGTTGGGCTGTTC,0,4417317
yadN_predicted,0.125,7,7,ACGCTCCTTTGCGCAGTCCA,0,4431336
yadN_predicted,0.125,7,7,ACGATCTGCGCTACAGGAGA,0,4412611
yadN_predicted,0.125,7,7,ACCTGCCGACGCTTCAACGA,0,4409141
yadN_predicted,0.125,7,7,ACCTGAACGAGACTGTTAGA,0,4413040
yadN_predicted,0.125,7,7,ACCTCAGTGTGCATTGTGAA,0,4416108
yadN_predicted,0.125,7,7,ACCTAGACAAGTAAGAAGGG,0,4427527
yadN_predicted,0.125,7,7,ACCGTACCGCTGCAAGCGGC,0,4423578
yadN_predicted,0.125,7,7,ACCGCAGTACTGAGCTAGCG,0,4413595
yadN_predicted,0.125,7,7,ACCCGGCTCTTCTAGCTTTA,0,4429402
yadN_predicted,0.125,7,7,ACCCCGATGTTCGCGCCGGA,0,4431674
yadN_predicted,0.125,7,7,ACCCAGTCCCGGATGGCTCG,0,4425584
yadN_predicted,0.125,7,7,ACCCAAGAACCACCCAAGCA,0,4403084
yadN_predicted,0.125,7,7,ACCAACGGTGTCGGGATGCT,0,4409439
yadN_predicted,0.125,7,7,ACATCGGGGCTGAGTTTTTA,0,4403813
yadN_predicted,0.125,7,7,ACAGCCTTATCGCCGACATG,0,4415171
yadN_predicted,0.125,7,7,ACAGCACGGACACTCTGACT,0,4424379
yadN_predicted,0.125,7,7,ACACTCAGACGCTAAGGGTA,0,4409158
yadN_predicted,0.125,7,7,AATTTGGAAGGAAGTGCTGA,0,4409655
yadN_predicted,0.125,7,7,AATTTCGGTGGGCTCGCGTA,0,4434932
yadN_predicted,0.125,7,7,AATTAGGGTCTGGCTGACAC,0,4414885
yadN_predicted,0.125,7,7,AATGATTGTGCTTCCACAAG,0,4424773
yadN_predicted,0.125,7,7,AATCGGATCCAGACACGAGG,0,4428141
yadN_predicted,0.125,7,7,AATCGACGTCTGAATTTATA,0,4432194
yadN_predicted,0.125,7,7,AATCCCTGTTGGCAATGTCT,0,4408179
yadN_predicted,0.125,7,7,AATATCAGAGTCTATTGGAG,0,4403516
yadN_predicted,0.125,7,7,AATACCACCTAGAAGCGGGT,0,4423367
yadN_predicted,0.125,7,7,AATAAAGTTGATTCTGTCGC,0,4428709
yadN_predicted,0.125,7,7,AAGTTATAAGGACCTGTTGG,0,4410466
yadN_predicted,0.125,7,7,AAGTGCAGTTTACGTCGGGG,0,4419793
yadN_predicted,0.125,7,7,AAGTCTTCATCGATATCGTA,0,4415414
yadN_predicted,0.125,7,7,AAGCGGGGGGGCCAAAGACT,0,4435312
yadN_predicted,0.125,7,7,AAGCGAACACGCCAAAGGGA,0,4422241
yadN_predicted,0.125,7,7,AAGATGGTGGCTTCTAGTGC,0,4425510
yadN_predicted,0.125,7,7,AAGAGGAGGGTTATTTTCTT,0,4417655
yadN_predicted,0.125,7,7,AAGAGCGTAAGATGATCTGC,0,4414136
yadN_predicted,0.125,7,7,AACCTGCGATCTCAGGGCAA,0,4425171
yadN_predicted,0.125,7,7,AACCGGACACCGTCCTACTT,0,4423734
yadN_predicted,0.125,7,7,AACAGGCCGACCGGTGGATT,0,4431675
yadN_predicted,0.125,7,7,AACAATAGAAGGTTAGTGGT,0,4423414
yadN_predicted,0.125,7,7,AAATTGCCCCACTCGAACGC,0,4421604
yadN_predicted,0.125,7,7,AAATCTTTTAGCGGCTTTAA,0,4418234
yadN_predicted,0.125,7,7,AAAGCGCTCACCATCTCAGC,0,4422348
yadN_predicted,0.125,7,7,AAAAGAGTCCCATGGACGAG,0,4427749
yadN_predicted,0.125,7,7,AAAAATGGTCATCCGTCGGT,0,4425700
yadN_predicted,0.14285714285714285,6,6,TTTTTGCCTGCGTGTTTTCT,0,4415282
yadN_predicted,0.14285714285714285,6,6,TTTTCGTGTTGCTATGCCTG,0,4424722
yadN_predicted,0.14285714285714285,6,6,TTTTCAACACGCCAAGTTTA,0,4414238
yadN_predicted,0.14285714285714285,6,6,TTTTAAGCGGGTTCCTAATA,0,4411117
yadN_predicted,0.14285714285714285,6,6,TTTGTTGGAAGGACGTCGAG,0,4429813
yadN_predicted,0.14285714285714285,6,6,TTTGATACATGCTTGAAGTT,0,4419261
yadN_predicted,0.14285714285714285,6,6,TTTGAAGTGGACTGCAGGAC,0,4423094
yadN_predicted,0.14285714285714285,6,6,TTTCCCCTTTATAACAGTAT,0,4408144
yadN_predicted,0.14285714285714285,6,6,TTTCATCAAATAGGCGGGAA,0,4415461
yadN_predicted,0.14285714285714285,6,6,TTGGGCGAATGACGCCCTGT,0,4422047
yadN_predicted,0.14285714285714285,6,6,TTGGGCCCGGCCGGGCTCAT,0,4420859
yadN_predicted,0.14285714285714285,6,6,TTGGCGATCCCGAGTCCCGA,0,4419674
yadN_predicted,0.14285714285714285,6,6,TTGGCCGTTGATGAGCTTAT,0,4431287
yadN_predicted,0.14285714285714285,6,6,TTGCTTATCGACCTTTCTGC,0,4405502
yadN_predicted,0.14285714285714285,6,6,TTGCTAATATTGAACAAGAG,0,4421144
yadN_predicted,0.14285714285714285,6,6,TTGCGCTAATTATATTATCG,0,4427035
yadN_predicted,0.14285714285714285,6,6,TTGATGTGTTTAGACTCGAT,0,4413275
yadN_predicted,0.14285714285714285,6,6,TTGATCCGCAACAGACTGTC,0,4425771
yadN_predicted,0.14285714285714285,6,6,TTGAACGGGAGCATTAGAGA,0,4426495
yadN_predicted,0.14285714285714285,6,6,TTCTTGCGCGCTGCTCTACT,0,4407506
yadN_predicted,0.14285714285714285,6,6,TTCGTTGCGCCGTTTGATTG,0,4420754
yadN_predicted,0.14285714285714285,6,6,TTCGTGCGTACATGGGAAAG,0,4434119
yadN_predicted,0.14285714285714285,6,6,TTCGCGGGGCTCATGCTTCT,0,4420597
yadN_predicted,0.14285714285714285,6,6,TTCGACATGTTAAGCCGCCA,0,4410532
yadN_predicted,0.14285714285714285,6,6,TTCCTCGAGACGAGGTTACT,0,4432256
yadN_predicted,0.14285714285714285,6,6,TTCCATCATTATTGTGTCCT,0,4422895
yadN_predicted,0.14285714285714285,6,6,TTCCATATCGCCAGCATGCA,0,4415332
yadN_predicted,0.14285714285714285,6,6,TTCATGGACTCTTTAGGAAG,0,4432757
yadN_predicted,0.14285714285714285,6,6,TTCAATATGCTTGTGCGTCT,0,4422362
yadN_predicted,0.14285714285714285,6,6,TTATAACGCGAGCGTAATTA,0,4416679
yadN_predicted,0.14285714285714285,6,6,TTAGTTGATTGTGGGCATCT,0,4420614
yadN_predicted,0.14285714285714285,6,6,TTAGTGGGCAATAGTCATCT,0,4419382
yadN_predicted,0.14285714285714285,6,6,TTAGGCGTTGAGCCACCGAC,0,4409235
yadN_predicted,0.14285714285714285,6,6,TTAGCTGCCACGCCCTGAGG,0,4426370
yadN_predicted,0.14285714285714285,6,6,TTAGCGTTTGGCTTTGCCCT,0,4429086
yadN_predicted,0.14285714285714285,6,6,TTAGCGCGTTCCATAGTTCG,0,4417574
yadN_predicted,0.14285714285714285,6,6,TTAGAATTTGAGATCATCTG,0,4431689
yadN_predicted,0.14285714285714285,6,6,TTAACTTAATGCCTGAGTCA,0,4423940
yadN_predicted,0.14285714285714285,6,6,TTAAACGTGTCTAGGACGTC,0,4430693
yadN_predicted,0.14285714285714285,6,6,TGTTCGAAGCGTACTTGAAA,0,4416754
yadN_predicted,0.14285714285714285,6,6,TGTGGGTAAGCACCGAACAC,0,4411963
yadN_predicted,0.14285714285714285,6,6,TGTCCGACGAGGGTCGTCAC,0,4409855
yadN_predicted,0.14285714285714285,6,6,TGTCCCTACCTGCTGGACAG,0,4411575
yadN_predicted,0.14285714285714285,6,6,TGTAGGTGCATGCTCCAAAG,0,4430014
yadN_predicted,0.14285714285714285,6,6,TGTAGATTACTGACCCAGAT,0,4423053
yadN_predicted,0.14285714285714285,6,6,TGTAATCGAGGGCGACCGGC,0,4420536
yadN_predicted,0.14285714285714285,6,6,TGTAACAGTACAAGATAGGA,0,4406967
yadN_predicted,0.14285714285714285,6,6,TGGTGTCAACGGTCAGTACG,0,4430035
yadN_predicted,0.14285714285714285,6,6,TGGTCGGCGCGAGGATTCGG,0,4426749
yadN_predicted,0.14285714285714285,6,6,TGGTCGAAATCAGCGCACCT,0,4427417
yadN_predicted,0.14285714285714285,6,6,TGGCATAACTTACGAGATGA,0,4407430
yadN_predicted,0.14285714285714285,6,6,TGGAACATGGGGGGGGCCTA,0,4403488
yadN_predicted,0.14285714285714285,6,6,TGCTTTTAACTATGTAGGTA,0,4409746
yadN_predicted,0.14285714285714285,6,6,TGCTTCATCCGCGACCCAAG,0,4409294
yadN_predicted,0.14285714285714285,6,6,TGCTGTTTTGGTGATAAAGC,0,4427230
yadN_predicted,0.14285714285714285,6,6,TGCTGGCATGGTGAAGATAG,0,4423093
yadN_predicted,0.14285714285714285,6,6,TGCTGCTCGCGGAAGGCTAT,0,4409807
yadN_predicted,0.14285714285714285,6,6,TGCGCACTCTGTTGGTAGCC,0,4410895
yadN_predicted,0.14285714285714285,6,6,TGCGACATTTTACGGACATG,0,4403930
yadN_predicted,0.14285714285714285,6,6,TGCCGCTGTCTAGGAGGTTC,0,4435704
yadN_predicted,0.14285714285714285,6,6,TGCCCGATGCGGGGAATCCC,0,4409847
yadN_predicted,0.14285714285714285,6,6,TGCCAACCGATCCGTATTAA,0,4420771
yadN_predicted,0.14285714285714285,6,6,TGCATGCCAGTCGTGGCGAT,0,4423575
yadN_predicted,0.14285714285714285,6,6,TGCAGTTCTCCACCTGCCCT,0,4415520
yadN_predicted,0.14285714285714285,6,6,TGAGTCGGTGTCGTGCGAGA,0,4425597
yadN_predicted,0.14285714285714285,6,6,TGACCTCGGTGGTTGCTCGG,0,4408762
yadN_predicted,0.14285714285714285,6,6,TGAACCACACCAGCTTCCGT,0,4420050
yadN_predicted,0.14285714285714285,6,6,TGAAACTTACCTTGTAAATG,0,4418354
yadN_predicted,0.14285714285714285,6,6,TCTTCGACTGATGCTGAGGC,0,4410842
yadN_predicted,0.14285714285714285,6,6,TCTTATTTGCCCCCGTAGGA,0,4409274
yadN_predicted,0.14285714285714285,6,6,TCTGTTGCCTGTTGCTCTTG,0,4425735
yadN_predicted,0.14285714285714285,6,6,TCTGGGCCGTCAACTTTTAA,0,4405083
yadN_predicted,0.14285714285714285,6,6,TCTCCGTTAGCACGGGTCGG,0,4424646
yadN_predicted,0.14285714285714285,6,6,TCGGTCGGCCAGTAAGGAGC,0,4406869
yadN_predicted,0.14285714285714285,6,6,TCGGCCGGTTGATTAAAACA,0,4435595
yadN_predicted,0.14285714285714285,6,6,TCGCGTCAGACAGGTGTCAT,0,4425713
yadN_predicted,0.14285714285714285,6,6,TCGCCTCTCTCACCAATTTT,0,4416601
yadN_predicted,0.14285714285714285,6,6,TCGCCGTAATTCGCGAGGCA,0,4407109
yadN_predicted,0.14285714285714285,6,6,TCGCCATAGACTTTGGTAGA,0,4433153
yadN_predicted,0.14285714285714285,6,6,TCGCAGGAGGCCTTCGGCAG,0,4430946
yadN_predicted,0.14285714285714285,6,6,TCGACCGAGATCTCTGCGCA,0,4404334
yadN_predicted,0.14285714285714285,6,6,TCCTAGCATAGGGCGGACTT,0,4432782
yadN_predicted,0.14285714285714285,6,6,TCCGCCATTAGTCTAGGGTT,0,4416780
yadN_predicted,0.14285714285714285,6,6,TCCATCATTATAGACGTAAC,0,4411768
yadN_predicted,0.14285714285714285,6,6,TCATTTGATCAGCATTCAAG,0,4411022
yadN_predicted,0.14285714285714285,6,6,TCATCTCGCTCGGACGCCAT,0,4428586
yadN_predicted,0.14285714285714285,6,6,TCATCCTCTCTTGCATCATT,0,4429530
yadN_predicted,0.14285714285714285,6,6,TCAGCCTTATCCGTCTGCTA,0,4410882
yadN_predicted,0.14285714285714285,6,6,TCACCATTCCCTTGGCCACG,0,4410338
yadN_predicted,0.14285714285714285,6,6,TCAAGGATGACTCGGCATAT,0,4406634
yadN_predicted,0.14285714285714285,6,6,TCAAGCTACAGATAACGAAG,0,4407571
yadN_predicted,0.14285714285714285,6,6,TATTTTGGTGTATTCGACCA,0,4404486
yadN_predicted,0.14285714285714285,6,6,TATGGGTAGATCATAGCTAG,0,4406554
yadN_predicted,0.14285714285714285,6,6,TATGACGATAACTTTATGGT,0,4413599
yadN_predicted,0.14285714285714285,6,6,TATCATTCAAGGTACCTACC,0,4420410
yadN_predicted,0.14285714285714285,6,6,TATCACGACCTGAGGCGAGA,0,4404402
yadN_predicted,0.14285714285714285,6,6,TATAGTGTAAGTCCAGGGCG,0,4425720
yadN_predicted,0.14285714285714285,6,6,TAGGTTATAGGTAGCAGTTG,0,4404070
yadN_predicted,0.14285714285714285,6,6,TAGGTCTGCAACAAAATGGC,0,4435555
yadN_predicted,0.14285714285714285,6,6,TAGGGGCTCAGGAGGATTTA,0,4428631
yadN_predicted,0.14285714285714285,6,6,TAGCTTCGCGCTTATACTAC,0,4404744
yadN_predicted,0.14285714285714285,6,6,TAGCACGGATCCGACCCACT,0,4407047
yadN_predicted,0.14285714285714285,6,6,TAGCAAGGGGTGAGAATACT,0,4422882
yadN_predicted,0.14285714285714285,6,6,TAGAGGGGGTTAGCACGGTC,0,4413785
yadN_predicted,0.14285714285714285,6,6,TAGACTGCCTAGATTTATAC,0,4419396
yadN_predicted,0.14285714285714285,6,6,TACTAACGTTATTCAGGGGT,0,4431898
yadN_predicted,0.14285714285714285,6,6,TACGTTTAGTGGTGGGAAGA,0,4411134
yadN_predicted,0.14285714285714285,6,6,TACGCTCGAATTATCCGGAA,0,4416617
yadN_predicted,0.14285714285714285,6,6,TACCTGGCCAGGGGAGCCTT,0,4411173
yadN_predicted,0.14285714285714285,6,6,TACCGGCATCTGCGTCATAC,0,4411274
yadN_predicted,0.14285714285714285,6,6,TACCATCCTCGATTTGAAAA,0,4428543
yadN_predicted,0.14285714285714285,6,6,TACCACGGTACATTATGAGA,0,4407509
yadN_predicted,0.14285714285714285,6,6,TACAGTCATTGGCGCCATTA,0,4425139
yadN_predicted,0.14285714285714285,6,6,TACACGATCAAACGCGCGCT,0,4422955
yadN_predicted,0.14285714285714285,6,6,TACACCACAGACATCTTAGA,0,4415989
yadN_predicted,0.14285714285714285,6,6,TAATGTTAACTTTAATCTGT,0,4404800
yadN_predicted,0.14285714285714285,6,6,TAATGTCATGCTTTGGCGTT,0,4424035
yadN_predicted,0.14285714285714285,6,6,TAATCTATCCGTATTCTGTG,0,4420641
yadN_predicted,0.14285714285714285,6,6,TAAGGATGGTGAATGCTACG,0,4431757
yadN_predicted,0.14285714285714285,6,6,TAAGCCGTGGCTATAAAACG,0,4403429
yadN_predicted,0.14285714285714285,6,6,TAACTCGCGTGTTTCCTTGT,0,4405845
yadN_predicted,0.14285714285714285,6,6,TAACAGGCTTCGAATGTCAA,0,4431395
yadN_predicted,0.14285714285714285,6,6,TAACAGAGTCAGGCGAACAG,0,4419931
yadN_predicted,0.14285714285714285,6,6,TAAATTAATACTTCGTTCAT,0,4429090
yadN_predicted,0.14285714285714285,6,6,TAAATAGTCGAAAAAGGTGG,0,4423085
yadN_predicted,0.14285714285714285,6,6,TAAACGCGAGGGCCGTGATG,0,4412943
yadN_predicted,0.14285714285714285,6,6,TAAACCTGGGTGCTCGAGGG,0,4409732
yadN_predicted,0.14285714285714285,6,6,TAAACCGGTTCGCCTTCTCG,0,4420453
yadN_predicted,0.14285714285714285,6,6,GTTTTTTCAAATTGTGTAAT,0,4420495
yadN_predicted,0.14285714285714285,6,6,GTTTTGTGTGCAGGCCGCAC,0,4411738
yadN_predicted,0.14285714285714285,6,6,GTTTCGTAGGTGGTAACGAT,0,4411868
yadN_predicted,0.14285714285714285,6,6,GTTTACTGTTGGGAAAGGGA,0,4422044
yadN_predicted,0.14285714285714285,6,6,GTTTAAGGTGCAAATCCAAG,0,4435395
yadN_predicted,0.14285714285714285,6,6,GTTAGTATATAGCACGGCCC,0,4425216
yadN_predicted,0.14285714285714285,6,6,GTGGACAGAATGGTAGCATT,0,4410129
yadN_predicted,0.14285714285714285,6,6,GTGCCGAGAGCGGTTTAATG,0,4407884
yadN_predicted,0.14285714285714285,6,6,GTGAGGTTTCCGCGCCAAGG,0,4406773
yadN_predicted,0.14285714285714285,6,6,GTGAGGCCTGTAGAGACATC,0,4434488
yadN_predicted,0.14285714285714285,6,6,GTCTCCCGAAAGTATAGGAG,0,4413413
yadN_predicted,0.14285714285714285,6,6,GTCGAGTCAATGAAGTGACG,0,4403593
yadN_predicted,0.14285714285714285,6,6,GTCCTACTGTTTCGTAGTAC,0,4426452
yadN_predicted,0.14285714285714285,6,6,GTCCCTTGTCTGCGACCAAC,0,4429665
yadN_predicted,0.14285714285714285,6,6,GTAGTCGTCCTCTTGACTCT,0,4427105
yadN_predicted,0.14285714285714285,6,6,GTAGGTGCCTTCGCATGACA,0,4414838
yadN_predicted,0.14285714285714285,6,6,GTAGGGAATACTAGGCCCGA,0,4417746
yadN_predicted,0.14285714285714285,6,6,GTAGACATGACTAGCAGTGT,0,4408255
yadN_predicted,0.14285714285714285,6,6,GTACTTATCCTGATCCAGCA,0,4432104
yadN_predicted,0.14285714285714285,6,6,GTACGGAGATATACTATCGC,0,4411980
yadN_predicted,0.14285714285714285,6,6,GTACGCGAGTCAAAGGATCC,0,4428507
yadN_predicted,0.14285714285714285,6,6,GTACCCTTAAGTCCTAGTCC,0,4407023
yadN_predicted,0.14285714285714285,6,6,GTAATATATAAGTGGTGCCT,0,4420492
yadN_predicted,0.14285714285714285,6,6,GGTTGTTTATGGTCGCTGCA,0,4429867
yadN_predicted,0.14285714285714285,6,6,GGTTGCAAGCTGGTCACAAG,0,4433665
yadN_predicted,0.14285714285714285,6,6,GGTTCGGTCTGGTTTTGGGT,0,4421976
yadN_predicted,0.14285714285714285,6,6,GGTTCGGACCAGCATCGTCC,0,4427713
yadN_predicted,0.14285714285714285,6,6,GGTTCATCATGAGAAAGAGC,0,4418050
yadN_predicted,0.14285714285714285,6,6,GGTGTGTATTCGTTGACGTT,0,4403094
yadN_predicted,0.14285714285714285,6,6,GGTGTGATGTGGGGGTTGAG,0,4415680
yadN_predicted,0.14285714285714285,6,6,GGTCACTCGACGGTGACCCT,0,4412249
yadN_predicted,0.14285714285714285,6,6,GGTAGGGGTTCCGGTCTGGA,0,4434639
yadN_predicted,0.14285714285714285,6,6,GGTAGCTTTAATCACGGCAT,0,4418278
yadN_predicted,0.14285714285714285,6,6,GGTACAGGCGAGGAGACTAT,0,4404053
yadN_predicted,0.14285714285714285,6,6,GGGTTGGCTCTCGCTACTTT,0,4418004
yadN_predicted,0.14285714285714285,6,6,GGGTACGGATCCATTTAGGT,0,4431165
yadN_predicted,0.14285714285714285,6,6,GGGCTTTCCATTATTGTTAA,0,4412904
yadN_predicted,0.14285714285714285,6,6,GGGCTCTGTTCCATAATGCT,0,4431827
yadN_predicted,0.14285714285714285,6,6,GGGCCGGTACGCACAGAAAA,0,4427694
yadN_predicted,0.14285714285714285,6,6,GGGCAGACCTATGTCCTTTA,0,4434993
yadN_predicted,0.14285714285714285,6,6,GGGAGGGGGTAACTTGTCCT,0,4414034
yadN_predicted,0.14285714285714285,6,6,GGGAGAATTGTCGGCGGCCA,0,4423849
yadN_predicted,0.14285714285714285,6,6,GGCTTGACCAGCACATAGGG,0,4423672
yadN_predicted,0.14285714285714285,6,6,GGCTGCACTGGAGGGAATGG,0,4429227
yadN_predicted,0.14285714285714285,6,6,GGCGTCAGACACGTGGTATT,0,4404336
yadN_predicted,0.14285714285714285,6,6,GGCCAATAACAAGCTGCAGG,0,4413853
yadN_predicted,0.14285714285714285,6,6,GGCATGCGATGAGATGTGGG,0,4414198
yadN_predicted,0.14285714285714285,6,6,GGCACTGAAGATCTATTAAA,0,4424065
yadN_predicted,0.14285714285714285,6,6,GGATTGTAACTCGCCTAGAG,0,4410347
yadN_predicted,0.14285714285714285,6,6,GGATCGATCAGTCTTTCCTC,0,4419144
yadN_predicted,0.14285714285714285,6,6,GGATCATGAGTGCCGCCGTA,0,4404221
yadN_predicted,0.14285714285714285,6,6,GGAGATTAAACAACGTATTG,0,4423846
yadN_predicted,0.14285714285714285,6,6,GGACGCCTGCTTGATAGGTT,0,4410245
yadN_predicted,0.14285714285714285,6,6,GGACCAATAGTTCGTCTGTT,0,4409566
yadN_predicted,0.14285714285714285,6,6,GGAACGGACCAAGACGTTTT,0,4431259
yadN_predicted,0.14285714285714285,6,6,GGAACGACCCGGCTCGGGAA,0,4421005
yadN_predicted,0.14285714285714285,6,6,GGAAAAATTTCGACGGTGAG,0,4426326
yadN_predicted,0.14285714285714285,6,6,GCTTTTATTTTAGGGATAGT,0,4428096
yadN_predicted,0.14285714285714285,6,6,GCTTGCCGTAGGGGGAACTA,0,4422519
yadN_predicted,0.14285714285714285,6,6,GCTTGCAGGAGCCGTGATCT,0,4404678
yadN_predicted,0.14285714285714285,6,6,GCTGTGAATCCACCATCATC,0,4409755
yadN_predicted,0.14285714285714285,6,6,GCTGATTACCAGGTCGGCCG,0,4407388
yadN_predicted,0.14285714285714285,6,6,GCTAGTTACACATCCAGGCT,0,4421270
yadN_predicted,0.14285714285714285,6,6,GCTACATTGGGAGTAACCAC,0,4424075
yadN_predicted,0.14285714285714285,6,6,GCTAATGTTTCTAGCCATGC,0,4414400
yadN_predicted,0.14285714285714285,6,6,GCTAACGGTGCGAAATCACT,0,4409406
yadN_predicted,0.14285714285714285,6,6,GCTAAAGACTCTTCTACATG,0,4420609
yadN_predicted,0.14285714285714285,6,6,GCGTTCCCGTACAGCGGACG,0,4433659
yadN_predicted,0.14285714285714285,6,6,GCGTAGACAAGGCTCGTACT,0,4412779
yadN_predicted,0.14285714285714285,6,6,GCGGACAAATCTGAACCACG,0,4431696
yadN_predicted,0.14285714285714285,6,6,GCGCTTCCCAATGTAACCCC,0,4419936
yadN_predicted,0.14285714285714285,6,6,GCGCACTTTTTAGGTGAGAG,0,4420157
yadN_predicted,0.14285714285714285,6,6,GCGAACTTCACTTCCTGTAA,0,4412554
yadN_predicted,0.14285714285714285,6,6,GCCGTAAGGCTTCACCATGC,0,4403761
yadN_predicted,0.14285714285714285,6,6,GCCCTTCCGGAAGGCTCCGG,0,4426692
yadN_predicted,0.14285714285714285,6,6,GCCCGCGTTTCTAAGTGACG,0,4410100
yadN_predicted,0.14285714285714285,6,6,GCCCCGGGATAACTCCTTGT,0,4413521
yadN_predicted,0.14285714285714285,6,6,GCCCAGGGGGGGAGTGTGGC,0,4420807
yadN_predicted,0.14285714285714285,6,6,GCCCAGCCATGACTAACAAG,0,4432943
yadN_predicted,0.14285714285714285,6,6,GCCCAGACGTCATCGGGCAA,0,4423554
yadN_predicted,0.14285714285714285,6,6,GCCCACGCCGCCTTCAAGGT,0,4407939
yadN_predicted,0.14285714285714285,6,6,GCCAACTTCAGCCGGCCATT,0,4411017
yadN_predicted,0.14285714285714285,6,6,GCAGAGGGCAGTGGGTCATG,0,4422632
yadN_predicted,0.14285714285714285,6,6,GCACCCGGGAAGCTCCGCAG,0,4418737
yadN_predicted,0.14285714285714285,6,6,GCACCAATTGGAGAAGCTCT,0,4422284
yadN_predicted,0.14285714285714285,6,6,GCAATTCCCCGGCGCTAGTC,0,4413782
yadN_predicted,0.14285714285714285,6,6,GCAACAATGTAGTGGGCATA,0,4411885
yadN_predicted,0.14285714285714285,6,6,GCAAATATGGCTTTTAGGTC,0,4430025
yadN_predicted,0.14285714285714285,6,6,GCAAACCTACGCCTGTCCTA,0,4418527
yadN_predicted,0.14285714285714285,6,6,GATTTCAGCGGCACTTTCTA,0,4412382
yadN_predicted,0.14285714285714285,6,6,GATTCTATTTCGACAAAGGT,0,4408334
yadN_predicted,0.14285714285714285,6,6,GATTCAGGAAATAGTTGGCA,0,4410847
yadN_predicted,0.14285714285714285,6,6,GATGGAAGTGGCGTCAATAT,0,4416389
yadN_predicted,0.14285714285714285,6,6,GATCTCCTCCTTGTTCGCGA,0,4416299
yadN_predicted,0.14285714285714285,6,6,GATCTCATTGCATTCAGGAA,0,4426916
yadN_predicted,0.14285714285714285,6,6,GATCACGGATTGGGGATGGA,0,4420222
yadN_predicted,0.14285714285714285,6,6,GATATAGGGCGCTCTTTCCT,0,4412535
yadN_predicted,0.14285714285714285,6,6,GATACCCCTGTTTGTTTGCA,0,4410726
yadN_predicted,0.14285714285714285,6,6,GATAAAAGTAATGTTCCTAT,0,4420491
yadN_predicted,0.14285714285714285,6,6,GAGTTGTACTGTCTTTAGAG,0,4406328
yadN_predicted,0.14285714285714285,6,6,GAGTTAGGACAATTAATCGC,0,4422681
yadN_predicted,0.14285714285714285,6,6,GAGGTTGTAGCCTATTATGT,0,4422602
yadN_predicted,0.14285714285714285,6,6,GAGGAGCCAGGGGCCTCTTA,0,4419467
yadN_predicted,0.14285714285714285,6,6,GAGATTAAAAGTAGGTCACG,0,4418128
yadN_predicted,0.14285714285714285,6,6,GACTCCCGACGACGTGCCAG,0,4431268
yadN_predicted,0.14285714285714285,6,6,GACTATCACATGTAATGGCG,0,4419756
yadN_predicted,0.14285714285714285,6,6,GACGTTTGCTGAGAACATGC,0,4412722
yadN_predicted,0.14285714285714285,6,6,GACATTAAAATGATGTTTGA,0,4421164
yadN_predicted,0.14285714285714285,6,6,GACAGTCGGTCATTCCTGAC,0,4413705
yadN_predicted,0.14285714285714285,6,6,GACAGGATTCCGGGCCTAGT,0,4428339
yadN_predicted,0.14285714285714285,6,6,GACAAGATACTTGTTTCGAT,0,4428436
yadN_predicted,0.14285714285714285,6,6,GAAGCGTAAGTAGAGGGTCG,0,4407537
yadN_predicted,0.14285714285714285,6,6,GAACTCGTTTTATGCCCGAT,0,4413819
yadN_predicted,0.14285714285714285,6,6,GAACTCCGTCCATTCCTATC,0,4429277
yadN_predicted,0.14285714285714285,6,6,GAAAGAGGGAGCTTAGCGCC,0,4407735
yadN_predicted,0.14285714285714285,6,6,CTTTAGATGTCTTCTCGCGA,0,4403811
yadN_predicted,0.14285714285714285,6,6,CTTTACGACAAATACCTGCA,0,4428980
yadN_predicted,0.14285714285714285,6,6,CTTGTAACGACTTTTGTATC,0,4404714
yadN_predicted,0.14285714285714285,6,6,CTTGGAATGCCCACGTTGAG,0,4403319
yadN_predicted,0.14285714285714285,6,6,CTTGCGAATTCGAGTGTACA,0,4412696
yadN_predicted,0.14285714285714285,6,6,CTTCAGTAACCCGTGAAGTT,0,4403428
yadN_predicted,0.14285714285714285,6,6,CTTAAGAGACCTATTAGTGT,0,4406715
yadN_predicted,0.14285714285714285,6,6,CTGTCAAACCCCTGTCGGTG,0,4411667
yadN_predicted,0.14285714285714285,6,6,CTGGCTTCCTGCAACTCCAT,0,4425073
yadN_predicted,0.14285714285714285,6,6,CTGCCCTGAGCAACAACCGA,0,4419696
yadN_predicted,0.14285714285714285,6,6,CTGATTCTTGGAAACGGCTG,0,4406300
yadN_predicted,0.14285714285714285,6,6,CTGATGAATTATGTGACATT,0,4408596
yadN_predicted,0.14285714285714285,6,6,CTGACCTTACGTCTGTAGCA,0,4421112
yadN_predicted,0.14285714285714285,6,6,CTCTTGACCCCGGGCTGAGG,0,4409573
yadN_predicted,0.14285714285714285,6,6,CTCTATAACAAGACACAAGT,0,4410735
yadN_predicted,0.14285714285714285,6,6,CTCGGTGAAATGTCATTTAC,0,4427433
yadN_predicted,0.14285714285714285,6,6,CTCCGGTCAGAGCTGCGGCA,0,4417447
yadN_predicted,0.14285714285714285,6,6,CTCCGGGCCAGATATGGACT,0,4426546
yadN_predicted,0.14285714285714285,6,6,CTCCCTGAGAGCTAATACAG,0,4418259
yadN_predicted,0.14285714285714285,6,6,CTCCATAACAATAGAGTTCA,0,4424150
yadN_predicted,0.14285714285714285,6,6,CTCCACGATAATTATTATAA,0,4418643
yadN_predicted,0.14285714285714285,6,6,CTCCAATTGCCGAGAGGGAC,0,4423012
yadN_predicted,0.14285714285714285,6,6,CTCATAGATATACCACGGAT,0,4433017
yadN_predicted,0.14285714285714285,6,6,CTATCCGCTAGGGTAGGGAA,0,4416522
yadN_predicted,0.14285714285714285,6,6,CTACGTTTTTTTTGATGTAA,0,4422935
yadN_predicted,0.14285714285714285,6,6,CTACGATTAAGCTCGCGTTG,0,4416528
yadN_predicted,0.14285714285714285,6,6,CTACGAAGTAGCATAAGTAC,0,4425324
yadN_predicted,0.14285714285714285,6,6,CTAAGGGCAGGGGGGATCGA,0,4407632
yadN_predicted,0.14285714285714285,6,6,CTAACCTAGAGTTTCGTGTA,0,4434507
yadN_predicted,0.14285714285714285,6,6,CTAAACACTGCCGTACCGCA,0,4426697
yadN_predicted,0.14285714285714285,6,6,CTAAAACCGCGTGAGTGGGA,0,4431445
yadN_predicted,0.14285714285714285,6,6,CGTGTGGCATTCCTCATGCA,0,4427065
yadN_predicted,0.14285714285714285,6,6,CGTGTAATGATCTTTTATTT,0,4414482
yadN_predicted,0.14285714285714285,6,6,CGTGATGTCAGTCCGCCGGG,0,4432229
yadN_predicted,0.14285714285714285,6,6,CGTGAGGCCGGGCAGTCTTC,0,4430210
yadN_predicted,0.14285714285714285,6,6,CGTCTCTCCCCAGGCTGTAC,0,4408928
yadN_predicted,0.14285714285714285,6,6,CGTAGTAAGCTGTATCGTTC,0,4425290
yadN_predicted,0.14285714285714285,6,6,CGTACTAGCCAGCGGCTCAA,0,4422979
yadN_predicted,0.14285714285714285,6,6,CGTAACATGCAGGGTAGTTT,0,4422483
yadN_predicted,0.14285714285714285,6,6,CGGTTAGACAGGAGGTCGTT,0,4422254
yadN_predicted,0.14285714285714285,6,6,CGGTGTCACCTTGCACAACC,0,4411522
yadN_predicted,0.14285714285714285,6,6,CGGGTAGTGGGTCACCTTAC,0,4427857
yadN_predicted,0.14285714285714285,6,6,CGGGGACAGGGTTATGGTTT,0,4431885
yadN_predicted,0.14285714285714285,6,6,CGGGAATACGTAGAGAAGTC,0,4408858
yadN_predicted,0.14285714285714285,6,6,CGGAGAATATGAACGGGGAC,0,4408229
yadN_predicted,0.14285714285714285,6,6,CGGACATGCCGGTGCCGGCC,0,4411021
yadN_predicted,0.14285714285714285,6,6,CGGAAGGGAATAGTATGTGA,0,4423701
yadN_predicted,0.14285714285714285,6,6,CGGAACGGCCATATCCCAGT,0,4414247
yadN_predicted,0.14285714285714285,6,6,CGCTTCATATTACACGTATC,0,4425369
yadN_predicted,0.14285714285714285,6,6,CGCGTGAAACGCTCTGCGGC,0,4402579
yadN_predicted,0.14285714285714285,6,6,CGCGGTCTAGTTTAAGCGGA,0,4434943
yadN_predicted,0.14285714285714285,6,6,CGCGGGGTCCTAGGGCGAAT,0,4406842
yadN_predicted,0.14285714285714285,6,6,CGCGGGGTATCAAAAAATGG,0,4434091
yadN_predicted,0.14285714285714285,6,6,CGCGATCGGACTATCGAAGA,0,4409658
yadN_predicted,0.14285714285714285,6,6,CGCACATCGGGGGCCAGTGA,0,4407461
yadN_predicted,0.14285714285714285,6,6,CGATTAGTAAACTTGGTGTT,0,4411973
yadN_predicted,0.14285714285714285,6,6,CGATCAGAAATCGGCAGTGC,0,4409463
yadN_predicted,0.14285714285714285,6,6,CGATACGGCCCAGTCAGACT,0,4412688
yadN_predicted,0.14285714285714285,6,6,CGAAGGGCAGGTGTGCAGAT,0,4404572
yadN_predicted,0.14285714285714285,6,6,CCTTTTATGGATGGCTCAAT,0,4407769
yadN_predicted,0.14285714285714285,6,6,CCTTCACCAGCGTCCTGCAG,0,4434136
yadN_predicted,0.14285714285714285,6,6,CCTGGGTATCTCATTTCTGG,0,4412935
yadN_predicted,0.14285714285714285,6,6,CCTGACGGTTAGGGGGAATC,0,4416381
yadN_predicted,0.14285714285714285,6,6,CCTCTTTTGTTGCACGCTGC,0,4423370
yadN_predicted,0.14285714285714285,6,6,CCTATCCCTAGAACTACGAA,0,4416512
yadN_predicted,0.14285714285714285,6,6,CCTAGCATGCGCACCTTACA,0,4423816
yadN_predicted,0.14285714285714285,6,6,CCTACTGCCTATGTGTAGTT,0,4419202
yadN_predicted,0.14285714285714285,6,6,CCGGTCGGTTTCCGCCGCGG,0,4412376
yadN_predicted,0.14285714285714285,6,6,CCGGGTAAGTATTGTGGAGG,0,4406636
yadN_predicted,0.14285714285714285,6,6,CCGGGAGTTTTTAGAAACGG,0,4404960
yadN_predicted,0.14285714285714285,6,6,CCGCCAGGGTTCGAATTTCA,0,4409939
yadN_predicted,0.14285714285714285,6,6,CCGCACTGGTTACGACTGCC,0,4433983
yadN_predicted,0.14285714285714285,6,6,CCCTTCCACGAGCCCGACAA,0,4404730
yadN_predicted,0.14285714285714285,6,6,CCCTGGCCCAAGGATACTCG,0,4432215
yadN_predicted,0.14285714285714285,6,6,CCCTATCACATGAAACAGTA,0,4433229
yadN_predicted,0.14285714285714285,6,6,CCCGGGAAGGGCAGGGCAAC,0,4406839
yadN_predicted,0.14285714285714285,6,6,CCATTTCGTAAGACACGTGT,0,4418250
yadN_predicted,0.14285714285714285,6,6,CCACACTCCCGGAATTAATC,0,4419291
yadN_predicted,0.14285714285714285,6,6,CCAATATGATAGACTTCAAT,0,4414075
yadN_predicted,0.14285714285714285,6,6,CCAAGGGACCAGTGCACTGT,0,4431036
yadN_predicted,0.14285714285714285,6,6,CCAACTTGACATACAAGGTT,0,4434539
yadN_predicted,0.14285714285714285,6,6,CCAACCACATAGATTTAACT,0,4413181
yadN_predicted,0.14285714285714285,6,6,CCAAAAAGTTGTTTGTTGTG,0,4423950
yadN_predicted,0.14285714285714285,6,6,CATGACCTAGCTCGATCTTA,0,4428195
yadN_predicted,0.14285714285714285,6,6,CATCCTTGGCCTAGGAAGAG,0,4405670
yadN_predicted,0.14285714285714285,6,6,CATCCTTGATCTACTTATCT,0,4411397
yadN_predicted,0.14285714285714285,6,6,CATATGAGATTAGGCGAACT,0,4414270
yadN_predicted,0.14285714285714285,6,6,CAGTTAACTCTTAATATTGT,0,4426663
yadN_predicted,0.14285714285714285,6,6,CAGTATGCTGAATCTAGCTT,0,4410893
yadN_predicted,0.14285714285714285,6,6,CAGGTCTTTGCCGGCAGTGA,0,4435179
yadN_predicted,0.14285714285714285,6,6,CAGGTCACGTGGGGCTTCAC,0,4424659
yadN_predicted,0.14285714285714285,6,6,CAGGGAAATCGCCGTCGGCG,0,4421922
yadN_predicted,0.14285714285714285,6,6,CAGAGGTCAGTACGTGGTCT,0,4428165
yadN_predicted,0.14285714285714285,6,6,CACTATTCACTTTTCGAACA,0,4406322
yadN_predicted,0.14285714285714285,6,6,CACGTGGATGTAAGTAAGCA,0,4416875
yadN_predicted,0.14285714285714285,6,6,CACGGCTGCCTGACGAAGGA,0,4424185
yadN_predicted,0.14285714285714285,6,6,CACGGACTATAATACGCCAG,0,4405792
yadN_predicted,0.14285714285714285,6,6,CACCGTTTGGCGTGTGAACC,0,4431623
yadN_predicted,0.14285714285714285,6,6,CACCCTGGCTGAGCATTCGT,0,4403689
yadN_predicted,0.14285714285714285,6,6,CACCCGTACCGGACGCTGTT,0,4431733
yadN_predicted,0.14285714285714285,6,6,CACCACCTAGCTCATGGGTG,0,4413904
yadN_predicted,0.14285714285714285,6,6,CAAGTAGATGCGGCGTAGGG,0,4434492
yadN_predicted,0.14285714285714285,6,6,CAAGGTGTGCACGTCGGTTT,0,4434897
yadN_predicted,0.14285714285714285,6,6,CAAAGGGTATCAGGTATCAG,0,4416141
yadN_predicted,0.14285714285714285,6,6,CAAAGGCACTGTACCCTCGT,0,4420782
yadN_predicted,0.14285714285714285,6,6,CAAAAGCCCGTCGCAAGCGT,0,4420786
yadN_predicted,0.14285714285714285,6,6,CAAAAGACGTCGTTGCGCGA,0,4418714
yadN_predicted,0.14285714285714285,6,6,ATTGTTCAGAGCCATTCACT,0,4434966
yadN_predicted,0.14285714285714285,6,6,ATTGTCTCAACACGCTTGGC,0,4406489
yadN_predicted,0.14285714285714285,6,6,ATTGCTTGGCCATGTCACAG,0,4415658
yadN_predicted,0.14285714285714285,6,6,ATTGCGGACGAAATGAAGTT,0,4417213
yadN_predicted,0.14285714285714285,6,6,ATTCGAGGAAAATGGATACA,0,4402699
yadN_predicted,0.14285714285714285,6,6,ATTCATATGCGGCCTGGACA,0,4409725
yadN_predicted,0.14285714285714285,6,6,ATGTCGCGTTAAAACTCCAC,0,4411294
yadN_predicted,0.14285714285714285,6,6,ATGGTCGGATTAGTGACCTT,0,4406138
yadN_predicted,0.14285714285714285,6,6,ATGGGGCTCAGGTAACTGTA,0,4421534
yadN_predicted,0.14285714285714285,6,6,ATGGCTCATGTCAACCCATC,0,4408174
yadN_predicted,0.14285714285714285,6,6,ATGGAAGCCCCCGGAACACT,0,4411628
yadN_predicted,0.14285714285714285,6,6,ATGCGCAGGATAGGTACTCG,0,4428166
yadN_predicted,0.14285714285714285,6,6,ATGCATTCGTCTAGGGGGTG,0,4414771
yadN_predicted,0.14285714285714285,6,6,ATGAGTTACCTGTTCGACGG,0,4408632
yadN_predicted,0.14285714285714285,6,6,ATCTTGCCAGGGGAAGCGCT,0,4408699
yadN_predicted,0.14285714285714285,6,6,ATCTCGCCATTAGGACCTAT,0,4406611
yadN_predicted,0.14285714285714285,6,6,ATCGAACTATCTCTTTGGGT,0,4407299
yadN_predicted,0.14285714285714285,6,6,ATCCTTTACCGCGTCCGCTG,0,4408427
yadN_predicted,0.14285714285714285,6,6,ATCCGCACGCGGGTGAGATC,0,4413330
yadN_predicted,0.14285714285714285,6,6,ATCAGCCTTCCAAGTACAAC,0,4427078
yadN_predicted,0.14285714285714285,6,6,ATATCGATCGGATAAAGACT,0,4403192
yadN_predicted,0.14285714285714285,6,6,ATAGAGGTCGGCCGTCTGTC,0,4429447
yadN_predicted,0.14285714285714285,6,6,ATAGACCTACACATGAGTCA,0,4416427
yadN_predicted,0.14285714285714285,6,6,ATAGAATGACAGTAGCGGGT,0,4433944
yadN_predicted,0.14285714285714285,6,6,ATACTGAAGTCTGATCGATC,0,4412154
yadN_predicted,0.14285714285714285,6,6,ATAATTGGATCCGCGCGTTT,0,4432428
yadN_predicted,0.14285714285714285,6,6,ATAAAAGAACTGGTCAAGAC,0,4423444
yadN_predicted,0.14285714285714285,6,6,AGTTTTGAGGTCCGGACGAC,0,4417604
yadN_predicted,0.14285714285714285,6,6,AGTTTGTCCCTAGTCTTGAT,0,4434144
yadN_predicted,0.14285714285714285,6,6,AGTTCTCTAGGGATCAGACT,0,4405523
yadN_predicted,0.14285714285714285,6,6,AGTGCTCAAGAGAAACTGAT,0,4425710
yadN_predicted,0.14285714285714285,6,6,AGTCCTCTCTTTGTTCCATC,0,4431526
yadN_predicted,0.14285714285714285,6,6,AGTCATATTGTGATTCCGGT,0,4415354
yadN_predicted,0.14285714285714285,6,6,AGGTTAAACAAAATAAGCCA,0,4404522
yadN_predicted,0.14285714285714285,6,6,AGGTGTCGTACCTCACGGAA,0,4421783
yadN_predicted,0.14285714285714285,6,6,AGGGTCCTAGTCAGCCGTCG,0,4435404
yadN_predicted,0.14285714285714285,6,6,AGGGTAGCTTAACAATACTG,0,4407829
yadN_predicted,0.14285714285714285,6,6,AGGGGGACTACTGAAGGGGA,0,4412079
yadN_predicted,0.14285714285714285,6,6,AGGGGCCTTTGGTAGATTGT,0,4411863
yadN_predicted,0.14285714285714285,6,6,AGGGCGCTCCTATTTCACTT,0,4403068
yadN_predicted,0.14285714285714285,6,6,AGGGCATAGGAGCCATTGGA,0,4414311
yadN_predicted,0.14285714285714285,6,6,AGGGCAAACTGGGTTATTTA,0,4434547
yadN_predicted,0.14285714285714285,6,6,AGGGAAACGGTGGGCCGGTA,0,4413221
yadN_predicted,0.14285714285714285,6,6,AGGCTGAAAGCCACTATCGA,0,4405903
yadN_predicted,0.14285714285714285,6,6,AGGACACACACCTCCCTACC,0,4406771
yadN_predicted,0.14285714285714285,6,6,AGCTGATATCAATCGCGCGT,0,4420318
yadN_predicted,0.14285714285714285,6,6,AGCTGACGGTATCGGTAACA,0,4431007
yadN_predicted,0.14285714285714285,6,6,AGCGGGACGAGAACGTGTTA,0,4409758
yadN_predicted,0.14285714285714285,6,6,AGCGCCATTAATTCCAATGA,0,4425141
yadN_predicted,0.14285714285714285,6,6,AGCGCAGCGGTCATAACGTT,0,4418079
yadN_predicted,0.14285714285714285,6,6,AGCCCTGACTCCCAGCCCGA,0,4410084
yadN_predicted,0.14285714285714285,6,6,AGCCAACACGTTGAACATGG,0,4415630
yadN_predicted,0.14285714285714285,6,6,AGATTGTGTAAACTAGGCGA,0,4423063
yadN_predicted,0.14285714285714285,6,6,AGATGGCCTTGTCCCCAATG,0,4406798
yadN_predicted,0.14285714285714285,6,6,AGATAGGAGTCGGGCCTCCA,0,4426290
yadN_predicted,0.14285714285714285,6,6,AGATAAGCGTACGGCTCCAA,0,4422576
yadN_predicted,0.14285714285714285,6,6,AGAGTCCTCGTAATGTATTC,0,4411945
yadN_predicted,0.14285714285714285,6,6,AGAGGGCAATCATTGGGGGA,0,4424387
yadN_predicted,0.14285714285714285,6,6,AGAGGAGACTATATGCGATG,0,4414916
yadN_predicted,0.14285714285714285,6,6,AGAGCTGCGGTACCGATCCT,0,4404504
yadN_predicted,0.14285714285714285,6,6,AGACCCAAGAACGCTGCTCA,0,4428156
yadN_predicted,0.14285714285714285,6,6,AGAACTGAAAGAATTCTTAT,0,4403046
yadN_predicted,0.14285714285714285,6,6,ACTGTTGGGATGTGGCGTTG,0,4417363
yadN_predicted,0.14285714285714285,6,6,ACTCTCTGTCCAAGAGAGTA,0,4424010
yadN_predicted,0.14285714285714285,6,6,ACGTTGATTGGTCCTGCATA,0,4428834
yadN_predicted,0.14285714285714285,6,6,ACGTGCTCGATTCATCCAAC,0,4429975
yadN_predicted,0.14285714285714285,6,6,ACGTATACGCCTATGACTTG,0,4407962
yadN_predicted,0.14285714285714285,6,6,ACGGTTTTTCTCCTTCTAGA,0,4433954
yadN_predicted,0.14285714285714285,6,6,ACGGTAAGGCGACGAGTCCT,0,4434529
yadN_predicted,0.14285714285714285,6,6,ACGGGAGTGCGAGGCGCTCA,0,4427842
yadN_predicted,0.14285714285714285,6,6,ACGGATTCCCGAATGCACGA,0,4427303
yadN_predicted,0.14285714285714285,6,6,ACGCTCTAATTTGCCGACAC,0,4431841
yadN_predicted,0.14285714285714285,6,6,ACGCAGGACAGTCATCATAG,0,4415188
yadN_predicted,0.14285714285714285,6,6,ACGACCAGCAGACCCGCAAT,0,4420278
yadN_predicted,0.14285714285714285,6,6,ACCTGTTGTTAGCGTGTAAC,0,4415133
yadN_predicted,0.14285714285714285,6,6,ACCGACGTCGGGAGTACGGG,0,4404729
yadN_predicted,0.14285714285714285,6,6,ACCCTGGCGACACATCGACC,0,4403590
yadN_predicted,0.14285714285714285,6,6,ACCCCTCCCGTCTAGGTTTA,0,4430290
yadN_predicted,0.14285714285714285,6,6,ACCAGAAAACGTACTCTATT,0,4424982
yadN_predicted,0.14285714285714285,6,6,ACAGTGATGATACTGCTTTT,0,4404047
yadN_predicted,0.14285714285714285,6,6,ACAGCCCCAGGGAACCCGTC,0,4419521
yadN_predicted,0.14285714285714285,6,6,ACAGATACGCCCTGTGATCC,0,4427155
yadN_predicted,0.14285714285714285,6,6,ACACTTTCAACATGGGAGAC,0,4433162
yadN_predicted,0.14285714285714285,6,6,ACACCGACCCCCTCTTGTGA,0,4415051
yadN_predicted,0.14285714285714285,6,6,ACACATTCGCAACCCCAAGA,0,4414626
yadN_predicted,0.14285714285714285,6,6,ACAAGCGTGACTTACCCAAC,0,4403411
yadN_predicted,0.14285714285714285,6,6,ACAACGAAGGGCCTATGCAG,0,4431573
yadN_predicted,0.14285714285714285,6,6,AATTTTTGATAGTTAGAGGT,0,4422435
yadN_predicted,0.14285714285714285,6,6,AATTGTGTCACGGCGACTGC,0,4405672
yadN_predicted,0.14285714285714285,6,6,AATTCGGGGTTGCCTCAATT,0,4407945
yadN_predicted,0.14285714285714285,6,6,AATGGGGAGAAATGCGGACA,0,4425609
yadN_predicted,0.14285714285714285,6,6,AATGCGTACTCACGGATTCA,0,4434320
yadN_predicted,0.14285714285714285,6,6,AATGCAGGACGCAACAATGT,0,4409260
yadN_predicted,0.14285714285714285,6,6,AATCTTGCGAGGACTCTGAG,0,4423088
yadN_predicted,0.14285714285714285,6,6,AATCTCAAGAATGAGCGGTA,0,4407739
yadN_predicted,0.14285714285714285,6,6,AATCGATTGTCACTGCTCAG,0,4422494
yadN_predicted,0.14285714285714285,6,6,AATCCGTGCACCCCTGTTAA,0,4434561
yadN_predicted,0.14285714285714285,6,6,AATCCGGTAGTAGGCAGGGG,0,4428281
yadN_predicted,0.14285714285714285,6,6,AATAATCGGGCAAAAGCCCT,0,4428483
yadN_predicted,0.14285714285714285,6,6,AATAATACGTTCCCCACTCC,0,4423270
yadN_predicted,0.14285714285714285,6,6,AATAAGCGCATTTACCAATA,0,4427297
yadN_predicted,0.14285714285714285,6,6,AATAACTTCGCTCATCACAG,0,4430893
yadN_predicted,0.14285714285714285,6,6,AAGGTGGGTGCGGTCTAAGC,0,4408739
yadN_predicted,0.14285714285714285,6,6,AAGCAGGATTCAAGTATATT,0,4430132
yadN_predicted,0.14285714285714285,6,6,AAGATGCCGCATGAACCTTC,0,4416999
yadN_predicted,0.14285714285714285,6,6,AAGATCTGGTTTATTTATGG,0,4431685
yadN_predicted,0.14285714285714285,6,6,AAGAACAATAGCTAAACAGA,0,4419678
yadN_predicted,0.14285714285714285,6,6,AACTGTCAATTTCAAGTGGT,0,4428840
yadN_predicted,0.14285714285714285,6,6,AACGGTCAGTTAAGTCCGGA,0,4429257
yadN_predicted,0.14285714285714285,6,6,AACCTGGCCAGCACGTCTTA,0,4411661
yadN_predicted,0.14285714285714285,6,6,AACCGTCTCTTTTCTTAGCG,0,4417862
yadN_predicted,0.14285714285714285,6,6,AACCGGACGACACTGGCTCT,0,4413860
yadN_predicted,0.14285714285714285,6,6,AACCGCGCTCCAAGATAATT,0,4423508
yadN_predicted,0.14285714285714285,6,6,AACCGCGACATACAGGCCCC,0,4411020
yadN_predicted,0.14285714285714285,6,6,AACCCATAAAGATCTATACA,0,4409940
yadN_predicted,0.14285714285714285,6,6,AACATCAATAGGCGCCAGCA,0,4407374
yadN_predicted,0.14285714285714285,6,6,AACAGCTATACCTCAAGGGC,0,4413810
yadN_predicted,0.14285714285714285,6,6,AACAGACTGCAAACAACCTT,0,4431269
yadN_predicted,0.14285714285714285,6,6,AACACTCTCGCCACGAACTG,0,4431214
yadN_predicted,0.14285714285714285,6,6,AAATCAGCTTTGCAGCCTAA,0,4435022
yadN_predicted,0.14285714285714285,6,6,AAATCACCATTCTACGAGGC,0,4413815
yadN_predicted,0.14285714285714285,6,6,AAATAATCGCCAAAAGCATA,0,4404110
yadN_predicted,0.14285714285714285,6,6,AAAGATCTAGGTTATGCCTG,0,4415994
yadN_predicted,0.14285714285714285,6,6,AAAGAACAAAACCGGTGCTA,0,4431608
yadN_predicted,0.14285714285714285,6,6,AAACTCCCGTAGCGGTGGAG,0,4409151
yadN_predicted,0.14285714285714285,6,6,AAACGGTGATTATAAGATTT,0,4421996
yadN_predicted,0.14285714285714285,6,6,AAACCTTTCGCAGTAATGAT,0,4415334
yadN_predicted,0.14285714285714285,6,6,AAACAGGATGGGGCGTTTTG,0,4416647
yadN_predicted,0.14285714285714285,6,6,AAAAGAAGGCATCTGTTCCA,0,4431273
yadN_predicted,0.14285714285714285,6,6,AAAACAAGCCATGAATCGGC,0,4406674
yadN_predicted,0.16666666666666666,5,5,TTTTTGCCGGTAGGAAATAG,0,4410053
yadN_predicted,0.16666666666666666,5,5,TTTGACCAGGCCGGCTTATT,0,4412588
yadN_predicted,0.16666666666666666,5,5,TTTCCGACATCAGAAAGAAC,0,4420550
yadN_predicted,0.16666666666666666,5,5,TTTATTTTTCCATCCATATA,0,4417670
yadN_predicted,0.16666666666666666,5,5,TTTATTGCTGTGATCCACTC,0,4434758
yadN_predicted,0.16666666666666666,5,5,TTTAGGCAACTTCTGCGTGG,0,4408197
yadN_predicted,0.16666666666666666,5,5,TTTACGCCTAGGATGATATC,0,4434826
yadN_predicted,0.16666666666666666,5,5,TTTACCATGTGGGTGCCTCT,0,4433133
yadN_predicted,0.16666666666666666,5,5,TTTACATGGGCATTAGCTCG,0,4405872
yadN_predicted,0.16666666666666666,5,5,TTGGGATGAGACTCTTAATG,0,4411019
yadN_predicted,0.16666666666666666,5,5,TTGGATTACCTTGTTTTCGA,0,4419934
yadN_predicted,0.16666666666666666,5,5,TTGCTTCGCGCATGCCGTCA,0,4407213
yadN_predicted,0.16666666666666666,5,5,TTGCCGCTCCTTTAACAAAG,0,4407651
yadN_predicted,0.16666666666666666,5,5,TTGCAGCGTTTTCACGGGCA,0,4406157
yadN_predicted,0.16666666666666666,5,5,TTGATGCGCATTGAGCCAGG,0,4404746
yadN_predicted,0.16666666666666666,5,5,TTGATCGTTCTCCTCTACCT,0,4418253
yadN_predicted,0.16666666666666666,5,5,TTGAGTTGGAATCATGCTAA,0,4413778
yadN_predicted,0.16666666666666666,5,5,TTGAGTGCATTAGGCGACGG,0,4414908
yadN_predicted,0.16666666666666666,5,5,TTGACTATGCAAAGGCGCCT,0,4419370
yadN_predicted,0.16666666666666666,5,5,TTGAAACGCGTGTCCGGTGA,0,4419571
yadN_predicted,0.16666666666666666,5,5,TTCTCTAAAGCTTATGGGCA,0,4408887
yadN_predicted,0.16666666666666666,5,5,TTCGTAGTGTCAAGCGGAAG,0,4425717
yadN_predicted,0.16666666666666666,5,5,TTCGAGGGTCGGACCTCTAT,0,4423443
yadN_predicted,0.16666666666666666,5,5,TTCGACAGTTCAGGAGTACG,0,4423527
yadN_predicted,0.16666666666666666,5,5,TTCCGCTATTGATGGCACGA,0,4411470
yadN_predicted,0.16666666666666666,5,5,TTCCCGGTAGTGCAAGACTA,0,4413391
yadN_predicted,0.16666666666666666,5,5,TTCCATCAACCCCCCTACTA,0,4429591
yadN_predicted,0.16666666666666666,5,5,TTCCAGTCCCTAAAGATGCG,0,4414794
yadN_predicted,0.16666666666666666,5,5,TTCCACTCCTCTAAGGCGTC,0,4403635
yadN_predicted,0.16666666666666666,5,5,TTCACACGTCACCCCCAGTT,0,4424634
yadN_predicted,0.16666666666666666,5,5,TTCACACAAGACGTGTGCGT,0,4417102
yadN_predicted,0.16666666666666666,5,5,TTCAACGCTGCTGATCCCGA,0,4410608
yadN_predicted,0.16666666666666666,5,5,TTATTACAGTAGGTCCTCTC,0,4430427
yadN_predicted,0.16666666666666666,5,5,TTATCGGCTAACCACTAACG,0,4435019
yadN_predicted,0.16666666666666666,5,5,TTATATGTAAATGCGCTATT,0,4435711
yadN_predicted,0.16666666666666666,5,5,TTATACCGATTTTAATCCGC,0,4425412
yadN_predicted,0.16666666666666666,5,5,TTATAACTACTCTTACCGCG,0,4435630
yadN_predicted,0.16666666666666666,5,5,TTAGGTAGGACGTGTACATA,0,4428681
yadN_predicted,0.16666666666666666,5,5,TTACGGGAATGCCGTCGTTG,0,4433429
yadN_predicted,0.16666666666666666,5,5,TTACCGTTCCGATAACATAA,0,4427045
yadN_predicted,0.16666666666666666,5,5,TTACCAGATTTATGACACAC,0,4406081
yadN_predicted,0.16666666666666666,5,5,TTAATCCTCACAACTGCCAG,0,4408786
yadN_predicted,0.16666666666666666,5,5,TTAATCAGAGGTGAGAGTCT,0,4433277
yadN_predicted,0.16666666666666666,5,5,TTAAAATTACAAGCACGCCA,0,4434821
yadN_predicted,0.16666666666666666,5,5,TGTTGCAGTTGGCACTTAAT,0,4412975
yadN_predicted,0.16666666666666666,5,5,TGTTAGAGCCCCTGCTCACG,0,4421650
yadN_predicted,0.16666666666666666,5,5,TGTTAATCACTTTCCTGACT,0,4433610
yadN_predicted,0.16666666666666666,5,5,TGTTAAGGGGACTCCTTCGC,0,4414380
yadN_predicted,0.16666666666666666,5,5,TGTCTAAAGGGTTGCCTTAT,0,4429314
yadN_predicted,0.16666666666666666,5,5,TGTCGCGCCCACCGAGGGTG,0,4404424
yadN_predicted,0.16666666666666666,5,5,TGTCCTCCAATTCCTGGACG,0,4419871
yadN_predicted,0.16666666666666666,5,5,TGTATAATCAAATAAACACG,0,4434937
yadN_predicted,0.16666666666666666,5,5,TGTACTGACTCCCTAGGTAC,0,4427911
yadN_predicted,0.16666666666666666,5,5,TGTACCCTTACGTAGAGTCA,0,4414333
yadN_predicted,0.16666666666666666,5,5,TGGTTGATGGCACCACTTTG,0,4403662
yadN_predicted,0.16666666666666666,5,5,TGGTCACTGCGAGATGATGT,0,4421165
yadN_predicted,0.16666666666666666,5,5,TGGTACGCTTCCTGAAGCTC,0,4432145
yadN_predicted,0.16666666666666666,5,5,TGGTACCATAAATCACCGGA,0,4424219
yadN_predicted,0.16666666666666666,5,5,TGGGCTCAGAATGGCGGGCT,0,4411521
yadN_predicted,0.16666666666666666,5,5,TGGGAAATAAGGGCGTCATG,0,4426756
yadN_predicted,0.16666666666666666,5,5,TGGCTCTGATATCACACTGA,0,4427032
yadN_predicted,0.16666666666666666,5,5,TGGCGATGCGTGAGTTGGTA,0,4433050
yadN_predicted,0.16666666666666666,5,5,TGGCCTTTAGTCCCAACTAA,0,4409357
yadN_predicted,0.16666666666666666,5,5,TGGCCGGACAGACCTCTGAT,0,4414446
yadN_predicted,0.16666666666666666,5,5,TGGAGAGCGTGGGCTGGCCA,0,4412216
yadN_predicted,0.16666666666666666,5,5,TGGACCAATACGAGCCGTGC,0,4409383
yadN_predicted,0.16666666666666666,5,5,TGCTCCCTTGTCTCGAAGCG,0,4404903
yadN_predicted,0.16666666666666666,5,5,TGCGGGGCCGCCCCTAGACC,0,4404085
yadN_predicted,0.16666666666666666,5,5,TGCGCACCCTTATATGACCA,0,4403216
yadN_predicted,0.16666666666666666,5,5,TGCGAGACGGCTACTAATGG,0,4422397
yadN_predicted,0.16666666666666666,5,5,TGCGACGTATATAGACGAAA,0,4430392
yadN_predicted,0.16666666666666666,5,5,TGCGACAGTACGTCGTTGTA,0,4428774
yadN_predicted,0.16666666666666666,5,5,TGCCCCTGGGTTTTGGATCC,0,4434294
yadN_predicted,0.16666666666666666,5,5,TGCCCCTGCGTACTATGCAG,0,4420547
yadN_predicted,0.16666666666666666,5,5,TGCATTTACATGGTACTAAA,0,4405011
yadN_predicted,0.16666666666666666,5,5,TGATTAATACAAGAGGTATT,0,4434162
yadN_predicted,0.16666666666666666,5,5,TGAGTCTTTAGCCTTCGAAA,0,4422932
yadN_predicted,0.16666666666666666,5,5,TGAGCGATCCCCAGGCTTCC,0,4402987
yadN_predicted,0.16666666666666666,5,5,TGACTCTGGCGGGCCAACAT,0,4429231
yadN_predicted,0.16666666666666666,5,5,TGACTCATGGGTCGTAGGCT,0,4420229
yadN_predicted,0.16666666666666666,5,5,TGAACTATCTGAAAATAAGA,0,4430694
yadN_predicted,0.16666666666666666,5,5,TCTTTGCAACCCCATGGTGA,0,4425595
yadN_predicted,0.16666666666666666,5,5,TCTTCTGGCGAATGTCGGGA,0,4425018
yadN_predicted,0.16666666666666666,5,5,TCTTAGTGGGAGGATCGTTA,0,4409497
yadN_predicted,0.16666666666666666,5,5,TCTGGAACCGTAAATCCTAG,0,4424064
yadN_predicted,0.16666666666666666,5,5,TCTCAGCACTCCGGTCCATG,0,4417240
yadN_predicted,0.16666666666666666,5,5,TCTATTGAAGTCCGGAAACG,0,4428730
yadN_predicted,0.16666666666666666,5,5,TCTATGGGGCTCTGCCTGGC,0,4408413
yadN_predicted,0.16666666666666666,5,5,TCTACAATTCGCTACACGGG,0,4419928
yadN_predicted,0.16666666666666666,5,5,TCTACAAAGGCCGAATGACA,0,4411744
yadN_predicted,0.16666666666666666,5,5,TCTAACTAGCCGGAGGAGGT,0,4411604
yadN_predicted,0.16666666666666666,5,5,TCGTTTAACGGGTTAACATT,0,4427354
yadN_predicted,0.16666666666666666,5,5,TCGTCATACTCGTATTCACT,0,4423660
yadN_predicted,0.16666666666666666,5,5,TCGTCAGGGTAGGTAATCAC,0,4407942
yadN_predicted,0.16666666666666666,5,5,TCGGTTCAGACGTGACTTGG,0,4429110
yadN_predicted,0.16666666666666666,5,5,TCGCTTCACGTAAGTAGTCC,0,4420872
yadN_predicted,0.16666666666666666,5,5,TCGCTAGTGCTGATAAGATG,0,4407084
yadN_predicted,0.16666666666666666,5,5,TCGATATGTAGGCATACAAA,0,4408886
yadN_predicted,0.16666666666666666,5,5,TCGAGTGGTTCGCAAAAATG,0,4429897
yadN_predicted,0.16666666666666666,5,5,TCGAGTGAGTGTTAGCAAGG,0,4431329
yadN_predicted,0.16666666666666666,5,5,TCGAGGTATTGACGCGGCGG,0,4419480
yadN_predicted,0.16666666666666666,5,5,TCGAAGCGAATCTGCATCGG,0,4425152
yadN_predicted,0.16666666666666666,5,5,TCCTTGACCCTCTTATTAAT,0,4415257
yadN_predicted,0.16666666666666666,5,5,TCCCTACGTTGCCGTAATGA,0,4432872
yadN_predicted,0.16666666666666666,5,5,TCCCCCTACCGACGTAGACA,0,4427362
yadN_predicted,0.16666666666666666,5,5,TCCCAACTTGCTCGGCCTAC,0,4408992
yadN_predicted,0.16666666666666666,5,5,TCCACGAACTGGGCGAGTTG,0,4424767
yadN_predicted,0.16666666666666666,5,5,TCCAATCAACTTCGAGAATG,0,4413680
yadN_predicted,0.16666666666666666,5,5,TCAGCGGGAAAACGTGGTAC,0,4411499
yadN_predicted,0.16666666666666666,5,5,TCACGTGCGGACGAGCATTA,0,4403885
yadN_predicted,0.16666666666666666,5,5,TCACATACAACTAGATGCCT,0,4412812
yadN_predicted,0.16666666666666666,5,5,TCAATGCGAGGAAGGCTGAT,0,4408954
yadN_predicted,0.16666666666666666,5,5,TCAACTCTGTACCTGTCTAG,0,4424285
yadN_predicted,0.16666666666666666,5,5,TCAACCACCAGAACGCGAGA,0,4406440
yadN_predicted,0.16666666666666666,5,5,TATTTAGGTATATGGGGGGG,0,4420336
yadN_predicted,0.16666666666666666,5,5,TATTGACTGAATCTGAAGGG,0,4412054
yadN_predicted,0.16666666666666666,5,5,TATGGTAATGGATAACTGTT,0,4423698
yadN_predicted,0.16666666666666666,5,5,TATCTCCCCCAAGGGTATGT,0,4417952
yadN_predicted,0.16666666666666666,5,5,TATCAGAGCGTTTTTGCTTG,0,4425378
yadN_predicted,0.16666666666666666,5,5,TATACGTCATGATGGCTGTG,0,4431398
yadN_predicted,0.16666666666666666,5,5,TATACGCAAGATTCGCAGCC,0,4420317
yadN_predicted,0.16666666666666666,5,5,TATACCGGGTGGATTGGGGT,0,4411673
yadN_predicted,0.16666666666666666,5,5,TATAAATGTAACCGTGGACG,0,4422011
yadN_predicted,0.16666666666666666,5,5,TAGTAGTGGCGTAGTCGGCG,0,4410392
yadN_predicted,0.16666666666666666,5,5,TAGGTTCATAAAGTCGCGGC,0,4429932
yadN_predicted,0.16666666666666666,5,5,TAGGTATTAAGGGGCAGGTC,0,4415093
yadN_predicted,0.16666666666666666,5,5,TAGGGCATTTGATTTACTTT,0,4421756
yadN_predicted,0.16666666666666666,5,5,TAGGAGCTTGTATGTTGCCC,0,4405075
yadN_predicted,0.16666666666666666,5,5,TAGGAGAGCCTACGACCTGT,0,4404472
yadN_predicted,0.16666666666666666,5,5,TAGCTGATTACCCGCATTCG,0,4431452
yadN_predicted,0.16666666666666666,5,5,TAGCTAGTATCCGTGTCAAT,0,4427736
yadN_predicted,0.16666666666666666,5,5,TAGCGTTGCGCCATGAGGTT,0,4432751
yadN_predicted,0.16666666666666666,5,5,TAGCGGCCACAGCGAGGAGT,0,4429700
yadN_predicted,0.16666666666666666,5,5,TAGCCGTCGCAGCAAGATAG,0,4412623
yadN_predicted,0.16666666666666666,5,5,TAGAAGAAGTTATATTATTG,0,4418135
yadN_predicted,0.16666666666666666,5,5,TACTGTCGGCACTCGGTAAA,0,4422739
yadN_predicted,0.16666666666666666,5,5,TACTCATTACAAGACGGCGC,0,4420694
yadN_predicted,0.16666666666666666,5,5,TACGCAACTCCGATTGCATA,0,4431342
yadN_predicted,0.16666666666666666,5,5,TACCTACACCAAGGTCGTGG,0,4435842
yadN_predicted,0.16666666666666666,5,5,TACCGTGGTTTTAACCGTAC,0,4422449
yadN_predicted,0.16666666666666666,5,5,TACCAGCAGACCGATTTAAA,0,4419648
yadN_predicted,0.16666666666666666,5,5,TACACTTGGAGATTGGTAAA,0,4405355
yadN_predicted,0.16666666666666666,5,5,TAATCTCGAACGTAAGGTAT,0,4416615
yadN_predicted,0.16666666666666666,5,5,TAATCCTTGACCCGCGAAGC,0,4424363
yadN_predicted,0.16666666666666666,5,5,TAATCATCCGCGCACTACTC,0,4434021
yadN_predicted,0.16666666666666666,5,5,TAAGCGGCCAACCACTTCTA,0,4428847
yadN_predicted,0.16666666666666666,5,5,TAAGCGACGTGTCGAGTGCA,0,4434023
yadN_predicted,0.16666666666666666,5,5,TAACTAGACGATCCGCAAGT,0,4415563
yadN_predicted,0.16666666666666666,5,5,TAACAGAGCTCTACGCACGC,0,4428739
yadN_predicted,0.16666666666666666,5,5,TAAACTGGCCGGGAAAAGAC,0,4405008
yadN_predicted,0.16666666666666666,5,5,GTTGTTTCTTCGATCGTCGG,0,4419444
yadN_predicted,0.16666666666666666,5,5,GTTCTAGGTAAAGGTTCGGG,0,4432447
yadN_predicted,0.16666666666666666,5,5,GTTCGGACACATAATCAGGC,0,4406397
yadN_predicted,0.16666666666666666,5,5,GTTCCTATCGCCCGACCTAT,0,4432273
yadN_predicted,0.16666666666666666,5,5,GTTCACCTCAAGGGTTCCAG,0,4413435
yadN_predicted,0.16666666666666666,5,5,GTTAGTTGAAATTCGTTCCT,0,4417948
yadN_predicted,0.16666666666666666,5,5,GTTAGAATCCGCAGATGAGG,0,4433316
yadN_predicted,0.16666666666666666,5,5,GTTACAGGGGCCGGTCGTAG,0,4408606
yadN_predicted,0.16666666666666666,5,5,GTTAACAAAAGGAAGGACGA,0,4417334
yadN_predicted,0.16666666666666666,5,5,GTGTGTGTCGGGACCCCCGA,0,4430118
yadN_predicted,0.16666666666666666,5,5,GTGGCTGCTAGTCATCCAGC,0,4433483
yadN_predicted,0.16666666666666666,5,5,GTGGCATAAAGGTACTGCTT,0,4416192
yadN_predicted,0.16666666666666666,5,5,GTGGACGGTTCTGTCCCAGA,0,4404250
yadN_predicted,0.16666666666666666,5,5,GTGCTCCTGCCTGTGTTGGA,0,4430759
yadN_predicted,0.16666666666666666,5,5,GTGATACTGTGTCAAGTTCA,0,4421401
yadN_predicted,0.16666666666666666,5,5,GTGAGTCGGCAAAAAGGCGC,0,4406875
yadN_predicted,0.16666666666666666,5,5,GTGAGGACCATTACAGACCA,0,4428352
yadN_predicted,0.16666666666666666,5,5,GTGAGCTATGTTCGGCCGAT,0,4431029
yadN_predicted,0.16666666666666666,5,5,GTGAACCTCGGTGCGGTTCA,0,4404238
yadN_predicted,0.16666666666666666,5,5,GTCTGCCCCACTTCAGGGTC,0,4421683
yadN_predicted,0.16666666666666666,5,5,GTCTCCATCTTCATGGGAGT,0,4404808
yadN_predicted,0.16666666666666666,5,5,GTCGTGGAGATAGGATCGCC,0,4430804
yadN_predicted,0.16666666666666666,5,5,GTCGGCGCCAAGCCCAGCAG,0,4419770
yadN_predicted,0.16666666666666666,5,5,GTCCTCAGCAATGCGGTAGC,0,4416447
yadN_predicted,0.16666666666666666,5,5,GTCCCGGATTGCTAAATGAC,0,4421431
yadN_predicted,0.16666666666666666,5,5,GTCAGTGCCGTCACCGATAA,0,4427639
yadN_predicted,0.16666666666666666,5,5,GTCAAAATTAGGCAGACTTT,0,4405152
yadN_predicted,0.16666666666666666,5,5,GTATTGTATATGCGCTAGCG,0,4415247
yadN_predicted,0.16666666666666666,5,5,GTATTCTTGACAGAGGGTAA,0,4421892
yadN_predicted,0.16666666666666666,5,5,GTATGCGCCCTTGGATTGGT,0,4403878
yadN_predicted,0.16666666666666666,5,5,GTATGCCATCCAGCTGGCGA,0,4406325
yadN_predicted,0.16666666666666666,5,5,GTAGTAGGTACAAGCCCATA,0,4408490
yadN_predicted,0.16666666666666666,5,5,GTAGTAGATAGGAAAAGGGT,0,4435341
yadN_predicted,0.16666666666666666,5,5,GTAGTACGTAGAATCTATGT,0,4404867
yadN_predicted,0.16666666666666666,5,5,GTAGCCCACTTGTACATCCA,0,4419749
yadN_predicted,0.16666666666666666,5,5,GTACTACCTGTGTCCATTAG,0,4402786
yadN_predicted,0.16666666666666666,5,5,GTACACGACTTAAGATTTAA,0,4413757
yadN_predicted,0.16666666666666666,5,5,GTAAGATTACAGCCGTTCGT,0,4420737
yadN_predicted,0.16666666666666666,5,5,GTAAGAACAGTTTCCGTATG,0,4421828
yadN_predicted,0.16666666666666666,5,5,GTAACGTTATCTACTCACAC,0,4421258
yadN_predicted,0.16666666666666666,5,5,GGTTCTCACTTGCTACTCCC,0,4403728
yadN_predicted,0.16666666666666666,5,5,GGTTCAAGTAGCCCCTGCGG,0,4412681
yadN_predicted,0.16666666666666666,5,5,GGTGCCGATGGTTTGCTGCA,0,4414444
yadN_predicted,0.16666666666666666,5,5,GGTGCAAAGCTCTCAGGGGG,0,4410713
yadN_predicted,0.16666666666666666,5,5,GGTCTCCTTTATCTTTGGGA,0,4422950
yadN_predicted,0.16666666666666666,5,5,GGTCGCCCGAATAGCGAGAT,0,4411257
yadN_predicted,0.16666666666666666,5,5,GGTCCAAGATAGGCTGGGCT,0,4413089
yadN_predicted,0.16666666666666666,5,5,GGGTCCAAGGGGCATAGGGA,0,4434107
yadN_predicted,0.16666666666666666,5,5,GGGTATAGTCCTGTCTCATC,0,4415505
yadN_predicted,0.16666666666666666,5,5,GGGGGCTGTCACGAAGGCTC,0,4405561
yadN_predicted,0.16666666666666666,5,5,GGGGATGCATACGATGCGTA,0,4408273
yadN_predicted,0.16666666666666666,5,5,GGGGAGGGTTTTGAGTCTCC,0,4422307
yadN_predicted,0.16666666666666666,5,5,GGGGACCTAGGATGCAGGGT,0,4407568
yadN_predicted,0.16666666666666666,5,5,GGGCGGTAACCGTCGCCAGA,0,4404638
yadN_predicted,0.16666666666666666,5,5,GGGCAGGCTCCCTGCATTCC,0,4434394
yadN_predicted,0.16666666666666666,5,5,GGGCACAAAGGCCGTGCTGT,0,4412552
yadN_predicted,0.16666666666666666,5,5,GGGATTGTTGATTGTTTGTG,0,4413751
yadN_predicted,0.16666666666666666,5,5,GGCTGTACGCTTCAAGCATT,0,4418012
yadN_predicted,0.16666666666666666,5,5,GGCGCCCGCTCAATTCGGCA,0,4406047
yadN_predicted,0.16666666666666666,5,5,GGCGATTTATCGGCTCAGAG,0,4402804
yadN_predicted,0.16666666666666666,5,5,GGCGACAGAGGTTGACATTG,0,4424986
yadN_predicted,0.16666666666666666,5,5,GGCCCTAGTGGAAGAAAATG,0,4417556
yadN_predicted,0.16666666666666666,5,5,GGCCACATAGTAAATACTAT,0,4416431
yadN_predicted,0.16666666666666666,5,5,GGCATTTACTCGAGCCCGCG,0,4421682
yadN_predicted,0.16666666666666666,5,5,GGCAGCGTATCTTCTCCACC,0,4418123
yadN_predicted,0.16666666666666666,5,5,GGCAGCGCGCTCTGGCCAAG,0,4422705
yadN_predicted,0.16666666666666666,5,5,GGCAGCCCCGGGTACAAGCT,0,4428114
yadN_predicted,0.16666666666666666,5,5,GGCAGATGTGGGCTACACAC,0,4409323
yadN_predicted,0.16666666666666666,5,5,GGCACTAACCCCCCTGCCTC,0,4412375
yadN_predicted,0.16666666666666666,5,5,GGCAATCTCCGACCGCAATA,0,4417027
yadN_predicted,0.16666666666666666,5,5,GGCAACGCACGATCCTGCGC,0,4417907
yadN_predicted,0.16666666666666666,5,5,GGATTAGTAGGCATGAGCCA,0,4403737
yadN_predicted,0.16666666666666666,5,5,GGATGGAGCATAAAACCTTC,0,4403875
yadN_predicted,0.16666666666666666,5,5,GGATACCTTGGCCTTACACC,0,4430554
yadN_predicted,0.16666666666666666,5,5,GGAGTCATGAAGCTGCGTCA,0,4408602
yadN_predicted,0.16666666666666666,5,5,GGAGATCTATGATACTCGTA,0,4430849
yadN_predicted,0.16666666666666666,5,5,GGACGCAGCACAAGGGAACA,0,4402561
yadN_predicted,0.16666666666666666,5,5,GGAAGTGCTGACCTTTTACC,0,4412742
yadN_predicted,0.16666666666666666,5,5,GCTTTTCGCCAAAGGTGTAA,0,4420921
yadN_predicted,0.16666666666666666,5,5,GCTTGGGACGATACGACTGT,0,4425114
yadN_predicted,0.16666666666666666,5,5,GCTTCTAAGCTAGCAGCGTG,0,4408711
yadN_predicted,0.16666666666666666,5,5,GCTTAGTCAAACAGGTACAG,0,4429190
yadN_predicted,0.16666666666666666,5,5,GCTGGGTGTAACTACTCTGT,0,4435663
yadN_predicted,0.16666666666666666,5,5,GCTGGCGCCTTGCTACGGTC,0,4413490
yadN_predicted,0.16666666666666666,5,5,GCTGACTTTATCTCTTACTT,0,4425701
yadN_predicted,0.16666666666666666,5,5,GCTGAAGCGTATGGGAATTT,0,4423852
yadN_predicted,0.16666666666666666,5,5,GCTCGTGTCGATTCTAACTG,0,4412152
yadN_predicted,0.16666666666666666,5,5,GCTCGTCATTAAGGGATTAA,0,4433725
yadN_predicted,0.16666666666666666,5,5,GCTCCGGGCGAGCAGAACAG,0,4421064
yadN_predicted,0.16666666666666666,5,5,GCTCAGCCCTTAATCACCCT,0,4416641
yadN_predicted,0.16666666666666666,5,5,GCTAGTAAGCCACATAACTG,0,4423570
yadN_predicted,0.16666666666666666,5,5,GCGTTTCTATGATTGAACAG,0,4406365
yadN_predicted,0.16666666666666666,5,5,GCGTGGGCAACTTAAGGGTC,0,4423530
yadN_predicted,0.16666666666666666,5,5,GCGTGAATAGAATTCGACCC,0,4405007
yadN_predicted,0.16666666666666666,5,5,GCGTATCTGAATACCGCACT,0,4426826
yadN_predicted,0.16666666666666666,5,5,GCGTAACTAGAAAATTGACT,0,4405755
yadN_predicted,0.16666666666666666,5,5,GCGGCTTTCGTTAATGACTA,0,4405276
yadN_predicted,0.16666666666666666,5,5,GCGCTGCAATGGGTGACACT,0,4431245
yadN_predicted,0.16666666666666666,5,5,GCGCGACGAAGGGATAATCT,0,4407040
yadN_predicted,0.16666666666666666,5,5,GCGCATTTAAGATCACGGAT,0,4413018
yadN_predicted,0.16666666666666666,5,5,GCGCAATGATTAATTTAGCT,0,4408658
yadN_predicted,0.16666666666666666,5,5,GCGAGGAGGTCGAAACGCCT,0,4421772
yadN_predicted,0.16666666666666666,5,5,GCCTGGTTGACGACGTGCGC,0,4417799
yadN_predicted,0.16666666666666666,5,5,GCCTAAGTTAGACTGGCGTC,0,4418357
yadN_predicted,0.16666666666666666,5,5,GCCGGTACGTGAGCGTTACT,0,4432915
yadN_predicted,0.16666666666666666,5,5,GCCGCAAGTGAGGCGGGTTC,0,4414551
yadN_predicted,0.16666666666666666,5,5,GCCCGGGTAGGGCCTTGGCA,0,4421808
yadN_predicted,0.16666666666666666,5,5,GCCCCAGCAGAACGCTTCCG,0,4416751
yadN_predicted,0.16666666666666666,5,5,GCCCAGCCCATGGAGTGAAT,0,4429105
yadN_predicted,0.16666666666666666,5,5,GCCCACCGAGAGCCCAAACT,0,4418096
yadN_predicted,0.16666666666666666,5,5,GCATTTGTAGCGGCGGGCTA,0,4432439
yadN_predicted,0.16666666666666666,5,5,GCATCAGCCCTCGAGCTTGC,0,4424720
yadN_predicted,0.16666666666666666,5,5,GCAGTCTAAGTAGGCTCCCC,0,4403632
yadN_predicted,0.16666666666666666,5,5,GCAGAGAGCTGCAATCCCGG,0,4402845
yadN_predicted,0.16666666666666666,5,5,GCACTACAGTCGAATGCTCG,0,4428944
yadN_predicted,0.16666666666666666,5,5,GCACGCCGGGCGGGCTCCCT,0,4423786
yadN_predicted,0.16666666666666666,5,5,GCACGAGGGGGCTTCGAGCT,0,4403830
yadN_predicted,0.16666666666666666,5,5,GCACATCTTCAGTTCGTCGT,0,4418818
yadN_predicted,0.16666666666666666,5,5,GCACAGGGGGTCCGTAGGGC,0,4404072
yadN_predicted,0.16666666666666666,5,5,GCACACGACTTAAGTAAGCT,0,4411638
yadN_predicted,0.16666666666666666,5,5,GCAATTAGGGACCGGAGCTA,0,4413119
yadN_predicted,0.16666666666666666,5,5,GCAATGGTGACATGTGCCAC,0,4427320
yadN_predicted,0.16666666666666666,5,5,GCAATACTAAGTGCCACAGA,0,4420610
yadN_predicted,0.16666666666666666,5,5,GCAAATGGATGTTGAAGTTG,0,4427584
yadN_predicted,0.16666666666666666,5,5,GCAAAAAGGACAGCGCTCTG,0,4421245
yadN_predicted,0.16666666666666666,5,5,GATTTGTCTAATCAGAATTT,0,4435754
yadN_predicted,0.16666666666666666,5,5,GATTGAATCCCGAGCCAACA,0,4411735
yadN_predicted,0.16666666666666666,5,5,GATTAGATCTTGGCCGAGAA,0,4418490
yadN_predicted,0.16666666666666666,5,5,GATGGCGGAGGGATAGTGAG,0,4406562
yadN_predicted,0.16666666666666666,5,5,GATGGAGTGTTATTCTCAAG,0,4419235
yadN_predicted,0.16666666666666666,5,5,GATGATGGTTAAACTGAGCA,0,4415101
yadN_predicted,0.16666666666666666,5,5,GATGAGACTCAAGCTATGCC,0,4402959
yadN_predicted,0.16666666666666666,5,5,GATCCAAAGTCCATATGCGG,0,4426722
yadN_predicted,0.16666666666666666,5,5,GATAGGGAGAGAATTCAAGG,0,4431155
yadN_predicted,0.16666666666666666,5,5,GATACAATAGTCCCGGCTTA,0,4406042
yadN_predicted,0.16666666666666666,5,5,GAGTGGATATGGAAAAGGAT,0,4421869
yadN_predicted,0.16666666666666666,5,5,GAGTCAGTCATAGAGTGATA,0,4419769
yadN_predicted,0.16666666666666666,5,5,GAGGGATACAACTGCGCAGC,0,4427411
yadN_predicted,0.16666666666666666,5,5,GAGCCCGCGCTCATGGCGAC,0,4425505
yadN_predicted,0.16666666666666666,5,5,GACGGCGACTGGGTGTCACT,0,4435321
yadN_predicted,0.16666666666666666,5,5,GACCGTGTATAGTGTAGCGC,0,4426492
yadN_predicted,0.16666666666666666,5,5,GAATGCGCGAAGTCTACCGG,0,4419482
yadN_predicted,0.16666666666666666,5,5,GAATCCACTCCCACCTATTA,0,4421145
yadN_predicted,0.16666666666666666,5,5,GAATACAGAGCGTTCTTGAG,0,4435443
yadN_predicted,0.16666666666666666,5,5,GAAGGGGCTAGAGATCCTCT,0,4429792
yadN_predicted,0.16666666666666666,5,5,GAAGGCGAAGGAGCATCGGC,0,4404111
yadN_predicted,0.16666666666666666,5,5,GAACGTGTGGCATAAATTCA,0,4421611
yadN_predicted,0.16666666666666666,5,5,GAACCCGCCTCACAAACTCG,0,4409474
yadN_predicted,0.16666666666666666,5,5,GAAATGGATCGTACCGCGCT,0,4432803
yadN_predicted,0.16666666666666666,5,5,CTTTTCCATCCGTATCCGTG,0,4406438
yadN_predicted,0.16666666666666666,5,5,CTTTCTGCAGGAGCAGGTGG,0,4416037
yadN_predicted,0.16666666666666666,5,5,CTTTCTCGCGGCCCCTGAAA,0,4418703
yadN_predicted,0.16666666666666666,5,5,CTTTAGCGTTTGCTGAATCC,0,4422438
yadN_predicted,0.16666666666666666,5,5,CTTGTCGCATTAAATTCGGC,0,4403453
yadN_predicted,0.16666666666666666,5,5,CTTGGTGCGCTGGGGCAGCC,0,4421712
yadN_predicted,0.16666666666666666,5,5,CTTGACTGTCGGGTCACGCA,0,4423627
yadN_predicted,0.16666666666666666,5,5,CTTCTCAACCTAGACTGATA,0,4405366
yadN_predicted,0.16666666666666666,5,5,CTTCAGATATGTTATTGGAC,0,4428455
yadN_predicted,0.16666666666666666,5,5,CTTCAAGTTGCGGTCGGAGG,0,4402599
yadN_predicted,0.16666666666666666,5,5,CTTAGGCTTTAAAAACATCT,0,4407182
yadN_predicted,0.16666666666666666,5,5,CTTACAGTTTAGTTCAAATA,0,4414717
yadN_predicted,0.16666666666666666,5,5,CTTAAAAATCAGGCTTCGCC,0,4413684
yadN_predicted,0.16666666666666666,5,5,CTGTTCGCATACAAGTTGCG,0,4405605
yadN_predicted,0.16666666666666666,5,5,CTGTCTATTCGGGTTGTGGG,0,4402776
yadN_predicted,0.16666666666666666,5,5,CTGTAGTTTATGATTACAGG,0,4412913
yadN_predicted,0.16666666666666666,5,5,CTGGTGAAGTAAAGGACGCT,0,4432341
yadN_predicted,0.16666666666666666,5,5,CTGGTACTGATAGGCGTATA,0,4416041
yadN_predicted,0.16666666666666666,5,5,CTGGTAACAGTTGTCTTCCG,0,4414946
yadN_predicted,0.16666666666666666,5,5,CTGGAGGGCTGGGAAACCAT,0,4418081
yadN_predicted,0.16666666666666666,5,5,CTGCGCGTGAAAACGGGATG,0,4434780
yadN_predicted,0.16666666666666666,5,5,CTGCCTACGTAAACCCTCAG,0,4425212
yadN_predicted,0.16666666666666666,5,5,CTGCCGTTTTGCTTCGGAAG,0,4433369
yadN_predicted,0.16666666666666666,5,5,CTGATGTGGGAGGAAAACAC,0,4406857
yadN_predicted,0.16666666666666666,5,5,CTGATATGGGTTGCTTAAGG,0,4420105
yadN_predicted,0.16666666666666666,5,5,CTGATAATCAGTCAGCACTT,0,4418853
yadN_predicted,0.16666666666666666,5,5,CTCTGTTTAGAACCACGCTG,0,4420528
yadN_predicted,0.16666666666666666,5,5,CTCTGGCGGGGGCATCGTCG,0,4424130
yadN_predicted,0.16666666666666666,5,5,CTCTGAAATATAAGTATGCC,0,4402708
yadN_predicted,0.16666666666666666,5,5,CTCGGCACGACGCTCAGGGC,0,4417745
yadN_predicted,0.16666666666666666,5,5,CTCCGTCACGCGGTACCCCA,0,4419606
yadN_predicted,0.16666666666666666,5,5,CTCAAGCAAAGGATACTTCA,0,4433863
yadN_predicted,0.16666666666666666,5,5,CTATTCCCATCTTCTGTCAT,0,4405918
yadN_predicted,0.16666666666666666,5,5,CTATGCCACTCTATTACGCA,0,4417807
yadN_predicted,0.16666666666666666,5,5,CTATGAATTTAGAAGTTGGG,0,4407450
yadN_predicted,0.16666666666666666,5,5,CTAGTGCGGCCGAAAGGTCG,0,4420930
yadN_predicted,0.16666666666666666,5,5,CTAGGTTACCGTGAGGGTCT,0,4434241
yadN_predicted,0.16666666666666666,5,5,CTACGCGCCAGCTAGTCCCC,0,4409057
yadN_predicted,0.16666666666666666,5,5,CTACGAGATCATGATGAGTC,0,4402775
yadN_predicted,0.16666666666666666,5,5,CTACCGTGGATCACAGACAT,0,4413151
yadN_predicted,0.16666666666666666,5,5,CTACCACGAGAGCTGACCTT,0,4420502
yadN_predicted,0.16666666666666666,5,5,CTACAGCACGTTGAGCGAGA,0,4427361
yadN_predicted,0.16666666666666666,5,5,CTAATGCAGGCCCAAATCGA,0,4408178
yadN_predicted,0.16666666666666666,5,5,CTAATCGGAGTAGAAGGAGC,0,4424704
yadN_predicted,0.16666666666666666,5,5,CGTTCTCAGACCTGGACTGG,0,4405633
yadN_predicted,0.16666666666666666,5,5,CGTGTTCCTGGTCTGTTGGG,0,4403045
yadN_predicted,0.16666666666666666,5,5,CGTGGATTCCTCGGGCTCGG,0,4421618
yadN_predicted,0.16666666666666666,5,5,CGTGCAAAACTGGACAATTG,0,4414273
yadN_predicted,0.16666666666666666,5,5,CGTCCGGAGAGAGATGGTTA,0,4405915
yadN_predicted,0.16666666666666666,5,5,CGTAGTGATTAGCATGCTCG,0,4423320
yadN_predicted,0.16666666666666666,5,5,CGTACTACGCTCATACCATG,0,4402761
yadN_predicted,0.16666666666666666,5,5,CGGTTCCGTTCGACCTTTGT,0,4434745
yadN_predicted,0.16666666666666666,5,5,CGGTCGTATTATAGTCCTGT,0,4414542
yadN_predicted,0.16666666666666666,5,5,CGGTAAGGACTCTCGGGCTT,0,4404705
yadN_predicted,0.16666666666666666,5,5,CGGTAAGCCTCTTGCAACTC,0,4434295
yadN_predicted,0.16666666666666666,5,5,CGGGGATGCGAGCTACGCCA,0,4417609
yadN_predicted,0.16666666666666666,5,5,CGGGCCGATCCCATATTCCT,0,4409349
yadN_predicted,0.16666666666666666,5,5,CGGCACGTAAGGTAGAACCA,0,4430817
yadN_predicted,0.16666666666666666,5,5,CGGAGTTCAACGTCAACTAG,0,4410880
yadN_predicted,0.16666666666666666,5,5,CGGACAACGTCAGGTCGTAG,0,4432142
yadN_predicted,0.16666666666666666,5,5,CGCTTAGTTAGGTGGGAAGT,0,4408805
yadN_predicted,0.16666666666666666,5,5,CGCTCTGGGAGCGAAACTGG,0,4417288
yadN_predicted,0.16666666666666666,5,5,CGCTCCTACACGTGTTAGGG,0,4417138
yadN_predicted,0.16666666666666666,5,5,CGCTCATTCCACTTTCACTT,0,4402805
yadN_predicted,0.16666666666666666,5,5,CGCGGATGACCGGACTCAGA,0,4420692
yadN_predicted,0.16666666666666666,5,5,CGCGGAGGGCAGAAAATGCT,0,4402802
yadN_predicted,0.16666666666666666,5,5,CGCGCGGGTTGGGAAACCGA,0,4422970
yadN_predicted,0.16666666666666666,5,5,CGCGAGCAATTTAACCCCCA,0,4419548
yadN_predicted,0.16666666666666666,5,5,CGCCTGCCGTCCGCTAGACG,0,4421454
yadN_predicted,0.16666666666666666,5,5,CGCCAGTTCCCGGCTCTAGA,0,4427047
yadN_predicted,0.16666666666666666,5,5,CGCATCAGCGGCCTTCTATG,0,4425426
yadN_predicted,0.16666666666666666,5,5,CGCACCACCCGAGGGGCAAC,0,4412312
yadN_predicted,0.16666666666666666,5,5,CGATGTTAGACGCAGGGACC,0,4408244
yadN_predicted,0.16666666666666666,5,5,CGAGTATGCGGCCAGAATCA,0,4412332
yadN_predicted,0.16666666666666666,5,5,CGAGGGGTATTGAATTGGAT,0,4423875
yadN_predicted,0.16666666666666666,5,5,CGAGGCGCTGTGAGGATGTT,0,4411695
yadN_predicted,0.16666666666666666,5,5,CGAGGCGACAATCTCGCGTA,0,4404506
yadN_predicted,0.16666666666666666,5,5,CGAGGCCGTAGTGTACCCCC,0,4409897
yadN_predicted,0.16666666666666666,5,5,CGAGCCAGGGGCCGTTATTA,0,4409241
yadN_predicted,0.16666666666666666,5,5,CGACTAGCCTCCTCACTGTC,0,4407440
yadN_predicted,0.16666666666666666,5,5,CGACGTTCGTAGAAATCTTC,0,4417750
yadN_predicted,0.16666666666666666,5,5,CGAACGTTTTATCCAATTGC,0,4408435
yadN_predicted,0.16666666666666666,5,5,CGAACCCATCAAGTTCGTCT,0,4406797
yadN_predicted,0.16666666666666666,5,5,CGAACCCATATGGCGGTCTC,0,4430278
yadN_predicted,0.16666666666666666,5,5,CGAAAGGCGCGCTTGTTGTG,0,4417537
yadN_predicted,0.16666666666666666,5,5,CCTTTCCTGCCCAGAGTCAT,0,4405632
yadN_predicted,0.16666666666666666,5,5,CCTTCGTAAATTGAGCATCT,0,4422599
yadN_predicted,0.16666666666666666,5,5,CCTGTATCAATTGTTGTGAT,0,4405878
yadN_predicted,0.16666666666666666,5,5,CCTCGTACGGTAGATATTGC,0,4428243
yadN_predicted,0.16666666666666666,5,5,CCTAGAAGTGTTCGCTTGCC,0,4408857
yadN_predicted,0.16666666666666666,5,5,CCTACGCGATCCGCCCCATT,0,4423902
yadN_predicted,0.16666666666666666,5,5,CCTACGAGATACCAACCTCC,0,4420376
yadN_predicted,0.16666666666666666,5,5,CCTAAATCGTATTTAAACGG,0,4424252
yadN_predicted,0.16666666666666666,5,5,CCGTTTAATCCGGACAGTTC,0,4415866
yadN_predicted,0.16666666666666666,5,5,CCGTGGACGTGTTCAGACTC,0,4423162
yadN_predicted,0.16666666666666666,5,5,CCGTCCCATCCCTAGGAAGG,0,4411028
yadN_predicted,0.16666666666666666,5,5,CCGTAGGTGCCCTTCAAGAG,0,4407459
yadN_predicted,0.16666666666666666,5,5,CCGGTCTAACTAATACGCAG,0,4424668
yadN_predicted,0.16666666666666666,5,5,CCGGGGCAATGACTCACTTG,0,4412616
yadN_predicted,0.16666666666666666,5,5,CCGGATTCACGGCTGCTTCC,0,4421529
yadN_predicted,0.16666666666666666,5,5,CCGGATATCTAGTGTGATCA,0,4431532
yadN_predicted,0.16666666666666666,5,5,CCGGACTTAGGTTTGTGTTT,0,4424132
yadN_predicted,0.16666666666666666,5,5,CCGCTATTAATCACCGCTAC,0,4409456
yadN_predicted,0.16666666666666666,5,5,CCGACTAGATTAGCCGGTTC,0,4406544
yadN_predicted,0.16666666666666666,5,5,CCGACCGAGGAAAATCGCCT,0,4407706
yadN_predicted,0.16666666666666666,5,5,CCGAATCAGGATTTGTTCCA,0,4405960
yadN_predicted,0.16666666666666666,5,5,CCCTGCACTATTCGATCGCA,0,4434443
yadN_predicted,0.16666666666666666,5,5,CCCTGCACGATGGACTATGC,0,4416830
yadN_predicted,0.16666666666666666,5,5,CCCTCAGGATACTCAAGCAT,0,4419575
yadN_predicted,0.16666666666666666,5,5,CCCTAAGGTCTTTACGTAAG,0,4405671
yadN_predicted,0.16666666666666666,5,5,CCCGTGGACCTGATCCAGTT,0,4410243
yadN_predicted,0.16666666666666666,5,5,CCCGGACAGTGACCAGAAAG,0,4412451
yadN_predicted,0.16666666666666666,5,5,CCCGATAGCAAAAATCGGTG,0,4429050
yadN_predicted,0.16666666666666666,5,5,CCCGAGTTCGACATGGCCCG,0,4417475
yadN_predicted,0.16666666666666666,5,5,CCCGAGTAGCTATCGTGTTG,0,4412672
yadN_predicted,0.16666666666666666,5,5,CCCCATCGTGCTGAATGTGT,0,4413147
yadN_predicted,0.16666666666666666,5,5,CCCCAGTGCTCAGTTGGGTG,0,4435421
yadN_predicted,0.16666666666666666,5,5,CCCAAGGTTGATCAGGTCCA,0,4422009
yadN_predicted,0.16666666666666666,5,5,CCCAAGGATCTATGAGGAGT,0,4421390
yadN_predicted,0.16666666666666666,5,5,CCCAAAGAGAGAACGTGTGC,0,4428478
yadN_predicted,0.16666666666666666,5,5,CCATTCGGGTGCGACCCTCA,0,4406851
yadN_predicted,0.16666666666666666,5,5,CCATCACAAGAACTGACCAG,0,4410542
yadN_predicted,0.16666666666666666,5,5,CCATATAGTTCTTGGTAATC,0,4402964
yadN_predicted,0.16666666666666666,5,5,CCATACGTTCCCCGTTCAAC,0,4403992
yadN_predicted,0.16666666666666666,5,5,CCAGTGTCAACCGAGGCTCG,0,4404704
yadN_predicted,0.16666666666666666,5,5,CCAGTAGTAAAAGAGTACAC,0,4430517
yadN_predicted,0.16666666666666666,5,5,CCAGGCCTAGGCATAGGACG,0,4407214
yadN_predicted,0.16666666666666666,5,5,CCAGAAGCGCGTTCGCGCAC,0,4412446
yadN_predicted,0.16666666666666666,5,5,CCACGCTTATTTGAGAACGT,0,4425812
yadN_predicted,0.16666666666666666,5,5,CATTAACTTATTGTCAGTAA,0,4430193
yadN_predicted,0.16666666666666666,5,5,CATGAACAAGTCGAGCACAG,0,4408099
yadN_predicted,0.16666666666666666,5,5,CATCTGGAAGGTGGATAGAC,0,4407144
yadN_predicted,0.16666666666666666,5,5,CATCTATGTGGATTAGGGAG,0,4406027
yadN_predicted,0.16666666666666666,5,5,CATCGGGTGGCTTGAATCTC,0,4434346
yadN_predicted,0.16666666666666666,5,5,CATCATAAATACCCCATGTC,0,4430333
yadN_predicted,0.16666666666666666,5,5,CATCACAGTTAATCAGATAG,0,4403072
yadN_predicted,0.16666666666666666,5,5,CATAGGGCCATGTGGAGTTT,0,4418696
yadN_predicted,0.16666666666666666,5,5,CATAGCGCTTGGGTAGTAGA,0,4426360
yadN_predicted,0.16666666666666666,5,5,CATACTCTGTTTAGCACCCA,0,4425127
yadN_predicted,0.16666666666666666,5,5,CATACGGCCTGGCATGCACG,0,4435311
yadN_predicted,0.16666666666666666,5,5,CATACCCTCGCTCTGGTGGT,0,4413956
yadN_predicted,0.16666666666666666,5,5,CAGTCGATAAGTAGCGGTGT,0,4416511
yadN_predicted,0.16666666666666666,5,5,CAGATGAGATAACTGGAGAA,0,4408853
yadN_predicted,0.16666666666666666,5,5,CAGATCGTAATCCTTATATT,0,4405504
yadN_predicted,0.16666666666666666,5,5,CAGAGATGCCTCCTCTGATT,0,4416002
yadN_predicted,0.16666666666666666,5,5,CAGACGGGCCGATAATCGTC,0,4434369
yadN_predicted,0.16666666666666666,5,5,CAGACGCTGCAGTGTATTGT,0,4424478
yadN_predicted,0.16666666666666666,5,5,CACTAAAGCCTAAGTCAAGC,0,4426085
yadN_predicted,0.16666666666666666,5,5,CACGTAGTCTCATCGTGATG,0,4426588
yadN_predicted,0.16666666666666666,5,5,CACGTAGTCACACTGCTAGT,0,4411551
yadN_predicted,0.16666666666666666,5,5,CACGACTGTTGTAGACCATT,0,4415200
yadN_predicted,0.16666666666666666,5,5,CACCCGTTGAACACTCGATT,0,4418254
yadN_predicted,0.16666666666666666,5,5,CACCCGGGCGTTTTCTGAAT,0,4428862
yadN_predicted,0.16666666666666666,5,5,CACCCGAGGAGAAGACCGTA,0,4409108
yadN_predicted,0.16666666666666666,5,5,CACCCCGGAGGCTGTAGCAA,0,4409309
yadN_predicted,0.16666666666666666,5,5,CACCCAATGTAGTTAAAGTC,0,4417747
yadN_predicted,0.16666666666666666,5,5,CACACTTAACGGCAAACGGA,0,4428611
yadN_predicted,0.16666666666666666,5,5,CACACCACCGGCATGAACTA,0,4416936
yadN_predicted,0.16666666666666666,5,5,CACAATTGATCGCCCAGGTC,0,4424975
yadN_predicted,0.16666666666666666,5,5,CAATACCAAACTGGACCATA,0,4418370
yadN_predicted,0.16666666666666666,5,5,CAAGTTGTACAGGCTTTTCT,0,4427605
yadN_predicted,0.16666666666666666,5,5,CAAGTAAGGCTGAAACCGTT,0,4425579
yadN_predicted,0.16666666666666666,5,5,CAAGGTCATCGCTTCGACAC,0,4431832
yadN_predicted,0.16666666666666666,5,5,CAAGGGACATATTCGGCAAG,0,4407403
yadN_predicted,0.16666666666666666,5,5,CAAGAGAGACCAACTATATA,0,4414880
yadN_predicted,0.16666666666666666,5,5,CAACTTTACCGGATATGCTG,0,4411362
yadN_predicted,0.16666666666666666,5,5,CAACGGGTTTCGCTCAGTGA,0,4419285
yadN_predicted,0.16666666666666666,5,5,CAACCAACACCGATTTAGTC,0,4418930
yadN_predicted,0.16666666666666666,5,5,CAAACGCGTGTGAGACATGC,0,4434434
yadN_predicted,0.16666666666666666,5,5,CAAAATAGACACCTCGGTGA,0,4420846
yadN_predicted,0.16666666666666666,5,5,ATTTTTTGCTTGCCTTATAC,0,4432324
yadN_predicted,0.16666666666666666,5,5,ATTTTTTGCTTACCCAATCG,0,4403458
yadN_predicted,0.16666666666666666,5,5,ATTTTAGTCATTGCCCCCGG,0,4424157
yadN_predicted,0.16666666666666666,5,5,ATTGTACAGCTAAATCTTTG,0,4424841
yadN_predicted,0.16666666666666666,5,5,ATTGGCTGTACGATCTCACT,0,4422956
yadN_predicted,0.16666666666666666,5,5,ATTGCCAAACGAGTCTTCGA,0,4423540
yadN_predicted,0.16666666666666666,5,5,ATTGCAATACGTAGAAGTTA,0,4404023
yadN_predicted,0.16666666666666666,5,5,ATTGAGAGGCGGAGTTGAGT,0,4430890
yadN_predicted,0.16666666666666666,5,5,ATTGAAACTTAGGTGAACAT,0,4426528
yadN_predicted,0.16666666666666666,5,5,ATTCCCGTCCTGCTGGCGCA,0,4420659
yadN_predicted,0.16666666666666666,5,5,ATTACTAACTATTCTGCTCT,0,4427719
yadN_predicted,0.16666666666666666,5,5,ATTAAACCAATCCACCGGTG,0,4407367
yadN_predicted,0.16666666666666666,5,5,ATGTTAAACCGTCTTGGTCG,0,4405450
yadN_predicted,0.16666666666666666,5,5,ATGTAGGGTTCCTGTTAGAA,0,4417205
yadN_predicted,0.16666666666666666,5,5,ATGTAGCAGTCGGGATGGCA,0,4410944
yadN_predicted,0.16666666666666666,5,5,ATGGTTATTCAGGTACGCAT,0,4423927
yadN_predicted,0.16666666666666666,5,5,ATGGTGTCCCCGAAAGCTAA,0,4435290
yadN_predicted,0.16666666666666666,5,5,ATGGCCCCATATGTTAGGGT,0,4429617
yadN_predicted,0.16666666666666666,5,5,ATGGACAGTCGTATAGTCAC,0,4415980
yadN_predicted,0.16666666666666666,5,5,ATGCGGTAGCCACATCGGAC,0,4431286
yadN_predicted,0.16666666666666666,5,5,ATGCACGCTACCCTCGGTCA,0,4433037
yadN_predicted,0.16666666666666666,5,5,ATCTTATCCGGTAACCCAGT,0,4424384
yadN_predicted,0.16666666666666666,5,5,ATCTGGTCAGGCACCCTCTG,0,4423274
yadN_predicted,0.16666666666666666,5,5,ATCTCATAGAGCCCGATAGA,0,4417476
yadN_predicted,0.16666666666666666,5,5,ATCGGGGTGTATAAGAAAGG,0,4420558
yadN_predicted,0.16666666666666666,5,5,ATCGGGATTGTTCTACGCGC,0,4415028
yadN_predicted,0.16666666666666666,5,5,ATCGAATAGTTGCCCCGGCT,0,4432361
yadN_predicted,0.16666666666666666,5,5,ATCCTGTTCTCTGATTTTAT,0,4419631
yadN_predicted,0.16666666666666666,5,5,ATCCGTTGCAACCGTTCGGG,0,4409669
yadN_predicted,0.16666666666666666,5,5,ATCCCTCGGTATGGGCTTTT,0,4430697
yadN_predicted,0.16666666666666666,5,5,ATCCATTTTTTCCGATCTTG,0,4429543
yadN_predicted,0.16666666666666666,5,5,ATCCAGTTACCCAGTTTAAA,0,4412196
yadN_predicted,0.16666666666666666,5,5,ATCAGGCTGCATGCTACAGT,0,4432264
yadN_predicted,0.16666666666666666,5,5,ATCAGGACGCTTGAATAGCT,0,4424304
yadN_predicted,0.16666666666666666,5,5,ATCAAGCTAAAGGACCCAGC,0,4410459
yadN_predicted,0.16666666666666666,5,5,ATATTTGGATTAGAAGAAGG,0,4406843
yadN_predicted,0.16666666666666666,5,5,ATATTAGTAACTGTCAATAC,0,4430857
yadN_predicted,0.16666666666666666,5,5,ATATGCCTCCTATTTTATGC,0,4405171
yadN_predicted,0.16666666666666666,5,5,ATATCCTCGGACGAGCGGCA,0,4420905
yadN_predicted,0.16666666666666666,5,5,ATATACGCACAGCGGATAAT,0,4403667
yadN_predicted,0.16666666666666666,5,5,ATAGTTACCGTAAGGATTAA,0,4428554
yadN_predicted,0.16666666666666666,5,5,ATAGTATAGTTGCCGGTCCA,0,4427822
yadN_predicted,0.16666666666666666,5,5,ATACAGAATACCGCGTTCCA,0,4425055
yadN_predicted,0.16666666666666666,5,5,AGTTCATGACCAGTCGTGCG,0,4426584
yadN_predicted,0.16666666666666666,5,5,AGTTACCTTTCCAGTTCCTG,0,4427229
yadN_predicted,0.16666666666666666,5,5,AGTGACTGGCGGAAGACTGT,0,4413863
yadN_predicted,0.16666666666666666,5,5,AGTCTCGGGACACGACAAAT,0,4410187
yadN_predicted,0.16666666666666666,5,5,AGTCCAGGGGGTTAGTTGGT,0,4417236
yadN_predicted,0.16666666666666666,5,5,AGTCAGCTCGCTCGCACGAT,0,4404049
yadN_predicted,0.16666666666666666,5,5,AGTATAAAATACCAGAGACT,0,4409789
yadN_predicted,0.16666666666666666,5,5,AGTAGTACATTAGTGACTCC,0,4417871
yadN_predicted,0.16666666666666666,5,5,AGTACACACGACACCTCTTT,0,4422380
yadN_predicted,0.16666666666666666,5,5,AGGTTTATGCGGTGACAAAC,0,4428479
yadN_predicted,0.16666666666666666,5,5,AGGTGCGTCTTGCATTCCTA,0,4424237
yadN_predicted,0.16666666666666666,5,5,AGGTAACGTGGACTGACAAT,0,4432960
yadN_predicted,0.16666666666666666,5,5,AGGCTAGGGTAAGGTTACCA,0,4415425
yadN_predicted,0.16666666666666666,5,5,AGGCCATCACAATTGTCAAA,0,4418011
yadN_predicted,0.16666666666666666,5,5,AGGATACGCCGGAACTTCCA,0,4409244
yadN_predicted,0.16666666666666666,5,5,AGGACGTATTGCGATAAATG,0,4424390
yadN_predicted,0.16666666666666666,5,5,AGGACCTCGCTATATTATGC,0,4404372
yadN_predicted,0.16666666666666666,5,5,AGGACCGGCCAAACATTGGG,0,4434105
yadN_predicted,0.16666666666666666,5,5,AGGAAACGTGAAGCCCAGGT,0,4430115
yadN_predicted,0.16666666666666666,5,5,AGCTGCCGACCTAAGAGTCA,0,4416766
yadN_predicted,0.16666666666666666,5,5,AGCTAGACACGTGTAAGTCC,0,4412115
yadN_predicted,0.16666666666666666,5,5,AGCGCCATTCGGATTCGAGG,0,4427133
yadN_predicted,0.16666666666666666,5,5,AGCCGGTGCAATCCTGGAGA,0,4435456
yadN_predicted,0.16666666666666666,5,5,AGCCGCGATAATCACGGACG,0,4407938
yadN_predicted,0.16666666666666666,5,5,AGCCATGTTGACAATGCGTA,0,4406777
yadN_predicted,0.16666666666666666,5,5,AGCCAAGGGACAGGTAAACA,0,4427912
yadN_predicted,0.16666666666666666,5,5,AGCATGGCTCGGCACGCTAT,0,4429414
yadN_predicted,0.16666666666666666,5,5,AGCATGACCTATAGTTCATG,0,4418830
yadN_predicted,0.16666666666666666,5,5,AGCACTTCTAGGAACCAAGT,0,4431712
yadN_predicted,0.16666666666666666,5,5,AGATTCAGGAAGAGCGCCAG,0,4415064
yadN_predicted,0.16666666666666666,5,5,AGAGTATTTTATAATCTATA,0,4419600
yadN_predicted,0.16666666666666666,5,5,AGAGTAAGCCAGAACCTCGA,0,4408703
yadN_predicted,0.16666666666666666,5,5,AGAGCGGTTCACAAGCCGAA,0,4414421
yadN_predicted,0.16666666666666666,5,5,AGAGAAGCGCATACTCCGGT,0,4415409
yadN_predicted,0.16666666666666666,5,5,AGACGCACCTGCGAATATCC,0,4427753
yadN_predicted,0.16666666666666666,5,5,AGACAAACTTGGTACGCGTT,0,4434975
yadN_predicted,0.16666666666666666,5,5,AGAAGCGCCGAAATCGGTGT,0,4414303
yadN_predicted,0.16666666666666666,5,5,AGAAGAGTATTGAATGGGGT,0,4422050
yadN_predicted,0.16666666666666666,5,5,ACTTATTATGGCATCGGGGT,0,4409434
yadN_predicted,0.16666666666666666,5,5,ACTCACGTTTCTTCGAAAAC,0,4407382
yadN_predicted,0.16666666666666666,5,5,ACTCACCCGGTAACTAAACA,0,4427864
yadN_predicted,0.16666666666666666,5,5,ACTAGGTGCGCTAGACTAAA,0,4414536
yadN_predicted,0.16666666666666666,5,5,ACTAATTTTGTATATGGGTA,0,4429030
yadN_predicted,0.16666666666666666,5,5,ACTAATCACACCACGACGAG,0,4423611
yadN_predicted,0.16666666666666666,5,5,ACGGTTGGTTATAACTATCC,0,4413642
yadN_predicted,0.16666666666666666,5,5,ACGGTATTTTTCCCGCTCCC,0,4403441
yadN_predicted,0.16666666666666666,5,5,ACGGCTAAGGGGACCGTAAG,0,4409137
yadN_predicted,0.16666666666666666,5,5,ACGGCGAAGATATAATTTCT,0,4424538
yadN_predicted,0.16666666666666666,5,5,ACGGCATGTCGTATCAGCCT,0,4433010
yadN_predicted,0.16666666666666666,5,5,ACGCTGTCATCTTTGACCTT,0,4408096
yadN_predicted,0.16666666666666666,5,5,ACGCTCCAAACCCGGTCCTT,0,4418761
yadN_predicted,0.16666666666666666,5,5,ACGCGTATTGCCTACGCGAG,0,4427335
yadN_predicted,0.16666666666666666,5,5,ACGCCTCGGCAATCGAAACG,0,4419006
yadN_predicted,0.16666666666666666,5,5,ACGCCAAATTTAGGCGACCT,0,4413651
yadN_predicted,0.16666666666666666,5,5,ACGCAGACGGTTAGATTTTT,0,4429496
yadN_predicted,0.16666666666666666,5,5,ACGCACGCACCATCGAGGGT,0,4435222
yadN_predicted,0.16666666666666666,5,5,ACGCAAGTACCTGGCGATGG,0,4415594
yadN_predicted,0.16666666666666666,5,5,ACGATCTAATCACAGCGTCT,0,4404680
yadN_predicted,0.16666666666666666,5,5,ACGACCTCAACAAGTGGTGT,0,4427607
yadN_predicted,0.16666666666666666,5,5,ACGAACCGGTCCTGGGTATT,0,4407487
yadN_predicted,0.16666666666666666,5,5,ACGAAAAAGGGACGGGAGAA,0,4412824
yadN_predicted,0.16666666666666666,5,5,ACCTTCTGAGGCCTTGGTAG,0,4405669
yadN_predicted,0.16666666666666666,5,5,ACCTGTTAGTCGGGGCCAGG,0,4431031
yadN_predicted,0.16666666666666666,5,5,ACCTGCACAACGATCTCCTT,0,4403959
yadN_predicted,0.16666666666666666,5,5,ACCTCGGGAAGATAGTTATA,0,4408033
yadN_predicted,0.16666666666666666,5,5,ACCTCACTAGGAAGCCGCCC,0,4433701
yadN_predicted,0.16666666666666666,5,5,ACCGTTGACTGGGGTACTAC,0,4416032
yadN_predicted,0.16666666666666666,5,5,ACCGTGATGCCCCTTATCGA,0,4429399
yadN_predicted,0.16666666666666666,5,5,ACCCTGATCTGGGAGACCAT,0,4418086
yadN_predicted,0.16666666666666666,5,5,ACCCGGGTCTCGGGGTTCGG,0,4403102
yadN_predicted,0.16666666666666666,5,5,ACCCCGAATAAATGGTTTGA,0,4410673
yadN_predicted,0.16666666666666666,5,5,ACCAGCAATTTACACTATCG,0,4409817
yadN_predicted,0.16666666666666666,5,5,ACCAATGGACTGCTCTTGTC,0,4418166
yadN_predicted,0.16666666666666666,5,5,ACATTTCGTCGTAACCGACA,0,4429066
yadN_predicted,0.16666666666666666,5,5,ACATACAGTGACGACGGCTA,0,4414601
yadN_predicted,0.16666666666666666,5,5,ACAGTTAGTGCAAACAACTA,0,4430627
yadN_predicted,0.16666666666666666,5,5,ACAGAAATCAAGGTAACTCT,0,4422372
yadN_predicted,0.16666666666666666,5,5,ACAAGGCGGTTGGCGACGCT,0,4424033
yadN_predicted,0.16666666666666666,5,5,ACAACTTCACTTCCCTCTTC,0,4422471
yadN_predicted,0.16666666666666666,5,5,ACAACGATCCACGCTGCCAT,0,4428070
yadN_predicted,0.16666666666666666,5,5,AATTTCCTGCGTTTTAGCAT,0,4431805
yadN_predicted,0.16666666666666666,5,5,AATTTAGTAGTCATGTACGC,0,4419233
yadN_predicted,0.16666666666666666,5,5,AATTCTAGGCCCTCAATTTA,0,4414095
yadN_predicted,0.16666666666666666,5,5,AATTATAGATGAAACTCATC,0,4403220
yadN_predicted,0.16666666666666666,5,5,AATGTTCTTAATGCACGACT,0,4420193
yadN_predicted,0.16666666666666666,5,5,AATGTGTAAGCTTGAGATCT,0,4428140
yadN_predicted,0.16666666666666666,5,5,AATGGCGTTTGTTGGCGGAT,0,4418724
yadN_predicted,0.16666666666666666,5,5,AATGGCCCGAGCATTCCGAG,0,4425431
yadN_predicted,0.16666666666666666,5,5,AATGATCGTCTGAACGGTCT,0,4434620
yadN_predicted,0.16666666666666666,5,5,AATCTTCGGAATTCGAATGA,0,4429160
yadN_predicted,0.16666666666666666,5,5,AATCCGTAAGGACAGGTACA,0,4407427
yadN_predicted,0.16666666666666666,5,5,AATCAGGGCTCGCATCACGT,0,4420075
yadN_predicted,0.16666666666666666,5,5,AATATACTGGACGATACAGA,0,4423239
yadN_predicted,0.16666666666666666,5,5,AATACTTATCTGCCGCAGCA,0,4411630
yadN_predicted,0.16666666666666666,5,5,AATAATGTATGCCAGAGCCC,0,4407617
yadN_predicted,0.16666666666666666,5,5,AAGTGAGGTGTCGGCCCCGT,0,4406000
yadN_predicted,0.16666666666666666,5,5,AAGTACGTGTGAATGCTATC,0,4422209
yadN_predicted,0.16666666666666666,5,5,AAGTAAAATATTTGAAGGAG,0,4421241
yadN_predicted,0.16666666666666666,5,5,AAGGTACCTTACTGGGCGGA,0,4404356
yadN_predicted,0.16666666666666666,5,5,AAGGGTAAAGCGGTTTTAGT,0,4407717
yadN_predicted,0.16666666666666666,5,5,AAGGGCCCGGGTGTTCCTGC,0,4402571
yadN_predicted,0.16666666666666666,5,5,AAGGGCATATGATGTGACCC,0,4414387
yadN_predicted,0.16666666666666666,5,5,AAGGATTTAGATTCCAAAGA,0,4409245
yadN_predicted,0.16666666666666666,5,5,AAGGACCTTATACCGGACTC,0,4416078
yadN_predicted,0.16666666666666666,5,5,AAGCGCCTGCGAAAATTCTG,0,4422419
yadN_predicted,0.16666666666666666,5,5,AAGCCCTAATTCGAAGTCTT,0,4431156
yadN_predicted,0.16666666666666666,5,5,AAGAGCCGTTCGGTAATGCC,0,4414801
yadN_predicted,0.16666666666666666,5,5,AAGACGAACGCGTATACCCG,0,4407961
yadN_predicted,0.16666666666666666,5,5,AAGAACTCGCTGAGAGTTGT,0,4417291
yadN_predicted,0.16666666666666666,5,5,AACTTCGGACTCACAATTCT,0,4402617
yadN_predicted,0.16666666666666666,5,5,AACGCACTGGCAACTTTTAC,0,4410085
yadN_predicted,0.16666666666666666,5,5,AACCAAACCGCAAGCCAATA,0,4418658
yadN_predicted,0.16666666666666666,5,5,AACATATTTAGCGTGCACAT,0,4415515
yadN_predicted,0.16666666666666666,5,5,AACAGAGGCGACCTGCGTCA,0,4402891
yadN_predicted,0.16666666666666666,5,5,AACACGCAACGATAGACTGA,0,4406849
yadN_predicted,0.16666666666666666,5,5,AACACAAGGCTTGTAGGAGC,0,4418028
yadN_predicted,0.16666666666666666,5,5,AAATCGTTAAGCGGCCGTAC,0,4426631
yadN_predicted,0.16666666666666666,5,5,AAATACGCAGATGGTCTAAG,0,4424446
yadN_predicted,0.16666666666666666,5,5,AAATACAAGGAGGTCCTTTG,0,4415384
yadN_predicted,0.16666666666666666,5,5,AAAGGCTCACACTGCTTGAA,0,4403259
yadN_predicted,0.16666666666666666,5,5,AAAGGAAATGCCCGGTAGAA,0,4409972
yadN_predicted,0.16666666666666666,5,5,AAACTTCAGACAACTAACCC,0,4403122
yadN_predicted,0.16666666666666666,5,5,AAACGGATTGTACGGCGTTA,0,4431972
yadN_predicted,0.16666666666666666,5,5,AAACCCGGAGTACAATCAGT,0,4416045
yadN_predicted,0.16666666666666666,5,5,AAAATGGGGCTTGTCCTGTT,0,4434032
yadN_predicted,0.16666666666666666,5,5,AAAATAAAATTGAGTCCTTC,0,4420038
yadN_predicted,0.16666666666666666,5,5,AAAACGTGCCTATAGTTGCA,0,4407995
yadN_predicted,0.2,4,4,TTTTTGGCCTCGGGTCCGCC,0,4408172
yadN_predicted,0.2,4,4,TTTTTCGCCGAATGAGGGAT,0,4422350
yadN_predicted,0.2,4,4,TTTTGCTCCTATCCGAAGCT,0,4418045
yadN_predicted,0.2,4,4,TTTTATGTACGCGGATTCTA,0,4435067
yadN_predicted,0.2,4,4,TTTGTTACAGACGAAAACCT,0,4421998
yadN_predicted,0.2,4,4,TTTGCTGTATGAATAAGATT,0,4434258
yadN_predicted,0.2,4,4,TTTGCAGGCCGGCACAGTCG,0,4425839
yadN_predicted,0.2,4,4,TTTAAGGACTTCACTCCACG,0,4430455
yadN_predicted,0.2,4,4,TTGTTCCGAAGGACACGCGA,0,4410885
yadN_predicted,0.2,4,4,TTGTGACGCGCCAGCGGACA,0,4416079
yadN_predicted,0.2,4,4,TTGCTTGAGCGCCTCTCTCC,0,4408102
yadN_predicted,0.2,4,4,TTGCGGGGTAACAGTGGCAG,0,4407554
yadN_predicted,0.2,4,4,TTGCGCGCTCTAACGCCTGG,0,4435348
yadN_predicted,0.2,4,4,TTGCGCAGTTTTTAGATTAC,0,4423569
yadN_predicted,0.2,4,4,TTGCCGGGGTATGCACAGCT,0,4405174
yadN_predicted,0.2,4,4,TTGCACATGGTGTATGCTCA,0,4432508
yadN_predicted,0.2,4,4,TTGACCAGACGCCGTAGTAA,0,4429079
yadN_predicted,0.2,4,4,TTGAAAGGAAGGGTAGAGTG,0,4406526
yadN_predicted,0.2,4,4,TTCTGTCTCTCCTGGTTTGC,0,4411463
yadN_predicted,0.2,4,4,TTCTAGTGCTTCCGGAGAGG,0,4408912
yadN_predicted,0.2,4,4,TTCGTGCCGGTACTTGCTCC,0,4418470
yadN_predicted,0.2,4,4,TTCCGGGCCAGATTCACATT,0,4420516
yadN_predicted,0.2,4,4,TTCCCACCAAGGTTTCCGTG,0,4417188
yadN_predicted,0.2,4,4,TTCCAGCCCTGTATTAGTGC,0,4430622
yadN_predicted,0.2,4,4,TTCCAACAATGTGCGGGAAA,0,4426175
yadN_predicted,0.2,4,4,TTCATGTGGGAGCTGAGAAT,0,4410086
yadN_predicted,0.2,4,4,TTCATGTCTGCATGGGCACA,0,4417386
yadN_predicted,0.2,4,4,TTCATCTATAAATCTTATCT,0,4432116
yadN_predicted,0.2,4,4,TTCAGTCTCAGCTAGCTCGT,0,4415887
yadN_predicted,0.2,4,4,TTCAGTAACTTCTAAAGAGC,0,4408723
yadN_predicted,0.2,4,4,TTCAGGCTAAGTGAGAAATA,0,4428405
yadN_predicted,0.2,4,4,TTCACTCCAACGACGCGTAA,0,4422721
yadN_predicted,0.2,4,4,TTCACAAACCGGCGGGCAGT,0,4405912
yadN_predicted,0.2,4,4,TTATTGAGCGGGCCGGGATT,0,4415659
yadN_predicted,0.2,4,4,TTATTCTCAAATCGCAGGGT,0,4416353
yadN_predicted,0.2,4,4,TTATGTGAGATTCCCTACGG,0,4402881
yadN_predicted,0.2,4,4,TTATGAGCAAACGATCAGAT,0,4430037
yadN_predicted,0.2,4,4,TTATATGAGACTAGGTCCCG,0,4409535
yadN_predicted,0.2,4,4,TTAGTCGTCTTCCCGTCATT,0,4415215
yadN_predicted,0.2,4,4,TTAGCTAACGAGACGTCCAA,0,4408679
yadN_predicted,0.2,4,4,TTAGCCCACATACCCGGCTT,0,4423725
yadN_predicted,0.2,4,4,TTACTTCCACCCCGCATGGC,0,4409494
yadN_predicted,0.2,4,4,TTACTGTGCAGCCATTCGGC,0,4431534
yadN_predicted,0.2,4,4,TTACTCTGCAACGTGCGGGT,0,4430674
yadN_predicted,0.2,4,4,TTAAGCGGATGCGTCGTGGA,0,4429742
yadN_predicted,0.2,4,4,TTAAGAGCCCTAACCTATCT,0,4430816
yadN_predicted,0.2,4,4,TGTTTTCTCATAGGATAACG,0,4407356
yadN_predicted,0.2,4,4,TGTTTCTACCAATAGCGATC,0,4405358
yadN_predicted,0.2,4,4,TGTTGCGGTTTGTTGGACAA,0,4423505
yadN_predicted,0.2,4,4,TGTTCCTTGTAAGCAGAAAG,0,4421620
yadN_predicted,0.2,4,4,TGTTAACGTATGCTCACAGT,0,4411759
yadN_predicted,0.2,4,4,TGTGGGGGCCGAGTGTAAAG,0,4417181
yadN_predicted,0.2,4,4,TGTGGAAGCACTTGTAGGGC,0,4407996
yadN_predicted,0.2,4,4,TGTGCAAGATGGCACACCTC,0,4410423
yadN_predicted,0.2,4,4,TGTGACATGGACACGTCTCC,0,4434566
yadN_predicted,0.2,4,4,TGTCTTCCCGTCTACGTTGA,0,4410054
yadN_predicted,0.2,4,4,TGTCCCCACTCGGAAACGAC,0,4407522
yadN_predicted,0.2,4,4,TGTCACGCGCCGTTGTGCTC,0,4414301
yadN_predicted,0.2,4,4,TGTATGTTCCTGTCTGGGTA,0,4431620
yadN_predicted,0.2,4,4,TGTATGGGGAGGTCGCGTCA,0,4410927
yadN_predicted,0.2,4,4,TGTACCCGAAAGCTTGAAGA,0,4407270
yadN_predicted,0.2,4,4,TGGTCAGAGGGATCACTTAG,0,4424467
yadN_predicted,0.2,4,4,TGGGTAGTCTTCGTTCAGAA,0,4423949
yadN_predicted,0.2,4,4,TGGGCACGTGGATGGTGCGC,0,4426828
yadN_predicted,0.2,4,4,TGGGATTAGCTTCTATGAGC,0,4408031
yadN_predicted,0.2,4,4,TGGGACCGTAAATCAACTCA,0,4433096
yadN_predicted,0.2,4,4,TGGCTAATCAACAATACAGT,0,4403681
yadN_predicted,0.2,4,4,TGGCGTGAACAAGGTCAGGA,0,4428076
yadN_predicted,0.2,4,4,TGGCAGGGGGCCATAGCGTC,0,4434501
yadN_predicted,0.2,4,4,TGGACGTAGAAGCACTTTTA,0,4433849
yadN_predicted,0.2,4,4,TGGAACTATTTGCTCTTCGA,0,4431969
yadN_predicted,0.2,4,4,TGCTCAAAAGAGGTGTCCCT,0,4430277
yadN_predicted,0.2,4,4,TGCTACATGGGCCAGAAGTG,0,4409890
yadN_predicted,0.2,4,4,TGCGGACGAATCTCGGTAAT,0,4425271
yadN_predicted,0.2,4,4,TGCGCTATATGGGGATGTAC,0,4405518
yadN_predicted,0.2,4,4,TGCCTTTTGCCTGGAGCCCT,0,4433721
yadN_predicted,0.2,4,4,TGCCTGATTGCGATACCAAC,0,4410451
yadN_predicted,0.2,4,4,TGCCTATAACAAAGTTTGAG,0,4421564
yadN_predicted,0.2,4,4,TGCCGGCATTGAGGGAACAT,0,4418361
yadN_predicted,0.2,4,4,TGCCCCCGTAGATTGGGAAC,0,4422070
yadN_predicted,0.2,4,4,TGCCACGTGTGCACGGAAAC,0,4435177
yadN_predicted,0.2,4,4,TGCAGCCGAGGGGGAAAAAT,0,4425764
yadN_predicted,0.2,4,4,TGCAAGCTGCAACGCCGCAA,0,4428047
yadN_predicted,0.2,4,4,TGCAAACTCGCGATCCGCGT,0,4429773
yadN_predicted,0.2,4,4,TGATCGGATTCGTTACTCGA,0,4423979
yadN_predicted,0.2,4,4,TGATCCCGAGTATATCATCA,0,4406145
yadN_predicted,0.2,4,4,TGATAGCCATGTAACATATG,0,4421267
yadN_predicted,0.2,4,4,TGATACGTGGGAATTCTCGC,0,4420215
yadN_predicted,0.2,4,4,TGATAATAGCTGATCTACTC,0,4426909
yadN_predicted,0.2,4,4,TGAGTTTGGGCACGAAAACG,0,4427359
yadN_predicted,0.2,4,4,TGAGATGCATTCTGGTCGGT,0,4416275
yadN_predicted,0.2,4,4,TGACTCCCCCGGAAGTCTTT,0,4412088
yadN_predicted,0.2,4,4,TGACTATGTCGGGACGACGA,0,4409190
yadN_predicted,0.2,4,4,TGACACAACAAACAGACGTG,0,4422821
yadN_predicted,0.2,4,4,TGAAGGGCGCCGCATAATTA,0,4416387
yadN_predicted,0.2,4,4,TGAAATTTACTTATAAGTGC,0,4411886
yadN_predicted,0.2,4,4,TCTTTTTAGGTACTGTCCGT,0,4432370
yadN_predicted,0.2,4,4,TCTTTCCTTGGGCCGGCCCT,0,4415427
yadN_predicted,0.2,4,4,TCTTAAATCGGACGTATCAA,0,4415083
yadN_predicted,0.2,4,4,TCTCTGCGTGAGATATGATG,0,4417806
yadN_predicted,0.2,4,4,TCTCTCTTTGGTGGTAAACT,0,4419789
yadN_predicted,0.2,4,4,TCTCGTGAAATGCCTTACTT,0,4406147
yadN_predicted,0.2,4,4,TCTCGGGGACTCAGCGGTGT,0,4421664
yadN_predicted,0.2,4,4,TCTAGTTAGACTTTTCAAGT,0,4425374
yadN_predicted,0.2,4,4,TCTAGGTCGTGGGTAAATGT,0,4403389
yadN_predicted,0.2,4,4,TCTAGAATCTCCGTATTTAC,0,4425947
yadN_predicted,0.2,4,4,TCGTAGTCTCCTCACCCATT,0,4435646
yadN_predicted,0.2,4,4,TCGGTAACAGCACCGAGCTC,0,4435337
yadN_predicted,0.2,4,4,TCGGATATTATAACTTAATA,0,4420357
yadN_predicted,0.2,4,4,TCGGACGGATGCCGTTAAAT,0,4428043
yadN_predicted,0.2,4,4,TCGCGTCGCTCAGAAGAGTA,0,4419645
yadN_predicted,0.2,4,4,TCGCGTCAGGTGCGGGGGGG,0,4418569
yadN_predicted,0.2,4,4,TCGCAAGAGGGTGACACTAG,0,4429899
yadN_predicted,0.2,4,4,TCGATGAATCACTATTATGC,0,4432468
yadN_predicted,0.2,4,4,TCGAGGATCGACGCCGTGCT,0,4405981
yadN_predicted,0.2,4,4,TCGAAATCTTAATCTGATTC,0,4413046
yadN_predicted,0.2,4,4,TCCTTTAAAGAAGTGGCACA,0,4434436
yadN_predicted,0.2,4,4,TCCGTAAGTGGCTCGGGAAC,0,4426243
yadN_predicted,0.2,4,4,TCCGCTTCCGGACTTGACAT,0,4413076
yadN_predicted,0.2,4,4,TCCGCTGAATTCGTCCAGTT,0,4411311
yadN_predicted,0.2,4,4,TCCGAGCTATATAGAACTAC,0,4421637
yadN_predicted,0.2,4,4,TCCCAACCCTTAGTGAGTAG,0,4424580
yadN_predicted,0.2,4,4,TCCAGCCTGGGTGCGGGACT,0,4407643
yadN_predicted,0.2,4,4,TCCACTTGTTAACTTTGCCT,0,4412781
yadN_predicted,0.2,4,4,TCCACGTGATGTACTATCAC,0,4419525
yadN_predicted,0.2,4,4,TCATGATGATTGAGGCCGGG,0,4416339
yadN_predicted,0.2,4,4,TCATCCAAAGTAGGTTTCCA,0,4421061
yadN_predicted,0.2,4,4,TCATAGTTGCCACATGTGTT,0,4427034
yadN_predicted,0.2,4,4,TCAGTGCACCAGGTGCCGAA,0,4420565
yadN_predicted,0.2,4,4,TCAGGTATGGCCGCAGTTTG,0,4407227
yadN_predicted,0.2,4,4,TCAGCTTCGTCTTAATAACT,0,4408964
yadN_predicted,0.2,4,4,TCACTATCAGGTCGGACGCC,0,4403286
yadN_predicted,0.2,4,4,TCACGGGCGACTCCGGAGAG,0,4417208
yadN_predicted,0.2,4,4,TCACAAAAGGTACGCGTGTA,0,4420901
yadN_predicted,0.2,4,4,TCAATTGGGTCACCCAATCA,0,4428183
yadN_predicted,0.2,4,4,TCAATCGCCGGCGAACAATA,0,4435583
yadN_predicted,0.2,4,4,TATTTGATTCCAACCACACT,0,4410363
yadN_predicted,0.2,4,4,TATTGACCATGGACGAAAAG,0,4407426
yadN_predicted,0.2,4,4,TATTCTGTCCTTGGGATAAT,0,4433437
yadN_predicted,0.2,4,4,TATTCTAGCCGCTCACGAGC,0,4402902
yadN_predicted,0.2,4,4,TATTCAGCGCATGCGAGTCA,0,4423815
yadN_predicted,0.2,4,4,TATTCACATTTTACCGAGCT,0,4415428
yadN_predicted,0.2,4,4,TATGTGCGATGCGACTTCCA,0,4426396
yadN_predicted,0.2,4,4,TATGCCTGGACACAGTTAGC,0,4410421
yadN_predicted,0.2,4,4,TATGCAGATGTAACGAGGGG,0,4417866
yadN_predicted,0.2,4,4,TATGCACAATAGGAACATTA,0,4427495
yadN_predicted,0.2,4,4,TATGAGTCGGACGACCACAT,0,4421674
yadN_predicted,0.2,4,4,TATCGCATGCCACACTGCCT,0,4433254
yadN_predicted,0.2,4,4,TATCGATCCTCATTGCGAGT,0,4408042
yadN_predicted,0.2,4,4,TATCCCTGGATAGTGGAGCC,0,4415068
yadN_predicted,0.2,4,4,TATAGTGGATGCGATCCCGC,0,4430518
yadN_predicted,0.2,4,4,TATAACAATGCTCCGGTCAC,0,4414207
yadN_predicted,0.2,4,4,TAGGTCAGGGCGCTGGTTCT,0,4416210
yadN_predicted,0.2,4,4,TAGGACCCGGAAGCAGATAG,0,4433110
yadN_predicted,0.2,4,4,TAGCGTTGAGCGAATCCGAG,0,4415145
yadN_predicted,0.2,4,4,TAGCGATTCGCGTTAATCGG,0,4433205
yadN_predicted,0.2,4,4,TAGCACCTTTTGAACCGCTA,0,4433304
yadN_predicted,0.2,4,4,TAGATGTTTGGATGGAATTG,0,4412010
yadN_predicted,0.2,4,4,TAGATGTGAGGTTCGGACAA,0,4409417
yadN_predicted,0.2,4,4,TAGATAGACGGAAATGCCGG,0,4433981
yadN_predicted,0.2,4,4,TAGAGTGAGAAAAGTGGATT,0,4427319
yadN_predicted,0.2,4,4,TAGAGGGTCAATTCGCATTG,0,4405829
yadN_predicted,0.2,4,4,TAGACCAATTCGAATTACTC,0,4415010
yadN_predicted,0.2,4,4,TACTTCTGGGGTCTACTCAG,0,4419547
yadN_predicted,0.2,4,4,TACTGTATCCGCGGTAAGAG,0,4404071
yadN_predicted,0.2,4,4,TACGTGTCGCCTTATTTCGC,0,4427644
yadN_predicted,0.2,4,4,TACGATAGTCCCCGTTCGCA,0,4421730
yadN_predicted,0.2,4,4,TACCTGGTGGCTTGAGAGGC,0,4414627
yadN_predicted,0.2,4,4,TACCGGTTAGTACGGGCCAT,0,4413021
yadN_predicted,0.2,4,4,TACCGCGGTACCAAATTTAC,0,4411901
yadN_predicted,0.2,4,4,TACCATGCTGGTCAACGCGA,0,4432784
yadN_predicted,0.2,4,4,TACATGACTTGGAGTATAGG,0,4404547
yadN_predicted,0.2,4,4,TACAGCGAATACGAGCAGAA,0,4411225
yadN_predicted,0.2,4,4,TAATTGGGTTCAGCCATCGT,0,4430375
yadN_predicted,0.2,4,4,TAATTACGAGTCAAGAGTTG,0,4431217
yadN_predicted,0.2,4,4,TAATGGCCAGTAGCGCGTAC,0,4403180
yadN_predicted,0.2,4,4,TAATCATTTATATAGAGCTA,0,4434511
yadN_predicted,0.2,4,4,TAATCATCTGCGGCACGCAT,0,4408986
yadN_predicted,0.2,4,4,TAAGTGTCGGCATATATGCA,0,4420405
yadN_predicted,0.2,4,4,TAAGTCCAGGAGCATCAATT,0,4421508
yadN_predicted,0.2,4,4,TAAGGAGACCGAGCCGCGAT,0,4408241
yadN_predicted,0.2,4,4,TAAGAGGTGTTGTGTTGTGG,0,4425121
yadN_predicted,0.2,4,4,TAACTGCACCGTGACAAAAG,0,4415401
yadN_predicted,0.2,4,4,TAAAGTGTCCCTAAGTACCA,0,4414559
yadN_predicted,0.2,4,4,TAAAACACCGGGTGAGACCC,0,4434300
yadN_predicted,0.2,4,4,GTTTTTTTCCAACCGCCAGG,0,4430406
yadN_predicted,0.2,4,4,GTTTTAGCATACACAAACCT,0,4422937
yadN_predicted,0.2,4,4,GTTTGCGTCTGGGGTGAAGG,0,4425432
yadN_predicted,0.2,4,4,GTTGCTGACGGGTGAAGAAA,0,4417216
yadN_predicted,0.2,4,4,GTTGCGGTGCGTACGTCGTA,0,4416082
yadN_predicted,0.2,4,4,GTTGAGGTGGGCGACTGCCC,0,4413726
yadN_predicted,0.2,4,4,GTTCGTATAAACCCCACTCT,0,4408776
yadN_predicted,0.2,4,4,GTTCCACCCAAACCATCACA,0,4424676
yadN_predicted,0.2,4,4,GTTCAACTCTGACCCTGACA,0,4434209
yadN_predicted,0.2,4,4,GTTATCAGGCGGCACGTGCG,0,4423439
yadN_predicted,0.2,4,4,GTTACGAGTTTCTATATGTA,0,4424244
yadN_predicted,0.2,4,4,GTTACAGTCCTTAAAAGACC,0,4403419
yadN_predicted,0.2,4,4,GTTAATTCATAATGACCGTT,0,4420290
yadN_predicted,0.2,4,4,GTTAATAATTGGGGCAGAGG,0,4427467
yadN_predicted,0.2,4,4,GTGTTGTAAGGAGTTGTGCT,0,4410770
yadN_predicted,0.2,4,4,GTGTCTGCCTTCAACACCTG,0,4429577
yadN_predicted,0.2,4,4,GTGGGTATCTGTGTATCTGT,0,4435543
yadN_predicted,0.2,4,4,GTGGGGGTCAGGCTCGTGGC,0,4414134
yadN_predicted,0.2,4,4,GTGGGACAGTCTTCTCAACG,0,4403996
yadN_predicted,0.2,4,4,GTGGCTGTTCAGCTGTCTTT,0,4408366
yadN_predicted,0.2,4,4,GTGGCGCGGCGAAAAGTTCA,0,4407216
yadN_predicted,0.2,4,4,GTGGCATAGCATGAAGTAAC,0,4403654
yadN_predicted,0.2,4,4,GTGCGACTCTCGCATCGCCG,0,4404198
yadN_predicted,0.2,4,4,GTGCCATAGACGGTACTCCA,0,4432527
yadN_predicted,0.2,4,4,GTGAGGTTCCGCTAGTTTTT,0,4424896
yadN_predicted,0.2,4,4,GTGACGAAAACAAAGGTTAT,0,4430728
yadN_predicted,0.2,4,4,GTCTCCCAAGGTAACGAACG,0,4427470
yadN_predicted,0.2,4,4,GTCTATTGCATTCTACATCA,0,4405337
yadN_predicted,0.2,4,4,GTCGGCGAATGCATGGCTTT,0,4427947
yadN_predicted,0.2,4,4,GTCGGCAGCCCGAATCGGCA,0,4426362
yadN_predicted,0.2,4,4,GTCGCTACAATCGGCCAGCG,0,4403855
yadN_predicted,0.2,4,4,GTCGCGTAAGAAGCCTTAGC,0,4412018
yadN_predicted,0.2,4,4,GTCATCCAGTAAGTCAATGC,0,4411492
yadN_predicted,0.2,4,4,GTCACGTTCGCCACAGTACT,0,4435450
yadN_predicted,0.2,4,4,GTCACGGTTCCTGCCTGCAG,0,4434688
yadN_predicted,0.2,4,4,GTCAAAGCATCTCCTGGAAC,0,4413635
yadN_predicted,0.2,4,4,GTATTTCTTACTCCCCTGGG,0,4420071
yadN_predicted,0.2,4,4,GTATGTGCCGTGTGGCCGAA,0,4435899
yadN_predicted,0.2,4,4,GTATGGGTTCACGGGATCAA,0,4406449
yadN_predicted,0.2,4,4,GTATACTCAGTCGCGCCGGG,0,4420651
yadN_predicted,0.2,4,4,GTAGTATAAGTGATGTTATA,0,4426358
yadN_predicted,0.2,4,4,GTAGCACGGAAAATGGTTCT,0,4430289
yadN_predicted,0.2,4,4,GTACGGTGGTACTTGGGAAT,0,4431979
yadN_predicted,0.2,4,4,GTACGATCGGATTACGGTGT,0,4424174
yadN_predicted,0.2,4,4,GTACCTTGGCCTCAAGGAAC,0,4434537
yadN_predicted,0.2,4,4,GTACCTGTAAGTTTATCATA,0,4435662
yadN_predicted,0.2,4,4,GTACAGGAGAATTACAAGTT,0,4419768
yadN_predicted,0.2,4,4,GTAACGACACAAGCGAACAC,0,4409848
yadN_predicted,0.2,4,4,GTAACACAACAGTCAAATAA,0,4418613
yadN_predicted,0.2,4,4,GGTTTACATACTCTGGGGGT,0,4425008
yadN_predicted,0.2,4,4,GGTTGTCTTCCATGATTTCA,0,4416186
yadN_predicted,0.2,4,4,GGTTGGTCGATATGGTCCTG,0,4427588
yadN_predicted,0.2,4,4,GGTGCATGGTTAAGGTGATG,0,4420298
yadN_predicted,0.2,4,4,GGTGACCTCTTACCTCGCCT,0,4418939
yadN_predicted,0.2,4,4,GGTCCCGCTTTCCTTAGGTA,0,4403320
yadN_predicted,0.2,4,4,GGTATCGAATTTGGTGTGCT,0,4408261
yadN_predicted,0.2,4,4,GGTATAATGTGTAAACCCAC,0,4411694
yadN_predicted,0.2,4,4,GGTACGACTTTTCTGCGTTC,0,4406944
yadN_predicted,0.2,4,4,GGTACAGGGGTACTAAGACA,0,4406947
yadN_predicted,0.2,4,4,GGTAATAGCAATTCGGAAAT,0,4413636
yadN_predicted,0.2,4,4,GGGTCTGAACGACGCGTTGC,0,4403900
yadN_predicted,0.2,4,4,GGGTCTCACAAGGCCAAGTA,0,4418983
yadN_predicted,0.2,4,4,GGGGGATATCCACCAGAAAG,0,4414716
yadN_predicted,0.2,4,4,GGGCGGGCGGCCGAGCAGGC,0,4409993
yadN_predicted,0.2,4,4,GGGCGCCTGCTTTAGGGTTC,0,4423036
yadN_predicted,0.2,4,4,GGGCCTGAAACAAGACAAGA,0,4422271
yadN_predicted,0.2,4,4,GGGCATAAAGGGGTGTGTGT,0,4430205
yadN_predicted,0.2,4,4,GGGATGGCCGGTTCGGGCAA,0,4424725
yadN_predicted,0.2,4,4,GGGATAACGGGCGCTGACCG,0,4415506
yadN_predicted,0.2,4,4,GGGACGTTTAGGACACCTTT,0,4435554
yadN_predicted,0.2,4,4,GGGACATGGTGTCACACGGT,0,4418143
yadN_predicted,0.2,4,4,GGCGGGAAGGTTTTTATATT,0,4418482
yadN_predicted,0.2,4,4,GGCGCCTGGGTCTGGATCGG,0,4432038
yadN_predicted,0.2,4,4,GGCCCCGGACCTTCTCGGCG,0,4430419
yadN_predicted,0.2,4,4,GGCATGTCTCGGCACACAAT,0,4406299
yadN_predicted,0.2,4,4,GGCATGGCCTAATCCCATCT,0,4411429
yadN_predicted,0.2,4,4,GGCAGCAAAGGAGAATCGCT,0,4406841
yadN_predicted,0.2,4,4,GGCACGACGGCACGGGAAGT,0,4417641
yadN_predicted,0.2,4,4,GGCAAGGAGCTTATACGGAG,0,4431822
yadN_predicted,0.2,4,4,GGATCGTACTAGGTTTTGCT,0,4427090
yadN_predicted,0.2,4,4,GGATACGCTTGATAGTTGCT,0,4417207
yadN_predicted,0.2,4,4,GGAGTGATCGGGTATGGAAC,0,4427758
yadN_predicted,0.2,4,4,GGACCTTCCACGCACTCGGG,0,4404834
yadN_predicted,0.2,4,4,GGAATGGCTTTAGTTAGAGC,0,4417916
yadN_predicted,0.2,4,4,GGAATCAAGACGCAAATTCT,0,4428137
yadN_predicted,0.2,4,4,GGAAGTATGCGTTTAATCGA,0,4425269
yadN_predicted,0.2,4,4,GGAAGTAACTTGGTTTGGTA,0,4410476
yadN_predicted,0.2,4,4,GCTTTAAATGATCGTTACTA,0,4428040
yadN_predicted,0.2,4,4,GCTTGTCTGCTAAGTCATGA,0,4431212
yadN_predicted,0.2,4,4,GCTTGAGTTGCTCGACCCTC,0,4414553
yadN_predicted,0.2,4,4,GCTGTAGACTTAACCCGATG,0,4413752
yadN_predicted,0.2,4,4,GCTGGAATTGTTAGCTTAGT,0,4432563
yadN_predicted,0.2,4,4,GCTGCCTACTCAATCGCCAT,0,4430588
yadN_predicted,0.2,4,4,GCTGCCGCAATGGTACGACT,0,4433986
yadN_predicted,0.2,4,4,GCTCGTTCTAAGCCGCAGAA,0,4433982
yadN_predicted,0.2,4,4,GCTCGGAGAATAAGAGGGCA,0,4404557
yadN_predicted,0.2,4,4,GCTCCGCTTGAATGCTCGAC,0,4419358
yadN_predicted,0.2,4,4,GCTCAGACCTACACTTTGAG,0,4432315
yadN_predicted,0.2,4,4,GCTATTGATTCTGAATGTGA,0,4429145
yadN_predicted,0.2,4,4,GCTATCAACCCGGTATCTAT,0,4414357
yadN_predicted,0.2,4,4,GCGTTAGTGGATCCGCGCAA,0,4417671
yadN_predicted,0.2,4,4,GCGTCCCTGAGTGGGAAAGG,0,4426054
yadN_predicted,0.2,4,4,GCGTATGCAAGCCGCAGGGT,0,4430216
yadN_predicted,0.2,4,4,GCGGTGGGGTTAGAGGGTTA,0,4430443
yadN_predicted,0.2,4,4,GCGGGGCGCTATCTGAGTAT,0,4411819
yadN_predicted,0.2,4,4,GCGGCATCCTTCATAAAAGC,0,4405677
yadN_predicted,0.2,4,4,GCGGAAATTCCCTGGGGGGC,0,4418126
yadN_predicted,0.2,4,4,GCGCTCTACTCACTCATACT,0,4403035
yadN_predicted,0.2,4,4,GCGCGGGCAAGACGATGTAT,0,4421500
yadN_predicted,0.2,4,4,GCGCGGAATACAGTACATAA,0,4430719
yadN_predicted,0.2,4,4,GCGCATCAATGTTCCGAGTT,0,4402851
yadN_predicted,0.2,4,4,GCGCAACGTCTGGTACAGAG,0,4403409
yadN_predicted,0.2,4,4,GCGAGAGTGACTTATGCATC,0,4428277
yadN_predicted,0.2,4,4,GCCTTGTTCTTAAGATTGAG,0,4415291
yadN_predicted,0.2,4,4,GCCTGACCACTGACACTGTA,0,4421742
yadN_predicted,0.2,4,4,GCCTCGCCGGGCATCCCCAC,0,4419811
yadN_predicted,0.2,4,4,GCCTACGAGCTGAGATTCCG,0,4413092
yadN_predicted,0.2,4,4,GCCTACCGTTGTCGGTTGGT,0,4422476
yadN_predicted,0.2,4,4,GCCTACCAGGCGCGCAGTTA,0,4430394
yadN_predicted,0.2,4,4,GCCGTATATGGGATTATTCG,0,4411305
yadN_predicted,0.2,4,4,GCCCTCCTTAGACACGTTTG,0,4431778
yadN_predicted,0.2,4,4,GCCCCCACCGTAAATCGTAG,0,4406494
yadN_predicted,0.2,4,4,GCCCATAGGTTGACGGTCGG,0,4415347
yadN_predicted,0.2,4,4,GCCACCCTAGGCCCTATCAC,0,4409808
yadN_predicted,0.2,4,4,GCATGCGCAGGTTGAGAGAT,0,4406262
yadN_predicted,0.2,4,4,GCATCACATGCGGGGCATTC,0,4409690
yadN_predicted,0.2,4,4,GCATCAAGCTTTCCATTCAG,0,4403316
yadN_predicted,0.2,4,4,GCATATACGCATTCAAGCTA,0,4420200
yadN_predicted,0.2,4,4,GCAGTTTCTCGTAAAAGGTA,0,4414850
yadN_predicted,0.2,4,4,GCAGGACCTTTGCGTTTATC,0,4404749
yadN_predicted,0.2,4,4,GCAGCTTCACGTAAACGCTA,0,4416085
yadN_predicted,0.2,4,4,GCAGCTGTTAGCCGAGGGGT,0,4422549
yadN_predicted,0.2,4,4,GCAGCTCCAAAGCTCTATAC,0,4407737
yadN_predicted,0.2,4,4,GCACTGTCATAGGCACAGTC,0,4406202
yadN_predicted,0.2,4,4,GCAATTCGCCGACATTCTCA,0,4425213
yadN_predicted,0.2,4,4,GATTTAAATCGGTTACTGGG,0,4405914
yadN_predicted,0.2,4,4,GATTGTCCAGGCGCTCATGC,0,4419240
yadN_predicted,0.2,4,4,GATTATCTTCGTTCTTAAAC,0,4409562
yadN_predicted,0.2,4,4,GATTATCCGCTCGAGCGGCC,0,4419965
yadN_predicted,0.2,4,4,GATTAGTTTCTAGGGTAGGG,0,4431010
yadN_predicted,0.2,4,4,GATGTTACTCCTGGCTACAC,0,4433039
yadN_predicted,0.2,4,4,GATGCAGGCTGCGCAACGAT,0,4406472
yadN_predicted,0.2,4,4,GATCTCAGAAACAAGTTATG,0,4432031
yadN_predicted,0.2,4,4,GATCATATATTAAACCACAT,0,4413970
yadN_predicted,0.2,4,4,GATATGAGTATAAGACCGGT,0,4431409
yadN_predicted,0.2,4,4,GATAACGTCCTGCCCGACTA,0,4423525
yadN_predicted,0.2,4,4,GAGTTGGGTAAATTCACGAA,0,4402651
yadN_predicted,0.2,4,4,GAGTGCTTGAGTAGGTTAAG,0,4433634
yadN_predicted,0.2,4,4,GAGGTTTGCATCATAATCGA,0,4420203
yadN_predicted,0.2,4,4,GAGGGGCACCCCGCATTTAG,0,4405788
yadN_predicted,0.2,4,4,GAGCTACAAGACATTTACTA,0,4430257
yadN_predicted,0.2,4,4,GAGCCCACCGAAGACCGTAT,0,4423295
yadN_predicted,0.2,4,4,GAGCAGGTGGCTCGATGGGA,0,4422952
yadN_predicted,0.2,4,4,GAGATTTCTGAGTTGTTAGT,0,4430377
yadN_predicted,0.2,4,4,GAGAGCTTGAGCGGCTTGTA,0,4421633
yadN_predicted,0.2,4,4,GAGACTAAATATAGCATATA,0,4405775
yadN_predicted,0.2,4,4,GAGAATCGTTTGTACTAGGT,0,4414942
yadN_predicted,0.2,4,4,GACTGTTGCATCCGAAGAGG,0,4427716
yadN_predicted,0.2,4,4,GACTGTGCGCATGGTAACAC,0,4409898
yadN_predicted,0.2,4,4,GACTCATGCGCTCTGCCCTT,0,4426260
yadN_predicted,0.2,4,4,GACGTGCGAGTGAATGATTC,0,4430452
yadN_predicted,0.2,4,4,GACGGTCACGACTCGGGTAT,0,4435355
yadN_predicted,0.2,4,4,GACGGACTTGTCGGGATAAT,0,4429094
yadN_predicted,0.2,4,4,GACCTTGGTCCAGAGGCATC,0,4403766
yadN_predicted,0.2,4,4,GACCTATGGATAGCATGGGT,0,4407295
yadN_predicted,0.2,4,4,GACCCTACATAAGGAGAGGT,0,4432880
yadN_predicted,0.2,4,4,GACAGATTCAGGCCGGGGTA,0,4426491
yadN_predicted,0.2,4,4,GACACAGGCATACGGCCATT,0,4416412
yadN_predicted,0.2,4,4,GACAAAAGGGTAGGGCCCGT,0,4407381
yadN_predicted,0.2,4,4,GAATACGGATTACGGAGACG,0,4431475
yadN_predicted,0.2,4,4,GAAGTTACTACGATAGTTCT,0,4415297
yadN_predicted,0.2,4,4,GAAGGGGCTGCTACGAGCGG,0,4434304
yadN_predicted,0.2,4,4,GAAGGCGGGCTGAGACGCCC,0,4416572
yadN_predicted,0.2,4,4,GAAGCTCTCATAGGTTCTAG,0,4425508
yadN_predicted,0.2,4,4,GAAGCGACGAAAATGCACCA,0,4426335
yadN_predicted,0.2,4,4,GAAGCCAATTTAATCTTGGG,0,4412577
yadN_predicted,0.2,4,4,GAACGTCTAGCGCCTCTGTT,0,4431863
yadN_predicted,0.2,4,4,GAACGTAAATACGATTCGTG,0,4412005
yadN_predicted,0.2,4,4,GAACCGGCGGCACAACGCTG,0,4404087
yadN_predicted,0.2,4,4,GAACCCGCGTACCGATAACG,0,4419998
yadN_predicted,0.2,4,4,GAACAGAAAATTACCGATAG,0,4431384
yadN_predicted,0.2,4,4,GAAAGGTCAGGGGCCGTGAA,0,4426724
yadN_predicted,0.2,4,4,GAAAGAAAGAGCTCAGGCGG,0,4434476
yadN_predicted,0.2,4,4,GAAAAGCCGCAACGACAGCT,0,4412979
yadN_predicted,0.2,4,4,GAAAAAGCTTTCGCAGGAAG,0,4423480
yadN_predicted,0.2,4,4,CTTTTTAATGCACCGTTCTC,0,4423828
yadN_predicted,0.2,4,4,CTTTGGAAACGTCTTTCCAA,0,4419475
yadN_predicted,0.2,4,4,CTTTCTGTAGTCGGAGGGGT,0,4412074
yadN_predicted,0.2,4,4,CTTTAAAGGACAATGTTTGT,0,4410727
yadN_predicted,0.2,4,4,CTTGTACAGTGATTAATCAA,0,4434995
yadN_predicted,0.2,4,4,CTTGCTGGAAAATAAGCGGC,0,4410253
yadN_predicted,0.2,4,4,CTTGCGCAAGCTAGAGATGT,0,4433033
yadN_predicted,0.2,4,4,CTTGAACCCGGCGCTCCATA,0,4422232
yadN_predicted,0.2,4,4,CTTCTACCCGGTATTTTTAA,0,4406263
yadN_predicted,0.2,4,4,CTTCGTAGGACTGCCGTAGC,0,4408967
yadN_predicted,0.2,4,4,CTTCCGAATGCAGTCCCGGC,0,4431471
yadN_predicted,0.2,4,4,CTTCCAAGAATTTTTAGATA,0,4414164
yadN_predicted,0.2,4,4,CTTATGTGCCTCACTGGCGC,0,4416238
yadN_predicted,0.2,4,4,CTTATGCTCGCGATTGATAA,0,4434576
yadN_predicted,0.2,4,4,CTTAGGGAATTCGCTTTCCG,0,4434456
yadN_predicted,0.2,4,4,CTTACGTTCATATCCTAGTC,0,4417828
yadN_predicted,0.2,4,4,CTTAATACGCAAGACCAAGT,0,4422796
yadN_predicted,0.2,4,4,CTGTGGATAGGTCCCCGATA,0,4427684
yadN_predicted,0.2,4,4,CTGTGATCTCCTGGGTATCC,0,4413401
yadN_predicted,0.2,4,4,CTGTCAGGCCCGAGGTATGC,0,4410775
yadN_predicted,0.2,4,4,CTGCGTTAACATCAAACCTA,0,4416757
yadN_predicted,0.2,4,4,CTGCAACAAACCTTCGGTTC,0,4421011
yadN_predicted,0.2,4,4,CTGAGACTATTGGGTTTTGT,0,4419813
yadN_predicted,0.2,4,4,CTGACCTAATCCCACTGAAA,0,4427615
yadN_predicted,0.2,4,4,CTGAAGGTAATGGGGACCTC,0,4428231
yadN_predicted,0.2,4,4,CTCTTTAGCACTGGGCGAAT,0,4404909
yadN_predicted,0.2,4,4,CTCTAGTCGGGGCTTGAACC,0,4421850
yadN_predicted,0.2,4,4,CTCGTCGGTAAAAGCACATC,0,4432669
yadN_predicted,0.2,4,4,CTCGTCCTTTGTTTCGAACA,0,4423780
yadN_predicted,0.2,4,4,CTCCTGGAACTGGGTGGCAA,0,4414764
yadN_predicted,0.2,4,4,CTCCGAGATAAGGATCGGTC,0,4422312
yadN_predicted,0.2,4,4,CTCCAGGGGAAATTTCGAAG,0,4434168
yadN_predicted,0.2,4,4,CTCATTGGGAAATCAAGAAC,0,4419991
yadN_predicted,0.2,4,4,CTCATCTCGTCGCCCTGCAG,0,4403494
yadN_predicted,0.2,4,4,CTATCGACCACCGCCGGTTG,0,4402695
yadN_predicted,0.2,4,4,CTATACAAACGAGTTTCCGA,0,4424942
yadN_predicted,0.2,4,4,CTATAAGAGTTAGCTTCATG,0,4418127
yadN_predicted,0.2,4,4,CTAGTTTCCCCGGGCATTAA,0,4420065
yadN_predicted,0.2,4,4,CTACGCCCTCGAGAGACCGT,0,4415126
yadN_predicted,0.2,4,4,CTAAGGGCGACATTATGGGC,0,4414714
yadN_predicted,0.2,4,4,CTAAATGCATCGCAACGTCA,0,4429836
yadN_predicted,0.2,4,4,CTAAAAGTGCGCGTGTTTGC,0,4428624
yadN_predicted,0.2,4,4,CGTTGTGTTCACTCCAGTAA,0,4423440
yadN_predicted,0.2,4,4,CGTGCAAGGCCTAGGAAAGC,0,4418888
yadN_predicted,0.2,4,4,CGTGATCCTATACTGTGGCA,0,4416686
yadN_predicted,0.2,4,4,CGTCTTAATGTCTAGATCTA,0,4421532
yadN_predicted,0.2,4,4,CGTCTGTGTCTTCGTACACC,0,4433722
yadN_predicted,0.2,4,4,CGTCCCAGGCGCTGATTTAA,0,4434882
yadN_predicted,0.2,4,4,CGTCCAAATGAGTGCGTCGT,0,4432517
yadN_predicted,0.2,4,4,CGTATCCCGTTGTCCACACT,0,4417943
yadN_predicted,0.2,4,4,CGTAGCCTACCATCTACAGA,0,4416014
yadN_predicted,0.2,4,4,CGTACAATTTCGTTATTTAT,0,4435112
yadN_predicted,0.2,4,4,CGGTTTGCCGGCTTATACAA,0,4424268
yadN_predicted,0.2,4,4,CGGTGACAGATCAGGACGCA,0,4429237
yadN_predicted,0.2,4,4,CGGTCGGGACTGATAGGTAA,0,4407883
yadN_predicted,0.2,4,4,CGGTCCTCCCTAAAAATTGG,0,4407273
yadN_predicted,0.2,4,4,CGGTCCCTCCGGAGTCAAGT,0,4432069
yadN_predicted,0.2,4,4,CGGTAGCGCACAATCTTACT,0,4408850
yadN_predicted,0.2,4,4,CGGTACACGAGGCCGTTGGG,0,4432562
yadN_predicted,0.2,4,4,CGGTAACGCTCTGATGATCC,0,4424733
yadN_predicted,0.2,4,4,CGGGGACTGTACAGATATAA,0,4409083
yadN_predicted,0.2,4,4,CGGGCATGGCCGGGATGGGA,0,4406940
yadN_predicted,0.2,4,4,CGGGAGGCAATGAATGAGTG,0,4406335
yadN_predicted,0.2,4,4,CGGCTCCGAGCGGGGGACAT,0,4434643
yadN_predicted,0.2,4,4,CGGCCTGCATGCGGTATGGA,0,4426921
yadN_predicted,0.2,4,4,CGGCCGGTCTGAACCCGGTT,0,4417770
yadN_predicted,0.2,4,4,CGGCAAGCTTGCAAAAGATA,0,4421201
yadN_predicted,0.2,4,4,CGGCAAACGTCGGGACAGTT,0,4407300
yadN_predicted,0.2,4,4,CGGATTGCTGAATCATGCAT,0,4435032
yadN_predicted,0.2,4,4,CGGATCACACTACATTTTGT,0,4420167
yadN_predicted,0.2,4,4,CGGAGTCTAGCATTCTGACA,0,4404644
yadN_predicted,0.2,4,4,CGGAAGAATACCCCTAAGGG,0,4407106
yadN_predicted,0.2,4,4,CGCTTTTATCAGCAATATCC,0,4428318
yadN_predicted,0.2,4,4,CGCTTGGGTTACTACTTCCA,0,4434936
yadN_predicted,0.2,4,4,CGCTGGGTATTTGCCTTGGG,0,4427452
yadN_predicted,0.2,4,4,CGCTCGTCGTCCGTTCAGCT,0,4428010
yadN_predicted,0.2,4,4,CGCTATTTGCGTGAACTGAC,0,4422442
yadN_predicted,0.2,4,4,CGCGTCTAGCAATATATCAG,0,4415935
yadN_predicted,0.2,4,4,CGCGGGGACTAACATGGATC,0,4414465
yadN_predicted,0.2,4,4,CGCGCTGTCAATATCCGGGG,0,4421574
yadN_predicted,0.2,4,4,CGCCGTTTAAAAGGGTTTTG,0,4403833
yadN_predicted,0.2,4,4,CGCCACATAGCACTCCTTTT,0,4404460
yadN_predicted,0.2,4,4,CGCAGTGAATAGAGTCAAGC,0,4404213
yadN_predicted,0.2,4,4,CGCAGAGAGACCGTAGAGGG,0,4419518
yadN_predicted,0.2,4,4,CGCACAATTAGCGGTCCGGT,0,4424954
yadN_predicted,0.2,4,4,CGCAACTCGTTTTATACCAC,0,4430710
yadN_predicted,0.2,4,4,CGATTGTCCGATGGCCTGTA,0,4433531
yadN_predicted,0.2,4,4,CGATTCAAACGGTCTCCCAC,0,4418590
yadN_predicted,0.2,4,4,CGATCTCCGAGGAAAACCGA,0,4429141
yadN_predicted,0.2,4,4,CGATCATACGGCAACTTGAA,0,4414276
yadN_predicted,0.2,4,4,CGATAGTCCGGGACCAGCTT,0,4416143
yadN_predicted,0.2,4,4,CGATAGGGCTATGGTGCGGG,0,4406744
yadN_predicted,0.2,4,4,CGACGGGCCAACGCAATAAG,0,4427760
yadN_predicted,0.2,4,4,CGACCGTTTGCACTTCTCGA,0,4414455
yadN_predicted,0.2,4,4,CGACAAAATGACGTACAGGG,0,4429708
yadN_predicted,0.2,4,4,CGAACCGGTAATAGGCTAAT,0,4414027
yadN_predicted,0.2,4,4,CCTTGTATCGGCGCGGATTG,0,4414555
yadN_predicted,0.2,4,4,CCTGTCCAGCGGCCTGATCG,0,4421912
yadN_predicted,0.2,4,4,CCTGGCCGTGCTTCAACATG,0,4406722
yadN_predicted,0.2,4,4,CCTGAATCGGTAGATGGCTC,0,4429937
yadN_predicted,0.2,4,4,CCTCGGAATGTCTAGAAGCT,0,4433996
yadN_predicted,0.2,4,4,CCTCCCACGACATCACATTT,0,4407615
yadN_predicted,0.2,4,4,CCTAATGTAGCGAGACAAGA,0,4409431
yadN_predicted,0.2,4,4,CCGTGGACGGACATTTCACT,0,4417468
yadN_predicted,0.2,4,4,CCGTACTGCTGTGCCAACGT,0,4428480
yadN_predicted,0.2,4,4,CCGGTTCATGGTATTACGGA,0,4415724
yadN_predicted,0.2,4,4,CCGGGGGCCCTGGGCGGGGA,0,4421428
yadN_predicted,0.2,4,4,CCGCTGATCGGGGTAGGTCG,0,4415749
yadN_predicted,0.2,4,4,CCGCAAGACTCTGCGTTTTC,0,4414263
yadN_predicted,0.2,4,4,CCGCAAAGTAAAGCAGCTGT,0,4403876
yadN_predicted,0.2,4,4,CCGATTTAAACAGTGAATTC,0,4427082
yadN_predicted,0.2,4,4,CCGACGACGTGTAGAATTAC,0,4420538
yadN_predicted,0.2,4,4,CCCTTGGAATTCGCGTAGGG,0,4433459
yadN_predicted,0.2,4,4,CCCTTCCACAGACACCGACA,0,4420014
yadN_predicted,0.2,4,4,CCCTTAAACCGCAAAAATTA,0,4406746
yadN_predicted,0.2,4,4,CCCTGCCTCCTTACCGTGTT,0,4424433
yadN_predicted,0.2,4,4,CCCTCCACGCCTGACCATGG,0,4432493
yadN_predicted,0.2,4,4,CCCTCAGAGCAGCAGCCTGT,0,4416263
yadN_predicted,0.2,4,4,CCCTATCTTGGTTCGTAGAA,0,4424125
yadN_predicted,0.2,4,4,CCCTAGCATGTGTGTAATCG,0,4427787
yadN_predicted,0.2,4,4,CCCGTTTCAGCTCCAAAAGA,0,4413711
yadN_predicted,0.2,4,4,CCCGCTGTCTGTGAACGGGT,0,4419361
yadN_predicted,0.2,4,4,CCCGATAGCCAGGTTAGCGA,0,4430925
yadN_predicted,0.2,4,4,CCCCTACGGGCAGTATAAAC,0,4433127
yadN_predicted,0.2,4,4,CCCCGTCCAACTTGGGGAAC,0,4411755
yadN_predicted,0.2,4,4,CCCCGCGGTGGAAGCGTCTT,0,4413313
yadN_predicted,0.2,4,4,CCCCGCAATAGTACTTGTGC,0,4410503
yadN_predicted,0.2,4,4,CCCCCTCAAAACGAAGATGT,0,4422446
yadN_predicted,0.2,4,4,CCCCCGGATCACTAAACCAT,0,4424119
yadN_predicted,0.2,4,4,CCCATTAGTTTAGATACGGT,0,4425274
yadN_predicted,0.2,4,4,CCCATGTGAATGTGCATTCA,0,4420902
yadN_predicted,0.2,4,4,CCCATAACGACAATAGCTGA,0,4428748
yadN_predicted,0.2,4,4,CCCACGATCGACTGTGGGCG,0,4429951
yadN_predicted,0.2,4,4,CCCACCGCATCCGCATTGAA,0,4403262
yadN_predicted,0.2,4,4,CCCACACGGGGCAGATCCTG,0,4413022
yadN_predicted,0.2,4,4,CCCAATCTTGGAGGTTGGCA,0,4427317
yadN_predicted,0.2,4,4,CCATTATTGCATTATCGAAC,0,4404803
yadN_predicted,0.2,4,4,CCATACCTAGATTGACGGTG,0,4405545
yadN_predicted,0.2,4,4,CCAGGTAAAGGGTTGAGGGG,0,4432471
yadN_predicted,0.2,4,4,CCAGGCACGTCTAACTCCCT,0,4402848
yadN_predicted,0.2,4,4,CCAGCCTACAGGCGGAGAAG,0,4412729
yadN_predicted,0.2,4,4,CCAGAAATAATTACGAAGAT,0,4410175
yadN_predicted,0.2,4,4,CCAGAAAAGCTTATAGATAA,0,4403560
yadN_predicted,0.2,4,4,CCACTGTCTGCAGGAAACAA,0,4429397
yadN_predicted,0.2,4,4,CCACGTTAGGGCGGGCCTCG,0,4407827
yadN_predicted,0.2,4,4,CCACGGGCCGCTGCCGCAGC,0,4403217
yadN_predicted,0.2,4,4,CCACCGTTAGTTAGCGCTTA,0,4426914
yadN_predicted,0.2,4,4,CCACCGATCGCTGGTCGAAG,0,4408434
yadN_predicted,0.2,4,4,CCACAAGAGCATATAGGGTG,0,4428250
yadN_predicted,0.2,4,4,CCAAGCGTCTGCGTAGAATG,0,4429195
yadN_predicted,0.2,4,4,CCAAGATTGTCATGTGGAGG,0,4421366
yadN_predicted,0.2,4,4,CCAAATCCTGTAGGGTGACT,0,4408258
yadN_predicted,0.2,4,4,CATTCTTGATCATCGCCCAA,0,4403065
yadN_predicted,0.2,4,4,CATTAGGTCATATAACGAGA,0,4428949
yadN_predicted,0.2,4,4,CATTAGCTACTAGAAAGTCG,0,4432969
yadN_predicted,0.2,4,4,CATGTTCTAGTAAAGCGTAA,0,4427216
yadN_predicted,0.2,4,4,CATCTATGTTCGGTGCAAAG,0,4432914
yadN_predicted,0.2,4,4,CATCGACACCAACACATGGA,0,4403218
yadN_predicted,0.2,4,4,CATCACGTACCACAGAAAGA,0,4420208
yadN_predicted,0.2,4,4,CATACGTGGGATGTAACCCC,0,4409146
yadN_predicted,0.2,4,4,CAGGGACACTACACGGAATC,0,4419601
yadN_predicted,0.2,4,4,CAGGATACTACCTACGTTAC,0,4425060
yadN_predicted,0.2,4,4,CAGGACGTAACCCGGCATTA,0,4433117
yadN_predicted,0.2,4,4,CAGCATCCTAGATAAACGAA,0,4418879
yadN_predicted,0.2,4,4,CAGCAGTTCAGAGTGCGCCG,0,4425288
yadN_predicted,0.2,4,4,CAGACAGCAGTCAAACGCTT,0,4407999
yadN_predicted,0.2,4,4,CAGAAAATCATAATTTCGGC,0,4403948
yadN_predicted,0.2,4,4,CACTTCTAAATTCACAATCT,0,4423128
yadN_predicted,0.2,4,4,CACTGACTAAGGGGCTAGGC,0,4420061
yadN_predicted,0.2,4,4,CACTAATTAGGCCCCACACT,0,4430502
yadN_predicted,0.2,4,4,CACGTGGGCCATTCGGGCCT,0,4421705
yadN_predicted,0.2,4,4,CACGGTAAAAAAAAACGTAG,0,4415033
yadN_predicted,0.2,4,4,CACGCTTGAAGAGATTAACC,0,4418673
yadN_predicted,0.2,4,4,CACGCTGCGCTGTTCAAGTC,0,4429048
yadN_predicted,0.2,4,4,CACGACCCACTTGTCGTAAC,0,4433946
yadN_predicted,0.2,4,4,CACGACATGACTGCTAACCC,0,4425325
yadN_predicted,0.2,4,4,CACCTGACTGACGCTTGGAC,0,4435625
yadN_predicted,0.2,4,4,CACCAGCTCTTCCGTCGAGT,0,4417029
yadN_predicted,0.2,4,4,CACAGGTTGGTTCTCCTCCA,0,4418080
yadN_predicted,0.2,4,4,CACACCGGCACCACGTTTTC,0,4410648
yadN_predicted,0.2,4,4,CACAATTACACATTGCATCT,0,4407678
yadN_predicted,0.2,4,4,CAATGGCATCCCTGGTGTCA,0,4423321
yadN_predicted,0.2,4,4,CAATGAATCCGGCTCGTCTA,0,4417913
yadN_predicted,0.2,4,4,CAAGTATTTAGTTATCTAGT,0,4416117
yadN_predicted,0.2,4,4,CAAGCTCATGTTGCATGTCT,0,4413555
yadN_predicted,0.2,4,4,CAACACTCAGCAGCTCAGAT,0,4434891
yadN_predicted,0.2,4,4,CAAATTTGACGGAGAGTGCG,0,4421156
yadN_predicted,0.2,4,4,CAAAGCTGGCGTACGGTGGT,0,4424397
yadN_predicted,0.2,4,4,CAAAGAACTACCTTAACATT,0,4418155
yadN_predicted,0.2,4,4,CAAAACTGGACGCGACTACC,0,4429564
yadN_predicted,0.2,4,4,ATTTGGTTTCAGTTAGCAAT,0,4403835
yadN_predicted,0.2,4,4,ATTTGGGGTATCAAAGGTAT,0,4419143
yadN_predicted,0.2,4,4,ATTTATCTACAGACGCGGCT,0,4433820
yadN_predicted,0.2,4,4,ATTTAAGATCACTACCGAAG,0,4414869
yadN_predicted,0.2,4,4,ATTGACCATTACCTAAGATG,0,4409840
yadN_predicted,0.2,4,4,ATTCTGAGGTGCCTCGGCAT,0,4433009
yadN_predicted,0.2,4,4,ATTCCTGCTACGGCTCATAT,0,4422493
yadN_predicted,0.2,4,4,ATTCACTCATGAGCGCAGCG,0,4435342
yadN_predicted,0.2,4,4,ATTAGGGCTGGCCCTTCTAT,0,4415860
yadN_predicted,0.2,4,4,ATTAGGCTTCTGTGTTTCAT,0,4434419
yadN_predicted,0.2,4,4,ATTACGAGTGTAATATATAA,0,4429305
yadN_predicted,0.2,4,4,ATTAAGCAACGGCCCTTGGA,0,4403054
yadN_predicted,0.2,4,4,ATGTTCTCGCAATCACAGGC,0,4402787
yadN_predicted,0.2,4,4,ATGTGTTTAGAACAGGCTCC,0,4407452
yadN_predicted,0.2,4,4,ATGGCTCTTCCTGAGCTACT,0,4421200
yadN_predicted,0.2,4,4,ATGGCCATGCTCGGATGGCG,0,4419704
yadN_predicted,0.2,4,4,ATGGATAATGTATGTGATTA,0,4407993
yadN_predicted,0.2,4,4,ATGACGTACTCAGTCTAAGT,0,4405127
yadN_predicted,0.2,4,4,ATGACACTGCGGCGAGGGCG,0,4422210
yadN_predicted,0.2,4,4,ATGACAAGCGGATCTTGTGT,0,4420104
yadN_predicted,0.2,4,4,ATCTCCTTGCCAGGCTGTCC,0,4416501
yadN_predicted,0.2,4,4,ATCGGTGTAAACCTTGTCGC,0,4416419
yadN_predicted,0.2,4,4,ATCGCTCTGGAGCGCATACC,0,4407439
yadN_predicted,0.2,4,4,ATCGCCTTTGCTTCTCTAGT,0,4417864
yadN_predicted,0.2,4,4,ATCCTCCGGCGACGAGTCTT,0,4426876
yadN_predicted,0.2,4,4,ATATGGCATGCTAACTCCTT,0,4432106
yadN_predicted,0.2,4,4,ATATGATCACTGCCGCTAAA,0,4416855
yadN_predicted,0.2,4,4,ATAGTGATATCACGGACTGT,0,4414696
yadN_predicted,0.2,4,4,ATAGTCTATTTGAGAGTAGT,0,4403554
yadN_predicted,0.2,4,4,ATAGGAAAGAGTGCGATGGT,0,4414999
yadN_predicted,0.2,4,4,ATAGCCATTGTGAGCAAGTC,0,4426741
yadN_predicted,0.2,4,4,ATAGCCAAAAATTACCAGGT,0,4430810
yadN_predicted,0.2,4,4,ATACCTAATCGTAGGAGTCA,0,4402631
yadN_predicted,0.2,4,4,ATACACTACTTTTGGCATTC,0,4406730
yadN_predicted,0.2,4,4,ATAATTACGCCGTAGTCAGG,0,4411683
yadN_predicted,0.2,4,4,ATAATTACCGAATGGTTATG,0,4422710
yadN_predicted,0.2,4,4,AGTTTACCAGTAAAATAGTT,0,4434516
yadN_predicted,0.2,4,4,AGTTGGGCGAACCAACTCTT,0,4416581
yadN_predicted,0.2,4,4,AGTTCCGCTCTCGTTCGGCC,0,4428175
yadN_predicted,0.2,4,4,AGTTAGTGACTGAAACACTG,0,4430347
yadN_predicted,0.2,4,4,AGTCTCATATCATTGGGTCT,0,4424191
yadN_predicted,0.2,4,4,AGTACATCAGTTACTTGTCA,0,4405308
yadN_predicted,0.2,4,4,AGTACAAACGATCACGTCAG,0,4427265
yadN_predicted,0.2,4,4,AGGTTCCTGTCGTTGGAAGA,0,4422092
yadN_predicted,0.2,4,4,AGGTTAATCATCACGTCAGA,0,4427569
yadN_predicted,0.2,4,4,AGGTCACAGCACAGACTTCC,0,4421182
yadN_predicted,0.2,4,4,AGGTATTCGACATCGTGCAA,0,4409585
yadN_predicted,0.2,4,4,AGGTAAACCCCGGTAACTCT,0,4414904
yadN_predicted,0.2,4,4,AGGGGTTTTTGGTTTAAGCC,0,4415929
yadN_predicted,0.2,4,4,AGGGGATGTACGGAGAATTC,0,4409448
yadN_predicted,0.2,4,4,AGGGCCTAAGGTGTCTTGGA,0,4405050
yadN_predicted,0.2,4,4,AGGGCCGCTTTAGTCAATGG,0,4412941
yadN_predicted,0.2,4,4,AGGGAAGGGCAGAGCGGGTG,0,4432776
yadN_predicted,0.2,4,4,AGGCCTCTCTTATATATCTA,0,4403049
yadN_predicted,0.2,4,4,AGGCCAAGATATCGGGTTTC,0,4433754
yadN_predicted,0.2,4,4,AGGCAATAAGGGGACCCGAA,0,4406080
yadN_predicted,0.2,4,4,AGGATTGTCGCCTGTCAATG,0,4415914
yadN_predicted,0.2,4,4,AGGATCATGAACATGAAGGA,0,4424099
yadN_predicted,0.2,4,4,AGGACCGGTTCCATCGAACA,0,4429279
yadN_predicted,0.2,4,4,AGCTTTTAACTGAAGCGCGC,0,4408808
yadN_predicted,0.2,4,4,AGCTTGAGCTACCTAACGGT,0,4410564
yadN_predicted,0.2,4,4,AGCTTACCCACCCAAACCTG,0,4406344
yadN_predicted,0.2,4,4,AGCCTGGCCCAATATTAGGA,0,4408706
yadN_predicted,0.2,4,4,AGCCGTCAATCGTTCCCCTA,0,4429583
yadN_predicted,0.2,4,4,AGCCGCCTCGTTAGGGGTAC,0,4403954
yadN_predicted,0.2,4,4,AGCCCGGTGGCAGCGAGGTT,0,4423261
yadN_predicted,0.2,4,4,AGCCCCGACGGGTTCCAGAC,0,4423156
yadN_predicted,0.2,4,4,AGCAGTATGATTCGATTTGA,0,4425557
yadN_predicted,0.2,4,4,AGATTCCGGGTTGCAGTTTT,0,4420354
yadN_predicted,0.2,4,4,AGATCGCCACCAATAAGTAG,0,4403589
yadN_predicted,0.2,4,4,AGAGTGAACTAGCCGTCTTA,0,4421256
yadN_predicted,0.2,4,4,AGAGTATACGGCTGAGGGTA,0,4422814
yadN_predicted,0.2,4,4,AGAGGCAGGCTATTTGCAGG,0,4433068
yadN_predicted,0.2,4,4,AGAGAGACGCGTTACCCGTC,0,4427540
yadN_predicted,0.2,4,4,AGAGACGGGTGAGGGCAGAC,0,4430245
yadN_predicted,0.2,4,4,AGAGAAACTGGGGCGCACAA,0,4421582
yadN_predicted,0.2,4,4,AGACCGCAAATGAAATCAAT,0,4423850
yadN_predicted,0.2,4,4,AGACAGTATCTCGGTGGTCA,0,4409761
yadN_predicted,0.2,4,4,AGAATAGGTTGCTAGAGGCA,0,4410016
yadN_predicted,0.2,4,4,AGAAGGTCTTGTGAAAAAAC,0,4407277
yadN_predicted,0.2,4,4,AGAACGCAGGTAGGTGCAAC,0,4426245
yadN_predicted,0.2,4,4,ACTTTACAGATAGAAATATG,0,4414836
yadN_predicted,0.2,4,4,ACTTCATAGTGGCGAGATAG,0,4430711
yadN_predicted,0.2,4,4,ACTTACGTGTAAGTATCGCT,0,4423192
yadN_predicted,0.2,4,4,ACTGTGCTGGCAGGGGGAAC,0,4410481
yadN_predicted,0.2,4,4,ACTGGCAAGCTTGCATCTGC,0,4432463
yadN_predicted,0.2,4,4,ACTGCCGAGTGCGCGCACGG,0,4426203
yadN_predicted,0.2,4,4,ACTGAATAATAAGTGTAATT,0,4409404
yadN_predicted,0.2,4,4,ACTGAAAGGCGGCAGTCGGG,0,4407009
yadN_predicted,0.2,4,4,ACTCTCTATCCTTCTCTTTA,0,4403854
yadN_predicted,0.2,4,4,ACTCGGTCAGGGTCCTGGCA,0,4418762
yadN_predicted,0.2,4,4,ACTCGGCTTAACTAGCGGAA,0,4421621
yadN_predicted,0.2,4,4,ACTATATATTGTAACACATT,0,4418618
yadN_predicted,0.2,4,4,ACGTATCGATATCGGAACCA,0,4429296
yadN_predicted,0.2,4,4,ACGGGGTATATCGTAAGCTT,0,4424790
yadN_predicted,0.2,4,4,ACGGGCTATCGGCAGTTAGA,0,4429198
yadN_predicted,0.2,4,4,ACGGCGGATCCGCACGACTC,0,4415290
yadN_predicted,0.2,4,4,ACGGCAATAGTAAAAGTCAT,0,4421333
yadN_predicted,0.2,4,4,ACGCGATTATCTGGTTTCGA,0,4412309
yadN_predicted,0.2,4,4,ACGCCACGTTGCAGGCCCAA,0,4414051
yadN_predicted,0.2,4,4,ACGCACGAATAGTCGAGCAA,0,4406369
yadN_predicted,0.2,4,4,ACCTGTGTATTCTTGAATCC,0,4416950
yadN_predicted,0.2,4,4,ACCTAATCGGTCTTGACCGT,0,4404022
yadN_predicted,0.2,4,4,ACCGGACTATTATACTCGGG,0,4418820
yadN_predicted,0.2,4,4,ACCCGGGTTTGTCTGGATTG,0,4420355
yadN_predicted,0.2,4,4,ACCAGATTCAATCAGTAAAC,0,4410850
yadN_predicted,0.2,4,4,ACATTGTGTCCCCGTAGTGA,0,4414265
yadN_predicted,0.2,4,4,ACATTACTATGGCACTTACA,0,4417628
yadN_predicted,0.2,4,4,ACATGTATTTCTGGTGCTTT,0,4434515
yadN_predicted,0.2,4,4,ACATGGGGGAACTAGCGATT,0,4409722
yadN_predicted,0.2,4,4,ACAGTGGCAGGCACTTTAAT,0,4403611
yadN_predicted,0.2,4,4,ACAGGGATAGAAATCTCAGA,0,4411857
yadN_predicted,0.2,4,4,ACAGCGATGTACGTTGGCGG,0,4407750
yadN_predicted,0.2,4,4,ACAGAATCCTCGAATCTGAT,0,4404548
yadN_predicted,0.2,4,4,ACACTAGGGCTTTCTTGGTG,0,4434006
yadN_predicted,0.2,4,4,ACACGGCAAGGGGGACTAGG,0,4427945
yadN_predicted,0.2,4,4,ACACCGCCTCGGAATTCACT,0,4421995
yadN_predicted,0.2,4,4,ACACAAGAGTAAGGAGACCT,0,4419478
yadN_predicted,0.2,4,4,ACAAGAGCGACCCCTGAATG,0,4435269
yadN_predicted,0.2,4,4,ACAAATTATGGGGAAACCGA,0,4431483
yadN_predicted,0.2,4,4,AATTTGAGTGCAACATTACA,0,4407448
yadN_predicted,0.2,4,4,AATTGAACATGCACAAATCA,0,4426736
yadN_predicted,0.2,4,4,AATTCAGTAAAGTTCATCTT,0,4403533
yadN_predicted,0.2,4,4,AATTAGCGGGCTAGTCCTTT,0,4413379
yadN_predicted,0.2,4,4,AATTAGATTATACTCCCTAG,0,4415934
yadN_predicted,0.2,4,4,AATGTTACATATACTATTAA,0,4425074
yadN_predicted,0.2,4,4,AATGGCAACCCATCAAAACG,0,4423389
yadN_predicted,0.2,4,4,AATGGATGGCACTCAAGATA,0,4412156
yadN_predicted,0.2,4,4,AATGCGATCAGACGACTCCT,0,4412968
yadN_predicted,0.2,4,4,AATAGGTGGCAGGGTTACCT,0,4414657
yadN_predicted,0.2,4,4,AAGTTTCGGTGTTGTCATTT,0,4421262
yadN_predicted,0.2,4,4,AAGTTCTTAGTGGACGTTTA,0,4432058
yadN_predicted,0.2,4,4,AAGTCCTAGAAATCCTACAG,0,4403687
yadN_predicted,0.2,4,4,AAGTCCGGAGCCCTGTCCCA,0,4416782
yadN_predicted,0.2,4,4,AAGTAGGTTCATTTTGGATA,0,4425100
yadN_predicted,0.2,4,4,AAGGTTGCGACACAGGCTGG,0,4414495
yadN_predicted,0.2,4,4,AAGGTGGAGCTTTAAACGAG,0,4404499
yadN_predicted,0.2,4,4,AAGGTCCAAAACGGGGAGTG,0,4423245
yadN_predicted,0.2,4,4,AAGGTCAAGCGCATGTAAAA,0,4405759
yadN_predicted,0.2,4,4,AAGGTATATAGTCACACCGA,0,4414490
yadN_predicted,0.2,4,4,AAGGGAATGTGTATTCAAGT,0,4418692
yadN_predicted,0.2,4,4,AAGGGAACGGACGGGTAAGG,0,4414781
yadN_predicted,0.2,4,4,AAGCGCCCCTTAAGTGACCA,0,4406046
yadN_predicted,0.2,4,4,AAGCATAGTCGTTAAATTGT,0,4409455
yadN_predicted,0.2,4,4,AAGAGTCATTGAACCAGAGC,0,4419898
yadN_predicted,0.2,4,4,AAGACGACTACGACTATCCA,0,4429671
yadN_predicted,0.2,4,4,AACTGGACCATCCGGGCAAG,0,4405142
yadN_predicted,0.2,4,4,AACTAGGGAATGCGTGCCCT,0,4411688
yadN_predicted,0.2,4,4,AACTAGAGGATCACTCGCGC,0,4415976
yadN_predicted,0.2,4,4,AACGTGGTATGGAAACTGGT,0,4407462
yadN_predicted,0.2,4,4,AACGTGGTACTAGGCATGTT,0,4410472
yadN_predicted,0.2,4,4,AACGGGACCAGTCCCGGTAT,0,4428358
yadN_predicted,0.2,4,4,AACGACGTCGGGCTGATCCA,0,4432400
yadN_predicted,0.2,4,4,AACCTAAACCGTTTTTTGCA,0,4425136
yadN_predicted,0.2,4,4,AACCGTGGGTCTCCATTCAG,0,4407076
yadN_predicted,0.2,4,4,AACCAGAGCAGGACTCAGCT,0,4417361
yadN_predicted,0.2,4,4,AACATGATTCAAATGACAGC,0,4412817
yadN_predicted,0.2,4,4,AACAGACTCCAGTGCACTAC,0,4405996
yadN_predicted,0.2,4,4,AACACATGTACATTGGGTGA,0,4419663
yadN_predicted,0.2,4,4,AAATGCTGCGCAGTCATCCT,0,4423403
yadN_predicted,0.2,4,4,AAATGCTAGAGGTGGCCGCG,0,4405005
yadN_predicted,0.2,4,4,AAATGATTAACTTACGCTCC,0,4407580
yadN_predicted,0.2,4,4,AAATGAGTAACACGCATCGT,0,4426908
yadN_predicted,0.2,4,4,AAATATCCCCAGGCCACTGT,0,4415164
yadN_predicted,0.2,4,4,AAAGTGACGTCACTATGGTG,0,4420851
yadN_predicted,0.2,4,4,AAAGTGACACATAGGTAAAA,0,4420005
yadN_predicted,0.2,4,4,AAAGGGTCATGTGTCTGCGG,0,4425436
yadN_predicted,0.2,4,4,AAAGGAGAACGTAGCCTTTA,0,4404718
yadN_predicted,0.2,4,4,AAACTTCGTTGTTTCACTAT,0,4407579
yadN_predicted,0.2,4,4,AAACGACCGTAACTCTGCAT,0,4432394
yadN_predicted,0.2,4,4,AAAAGGGTCCAAGCGGCACA,0,4434578
yadN_predicted,0.2,4,4,AAAAGCTTTGCTCTATTAGG,0,4413934
yadN_predicted,0.2,4,4,AAAAAGCATTCCGAGACATT,0,4413380
yadN_predicted,0.25,3,3,TTTTTTCGGATGGTATGTTG,0,4420059
yadN_predicted,0.25,3,3,TTTTTGGAAGGGGTTGGCGA,0,4413484
yadN_predicted,0.25,3,3,TTTTGCGAGGGGCATTTGAG,0,4415787
yadN_predicted,0.25,3,3,TTTTGCCCATCGGGTCTTCA,0,4414451
yadN_predicted,0.25,3,3,TTTTCTGCAAGCCGGTTGTG,0,4417081
yadN_predicted,0.25,3,3,TTTTCAATTGTTTTGTCGCT,0,4417094
yadN_predicted,0.25,3,3,TTTTAGCATTAGTTTAATTG,0,4434287
yadN_predicted,0.25,3,3,TTTTAATACCGGGGGCCGTT,0,4434373
yadN_predicted,0.25,3,3,TTTGTAGGACAAAACAAAGG,0,4435845
yadN_predicted,0.25,3,3,TTTGGGAAGTATCTTATATC,0,4430747
yadN_predicted,0.25,3,3,TTTGCTGGAATTGTGGATAG,0,4421239
yadN_predicted,0.25,3,3,TTTGACACAATACTGTCCTG,0,4415488
yadN_predicted,0.25,3,3,TTTCGGTGAACAGCGACGAT,0,4416687
yadN_predicted,0.25,3,3,TTTCGGGCATTTCCCCTGAC,0,4405875
yadN_predicted,0.25,3,3,TTTCCGCCGAGCGCCCAACC,0,4415561
yadN_predicted,0.25,3,3,TTTCAATTCCTTCGGAGGCT,0,4406766
yadN_predicted,0.25,3,3,TTTATTCCACTGGGAGCTTC,0,4425560
yadN_predicted,0.25,3,3,TTTAGTTGCATCTTTACTCG,0,4431467
yadN_predicted,0.25,3,3,TTTAGAGATCTGCCTCGGGG,0,4422336
yadN_predicted,0.25,3,3,TTTAGAGAGTGAGGTGTGGT,0,4411578
yadN_predicted,0.25,3,3,TTTAATGCCCTCTCAGGCAT,0,4410836
yadN_predicted,0.25,3,3,TTTAATACCCACCGGGCCTC,0,4412349
yadN_predicted,0.25,3,3,TTGTTGCGACCTCGTTTACC,0,4406323
yadN_predicted,0.25,3,3,TTGTTCCGGTGTCTTTGGCT,0,4406177
yadN_predicted,0.25,3,3,TTGTACGCATCGGTGAGCAT,0,4427205
yadN_predicted,0.25,3,3,TTGGTAGAAACGGCCGCTAG,0,4435638
yadN_predicted,0.25,3,3,TTGGGGACTTGTGGTCTGGT,0,4410289
yadN_predicted,0.25,3,3,TTGGCTAAGATTCGCCCAGG,0,4405812
yadN_predicted,0.25,3,3,TTGGATTCGCGCGGGCAGCA,0,4412764
yadN_predicted,0.25,3,3,TTGGAGGAATATGGTATAGC,0,4415479
yadN_predicted,0.25,3,3,TTGGAACCATCAGCACGGGG,0,4418169
yadN_predicted,0.25,3,3,TTGCTTGACGGTTTACAAAC,0,4423315
yadN_predicted,0.25,3,3,TTGCTGTTACCAGCGCAAGA,0,4428986
yadN_predicted,0.25,3,3,TTGCGTAGCCGGTGGGCACG,0,4425168
yadN_predicted,0.25,3,3,TTGCGCGCCGTTGGTCGGTT,0,4423614
yadN_predicted,0.25,3,3,TTGCCGACGTCAGAGTGCTA,0,4411964
yadN_predicted,0.25,3,3,TTGCCCTTCAAAGGCGACCA,0,4427656
yadN_predicted,0.25,3,3,TTGCACGCTCTGGACTGGTC,0,4430651
yadN_predicted,0.25,3,3,TTGCAACCGTGAGCTCTCGC,0,4415995
yadN_predicted,0.25,3,3,TTGCAAAAAGCGCCGAAAAT,0,4435372
yadN_predicted,0.25,3,3,TTGAACGAGACAGTTTAAGA,0,4418747
yadN_predicted,0.25,3,3,TTCTTTGGCCCGATATACAT,0,4416815
yadN_predicted,0.25,3,3,TTCTTCCATATTGTGGAGTA,0,4424914
yadN_predicted,0.25,3,3,TTCTGGCGGAACGTAACGAT,0,4429859
yadN_predicted,0.25,3,3,TTCTCGCAAGCGGAAGACTC,0,4409578
yadN_predicted,0.25,3,3,TTCTAGGCGTGATGGAGTTT,0,4415771
yadN_predicted,0.25,3,3,TTCTAAAAAGCCCGCGACGA,0,4422826
yadN_predicted,0.25,3,3,TTCGTCGAATTAAACACGGG,0,4422896
yadN_predicted,0.25,3,3,TTCGGATGGATCTTGATTGC,0,4403361
yadN_predicted,0.25,3,3,TTCGGAGCTGCTCCGTTCTC,0,4426585
yadN_predicted,0.25,3,3,TTCGGAAGTTATCAGATATT,0,4408759
yadN_predicted,0.25,3,3,TTCGCCCACCAGTATTGTGA,0,4428696
yadN_predicted,0.25,3,3,TTCGCCACTATATGGTGACT,0,4413668
yadN_predicted,0.25,3,3,TTCGCATAACTGAGAACTTA,0,4414073
yadN_predicted,0.25,3,3,TTCCCGGCAAACGAGAGGTA,0,4422891
yadN_predicted,0.25,3,3,TTCCCGAACGTCCGGCTGCC,0,4408205
yadN_predicted,0.25,3,3,TTCCAACGCACCCGGAGGGG,0,4412620
yadN_predicted,0.25,3,3,TTCAATTAATACCGCCCGTG,0,4404187
yadN_predicted,0.25,3,3,TTATTATGTCACTCTGCGCA,0,4427737
yadN_predicted,0.25,3,3,TTATCGGTAGATGCTAGACC,0,4410449
yadN_predicted,0.25,3,3,TTAGTGTCGCGAAAAGCTTG,0,4408749
yadN_predicted,0.25,3,3,TTAGTCTGGGGAACCAGAGC,0,4416524
yadN_predicted,0.25,3,3,TTAGGCGGTTCAGCATTTGG,0,4416865
yadN_predicted,0.25,3,3,TTAGCGGCGGGTTGTTAGCA,0,4411170
yadN_predicted,0.25,3,3,TTAGAGAGTCGAGTTCTGCT,0,4428833
yadN_predicted,0.25,3,3,TTAGAATAACTGCGCGGGGG,0,4419182
yadN_predicted,0.25,3,3,TTAGAACCGGTGCAGGTCTT,0,4405372
yadN_predicted,0.25,3,3,TTACTCTCTTTTGGGCAAAC,0,4423588
yadN_predicted,0.25,3,3,TTACTCGCCTCATAAACCCT,0,4421184
yadN_predicted,0.25,3,3,TTACACTTGTGGCTACCGAG,0,4432507
yadN_predicted,0.25,3,3,TTAATCATAGCACTATGACC,0,4412858
yadN_predicted,0.25,3,3,TTAAAGGAAGACAGTCCTTG,0,4433048
yadN_predicted,0.25,3,3,TTAAACATCACGCAAGTACA,0,4410143
yadN_predicted,0.25,3,3,TGTTACCGCGTTGAGTAGCC,0,4405818
yadN_predicted,0.25,3,3,TGTTAAACAGGGTAATTTCT,0,4433212
yadN_predicted,0.25,3,3,TGTGTTCATTGGGCTGGGTC,0,4402600
yadN_predicted,0.25,3,3,TGTGTGAGCGGTTTGCCTGG,0,4415550
yadN_predicted,0.25,3,3,TGTCTTCCCCCCGGGTCTAT,0,4405205
yadN_predicted,0.25,3,3,TGTCATCCTAAGGAATCCTA,0,4415852
yadN_predicted,0.25,3,3,TGTCAGAATTTTTTAAGTGT,0,4423676
yadN_predicted,0.25,3,3,TGTAGTGTAGTTTACCGTTG,0,4403816
yadN_predicted,0.25,3,3,TGGTTTGCGTTCTTGTTGCG,0,4416567
yadN_predicted,0.25,3,3,TGGTGAGAACTTTCTGTGCA,0,4435157
yadN_predicted,0.25,3,3,TGGTGAAAGCCCCCGTGCTT,0,4405736
yadN_predicted,0.25,3,3,TGGTCATGTCCATTCTTGTA,0,4429715
yadN_predicted,0.25,3,3,TGGGTAACATGGGCAGTCCA,0,4405673
yadN_predicted,0.25,3,3,TGGGATTAATGCGATTTAGC,0,4416801
yadN_predicted,0.25,3,3,TGGGAATGGGCGCAATGACA,0,4406445
yadN_predicted,0.25,3,3,TGGCCATGGCAAAACCACAT,0,4420521
yadN_predicted,0.25,3,3,TGGATTAATAAATTGATATA,0,4421660
yadN_predicted,0.25,3,3,TGGAGTTTTGTGTGAGCACC,0,4408163
yadN_predicted,0.25,3,3,TGGAGCATAAGTAGCTTATT,0,4416565
yadN_predicted,0.25,3,3,TGGACCAAGGTATCGTTTAC,0,4404773
yadN_predicted,0.25,3,3,TGGAAGGACGATCTTCGCTT,0,4426623
yadN_predicted,0.25,3,3,TGGAACGATTCTTCCATGAG,0,4419292
yadN_predicted,0.25,3,3,TGCTGTCAGTCAGAGGGGCA,0,4411136
yadN_predicted,0.25,3,3,TGCTCGAGGACAGGTGTTGA,0,4412841
yadN_predicted,0.25,3,3,TGCTAAGCAGGGCGCGGATA,0,4424008
yadN_predicted,0.25,3,3,TGCGTCCCTTCTCTCTATCT,0,4435565
yadN_predicted,0.25,3,3,TGCCTTGTAATATTCCACGA,0,4431302
yadN_predicted,0.25,3,3,TGCCGTAACAAAACCTGGTA,0,4405958
yadN_predicted,0.25,3,3,TGCCATACCACGCTCGATTG,0,4426992
yadN_predicted,0.25,3,3,TGCCAGGCATCAATATTTTT,0,4426461
yadN_predicted,0.25,3,3,TGCAGGCTAGCCGTTGGTCT,0,4410638
yadN_predicted,0.25,3,3,TGCACGTTGACATGGAGTGT,0,4431664
yadN_predicted,0.25,3,3,TGCAACCTCGATACAGCACG,0,4434345
yadN_predicted,0.25,3,3,TGCAAAAGACGGTATTACGA,0,4407788
yadN_predicted,0.25,3,3,TGATTCGACGCAATGGGACT,0,4434166
yadN_predicted,0.25,3,3,TGATGGACAGAGTCGTAGAC,0,4421302
yadN_predicted,0.25,3,3,TGATACGTGCAGCACACGAA,0,4411754
yadN_predicted,0.25,3,3,TGAGGGGCGAGGAAGATGGC,0,4433337
yadN_predicted,0.25,3,3,TGAGCGGCTTTAATGGTGCT,0,4424167
yadN_predicted,0.25,3,3,TGACCTACGTTCACGGGAAA,0,4409500
yadN_predicted,0.25,3,3,TGACAAATATGCGGCGATAC,0,4427652
yadN_predicted,0.25,3,3,TGAAGTTTAGGGCCGGGTAA,0,4411687
yadN_predicted,0.25,3,3,TCTTTTGAATGGCCTGCCGA,0,4433801
yadN_predicted,0.25,3,3,TCTTGCGGTGTATATTCATC,0,4413539
yadN_predicted,0.25,3,3,TCTTGACACTGTAGACGTTT,0,4427793
yadN_predicted,0.25,3,3,TCTTGAAATATACCTTAAGA,0,4411045
yadN_predicted,0.25,3,3,TCTTCTGGTACTCGGGTCCA,0,4420721
yadN_predicted,0.25,3,3,TCTGTCAACGATGAACGCCA,0,4424741
yadN_predicted,0.25,3,3,TCTGCCTTCCTCAGGAGACG,0,4410706
yadN_predicted,0.25,3,3,TCTGCCGATGGATGCTCCTT,0,4420864
yadN_predicted,0.25,3,3,TCTGCCATGTGTCAGACTTC,0,4415737
yadN_predicted,0.25,3,3,TCTCGGGAAGGCTTTCGGTC,0,4404854
yadN_predicted,0.25,3,3,TCTCGCAAAATACCTCCACT,0,4420822
yadN_predicted,0.25,3,3,TCTCGACGTCCAATCGATCA,0,4410898
yadN_predicted,0.25,3,3,TCTCCCTCCGTCGTGTAAGA,0,4425400
yadN_predicted,0.25,3,3,TCTATTGAAAACGGGGTACC,0,4429579
yadN_predicted,0.25,3,3,TCTAGTGCACTTCATAGAAA,0,4424974
yadN_predicted,0.25,3,3,TCTAGGGCGTCGCGAATGGT,0,4416550
yadN_predicted,0.25,3,3,TCGTTTTTATCAAGGGCGAG,0,4433353
yadN_predicted,0.25,3,3,TCGTTTGATATGGCTAGCAG,0,4410790
yadN_predicted,0.25,3,3,TCGTTCTACGCTAGAAAGAT,0,4430060
yadN_predicted,0.25,3,3,TCGTGGATAGGTTTAAGCAT,0,4416477
yadN_predicted,0.25,3,3,TCGTCGCACCGAAGGCGACA,0,4428734
yadN_predicted,0.25,3,3,TCGTATGTTATCGTATGGGA,0,4434776
yadN_predicted,0.25,3,3,TCGGGGATAGTGGCTACAGG,0,4434757
yadN_predicted,0.25,3,3,TCGCGTTTCCAGGACTGGTA,0,4420654
yadN_predicted,0.25,3,3,TCGCCATTGGTCTCGTTCAC,0,4422867
yadN_predicted,0.25,3,3,TCGATCAGATCTTAAGATGT,0,4417235
yadN_predicted,0.25,3,3,TCGAGCTTTGGCAGCGAGGA,0,4409788
yadN_predicted,0.25,3,3,TCGAGCATTTAACCCGAGCA,0,4407394
yadN_predicted,0.25,3,3,TCGAGAAGATAGACGGCTGT,0,4412360
yadN_predicted,0.25,3,3,TCGACTTCCCCAGGAAGTAA,0,4410202
yadN_predicted,0.25,3,3,TCGACTCGTAGGATAATAAT,0,4406592
yadN_predicted,0.25,3,3,TCCTCAGACCTAGTGGAGGA,0,4430538
yadN_predicted,0.25,3,3,TCCGGACTGGGGATTGCACT,0,4427723
yadN_predicted,0.25,3,3,TCCGGAAGTCCGCCGGCCCG,0,4433088
yadN_predicted,0.25,3,3,TCCGAGTGACGCGAACATTC,0,4403815
yadN_predicted,0.25,3,3,TCCGAGAGCGATGTCCTTCG,0,4417521
yadN_predicted,0.25,3,3,TCCGACACTTCGCGGTAATT,0,4406700
yadN_predicted,0.25,3,3,TCCCGTCCAGGAGACAGGTG,0,4413027
yadN_predicted,0.25,3,3,TCCCGATTAGTCTCGCAGCA,0,4425613
yadN_predicted,0.25,3,3,TCCCCTATAATTACGTGTGG,0,4419993
yadN_predicted,0.25,3,3,TCCCCGCAACTCTTTTAAGG,0,4422497
yadN_predicted,0.25,3,3,TCCCACCGCATTATTGGGAC,0,4429871
yadN_predicted,0.25,3,3,TCCATGTGTCTTAGTATTGA,0,4419505
yadN_predicted,0.25,3,3,TCCATCGTACGGGGCTCACG,0,4413377
yadN_predicted,0.25,3,3,TCCAGCCGGCAAGTTACCGT,0,4416649
yadN_predicted,0.25,3,3,TCCACACGACGGCAGGCTTT,0,4419319
yadN_predicted,0.25,3,3,TCATTCGCGAAAGCTAAATA,0,4416396
yadN_predicted,0.25,3,3,TCATAGTAGCGCAGTGGTGC,0,4428279
yadN_predicted,0.25,3,3,TCAGGGCGCGCTGTTTAACA,0,4403485
yadN_predicted,0.25,3,3,TCAGCGACAGACACGGCGCG,0,4409975
yadN_predicted,0.25,3,3,TCAGACGAAGGCGGATATTT,0,4424868
yadN_predicted,0.25,3,3,TCAGAACCCTAAGATAAACA,0,4409420
yadN_predicted,0.25,3,3,TCACTGTCGGGGCGCTGCGA,0,4413704
yadN_predicted,0.25,3,3,TCACTCTGTGACCCACCAGC,0,4410507
yadN_predicted,0.25,3,3,TCACCAATACCCTTAATTGT,0,4420858
yadN_predicted,0.25,3,3,TCAAGTCTAACACTATTAGA,0,4405020
yadN_predicted,0.25,3,3,TCAAGCGGAGTCTGTCACAT,0,4430469
yadN_predicted,0.25,3,3,TCAACTGGGACCATAAGATA,0,4411856
yadN_predicted,0.25,3,3,TCAAATGAGTCAGTAAACAT,0,4404394
yadN_predicted,0.25,3,3,TCAAAGAGATTTCCTTTCGG,0,4426106
yadN_predicted,0.25,3,3,TATTTTTGTGGTATTTGTAC,0,4414250
yadN_predicted,0.25,3,3,TATTTCTGCTACCGCCATGA,0,4404497
yadN_predicted,0.25,3,3,TATTTCACCAACTGCCTGCA,0,4406701
yadN_predicted,0.25,3,3,TATTGTGGCATTGGCGGCGA,0,4433702
yadN_predicted,0.25,3,3,TATGTTATTACTTTCATGGG,0,4432984
yadN_predicted,0.25,3,3,TATGTGCGTGCTCCGTGAGA,0,4418970
yadN_predicted,0.25,3,3,TATGCCGATCAAATTAGAAA,0,4432959
yadN_predicted,0.25,3,3,TATGCAACCCCCTCTTGCTC,0,4417264
yadN_predicted,0.25,3,3,TATCTTGTTCGGTAAGGGAA,0,4402831
yadN_predicted,0.25,3,3,TATCTTCTGTCCCGTAATAA,0,4411181
yadN_predicted,0.25,3,3,TATCTCAACATTTAGTTCAA,0,4433555
yadN_predicted,0.25,3,3,TATCCAATGTTCCAGTGAAA,0,4420080
yadN_predicted,0.25,3,3,TATCATTGGTATCCCTTACT,0,4419764
yadN_predicted,0.25,3,3,TATCAAAACATGGACGACAT,0,4417844
yadN_predicted,0.25,3,3,TATATAAGGGTCGTTTAGTA,0,4413646
yadN_predicted,0.25,3,3,TATAGGTGTCGAGTGCTCAA,0,4421797
yadN_predicted,0.25,3,3,TATAGATCATGAACCAGGAG,0,4425647
yadN_predicted,0.25,3,3,TATAGAGTTTGCATAAATGT,0,4405130
yadN_predicted,0.25,3,3,TAGTATTTGCGCACTATGTC,0,4420775
yadN_predicted,0.25,3,3,TAGTAGGGTATCCAACATAG,0,4429162
yadN_predicted,0.25,3,3,TAGGTTGTCATTACGTTGGG,0,4410436
yadN_predicted,0.25,3,3,TAGGGTGTAACGACTACTGG,0,4423936
yadN_predicted,0.25,3,3,TAGGGTAGCTGAGAAAGGGG,0,4419132
yadN_predicted,0.25,3,3,TAGGACCGTTTATAGCAAGT,0,4420962
yadN_predicted,0.25,3,3,TAGGAAAGGCTTCATACGCT,0,4415100
yadN_predicted,0.25,3,3,TAGCTACAGTAGCCGGATCA,0,4418935
yadN_predicted,0.25,3,3,TAGCGGTAGATTGAATTGGT,0,4412447
yadN_predicted,0.25,3,3,TAGAGCCGATCTGAGAGAAG,0,4428680
yadN_predicted,0.25,3,3,TAGAAGTGCACCGCAGCTTA,0,4410225
yadN_predicted,0.25,3,3,TACTTAGGTCATGATATAGA,0,4423601
yadN_predicted,0.25,3,3,TACTGGGTACGCGTGACTAT,0,4409587
yadN_predicted,0.25,3,3,TACTGGGCGTTGTTGGGTGG,0,4410350
yadN_predicted,0.25,3,3,TACTCTGCACCGGATCAAAT,0,4423695
yadN_predicted,0.25,3,3,TACCTACTTACTTACGCAGA,0,4431905
yadN_predicted,0.25,3,3,TACCTAACGGTACGACGGAA,0,4427199
yadN_predicted,0.25,3,3,TACCATGAGGGGTATAACGA,0,4417331
yadN_predicted,0.25,3,3,TACATTATCATCATCTATAA,0,4417449
yadN_predicted,0.25,3,3,TACATCCCTGCGAATGCCCA,0,4412417
yadN_predicted,0.25,3,3,TACAGGGTGGTGCCAATTGT,0,4432765
yadN_predicted,0.25,3,3,TACAGGCTATGATCATGCCG,0,4430136
yadN_predicted,0.25,3,3,TACAGACGTATGTACTCTTC,0,4435908
yadN_predicted,0.25,3,3,TACACCTTGGCTGCAATCCA,0,4422250
yadN_predicted,0.25,3,3,TAATTAACTTGCATGCATCA,0,4409941
yadN_predicted,0.25,3,3,TAATGGTGGTAGGCAACACA,0,4405235
yadN_predicted,0.25,3,3,TAATGGCTAAGCTGCGGCCT,0,4417906
yadN_predicted,0.25,3,3,TAATGGCCCAAGCGTTTCTC,0,4435831
yadN_predicted,0.25,3,3,TAATGGATATCGTTTAATCA,0,4417285
yadN_predicted,0.25,3,3,TAATCTTTACCCGTTAACAT,0,4421531
yadN_predicted,0.25,3,3,TAATCTTCGATCAATGGAGA,0,4431028
yadN_predicted,0.25,3,3,TAATCGCATGTAAGCGATTG,0,4407801
yadN_predicted,0.25,3,3,TAATACTAACTGACAAAGCA,0,4415573
yadN_predicted,0.25,3,3,TAATAAAGTGTACTGACATT,0,4434824
yadN_predicted,0.25,3,3,TAAGTGCCTATGGGTCCAAT,0,4429326
yadN_predicted,0.25,3,3,TAAGGCCCTGGGGTCCCGAA,0,4411418
yadN_predicted,0.25,3,3,TAAGGCAGGATGCCTTATAA,0,4424983
yadN_predicted,0.25,3,3,TAAGATGTAAGAGTGCCATT,0,4402618
yadN_predicted,0.25,3,3,TAAGACGAGATCGATAGGGG,0,4404615
yadN_predicted,0.25,3,3,TAACTCCCGCATTGCTCTCA,0,4435440
yadN_predicted,0.25,3,3,TAACCACTCGCAACGAATGT,0,4427596
yadN_predicted,0.25,3,3,TAACATTCGGAGACTTTAAA,0,4434642
yadN_predicted,0.25,3,3,TAACAATTATAGTCTGATAA,0,4411250
yadN_predicted,0.25,3,3,TAAAGCATATCAGCTACCGT,0,4403150
yadN_predicted,0.25,3,3,TAAAAGGTGCGGATAATTAT,0,4427803
yadN_predicted,0.25,3,3,TAAAAGAATTCAATACGGGG,0,4428918
yadN_predicted,0.25,3,3,GTTTGGACAAACATTATAGT,0,4435726
yadN_predicted,0.25,3,3,GTTTCATGCCCCGACGTGGT,0,4411898
yadN_predicted,0.25,3,3,GTTTACTGGCACATGAGGGT,0,4430248
yadN_predicted,0.25,3,3,GTTGTTCCCGTTGTATAGGA,0,4417897
yadN_predicted,0.25,3,3,GTTGGCACGGCACCTGTAAA,0,4406964
yadN_predicted,0.25,3,3,GTTGGAGCCCATTACAAATA,0,4413143
yadN_predicted,0.25,3,3,GTTGCTAGGTGGGCGCCAAC,0,4409756
yadN_predicted,0.25,3,3,GTTGCGATGCTTAAACCCCA,0,4414569
yadN_predicted,0.25,3,3,GTTGCAATGCGATGGTATCC,0,4404202
yadN_predicted,0.25,3,3,GTTGCAATAGATAGAGTTTT,0,4407700
yadN_predicted,0.25,3,3,GTTGAAAAGAATTGGGTAAT,0,4413866
yadN_predicted,0.25,3,3,GTTCGGTCTGTTGCAATATA,0,4412335
yadN_predicted,0.25,3,3,GTTCGGTAACTTTACCGAAG,0,4431619
yadN_predicted,0.25,3,3,GTTCGGCGTGACAAGCTCCC,0,4413467
yadN_predicted,0.25,3,3,GTTATCAACGAAAAGAGACA,0,4414606
yadN_predicted,0.25,3,3,GTTAGCCCTCAACTGCGTGG,0,4402739
yadN_predicted,0.25,3,3,GTGTTTTGCGATATATTAAA,0,4407041
yadN_predicted,0.25,3,3,GTGTTCGTGGGCGGAATGAT,0,4417071
yadN_predicted,0.25,3,3,GTGTGGAAACAAAATCTTGC,0,4412397
yadN_predicted,0.25,3,3,GTGGTTTCCACAGATGCCTT,0,4405961
yadN_predicted,0.25,3,3,GTGGGAATGTGACTACAGGG,0,4425845
yadN_predicted,0.25,3,3,GTGGATATGGTTATTCGAAG,0,4411947
yadN_predicted,0.25,3,3,GTGCGAAAATCAACTTGAAT,0,4405544
yadN_predicted,0.25,3,3,GTGCAACTATATCTAAGCTA,0,4407692
yadN_predicted,0.25,3,3,GTGAGGAACTCGAATTGGTA,0,4418233
yadN_predicted,0.25,3,3,GTGACTGCATCTGTGGGTAG,0,4409599
yadN_predicted,0.25,3,3,GTGACACCGTTCAAAAGTTA,0,4406892
yadN_predicted,0.25,3,3,GTCTGTTGGCAGTGAATCGG,0,4424410
yadN_predicted,0.25,3,3,GTCTGGTCATGCCGGAATAT,0,4424155
yadN_predicted,0.25,3,3,GTCTGCTTGCAATGTCCTAT,0,4406172
yadN_predicted,0.25,3,3,GTCTCGTCCTGCCATCAACC,0,4405107
yadN_predicted,0.25,3,3,GTCTCAATGCACAGTATCAC,0,4406874
yadN_predicted,0.25,3,3,GTCGTATTAGATCGAGCACA,0,4433285
yadN_predicted,0.25,3,3,GTCGTATGGAAACACATGGT,0,4430087
yadN_predicted,0.25,3,3,GTCGTATAGGAAATAACTGC,0,4409699
yadN_predicted,0.25,3,3,GTCGGCCATCAAACGTATTA,0,4422496
yadN_predicted,0.25,3,3,GTCGGACTACCAGCTGAACC,0,4422140
yadN_predicted,0.25,3,3,GTCGCAGAGCCTCGCTCTAT,0,4427461
yadN_predicted,0.25,3,3,GTCGAGAGACGAGCCTATCG,0,4426831
yadN_predicted,0.25,3,3,GTCCGGCCGTGGACCCAGAC,0,4424428
yadN_predicted,0.25,3,3,GTCCAGGAATACTATTGCAG,0,4423091
yadN_predicted,0.25,3,3,GTCCAAGGCTCAACCCACGG,0,4404112
yadN_predicted,0.25,3,3,GTCATTAGAAATGGGGACAG,0,4416804
yadN_predicted,0.25,3,3,GTCATACGTCATGCTGATGC,0,4407355
yadN_predicted,0.25,3,3,GTCAGAGACACGGGGATGAG,0,4431589
yadN_predicted,0.25,3,3,GTCACCCCTGGCACCTAGCT,0,4430553
yadN_predicted,0.25,3,3,GTCAATACCTTCCCTGCTCT,0,4416109
yadN_predicted,0.25,3,3,GTATAGGCATTCGTTGAAGG,0,4412530
yadN_predicted,0.25,3,3,GTAGTATATGGCTCGCCAGC,0,4406491
yadN_predicted,0.25,3,3,GTAGTACACGTACTCTCACG,0,4428065
yadN_predicted,0.25,3,3,GTAGGTTTGAGGGGAAACCT,0,4433466
yadN_predicted,0.25,3,3,GTAGGGTAGCAAGTGAGGGA,0,4424637
yadN_predicted,0.25,3,3,GTACTCACCGCGTTAAGCCG,0,4413531
yadN_predicted,0.25,3,3,GTACGTATACGTTACTATGC,0,4412406
yadN_predicted,0.25,3,3,GTACGGAAAATACACAATAC,0,4416790
yadN_predicted,0.25,3,3,GTACGCTCGTACATGGCCAC,0,4433620
yadN_predicted,0.25,3,3,GTACGAGAAATGTAAGGCTA,0,4422653
yadN_predicted,0.25,3,3,GTACCCTGCAATCTCGTTCG,0,4429904
yadN_predicted,0.25,3,3,GTAACGGAATGGAAACCAAT,0,4424723
yadN_predicted,0.25,3,3,GTAACAAATATTCAACCTTG,0,4421939
yadN_predicted,0.25,3,3,GTAAAGAATTCACCTGGAAG,0,4424643
yadN_predicted,0.25,3,3,GTAAACTGAGGTTTTTATAC,0,4432480
yadN_predicted,0.25,3,3,GTAAAATAGATCTCCACCCA,0,4418277
yadN_predicted,0.25,3,3,GGTTTTTAGTTCGATTCATA,0,4405259
yadN_predicted,0.25,3,3,GGTTTTGGGCACACAGATGC,0,4405780
yadN_predicted,0.25,3,3,GGTTTAAATAGCCTCTAGTT,0,4435693
yadN_predicted,0.25,3,3,GGTTGCCTAGCGTCCGTCTC,0,4408006
yadN_predicted,0.25,3,3,GGTTGACCTATCGTAATAAT,0,4406295
yadN_predicted,0.25,3,3,GGTTCGTCTACCGGTTTGAT,0,4429495
yadN_predicted,0.25,3,3,GGTTATTCTTGTAATACACT,0,4413176
yadN_predicted,0.25,3,3,GGTTACAAGCATGTCTGGAT,0,4404620
yadN_predicted,0.25,3,3,GGTGTGCGCCCAGGGCTTAC,0,4432894
yadN_predicted,0.25,3,3,GGTGCCGTCCGGCTAATCAG,0,4404048
yadN_predicted,0.25,3,3,GGTGCCCGGAGTATCGGGGT,0,4423002
yadN_predicted,0.25,3,3,GGTGCAGGGCCGGAAACATA,0,4403147
yadN_predicted,0.25,3,3,GGTGATAATGTGCTCCCGGG,0,4420415
yadN_predicted,0.25,3,3,GGTCTCGTTAGGTGTTACGA,0,4435283
yadN_predicted,0.25,3,3,GGTCTAACGTTCCACCAGAC,0,4411450
yadN_predicted,0.25,3,3,GGTCGCGGATAAACGTCTGG,0,4410501
yadN_predicted,0.25,3,3,GGTCGCACACGTTCTTTGCT,0,4427855
yadN_predicted,0.25,3,3,GGTCATTACACCGCGTGAGA,0,4407593
yadN_predicted,0.25,3,3,GGTCATACGATTAACGGAAC,0,4417408
yadN_predicted,0.25,3,3,GGTCAGCCGATCCTCATTCA,0,4430404
yadN_predicted,0.25,3,3,GGTACAGGTAAGGTGGGCGG,0,4431057
yadN_predicted,0.25,3,3,GGTAAAATAGTCACTACCCT,0,4413688
yadN_predicted,0.25,3,3,GGGTGTCAAAGAGATACCTA,0,4403692
yadN_predicted,0.25,3,3,GGGGTGATTGCCTTCCAGGT,0,4404366
yadN_predicted,0.25,3,3,GGGGTAACCCTGCTACATAG,0,4410679
yadN_predicted,0.25,3,3,GGGGCATTCCGCGGACTCGT,0,4433101
yadN_predicted,0.25,3,3,GGGGAGTATTATACAGGTTT,0,4427521
yadN_predicted,0.25,3,3,GGGCCTCACAATTGTCAGGA,0,4429598
yadN_predicted,0.25,3,3,GGGCCGGTCAACGTTCCATT,0,4430966
yadN_predicted,0.25,3,3,GGGATGCCCGTTTAAGTCCA,0,4409045
yadN_predicted,0.25,3,3,GGGATGATTCTTATTATGAC,0,4413091
yadN_predicted,0.25,3,3,GGGACTACCGGCTATTCGGC,0,4422534
yadN_predicted,0.25,3,3,GGGAAACAACAATACTCCAC,0,4410826
yadN_predicted,0.25,3,3,GGCTCGTCTCAGGTACTTCT,0,4409870
yadN_predicted,0.25,3,3,GGCGTCGCTCGTTGCCAACC,0,4404513
yadN_predicted,0.25,3,3,GGCGTATTGTCATCTGTGAG,0,4425309
yadN_predicted,0.25,3,3,GGCGATACCGCAACATCGTC,0,4411141
yadN_predicted,0.25,3,3,GGCCTCGACGAAAAACCGCT,0,4406075
yadN_predicted,0.25,3,3,GGCCGCGGCCGTATCCCAGC,0,4417271
yadN_predicted,0.25,3,3,GGCATTGTTACACTAATACA,0,4419432
yadN_predicted,0.25,3,3,GGCAGTCGAATGTCATCAAC,0,4405779
yadN_predicted,0.25,3,3,GGCACTAAACGGCCTCCCAA,0,4431128
yadN_predicted,0.25,3,3,GGCACGATGGGGCGGTGAGA,0,4420978
yadN_predicted,0.25,3,3,GGCACAAGTATATTCACGTA,0,4405836
yadN_predicted,0.25,3,3,GGCAAAGTAGCGCAGGGCTT,0,4429029
yadN_predicted,0.25,3,3,GGCAAAACGATCTAGCTCGA,0,4415072
yadN_predicted,0.25,3,3,GGATTTGAATAGTGGTACGT,0,4433052
yadN_predicted,0.25,3,3,GGATGTCAGCGGGGCAGCAA,0,4413247
yadN_predicted,0.25,3,3,GGATCGGCAGATAAACGGTT,0,4420232
yadN_predicted,0.25,3,3,GGATAATCACGCAGATCCCC,0,4431653
yadN_predicted,0.25,3,3,GGAGGGCGGGTTGATGGTGT,0,4403205
yadN_predicted,0.25,3,3,GGAGCTTGTCGATATGTGCT,0,4429684
yadN_predicted,0.25,3,3,GGAGCGTATACGGGGCGCGC,0,4416293
yadN_predicted,0.25,3,3,GGAGCCGGCGTTTTGTGGAT,0,4419187
yadN_predicted,0.25,3,3,GGACAGGGGTTACGACGGTC,0,4417707
yadN_predicted,0.25,3,3,GGAATAGAGTAGAGTTCTTC,0,4434289
yadN_predicted,0.25,3,3,GGAATAAGATCTTTCCCACC,0,4424832
yadN_predicted,0.25,3,3,GGAAGGGTTGAACGAATCAT,0,4414554
yadN_predicted,0.25,3,3,GGAAAGACGTGTCCTCATAC,0,4418623
yadN_predicted,0.25,3,3,GCTTTTATCGAGAGAAAACC,0,4420091
yadN_predicted,0.25,3,3,GCTTGCGGGGTATGGATCTG,0,4410165
yadN_predicted,0.25,3,3,GCTTGCGGCTGTAGTGATAA,0,4416218
yadN_predicted,0.25,3,3,GCTTACAGTCTGGTTCTTGG,0,4408287
yadN_predicted,0.25,3,3,GCTGGATGGAGTCACGTCCT,0,4406549
yadN_predicted,0.25,3,3,GCTCTATCTCGGGAGAAGTA,0,4417182
yadN_predicted,0.25,3,3,GCTCCTCAGGACCGTGGGGC,0,4434972
yadN_predicted,0.25,3,3,GCTATTAGTACAATCTATCA,0,4413813
yadN_predicted,0.25,3,3,GCTAGGCTAGTAGTCCAAGT,0,4406601
yadN_predicted,0.25,3,3,GCTAGAAACGTACCACCATC,0,4425930
yadN_predicted,0.25,3,3,GCTAAGCGAGGGCGCATAAC,0,4426949
yadN_predicted,0.25,3,3,GCGTTGAGTTCTTTAGATAC,0,4415335
yadN_predicted,0.25,3,3,GCGTCAAGGGACACGGAAAA,0,4430964
yadN_predicted,0.25,3,3,GCGGGTATTTAGTCATCGGA,0,4407470
yadN_predicted,0.25,3,3,GCGGGCAGGAACGTTTAAGT,0,4410853
yadN_predicted,0.25,3,3,GCGGGATTTGGCAATGATCC,0,4407135
yadN_predicted,0.25,3,3,GCGGCGGGGGTCTAGACCCT,0,4415034
yadN_predicted,0.25,3,3,GCGGCGCGCATCAATCCGCA,0,4408243
yadN_predicted,0.25,3,3,GCGGAATCTCTTGGCCTGTG,0,4417762
yadN_predicted,0.25,3,3,GCGCTAATCACAGACGGCGC,0,4427262
yadN_predicted,0.25,3,3,GCGCGGGGTTCAGGACCCAT,0,4412911
yadN_predicted,0.25,3,3,GCGCCGAGCCTCAGTAGTAG,0,4423442
yadN_predicted,0.25,3,3,GCGCCCGGACAAAACCGACA,0,4425809
yadN_predicted,0.25,3,3,GCGCCCACCGGGGACACCCA,0,4419891
yadN_predicted,0.25,3,3,GCGCACAAGGCCGGGCGACC,0,4432488
yadN_predicted,0.25,3,3,GCGACTTATGGGACGGTACA,0,4435893
yadN_predicted,0.25,3,3,GCCTATTTATGAGAAAAGAT,0,4435836
yadN_predicted,0.25,3,3,GCCTATTCGCACTTATGACT,0,4413554
yadN_predicted,0.25,3,3,GCCGTTTCTCACCGTTGCTG,0,4433751
yadN_predicted,0.25,3,3,GCCGTAGCGGAGACCTAGTT,0,4407400
yadN_predicted,0.25,3,3,GCCGTAGCGCCGTGTATAGC,0,4413514
yadN_predicted,0.25,3,3,GCCGGCGGATAAACGTTCTT,0,4421498
yadN_predicted,0.25,3,3,GCCGAGCAGTAAATGCGGCA,0,4420332
yadN_predicted,0.25,3,3,GCCGACCCGACGGAAGCCAC,0,4412938
yadN_predicted,0.25,3,3,GCCGAAGACTGGATTGTGTG,0,4419568
yadN_predicted,0.25,3,3,GCCCGTTACATTTACATTGG,0,4420176
yadN_predicted,0.25,3,3,GCCATGGCGGGTAGTACTCC,0,4408583
yadN_predicted,0.25,3,3,GCCAGGGGTTCCGTGTTGTA,0,4432163
yadN_predicted,0.25,3,3,GCCACGCTGGGGGCCCCGTA,0,4434528
yadN_predicted,0.25,3,3,GCCACAGGTCACCTGTTATT,0,4430209
yadN_predicted,0.25,3,3,GCCACACGCGTGAATATCCA,0,4432482
yadN_predicted,0.25,3,3,GCCAATCCTTATCCGTAAGT,0,4417341
yadN_predicted,0.25,3,3,GCCAATAGGAGTGCTAATGC,0,4420810
yadN_predicted,0.25,3,3,GCATCTTATAGACCAAAGTG,0,4421213
yadN_predicted,0.25,3,3,GCATCTCGTTAGCTGCCCAG,0,4427905
yadN_predicted,0.25,3,3,GCATCGGCCTTTAAGCGGCT,0,4413969
yadN_predicted,0.25,3,3,GCATAGTCCGGACTTCCCGA,0,4405035
yadN_predicted,0.25,3,3,GCAGTTACTACTTAGAAGCG,0,4413669
yadN_predicted,0.25,3,3,GCAGTGCCGTTTGATAGGAC,0,4413315
yadN_predicted,0.25,3,3,GCAGGTATATGTAAGTGGTT,0,4427292
yadN_predicted,0.25,3,3,GCAGCTTCTCATCTAGTAGG,0,4421426
yadN_predicted,0.25,3,3,GCAGAGTCATGTGCATTCAG,0,4408578
yadN_predicted,0.25,3,3,GCACCGTATTACCCATAAAA,0,4420522
yadN_predicted,0.25,3,3,GCACACGTGGACAGGACGGG,0,4428224
yadN_predicted,0.25,3,3,GCACAAACAATAACAATACT,0,4408832
yadN_predicted,0.25,3,3,GCAATCTCAATACCTCGGGG,0,4429767
yadN_predicted,0.25,3,3,GCAAGCTGTACGGGCACACA,0,4430772
yadN_predicted,0.25,3,3,GCAACTTAGGGTTATACCAA,0,4404616
yadN_predicted,0.25,3,3,GCAACTGGGCCAATGACAGA,0,4414492
yadN_predicted,0.25,3,3,GCAACGGCGATTACTGAATT,0,4415882
yadN_predicted,0.25,3,3,GCAACGCCTTGAGGTCCTAT,0,4413641
yadN_predicted,0.25,3,3,GATTTATTTTCTAACATCCT,0,4405612
yadN_predicted,0.25,3,3,GATTTATCATCAGTTAGAAG,0,4413686
yadN_predicted,0.25,3,3,GATTTAAAGCGGCACGGCCC,0,4419517
yadN_predicted,0.25,3,3,GATTGTGGATCGCGGTCTTA,0,4415217
yadN_predicted,0.25,3,3,GATTAGGTGGTGAATTGTGA,0,4410883
yadN_predicted,0.25,3,3,GATTAGAGCCATTTAAACTC,0,4424196
yadN_predicted,0.25,3,3,GATTAGAAACGAACCCTCAC,0,4406207
yadN_predicted,0.25,3,3,GATGTTGTGGGCCGTACCCC,0,4412848
yadN_predicted,0.25,3,3,GATGCTAATTGGCCCGTTGA,0,4405540
yadN_predicted,0.25,3,3,GATGAAACACAAAGTAAAGA,0,4411970
yadN_predicted,0.25,3,3,GATCTGCTAAGCTGGGCATA,0,4422914
yadN_predicted,0.25,3,3,GATCGGCGGCCCGGAAGGCT,0,4433493
yadN_predicted,0.25,3,3,GATATCCAGCATTCCGAGAC,0,4423889
yadN_predicted,0.25,3,3,GATAGCTTGCGTAAGAGGGG,0,4409262
yadN_predicted,0.25,3,3,GATACCGCCGGTACTGGACA,0,4410573
yadN_predicted,0.25,3,3,GAGTTCAGATGCTTATCGGC,0,4425835
yadN_predicted,0.25,3,3,GAGGTAGTCCGTGGCTTTTG,0,4407190
yadN_predicted,0.25,3,3,GAGGCCTACTTAGATTGAGT,0,4426049
yadN_predicted,0.25,3,3,GAGGAGAACGCATTACGCGT,0,4419588
yadN_predicted,0.25,3,3,GAGCTGGCCGGGGAGTGTGT,0,4408626
yadN_predicted,0.25,3,3,GAGCCGCGGGGCCACCTGCG,0,4406423
yadN_predicted,0.25,3,3,GAGCCGCAGGTCCAATGGTG,0,4420860
yadN_predicted,0.25,3,3,GAGCCAGATTGAGCGCTTAG,0,4428273
yadN_predicted,0.25,3,3,GAGAAGTTCGTAGTCCGTTA,0,4425210
yadN_predicted,0.25,3,3,GAGAAACAGTAGGGGGGGAG,0,4433206
yadN_predicted,0.25,3,3,GACTTGAGGTTGCGCAAATG,0,4405114
yadN_predicted,0.25,3,3,GACTTATCCAACATTTACCA,0,4417120
yadN_predicted,0.25,3,3,GACTGGTAGCTAGCACTACG,0,4425031
yadN_predicted,0.25,3,3,GACTATGCTTGGGGAAATTA,0,4424716
yadN_predicted,0.25,3,3,GACGGCAATAGGCCAAAACT,0,4421849
yadN_predicted,0.25,3,3,GACGGATGTACCCGAGCCGC,0,4409978
yadN_predicted,0.25,3,3,GACGCAGCAGCCATTGAAAC,0,4421921
yadN_predicted,0.25,3,3,GACGACTAATTCGACAGCCA,0,4427418
yadN_predicted,0.25,3,3,GACCCGTTAGAACGAAACGA,0,4435559
yadN_predicted,0.25,3,3,GACCCAGAAACTGACTGGTA,0,4430238
yadN_predicted,0.25,3,3,GACAGCTTCACGGCGGGGTT,0,4432868
yadN_predicted,0.25,3,3,GACAATTACAGTCGTGGACT,0,4406219
yadN_predicted,0.25,3,3,GACAATATCTGTAACCGTAG,0,4424678
yadN_predicted,0.25,3,3,GACAACACCAGGTCATCCAG,0,4403718
yadN_predicted,0.25,3,3,GAATTTAGACGCAATATCGT,0,4419049
yadN_predicted,0.25,3,3,GAATGCCAATGAGTTCACCG,0,4410587
yadN_predicted,0.25,3,3,GAATACCATTGTTGGGGGGT,0,4425204
yadN_predicted,0.25,3,3,GAAGTCTAAAGCTTAACCCT,0,4405555
yadN_predicted,0.25,3,3,GAAGAATGCGTAGGTTTAAC,0,4425284
yadN_predicted,0.25,3,3,GAACTTATTTGACTGTACAT,0,4416383
yadN_predicted,0.25,3,3,GAACGGTGACTTCGTAGGTA,0,4418381
yadN_predicted,0.25,3,3,GAACGGAAAGTGCATAATCG,0,4411718
yadN_predicted,0.25,3,3,GAACGAGAGTCGCAGCAGTC,0,4411456
yadN_predicted,0.25,3,3,GAACATTTTCGAGAGACACT,0,4403506
yadN_predicted,0.25,3,3,GAAATTCGAAGGCGGGAGGT,0,4405487
yadN_predicted,0.25,3,3,GAAATTCAAACGCCTCGTAA,0,4419776
yadN_predicted,0.25,3,3,GAAACTCACTAAGAGTAGAT,0,4417899
yadN_predicted,0.25,3,3,GAAACGTTGTTTGATCTCCT,0,4416309
yadN_predicted,0.25,3,3,CTTTTGATGGAGTAGCTTTG,0,4432313
yadN_predicted,0.25,3,3,CTTTTAGCCAGTTGGTATAT,0,4435645
yadN_predicted,0.25,3,3,CTTTGAGCGTTATTTGGGTG,0,4403235
yadN_predicted,0.25,3,3,CTTTCGAACTGCGAATACTG,0,4424464
yadN_predicted,0.25,3,3,CTTTCATCGCTTCGTGGATT,0,4404436
yadN_predicted,0.25,3,3,CTTTCACTGTCTGCGGAGCA,0,4403252
yadN_predicted,0.25,3,3,CTTTCAAGGTGTTTGGACGA,0,4405227
yadN_predicted,0.25,3,3,CTTGTCTCTTCATTGCGAGA,0,4421393
yadN_predicted,0.25,3,3,CTTGGAGCCAGTTGAGGAGA,0,4410330
yadN_predicted,0.25,3,3,CTTGCCTACTTTCATTTATT,0,4428383
yadN_predicted,0.25,3,3,CTTGATTACACGAGAAGCGC,0,4413496
yadN_predicted,0.25,3,3,CTTCGAATTTCTAACATGAC,0,4420325
yadN_predicted,0.25,3,3,CTTCCGTACGCCGGGGGAAG,0,4408292
yadN_predicted,0.25,3,3,CTTATGGTGTTCTCCGTCCA,0,4407578
yadN_predicted,0.25,3,3,CTTAATCGAAGTCATTAGTC,0,4404575
yadN_predicted,0.25,3,3,CTTAACACATGAAGGTGGGA,0,4423933
yadN_predicted,0.25,3,3,CTGTTGCCGTGTGCAACAGG,0,4409251
yadN_predicted,0.25,3,3,CTGTCGGTGCGGTTAATAAT,0,4406413
yadN_predicted,0.25,3,3,CTGTCCTCTGGACGTTAGAC,0,4412647
yadN_predicted,0.25,3,3,CTGTAGTACCGTGAGGGGGT,0,4412896
yadN_predicted,0.25,3,3,CTGGTAATGCCTTCTCTCTG,0,4411389
yadN_predicted,0.25,3,3,CTGGGCTTAGATCTCACCGA,0,4406414
yadN_predicted,0.25,3,3,CTGGGCTCCATAACGTCATT,0,4419523
yadN_predicted,0.25,3,3,CTGGGCGGTGGACGCAGGCA,0,4423746
yadN_predicted,0.25,3,3,CTGGATAAAAGACTTCTTTC,0,4421659
yadN_predicted,0.25,3,3,CTGCTTCTGATCGGGCACAT,0,4427233
yadN_predicted,0.25,3,3,CTGCGAGGCGTCGTCAGATA,0,4406392
yadN_predicted,0.25,3,3,CTGCCGGTACAGGGATGAAA,0,4433191
yadN_predicted,0.25,3,3,CTGCAGCCCTCTGAAAGGTT,0,4425022
yadN_predicted,0.25,3,3,CTGATCTGCAGTAGGTGTTA,0,4434403
yadN_predicted,0.25,3,3,CTGAGGTGTTGACACGGTTT,0,4420697
yadN_predicted,0.25,3,3,CTGAGGATCGCGCAGAACGA,0,4404973
yadN_predicted,0.25,3,3,CTGAGAGCGTCCGTGAAAGA,0,4415399
yadN_predicted,0.25,3,3,CTCTCCTCTATACGGTTCAT,0,4429486
yadN_predicted,0.25,3,3,CTCGTGTCGACGCCCGCGGA,0,4404118
yadN_predicted,0.25,3,3,CTCGCGTTGCAGGCTGGAAT,0,4434785
yadN_predicted,0.25,3,3,CTCCTGGCCTCCACTGACGA,0,4425118
yadN_predicted,0.25,3,3,CTCCTCCCGAGAGAGCGACT,0,4434798
yadN_predicted,0.25,3,3,CTCATGCTTACAAAAAATGC,0,4409175
yadN_predicted,0.25,3,3,CTCAGTAGCGCAAAGTAGCG,0,4428722
yadN_predicted,0.25,3,3,CTCAATCACCAGTCCAGTGA,0,4406801
yadN_predicted,0.25,3,3,CTATTTCAGCCGGATAGCGG,0,4428556
yadN_predicted,0.25,3,3,CTATTATTTGCCGGACAGCG,0,4418101
yadN_predicted,0.25,3,3,CTATGCGCTCGTTGTTGATT,0,4410758
yadN_predicted,0.25,3,3,CTATACCTCGAACCCCGACT,0,4422340
yadN_predicted,0.25,3,3,CTATACAGTCTTCGTATTTA,0,4430979
yadN_predicted,0.25,3,3,CTAGTCATAATACTTAATTG,0,4415952
yadN_predicted,0.25,3,3,CTAGGTCTGTCGAGCGCTGC,0,4435562
yadN_predicted,0.25,3,3,CTAGCGGGATATTTAATGCA,0,4425297
yadN_predicted,0.25,3,3,CTACGGTGGTAGAATGTTGT,0,4423775
yadN_predicted,0.25,3,3,CTACGGTCTATTCGCTCATG,0,4426117
yadN_predicted,0.25,3,3,CTACGGACGGTGTGCCAACG,0,4415653
yadN_predicted,0.25,3,3,CTACCTCATTGCCGTGGCCC,0,4426870
yadN_predicted,0.25,3,3,CTAATTAATTGACCTGGTAG,0,4417421
yadN_predicted,0.25,3,3,CTAATCTGCACATCGTGGAA,0,4409544
yadN_predicted,0.25,3,3,CTAACTACTTTGGGTTAGGA,0,4416156
yadN_predicted,0.25,3,3,CGTTTCGCTAAGTTGAAGTT,0,4409194
yadN_predicted,0.25,3,3,CGTTCGGCCGTCAACTTACA,0,4410749
yadN_predicted,0.25,3,3,CGTGTTGAAGTGCTCTTCTA,0,4422753
yadN_predicted,0.25,3,3,CGTCTAGTCGTTCCGAAAGC,0,4435289
yadN_predicted,0.25,3,3,CGTCTAGACACTCTCAGCTT,0,4431347
yadN_predicted,0.25,3,3,CGTCGCCCTGGGACTCCAAG,0,4423678
yadN_predicted,0.25,3,3,CGTCGAATTGATAAGCAGCA,0,4419072
yadN_predicted,0.25,3,3,CGTCCCGTGGCGGGAAAGTT,0,4434422
yadN_predicted,0.25,3,3,CGTCATTCGCATATTTCCGG,0,4434302
yadN_predicted,0.25,3,3,CGTCAACGGCGCTTCTTTTT,0,4427724
yadN_predicted,0.25,3,3,CGTAGCCTGTATTTATCAAT,0,4424957
yadN_predicted,0.25,3,3,CGTAGATAGAAAGATACAAG,0,4409851
yadN_predicted,0.25,3,3,CGTAGAAACATCTGTTGATT,0,4405690
yadN_predicted,0.25,3,3,CGTACCGCGGACTGTTTAAG,0,4405013
yadN_predicted,0.25,3,3,CGTAATTGCAAAGGTATGTA,0,4405132
yadN_predicted,0.25,3,3,CGTAACAAGTTGCGACATTA,0,4406850
yadN_predicted,0.25,3,3,CGGTGGCCTCCAGGTTCCGT,0,4434071
yadN_predicted,0.25,3,3,CGGTATGGGTATGTAACCAT,0,4412959
yadN_predicted,0.25,3,3,CGGGGGAGCGATCCAAGGCA,0,4407454
yadN_predicted,0.25,3,3,CGGGGAAGTAACGGACCAGA,0,4410643
yadN_predicted,0.25,3,3,CGGGCGATGGGCTTTAGCTG,0,4411678
yadN_predicted,0.25,3,3,CGGGCATGAGACGTGGCGAC,0,4426228
yadN_predicted,0.25,3,3,CGGGAGTAATCGGAGGGGGC,0,4422154
yadN_predicted,0.25,3,3,CGGGACGGTTCGCTGTGTAT,0,4410511
yadN_predicted,0.25,3,3,CGGCCGAAGAGTTACTTATT,0,4431076
yadN_predicted,0.25,3,3,CGGAGCCTCGTCCTGTTCTC,0,4433288
yadN_predicted,0.25,3,3,CGGAGCATACTGAGTCTAAT,0,4422347
yadN_predicted,0.25,3,3,CGGACAAAGGCTGATACGAA,0,4403177
yadN_predicted,0.25,3,3,CGGAAGGTAGGAAGGCTCAA,0,4407031
yadN_predicted,0.25,3,3,CGGAAAGCATTCTCGAGGAT,0,4417761
yadN_predicted,0.25,3,3,CGCTGCATCTCGGCAGAACT,0,4408418
yadN_predicted,0.25,3,3,CGCTCACGCAAGTCTTAATC,0,4420119
yadN_predicted,0.25,3,3,CGCTAGGTCGTTGCACTGTC,0,4430131
yadN_predicted,0.25,3,3,CGCGTCACGTTTTATGTGTT,0,4408698
yadN_predicted,0.25,3,3,CGCGGGACTTTCTCTCAATG,0,4432704
yadN_predicted,0.25,3,3,CGCGGCTCTGGAGCGCCCAT,0,4431454
yadN_predicted,0.25,3,3,CGCGCCGCGCACCTCTTGAA,0,4434674
yadN_predicted,0.25,3,3,CGCGCAAAGTTCCACCGTGA,0,4426561
yadN_predicted,0.25,3,3,CGCGAAGGAGCCAGGACGTG,0,4424205
yadN_predicted,0.25,3,3,CGCGAAACTTTAGAGGCCTA,0,4412709
yadN_predicted,0.25,3,3,CGCCTGTTTGAATGATCCAC,0,4415890
yadN_predicted,0.25,3,3,CGCCTCAGTGCACGTAAATA,0,4416504
yadN_predicted,0.25,3,3,CGCCGGAGGATGGCTAGGAA,0,4411475
yadN_predicted,0.25,3,3,CGCCCTTCGCCATACCAGAG,0,4419163
yadN_predicted,0.25,3,3,CGCCCGGATGGGGTGTTCTG,0,4404051
yadN_predicted,0.25,3,3,CGCCATAGCGTCTTAAGAGG,0,4421339
yadN_predicted,0.25,3,3,CGCAGTTAATAAGCAGATCA,0,4422528
yadN_predicted,0.25,3,3,CGCAGTCCGGGTTGGACAGA,0,4431625
yadN_predicted,0.25,3,3,CGCAGCGGCGACCCAGACCA,0,4407385
yadN_predicted,0.25,3,3,CGCAGATTCAAATGTCAAGA,0,4422055
yadN_predicted,0.25,3,3,CGCACATGCTTAGTTGAGAT,0,4428970
yadN_predicted,0.25,3,3,CGCAATATGCTTAAACGTGT,0,4433400
yadN_predicted,0.25,3,3,CGCAACAGGAGTTAATATTC,0,4433352
yadN_predicted,0.25,3,3,CGATTTCAGCATTGCGTCAG,0,4423938
yadN_predicted,0.25,3,3,CGATTCGGCGGGACAGAGAT,0,4431993
yadN_predicted,0.25,3,3,CGATTCGCCTGATTATAAGC,0,4424297
yadN_predicted,0.25,3,3,CGATGGCCGTGGACATGACT,0,4417650
yadN_predicted,0.25,3,3,CGATCTTCTGAACACTATGC,0,4425004
yadN_predicted,0.25,3,3,CGATCGCTTCTAGGTAATCG,0,4410486
yadN_predicted,0.25,3,3,CGATATGGGCTAGACGATAC,0,4403006
yadN_predicted,0.25,3,3,CGATATACTAGGAATTAGTT,0,4430590
yadN_predicted,0.25,3,3,CGAGTCATTCCAGAGAGGTT,0,4408913
yadN_predicted,0.25,3,3,CGAGTATGTCTGCGTACGCG,0,4411469
yadN_predicted,0.25,3,3,CGAGGGCTGAGAACCACGGC,0,4425345
yadN_predicted,0.25,3,3,CGAGCAGTGCCACGGCCGTA,0,4406854
yadN_predicted,0.25,3,3,CGAGATTGCTAGAACAACTT,0,4424656
yadN_predicted,0.25,3,3,CGAGACGCATATTTACGCCT,0,4423656
yadN_predicted,0.25,3,3,CGACTTGCTGGCCAGAGCGT,0,4412058
yadN_predicted,0.25,3,3,CGACGAGGACACGGTTACAT,0,4421505
yadN_predicted,0.25,3,3,CGACCTCAAGGTATCTAGTA,0,4415512
yadN_predicted,0.25,3,3,CGACCAACCTTTCGAACGGG,0,4424901
yadN_predicted,0.25,3,3,CGAACCGTGCAGCGCCTTGT,0,4408671
yadN_predicted,0.25,3,3,CCTTTTAGCGCTGCGGACAT,0,4421944
yadN_predicted,0.25,3,3,CCTTTCTGAGTTTACACAAA,0,4418131
yadN_predicted,0.25,3,3,CCTTCTGTGGTGTATTTAGG,0,4411220
yadN_predicted,0.25,3,3,CCTTCTACGGTTTCGCTCGT,0,4423840
yadN_predicted,0.25,3,3,CCTGTCGGTAATGGAGCTGG,0,4421847
yadN_predicted,0.25,3,3,CCTGGTGCGCCAACACCGTA,0,4433211
yadN_predicted,0.25,3,3,CCTCGTACGCTTGGCTGGAG,0,4412310
yadN_predicted,0.25,3,3,CCTCATGCTGGTTAGCACTT,0,4415850
yadN_predicted,0.25,3,3,CCTCACTAGAGGTAAGCCCG,0,4417145
yadN_predicted,0.25,3,3,CCTATAAGTTTCGATAAGGG,0,4435601
yadN_predicted,0.25,3,3,CCTAGATACCCTGAGTCGGC,0,4417562
yadN_predicted,0.25,3,3,CCTAATCTTCGCCTGTCATA,0,4406481
yadN_predicted,0.25,3,3,CCGTTGAGCTCTGCTTTGCC,0,4426371
yadN_predicted,0.25,3,3,CCGTAGGAACCTCGCCTTGT,0,4407738
yadN_predicted,0.25,3,3,CCGTACAGCAGCGAGCGGAG,0,4433839
yadN_predicted,0.25,3,3,CCGGTTGCCTGGGTTGTTTA,0,4418049
yadN_predicted,0.25,3,3,CCGGGGACATCAAGGGCCGT,0,4403820
yadN_predicted,0.25,3,3,CCGGCGAGATGAGGGATTAA,0,4432300
yadN_predicted,0.25,3,3,CCGGATGGGTCTCGTCGGTA,0,4433988
yadN_predicted,0.25,3,3,CCGGACCACCCGGCATATTG,0,4429248
yadN_predicted,0.25,3,3,CCGGAACGCACACCCGTCTA,0,4420556
yadN_predicted,0.25,3,3,CCGCGCTGCATCACTAGTAC,0,4403460
yadN_predicted,0.25,3,3,CCGCCGGATGTTAAAATTAA,0,4429274
yadN_predicted,0.25,3,3,CCGCCCGCGTGGCCAACCGT,0,4423590
yadN_predicted,0.25,3,3,CCGCAACACAGCAGGTCAGA,0,4404924
yadN_predicted,0.25,3,3,CCGATGGCACATGTTGGAGT,0,4411072
yadN_predicted,0.25,3,3,CCGAATTTTTCGAGCAGAAC,0,4402965
yadN_predicted,0.25,3,3,CCGAAGGCATGGGAGTGGGG,0,4425761
yadN_predicted,0.25,3,3,CCGAACGTAGACAGAAATTT,0,4408400
yadN_predicted,0.25,3,3,CCGAACAAGGCGCATAGCTT,0,4435608
yadN_predicted,0.25,3,3,CCCTTGCGAAATGTCTGGGT,0,4404465
yadN_predicted,0.25,3,3,CCCTGTACTCTTCTTGTTAA,0,4427573
yadN_predicted,0.25,3,3,CCCTGGGTTGACCCTTTGAT,0,4422335
yadN_predicted,0.25,3,3,CCCTCCTCAGCTTAGCTGTG,0,4412377
yadN_predicted,0.25,3,3,CCCGTCTTCGTGCACACCTT,0,4416173
yadN_predicted,0.25,3,3,CCCGGGGCATCACGTGGCCT,0,4428886
yadN_predicted,0.25,3,3,CCCCTCGGGGTTCAGGAATA,0,4405223
yadN_predicted,0.25,3,3,CCCCCGTACACCGCAACTGA,0,4405179
yadN_predicted,0.25,3,3,CCCCAATGCCAGTGGCCATA,0,4411078
yadN_predicted,0.25,3,3,CCCACGTGCGGTAATGGAAT,0,4418764
yadN_predicted,0.25,3,3,CCATGGGCAAGTGAAGGGGA,0,4427463
yadN_predicted,0.25,3,3,CCATCTTTTCGAAAGGTAAG,0,4434075
yadN_predicted,0.25,3,3,CCATCAAACGTGTTCGGCGC,0,4432873
yadN_predicted,0.25,3,3,CCAGTAGAGCTTACAGGCCT,0,4429165
yadN_predicted,0.25,3,3,CCAGGCCGACAGACCCCCTA,0,4410879
yadN_predicted,0.25,3,3,CCAGAAATTCGGTTGCTCTA,0,4421580
yadN_predicted,0.25,3,3,CCACTTCTTACGTCCTAAAG,0,4424098
yadN_predicted,0.25,3,3,CCACTAAAAAATATTAATTG,0,4405946
yadN_predicted,0.25,3,3,CCACGTTACCGGGGTTGCGT,0,4425662
yadN_predicted,0.25,3,3,CCACGCCTGCTTACCACTCA,0,4421066
yadN_predicted,0.25,3,3,CCACGACTGGAACCCTAAGC,0,4424054
yadN_predicted,0.25,3,3,CCACCCGTGGCAAGAATGGG,0,4434203
yadN_predicted,0.25,3,3,CCACCCGCCACGGGTGGAAG,0,4431334
yadN_predicted,0.25,3,3,CCACACCATCAAATGGTGAA,0,4406190
yadN_predicted,0.25,3,3,CCAATGGCTGATCCGTAACG,0,4404391
yadN_predicted,0.25,3,3,CCAATATATGTGCCCGAAGT,0,4411637
yadN_predicted,0.25,3,3,CCAAAACTTGCAGGTTTCCC,0,4402940
yadN_predicted,0.25,3,3,CATTTGTCTGGTGAGGTCCG,0,4424104
yadN_predicted,0.25,3,3,CATTGGTTTCCTAACTACAT,0,4424680
yadN_predicted,0.25,3,3,CATTCCGCAAGAAACCGTCT,0,4406332
yadN_predicted,0.25,3,3,CATTCCCATTCGTGTCTAAA,0,4420753
yadN_predicted,0.25,3,3,CATTCACTGCGTCTTATTGG,0,4410858
yadN_predicted,0.25,3,3,CATGCCTTATAACTGTCGGC,0,4403116
yadN_predicted,0.25,3,3,CATGATGCGGGATGAGCTGA,0,4425561
yadN_predicted,0.25,3,3,CATCTATGCAACAGTCCCAG,0,4434622
yadN_predicted,0.25,3,3,CATCCTTGGAGACACCAAAG,0,4402674
yadN_predicted,0.25,3,3,CATCATCGGAGGGTGAATAG,0,4412674
yadN_predicted,0.25,3,3,CATATGTAGGCGCTGTCTTC,0,4410993
yadN_predicted,0.25,3,3,CATATGACCCGTAGCCGGAT,0,4407199
yadN_predicted,0.25,3,3,CATAGCAACCGGTCCATGTC,0,4420456
yadN_predicted,0.25,3,3,CATAACAATTAAAAAAGGTA,0,4434644
yadN_predicted,0.25,3,3,CAGTGCAGATTAGCTTCGAC,0,4422040
yadN_predicted,0.25,3,3,CAGTCTGTTAACTGTAATCT,0,4405843
yadN_predicted,0.25,3,3,CAGGTACCGCTATCGCCCAC,0,4404911
yadN_predicted,0.25,3,3,CAGGACCTCTGAGATCGGTC,0,4412268
yadN_predicted,0.25,3,3,CAGCGAGTCCTCTACGGCTT,0,4426554
yadN_predicted,0.25,3,3,CAGCATACCCGGCTGGGACT,0,4420735
yadN_predicted,0.25,3,3,CAGCACAGGGATCAAATGTT,0,4415947
yadN_predicted,0.25,3,3,CAGATACTACCCTAATAAGG,0,4407548
yadN_predicted,0.25,3,3,CAGAACTGCAAGTTGACGTA,0,4426918
yadN_predicted,0.25,3,3,CACTTTTTAGGTTGACCGTT,0,4435329
yadN_predicted,0.25,3,3,CACTTCTAGGCCCCGGAAAA,0,4408395
yadN_predicted,0.25,3,3,CACTTATTTGATTCGCGTGA,0,4427861
yadN_predicted,0.25,3,3,CACTCAAGGGCGTTCAGCGC,0,4422272
yadN_predicted,0.25,3,3,CACTACTCATTGGCACGGAC,0,4422191
yadN_predicted,0.25,3,3,CACGTTTCAACTCAAAGTGC,0,4408514
yadN_predicted,0.25,3,3,CACGCACACCTTGGGCTCCA,0,4419260
yadN_predicted,0.25,3,3,CACGATTAGAGTCGCGCGAT,0,4427043
yadN_predicted,0.25,3,3,CACGAGAATAAGTAGTGACA,0,4434752
yadN_predicted,0.25,3,3,CACGAACCCCTACCTGCCGT,0,4429875
yadN_predicted,0.25,3,3,CACCTGGTTAGATAGCCACG,0,4403882
yadN_predicted,0.25,3,3,CACCACGCAAAATCTGTGGG,0,4403069
yadN_predicted,0.25,3,3,CACATCTTATCTTCTGGCAA,0,4409842
yadN_predicted,0.25,3,3,CACAGAACACGCTATCGCTC,0,4423020
yadN_predicted,0.25,3,3,CACACCTCATACGCTATTCC,0,4405236
yadN_predicted,0.25,3,3,CACAAACTCGTATAGAAACC,0,4412533
yadN_predicted,0.25,3,3,CAATTGAAACCGGTCTCCCA,0,4418657
yadN_predicted,0.25,3,3,CAATGAAGACAACGCGTGCA,0,4412900
yadN_predicted,0.25,3,3,CAATCACTGCGGGACTTGTG,0,4403044
yadN_predicted,0.25,3,3,CAATAGCAATTACTTATGTA,0,4429272
yadN_predicted,0.25,3,3,CAAGGTCATTAAGAAACGTG,0,4427295
yadN_predicted,0.25,3,3,CAAGATCCTGTCACAACTAT,0,4430374
yadN_predicted,0.25,3,3,CAAGAGGTATGAGACTACTT,0,4405054
yadN_predicted,0.25,3,3,CAACTTCTTGGCATTGTTTC,0,4407642
yadN_predicted,0.25,3,3,CAACTAGGTGATATCACAAC,0,4417758
yadN_predicted,0.25,3,3,CAACGCGGTGCGTATTTATT,0,4404784
yadN_predicted,0.25,3,3,CAACCTATAAATGTGTATAA,0,4405044
yadN_predicted,0.25,3,3,CAACAAATAGACGACTCGAA,0,4415620
yadN_predicted,0.25,3,3,ATTTGTCACGGTTTCCGCTC,0,4429774
yadN_predicted,0.25,3,3,ATTTGCTCGGGAGGGCCACA,0,4420266
yadN_predicted,0.25,3,3,ATTTAACGCAATATGGTATG,0,4423207
yadN_predicted,0.25,3,3,ATTGGTAAACACATGGGATG,0,4412851
yadN_predicted,0.25,3,3,ATTGGGGAGAAGCCGCATTC,0,4430751
yadN_predicted,0.25,3,3,ATTGCCTCACGGGGTAATCT,0,4435226
yadN_predicted,0.25,3,3,ATTGACGGTGTTTCCTGATC,0,4415239
yadN_predicted,0.25,3,3,ATTCACGGGGCATCTTGGCC,0,4407880
yadN_predicted,0.25,3,3,ATTATATCTTTGTTACGTCT,0,4419290
yadN_predicted,0.25,3,3,ATTAGGTAGAGTTACGTATA,0,4432387
yadN_predicted,0.25,3,3,ATTAGGCTCTCATAACGCTT,0,4418363
yadN_predicted,0.25,3,3,ATGTTTGCTGGCAGAGGGAG,0,4418327
yadN_predicted,0.25,3,3,ATGTTCTCGCGCGGATTCCA,0,4422174
yadN_predicted,0.25,3,3,ATGTGCACGAGAATTCGTAC,0,4405864
yadN_predicted,0.25,3,3,ATGTACGAGAACATCAGTTT,0,4415968
yadN_predicted,0.25,3,3,ATGGTTGGCACTATCTCTCT,0,4408100
yadN_predicted,0.25,3,3,ATGGTTCTATGGCACTCCCG,0,4432718
yadN_predicted,0.25,3,3,ATGCGCTGACGATCGGCAGA,0,4413000
yadN_predicted,0.25,3,3,ATGCGAGTATCTAAGTGTAA,0,4423618
yadN_predicted,0.25,3,3,ATGCGAATATTGTTCGTCCA,0,4419018
yadN_predicted,0.25,3,3,ATGCAGTCGCGCACGACGGT,0,4408399
yadN_predicted,0.25,3,3,ATGAACTTTCTTTGTCAACT,0,4413466
yadN_predicted,0.25,3,3,ATCTCGGACCCATTCATCCG,0,4405204
yadN_predicted,0.25,3,3,ATCGTTTTTGGCAAGACTGC,0,4407065
yadN_predicted,0.25,3,3,ATCGGTGGCACGGCTCTACC,0,4415445
yadN_predicted,0.25,3,3,ATCGGTAGCGGACTTGGAAT,0,4419815
yadN_predicted,0.25,3,3,ATCGATGCCTCATGCGCTCT,0,4422213
yadN_predicted,0.25,3,3,ATCGAGTCGTTGATCTATTG,0,4414919
yadN_predicted,0.25,3,3,ATCCGGATCTAGCGTAAACG,0,4431792
yadN_predicted,0.25,3,3,ATCCGCTTCAGGAACTGGTA,0,4430510
yadN_predicted,0.25,3,3,ATCCCAGCGTCCTTCAGGAG,0,4402872
yadN_predicted,0.25,3,3,ATCATGACTTGTCGAGGTCG,0,4403446
yadN_predicted,0.25,3,3,ATCATATGGGACCCGGGGGG,0,4408594
yadN_predicted,0.25,3,3,ATCAGAGTAATCTTAATCTC,0,4416445
yadN_predicted,0.25,3,3,ATATTAGCGCAGCGTACACA,0,4415366
yadN_predicted,0.25,3,3,ATATGTTAAACATCCTGAAG,0,4432585
yadN_predicted,0.25,3,3,ATATGGATTTCGAGGAGTGC,0,4412318
yadN_predicted,0.25,3,3,ATATAGAGTATTCCCGTCTA,0,4415884
yadN_predicted,0.25,3,3,ATATAATGAGCCCGTGAAGT,0,4424057
yadN_predicted,0.25,3,3,ATAGGTTACATAGCATCTCC,0,4430764
yadN_predicted,0.25,3,3,ATAGCGGTATAATGGTTACC,0,4412448
yadN_predicted,0.25,3,3,ATACCGGTTAAGCATGCGTC,0,4423760
yadN_predicted,0.25,3,3,ATACCGCTCGCCTAGGTCGT,0,4424134
yadN_predicted,0.25,3,3,ATACCACGCAACATCCTGGG,0,4426664
yadN_predicted,0.25,3,3,ATAATCAGAGGCACTACGCT,0,4423448
yadN_predicted,0.25,3,3,ATAACGAAATGGCGCTCTTT,0,4417937
yadN_predicted,0.25,3,3,ATAAAACGTATAAAGATCTG,0,4422934
yadN_predicted,0.25,3,3,AGTTTTTTCTAGACGGGGGC,0,4431315
yadN_predicted,0.25,3,3,AGTTGTCCAGTGGGTCTGGA,0,4413494
yadN_predicted,0.25,3,3,AGTTCGATCCGTTTCGCGAG,0,4427826
yadN_predicted,0.25,3,3,AGTTCATGGTGTTCTAGAGG,0,4405752
yadN_predicted,0.25,3,3,AGTTAAACTTCATCATATTG,0,4416979
yadN_predicted,0.25,3,3,AGTGTTGGACTTGTGGGCTA,0,4410780
yadN_predicted,0.25,3,3,AGTGTTCTCCGTTCGTAGCA,0,4420474
yadN_predicted,0.25,3,3,AGTGGCTTTATGTCACCTTG,0,4430127
yadN_predicted,0.25,3,3,AGTGCCCCGAGCACGTATCA,0,4416969
yadN_predicted,0.25,3,3,AGTGCCCAGGCCTATGAAGC,0,4416802
yadN_predicted,0.25,3,3,AGTGCAGCATTCATTTCATC,0,4413492
yadN_predicted,0.25,3,3,AGTCTGGGACCAAGCATGGC,0,4428613
yadN_predicted,0.25,3,3,AGTCTCGTGGCGTTCTGTCC,0,4414793
yadN_predicted,0.25,3,3,AGTCGATACAGGACTGGATA,0,4418218
yadN_predicted,0.25,3,3,AGTCGAAGGACACTTTAAGT,0,4423007
yadN_predicted,0.25,3,3,AGTCCTTCGAAGGGACGGTC,0,4427884
yadN_predicted,0.25,3,3,AGTCCGTTTTCGCAGGGCTA,0,4422141
yadN_predicted,0.25,3,3,AGTAGTATCAACCGAGTTGG,0,4419736
yadN_predicted,0.25,3,3,AGTAGGTCACAGCTAAGACC,0,4402939
yadN_predicted,0.25,3,3,AGTAATCTCCTGCGATTACT,0,4417577
yadN_predicted,0.25,3,3,AGTAACAACCTAAGCCGGTT,0,4435377
yadN_predicted,0.25,3,3,AGGTTTAAGGATCAATTCAT,0,4434137
yadN_predicted,0.25,3,3,AGGTGGCGGACTATGCGATG,0,4408497
yadN_predicted,0.25,3,3,AGGTCGGCCTCCTGCCCCAG,0,4413825
yadN_predicted,0.25,3,3,AGGTCCTGGGGGCTGCGGAC,0,4431498
yadN_predicted,0.25,3,3,AGGTCAACCCTAGTTTCTTC,0,4435048
yadN_predicted,0.25,3,3,AGGTATGAAACTTTACATCC,0,4419889
yadN_predicted,0.25,3,3,AGGGTTTTGGGAGTGTTGGC,0,4426981
yadN_predicted,0.25,3,3,AGGGTCCGGGGGTGGACATG,0,4422156
yadN_predicted,0.25,3,3,AGGGGTTCGGAGGCGTTGTC,0,4431141
yadN_predicted,0.25,3,3,AGGGGGTGAGCATAGCTACT,0,4408648
yadN_predicted,0.25,3,3,AGGGAGGGGATCTCGAATGT,0,4410284
yadN_predicted,0.25,3,3,AGGCTACTGCGTACCACGCT,0,4405549
yadN_predicted,0.25,3,3,AGGCGAGGAAGACGATGGAC,0,4406781
yadN_predicted,0.25,3,3,AGGCATATCGCTGCGAGCGC,0,4417404
yadN_predicted,0.25,3,3,AGGCAGTCCAGGTTTGGGTC,0,4410151
yadN_predicted,0.25,3,3,AGGCAGACTTCAGTGCGTTT,0,4408183
yadN_predicted,0.25,3,3,AGGATAATTTCGAAGCAGGC,0,4434217
yadN_predicted,0.25,3,3,AGGAGTGGTAACATAAAGCT,0,4433310
yadN_predicted,0.25,3,3,AGGACGGTAACTCCGTACGC,0,4412369
yadN_predicted,0.25,3,3,AGGACCAGACGTTGCGTTGA,0,4405720
yadN_predicted,0.25,3,3,AGGAAGTCGTCTTTACACCA,0,4429179
yadN_predicted,0.25,3,3,AGGAAGCTGGCATCCGAATC,0,4418432
yadN_predicted,0.25,3,3,AGGAACGCCTCACTTCCGAA,0,4426402
yadN_predicted,0.25,3,3,AGGAAACATTTTTAGCGGTT,0,4403899
yadN_predicted,0.25,3,3,AGCTTGCTTATTAAACTCAC,0,4422836
yadN_predicted,0.25,3,3,AGCTTGAACCCCGTTCGTCA,0,4420178
yadN_predicted,0.25,3,3,AGCTGATCTTGTTGGTGAGA,0,4428976
yadN_predicted,0.25,3,3,AGCTACAATTGGCAGGAGAC,0,4411115
yadN_predicted,0.25,3,3,AGCTAAGCTCACTTAGTTTT,0,4427391
yadN_predicted,0.25,3,3,AGCGTGGGCACGAATGATGA,0,4429172
yadN_predicted,0.25,3,3,AGCGGTCATTAATTATCCAC,0,4412544
yadN_predicted,0.25,3,3,AGCGCTACTCTGCATACTGT,0,4431061
yadN_predicted,0.25,3,3,AGCGCGTATACAAGTAAGGG,0,4434354
yadN_predicted,0.25,3,3,AGCGCCTAACATCTTTCGGA,0,4409193
yadN_predicted,0.25,3,3,AGCCTTCTAACCAGACCAGA,0,4404707
yadN_predicted,0.25,3,3,AGCCATGCGAGAACCGATAT,0,4419589
yadN_predicted,0.25,3,3,AGCCACTGCTCGTGGGGCCG,0,4415984
yadN_predicted,0.25,3,3,AGCCAAGCAGCTCCTTGGTC,0,4426748
yadN_predicted,0.25,3,3,AGCAGGTGCTTTAAAAAGGT,0,4421909
yadN_predicted,0.25,3,3,AGATTTTATTACATCTTACG,0,4427662
yadN_predicted,0.25,3,3,AGATGTAAGATGACAGTTTT,0,4423797
yadN_predicted,0.25,3,3,AGATATCCCGCAAAGCGGGA,0,4417999
yadN_predicted,0.25,3,3,AGATACGATCTCAGATAGCG,0,4429769
yadN_predicted,0.25,3,3,AGATACCACCCGATATAATA,0,4403834
yadN_predicted,0.25,3,3,AGAGTTAAGAATTCTTCGTA,0,4407305
yadN_predicted,0.25,3,3,AGAGGTACGGTGAGTGTGGC,0,4425745
yadN_predicted,0.25,3,3,AGAGAATGGTGTGATTTCAA,0,4421759
yadN_predicted,0.25,3,3,AGACGGGAGGTTCCCATAGC,0,4433735
yadN_predicted,0.25,3,3,AGACCCTTAGGGTCATTAAC,0,4420296
yadN_predicted,0.25,3,3,AGACACATTTAAAAGCGGTC,0,4432301
yadN_predicted,0.25,3,3,AGACAACCCGGTCGCGCCTC,0,4428901
yadN_predicted,0.25,3,3,AGAACGCGGATCCACATCAT,0,4403536
yadN_predicted,0.25,3,3,AGAACCCCCTGCGATCCATT,0,4425574
yadN_predicted,0.25,3,3,AGAACAGGTGAGAATCTTGA,0,4414619
yadN_predicted,0.25,3,3,AGAAAAGACTTACGTGTGGC,0,4432254
yadN_predicted,0.25,3,3,ACTTTTTCCCCGGAAATATG,0,4431449
yadN_predicted,0.25,3,3,ACTTGCGAAGGGCGTTCAGC,0,4414709
yadN_predicted,0.25,3,3,ACTTGCCTCCTTTTGGACTC,0,4408968
yadN_predicted,0.25,3,3,ACTTGATTTCAGTCGGGCTA,0,4409360
yadN_predicted,0.25,3,3,ACTTGAGTAGTAAGTGCTCG,0,4420959
yadN_predicted,0.25,3,3,ACTTCTTTTACGCTGTTACG,0,4424351
yadN_predicted,0.25,3,3,ACTGTGGTGTTTTGAAGAGT,0,4432613
yadN_predicted,0.25,3,3,ACTGGTGAGAGAGAGTTATT,0,4423730
yadN_predicted,0.25,3,3,ACTGGCGATTAGGAAGCTAG,0,4435018
yadN_predicted,0.25,3,3,ACTGCTGCAAGTTAACAGAT,0,4411534
yadN_predicted,0.25,3,3,ACTCTAGCCCGAGACCGTTA,0,4423895
yadN_predicted,0.25,3,3,ACTCGGAGATATTTATGACC,0,4430221
yadN_predicted,0.25,3,3,ACTCCTGCCACGAACTCGTC,0,4414135
yadN_predicted,0.25,3,3,ACTCCCATGTAACTTCACGT,0,4426053
yadN_predicted,0.25,3,3,ACTCCACTTGACGCTGGTTC,0,4427809
yadN_predicted,0.25,3,3,ACTCACAAGCAAAAACCTGT,0,4413108
yadN_predicted,0.25,3,3,ACTCAAAAACACTGAACTGG,0,4432095
yadN_predicted,0.25,3,3,ACTATTTGATGGTAATACGG,0,4427347
yadN_predicted,0.25,3,3,ACTAGGAGTGCATTGCCGCA,0,4431603
yadN_predicted,0.25,3,3,ACGTGTCGGAGAAAGCGCTC,0,4415961
yadN_predicted,0.25,3,3,ACGTGAGTTAGACACGCTCC,0,4416304
yadN_predicted,0.25,3,3,ACGTCGATACAAGGGTTATA,0,4417968
yadN_predicted,0.25,3,3,ACGTCACGCGTTCGCATGGT,0,4402629
yadN_predicted,0.25,3,3,ACGTCAATTAAACCGGTCAC,0,4428496
yadN_predicted,0.25,3,3,ACGGTGCACTAAAATAATGC,0,4423749
yadN_predicted,0.25,3,3,ACGGTAGAGCGGTTAACCGC,0,4416985
yadN_predicted,0.25,3,3,ACGGCCCAGCTTGCGAGGAG,0,4414159
yadN_predicted,0.25,3,3,ACGCGTTCGTCACTTCAGCC,0,4405442
yadN_predicted,0.25,3,3,ACGCGACTGCGGTGCAAACC,0,4407858
yadN_predicted,0.25,3,3,ACGATTAAAAACGCTCACGC,0,4419584
yadN_predicted,0.25,3,3,ACGAACCGTGATGTGTGGGA,0,4408973
yadN_predicted,0.25,3,3,ACCGGATCCGAAATGATTCT,0,4423084
yadN_predicted,0.25,3,3,ACCGCCCCGACCCCAAGCTC,0,4426118
yadN_predicted,0.25,3,3,ACCGCCATCGTGGACTTACA,0,4403188
yadN_predicted,0.25,3,3,ACCGAAAGCGGTATTTTTAA,0,4423689
yadN_predicted,0.25,3,3,ACCCGTAGAAGGAGGCTACG,0,4424131
yadN_predicted,0.25,3,3,ACCCGCTTGGGCTTAAGTCT,0,4419570
yadN_predicted,0.25,3,3,ACCCGAAAACCGAATTTTAG,0,4411757
yadN_predicted,0.25,3,3,ACCATTCAGCTGGGCACAAA,0,4414240
yadN_predicted,0.25,3,3,ACCATAGAGAGATCCAGCCC,0,4414055
yadN_predicted,0.25,3,3,ACCATAAGCCAGATAATGTG,0,4435728
yadN_predicted,0.25,3,3,ACCAGTGTATGTCGTCTCAC,0,4410684
yadN_predicted,0.25,3,3,ACATATTTACAGTTCGGGTG,0,4429355
yadN_predicted,0.25,3,3,ACAGTCATAAACGAGCTCAA,0,4425014
yadN_predicted,0.25,3,3,ACAGGACGGAAATGGTTGCG,0,4412710
yadN_predicted,0.25,3,3,ACAGCGGGTTCGCTATTAGA,0,4415896
yadN_predicted,0.25,3,3,ACAGAACTCCCCATCAGCGA,0,4433422
yadN_predicted,0.25,3,3,ACACTTTAGCTAATTACGGG,0,4416416
yadN_predicted,0.25,3,3,ACAATCATTGTTGCAGTATT,0,4414805
yadN_predicted,0.25,3,3,ACAAATCACGCGCTGGCTTA,0,4433855
yadN_predicted,0.25,3,3,ACAAAGAATCTTCTGTGTCA,0,4410595
yadN_predicted,0.25,3,3,AATTGTAGCTCGAGGAGATT,0,4421942
yadN_predicted,0.25,3,3,AATTGGGCAAATAAGATTTT,0,4414280
yadN_predicted,0.25,3,3,AATTGGCACTTTACTGCGAG,0,4411605
yadN_predicted,0.25,3,3,AATTGGCACAGTGCACACTA,0,4411371
yadN_predicted,0.25,3,3,AATTACAGCCCCACCATATT,0,4413892
yadN_predicted,0.25,3,3,AATTAATAACTTCATCGTTA,0,4410589
yadN_predicted,0.25,3,3,AATGTTGAGCACACAACCAT,0,4404463
yadN_predicted,0.25,3,3,AATGATTAACACGTCCGACG,0,4404477
yadN_predicted,0.25,3,3,AATGACACACAGTAAGTGGC,0,4406743
yadN_predicted,0.25,3,3,AATCGATTATTAAGGTGCGA,0,4428190
yadN_predicted,0.25,3,3,AATCCCATAGGGAAGACGAT,0,4413745
yadN_predicted,0.25,3,3,AATAGAATTGCTCTCGGTGT,0,4410447
yadN_predicted,0.25,3,3,AAGTTCTGAGTACCCACGTT,0,4417125
yadN_predicted,0.25,3,3,AAGTGTTCGTCTGGGACCGT,0,4428262
yadN_predicted,0.25,3,3,AAGTCGAGTTGCTTATTCTC,0,4406559
yadN_predicted,0.25,3,3,AAGTATCTTGCTTAAGAAAA,0,4429842
yadN_predicted,0.25,3,3,AAGGTCTTTATCTCTCGCAG,0,4407539
yadN_predicted,0.25,3,3,AAGGCGGTGAGCAGCAGTTT,0,4407971
yadN_predicted,0.25,3,3,AAGGCGGCCATACGTAACCT,0,4423100
yadN_predicted,0.25,3,3,AAGGCGCTGGATCGAATGAA,0,4430167
yadN_predicted,0.25,3,3,AAGGCACTTCCGTGGGTTTC,0,4419245
yadN_predicted,0.25,3,3,AAGGACATCGAGAACGCGGC,0,4430577
yadN_predicted,0.25,3,3,AAGCGACGGGCGCATTCACA,0,4420899
yadN_predicted,0.25,3,3,AAGCCAATAAGATGGTGCGA,0,4425781
yadN_predicted,0.25,3,3,AAGCACAAACTGAAAAAGAG,0,4414878
yadN_predicted,0.25,3,3,AAGATTTGCGTGCACACGCA,0,4411636
yadN_predicted,0.25,3,3,AACGCGTCGCTATCCCCTAA,0,4428254
yadN_predicted,0.25,3,3,AACGCCCCTGGAGAGGCTGA,0,4425875
yadN_predicted,0.25,3,3,AACGAATCAGCTCCGCAGTC,0,4413226
yadN_predicted,0.25,3,3,AACGAAAGTCCCGTTGATAA,0,4407772
yadN_predicted,0.25,3,3,AACCGTAGGTTTGTTCCGCA,0,4410862
yadN_predicted,0.25,3,3,AACCGGTGCTATAGATCAGC,0,4422652
yadN_predicted,0.25,3,3,AACATGCGGAATTACAGATC,0,4411065
yadN_predicted,0.25,3,3,AACATCCTACACTGTTTGTT,0,4423896
yadN_predicted,0.25,3,3,AAATTAATTCGGGGATTACA,0,4404847
yadN_predicted,0.25,3,3,AAATGTAGTTATGCCACCGT,0,4421470
yadN_predicted,0.25,3,3,AAATGGGGTTCTTAGAGCGT,0,4416065
yadN_predicted,0.25,3,3,AAATCCGGAATGGGAGACTG,0,4405942
yadN_predicted,0.25,3,3,AAAGTGCGTGCATGAACTTG,0,4424644
yadN_predicted,0.25,3,3,AAAGCACGTCACCACGTCCT,0,4413342
yadN_predicted,0.25,3,3,AAAGAAGTGGATATACGCGC,0,4415504
yadN_predicted,0.25,3,3,AAAATATGGAGGTTAGGGGT,0,4432180
yadN_predicted,0.25,3,3,AAAATACCTCATGTACTCGA,0,4419666
yadN_predicted,0.25,3,3,AAAAGAGCAGGGGACAGCAG,0,4422388
yadN_predicted,0.25,3,3,AAAAATGGACAATTTGGCTA,0,4405675
yadN_predicted,0.3333333333333333,2,2,TTTTTCACATCAACTCCCGA,0,4425816
yadN_predicted,0.3333333333333333,2,2,TTTTTATCAACTTTCGTCCC,0,4416216
yadN_predicted,0.3333333333333333,2,2,TTTTTAGAGACAGGCCACAA,0,4433094
yadN_predicted,0.3333333333333333,2,2,TTTTGGTGGATTTGGCAATG,0,4429662
yadN_predicted,0.3333333333333333,2,2,TTTTCTCAACCCAAGGCCCC,0,4407587
yadN_predicted,0.3333333333333333,2,2,TTTTCGAGTTTAGGTGTAAT,0,4407217
yadN_predicted,0.3333333333333333,2,2,TTTTCCGCAGGTCGTTGTCT,0,4420953
yadN_predicted,0.3333333333333333,2,2,TTTCCGAGGGATTCGAGAAA,0,4422204
yadN_predicted,0.3333333333333333,2,2,TTGTTCGCCCGAACCGGGAC,0,4420909
yadN_predicted,0.3333333333333333,2,2,TTGTGCTAAACCGCCACTTA,0,4415480
yadN_predicted,0.3333333333333333,2,2,TTGTAGGAAGAGTGACACCT,0,4406136
yadN_predicted,0.3333333333333333,2,2,TTGTACTGTCTGCTTAAGAC,0,4409717
yadN_predicted,0.3333333333333333,2,2,TTGGGCTCGGCCCATCCACG,0,4412609
yadN_predicted,0.3333333333333333,2,2,TTGGGCAGGCACTCTGGTTC,0,4417960
yadN_predicted,0.3333333333333333,2,2,TTGGATTTATGACACACAAC,0,4433593
yadN_predicted,0.3333333333333333,2,2,TTGCTACAAACAGGGACCGT,0,4426200
yadN_predicted,0.3333333333333333,2,2,TTGCGGAGGTTGGTTCGTTA,0,4431243
yadN_predicted,0.3333333333333333,2,2,TTGCATATGTGTGGCAATGT,0,4426978
yadN_predicted,0.3333333333333333,2,2,TTGCACGCGCCGATACTGAC,0,4415507
yadN_predicted,0.3333333333333333,2,2,TTGCAAATGTTGGTTACACA,0,4412057
yadN_predicted,0.3333333333333333,2,2,TTGAACCGAGTTGTTTCAAT,0,4428814
yadN_predicted,0.3333333333333333,2,2,TTCTGTACAATATGTTCAAC,0,4405501
yadN_predicted,0.3333333333333333,2,2,TTCTGGTAGGCGTTGCTCGC,0,4421219
yadN_predicted,0.3333333333333333,2,2,TTCTACCCCTGCGTTCCTCC,0,4421685
yadN_predicted,0.3333333333333333,2,2,TTCTAATTCCACTTTGGTTT,0,4415140
yadN_predicted,0.3333333333333333,2,2,TTCGTCAGTTCTTCGCGGTC,0,4414866
yadN_predicted,0.3333333333333333,2,2,TTCGATACCTATCTAGCGGG,0,4426232
yadN_predicted,0.3333333333333333,2,2,TTCGAGTGCACATAGACTGC,0,4406092
yadN_predicted,0.3333333333333333,2,2,TTCGACGAGGCAGCTGGGGC,0,4405401
yadN_predicted,0.3333333333333333,2,2,TTCCTGAGTCATGGTTAACA,0,4402878
yadN_predicted,0.3333333333333333,2,2,TTCCTATAGAACCCAATCCC,0,4423743
yadN_predicted,0.3333333333333333,2,2,TTCCGCTCATAATTTCCTCT,0,4428598
yadN_predicted,0.3333333333333333,2,2,TTCCGAGGAGTGACGAGAAA,0,4429413
yadN_predicted,0.3333333333333333,2,2,TTCCGACTCGTGCATCCGTT,0,4428702
yadN_predicted,0.3333333333333333,2,2,TTCATTGTTAATTTGGTGGT,0,4426211
yadN_predicted,0.3333333333333333,2,2,TTCATCACTTGCGATTCCAT,0,4419238
yadN_predicted,0.3333333333333333,2,2,TTCACTAAGGCCTAGCGCAG,0,4429698
yadN_predicted,0.3333333333333333,2,2,TTCACAGCGCAATTGTTCGT,0,4433449
yadN_predicted,0.3333333333333333,2,2,TTCAATTTGTCCTCAGTCCA,0,4430182
yadN_predicted,0.3333333333333333,2,2,TTCAATATGTCTCAATACAA,0,4414752
yadN_predicted,0.3333333333333333,2,2,TTATCGGGGACCGCTCACAT,0,4419097
yadN_predicted,0.3333333333333333,2,2,TTATCGGAATCATAGGCATG,0,4417904
yadN_predicted,0.3333333333333333,2,2,TTATCCTTAATGGCATTGGG,0,4421238
yadN_predicted,0.3333333333333333,2,2,TTATCCTGAACCTGCTTTCT,0,4425012
yadN_predicted,0.3333333333333333,2,2,TTATCCCAAACGGGGCATTA,0,4419392
yadN_predicted,0.3333333333333333,2,2,TTATACTCGTCAAATTGTCG,0,4414984
yadN_predicted,0.3333333333333333,2,2,TTAGTTTCCCTTAACCGCTC,0,4414422
yadN_predicted,0.3333333333333333,2,2,TTAGTATCCCCACCGTGGAC,0,4410908
yadN_predicted,0.3333333333333333,2,2,TTAGGGTTTTAGTGCTAAGT,0,4403396
yadN_predicted,0.3333333333333333,2,2,TTAGGCGCCATGGTTTGTGG,0,4419472
yadN_predicted,0.3333333333333333,2,2,TTAGATAATCCGCAGATGCA,0,4434714
yadN_predicted,0.3333333333333333,2,2,TTACTAACCAAGACCTGGCA,0,4408748
yadN_predicted,0.3333333333333333,2,2,TTAATTCTGAAATCGGGGTA,0,4405698
yadN_predicted,0.3333333333333333,2,2,TTAATCGCGGCGTAAATACG,0,4423622
yadN_predicted,0.3333333333333333,2,2,TTAAGTACTGAGACATCTAC,0,4408389
yadN_predicted,0.3333333333333333,2,2,TTAAATTCCCGGTTTATCAG,0,4428085
yadN_predicted,0.3333333333333333,2,2,TTAAAATCTTTAATGCGATA,0,4411679
yadN_predicted,0.3333333333333333,2,2,TGTTTACCTAGTTACTCGGT,0,4414753
yadN_predicted,0.3333333333333333,2,2,TGTTGACACCCGTAGGCTCT,0,4434348
yadN_predicted,0.3333333333333333,2,2,TGTTATGACATCGTCCATGT,0,4410783
yadN_predicted,0.3333333333333333,2,2,TGTGTGTACAGGCTGGACTC,0,4428506
yadN_predicted,0.3333333333333333,2,2,TGTGGTATTTGCAAAAGCTG,0,4431680
yadN_predicted,0.3333333333333333,2,2,TGTGATCGATCCAGGTTATA,0,4434183
yadN_predicted,0.3333333333333333,2,2,TGTCTGTTGTTTTCTCACCC,0,4407027
yadN_predicted,0.3333333333333333,2,2,TGTCTATCTAACCCATCTCC,0,4422523
yadN_predicted,0.3333333333333333,2,2,TGTAGATACGCAAATTCGGT,0,4416327
yadN_predicted,0.3333333333333333,2,2,TGTACATGGCCATGCCCCAT,0,4412990
yadN_predicted,0.3333333333333333,2,2,TGTACAGGTTGTCGGATTTA,0,4415038
yadN_predicted,0.3333333333333333,2,2,TGGTTTGTCGTTGGGTGAAC,0,4427668
yadN_predicted,0.3333333333333333,2,2,TGGTTGTGGTCGTAGAGAGG,0,4432111
yadN_predicted,0.3333333333333333,2,2,TGGTGTGTATTCGGAGATCC,0,4411773
yadN_predicted,0.3333333333333333,2,2,TGGTCAAGCCTAAAGTTCGT,0,4423547
yadN_predicted,0.3333333333333333,2,2,TGGGTTTGTGGATTCGACAG,0,4408333
yadN_predicted,0.3333333333333333,2,2,TGGGTGTTCTCGGCCATTGC,0,4408097
yadN_predicted,0.3333333333333333,2,2,TGGGTGCGCCGGCACTGACG,0,4424987
yadN_predicted,0.3333333333333333,2,2,TGGGCTTATGCGGCTGGCGA,0,4427520
yadN_predicted,0.3333333333333333,2,2,TGGGCCATTAGACAACAGAA,0,4410536
yadN_predicted,0.3333333333333333,2,2,TGGCTAGAAAAGATAAGTTG,0,4416710
yadN_predicted,0.3333333333333333,2,2,TGGCCCGGCTGCACATCACA,0,4405399
yadN_predicted,0.3333333333333333,2,2,TGGCCCCAGCATTGGGGCAT,0,4416158
yadN_predicted,0.3333333333333333,2,2,TGGCAAATAACTAATCTTGT,0,4421020
yadN_predicted,0.3333333333333333,2,2,TGGATGTTACAAAGCTAGAA,0,4427412
yadN_predicted,0.3333333333333333,2,2,TGGAGTTCTTCGAATTCCTT,0,4419981
yadN_predicted,0.3333333333333333,2,2,TGGACGGCAAAGTTCATGGA,0,4420855
yadN_predicted,0.3333333333333333,2,2,TGGACCTGTACACAAGAATG,0,4407298
yadN_predicted,0.3333333333333333,2,2,TGGACCCTAGCATTTGAAAC,0,4413945
yadN_predicted,0.3333333333333333,2,2,TGGAATTCATGGGGGTGAGA,0,4416083
yadN_predicted,0.3333333333333333,2,2,TGGAATCGGCGGAGTAGGAC,0,4417644
yadN_predicted,0.3333333333333333,2,2,TGCTGGGTACTCTCCATAAA,0,4427046
yadN_predicted,0.3333333333333333,2,2,TGCTCTCCAGCGTCGGCCTC,0,4432994
yadN_predicted,0.3333333333333333,2,2,TGCTAGTACAAAAGCGCACC,0,4425467
yadN_predicted,0.3333333333333333,2,2,TGCGTATGGGTTTTTACCAA,0,4409374
yadN_predicted,0.3333333333333333,2,2,TGCGTAGCCTTGGAGCTTCC,0,4404168
yadN_predicted,0.3333333333333333,2,2,TGCGCAGCATACGCGGAATA,0,4424558
yadN_predicted,0.3333333333333333,2,2,TGCCGACTAAAACAGACGAT,0,4411276
yadN_predicted,0.3333333333333333,2,2,TGCCGACGCTTATGATCATG,0,4407464
yadN_predicted,0.3333333333333333,2,2,TGCAGTGATCAAATTCCACT,0,4418158
yadN_predicted,0.3333333333333333,2,2,TGCAGCACTGAGGGATTATC,0,4429701
yadN_predicted,0.3333333333333333,2,2,TGCAACACGTAATAAGGTCT,0,4413140
yadN_predicted,0.3333333333333333,2,2,TGATTTAAGGGTCGTGTATT,0,4419771
yadN_predicted,0.3333333333333333,2,2,TGATGATCTAGAAACGTCTA,0,4414123
yadN_predicted,0.3333333333333333,2,2,TGATCGAATTAATAGACGCA,0,4411401
yadN_predicted,0.3333333333333333,2,2,TGATCCGGTGCCGGGCCGGT,0,4419772
yadN_predicted,0.3333333333333333,2,2,TGATAGGAGACGCACGTTGT,0,4407153
yadN_predicted,0.3333333333333333,2,2,TGAGTTATGAGGAGTCATGC,0,4407044
yadN_predicted,0.3333333333333333,2,2,TGAGTGTTTTTTCTTTTGCT,0,4429261
yadN_predicted,0.3333333333333333,2,2,TGAGTACCATGGTACACTCT,0,4406083
yadN_predicted,0.3333333333333333,2,2,TGAGGTGGAACACGGCACAC,0,4425366
yadN_predicted,0.3333333333333333,2,2,TGAGGCCTGTGCGCTTAATT,0,4408947
yadN_predicted,0.3333333333333333,2,2,TGAGGCACGCGGCCGCGAGT,0,4427790
yadN_predicted,0.3333333333333333,2,2,TGAGGATGGGATGTTGCACT,0,4402854
yadN_predicted,0.3333333333333333,2,2,TGACTTTTGTTGACACTCTC,0,4423830
yadN_predicted,0.3333333333333333,2,2,TGACAGCGATCCTACTGGGG,0,4404309
yadN_predicted,0.3333333333333333,2,2,TGACAAGAATCAGTGCGATA,0,4410194
yadN_predicted,0.3333333333333333,2,2,TGAAGACCGGAGTCTTCAAT,0,4425385
yadN_predicted,0.3333333333333333,2,2,TCTTTCGTCCTCGTGAGGCC,0,4408564
yadN_predicted,0.3333333333333333,2,2,TCTTTAGTTAAACCATAATT,0,4422355
yadN_predicted,0.3333333333333333,2,2,TCTTGGACGGTAGCCGCACA,0,4414662
yadN_predicted,0.3333333333333333,2,2,TCTTGCCCATATACATTCAT,0,4431017
yadN_predicted,0.3333333333333333,2,2,TCTTGAGCCCAAACGGAGTT,0,4427658
yadN_predicted,0.3333333333333333,2,2,TCTGTTATCGTTACCCCCTG,0,4403144
yadN_predicted,0.3333333333333333,2,2,TCTGTTAGTGTGTACTAGAA,0,4418449
yadN_predicted,0.3333333333333333,2,2,TCTGGTGTAGATTCATATTT,0,4429417
yadN_predicted,0.3333333333333333,2,2,TCTGGCTAATGTTAATAACG,0,4430696
yadN_predicted,0.3333333333333333,2,2,TCTGCGCCTATCGGGTGGGT,0,4432009
yadN_predicted,0.3333333333333333,2,2,TCTCTTTAGGCGGACCCGGT,0,4420568
yadN_predicted,0.3333333333333333,2,2,TCTCTAGACGCAGATCGGCA,0,4412315
yadN_predicted,0.3333333333333333,2,2,TCTATCTGGCACTGTACTAG,0,4411514
yadN_predicted,0.3333333333333333,2,2,TCTACTGGCAACCGAAGGTG,0,4427541
yadN_predicted,0.3333333333333333,2,2,TCGTCGCCCTCCCGCCCCTT,0,4433580
yadN_predicted,0.3333333333333333,2,2,TCGTCAACATGGCACGTTTA,0,4421755
yadN_predicted,0.3333333333333333,2,2,TCGGTCATGGCTATCGCTAA,0,4403067
yadN_predicted,0.3333333333333333,2,2,TCGGGGTCGTTGCGGCAAAG,0,4415422
yadN_predicted,0.3333333333333333,2,2,TCGGCTCGGCAACACACGTC,0,4421058
yadN_predicted,0.3333333333333333,2,2,TCGGAATTTGCAATCTCACG,0,4418871
yadN_predicted,0.3333333333333333,2,2,TCGCGGAGAGTACCTCGGGG,0,4421757
yadN_predicted,0.3333333333333333,2,2,TCGCGATCCGCAGGTAGGAG,0,4415565
yadN_predicted,0.3333333333333333,2,2,TCGCATACCCGGAACATGCC,0,4427953
yadN_predicted,0.3333333333333333,2,2,TCGCAACGGTAATAGACAAG,0,4407376
yadN_predicted,0.3333333333333333,2,2,TCGATGCTAGCGGAACACTT,0,4420507
yadN_predicted,0.3333333333333333,2,2,TCGATATTTTGTCTTTTCTA,0,4431991
yadN_predicted,0.3333333333333333,2,2,TCGACATTGAAATTCCGTGT,0,4411301
yadN_predicted,0.3333333333333333,2,2,TCGACATGGGACCGCGCCCA,0,4433724
yadN_predicted,0.3333333333333333,2,2,TCCTGAACCCGCTTGTGAGG,0,4428253
yadN_predicted,0.3333333333333333,2,2,TCCTCAACACAGTTGAGCGG,0,4415342
yadN_predicted,0.3333333333333333,2,2,TCCTAAGTATCGGACCCGAT,0,4415751
yadN_predicted,0.3333333333333333,2,2,TCCGTAATTCAGAAGCATAA,0,4407410
yadN_predicted,0.3333333333333333,2,2,TCCGGGTGAGGAGCTCCACC,0,4404420
yadN_predicted,0.3333333333333333,2,2,TCCGCCGGAAACAATCTCCG,0,4420634
yadN_predicted,0.3333333333333333,2,2,TCCCGTATTATAATAACCCC,0,4407275
yadN_predicted,0.3333333333333333,2,2,TCCCCTAACCAGCGCATGTG,0,4403999
yadN_predicted,0.3333333333333333,2,2,TCCCCCTAGATGAGACCGCA,0,4415616
yadN_predicted,0.3333333333333333,2,2,TCCCAGAGCATACTTCGAAG,0,4412960
yadN_predicted,0.3333333333333333,2,2,TCCCAAGTCGTGGCTTGGCT,0,4432100
yadN_predicted,0.3333333333333333,2,2,TCCATCCCTGGACGCCGGCT,0,4433328
yadN_predicted,0.3333333333333333,2,2,TCCACTTCTTGAGGAGTTTA,0,4414623
yadN_predicted,0.3333333333333333,2,2,TCATGGCTGCTCCTCAAGGT,0,4410345
yadN_predicted,0.3333333333333333,2,2,TCATATGCTTTTAGGGCTTC,0,4406660
yadN_predicted,0.3333333333333333,2,2,TCAGCAGTACACGGAATACG,0,4410038
yadN_predicted,0.3333333333333333,2,2,TCAGATCCCCGTGGAAGAGG,0,4413640
yadN_predicted,0.3333333333333333,2,2,TCAGAGGAATGTTGCAACTG,0,4426619
yadN_predicted,0.3333333333333333,2,2,TCAGACAATCGATAAACAGG,0,4402572
yadN_predicted,0.3333333333333333,2,2,TCACTTCAAGTAGTGGTATT,0,4417346
yadN_predicted,0.3333333333333333,2,2,TCACGGAGATCGCAACCCCC,0,4432278
yadN_predicted,0.3333333333333333,2,2,TCAAGTTAGGTAGCGAGAAA,0,4416176
yadN_predicted,0.3333333333333333,2,2,TCAAAATTGATATCCGTAGA,0,4420457
yadN_predicted,0.3333333333333333,2,2,TATTGCACGATTCTCATCTG,0,4421135
yadN_predicted,0.3333333333333333,2,2,TATTCGACCTAGGCAGCCGG,0,4405361
yadN_predicted,0.3333333333333333,2,2,TATTAACTAAATATTCAGGT,0,4431396
yadN_predicted,0.3333333333333333,2,2,TATGTGTGAGAGTGCAAGAT,0,4420045
yadN_predicted,0.3333333333333333,2,2,TATGTAACATCCCTGGAAAA,0,4424152
yadN_predicted,0.3333333333333333,2,2,TATGGGTTAAGAGTAATGTC,0,4423761
yadN_predicted,0.3333333333333333,2,2,TATCTGGGTCAACATTCCCC,0,4429177
yadN_predicted,0.3333333333333333,2,2,TATCTGCCACTACTGCCTTA,0,4428927
yadN_predicted,0.3333333333333333,2,2,TATCTAGATACCACGTGGGA,0,4417530
yadN_predicted,0.3333333333333333,2,2,TATCGACCAGATTCGTCGTG,0,4429811
yadN_predicted,0.3333333333333333,2,2,TATATGTGTTGCACCGAAGT,0,4408447
yadN_predicted,0.3333333333333333,2,2,TATATGAAACTCTGTGTCGG,0,4420766
yadN_predicted,0.3333333333333333,2,2,TATATACGTGTGAGTCTCTA,0,4411145
yadN_predicted,0.3333333333333333,2,2,TATACGTGTGGTGCCGATCT,0,4403894
yadN_predicted,0.3333333333333333,2,2,TATAATAATTAAGACCGGAG,0,4403200
yadN_predicted,0.3333333333333333,2,2,TATAAGATTTCCTTGGCTCC,0,4432774
yadN_predicted,0.3333333333333333,2,2,TATAACGTTTCACAGCTTGG,0,4404427
yadN_predicted,0.3333333333333333,2,2,TAGGTTAGCGCCTGTACGAT,0,4433445
yadN_predicted,0.3333333333333333,2,2,TAGGGGAATATGCATCGGCG,0,4406653
yadN_predicted,0.3333333333333333,2,2,TAGGGACATGTGGGCTACAG,0,4412086
yadN_predicted,0.3333333333333333,2,2,TAGGCTCGTATATCGATGCA,0,4409085
yadN_predicted,0.3333333333333333,2,2,TAGGCCTCCGATATTCTCAT,0,4408700
yadN_predicted,0.3333333333333333,2,2,TAGGCCAGCTACTCCGTGTT,0,4423869
yadN_predicted,0.3333333333333333,2,2,TAGGATGGTCGTCCTTGGGA,0,4403321
yadN_predicted,0.3333333333333333,2,2,TAGGATAGGGGGGGCGCAGT,0,4424056
yadN_predicted,0.3333333333333333,2,2,TAGCTACCGCTCGTGAAGTC,0,4407493
yadN_predicted,0.3333333333333333,2,2,TAGCCGATTGGGTACGTGTC,0,4433802
yadN_predicted,0.3333333333333333,2,2,TAGCAAGCACTTCCCATGGT,0,4429164
yadN_predicted,0.3333333333333333,2,2,TAGATGCGATCAGGGATAAG,0,4420508
yadN_predicted,0.3333333333333333,2,2,TAGACCTGGCGCTCAGCCTG,0,4432520
yadN_predicted,0.3333333333333333,2,2,TACTTGCCTTCCTTCTAATC,0,4423576
yadN_predicted,0.3333333333333333,2,2,TACTTAGCATGCCCCTCAAC,0,4404026
yadN_predicted,0.3333333333333333,2,2,TACGTGGATCGGACTACAAG,0,4405421
yadN_predicted,0.3333333333333333,2,2,TACGCGAGGTGGGCCTGTCA,0,4435171
yadN_predicted,0.3333333333333333,2,2,TACGAGTCGAGCGGCAGAGA,0,4418435
yadN_predicted,0.3333333333333333,2,2,TACGAGCTGCGGCATTTACT,0,4410276
yadN_predicted,0.3333333333333333,2,2,TACGACGCCAGACCGCAGTC,0,4430875
yadN_predicted,0.3333333333333333,2,2,TACGACATATCCTGATTCAT,0,4416769
yadN_predicted,0.3333333333333333,2,2,TACGAATACATGCAGGAGGA,0,4410017
yadN_predicted,0.3333333333333333,2,2,TACCCGCCATCGGTTAACGG,0,4408681
yadN_predicted,0.3333333333333333,2,2,TACCACATGCACGAACGGTC,0,4427087
yadN_predicted,0.3333333333333333,2,2,TACATATGGGTGGTTCCCAG,0,4413543
yadN_predicted,0.3333333333333333,2,2,TACATATACTCTGTCGGTTC,0,4408493
yadN_predicted,0.3333333333333333,2,2,TACAGCAGGCGTTTCCTGCT,0,4428144
yadN_predicted,0.3333333333333333,2,2,TACAAAGGGGCGCCTGTACG,0,4412684
yadN_predicted,0.3333333333333333,2,2,TAATTCTCGGGCACCTTTGA,0,4429321
yadN_predicted,0.3333333333333333,2,2,TAATGGGGTGGGGTAAGTGT,0,4407830
yadN_predicted,0.3333333333333333,2,2,TAATCGTGGGCCAAGTACGT,0,4435454
yadN_predicted,0.3333333333333333,2,2,TAATCGATGTCATAGGCCCA,0,4419514
yadN_predicted,0.3333333333333333,2,2,TAATAGGATCGATTGCAATA,0,4429210
yadN_predicted,0.3333333333333333,2,2,TAATAGCCGTCCGTTCCGTC,0,4404508
yadN_predicted,0.3333333333333333,2,2,TAAGTTTAGCTACGACTGAA,0,4423381
yadN_predicted,0.3333333333333333,2,2,TAAGTTGACCATATACGCTC,0,4403443
yadN_predicted,0.3333333333333333,2,2,TAAGGGTTACAGCATGCCCA,0,4423211
yadN_predicted,0.3333333333333333,2,2,TAACGCTGCCCTTGTGGATA,0,4418769
yadN_predicted,0.3333333333333333,2,2,TAACCCCGTCAACTCCCGGA,0,4414689
yadN_predicted,0.3333333333333333,2,2,TAACATTAGAGGAAATGCGG,0,4406896
yadN_predicted,0.3333333333333333,2,2,TAACATCGACAAGACTTATA,0,4406204
yadN_predicted,0.3333333333333333,2,2,TAAATCCAATATCGTGTTCG,0,4408323
yadN_predicted,0.3333333333333333,2,2,TAAATATTGCACGCAAGCGT,0,4433335
yadN_predicted,0.3333333333333333,2,2,TAAACCACGAGGGGCTCAGC,0,4425040
yadN_predicted,0.3333333333333333,2,2,GTTTTATGTGCCGTGTCGTT,0,4426410
yadN_predicted,0.3333333333333333,2,2,GTTTTACTCATTACCGACCG,0,4431574
yadN_predicted,0.3333333333333333,2,2,GTTTGTATGTTGCCAAACGA,0,4427306
yadN_predicted,0.3333333333333333,2,2,GTTTCGTCCGTTTGAGAATT,0,4408538
yadN_predicted,0.3333333333333333,2,2,GTTTATGGCGAACCACGATA,0,4419059
yadN_predicted,0.3333333333333333,2,2,GTTCCTACTATGCAGATAGC,0,4413817
yadN_predicted,0.3333333333333333,2,2,GTTATTTACTGCGGCTAGTA,0,4404613
yadN_predicted,0.3333333333333333,2,2,GTTATGATGGCTCGGGTAAA,0,4411449
yadN_predicted,0.3333333333333333,2,2,GTTACGCTAGATGTTTTAAT,0,4406498
yadN_predicted,0.3333333333333333,2,2,GTTACAGCATAAGTACTTCG,0,4427365
yadN_predicted,0.3333333333333333,2,2,GTGTTGCCCGGCGCCAGAGG,0,4418641
yadN_predicted,0.3333333333333333,2,2,GTGTGTCACTATCCTGCTCA,0,4416343
yadN_predicted,0.3333333333333333,2,2,GTGTGGATGGGAGAAGTATA,0,4411854
yadN_predicted,0.3333333333333333,2,2,GTGTCGCAGCTTTGAAGCCT,0,4417407
yadN_predicted,0.3333333333333333,2,2,GTGGTTCCATTATCCTATCA,0,4427534
yadN_predicted,0.3333333333333333,2,2,GTGGGTCGTGTCATTAGATG,0,4428541
yadN_predicted,0.3333333333333333,2,2,GTGGGGACTCATCGCTGCTA,0,4435912
yadN_predicted,0.3333333333333333,2,2,GTGGGCACATCCCTGAAGCA,0,4428956
yadN_predicted,0.3333333333333333,2,2,GTGGGAGTCATGCAACAATG,0,4410693
yadN_predicted,0.3333333333333333,2,2,GTGGCACATATGCAATGACT,0,4415495
yadN_predicted,0.3333333333333333,2,2,GTGGAGTGACGTCGGGTGCT,0,4419321
yadN_predicted,0.3333333333333333,2,2,GTGCGTCTGGAGGCGATACA,0,4419612
yadN_predicted,0.3333333333333333,2,2,GTGCGCATTATTCGTCTTGT,0,4421786
yadN_predicted,0.3333333333333333,2,2,GTGCACAAGACCTAAGTCTG,0,4406038
yadN_predicted,0.3333333333333333,2,2,GTGACTGAAGACTGACAAAA,0,4412462
yadN_predicted,0.3333333333333333,2,2,GTCTTAAGTAAGTTGTGTTC,0,4408313
yadN_predicted,0.3333333333333333,2,2,GTCTGTCTATAGAGGCGATC,0,4414881
yadN_predicted,0.3333333333333333,2,2,GTCTGGCCTCAGTCAATTCA,0,4434113
yadN_predicted,0.3333333333333333,2,2,GTCGTCATTGACAGACTTGC,0,4411655
yadN_predicted,0.3333333333333333,2,2,GTCGGTTTCGCTGATAGGAT,0,4421765
yadN_predicted,0.3333333333333333,2,2,GTCGGCTCTGTTGACATACA,0,4426715
yadN_predicted,0.3333333333333333,2,2,GTCGCTAGGGATTAGCAGTA,0,4414545
yadN_predicted,0.3333333333333333,2,2,GTCCCTTATCCCGGGTATCA,0,4420118
yadN_predicted,0.3333333333333333,2,2,GTCCCGTTCGGGAAATACTC,0,4426618
yadN_predicted,0.3333333333333333,2,2,GTCCAGGGCGAGGATCATTG,0,4424789
yadN_predicted,0.3333333333333333,2,2,GTCAGCGCTTCCGTATCCAT,0,4429837
yadN_predicted,0.3333333333333333,2,2,GTATTAGTTTGATCCTCAGT,0,4419676
yadN_predicted,0.3333333333333333,2,2,GTATGTATGGTCCAGCTCCA,0,4427235
yadN_predicted,0.3333333333333333,2,2,GTATGGTGAGCAAGGTAGTC,0,4425532
yadN_predicted,0.3333333333333333,2,2,GTATGGAATAACTCCATGGG,0,4411200
yadN_predicted,0.3333333333333333,2,2,GTATAGTATGTGTAGGTTGT,0,4432697
yadN_predicted,0.3333333333333333,2,2,GTAGGTACCCTATCGGCAAT,0,4403253
yadN_predicted,0.3333333333333333,2,2,GTAGCCCCCCTTCTTACGGT,0,4434299
yadN_predicted,0.3333333333333333,2,2,GTACTAAACTCTCGCTCTGA,0,4405382
yadN_predicted,0.3333333333333333,2,2,GTACGTCCGGGCTTAAAGTT,0,4428676
yadN_predicted,0.3333333333333333,2,2,GTACACACAATAGAGAAAAA,0,4404966
yadN_predicted,0.3333333333333333,2,2,GTACACAACTACCGGAGTAA,0,4426527
yadN_predicted,0.3333333333333333,2,2,GTAATCGTATCCCCGCTCGA,0,4432138
yadN_predicted,0.3333333333333333,2,2,GTAAGGTGGACTAAGAGTGC,0,4409238
yadN_predicted,0.3333333333333333,2,2,GTAAAGCTATATGGTGGTTC,0,4416571
yadN_predicted,0.3333333333333333,2,2,GGTTCTCTGTCAAGACATGT,0,4419938
yadN_predicted,0.3333333333333333,2,2,GGTTCGGGGTCTCGTACCCC,0,4408398
yadN_predicted,0.3333333333333333,2,2,GGTTAGGGTTTGGACGTTTA,0,4415599
yadN_predicted,0.3333333333333333,2,2,GGTTAGGAACTAGAGGTCCA,0,4408738
yadN_predicted,0.3333333333333333,2,2,GGTGTGGTCACGTACGGCTT,0,4407799
yadN_predicted,0.3333333333333333,2,2,GGTGTCTTGCAGTGAGAAGA,0,4410304
yadN_predicted,0.3333333333333333,2,2,GGTGTCGGGATCTGAGTGAC,0,4434838
yadN_predicted,0.3333333333333333,2,2,GGTGTCGCTGCGCATTTTTC,0,4410454
yadN_predicted,0.3333333333333333,2,2,GGTGTAGTGAGAAAGGCGTA,0,4422445
yadN_predicted,0.3333333333333333,2,2,GGTGGTGATACGCATTGCCA,0,4432386
yadN_predicted,0.3333333333333333,2,2,GGTGCGCCCGTTTCATTCGC,0,4421085
yadN_predicted,0.3333333333333333,2,2,GGTGCCACTACATGAAGGAA,0,4413462
yadN_predicted,0.3333333333333333,2,2,GGTGACCCAAAACGTGGCTT,0,4433529
yadN_predicted,0.3333333333333333,2,2,GGTGAACGCCCACGTCAACA,0,4415105
yadN_predicted,0.3333333333333333,2,2,GGTGAAAGCAATGCATCCGT,0,4420777
yadN_predicted,0.3333333333333333,2,2,GGTCTTCACCCGCCCAGGCG,0,4414203
yadN_predicted,0.3333333333333333,2,2,GGTCGGCGGCTCATGTATCA,0,4414910
yadN_predicted,0.3333333333333333,2,2,GGTATGATGTGGTCGGCTAG,0,4408077
yadN_predicted,0.3333333333333333,2,2,GGTATAGTGCATGATCTGAG,0,4422415
yadN_predicted,0.3333333333333333,2,2,GGTAGCAACTAATTGGCGTG,0,4407274
yadN_predicted,0.3333333333333333,2,2,GGTAGACGACGCAGGAATTA,0,4406981
yadN_predicted,0.3333333333333333,2,2,GGTACGCATACCTGTCATTC,0,4420265
yadN_predicted,0.3333333333333333,2,2,GGTAAGTACGAAATGGGGTT,0,4417126
yadN_predicted,0.3333333333333333,2,2,GGGTTCAATTACCAGCGTGG,0,4420351
yadN_predicted,0.3333333333333333,2,2,GGGTGTTTTGTCTATTCGCA,0,4416529
yadN_predicted,0.3333333333333333,2,2,GGGTGGCCATGATAGCGCAC,0,4404880
yadN_predicted,0.3333333333333333,2,2,GGGTCCAGAGAGCCCACTCC,0,4402573
yadN_predicted,0.3333333333333333,2,2,GGGTAGCGCATGCAGCAAAT,0,4418601
yadN_predicted,0.3333333333333333,2,2,GGGTAGAATAACGCCTATCC,0,4421719
yadN_predicted,0.3333333333333333,2,2,GGGTACCCTAACAAATTTCG,0,4406501
yadN_predicted,0.3333333333333333,2,2,GGGTACCATTGGGGCGCCTC,0,4418841
yadN_predicted,0.3333333333333333,2,2,GGGTACATGTTTCTATAGGA,0,4426526
yadN_predicted,0.3333333333333333,2,2,GGGGTGGAAGGTGGTAGGCC,0,4414597
yadN_predicted,0.3333333333333333,2,2,GGGGCAATAAGGGCGTTGTT,0,4404317
yadN_predicted,0.3333333333333333,2,2,GGGGATTGAATCCATTTTTT,0,4407361
yadN_predicted,0.3333333333333333,2,2,GGGCTTAATGTAGTTAGCAA,0,4411210
yadN_predicted,0.3333333333333333,2,2,GGGCGCATGTTGCACCAGAT,0,4421937
yadN_predicted,0.3333333333333333,2,2,GGGCCTAATAATGGATAATT,0,4407965
yadN_predicted,0.3333333333333333,2,2,GGGCATGTCACTTATACACT,0,4431835
yadN_predicted,0.3333333333333333,2,2,GGGCACGGGCCGTAGTGGTA,0,4408976
yadN_predicted,0.3333333333333333,2,2,GGGCACATGAAGTCCTGGAT,0,4409794
yadN_predicted,0.3333333333333333,2,2,GGGAGGAAGGTGTGGATCTA,0,4419870
yadN_predicted,0.3333333333333333,2,2,GGGACGTGCTACCGTACCGT,0,4431655
yadN_predicted,0.3333333333333333,2,2,GGGAACGGGCAAATGGATAT,0,4411961
yadN_predicted,0.3333333333333333,2,2,GGCTTCGTCTCGCGGGCCAC,0,4427432
yadN_predicted,0.3333333333333333,2,2,GGCTGCAGCATCCATCCTGA,0,4425927
yadN_predicted,0.3333333333333333,2,2,GGCTCCGACCGATTGGTGTT,0,4435297
yadN_predicted,0.3333333333333333,2,2,GGCTACGTCTACCAGTATTA,0,4418859
yadN_predicted,0.3333333333333333,2,2,GGCTACACATCGAGATTCGG,0,4407279
yadN_predicted,0.3333333333333333,2,2,GGCTAAGCGTCCAACGGATA,0,4419311
yadN_predicted,0.3333333333333333,2,2,GGCGCGGGCCACAGGATATT,0,4431158
yadN_predicted,0.3333333333333333,2,2,GGCCTTCCTGTGCCCGTAAT,0,4406013
yadN_predicted,0.3333333333333333,2,2,GGCCGGTGATAAACTGAAAG,0,4417471
yadN_predicted,0.3333333333333333,2,2,GGCCGCAGACCCTCTCATGT,0,4413017
yadN_predicted,0.3333333333333333,2,2,GGCCGACTCCCGTAATGCTG,0,4408660
yadN_predicted,0.3333333333333333,2,2,GGCCCGGTACGGGATCCGCC,0,4415816
yadN_predicted,0.3333333333333333,2,2,GGCCCCGTCGAACCGCGCAA,0,4408852
yadN_predicted,0.3333333333333333,2,2,GGCATGTGAACCGAGTGAGG,0,4420472
yadN_predicted,0.3333333333333333,2,2,GGCATGGGTAAATATAGGAT,0,4419797
yadN_predicted,0.3333333333333333,2,2,GGCACGTTAGCAAGCATATC,0,4413975
yadN_predicted,0.3333333333333333,2,2,GGCACGAGGCGGGTAGAACG,0,4410339
yadN_predicted,0.3333333333333333,2,2,GGATTGGCTCTAGACTGGGA,0,4403461
yadN_predicted,0.3333333333333333,2,2,GGATTGACATCTGACTGTTA,0,4435418
yadN_predicted,0.3333333333333333,2,2,GGATCTAGGCATCAAATGTC,0,4425583
yadN_predicted,0.3333333333333333,2,2,GGATCGGTATCTAAAGTACT,0,4428511
yadN_predicted,0.3333333333333333,2,2,GGAGGCCGGATGTTACATTG,0,4415785
yadN_predicted,0.3333333333333333,2,2,GGAGGCATCTTGTACGAGCC,0,4415411
yadN_predicted,0.3333333333333333,2,2,GGAGCGGAGCGGTGTCCTCA,0,4406087
yadN_predicted,0.3333333333333333,2,2,GGACTTTGGAGCACCACAGG,0,4427937
yadN_predicted,0.3333333333333333,2,2,GGACTTACGATACACGTCTT,0,4423187
yadN_predicted,0.3333333333333333,2,2,GGACTAGCTCAGAATTTGGG,0,4434950
yadN_predicted,0.3333333333333333,2,2,GGACCGCTATATGTTCGGGT,0,4435096
yadN_predicted,0.3333333333333333,2,2,GGACATCACCAAGTAAGTAC,0,4430881
yadN_predicted,0.3333333333333333,2,2,GGACACGGAGACCGCTTGAG,0,4409185
yadN_predicted,0.3333333333333333,2,2,GGAATCCCCTCTCAGTCGCT,0,4417532
yadN_predicted,0.3333333333333333,2,2,GGAACTCCGTGGGACTTGGT,0,4403021
yadN_predicted,0.3333333333333333,2,2,GGAACGGCAATGGTATATTA,0,4430877
yadN_predicted,0.3333333333333333,2,2,GGAACATTAAGACCCTGTAT,0,4413074
yadN_predicted,0.3333333333333333,2,2,GCTTGCATCACGGAGCGGCA,0,4429034
yadN_predicted,0.3333333333333333,2,2,GCTGAATCGGGGAGTCCCGT,0,4423847
yadN_predicted,0.3333333333333333,2,2,GCTCTGTAGCTGGTACAGGG,0,4410506
yadN_predicted,0.3333333333333333,2,2,GCTCTGAAGCGGCTTACTTA,0,4416247
yadN_predicted,0.3333333333333333,2,2,GCTCTCCTGTGTGGAGACAT,0,4424494
yadN_predicted,0.3333333333333333,2,2,GCTCGCCGAACAAGCAACGG,0,4426944
yadN_predicted,0.3333333333333333,2,2,GCTCCGAATACGTGAAGGGG,0,4409433
yadN_predicted,0.3333333333333333,2,2,GCTATGCTGGCCGAAAGGCA,0,4420217
yadN_predicted,0.3333333333333333,2,2,GCTATGCGTACATATACGCA,0,4403649
yadN_predicted,0.3333333333333333,2,2,GCTATCACCTCTCGCCCAAA,0,4434637
yadN_predicted,0.3333333333333333,2,2,GCTATAGCGGTGGATGAAAC,0,4431146
yadN_predicted,0.3333333333333333,2,2,GCTATACGAACTACGGGATA,0,4413402
yadN_predicted,0.3333333333333333,2,2,GCTACGATGATCCGCTCCAG,0,4432291
yadN_predicted,0.3333333333333333,2,2,GCTACACTATTCACATAGAA,0,4406633
yadN_predicted,0.3333333333333333,2,2,GCGTTTTATACACGGAGACG,0,4422603
yadN_predicted,0.3333333333333333,2,2,GCGTGTCGGTCCGTAGTGAA,0,4421193
yadN_predicted,0.3333333333333333,2,2,GCGTCGTGCTGCGGCCAACA,0,4413628
yadN_predicted,0.3333333333333333,2,2,GCGTCGTAGTTATACCGTAC,0,4408495
yadN_predicted,0.3333333333333333,2,2,GCGTCCCAGTGTTCTATAAA,0,4423653
yadN_predicted,0.3333333333333333,2,2,GCGTATCTTGCCTGTCCTGG,0,4434954
yadN_predicted,0.3333333333333333,2,2,GCGTAACTCGGATCTACACT,0,4423350
yadN_predicted,0.3333333333333333,2,2,GCGCCGCTCCCGACCATTAA,0,4416196
yadN_predicted,0.3333333333333333,2,2,GCGCCCACGGACGCACCCAC,0,4415006
yadN_predicted,0.3333333333333333,2,2,GCGATCTCGTACAGACCGAC,0,4410547
yadN_predicted,0.3333333333333333,2,2,GCGACTTTATAGACTCCGCA,0,4411252
yadN_predicted,0.3333333333333333,2,2,GCGACCAACGTACTTTAGTA,0,4427263
yadN_predicted,0.3333333333333333,2,2,GCCTTAGCCCCTGCCCCCTC,0,4418813
yadN_predicted,0.3333333333333333,2,2,GCCTGCCCCCTTTCTAAAAG,0,4409035
yadN_predicted,0.3333333333333333,2,2,GCCTCGGAGCGGATTCCTAT,0,4432869
yadN_predicted,0.3333333333333333,2,2,GCCGTGGAATCAGAATGCTA,0,4411265
yadN_predicted,0.3333333333333333,2,2,GCCGGCCACTGAACGTACTG,0,4422035
yadN_predicted,0.3333333333333333,2,2,GCCGGAGAAACATGCCTCGA,0,4417146
yadN_predicted,0.3333333333333333,2,2,GCCGAAAGTTCCCGGTGGAA,0,4432570
yadN_predicted,0.3333333333333333,2,2,GCCCCAGGTGGGCAGGAATA,0,4408202
yadN_predicted,0.3333333333333333,2,2,GCCAGCGTATACCCACCATG,0,4422962
yadN_predicted,0.3333333333333333,2,2,GCCACGGCTAATTTGGTTTA,0,4422273
yadN_predicted,0.3333333333333333,2,2,GCCACCGAATGCGTCCTCAA,0,4414291
yadN_predicted,0.3333333333333333,2,2,GCCACAAGATACTAGCGCAT,0,4432743
yadN_predicted,0.3333333333333333,2,2,GCATATGAGTCCCAGGGAAA,0,4431444
yadN_predicted,0.3333333333333333,2,2,GCATACGCCTCTGCTGACTC,0,4425661
yadN_predicted,0.3333333333333333,2,2,GCAGGAGGACAGCGTTCTAT,0,4420678
yadN_predicted,0.3333333333333333,2,2,GCAGAAGGGGCTAGAGGACC,0,4430977
yadN_predicted,0.3333333333333333,2,2,GCACTGTCACAACTGTACAC,0,4422727
yadN_predicted,0.3333333333333333,2,2,GCACTGGTACGAGTTCGCGA,0,4414009
yadN_predicted,0.3333333333333333,2,2,GCACGCCGAGTCTCGTGTCT,0,4420477
yadN_predicted,0.3333333333333333,2,2,GCAATTCGGGAGTGCCTTAC,0,4433481
yadN_predicted,0.3333333333333333,2,2,GCAATTACAACGTAGATACA,0,4409668
yadN_predicted,0.3333333333333333,2,2,GCAAGTAGGTGAGGAAAGTG,0,4404512
yadN_predicted,0.3333333333333333,2,2,GCAAGGGGGGTATCATCCCA,0,4415686
yadN_predicted,0.3333333333333333,2,2,GCAAGCCTCGAGTTATACCA,0,4426557
yadN_predicted,0.3333333333333333,2,2,GCAACGATTCCCTACACTTA,0,4413398
yadN_predicted,0.3333333333333333,2,2,GCAAACGGAAGGTGAGGTAG,0,4409734
yadN_predicted,0.3333333333333333,2,2,GATTGTCAGTGAATCGCTCA,0,4406527
yadN_predicted,0.3333333333333333,2,2,GATGTTACTTCCGTGCAGCC,0,4413051
yadN_predicted,0.3333333333333333,2,2,GATGGACGTGTAGGTATAGG,0,4435719
yadN_predicted,0.3333333333333333,2,2,GATGCATGGTCATCACAGTG,0,4411018
yadN_predicted,0.3333333333333333,2,2,GATGATGTAGGGGTCAAGCG,0,4421030
yadN_predicted,0.3333333333333333,2,2,GATGAGGGGTTGCACGTTCA,0,4430363
yadN_predicted,0.3333333333333333,2,2,GATGAGACGGCGGAATTATC,0,4431746
yadN_predicted,0.3333333333333333,2,2,GATATAAAAACATGACACAA,0,4408811
yadN_predicted,0.3333333333333333,2,2,GAGGGGCAGCGACCCTTCCT,0,4404554
yadN_predicted,0.3333333333333333,2,2,GAGGCCAACTGGTTAGGTAG,0,4416245
yadN_predicted,0.3333333333333333,2,2,GAGAGGCAAACACATCCCTT,0,4428217
yadN_predicted,0.3333333333333333,2,2,GAGAGCAGGCCGTGCTAGTC,0,4434458
yadN_predicted,0.3333333333333333,2,2,GACTTTTCACTTACCGGCAC,0,4408827
yadN_predicted,0.3333333333333333,2,2,GACTGTGAAAGAACTCGAGT,0,4414541
yadN_predicted,0.3333333333333333,2,2,GACTGCCCCGGGCGCACCAC,0,4425006
yadN_predicted,0.3333333333333333,2,2,GACTCCTAGCCGGACGTTAC,0,4418690
yadN_predicted,0.3333333333333333,2,2,GACGTGTCTCAGTAAGCAAT,0,4416861
yadN_predicted,0.3333333333333333,2,2,GACGCTAAATTCCCACTGCA,0,4429322
yadN_predicted,0.3333333333333333,2,2,GACGCGGACCAATGAAGCCA,0,4426463
yadN_predicted,0.3333333333333333,2,2,GACGAGTTGCGCTCAGTTAG,0,4406533
yadN_predicted,0.3333333333333333,2,2,GACCGTCATTTTCTCCCTGG,0,4418139
yadN_predicted,0.3333333333333333,2,2,GACCCGATAACTAAAGAACT,0,4413894
yadN_predicted,0.3333333333333333,2,2,GACCACGGGGGATACGTCCG,0,4427625
yadN_predicted,0.3333333333333333,2,2,GACATGTGCAAGGTCCGGCA,0,4418062
yadN_predicted,0.3333333333333333,2,2,GACAGAGACTTGTTAGGAAC,0,4404006
yadN_predicted,0.3333333333333333,2,2,GAATCATCAAGCTAGTAGGA,0,4412920
yadN_predicted,0.3333333333333333,2,2,GAATCAACCGTTGGGCTAGG,0,4432931
yadN_predicted,0.3333333333333333,2,2,GAATACGTCGTGGCGTGCGA,0,4407498
yadN_predicted,0.3333333333333333,2,2,GAATAATAAAGAGACAAGCG,0,4420570
yadN_predicted,0.3333333333333333,2,2,GAAGTGAGTGTAAGCTGGAA,0,4431602
yadN_predicted,0.3333333333333333,2,2,GAAGTCTATAAGCTCCTATT,0,4419963
yadN_predicted,0.3333333333333333,2,2,GAAGGTGCCGGTCAAACCCC,0,4425486
yadN_predicted,0.3333333333333333,2,2,GAAGGCTTCCATCCCCCAAA,0,4424087
yadN_predicted,0.3333333333333333,2,2,GAACGGGGCAGCCGAAGTAG,0,4409170
yadN_predicted,0.3333333333333333,2,2,GAACGACGGTATGTGTTTGG,0,4418283
yadN_predicted,0.3333333333333333,2,2,GAACCGCGGTGCGGCTATGT,0,4415519
yadN_predicted,0.3333333333333333,2,2,GAACCCTGTCTAGCTTCAGT,0,4410909
yadN_predicted,0.3333333333333333,2,2,GAAATTCCCGCGGCGCATCG,0,4426808
yadN_predicted,0.3333333333333333,2,2,GAAATGGGAGGGACTTGGTT,0,4424505
yadN_predicted,0.3333333333333333,2,2,GAAACCTGGTTCGTGAGCCG,0,4408915
yadN_predicted,0.3333333333333333,2,2,CTTTTGGGAAGCCGGAAATC,0,4427168
yadN_predicted,0.3333333333333333,2,2,CTTTGCCGTGTCCCGGAGAT,0,4409575
yadN_predicted,0.3333333333333333,2,2,CTTTGAAAAAGATGATTCGA,0,4429637
yadN_predicted,0.3333333333333333,2,2,CTTTATTTGAAAGCCAGTAC,0,4426929
yadN_predicted,0.3333333333333333,2,2,CTTTAGTGTAGGACGTTAAG,0,4409764
yadN_predicted,0.3333333333333333,2,2,CTTTAGCATGGAGGAGCTCT,0,4432549
yadN_predicted,0.3333333333333333,2,2,CTTTAATACAAAATCTTCTT,0,4432928
yadN_predicted,0.3333333333333333,2,2,CTTGTCTAATTATATGCAGC,0,4407670
yadN_predicted,0.3333333333333333,2,2,CTTGTAGAATAGTGCGGATT,0,4419383
yadN_predicted,0.3333333333333333,2,2,CTTGGTTTATTTGCCAGGCC,0,4408674
yadN_predicted,0.3333333333333333,2,2,CTTGAGCCGGTACAACACGG,0,4413746
yadN_predicted,0.3333333333333333,2,2,CTTGAATGGGGGTGAATGTT,0,4403440
yadN_predicted,0.3333333333333333,2,2,CTTCGCATATACCCAGGGTA,0,4411099
yadN_predicted,0.3333333333333333,2,2,CTTCCGACTGGTATAGCGTT,0,4420185
yadN_predicted,0.3333333333333333,2,2,CTTCCCCGCAGGGTACAGCT,0,4421444
yadN_predicted,0.3333333333333333,2,2,CTTCAGTCTCAGTATTTCCT,0,4403840
yadN_predicted,0.3333333333333333,2,2,CTTATGCGGACGACCTCCCA,0,4430757
yadN_predicted,0.3333333333333333,2,2,CTTATACATGTCCCACGGCA,0,4404483
yadN_predicted,0.3333333333333333,2,2,CTTACCCCAGTTACAATGAA,0,4408393
yadN_predicted,0.3333333333333333,2,2,CTTAAAGTTTTCCAGCCTTA,0,4414853
yadN_predicted,0.3333333333333333,2,2,CTGTGGGTGAGGCGGCGGAA,0,4429082
yadN_predicted,0.3333333333333333,2,2,CTGTGGACAGGGAAACTGGT,0,4412319
yadN_predicted,0.3333333333333333,2,2,CTGTATTCTTAAATTCAGGG,0,4413204
yadN_predicted,0.3333333333333333,2,2,CTGGTATGTAATTGTAGGTA,0,4412113
yadN_predicted,0.3333333333333333,2,2,CTGGCTGCCTGGACAAATAG,0,4424165
yadN_predicted,0.3333333333333333,2,2,CTGGCTATGCGATCCAGGAG,0,4405873
yadN_predicted,0.3333333333333333,2,2,CTGCTCTACACTTCTTTCCC,0,4413925
yadN_predicted,0.3333333333333333,2,2,CTGCGTGGCTCTATTCTCGC,0,4413631
yadN_predicted,0.3333333333333333,2,2,CTGCGGCTTAGTGCGTCCTA,0,4414416
yadN_predicted,0.3333333333333333,2,2,CTGCCTGTATCTAGGCGCCT,0,4418251
yadN_predicted,0.3333333333333333,2,2,CTGCATCTCCGATTGTTTGA,0,4409340
yadN_predicted,0.3333333333333333,2,2,CTGCAGAAATGAGTTGCTAT,0,4429787
yadN_predicted,0.3333333333333333,2,2,CTGAGGGGTCGTACCTGAAT,0,4415017
yadN_predicted,0.3333333333333333,2,2,CTGAGGATCACGCACACTAA,0,4426168
yadN_predicted,0.3333333333333333,2,2,CTCTTAGGATTGGGTTTCTT,0,4434439
yadN_predicted,0.3333333333333333,2,2,CTCTGTATACAAATAACCAT,0,4422605
yadN_predicted,0.3333333333333333,2,2,CTCTGCCCAACACGGACGTT,0,4417653
yadN_predicted,0.3333333333333333,2,2,CTCTCTTGCGCGAGAAGGGT,0,4426965
yadN_predicted,0.3333333333333333,2,2,CTCTCCATTGTACATGCATT,0,4425268
yadN_predicted,0.3333333333333333,2,2,CTCGCCTAGTGATTAATAGT,0,4424776
yadN_predicted,0.3333333333333333,2,2,CTCGAGAGGACTACCGGGTG,0,4430255
yadN_predicted,0.3333333333333333,2,2,CTCCTCTAATGTGACGGGTA,0,4433763
yadN_predicted,0.3333333333333333,2,2,CTCCTAAGTTGCCACACCGG,0,4408257
yadN_predicted,0.3333333333333333,2,2,CTCATTTACAACGCCTGTGG,0,4406156
yadN_predicted,0.3333333333333333,2,2,CTCAGTGAGAAATACTGGGA,0,4432635
yadN_predicted,0.3333333333333333,2,2,CTCAGGCTGCCCTGTCGTTT,0,4423302
yadN_predicted,0.3333333333333333,2,2,CTCAACAGTGCGAGGCACCT,0,4426327
yadN_predicted,0.3333333333333333,2,2,CTCAAAGTAGAGGTCGGAAT,0,4409307
yadN_predicted,0.3333333333333333,2,2,CTATAGGGGCTCTCAGTAAC,0,4422037
yadN_predicted,0.3333333333333333,2,2,CTATAAACCTCGCTATGTTC,0,4414518
yadN_predicted,0.3333333333333333,2,2,CTAGGCTTCATAAAATATTA,0,4434208
yadN_predicted,0.3333333333333333,2,2,CTAGGCCAATAAGTCGGATT,0,4423923
yadN_predicted,0.3333333333333333,2,2,CTAGGCATATCTTACTGTTG,0,4425198
yadN_predicted,0.3333333333333333,2,2,CTAGCTGAGCGCGACGATCT,0,4409162
yadN_predicted,0.3333333333333333,2,2,CTAGCGTGTTTTTAGAAGAG,0,4414613
yadN_predicted,0.3333333333333333,2,2,CTACTATGTAAAGATTGGAT,0,4417788
yadN_predicted,0.3333333333333333,2,2,CTACGCCGTTGGCCATGATC,0,4424170
yadN_predicted,0.3333333333333333,2,2,CTACCGGCATAGTAGCGTCG,0,4416342
yadN_predicted,0.3333333333333333,2,2,CTACATTTGGCCGTGCAAGG,0,4424271
yadN_predicted,0.3333333333333333,2,2,CTACAGGGTTCATTATCGCT,0,4403842
yadN_predicted,0.3333333333333333,2,2,CTACAGGAGGAAAAAGCCTA,0,4430254
yadN_predicted,0.3333333333333333,2,2,CTAAGTCGCGTAGTACTTCA,0,4435070
yadN_predicted,0.3333333333333333,2,2,CTAAGGGACGATGGCTGTGA,0,4429854
yadN_predicted,0.3333333333333333,2,2,CTAAGCGATATAAGTTGCGG,0,4433629
yadN_predicted,0.3333333333333333,2,2,CTAACTACTTTGGGTTAGGT,0,4416151
yadN_predicted,0.3333333333333333,2,2,CTAAATAGGCATGTTGTAAT,0,4410539
yadN_predicted,0.3333333333333333,2,2,CTAAACCTTGGTCAATGGGC,0,4422475
yadN_predicted,0.3333333333333333,2,2,CGTTTCATATCAAATCATTA,0,4420825
yadN_predicted,0.3333333333333333,2,2,CGTTCTGCACTTAGGCGTGG,0,4407111
yadN_predicted,0.3333333333333333,2,2,CGTTCGACAGATTTCATTTG,0,4407472
yadN_predicted,0.3333333333333333,2,2,CGTTCCTCTCAGACTATTCG,0,4421132
yadN_predicted,0.3333333333333333,2,2,CGTTCACTGCTTTTAGATGT,0,4431643
yadN_predicted,0.3333333333333333,2,2,CGTTATTCTGCTCAAAGGCT,0,4410046
yadN_predicted,0.3333333333333333,2,2,CGTTAGAATCTAGGGCCGCA,0,4433397
yadN_predicted,0.3333333333333333,2,2,CGTTACTAGGTCCCTGTTAT,0,4417266
yadN_predicted,0.3333333333333333,2,2,CGTGTACGCTAAACATCCTA,0,4420730
yadN_predicted,0.3333333333333333,2,2,CGTGGTCCGCCCGAGCTAGT,0,4427721
yadN_predicted,0.3333333333333333,2,2,CGTGGTAAAAATGCTTACCT,0,4433543
yadN_predicted,0.3333333333333333,2,2,CGTGCACCATACCGGCTCCA,0,4434701
yadN_predicted,0.3333333333333333,2,2,CGTGCAAACCGGTAAAGATC,0,4432789
yadN_predicted,0.3333333333333333,2,2,CGTGAACGGTCGTTTTAATT,0,4426058
yadN_predicted,0.3333333333333333,2,2,CGTCTTCACGAACTGGGCCG,0,4426594
yadN_predicted,0.3333333333333333,2,2,CGTCTGGGGCGGACAAAAAT,0,4409833
yadN_predicted,0.3333333333333333,2,2,CGTCATTGTACTCAGACACA,0,4435606
yadN_predicted,0.3333333333333333,2,2,CGTATCAACCATCTTACGTG,0,4402578
yadN_predicted,0.3333333333333333,2,2,CGTAGGCCTATCCTTGGCTA,0,4408892
yadN_predicted,0.3333333333333333,2,2,CGTAGATTACTGAGTGATGG,0,4408295
yadN_predicted,0.3333333333333333,2,2,CGTACAAGCGTTCACCGAGG,0,4411641
yadN_predicted,0.3333333333333333,2,2,CGTACAAAGATCACCGCAGT,0,4424696
yadN_predicted,0.3333333333333333,2,2,CGGTGCCCTATACGACCAAC,0,4421668
yadN_predicted,0.3333333333333333,2,2,CGGTCACTTTGTTCTGGGAC,0,4415370
yadN_predicted,0.3333333333333333,2,2,CGGTCACGACCTTAAACAGG,0,4422835
yadN_predicted,0.3333333333333333,2,2,CGGTATTCAACCGGGTCCGA,0,4421203
yadN_predicted,0.3333333333333333,2,2,CGGGTCTCAGTGATTTCCGT,0,4430422
yadN_predicted,0.3333333333333333,2,2,CGGGGGTGACGGCATCATGT,0,4431140
yadN_predicted,0.3333333333333333,2,2,CGGGCGGGTGTAGCCTTGGG,0,4406037
yadN_predicted,0.3333333333333333,2,2,CGGGACTCAGGTGAAGTGGT,0,4419338
yadN_predicted,0.3333333333333333,2,2,CGGCTCTTTTCGTGGGATGA,0,4409871
yadN_predicted,0.3333333333333333,2,2,CGGCGGAGACAATGATACTC,0,4408000
yadN_predicted,0.3333333333333333,2,2,CGGCCTACAGCGTCCGAACA,0,4411370
yadN_predicted,0.3333333333333333,2,2,CGGCAAGAAGTAAGAAACTC,0,4410228
yadN_predicted,0.3333333333333333,2,2,CGGATGCGCCAGAACCTGGC,0,4405678
yadN_predicted,0.3333333333333333,2,2,CGGATAATACGGGTGCGTTC,0,4425881
yadN_predicted,0.3333333333333333,2,2,CGGAGTCTCTGCAAGGTGGA,0,4414448
yadN_predicted,0.3333333333333333,2,2,CGGAAGGTTCGAGTCGCCGC,0,4407520
yadN_predicted,0.3333333333333333,2,2,CGCTTGTAGGTTACAAGGTA,0,4431207
yadN_predicted,0.3333333333333333,2,2,CGCTTGTAGACCTATCTGAG,0,4419443
yadN_predicted,0.3333333333333333,2,2,CGCTGCGTGCCGTTCTGATG,0,4432754
yadN_predicted,0.3333333333333333,2,2,CGCGTTTAGGCACATAACTT,0,4420031
yadN_predicted,0.3333333333333333,2,2,CGCGTGCTTTTAGGTGTCTT,0,4417636
yadN_predicted,0.3333333333333333,2,2,CGCGCTTGTTGGACTGCCAT,0,4435843
yadN_predicted,0.3333333333333333,2,2,CGCGCTTACACTTAGGTAAA,0,4403673
yadN_predicted,0.3333333333333333,2,2,CGCGATCTTAGACGGCTTGT,0,4404015
yadN_predicted,0.3333333333333333,2,2,CGCGATCAGACACTACCCCC,0,4420690
yadN_predicted,0.3333333333333333,2,2,CGCGAGTCAACGTGTCGGCA,0,4433135
yadN_predicted,0.3333333333333333,2,2,CGCGAGATCATCACTGGGAG,0,4405267
yadN_predicted,0.3333333333333333,2,2,CGCCCTCGAGGTTCAATTGT,0,4418416
yadN_predicted,0.3333333333333333,2,2,CGCCCGCTCCACTTCATTCT,0,4433956
yadN_predicted,0.3333333333333333,2,2,CGCCCGAGCTGTCTGGGGAG,0,4416676
yadN_predicted,0.3333333333333333,2,2,CGCCCAAAGTATGGACAGAC,0,4408048
yadN_predicted,0.3333333333333333,2,2,CGCCCAAAAGACGCTATGAG,0,4416574
yadN_predicted,0.3333333333333333,2,2,CGCATTCTTGTATACATCTC,0,4413616
yadN_predicted,0.3333333333333333,2,2,CGCATTCCGCAGTTCTCAAA,0,4430190
yadN_predicted,0.3333333333333333,2,2,CGCAGGGGGGCTACGCCCAA,0,4419961
yadN_predicted,0.3333333333333333,2,2,CGCAACGCGGTCCTACTGCA,0,4430337
yadN_predicted,0.3333333333333333,2,2,CGCAAACTTTGGCCTAAGAT,0,4434353
yadN_predicted,0.3333333333333333,2,2,CGATTTCGTCTTGTAATGTA,0,4426292
yadN_predicted,0.3333333333333333,2,2,CGATGCCTATGGATCGCGTT,0,4416040
yadN_predicted,0.3333333333333333,2,2,CGATCGTCTAAATGGTTCCT,0,4411289
yadN_predicted,0.3333333333333333,2,2,CGATAATTGGATATTAGTAA,0,4420763
yadN_predicted,0.3333333333333333,2,2,CGAGTGCGTGACTGTATTGC,0,4422266
yadN_predicted,0.3333333333333333,2,2,CGAGTGCAGCTTCGAACAGG,0,4422207
yadN_predicted,0.3333333333333333,2,2,CGAGGTACTTTGAGCCGGCG,0,4419973
yadN_predicted,0.3333333333333333,2,2,CGAGATGTGGCGCTAAAATA,0,4431925
yadN_predicted,0.3333333333333333,2,2,CGAGACTCGTAACAACGTCA,0,4424034
yadN_predicted,0.3333333333333333,2,2,CGACCCTTTTCATCATTTTT,0,4416324
yadN_predicted,0.3333333333333333,2,2,CGAATTGGTGGATCGCGGGC,0,4422252
yadN_predicted,0.3333333333333333,2,2,CGAAGTGGCGTGGAATGTTC,0,4428447
yadN_predicted,0.3333333333333333,2,2,CGAACTACGTGAGGGCCAAC,0,4410708
yadN_predicted,0.3333333333333333,2,2,CGAACTAATTACTATTGGGA,0,4435721
yadN_predicted,0.3333333333333333,2,2,CCTTCCTCTCGTCAGATGCA,0,4413298
yadN_predicted,0.3333333333333333,2,2,CCTTCAACTCATTGCCTTAC,0,4435733
yadN_predicted,0.3333333333333333,2,2,CCTTACACGGACGGATCGAA,0,4410460
yadN_predicted,0.3333333333333333,2,2,CCTGAAGTCCGAGCAAGGTA,0,4427579
yadN_predicted,0.3333333333333333,2,2,CCTCTGCAAGTCGGCGTCAA,0,4415295
yadN_predicted,0.3333333333333333,2,2,CCTCGGAGCCGGCGTCCTAT,0,4408515
yadN_predicted,0.3333333333333333,2,2,CCTCCGGGTGGACAATTAAA,0,4421835
yadN_predicted,0.3333333333333333,2,2,CCTCCGGATTTATTGGTTAT,0,4412728
yadN_predicted,0.3333333333333333,2,2,CCTAGTGTTACACTTCACGA,0,4420245
yadN_predicted,0.3333333333333333,2,2,CCTACGTGCATTACTACAAT,0,4431754
yadN_predicted,0.3333333333333333,2,2,CCGTTTTACCCGTCTTGTTA,0,4416753
yadN_predicted,0.3333333333333333,2,2,CCGTCAAATCGAGTGCGGGG,0,4410186
yadN_predicted,0.3333333333333333,2,2,CCGTATGCCCGGTGACAATT,0,4405739
yadN_predicted,0.3333333333333333,2,2,CCGTACGCAACTAGCCGACG,0,4432651
yadN_predicted,0.3333333333333333,2,2,CCGGTTTGTAGAGACGGGAC,0,4404257
yadN_predicted,0.3333333333333333,2,2,CCGGGTTCGTCTGAAACCAT,0,4426297
yadN_predicted,0.3333333333333333,2,2,CCGGCTTAGTTAGCAAACCA,0,4424300
yadN_predicted,0.3333333333333333,2,2,CCGGAGTACTTCCGGTGATA,0,4417076
yadN_predicted,0.3333333333333333,2,2,CCGGAGGCTCAACAGTGTAG,0,4421394
yadN_predicted,0.3333333333333333,2,2,CCGCGGTATGGAAACTAGAG,0,4418709
yadN_predicted,0.3333333333333333,2,2,CCGCAGGGCGGGGCTCCGTT,0,4433516
yadN_predicted,0.3333333333333333,2,2,CCGCAGCATGGTGTTTGATC,0,4422823
yadN_predicted,0.3333333333333333,2,2,CCGCAGACCTATGCGATCCT,0,4409493
yadN_predicted,0.3333333333333333,2,2,CCGCACTACAGCTGGCACAG,0,4420848
yadN_predicted,0.3333333333333333,2,2,CCGATGAGGGATCCGCCATC,0,4424774
yadN_predicted,0.3333333333333333,2,2,CCGAATGTTCTTTATCAGAA,0,4407699
yadN_predicted,0.3333333333333333,2,2,CCGAATAACGTTCCCCATAC,0,4405610
yadN_predicted,0.3333333333333333,2,2,CCGAAACCATGGATTAGCGG,0,4421496
yadN_predicted,0.3333333333333333,2,2,CCCTTTGTCCAGACGGGATA,0,4422763
yadN_predicted,0.3333333333333333,2,2,CCCTTCCGTTTTGACGGAGA,0,4404421
yadN_predicted,0.3333333333333333,2,2,CCCTGGTTGAGTGGGCTGAA,0,4433825
yadN_predicted,0.3333333333333333,2,2,CCCTGGGCCAGCACCGCCAG,0,4427363
yadN_predicted,0.3333333333333333,2,2,CCCTCATTGCTTCGAACCAT,0,4414891
yadN_predicted,0.3333333333333333,2,2,CCCGTGGGTTTCGTGACACT,0,4419165
yadN_predicted,0.3333333333333333,2,2,CCCGGCCATTACTCGCAATT,0,4413939
yadN_predicted,0.3333333333333333,2,2,CCCGCGGACCCTGAGTTTAA,0,4418781
yadN_predicted,0.3333333333333333,2,2,CCCGCCGGCCCGATCGTGGT,0,4425355
yadN_predicted,0.3333333333333333,2,2,CCCGCAATAACAACGAAATT,0,4409565
yadN_predicted,0.3333333333333333,2,2,CCCCTTCGTATAGGGCCAGT,0,4435385
yadN_predicted,0.3333333333333333,2,2,CCCCTCCTATGTAAGTAAAC,0,4416967
yadN_predicted,0.3333333333333333,2,2,CCCCGTTACAGTAATCTAGT,0,4420928
yadN_predicted,0.3333333333333333,2,2,CCCCGTACCGGGGTGCGACA,0,4416831
yadN_predicted,0.3333333333333333,2,2,CCCCGCAACCATGTGTCGAT,0,4411323
yadN_predicted,0.3333333333333333,2,2,CCCCCGTATCTTCGATATGA,0,4423474
yadN_predicted,0.3333333333333333,2,2,CCCCCGATATGATCGTGACA,0,4408727
yadN_predicted,0.3333333333333333,2,2,CCCCCCTATGTAAGCGATTG,0,4422410
yadN_predicted,0.3333333333333333,2,2,CCCATTCTGAAGTATCGGTG,0,4428671
yadN_predicted,0.3333333333333333,2,2,CCCATAAGAAGACTTAAGAC,0,4430664
yadN_predicted,0.3333333333333333,2,2,CCCAGGTCGTCTCACAACCC,0,4413109
yadN_predicted,0.3333333333333333,2,2,CCCAGAGAGATCCCCTGGGA,0,4402948
yadN_predicted,0.3333333333333333,2,2,CCCACGTTTAAGCAGCGTCC,0,4435542
yadN_predicted,0.3333333333333333,2,2,CCCAATGAGGACAGCGGGGT,0,4420042
yadN_predicted,0.3333333333333333,2,2,CCCAATCGCTTATAATAACT,0,4405851
yadN_predicted,0.3333333333333333,2,2,CCCAAGTGTCCATAAGGTGT,0,4414552
yadN_predicted,0.3333333333333333,2,2,CCCAACCTCTTAGCACTCAT,0,4426772
yadN_predicted,0.3333333333333333,2,2,CCATTTGCAGTCAATCGACG,0,4428591
yadN_predicted,0.3333333333333333,2,2,CCATTAAGCCCGGGCCCCGC,0,4421888
yadN_predicted,0.3333333333333333,2,2,CCATGGGATGTAATGATCCG,0,4403666
yadN_predicted,0.3333333333333333,2,2,CCATGAGGTTATCAAGTCCC,0,4411624
yadN_predicted,0.3333333333333333,2,2,CCATCCCAGAGCACAATAGC,0,4419909
yadN_predicted,0.3333333333333333,2,2,CCATATATACACTGGACTTT,0,4430340
yadN_predicted,0.3333333333333333,2,2,CCATAGAATATACTCCGCTC,0,4403473
yadN_predicted,0.3333333333333333,2,2,CCAGCTCAATGGATCGGAGT,0,4429278
yadN_predicted,0.3333333333333333,2,2,CCAGATTAAGGTCGGGGCGT,0,4405855
yadN_predicted,0.3333333333333333,2,2,CCACGTTCGCCAGACATTAG,0,4432094
yadN_predicted,0.3333333333333333,2,2,CCACGAGGCACCGTGACGGG,0,4435846
yadN_predicted,0.3333333333333333,2,2,CCACGAAGTACGCTGGAACC,0,4409399
yadN_predicted,0.3333333333333333,2,2,CCACGAAATAGTTGCCACGT,0,4410258
yadN_predicted,0.3333333333333333,2,2,CCACCACAGGGGACATCTCC,0,4424325
yadN_predicted,0.3333333333333333,2,2,CCAATGTGTCTATAGTGCTT,0,4435210
yadN_predicted,0.3333333333333333,2,2,CCAACTATCGTGGCCGAGGG,0,4426477
yadN_predicted,0.3333333333333333,2,2,CATTTTTCTCCTGAAAGCAA,0,4427232
yadN_predicted,0.3333333333333333,2,2,CATTCTCGGTGATTATTTCT,0,4402591
yadN_predicted,0.3333333333333333,2,2,CATTCGTAGACCCGATCCCT,0,4402981
yadN_predicted,0.3333333333333333,2,2,CATTAGTCTGCTATCATTTA,0,4431241
yadN_predicted,0.3333333333333333,2,2,CATTAGACAGGATTCACATT,0,4405987
yadN_predicted,0.3333333333333333,2,2,CATGTAATCTTGTTTCTCCG,0,4410254
yadN_predicted,0.3333333333333333,2,2,CATGGCAGAGAAGGCGGCTT,0,4435888
yadN_predicted,0.3333333333333333,2,2,CATGAACGACTGAATTGTCT,0,4423485
yadN_predicted,0.3333333333333333,2,2,CATCTCGAGAACACGCGTCA,0,4414956
yadN_predicted,0.3333333333333333,2,2,CATATTTTGGCTTGTCTATG,0,4422542
yadN_predicted,0.3333333333333333,2,2,CATATGTCGGTTAGTCCTGA,0,4406528
yadN_predicted,0.3333333333333333,2,2,CATATAGGTTGTCACGCGTG,0,4426587
yadN_predicted,0.3333333333333333,2,2,CATAGTGGGGACTTCGGGCC,0,4419542
yadN_predicted,0.3333333333333333,2,2,CATACGTGCGTGTACGAGCT,0,4403752
yadN_predicted,0.3333333333333333,2,2,CATAAGTTCTACATCGCGGT,0,4423078
yadN_predicted,0.3333333333333333,2,2,CATAAGATTGCCATGCGCGC,0,4421863
yadN_predicted,0.3333333333333333,2,2,CATAACCGAGTCTCAGGCTA,0,4404810
yadN_predicted,0.3333333333333333,2,2,CAGTTTGTCCTCAGTTACTG,0,4422649
yadN_predicted,0.3333333333333333,2,2,CAGTTGTTGGAACCCCCGTC,0,4423035
yadN_predicted,0.3333333333333333,2,2,CAGTTGTACCGCGTCTCAGG,0,4414227
yadN_predicted,0.3333333333333333,2,2,CAGTTGCTCGCGGTGGCAAC,0,4423287
yadN_predicted,0.3333333333333333,2,2,CAGTTATTAGGTTTAAATCT,0,4427859
yadN_predicted,0.3333333333333333,2,2,CAGTCAAGTTGAACAATGGT,0,4425632
yadN_predicted,0.3333333333333333,2,2,CAGTACGTTGCCATTAGCTA,0,4415067
yadN_predicted,0.3333333333333333,2,2,CAGTACCGTGTCGAGCACGC,0,4411533
yadN_predicted,0.3333333333333333,2,2,CAGGGCATGTAAGAAAGCTA,0,4419932
yadN_predicted,0.3333333333333333,2,2,CAGCATAATATGATTAACCG,0,4418927
yadN_predicted,0.3333333333333333,2,2,CAGCAGCGGACCCGTATTAA,0,4416889
yadN_predicted,0.3333333333333333,2,2,CAGATTGTCCTCCGTCTTGC,0,4402788
yadN_predicted,0.3333333333333333,2,2,CAGAGACCGAGCGTGTATCT,0,4433485
yadN_predicted,0.3333333333333333,2,2,CAGAACAAGGAAGCTGAGGT,0,4424077
yadN_predicted,0.3333333333333333,2,2,CACTGGCTTACGTTGAACTG,0,4414548
yadN_predicted,0.3333333333333333,2,2,CACTCCCGTAACATTCACAG,0,4420429
yadN_predicted,0.3333333333333333,2,2,CACTCAGAGAAAAGACACTC,0,4432454
yadN_predicted,0.3333333333333333,2,2,CACGGTACTGTAATATAGAA,0,4413249
yadN_predicted,0.3333333333333333,2,2,CACGGGATTAAATCGGGTAG,0,4433367
yadN_predicted,0.3333333333333333,2,2,CACGGAATGGATTTGAGATC,0,4432189
yadN_predicted,0.3333333333333333,2,2,CACGCTACTCCCTTGCCAAC,0,4417563
yadN_predicted,0.3333333333333333,2,2,CACGCGTACAAGGGTTTCAC,0,4403444
yadN_predicted,0.3333333333333333,2,2,CACGCCGTATCTAGGAGCGA,0,4428078
yadN_predicted,0.3333333333333333,2,2,CACGCATGCACGATAGGGAT,0,4422142
yadN_predicted,0.3333333333333333,2,2,CACGAATGCTGCGATTTTCA,0,4412255
yadN_predicted,0.3333333333333333,2,2,CACCTATCGTCACTCCCAAA,0,4422116
yadN_predicted,0.3333333333333333,2,2,CACCGAAGAGTCATTTTGAT,0,4419461
yadN_predicted,0.3333333333333333,2,2,CACCCTCCAAGTTGTCGAGA,0,4425447
yadN_predicted,0.3333333333333333,2,2,CACCCACCACAATGTTACCC,0,4404341
yadN_predicted,0.3333333333333333,2,2,CACCCACATAGCAGGTGCAA,0,4428848
yadN_predicted,0.3333333333333333,2,2,CACCAAACGGGTAGCCATAC,0,4423763
yadN_predicted,0.3333333333333333,2,2,CACATCTCTAGGGTCGGAGA,0,4405542
yadN_predicted,0.3333333333333333,2,2,CACAGAGTACGCTCGCACGA,0,4430526
yadN_predicted,0.3333333333333333,2,2,CACACTCCATAGAGAATGAG,0,4403624
yadN_predicted,0.3333333333333333,2,2,CACACCCCCACTCAACCATA,0,4425373
yadN_predicted,0.3333333333333333,2,2,CAATGGCGGGGACTGGATCA,0,4406803
yadN_predicted,0.3333333333333333,2,2,CAATCCGGAGATACTGGACA,0,4404888
yadN_predicted,0.3333333333333333,2,2,CAAGTGCGACGCAGGTCACG,0,4409883
yadN_predicted,0.3333333333333333,2,2,CAAGTAGCGGGCCAGATAAT,0,4432196
yadN_predicted,0.3333333333333333,2,2,CAAGCCTCGACAAGGTCGCG,0,4408821
yadN_predicted,0.3333333333333333,2,2,CAAGATTGTGTATGTCACAG,0,4404957
yadN_predicted,0.3333333333333333,2,2,CAAGACCCGGGAATGAGACA,0,4415344
yadN_predicted,0.3333333333333333,2,2,CAACGTTCACTCTATAAAAA,0,4409272
yadN_predicted,0.3333333333333333,2,2,CAACGTGTTTAATCTGGCTT,0,4413986
yadN_predicted,0.3333333333333333,2,2,CAACGGTTGCTAGTATTCAT,0,4420225
yadN_predicted,0.3333333333333333,2,2,CAACCGTTCCAGGTCGCTTG,0,4416347
yadN_predicted,0.3333333333333333,2,2,CAACATTGGTTTAGGCGTTA,0,4432971
yadN_predicted,0.3333333333333333,2,2,CAACAGTGGGTAGGTAACGG,0,4433509
yadN_predicted,0.3333333333333333,2,2,CAACAGGTTTCTGCTAGTCT,0,4427792
yadN_predicted,0.3333333333333333,2,2,CAACACATACTCGGACGCGC,0,4422971
yadN_predicted,0.3333333333333333,2,2,CAACAAGAGGGGGATTACTC,0,4432725
yadN_predicted,0.3333333333333333,2,2,CAAATGTCCTGGTATCATAG,0,4426394
yadN_predicted,0.3333333333333333,2,2,CAAAGGTCAGTGATATTGGG,0,4417713
yadN_predicted,0.3333333333333333,2,2,CAAAGCCTTAGGACTAGCAT,0,4434827
yadN_predicted,0.3333333333333333,2,2,CAAACGCCAGCTATATCGAC,0,4410945
yadN_predicted,0.3333333333333333,2,2,CAAAAGGACAAGGGATACCA,0,4430109
yadN_predicted,0.3333333333333333,2,2,ATTTGATTCCGCTGGAACCA,0,4417293
yadN_predicted,0.3333333333333333,2,2,ATTTCGTGGATACCGTTGCC,0,4415368
yadN_predicted,0.3333333333333333,2,2,ATTTCCGGATGATGTAGAAC,0,4423608
yadN_predicted,0.3333333333333333,2,2,ATTGTGAACCGCGATCAGGG,0,4414385
yadN_predicted,0.3333333333333333,2,2,ATTCTACTGCTATATGTTAG,0,4414435
yadN_predicted,0.3333333333333333,2,2,ATTCGGCAGATCATGGTACA,0,4415410
yadN_predicted,0.3333333333333333,2,2,ATTCGAGAGTATGGTGTGCG,0,4409442
yadN_predicted,0.3333333333333333,2,2,ATTCATCGACCCCTACAGCA,0,4435929
yadN_predicted,0.3333333333333333,2,2,ATTATGCGTACCGGGGTAAA,0,4435712
yadN_predicted,0.3333333333333333,2,2,ATTAGAGGATTGACCACCTC,0,4412141
yadN_predicted,0.3333333333333333,2,2,ATTAAGTACGGGTATTAAAG,0,4411264
yadN_predicted,0.3333333333333333,2,2,ATTAACCCTGGACACCCACT,0,4428829
yadN_predicted,0.3333333333333333,2,2,ATTAAAAATGTCCTTAAATT,0,4431355
yadN_predicted,0.3333333333333333,2,2,ATGTTGTCATATCTAGTTAC,0,4423996
yadN_predicted,0.3333333333333333,2,2,ATGTTCCAGGGCGAGGCCCA,0,4409696
yadN_predicted,0.3333333333333333,2,2,ATGTTATATTGTCGATGGCC,0,4410936
yadN_predicted,0.3333333333333333,2,2,ATGTGGTGACACGCGACTGA,0,4431470
yadN_predicted,0.3333333333333333,2,2,ATGTCTGGCGCTAGCTCTCA,0,4420798
yadN_predicted,0.3333333333333333,2,2,ATGTCTGAAAGGAGTGTGCA,0,4428651
yadN_predicted,0.3333333333333333,2,2,ATGTCGGTGCGAACTTTTCC,0,4405480
yadN_predicted,0.3333333333333333,2,2,ATGTCGCGGCACCTTCGGTC,0,4429911
yadN_predicted,0.3333333333333333,2,2,ATGGTCAAGGCGATAGCTTG,0,4425179
yadN_predicted,0.3333333333333333,2,2,ATGGTAACCAAATTACCTAG,0,4414100
yadN_predicted,0.3333333333333333,2,2,ATGGGGTATATAGTATGAGG,0,4405999
yadN_predicted,0.3333333333333333,2,2,ATGGCTGGACCGAGAAGGGC,0,4431989
yadN_predicted,0.3333333333333333,2,2,ATGGCGTTTTCGCACGAGAT,0,4414958
yadN_predicted,0.3333333333333333,2,2,ATGGCGAGAGCTTCATCTAG,0,4411480
yadN_predicted,0.3333333333333333,2,2,ATGGCCTGTGACCGACGCAC,0,4412958
yadN_predicted,0.3333333333333333,2,2,ATGGATCAACAGTACAGACT,0,4403568
yadN_predicted,0.3333333333333333,2,2,ATGGAGCGTTTTGAATACGA,0,4429603
yadN_predicted,0.3333333333333333,2,2,ATGGACTATCTCGCAGCTCG,0,4426294
yadN_predicted,0.3333333333333333,2,2,ATGCTTATAATAGGGGTCTT,0,4418539
yadN_predicted,0.3333333333333333,2,2,ATGCGGTGACTCCGATGACC,0,4428527
yadN_predicted,0.3333333333333333,2,2,ATGCGACCGGTAGTCGGGTC,0,4416289
yadN_predicted,0.3333333333333333,2,2,ATGATCAGGCATAAGTTTCC,0,4431577
yadN_predicted,0.3333333333333333,2,2,ATGAGCCTAAGGCTTTCTAC,0,4435602
yadN_predicted,0.3333333333333333,2,2,ATGAGCCGACACATCGAAAT,0,4421062
yadN_predicted,0.3333333333333333,2,2,ATCTTTCATTAAAGACGGGT,0,4432864
yadN_predicted,0.3333333333333333,2,2,ATCTTCAGCGGCGTCATGAA,0,4414327
yadN_predicted,0.3333333333333333,2,2,ATCTGGACGTCTCACAAGTG,0,4425351
yadN_predicted,0.3333333333333333,2,2,ATCTCAGGTATGTTGGGTGC,0,4405611
yadN_predicted,0.3333333333333333,2,2,ATCTAGCATAGCAAGTGTTC,0,4421251
yadN_predicted,0.3333333333333333,2,2,ATCGTCCCCACCCGCCAGGG,0,4406119
yadN_predicted,0.3333333333333333,2,2,ATCGGGTGTCTGCTAGCTAT,0,4432181
yadN_predicted,0.3333333333333333,2,2,ATCGGCACACCTGGGCGCAG,0,4419814
yadN_predicted,0.3333333333333333,2,2,ATCGCGTCCGGCCAGCTCCA,0,4418620
yadN_predicted,0.3333333333333333,2,2,ATCGCGAATTCACACTTATG,0,4428841
yadN_predicted,0.3333333333333333,2,2,ATCGAGGAGGACGCCACAAT,0,4432118
yadN_predicted,0.3333333333333333,2,2,ATCCAGTTAGAAAACACTCA,0,4424173
yadN_predicted,0.3333333333333333,2,2,ATCCAGGTTGTTCCGCGTGA,0,4404600
yadN_predicted,0.3333333333333333,2,2,ATCATCCAGGATGTAACGAT,0,4421663
yadN_predicted,0.3333333333333333,2,2,ATCAGGACCGGAGGGAGGAG,0,4417113
yadN_predicted,0.3333333333333333,2,2,ATCAGCAATCGTCATTTGGG,0,4423512
yadN_predicted,0.3333333333333333,2,2,ATCAAGTCTCCAGTGTATAC,0,4422673
yadN_predicted,0.3333333333333333,2,2,ATATTTCGTATGATTCGCTA,0,4428877
yadN_predicted,0.3333333333333333,2,2,ATATTGGGTGGTCAACAAGC,0,4409629
yadN_predicted,0.3333333333333333,2,2,ATATGGTATAGACGTTGCTT,0,4427564
yadN_predicted,0.3333333333333333,2,2,ATATCATAAAGAGGTTCACA,0,4431006
yadN_predicted,0.3333333333333333,2,2,ATATCACTAGAACAATAGGC,0,4425243
yadN_predicted,0.3333333333333333,2,2,ATATACAGATGGTCCCGAAT,0,4414248
yadN_predicted,0.3333333333333333,2,2,ATAGGTGGCATTTTTCGAGG,0,4431959
yadN_predicted,0.3333333333333333,2,2,ATACTTGCCAAATGCGAAAC,0,4410039
yadN_predicted,0.3333333333333333,2,2,ATACTGATCGGCGAGCTTTC,0,4407562
yadN_predicted,0.3333333333333333,2,2,ATACTAGGGTGTTTTTAGTC,0,4411552
yadN_predicted,0.3333333333333333,2,2,ATACGACAATGTGTGCTATG,0,4415499
yadN_predicted,0.3333333333333333,2,2,ATACAGAGAAGTCGCCGAGT,0,4429114
yadN_predicted,0.3333333333333333,2,2,ATAATTATGAATAATATAAG,0,4404478
yadN_predicted,0.3333333333333333,2,2,ATAATCTACAGACTCTCATT,0,4430043
yadN_predicted,0.3333333333333333,2,2,ATAAAACAATGTTTGACATT,0,4413423
yadN_predicted,0.3333333333333333,2,2,AGTTTTTGGGTCCCGTTTCT,0,4418237
yadN_predicted,0.3333333333333333,2,2,AGTTGAATAGCTGTTCGAAG,0,4422890
yadN_predicted,0.3333333333333333,2,2,AGTTCTGTGCCATATGAACA,0,4412856
yadN_predicted,0.3333333333333333,2,2,AGTTCCAGTCTATTTATTTC,0,4410795
yadN_predicted,0.3333333333333333,2,2,AGTTCATTCACACTGGGGAC,0,4416584
yadN_predicted,0.3333333333333333,2,2,AGTTCACCGCTGCGATAGAT,0,4435889
yadN_predicted,0.3333333333333333,2,2,AGTGTAAGGGTAACCTAGGC,0,4413199
yadN_predicted,0.3333333333333333,2,2,AGTGCAGACATCGCCGCTCT,0,4420835
yadN_predicted,0.3333333333333333,2,2,AGTGAATTTTGCCGCGGAAA,0,4430305
yadN_predicted,0.3333333333333333,2,2,AGTCTGTGTCCTTCTACATA,0,4406721
yadN_predicted,0.3333333333333333,2,2,AGTCGCTAAGAAAAAACATG,0,4427927
yadN_predicted,0.3333333333333333,2,2,AGTCCCTGGCTTCAGCAACC,0,4404130
yadN_predicted,0.3333333333333333,2,2,AGTCCCACGGGGAATACCCA,0,4412673
yadN_predicted,0.3333333333333333,2,2,AGTCCAGAGCCTAGCGTGCA,0,4434828
yadN_predicted,0.3333333333333333,2,2,AGTCCACCGAACAAGGTTAT,0,4434730
yadN_predicted,0.3333333333333333,2,2,AGTATTCATGCAAATTCACA,0,4428772
yadN_predicted,0.3333333333333333,2,2,AGTATCGAAGCATTCTGGTA,0,4431060
yadN_predicted,0.3333333333333333,2,2,AGTATAGGGTTTATTGGAGC,0,4410728
yadN_predicted,0.3333333333333333,2,2,AGTAGATGACAGCGCCGTTG,0,4420567
yadN_predicted,0.3333333333333333,2,2,AGTAATTACACGAACCCCTA,0,4414633
yadN_predicted,0.3333333333333333,2,2,AGTAAATCAAACTCGAACAA,0,4417665
yadN_predicted,0.3333333333333333,2,2,AGGTTAGCATTCGCAAGGTA,0,4428951
yadN_predicted,0.3333333333333333,2,2,AGGTGCTACGGCTCTAGTAA,0,4416688
yadN_predicted,0.3333333333333333,2,2,AGGTGCAGTGAGGTCTATGG,0,4426895
yadN_predicted,0.3333333333333333,2,2,AGGTATGACTGTTAAGAGTA,0,4424395
yadN_predicted,0.3333333333333333,2,2,AGGTATATGCTGGAACTCCT,0,4416329
yadN_predicted,0.3333333333333333,2,2,AGGGTGTTTATGCTTTGTAT,0,4415124
yadN_predicted,0.3333333333333333,2,2,AGGGTGTCACTGAATTCGCA,0,4415339
yadN_predicted,0.3333333333333333,2,2,AGGGGGGGCGCCTTTTTCGA,0,4409887
yadN_predicted,0.3333333333333333,2,2,AGGGAGTAGTACGAGGATTT,0,4417318
yadN_predicted,0.3333333333333333,2,2,AGGGACTATGCGTCATCTGC,0,4423722
yadN_predicted,0.3333333333333333,2,2,AGGGACCGGGGCATAGATGG,0,4409259
yadN_predicted,0.3333333333333333,2,2,AGGCGCTCGCGAATCCTACG,0,4425572
yadN_predicted,0.3333333333333333,2,2,AGGCCATAGTTCGAAATTAC,0,4424556
yadN_predicted,0.3333333333333333,2,2,AGGATTTTTAGACAGTTTTA,0,4432779
yadN_predicted,0.3333333333333333,2,2,AGGATCTGCTCCGAACTAAA,0,4406556
yadN_predicted,0.3333333333333333,2,2,AGGATACCTATGACACGCAG,0,4410492
yadN_predicted,0.3333333333333333,2,2,AGGACTGCCTTCGAATTCAA,0,4421421
yadN_predicted,0.3333333333333333,2,2,AGGACGTGCACATTCGATTA,0,4418653
yadN_predicted,0.3333333333333333,2,2,AGGACAGCGAAAGGTTGTGA,0,4410051
yadN_predicted,0.3333333333333333,2,2,AGGAATGTAGTAGACTACCA,0,4424771
yadN_predicted,0.3333333333333333,2,2,AGGAATAGGCCCAGTTCTCT,0,4415085
yadN_predicted,0.3333333333333333,2,2,AGCTTGTGATGTAGTTGCAA,0,4404400
yadN_predicted,0.3333333333333333,2,2,AGCTTCCTTGGTTGTGCGTG,0,4414006
yadN_predicted,0.3333333333333333,2,2,AGCTGCTCATACTGTAAGGA,0,4410881
yadN_predicted,0.3333333333333333,2,2,AGCTGACCGGCCACCTGTGC,0,4423639
yadN_predicted,0.3333333333333333,2,2,AGCTAGCGTTTTTGGCATTT,0,4409977
yadN_predicted,0.3333333333333333,2,2,AGCGCGAGCTGGGTATCACA,0,4406350
yadN_predicted,0.3333333333333333,2,2,AGCCTGAGGCCTTGTGCACG,0,4423738
yadN_predicted,0.3333333333333333,2,2,AGCCTATCTTATTGGAAGTA,0,4408673
yadN_predicted,0.3333333333333333,2,2,AGCCCCAAGCGGGACCTCTA,0,4421342
yadN_predicted,0.3333333333333333,2,2,AGCCCACTTCAGGGGATGGA,0,4402752
yadN_predicted,0.3333333333333333,2,2,AGCCACTATTCGGACAGACA,0,4433198
yadN_predicted,0.3333333333333333,2,2,AGCAATGCCGGGCTAGGGAC,0,4405743
yadN_predicted,0.3333333333333333,2,2,AGATTCGGTGAAGTAGGAAG,0,4430161
yadN_predicted,0.3333333333333333,2,2,AGATGCAGTGACTTTAATAA,0,4424224
yadN_predicted,0.3333333333333333,2,2,AGATACGACTGGCGTCGTCT,0,4418875
yadN_predicted,0.3333333333333333,2,2,AGAGCGGTTAGTAACACGGC,0,4414428
yadN_predicted,0.3333333333333333,2,2,AGACTTACTAGGGTATTCTT,0,4434928
yadN_predicted,0.3333333333333333,2,2,AGACACGCAACTTTACTCCT,0,4432548
yadN_predicted,0.3333333333333333,2,2,AGACACCGAGCGGCTAAGGC,0,4419994
yadN_predicted,0.3333333333333333,2,2,AGAATGACCGCATATGGTGA,0,4431487
yadN_predicted,0.3333333333333333,2,2,AGAACTTCCACAAGGAAAAT,0,4403951
yadN_predicted,0.3333333333333333,2,2,ACTTTCCTTCGTTTACTGAT,0,4411887
yadN_predicted,0.3333333333333333,2,2,ACTTTCCGACGCACTGCTGT,0,4412842
yadN_predicted,0.3333333333333333,2,2,ACTTGTTAACACTTTTATAG,0,4424736
yadN_predicted,0.3333333333333333,2,2,ACTTGTATCTCCGGCCGAAC,0,4416851
yadN_predicted,0.3333333333333333,2,2,ACTTCTTACGGCAGATTTCA,0,4434743
yadN_predicted,0.3333333333333333,2,2,ACTGTGGATTTTCCTTATGA,0,4430934
yadN_predicted,0.3333333333333333,2,2,ACTGTCGCTTCTGTCGCGTC,0,4408480
yadN_predicted,0.3333333333333333,2,2,ACTGGTGGCAATTTACCTCC,0,4431791
yadN_predicted,0.3333333333333333,2,2,ACTGGGCAAGATTAGCGTGA,0,4405443
yadN_predicted,0.3333333333333333,2,2,ACTGACTTAGATTGTTGTTG,0,4407778
yadN_predicted,0.3333333333333333,2,2,ACTCGGCAATTATAGAGTCA,0,4432679
yadN_predicted,0.3333333333333333,2,2,ACTCGAGTAGCAGCATGGTC,0,4410047
yadN_predicted,0.3333333333333333,2,2,ACTCCGCTAGTAGCCTACGC,0,4428004
yadN_predicted,0.3333333333333333,2,2,ACTCCATGGCATCGTCCTGC,0,4426084
yadN_predicted,0.3333333333333333,2,2,ACTCATGCTGAATCCGATTC,0,4404193
yadN_predicted,0.3333333333333333,2,2,ACTCATCCATAAATAGGTAC,0,4417469
yadN_predicted,0.3333333333333333,2,2,ACTATGATTAGTGCGGTGAA,0,4422766
yadN_predicted,0.3333333333333333,2,2,ACTAGAATGGAATAATCAGG,0,4430662
yadN_predicted,0.3333333333333333,2,2,ACTACCGTCATTGTCGTACT,0,4404002
yadN_predicted,0.3333333333333333,2,2,ACGTGGTCAGTCCACGCTGG,0,4406469
yadN_predicted,0.3333333333333333,2,2,ACGTCTCATTAGTTGACCAT,0,4404046
yadN_predicted,0.3333333333333333,2,2,ACGTCGCTCCTACCACGGAC,0,4426577
yadN_predicted,0.3333333333333333,2,2,ACGTCCGCTTCCGGTGTATT,0,4408328
yadN_predicted,0.3333333333333333,2,2,ACGTATACAGCCCACAGAGA,0,4419816
yadN_predicted,0.3333333333333333,2,2,ACGGTTTCGCGGGGCGAGGT,0,4431129
yadN_predicted,0.3333333333333333,2,2,ACGGTCTCGCCTCCAGCCCC,0,4428451
yadN_predicted,0.3333333333333333,2,2,ACGGTCACAGCCTGTCGCAG,0,4430252
yadN_predicted,0.3333333333333333,2,2,ACGGTAAAATTACTAGGGTA,0,4431439
yadN_predicted,0.3333333333333333,2,2,ACGGCGTTAATCGGTGGTTA,0,4424522
yadN_predicted,0.3333333333333333,2,2,ACGGCCTTCCGATTACTACT,0,4414475
yadN_predicted,0.3333333333333333,2,2,ACGGCAGTAGTCCCCGCTAA,0,4410348
yadN_predicted,0.3333333333333333,2,2,ACGGACCATAGGCCAGGCTC,0,4402635
yadN_predicted,0.3333333333333333,2,2,ACGATTTTTCTTCTGTGGTT,0,4419434
yadN_predicted,0.3333333333333333,2,2,ACGATTCGTCCTAGGCAGAC,0,4404772
yadN_predicted,0.3333333333333333,2,2,ACGATCAGGGTACTTGCTTT,0,4427601
yadN_predicted,0.3333333333333333,2,2,ACGAGTCCTGTGGGCGTCTA,0,4408894
yadN_predicted,0.3333333333333333,2,2,ACGAGGGCCTTTATTGAACT,0,4424007
yadN_predicted,0.3333333333333333,2,2,ACGACAAATTGTTTATGCCA,0,4435306
yadN_predicted,0.3333333333333333,2,2,ACGAAATGATTCCAAAGTTG,0,4417541
yadN_predicted,0.3333333333333333,2,2,ACCTGGGTGCTGGACATGCA,0,4418441
yadN_predicted,0.3333333333333333,2,2,ACCTGCGTCGGTAAACGTCA,0,4418588
yadN_predicted,0.3333333333333333,2,2,ACCTGCCACCGACCCTAACT,0,4430338
yadN_predicted,0.3333333333333333,2,2,ACCTCAACGAGTCCCCGAGG,0,4412301
yadN_predicted,0.3333333333333333,2,2,ACCGTGGAAGACGCGGGATA,0,4409378
yadN_predicted,0.3333333333333333,2,2,ACCGTCTGCTATAGTCTTCA,0,4414271
yadN_predicted,0.3333333333333333,2,2,ACCGCTCGATCGGGATGATC,0,4430626
yadN_predicted,0.3333333333333333,2,2,ACCGCGTGCGTGTTGCCGGC,0,4419626
yadN_predicted,0.3333333333333333,2,2,ACCGAAGGGGATTTCTTTTA,0,4415288
yadN_predicted,0.3333333333333333,2,2,ACCCTTTATATGGACGCGTG,0,4423000
yadN_predicted,0.3333333333333333,2,2,ACCAGACCCTGTACAACGGA,0,4408951
yadN_predicted,0.3333333333333333,2,2,ACATTTTCTCATATATGGAT,0,4428811
yadN_predicted,0.3333333333333333,2,2,ACATTTCCAGTTATCATACA,0,4404602
yadN_predicted,0.3333333333333333,2,2,ACATTGATCTGGAGTGACAC,0,4403317
yadN_predicted,0.3333333333333333,2,2,ACATTATCATACGATGGTCA,0,4421291
yadN_predicted,0.3333333333333333,2,2,ACATATGGTCCCTTAGTTCA,0,4432726
yadN_predicted,0.3333333333333333,2,2,ACAGGGACGGCACTCTGCCC,0,4431618
yadN_predicted,0.3333333333333333,2,2,ACAGCGTTTTAGGAGGTCCC,0,4429519
yadN_predicted,0.3333333333333333,2,2,ACAGATGCGATCTAGCGCCG,0,4410292
yadN_predicted,0.3333333333333333,2,2,ACACTAGGTTACTCATGTAA,0,4419331
yadN_predicted,0.3333333333333333,2,2,ACAATCGCTTGGCATTTGAA,0,4433890
yadN_predicted,0.3333333333333333,2,2,ACAATAGATGCAATGTAGCT,0,4426284
yadN_predicted,0.3333333333333333,2,2,ACAACGGGTCCACTCTCTGG,0,4409470
yadN_predicted,0.3333333333333333,2,2,ACAACATGGTACGACAAAAG,0,4414269
yadN_predicted,0.3333333333333333,2,2,ACAAACCAAGGACATCGCGT,0,4421990
yadN_predicted,0.3333333333333333,2,2,AATTTACTGTAAAGATGATC,0,4402950
yadN_predicted,0.3333333333333333,2,2,AATTTACCCTGAGGACCACG,0,4417872
yadN_predicted,0.3333333333333333,2,2,AATTGCCGCGCCTGCAGTTG,0,4426666
yadN_predicted,0.3333333333333333,2,2,AATTCTAGTGCTCGCTGGGG,0,4411894
yadN_predicted,0.3333333333333333,2,2,AATTAGTAACATTAGACCAA,0,4419586
yadN_predicted,0.3333333333333333,2,2,AATGGGTCACTACTAAAAGG,0,4413601
yadN_predicted,0.3333333333333333,2,2,AATGGACTACAATTGCATTC,0,4431795
yadN_predicted,0.3333333333333333,2,2,AATGCGTCTATCTGCGCTGG,0,4413323
yadN_predicted,0.3333333333333333,2,2,AATCGCTACCTTCGTGCACG,0,4434375
yadN_predicted,0.3333333333333333,2,2,AATCGCCCGAGGCCGAGTTA,0,4405141
yadN_predicted,0.3333333333333333,2,2,AATCCCAGTTTCTAAAAACC,0,4418450
yadN_predicted,0.3333333333333333,2,2,AATCCATTGAAGCGACACGG,0,4411852
yadN_predicted,0.3333333333333333,2,2,AATCACTTCTGTTGTCAATT,0,4420097
yadN_predicted,0.3333333333333333,2,2,AATAAGCATGTTGTTGGCAT,0,4426267
yadN_predicted,0.3333333333333333,2,2,AATAACGAAATGATTATCAT,0,4421539
yadN_predicted,0.3333333333333333,2,2,AATAAAGTACTACTGCGTCT,0,4411436
yadN_predicted,0.3333333333333333,2,2,AATAAACGTTAGATTGTTGT,0,4427217
yadN_predicted,0.3333333333333333,2,2,AAGTTACACTTTGAACATTT,0,4423845
yadN_predicted,0.3333333333333333,2,2,AAGTGCCTGCCATCGCGTCG,0,4416675
yadN_predicted,0.3333333333333333,2,2,AAGGTTTCCACGTCCAGAGC,0,4418138
yadN_predicted,0.3333333333333333,2,2,AAGGTTCCAGACTGATGGTG,0,4432200
yadN_predicted,0.3333333333333333,2,2,AAGCTTAGTCTCTTATCCGT,0,4404518
yadN_predicted,0.3333333333333333,2,2,AAGCAAACCTCGGGTCCTCC,0,4421704
yadN_predicted,0.3333333333333333,2,2,AAGAGTCACCGCAGTCCCAA,0,4433633
yadN_predicted,0.3333333333333333,2,2,AAGAGCGGCATGACCTGGAT,0,4406475
yadN_predicted,0.3333333333333333,2,2,AAGACCGCGCAGGCACGCCT,0,4405338
yadN_predicted,0.3333333333333333,2,2,AAGAATTACTGCTAGGAAGG,0,4408059
yadN_predicted,0.3333333333333333,2,2,AACTGGGGGGCACACGTTGT,0,4433601
yadN_predicted,0.3333333333333333,2,2,AACTATTTTCGCTATGTATA,0,4430782
yadN_predicted,0.3333333333333333,2,2,AACGGGGACCGGTGGTCCTG,0,4423044
yadN_predicted,0.3333333333333333,2,2,AACGGGGAACCGCACGCTTA,0,4403610
yadN_predicted,0.3333333333333333,2,2,AACGGGCAGGTCAAATTTTG,0,4409995
yadN_predicted,0.3333333333333333,2,2,AACGATGCTACGTCGCTTCG,0,4422637
yadN_predicted,0.3333333333333333,2,2,AACCGCACTTCGGAAGGCGC,0,4415102
yadN_predicted,0.3333333333333333,2,2,AACCCGAATGAAGTCTCGGT,0,4411696
yadN_predicted,0.3333333333333333,2,2,AACCCAAGCTAGTGAGCTGT,0,4420874
yadN_predicted,0.3333333333333333,2,2,AACCAGGTGTGAATACTGAC,0,4422469
yadN_predicted,0.3333333333333333,2,2,AACATACTAGGCAAAACACA,0,4410992
yadN_predicted,0.3333333333333333,2,2,AACAGGGTCATGCGGGTGCG,0,4420628
yadN_predicted,0.3333333333333333,2,2,AACAGGCTCCAGGTGTGTTG,0,4426119
yadN_predicted,0.3333333333333333,2,2,AACAATGGGAGAGACAGTCA,0,4418335
yadN_predicted,0.3333333333333333,2,2,AAATTACGACGTCGATGATT,0,4404667
yadN_predicted,0.3333333333333333,2,2,AAATTAACGTGTACCCTGAG,0,4406937
yadN_predicted,0.3333333333333333,2,2,AAATGTCCCTCGAAGACGCA,0,4418931
yadN_predicted,0.3333333333333333,2,2,AAATGGTCAGGTCGGTAGCC,0,4421578
yadN_predicted,0.3333333333333333,2,2,AAAGGCGTGGCAATATTGGA,0,4422010
yadN_predicted,0.3333333333333333,2,2,AAAGGACCGTCTGGCTTTTC,0,4428756
yadN_predicted,0.3333333333333333,2,2,AAAGCTCGAGACAGATTTCG,0,4432003
yadN_predicted,0.3333333333333333,2,2,AAACGAGAAGAACAATATTT,0,4421169
yadN_predicted,0.3333333333333333,2,2,AAACCCGTATTCAATTTAAT,0,4414728
yadN_predicted,0.3333333333333333,2,2,AAAACTTTGCTCAGGCTGGC,0,4416852
yadN_predicted,0.3333333333333333,2,2,AAAACGGTTGACACGATAAT,0,4425289
yadN_predicted,0.5,1,1,TTTTTTCCACACCTATGAAA,0,4411446
yadN_predicted,0.5,1,1,TTTTTGTTTAGATACCTGGT,0,4417417
yadN_predicted,0.5,1,1,TTTTTGATAGTGGGCACAGG,0,4413281
yadN_predicted,0.5,1,1,TTTTTCTCCTTGAGGGTGCC,0,4430932
yadN_predicted,0.5,1,1,TTTTTAGAGAGCAGACGACA,0,4417347
yadN_predicted,0.5,1,1,TTTTGATTGACTCTACATGC,0,4405505
yadN_predicted,0.5,1,1,TTTTCCCTTAAGCTGAAATA,0,4429115
yadN_predicted,0.5,1,1,TTTTCATAAGGCGGGAAGGC,0,4409507
yadN_predicted,0.5,1,1,TTTTATGCGAAACGAAAAGT,0,4423456
yadN_predicted,0.5,1,1,TTTTATCAGCGAGCCGAATC,0,4416620
yadN_predicted,0.5,1,1,TTTTATATGGGCAGGGTTGA,0,4406546
yadN_predicted,0.5,1,1,TTTTAGGGGCCGCCCGACTA,0,4432494
yadN_predicted,0.5,1,1,TTTTACCCCGTGCTTTGGCC,0,4423990
yadN_predicted,0.5,1,1,TTTTAATGTCGGCGGCATAA,0,4407695
yadN_predicted,0.5,1,1,TTTTAACACCCCCGAGTGTA,0,4407475
yadN_predicted,0.5,1,1,TTTGTATCGCCTTTGATTGC,0,4408262
yadN_predicted,0.5,1,1,TTTGACAGCTAGGGATATTA,0,4424609
yadN_predicted,0.5,1,1,TTTCTTCCATTACGTCTGGA,0,4410242
yadN_predicted,0.5,1,1,TTTCGCCTCGCACCAGAGTT,0,4412692
yadN_predicted,0.5,1,1,TTTATGCGAATTATTCTATG,0,4427687
yadN_predicted,0.5,1,1,TTTATCTGCTACCTGTTACA,0,4405185
yadN_predicted,0.5,1,1,TTTATCGGACCTCAAGGATG,0,4421691
yadN_predicted,0.5,1,1,TTTATCAATGAAGGATCCTA,0,4406437
yadN_predicted,0.5,1,1,TTTATCAAAGTGCACAGGTA,0,4418523
yadN_predicted,0.5,1,1,TTTAGCGATCCTAGTGCTTA,0,4418506
yadN_predicted,0.5,1,1,TTTAGACACCAAACTCGTGG,0,4416652
yadN_predicted,0.5,1,1,TTTAATCATCCCATCCCCTA,0,4421913
yadN_predicted,0.5,1,1,TTGTTGCGGCTAAATTGTTT,0,4432857
yadN_predicted,0.5,1,1,TTGTTCATCTGGGAACGTAC,0,4431829
yadN_predicted,0.5,1,1,TTGTGTCATTCCCCCCGGTG,0,4421468
yadN_predicted,0.5,1,1,TTGTATTCTTGCACGTACTG,0,4405608
yadN_predicted,0.5,1,1,TTGTACTTCGACTCGATCTC,0,4421100
yadN_predicted,0.5,1,1,TTGGTGAGCGTCGGGCTTCT,0,4421981
yadN_predicted,0.5,1,1,TTGGTAGGACCTCAGGGTGT,0,4433511
yadN_predicted,0.5,1,1,TTGGGGGGGACATTCTGATC,0,4434926
yadN_predicted,0.5,1,1,TTGGCGTCCACCTGGCGTCA,0,4429187
yadN_predicted,0.5,1,1,TTGGCGGACCGGGCACGATT,0,4430160
yadN_predicted,0.5,1,1,TTGGCGCGCGTCATGTTGTG,0,4427836
yadN_predicted,0.5,1,1,TTGGCCCGTGCACTGTCTCA,0,4411907
yadN_predicted,0.5,1,1,TTGGAAGTTAATGTGTATCC,0,4421545
yadN_predicted,0.5,1,1,TTGCTGTGTGCGAACACTTA,0,4411955
yadN_predicted,0.5,1,1,TTGCGTCGGTCACGAGGATA,0,4431633
yadN_predicted,0.5,1,1,TTGCGGGATTACGGCCTTTT,0,4421607
yadN_predicted,0.5,1,1,TTGATTGTAACTTTAAAATG,0,4413314
yadN_predicted,0.5,1,1,TTGATACGCGGCTGTATTAT,0,4414862
yadN_predicted,0.5,1,1,TTGATAACGGCGAGACAGAT,0,4431304
yadN_predicted,0.5,1,1,TTGAAAAGCATTTTCAACCA,0,4403716
yadN_predicted,0.5,1,1,TTGAAAACAAGCTTACAAAA,0,4410601
yadN_predicted,0.5,1,1,TTCTTTTACAGTCACGGTTT,0,4402757
yadN_predicted,0.5,1,1,TTCTGTAAATGATTAGGTCA,0,4412731
yadN_predicted,0.5,1,1,TTCTGGTCAACGGGTGATCC,0,4427239
yadN_predicted,0.5,1,1,TTCTCGTGTCCGAGTACCGA,0,4415760
yadN_predicted,0.5,1,1,TTCTATGTAGAATTCTCATC,0,4407960
yadN_predicted,0.5,1,1,TTCGTCGCTTTCGCTGGATC,0,4421012
yadN_predicted,0.5,1,1,TTCGGTCGTCCGAACCCCCG,0,4403928
yadN_predicted,0.5,1,1,TTCGGGCCGATAGGCAGGCA,0,4433857
yadN_predicted,0.5,1,1,TTCGCGTAAGTTTCAGTGGT,0,4433747
yadN_predicted,0.5,1,1,TTCGAGCAAATAATGCCATT,0,4421608
yadN_predicted,0.5,1,1,TTCGAAGCACTTCTTCATAC,0,4407455
yadN_predicted,0.5,1,1,TTCCGGCGGTACGTACCGGA,0,4413670
yadN_predicted,0.5,1,1,TTCCCCTTGGAGCCTCCAAG,0,4412078
yadN_predicted,0.5,1,1,TTCCAATCCCGCCTACTCTG,0,4409481
yadN_predicted,0.5,1,1,TTCATCCGGGGTACGGACCA,0,4413300
yadN_predicted,0.5,1,1,TTCATCACGGGGGAACCTCT,0,4431550
yadN_predicted,0.5,1,1,TTCAATCCAGCGGTAAAAGG,0,4416576
yadN_predicted,0.5,1,1,TTCAAAACGCGATTGTCATT,0,4403071
yadN_predicted,0.5,1,1,TTATGGTCCAAAGTGCCACA,0,4435392
yadN_predicted,0.5,1,1,TTATGCTCTCGTTAGAGATA,0,4430695
yadN_predicted,0.5,1,1,TTATACATGTAACCGTAGGG,0,4417352
yadN_predicted,0.5,1,1,TTATACAGCATGATGGCGCG,0,4414792
yadN_predicted,0.5,1,1,TTAGGCTAACGGCCGATCTA,0,4425882
yadN_predicted,0.5,1,1,TTAGCTGCGCTACTACACAC,0,4428039
yadN_predicted,0.5,1,1,TTACTCAGAAGCGGGTCCCG,0,4425415
yadN_predicted,0.5,1,1,TTACGTCATTACCGAGATTA,0,4435285
yadN_predicted,0.5,1,1,TTACGTCAATAGTCAAGTGA,0,4420671
yadN_predicted,0.5,1,1,TTACGGTTCTTCGCAGTGGC,0,4418384
yadN_predicted,0.5,1,1,TTACGCGATCCGTTCCATAA,0,4421832
yadN_predicted,0.5,1,1,TTACACGGTTGCATCTAGTA,0,4415849
yadN_predicted,0.5,1,1,TTAATTCATCGGATGCCGGA,0,4426683
yadN_predicted,0.5,1,1,TTAAGCGAGCGAGCTGTCGG,0,4421894
yadN_predicted,0.5,1,1,TTAACTTCTGCATTCCCTGT,0,4406089
yadN_predicted,0.5,1,1,TTAACTCCACAATCTGGCCA,0,4419068
yadN_predicted,0.5,1,1,TTAACGAGGACGCCTGGTTC,0,4414797
yadN_predicted,0.5,1,1,TTAAATAACTCAGCCAAAGG,0,4426770
yadN_predicted,0.5,1,1,TTAAAGGCGAACCAGAGAGA,0,4412159
yadN_predicted,0.5,1,1,TGTTTAGGCCCTGGAAGCCA,0,4405532
yadN_predicted,0.5,1,1,TGTTCTAGAGTTGTACAGAT,0,4410059
yadN_predicted,0.5,1,1,TGTTACGAGGCTCCGACATC,0,4406152
yadN_predicted,0.5,1,1,TGTTAATTATCGTACAGAGG,0,4429573
yadN_predicted,0.5,1,1,TGTGTTCGGGCTAAGTCGGC,0,4423272
yadN_predicted,0.5,1,1,TGTGTTACCTCCTGCGACGA,0,4421075
yadN_predicted,0.5,1,1,TGTGAGGATGTGAATTTTAT,0,4420195
yadN_predicted,0.5,1,1,TGTGAAACTCCTTGACCTTC,0,4412378
yadN_predicted,0.5,1,1,TGTCCTACGCGAGGACGCTC,0,4424853
yadN_predicted,0.5,1,1,TGTCACGGAAGTTAGGCACG,0,4410672
yadN_predicted,0.5,1,1,TGTATTACTGCCTCGGAAAA,0,4418773
yadN_predicted,0.5,1,1,TGTAGTTCTGCAATTTGATT,0,4409852
yadN_predicted,0.5,1,1,TGTAGGCGCAAAACGGCCAG,0,4415087
yadN_predicted,0.5,1,1,TGTAGCGGTCCGGAAATCGG,0,4427613
yadN_predicted,0.5,1,1,TGTAGAAGAGGTGGCGGCAT,0,4407770
yadN_predicted,0.5,1,1,TGTACGAGGGGTATGCTAAT,0,4408001
yadN_predicted,0.5,1,1,TGTACCAAATCTACGACGAC,0,4416443
yadN_predicted,0.5,1,1,TGTAATATCCAGGGCCGGAA,0,4414447
yadN_predicted,0.5,1,1,TGGTTTCAACCCACTACAGA,0,4422176
yadN_predicted,0.5,1,1,TGGTGTGCTCCCTCTCACCC,0,4420778
yadN_predicted,0.5,1,1,TGGTGGGCCACGCCCTTAGG,0,4429660
yadN_predicted,0.5,1,1,TGGTGGCATGCCTTGTATTG,0,4407264
yadN_predicted,0.5,1,1,TGGTGCACTCGCTAGGTAAA,0,4416704
yadN_predicted,0.5,1,1,TGGTCTCAAAAGTGTTCCCT,0,4434463
yadN_predicted,0.5,1,1,TGGTCGCGGTGGTCTCATCC,0,4426226
yadN_predicted,0.5,1,1,TGGTCATTAGGCATTCAACT,0,4420220
yadN_predicted,0.5,1,1,TGGTACAGTAATCGGTTTCG,0,4411359
yadN_predicted,0.5,1,1,TGGGGTGGAGTAAGGCAGAA,0,4414472
yadN_predicted,0.5,1,1,TGGGGAATTATGAGGTATAA,0,4404942
yadN_predicted,0.5,1,1,TGGGCGGGTAAATGCCTACT,0,4403924
yadN_predicted,0.5,1,1,TGGGCCCTTCGTACTAAGGA,0,4425631
yadN_predicted,0.5,1,1,TGGGAGGCGTGGGAACGAAA,0,4408597
yadN_predicted,0.5,1,1,TGGGACAGTGCTTGTATCTC,0,4431039
yadN_predicted,0.5,1,1,TGGCTCTAGGGACCTCAATC,0,4417981
yadN_predicted,0.5,1,1,TGGCGCGTGTGCCTGCTTCG,0,4408027
yadN_predicted,0.5,1,1,TGGCACGCCCCTTTAAAAGT,0,4423497
yadN_predicted,0.5,1,1,TGGATTGCGCTGTCTTACCG,0,4423374
yadN_predicted,0.5,1,1,TGGATCCTAACTCGCTGCAT,0,4422526
yadN_predicted,0.5,1,1,TGGAATGTTGGACCATTCCG,0,4420171
yadN_predicted,0.5,1,1,TGGAATAGTACATGCTTTAG,0,4420906
yadN_predicted,0.5,1,1,TGGAAGGAGTATATGCCATG,0,4408745
yadN_predicted,0.5,1,1,TGCTTAACGCTGGTACTGGA,0,4424662
yadN_predicted,0.5,1,1,TGCTCGTGACTAGACAATTG,0,4414288
yadN_predicted,0.5,1,1,TGCTACTTAATAAAAGCCAT,0,4431446
yadN_predicted,0.5,1,1,TGCGTATAAGCATGAGCGCC,0,4410422
yadN_predicted,0.5,1,1,TGCGTAAAGGAGTCCTAAAG,0,4428924
yadN_predicted,0.5,1,1,TGCGGTAATTCGTACAAGCT,0,4405478
yadN_predicted,0.5,1,1,TGCGGCAATAATCTAATCTA,0,4409479
yadN_predicted,0.5,1,1,TGCGCTGCTAGGATCAAGAT,0,4417865
yadN_predicted,0.5,1,1,TGCGATCTGGTCTGGCATCA,0,4433991
yadN_predicted,0.5,1,1,TGCGAGGAGGTTGTGAATGT,0,4427240
yadN_predicted,0.5,1,1,TGCGAATTCGTGGTACATAA,0,4405360
yadN_predicted,0.5,1,1,TGCCTTGTCACTGGGGGGAA,0,4412432
yadN_predicted,0.5,1,1,TGCCTTCTATCTCCGCTCCA,0,4429302
yadN_predicted,0.5,1,1,TGCCTGTCACACGCCCGTCA,0,4425085
yadN_predicted,0.5,1,1,TGCCTGGCCGATCTACCCGC,0,4406143
yadN_predicted,0.5,1,1,TGCCTCCCCGTAACGCAGGT,0,4413639
yadN_predicted,0.5,1,1,TGCCTAGACAGGAGGCTGAT,0,4416705
yadN_predicted,0.5,1,1,TGCCGTATTCGAATATCGCT,0,4404074
yadN_predicted,0.5,1,1,TGCCCATTTCGTCAGTAGCC,0,4403715
yadN_predicted,0.5,1,1,TGCCCAAGGCGCGAAGCATC,0,4434922
yadN_predicted,0.5,1,1,TGCCAAAGACCCTATTGGAG,0,4419426
yadN_predicted,0.5,1,1,TGCAGGGGACTGGCGCTGAA,0,4409362
yadN_predicted,0.5,1,1,TGCACTAATTACCGTGTTAT,0,4431889
yadN_predicted,0.5,1,1,TGATTGTAGCTAATCTCCCC,0,4419624
yadN_predicted,0.5,1,1,TGATGCGCGGATGGTTTTCC,0,4414742
yadN_predicted,0.5,1,1,TGATCAAGAAGCACAGCGCG,0,4405749
yadN_predicted,0.5,1,1,TGAGTGGGCCAGACCGAGGT,0,4421605
yadN_predicted,0.5,1,1,TGAGGTGTGTTGATTAGCGT,0,4408890
yadN_predicted,0.5,1,1,TGAGGCTCGTGCCACCTGGG,0,4428417
yadN_predicted,0.5,1,1,TGAGGAGACCGAGCGCAAGT,0,4408473
yadN_predicted,0.5,1,1,TGACTGGGGTTGAAGGCGGT,0,4425462
yadN_predicted,0.5,1,1,TGACATTCAAGTGCCGTGCC,0,4426635
yadN_predicted,0.5,1,1,TGACAATCAATACATCGACC,0,4435068
yadN_predicted,0.5,1,1,TGAATTTAGTAGAACCGGGA,0,4405869
yadN_predicted,0.5,1,1,TGAATGTGGCCTACATTTTT,0,4404316
yadN_predicted,0.5,1,1,TGAATAACCAGGAACTCGTA,0,4429571
yadN_predicted,0.5,1,1,TGAAGTTCAAAATGGCTCAG,0,4415467
yadN_predicted,0.5,1,1,TGAAGGCTATGCATAGCCGA,0,4421096
yadN_predicted,0.5,1,1,TGAAAGGGATTCTGGGGGGT,0,4411504
yadN_predicted,0.5,1,1,TGAAACATTCTAGCCCCAGA,0,4423411
yadN_predicted,0.5,1,1,TCTTTGGAAGACCGTCCGGT,0,4428019
yadN_predicted,0.5,1,1,TCTTTGGAAGACCGTCCGAT,0,4428021
yadN_predicted,0.5,1,1,TCTTTATAGACTACACCGCC,0,4404932
yadN_predicted,0.5,1,1,TCTTTAACATACTTAGCTCT,0,4408535
yadN_predicted,0.5,1,1,TCTTGTTGGTTGAGGGTTGG,0,4420706
yadN_predicted,0.5,1,1,TCTTATATCACGCCTTAAAA,0,4414192
yadN_predicted,0.5,1,1,TCTTACGTGTACTAGGCGTG,0,4405340
yadN_predicted,0.5,1,1,TCTGGCCGGTAGGGAACTGC,0,4428313
yadN_predicted,0.5,1,1,TCTCTTGCCGCACTTCGATC,0,4408491
yadN_predicted,0.5,1,1,TCTCTAAGTAACGGGATACT,0,4431716
yadN_predicted,0.5,1,1,TCTCAGCTCGAAAAGGGAAT,0,4415276
yadN_predicted,0.5,1,1,TCTATTTGGACTAAATTGAT,0,4427754
yadN_predicted,0.5,1,1,TCTAGTCCCTTCCGTCGCAT,0,4421696
yadN_predicted,0.5,1,1,TCTAGAGGACATGCCCCGAA,0,4426244
yadN_predicted,0.5,1,1,TCTACGTGCCGACCGGGGAT,0,4407030
yadN_predicted,0.5,1,1,TCTACGACGATAGTCCATGT,0,4427266
yadN_predicted,0.5,1,1,TCTACCGCGGTGATATGCAT,0,4430196
yadN_predicted,0.5,1,1,TCTAAATCGCATCCAGCTCC,0,4425471
yadN_predicted,0.5,1,1,TCGTTTAAAGGTCGTCGAGG,0,4417068
yadN_predicted,0.5,1,1,TCGTCTATCGTCGGGCAGCT,0,4421439
yadN_predicted,0.5,1,1,TCGTCTAGCGTAACGTCAAG,0,4435748
yadN_predicted,0.5,1,1,TCGTCCCCTACAGCGGCTTC,0,4430813
yadN_predicted,0.5,1,1,TCGTATAATCTCGCCGTGGC,0,4415748
yadN_predicted,0.5,1,1,TCGGTGTATAACTGCACCTC,0,4418963
yadN_predicted,0.5,1,1,TCGGTGGCATTATCCCCCGG,0,4419566
yadN_predicted,0.5,1,1,TCGGGTCTTAATCATAGGTC,0,4428335
yadN_predicted,0.5,1,1,TCGGCTCCCACGACTGTGTA,0,4427653
yadN_predicted,0.5,1,1,TCGGCGACGGTAAGGCTCTG,0,4426964
yadN_predicted,0.5,1,1,TCGGACTGCGAGCTCCGGCG,0,4419275
yadN_predicted,0.5,1,1,TCGGAATGGGGTTTGCCCAA,0,4434292
yadN_predicted,0.5,1,1,TCGCTCAAACATGCGTCTGT,0,4430998
yadN_predicted,0.5,1,1,TCGCGTCGGGGTTATGTTCG,0,4405962
yadN_predicted,0.5,1,1,TCGCGAAGTATATGCTAGAG,0,4409163
yadN_predicted,0.5,1,1,TCGCCCATTGATTACGAAAC,0,4408494
yadN_predicted,0.5,1,1,TCGCAATGTGATGCGTATCT,0,4412516
yadN_predicted,0.5,1,1,TCGATTATGCTTGAGCGACG,0,4413903
yadN_predicted,0.5,1,1,TCGATGACTTAGGGAAAGTG,0,4411665
yadN_predicted,0.5,1,1,TCGATACACCCCGATGAGAG,0,4419827
yadN_predicted,0.5,1,1,TCGACTTCTAACTATTAAGT,0,4408123
yadN_predicted,0.5,1,1,TCGAAGCGGGAAGCATATCC,0,4403338
yadN_predicted,0.5,1,1,TCCTTCAACTAGCTGCTTCG,0,4427294
yadN_predicted,0.5,1,1,TCCTGTCTGGGAACATCTAG,0,4418816
yadN_predicted,0.5,1,1,TCCTGTCCGTTAGAAATCGC,0,4405679
yadN_predicted,0.5,1,1,TCCTCGCCTTTCTAGGAGTC,0,4433047
yadN_predicted,0.5,1,1,TCCTACTACTGGTAATTAAG,0,4415053
yadN_predicted,0.5,1,1,TCCTAATACAAAACGTCACT,0,4433409
yadN_predicted,0.5,1,1,TCCGGTCATCGTCGAAGTCT,0,4410832
yadN_predicted,0.5,1,1,TCCGGGTGCCAGGGTCACCA,0,4418822
yadN_predicted,0.5,1,1,TCCGGAATGTTCAAGGACTG,0,4415045
yadN_predicted,0.5,1,1,TCCGCTCACTGGAAGTTACC,0,4421681
yadN_predicted,0.5,1,1,TCCGCGTTATTGCACTGATA,0,4432212
yadN_predicted,0.5,1,1,TCCGCGATGCAAAAGGCCCG,0,4415911
yadN_predicted,0.5,1,1,TCCGCATTTTTTACTCGTTT,0,4428011
yadN_predicted,0.5,1,1,TCCACCGTAACCTGGGTGGT,0,4415108
yadN_predicted,0.5,1,1,TCCAACATTGGGGACAGCCT,0,4431794
yadN_predicted,0.5,1,1,TCATTGCCCGTAATCGTGGT,0,4405738
yadN_predicted,0.5,1,1,TCATGCGTGAAAGCTGTTCC,0,4404605
yadN_predicted,0.5,1,1,TCATCCCACTCGCTTAATAC,0,4422820
yadN_predicted,0.5,1,1,TCATCAGCTCTATATGAGGA,0,4432958
yadN_predicted,0.5,1,1,TCAGTGTTACCTTATACACT,0,4405241
yadN_predicted,0.5,1,1,TCAGGATCCCCGGCCTGTTA,0,4419531
yadN_predicted,0.5,1,1,TCAGGAAGTTCCAGAGCCTC,0,4409191
yadN_predicted,0.5,1,1,TCAGACCCCGACGAGTACCC,0,4434257
yadN_predicted,0.5,1,1,TCAGAATGTGGATAGGCCGT,0,4432232
yadN_predicted,0.5,1,1,TCACCTTTTGAGCCTTCCCA,0,4415379
yadN_predicted,0.5,1,1,TCAAGTTGTTTCCATGTTCT,0,4432258
yadN_predicted,0.5,1,1,TCAAGTTAGGGTAACCTCCT,0,4412962
yadN_predicted,0.5,1,1,TCAAGTCATGCAGAGGGAAA,0,4431756
yadN_predicted,0.5,1,1,TATTTAGAGATACGTCAACA,0,4421117
yadN_predicted,0.5,1,1,TATTGACGCTATTCTGAGAC,0,4424788
yadN_predicted,0.5,1,1,TATTCGTATTTCACGAGGAA,0,4409672
yadN_predicted,0.5,1,1,TATGTAAGGTAATTTGTGCT,0,4429196
yadN_predicted,0.5,1,1,TATGGTGAGCCGAAAGGCTT,0,4412017
yadN_predicted,0.5,1,1,TATGGTCCTCGAGGCCGCAA,0,4414373
yadN_predicted,0.5,1,1,TATGCCGGTACCGTAGTCTT,0,4422625
yadN_predicted,0.5,1,1,TATGAGTATGTGATGAGCCC,0,4407644
yadN_predicted,0.5,1,1,TATGAGAGGAAACAACCGGT,0,4407083
yadN_predicted,0.5,1,1,TATCTGGGTAGATACGTAAG,0,4404360
yadN_predicted,0.5,1,1,TATCGGATGGTGGTTTAGAC,0,4421391
yadN_predicted,0.5,1,1,TATCCAGGTGGCCCTAGGAT,0,4405643
yadN_predicted,0.5,1,1,TATATTCTAGTCATCAACGT,0,4408443
yadN_predicted,0.5,1,1,TATATGTCTAGGGCTTGTGA,0,4411426
yadN_predicted,0.5,1,1,TATATCATTCATAGGATTGC,0,4425461
yadN_predicted,0.5,1,1,TATAGTTACTTTTTACTTGG,0,4423372
yadN_predicted,0.5,1,1,TATAGAGACGACGAGGCCCC,0,4402729
yadN_predicted,0.5,1,1,TATACCTAAATTGAGATTCG,0,4420670
yadN_predicted,0.5,1,1,TAGTTTTTATCCCCATTCTA,0,4405015
yadN_predicted,0.5,1,1,TAGGTTACGACTGTAAGTCC,0,4414384
yadN_predicted,0.5,1,1,TAGGTGGTCCTTAAAATAAT,0,4416022
yadN_predicted,0.5,1,1,TAGGTCCGCGCTCTCCAAAC,0,4416499
yadN_predicted,0.5,1,1,TAGGGTGATAATTTTGAAAA,0,4432705
yadN_predicted,0.5,1,1,TAGGGTAGGTTTAAAGACGG,0,4406776
yadN_predicted,0.5,1,1,TAGGGGCGTGTAGTAGGCGC,0,4420467
yadN_predicted,0.5,1,1,TAGGGAGGCTCTGAAATTAG,0,4404194
yadN_predicted,0.5,1,1,TAGGCACACTGTTGATAAAC,0,4425119
yadN_predicted,0.5,1,1,TAGCTGAGCCGAAAGAAGAT,0,4407639
yadN_predicted,0.5,1,1,TAGCTCGGAAAACTATATTT,0,4428214
yadN_predicted,0.5,1,1,TAGCCGGTGGTCATCCACGG,0,4419810
yadN_predicted,0.5,1,1,TAGCCCTGTGAATCCTGGCA,0,4432724
yadN_predicted,0.5,1,1,TAGCCAGTCATTGTTATAAA,0,4410193
yadN_predicted,0.5,1,1,TAGATCACAATCCCGGTATT,0,4434284
yadN_predicted,0.5,1,1,TAGATAATCTAAACCGTATA,0,4414420
yadN_predicted,0.5,1,1,TAGAACTTTTTTGTCGGATG,0,4411689
yadN_predicted,0.5,1,1,TAGAAATTGCTGGTGTGACA,0,4411982
yadN_predicted,0.5,1,1,TAGAAAGGATAAGGGGCCAT,0,4432485
yadN_predicted,0.5,1,1,TACTGTGTGCCGGTACGGCT,0,4409136
yadN_predicted,0.5,1,1,TACTGGCTTGTATTCACATG,0,4415710
yadN_predicted,0.5,1,1,TACTCGCCCTCTCCGTAGTG,0,4402858
yadN_predicted,0.5,1,1,TACTCATAGTGGTATGATAT,0,4406020
yadN_predicted,0.5,1,1,TACTATAGGGAAAAGGTTGT,0,4430805
yadN_predicted,0.5,1,1,TACTACACGAGACTTTATCT,0,4432331
yadN_predicted,0.5,1,1,TACGCGGTAACCAGGCCCGT,0,4420221
yadN_predicted,0.5,1,1,TACGCGACAAGCGCAGCCGT,0,4415586
yadN_predicted,0.5,1,1,TACGATTAGACTAATAGGCC,0,4420811
yadN_predicted,0.5,1,1,TACCTTTATATCTTTGCACC,0,4403449
yadN_predicted,0.5,1,1,TACCTCCGCCGCTGGACTCT,0,4419334
yadN_predicted,0.5,1,1,TACCGGACAGCGCTCAAGAA,0,4433957
yadN_predicted,0.5,1,1,TACCAATATTGTTTCAACTA,0,4428110
yadN_predicted,0.5,1,1,TACATGTCCCGTGCCGCTAA,0,4426582
yadN_predicted,0.5,1,1,TACATCTTCGTATGTCCTTC,0,4426610
yadN_predicted,0.5,1,1,TACAGGGTGTCACTGATTGT,0,4407342
yadN_predicted,0.5,1,1,TACAGGATGGAATCGGTCCG,0,4408517
yadN_predicted,0.5,1,1,TACACTGGGGTTCTTGCACG,0,4420256
yadN_predicted,0.5,1,1,TACAATGGCCCAGTTTACAC,0,4411083
yadN_predicted,0.5,1,1,TAATGTTCAGAATCCACCTT,0,4431530
yadN_predicted,0.5,1,1,TAATGGTTTGTAGGCTTGCA,0,4423130
yadN_predicted,0.5,1,1,TAATCGGAGTAATACCTAGG,0,4414981
yadN_predicted,0.5,1,1,TAATCAGTATTCTAGGTCTA,0,4403256
yadN_predicted,0.5,1,1,TAATCACGTGTGTTTAGGGT,0,4409348
yadN_predicted,0.5,1,1,TAATAGCCGCCCACAATGTT,0,4403847
yadN_predicted,0.5,1,1,TAATAAGCCCTGTGCGTGAT,0,4412951
yadN_predicted,0.5,1,1,TAAGAGGCACATCTATCTCA,0,4409372
yadN_predicted,0.5,1,1,TAACCACAGCAACGGCCTCT,0,4427172
yadN_predicted,0.5,1,1,TAACAAATACTGTGTTAGAT,0,4422454
yadN_predicted,0.5,1,1,TAAATGATCGGCTTTACGGA,0,4411241
yadN_predicted,0.5,1,1,TAAAGGGTCGTGCAACGGTA,0,4433479
yadN_predicted,0.5,1,1,TAAACTAAACTTGGTGGGAC,0,4408181
yadN_predicted,0.5,1,1,TAAAAGCGTTAATTGGTTAT,0,4420820
yadN_predicted,0.5,1,1,TAAAAAATGGCATTCGCTGA,0,4430141
yadN_predicted,0.5,1,1,GTTTTACATTGGCCTCCAAT,0,4434164
yadN_predicted,0.5,1,1,GTTTGCCAATTGGAGGGGTC,0,4433435
yadN_predicted,0.5,1,1,GTTTCCGAGTATTCCGTACG,0,4434831
yadN_predicted,0.5,1,1,GTTTATTTTACATATATACG,0,4426861
yadN_predicted,0.5,1,1,GTTTAAACAACGAGGATCTT,0,4404281
yadN_predicted,0.5,1,1,GTTTAAAAGTATTTTCAAGT,0,4406648
yadN_predicted,0.5,1,1,GTTGTTGACGGACGTTCGTA,0,4407527
yadN_predicted,0.5,1,1,GTTGTGGATCAAAATAATAT,0,4416438
yadN_predicted,0.5,1,1,GTTGTCCGGGCAAAATACGG,0,4406884
yadN_predicted,0.5,1,1,GTTGGGGGGTCGGAATATCG,0,4420504
yadN_predicted,0.5,1,1,GTTGACTGTGTTCCTACGTT,0,4417558
yadN_predicted,0.5,1,1,GTTGACAGCAAAGGATTAAA,0,4404947
yadN_predicted,0.5,1,1,GTTCTTGTTGCATGATCCGG,0,4424354
yadN_predicted,0.5,1,1,GTTCTAATTTGGTACAACTT,0,4416110
yadN_predicted,0.5,1,1,GTTCGAACACTCTCACTATA,0,4418455
yadN_predicted,0.5,1,1,GTTCGAACACTCATATTAAT,0,4414008
yadN_predicted,0.5,1,1,GTTCCGTTGCGAACGGAGTT,0,4412002
yadN_predicted,0.5,1,1,GTTCCGGGGTTACCGCCGGA,0,4427949
yadN_predicted,0.5,1,1,GTTCATTATGCGGCTCCGTC,0,4421310
yadN_predicted,0.5,1,1,GTTATTCTTGAGGACTGTCC,0,4433772
yadN_predicted,0.5,1,1,GTTATGATGTCTCAGCAGCT,0,4424328
yadN_predicted,0.5,1,1,GTTATAGCCAACCCATGCCA,0,4408167
yadN_predicted,0.5,1,1,GTTATAAGATACACTCTGCG,0,4419737
yadN_predicted,0.5,1,1,GTTAAGTTCGCGAGCGTGAA,0,4428524
yadN_predicted,0.5,1,1,GTGTGTAACTACCTGGACGG,0,4434468
yadN_predicted,0.5,1,1,GTGTGGGGGCATGGTCCTGA,0,4424323
yadN_predicted,0.5,1,1,GTGTGCTTTACTCGATTCCA,0,4429494
yadN_predicted,0.5,1,1,GTGTGACTCCTCTAGGGCTC,0,4409832
yadN_predicted,0.5,1,1,GTGTAAACAGTGGCGCGTAG,0,4410674
yadN_predicted,0.5,1,1,GTGGTGTGCAAGTTTCTTCG,0,4428418
yadN_predicted,0.5,1,1,GTGGTGCAACAAGGTAGAAT,0,4408476
yadN_predicted,0.5,1,1,GTGGTATCTTCCCGTCCGCT,0,4405084
yadN_predicted,0.5,1,1,GTGGTAGATACTTGCCAGGT,0,4406411
yadN_predicted,0.5,1,1,GTGGTAATCTACTGATCCCT,0,4423867
yadN_predicted,0.5,1,1,GTGGGGTGATTGAAAGGCTC,0,4434052
yadN_predicted,0.5,1,1,GTGGGAGACCAGTCTTTGCT,0,4425698
yadN_predicted,0.5,1,1,GTGGCTATCCGTAAAATCTT,0,4415268
yadN_predicted,0.5,1,1,GTGGACGAGTCGTTCGCTAT,0,4411133
yadN_predicted,0.5,1,1,GTGGACAAAGATATTGAAAT,0,4422253
yadN_predicted,0.5,1,1,GTGCTTTAGTTAATAGGGCG,0,4413867
yadN_predicted,0.5,1,1,GTGCTGCTAGACCGTACAGT,0,4406063
yadN_predicted,0.5,1,1,GTGCGTAACGAATCGCTTCT,0,4411858
yadN_predicted,0.5,1,1,GTGCGCCGGCTAAATAATCT,0,4406939
yadN_predicted,0.5,1,1,GTGCCCACGGTATGAGTACT,0,4424396
yadN_predicted,0.5,1,1,GTGCCACGACGGCATGGAAG,0,4420394
yadN_predicted,0.5,1,1,GTGAGCACAAACCCCTGGTG,0,4406171
yadN_predicted,0.5,1,1,GTGAATGTTTCATAGATGTC,0,4429342
yadN_predicted,0.5,1,1,GTGAATGGGGACAGGTTTAC,0,4431426
yadN_predicted,0.5,1,1,GTCTTATGGTTGTCTCACGA,0,4406802
yadN_predicted,0.5,1,1,GTCTTATAAAGGGTGGATCG,0,4412162
yadN_predicted,0.5,1,1,GTCTTACAACCACAGAGACA,0,4432271
yadN_predicted,0.5,1,1,GTCTGGCCGTTCATACGAGC,0,4411143
yadN_predicted,0.5,1,1,GTCTGATTGAGAAAATTAGT,0,4419451
yadN_predicted,0.5,1,1,GTCTCTGCTCTGTCAGCGCC,0,4435665
yadN_predicted,0.5,1,1,GTCTCCGGGTTTAACGCAGC,0,4428120
yadN_predicted,0.5,1,1,GTCTATCATTGGTGCGGCCA,0,4413397
yadN_predicted,0.5,1,1,GTCTAGAACCGCGGCATGCA,0,4419450
yadN_predicted,0.5,1,1,GTCGGGTCAGACGTTCCTCG,0,4435114
yadN_predicted,0.5,1,1,GTCGAAGTACGGGAGGCCCA,0,4415678
yadN_predicted,0.5,1,1,GTCCTTGTCCTTACGTACTG,0,4426344
yadN_predicted,0.5,1,1,GTCCGGCTAGTGATCTATAA,0,4421093
yadN_predicted,0.5,1,1,GTCCCGGAGTGGTTAAGTGT,0,4418744
yadN_predicted,0.5,1,1,GTCCCCTAATATTGACCATT,0,4424129
yadN_predicted,0.5,1,1,GTCCCAGCACGTGGGAATTA,0,4418170
yadN_predicted,0.5,1,1,GTCCCAATCGATTAGCAGAT,0,4420657
yadN_predicted,0.5,1,1,GTCCAATCCCCCTACATAGT,0,4420910
yadN_predicted,0.5,1,1,GTCATACGGATGTGCGTGTA,0,4433157
yadN_predicted,0.5,1,1,GTCACAGGGCAGCAACTGTG,0,4417673
yadN_predicted,0.5,1,1,GTCAAATGGCGAAGATGCTA,0,4403693
yadN_predicted,0.5,1,1,GTATTCGATGGCGCTCTATA,0,4427966
yadN_predicted,0.5,1,1,GTATTCACTCTTGGGGATTC,0,4412579
yadN_predicted,0.5,1,1,GTATGAGTACTTATCACGAT,0,4423447
yadN_predicted,0.5,1,1,GTATCCCTTCCGGCATTTTA,0,4420184
yadN_predicted,0.5,1,1,GTATAGCGGCCCCGACGGTG,0,4428280
yadN_predicted,0.5,1,1,GTAGTTCCCTCTACCACATA,0,4409186
yadN_predicted,0.5,1,1,GTAGCATACTGCCCGTGTAC,0,4431759
yadN_predicted,0.5,1,1,GTACTGGCTATAGCCGCAAC,0,4429492
yadN_predicted,0.5,1,1,GTACTCCCGCTAGTGTTGTG,0,4408357
yadN_predicted,0.5,1,1,GTACTACTATCACCGGCAAG,0,4429841
yadN_predicted,0.5,1,1,GTACCGCGGTGCAGTGCAAT,0,4403832
yadN_predicted,0.5,1,1,GTACAGATTCCCACAGGCGG,0,4433945
yadN_predicted,0.5,1,1,GTACAGAAGGGTGTGAGAGG,0,4412586
yadN_predicted,0.5,1,1,GTACACCGGGCTCAACTAAC,0,4428953
yadN_predicted,0.5,1,1,GTACACCGACTAAATTTAGC,0,4418672
yadN_predicted,0.5,1,1,GTACAACAGACCGATCATAC,0,4429777
yadN_predicted,0.5,1,1,GTAAGTGAGTGTAATTACGC,0,4419282
yadN_predicted,0.5,1,1,GTAAGGAGTTTGATCCGTTC,0,4418855
yadN_predicted,0.5,1,1,GTAAGAGAAAGTTCTGTGGA,0,4425971
yadN_predicted,0.5,1,1,GTAACCTTAAATGCCAATCT,0,4432225
yadN_predicted,0.5,1,1,GGTTTGGATGACGTTGCAAG,0,4414299
yadN_predicted,0.5,1,1,GGTTGTAATCAACTCGAACG,0,4414698
yadN_predicted,0.5,1,1,GGTTCTCTTGCCGTGTTAAG,0,4422677
yadN_predicted,0.5,1,1,GGTTATAATGACCAAGACAC,0,4405715
yadN_predicted,0.5,1,1,GGTTAATCGACACTTAATGC,0,4411125
yadN_predicted,0.5,1,1,GGTTAAACAATCAGGATTCC,0,4412338
yadN_predicted,0.5,1,1,GGTGTTGCAGATGCGACAGT,0,4426442
yadN_predicted,0.5,1,1,GGTGGAAGAGTTGCACACGT,0,4422703
yadN_predicted,0.5,1,1,GGTGCTCCCCCGCTGATGGG,0,4433745
yadN_predicted,0.5,1,1,GGTCTTCTAATGAGCTATAA,0,4409888
yadN_predicted,0.5,1,1,GGTCTCGGGGTACGGACTAG,0,4432207
yadN_predicted,0.5,1,1,GGTCGTATGTGGCTGCGATG,0,4427252
yadN_predicted,0.5,1,1,GGTCGATACTTGCAGTCCGC,0,4432576
yadN_predicted,0.5,1,1,GGTCCGGGCAGACAGAACAC,0,4410285
yadN_predicted,0.5,1,1,GGTCATTCAGTTTATGCTAC,0,4426063
yadN_predicted,0.5,1,1,GGTATTTTGCCCTTTACTTT,0,4411987
yadN_predicted,0.5,1,1,GGTATGCCCCGCTTTAATGA,0,4434197
yadN_predicted,0.5,1,1,GGTATATTAGCGGGCGAGCT,0,4417322
yadN_predicted,0.5,1,1,GGTACGTGGCAAATCACCAT,0,4427436
yadN_predicted,0.5,1,1,GGGTTTACGGGAGTGCTGGT,0,4405048
yadN_predicted,0.5,1,1,GGGTGTGCGGTATCGGGTAG,0,4414414
yadN_predicted,0.5,1,1,GGGTGTATACGGTCTATACG,0,4402596
yadN_predicted,0.5,1,1,GGGTATACTTGTTACAGCGA,0,4430236
yadN_predicted,0.5,1,1,GGGTAGAACTCTAGTAACAA,0,4432420
yadN_predicted,0.5,1,1,GGGTACCGACGATTCGCAAC,0,4422334
yadN_predicted,0.5,1,1,GGGTAATTTAGTTGTCTTAA,0,4416478
yadN_predicted,0.5,1,1,GGGTAAACCTTGTGTGTCAT,0,4428769
yadN_predicted,0.5,1,1,GGGGTAGCTCACATGGCTCG,0,4414778
yadN_predicted,0.5,1,1,GGGGGGGTATTGGTAATCGG,0,4418275
yadN_predicted,0.5,1,1,GGGGGACATTTTACTGCTGT,0,4409501
yadN_predicted,0.5,1,1,GGGGCGGTCTCAACGTCGGG,0,4416776
yadN_predicted,0.5,1,1,GGGGCATGACGAATAGCCTG,0,4426719
yadN_predicted,0.5,1,1,GGGGACCCAAGGGTCGAGGG,0,4408747
yadN_predicted,0.5,1,1,GGGCTTAGCGTATATAAGGG,0,4412077
yadN_predicted,0.5,1,1,GGGCTCTACAAGAAGTATTT,0,4433844
yadN_predicted,0.5,1,1,GGGCGGTCGATACGAGGGCT,0,4414058
yadN_predicted,0.5,1,1,GGGCCGGGTGCTGCAGTTGC,0,4414713
yadN_predicted,0.5,1,1,GGGCCGACCCATACTTTTGA,0,4416432
yadN_predicted,0.5,1,1,GGGCATTTGGTCGGCGCTAA,0,4408883
yadN_predicted,0.5,1,1,GGGCATACACCGCTCGGGGG,0,4414204
yadN_predicted,0.5,1,1,GGGCACGCGCAGGATATGTT,0,4413145
yadN_predicted,0.5,1,1,GGGCACCAATTCATGCGGTG,0,4403637
yadN_predicted,0.5,1,1,GGGCAAGGAATCAATTCAAT,0,4434263
yadN_predicted,0.5,1,1,GGGAGCTTCTGAGGCGGTAA,0,4434288
yadN_predicted,0.5,1,1,GGGAAGAGCTAGCCCGTATT,0,4406805
yadN_predicted,0.5,1,1,GGCTTTATCCTATCGGGACA,0,4406678
yadN_predicted,0.5,1,1,GGCTTATCACATTACCGTAG,0,4415524
yadN_predicted,0.5,1,1,GGCTACACAAGGAAAGTTAA,0,4425638
yadN_predicted,0.5,1,1,GGCTAACAGTTATGAGGACG,0,4415429
yadN_predicted,0.5,1,1,GGCGTTCAGTGTAAGGGCTC,0,4426490
yadN_predicted,0.5,1,1,GGCGGTATGATGTGGATATC,0,4434088
yadN_predicted,0.5,1,1,GGCGCCCGGACGCAACCTCC,0,4420853
yadN_predicted,0.5,1,1,GGCCGTAAGTTACCAGCACA,0,4412200
yadN_predicted,0.5,1,1,GGCCCTTCGACATCGAGAGA,0,4408012
yadN_predicted,0.5,1,1,GGCCCCTGCGACGCGCCATG,0,4435780
yadN_predicted,0.5,1,1,GGCCCAGGGCAGAGTGAGGC,0,4430876
yadN_predicted,0.5,1,1,GGCCAAAGAAGCCGGGGTAG,0,4414882
yadN_predicted,0.5,1,1,GGCATTTACCGTTGTATCTC,0,4434811
yadN_predicted,0.5,1,1,GGCATGAGGGGGAAACAGTG,0,4408326
yadN_predicted,0.5,1,1,GGCAGAGAGTTGGACTAAGT,0,4423387
yadN_predicted,0.5,1,1,GGCACGAGCCATGATGTCGA,0,4434881
yadN_predicted,0.5,1,1,GGCACAAAAGCTCCGTGCGT,0,4424808
yadN_predicted,0.5,1,1,GGATTTTGGTTGGGGTTTGG,0,4418342
yadN_predicted,0.5,1,1,GGATTTCAAAATTTTGGCAG,0,4405162
yadN_predicted,0.5,1,1,GGATTCCTGCCCGGACATCG,0,4423694
yadN_predicted,0.5,1,1,GGATTATCCAGAGCGATCAT,0,4404848
yadN_predicted,0.5,1,1,GGATTAACGTCCTGAAGGCT,0,4415110
yadN_predicted,0.5,1,1,GGATGTGAGTGACGACGTAT,0,4426874
yadN_predicted,0.5,1,1,GGATCTTGAATTCAGCCGCC,0,4426832
yadN_predicted,0.5,1,1,GGATCTCGGGAGAGACCCCG,0,4430653
yadN_predicted,0.5,1,1,GGATATGCCGCATCGTTTTC,0,4423946
yadN_predicted,0.5,1,1,GGATACGCAGACATAATATA,0,4417375
yadN_predicted,0.5,1,1,GGATAAGTGCCGTATTCTAA,0,4432030
yadN_predicted,0.5,1,1,GGAGTTTTAGTCATCTCCTT,0,4412899
yadN_predicted,0.5,1,1,GGAGTACGTTGGATTCACTC,0,4404321
yadN_predicted,0.5,1,1,GGAGGTCCCACGGGTAGACA,0,4429226
yadN_predicted,0.5,1,1,GGAGGACAGCCCACAGATGG,0,4414194
yadN_predicted,0.5,1,1,GGAGCGCACACCGCCCGGAT,0,4423745
yadN_predicted,0.5,1,1,GGAGAGTCAGAAAGCCTTGC,0,4414561
yadN_predicted,0.5,1,1,GGACGTTCTCCATGTTGGGA,0,4421287
yadN_predicted,0.5,1,1,GGACGGGTAGAATTCAGCGT,0,4420505
yadN_predicted,0.5,1,1,GGACGCAACTGTGGTCTGAA,0,4422333
yadN_predicted,0.5,1,1,GGACGAACGCTCCGCTCCGT,0,4433750
yadN_predicted,0.5,1,1,GGACCTTGTAATAAAAGAGT,0,4412114
yadN_predicted,0.5,1,1,GGACAGTCACGCTAGTGGCA,0,4418173
yadN_predicted,0.5,1,1,GGAAGGTATTCCCACATCCC,0,4422045
yadN_predicted,0.5,1,1,GGAAGGCACAGTTCTATTGG,0,4403613
yadN_predicted,0.5,1,1,GGAAATCGAAACGTTGATCT,0,4430382
yadN_predicted,0.5,1,1,GGAAAATTCATCTACCGACA,0,4410201
yadN_predicted,0.5,1,1,GCTTTACTACCCGACGGGGA,0,4413949
yadN_predicted,0.5,1,1,GCTTGGGGGACCCCCCGTCG,0,4406113
yadN_predicted,0.5,1,1,GCTTCCTTTCACTTCAATAA,0,4414044
yadN_predicted,0.5,1,1,GCTTATTAACTCGCTGCTGG,0,4435473
yadN_predicted,0.5,1,1,GCTTAGGGCAGTGCCGACTG,0,4418509
yadN_predicted,0.5,1,1,GCTTACCTCCCTCGCCTATA,0,4432619
yadN_predicted,0.5,1,1,GCTGTTTGTTTAGGATTGTA,0,4428002
yadN_predicted,0.5,1,1,GCTGTTAGTAGCTTATCCAT,0,4412208
yadN_predicted,0.5,1,1,GCTGGGGGATGCAACGGAAT,0,4412902
yadN_predicted,0.5,1,1,GCTGGGAGGCATGCCACTCA,0,4412042
yadN_predicted,0.5,1,1,GCTGGACCGTCAGGCTGTTT,0,4425623
yadN_predicted,0.5,1,1,GCTGGAAACTCTTGCTCGGA,0,4411686
yadN_predicted,0.5,1,1,GCTGCTGGTCGGGAAAGGCA,0,4429957
yadN_predicted,0.5,1,1,GCTGAAGGGGTACGCATATC,0,4428687
yadN_predicted,0.5,1,1,GCTCTCCCCCGCATCATGTA,0,4421686
yadN_predicted,0.5,1,1,GCTCTATCGGTGGTGTCGTG,0,4404769
yadN_predicted,0.5,1,1,GCTCTACGGAAAGGAAGGCA,0,4408902
yadN_predicted,0.5,1,1,GCTCGATCCTTTTACGAACA,0,4427860
yadN_predicted,0.5,1,1,GCTCGACGCACGCGGAGTAC,0,4427514
yadN_predicted,0.5,1,1,GCTCCCATTCAGTAAAATCC,0,4402765
yadN_predicted,0.5,1,1,GCTCAAGTTGACCTCCGGAG,0,4410591
yadN_predicted,0.5,1,1,GCTATATCGTTGGAACTCCT,0,4420986
yadN_predicted,0.5,1,1,GCTAGTCGCAGTGTCCGAAC,0,4419388
yadN_predicted,0.5,1,1,GCTAGAAGCCCCCTTAAGCA,0,4404487
yadN_predicted,0.5,1,1,GCGTTCAATCAGGCTATATA,0,4417940
yadN_predicted,0.5,1,1,GCGTGTTATACACAACACGG,0,4418141
yadN_predicted,0.5,1,1,GCGTGCTTGAACTAGACTTT,0,4427936
yadN_predicted,0.5,1,1,GCGTCTGTGCCCCATTTTGT,0,4425215
yadN_predicted,0.5,1,1,GCGTCGTGTCACTTACTGCC,0,4421748
yadN_predicted,0.5,1,1,GCGTCCCGAGAAATCCTTAA,0,4429236
yadN_predicted,0.5,1,1,GCGTCAATTTAGGGCGGGTC,0,4407203
yadN_predicted,0.5,1,1,GCGGTATCTACGCATAACTA,0,4407189
yadN_predicted,0.5,1,1,GCGGGGGGATATGGGTCGTA,0,4411895
yadN_predicted,0.5,1,1,GCGGCTTATATGCGCCTGCA,0,4414508
yadN_predicted,0.5,1,1,GCGGCGCCCCAAACGTTATC,0,4413425
yadN_predicted,0.5,1,1,GCGGCAAGACTCACGCAGCT,0,4433053
yadN_predicted,0.5,1,1,GCGGATTCCTAAAGTGGACC,0,4416682
yadN_predicted,0.5,1,1,GCGCTTCGTACCATGCGCCG,0,4411088
yadN_predicted,0.5,1,1,GCGCCAAGGGGCCGCACGTC,0,4431793
yadN_predicted,0.5,1,1,GCGATCCAGAAGGCATCATG,0,4408219
yadN_predicted,0.5,1,1,GCCTTTGGTCGCTTCGCTAA,0,4421836
yadN_predicted,0.5,1,1,GCCTTCACTACAATCCAACT,0,4411312
yadN_predicted,0.5,1,1,GCCTTATGCGTAAGTTAACA,0,4427468
yadN_predicted,0.5,1,1,GCCTGGTACACGATAGCCTA,0,4418442
yadN_predicted,0.5,1,1,GCCTGATCCCGACTTTTGAG,0,4417243
yadN_predicted,0.5,1,1,GCCTCGTACTACTGTATACG,0,4412051
yadN_predicted,0.5,1,1,GCCTCATACAGCTATCGGGG,0,4426815
yadN_predicted,0.5,1,1,GCCGTTCGTCCCAAGTTAAA,0,4408848
yadN_predicted,0.5,1,1,GCCGTGCGCGGAATATCAAG,0,4408799
yadN_predicted,0.5,1,1,GCCGGGAACGGCCGATGCCG,0,4427812
yadN_predicted,0.5,1,1,GCCGCCTCTGGTCCCACCTG,0,4427379
yadN_predicted,0.5,1,1,GCCGAGTCCAACTACATACA,0,4406203
yadN_predicted,0.5,1,1,GCCCTACCAGACTCACCGTA,0,4435057
yadN_predicted,0.5,1,1,GCCCGTTCGAGAACATCCTT,0,4426532
yadN_predicted,0.5,1,1,GCCCCTACAGTGCTTGATAC,0,4424009
yadN_predicted,0.5,1,1,GCCCCCGGAGAGATAAGCAG,0,4417622
yadN_predicted,0.5,1,1,GCCCACTAGCATTCGGCGTC,0,4426628
yadN_predicted,0.5,1,1,GCCACCCAGAGACGAGGCGT,0,4423771
yadN_predicted,0.5,1,1,GCCAATAGGTGAGGTCCTTA,0,4409834
yadN_predicted,0.5,1,1,GCCAAGGACATTGTCCCAGC,0,4416089
yadN_predicted,0.5,1,1,GCCAAAGCACATCTCTCTAA,0,4433706
yadN_predicted,0.5,1,1,GCCAAACACACGGGTGGCGA,0,4420334
yadN_predicted,0.5,1,1,GCATGTAGGGTCAATGGGTA,0,4433584
yadN_predicted,0.5,1,1,GCATGATGTATCACCTGTGA,0,4406098
yadN_predicted,0.5,1,1,GCATCTTAGGCGATCCGTCA,0,4410705
yadN_predicted,0.5,1,1,GCATCATGCCAAGTAAATTC,0,4418735
yadN_predicted,0.5,1,1,GCATAGTAAGGACCGGATGC,0,4429992
yadN_predicted,0.5,1,1,GCAGTTCTGTGCGCAGGAAT,0,4418019
yadN_predicted,0.5,1,1,GCAGCCCAAGGTTAAATGTA,0,4421040
yadN_predicted,0.5,1,1,GCAGATGTCGCTGAGTCTTG,0,4412199
yadN_predicted,0.5,1,1,GCAGAGGTTTCGCCCCAAGC,0,4403810
yadN_predicted,0.5,1,1,GCACTCGAATGGCACCACGA,0,4408290
yadN_predicted,0.5,1,1,GCACTATAGGCAGTTTGAAA,0,4403300
yadN_predicted,0.5,1,1,GCACGTGGGGGCCATGACCC,0,4412317
yadN_predicted,0.5,1,1,GCACCTACGGACTGGATGCC,0,4432274
yadN_predicted,0.5,1,1,GCAAGACACACCCGGGTCTT,0,4427833
yadN_predicted,0.5,1,1,GATTGTAAAGCACCGCAGAC,0,4416719
yadN_predicted,0.5,1,1,GATTGAGTCTAACTCCCTAG,0,4412036
yadN_predicted,0.5,1,1,GATTATTATGTGTCAAACCA,0,4415921
yadN_predicted,0.5,1,1,GATTAAGGTGTAACTGTTGC,0,4429749
yadN_predicted,0.5,1,1,GATGTCTAGTGTGAGGCATG,0,4424027
yadN_predicted,0.5,1,1,GATGATGGGCTCCTGAGCGC,0,4427530
yadN_predicted,0.5,1,1,GATGACCCTTGCCGAATCGG,0,4413567
yadN_predicted,0.5,1,1,GATGAAAGAACATTTGGGCA,0,4409536
yadN_predicted,0.5,1,1,GATCGTGTAGGGACAAGTAG,0,4423271
yadN_predicted,0.5,1,1,GATCCTAACCGACTAGATTT,0,4419604
yadN_predicted,0.5,1,1,GATCCGATGCCTCCCCTCGA,0,4418687
yadN_predicted,0.5,1,1,GATCATTGCTGGGACCAGTA,0,4416653
yadN_predicted,0.5,1,1,GATCAAGCTCGCTGTGAGAA,0,4423191
yadN_predicted,0.5,1,1,GATAGTCTCAAAATGAACCG,0,4414757
yadN_predicted,0.5,1,1,GATACTCTTCCGAGAACTTG,0,4422128
yadN_predicted,0.5,1,1,GATACGGGGTAGGGGCCGAA,0,4427583
yadN_predicted,0.5,1,1,GAGTGCTACGATCCAGATAA,0,4416666
yadN_predicted,0.5,1,1,GAGTCCTACTATGCAGTTTA,0,4424103
yadN_predicted,0.5,1,1,GAGTACCCGACAGTGATCCA,0,4411909
yadN_predicted,0.5,1,1,GAGTACCACCCCAGTGTTTC,0,4418346
yadN_predicted,0.5,1,1,GAGGGCACTTTCACGAACGA,0,4429055
yadN_predicted,0.5,1,1,GAGGGACGTCGCGCCGTTAC,0,4427539
yadN_predicted,0.5,1,1,GAGGAGGTTCCAGTAGTACC,0,4407596
yadN_predicted,0.5,1,1,GAGCTAAGGGGTTTACGTTG,0,4404962
yadN_predicted,0.5,1,1,GAGCGATGCCCGGTACGCAG,0,4413259
yadN_predicted,0.5,1,1,GAGCCGCGAGCCGGGTTTTG,0,4433019
yadN_predicted,0.5,1,1,GAGCCGATAAAGACCTTACA,0,4419731
yadN_predicted,0.5,1,1,GAGCATGCAAACGTCAACGA,0,4416805
yadN_predicted,0.5,1,1,GAGCAATTCATGCTGCTTGC,0,4435282
yadN_predicted,0.5,1,1,GAGAAGCAAACCACCTGCGG,0,4427504
yadN_predicted,0.5,1,1,GACTTGAGACCCGAGGCCCC,0,4413028
yadN_predicted,0.5,1,1,GACTTATCCCCTAAGTCCAA,0,4413882
yadN_predicted,0.5,1,1,GACTGATCATACCAACCGCT,0,4421579
yadN_predicted,0.5,1,1,GACTCAAGCAAGTGCACGGG,0,4428054
yadN_predicted,0.5,1,1,GACGTGGTAAACTAGCGGGA,0,4407967
yadN_predicted,0.5,1,1,GACGCGGGTAAGATCGGAGC,0,4413677
yadN_predicted,0.5,1,1,GACCCTGTCAGCGCAGAGTA,0,4430424
yadN_predicted,0.5,1,1,GACATGTCTCCGAACATTCT,0,4406434
yadN_predicted,0.5,1,1,GACAGGGAGACCGTAATCCG,0,4413927
yadN_predicted,0.5,1,1,GACAGCCGTCTTCGCTGCTG,0,4422258
yadN_predicted,0.5,1,1,GACAGCATGTTTATTAGTTC,0,4433387
yadN_predicted,0.5,1,1,GACACAGAATATAAGTCACT,0,4423603
yadN_predicted,0.5,1,1,GACAAAGTAGGCCTGTCCGT,0,4431614
yadN_predicted,0.5,1,1,GAATTTCCATGCCTTATTCC,0,4408207
yadN_predicted,0.5,1,1,GAATGGAAAGTCCATGCATG,0,4404681
yadN_predicted,0.5,1,1,GAATGCTCGGATGGGTGGAT,0,4416558
yadN_predicted,0.5,1,1,GAATGCGTTTCCTCGGTGCT,0,4402945
yadN_predicted,0.5,1,1,GAATGACCTGCCAACCGCCA,0,4427428
yadN_predicted,0.5,1,1,GAATATACGCCATCCCCCCT,0,4432904
yadN_predicted,0.5,1,1,GAATAGCGGGCTTCTGCTGA,0,4428934
yadN_predicted,0.5,1,1,GAAGGGACAAACTAATCGTG,0,4406059
yadN_predicted,0.5,1,1,GAAGGGAAGGGTGACGAGTA,0,4433920
yadN_predicted,0.5,1,1,GAAGGGAACGTGGTTTGACC,0,4406955
yadN_predicted,0.5,1,1,GAAGCGCATGACAGCCCTGT,0,4424262
yadN_predicted,0.5,1,1,GAAGCCTGCGTCTTATGTTC,0,4404315
yadN_predicted,0.5,1,1,GAACTACGTAGCTCTGCGGT,0,4426068
yadN_predicted,0.5,1,1,GAACGACAGAAGTTGAATCA,0,4405081
yadN_predicted,0.5,1,1,GAACATGAATTGACTGCTAT,0,4426536
yadN_predicted,0.5,1,1,GAACAGAACGGCGCACAGGC,0,4426693
yadN_predicted,0.5,1,1,GAACACTTTTCATTCGCCGC,0,4417689
yadN_predicted,0.5,1,1,GAAAGTGCTACCGTCCTAAG,0,4435041
yadN_predicted,0.5,1,1,GAAAGCGCTCCCACTAAGAT,0,4416744
yadN_predicted,0.5,1,1,GAAAAGAATCCATATACAAT,0,4416377
yadN_predicted,0.5,1,1,GAAAACTGGCACATTTAGTC,0,4412195
yadN_predicted,0.5,1,1,CTTTGGTCCATGTGCGCGGT,0,4408251
yadN_predicted,0.5,1,1,CTTTGCGAACGGCGGGGAAT,0,4411646
yadN_predicted,0.5,1,1,CTTTATGCGTCGGTCGTCTA,0,4426092
yadN_predicted,0.5,1,1,CTTTATCAATAAACGATCGT,0,4406904
yadN_predicted,0.5,1,1,CTTGTGCAGCAGAAGGTATT,0,4404958
yadN_predicted,0.5,1,1,CTTGTATACACCGCTAGCGT,0,4428653
yadN_predicted,0.5,1,1,CTTGGTAGTAGAAGGATCTC,0,4408783
yadN_predicted,0.5,1,1,CTTGCATTGACCAAACTACT,0,4408242
yadN_predicted,0.5,1,1,CTTGACGAGCAGTATCAGCT,0,4425096
yadN_predicted,0.5,1,1,CTTGAATGGAAAGTTCGTTT,0,4409831
yadN_predicted,0.5,1,1,CTTCGTGGAAACGAACCAAC,0,4406933
yadN_predicted,0.5,1,1,CTTCGGGATCTCTGATCCCC,0,4428404
yadN_predicted,0.5,1,1,CTTCGAGGCAAGCCGATCGC,0,4428579
yadN_predicted,0.5,1,1,CTTCGACAGCCCCTTATTAC,0,4415350
yadN_predicted,0.5,1,1,CTTCCTGTAGAATCGGTAGT,0,4421127
yadN_predicted,0.5,1,1,CTTCATGTCTGGATCAGGGG,0,4410639
yadN_predicted,0.5,1,1,CTTCACAACGTATTTGATGG,0,4433073
yadN_predicted,0.5,1,1,CTTATTCCGGATGAGTCACG,0,4419122
yadN_predicted,0.5,1,1,CTTATCAGGGAAGGCTTAAA,0,4424473
yadN_predicted,0.5,1,1,CTTACGTCTGGCACATTCTT,0,4425896
yadN_predicted,0.5,1,1,CTTACGCGCACGGGGATCAC,0,4424364
yadN_predicted,0.5,1,1,CTTACGACTGTTAAATCATT,0,4423621
yadN_predicted,0.5,1,1,CTTACAGTCTACACCCAGGT,0,4431352
yadN_predicted,0.5,1,1,CTTAATGAAGTCGTTAGTAG,0,4424416
yadN_predicted,0.5,1,1,CTGTTCAAGCGACATGAACC,0,4430146
yadN_predicted,0.5,1,1,CTGTGTGCAAGTCTCTCATC,0,4433757
yadN_predicted,0.5,1,1,CTGTGGCATGTAGGCCTGGG,0,4424753
yadN_predicted,0.5,1,1,CTGTGCTACATTCTATAACT,0,4418474
yadN_predicted,0.5,1,1,CTGTCGGCATCAGCGTGGTA,0,4413662
yadN_predicted,0.5,1,1,CTGTCCACATCATCTTCGAT,0,4415022
yadN_predicted,0.5,1,1,CTGGCTCTTATACTACTAAC,0,4419753
yadN_predicted,0.5,1,1,CTGCGATCCTATGTACAATT,0,4404510
yadN_predicted,0.5,1,1,CTGAGTGCCGGAAGTGACTT,0,4430373
yadN_predicted,0.5,1,1,CTGACCTTCACGTTGCCGTG,0,4433842
yadN_predicted,0.5,1,1,CTGAATGATTTATGTCAATT,0,4424194
yadN_predicted,0.5,1,1,CTGAAGTCAGTTTATAACGA,0,4433193
yadN_predicted,0.5,1,1,CTCTCCAGTGCGCGGGATCT,0,4432586
yadN_predicted,0.5,1,1,CTCTAGGAGTACAGAGCAGG,0,4422892
yadN_predicted,0.5,1,1,CTCGTTGAGACGATAGACCA,0,4420576
yadN_predicted,0.5,1,1,CTCGGCGACGGGCACCTAAA,0,4408939
yadN_predicted,0.5,1,1,CTCGCCAAGGGCCTGGTACC,0,4402692
yadN_predicted,0.5,1,1,CTCGACTCGCTCAATCTAAA,0,4418047
yadN_predicted,0.5,1,1,CTCCTTGATCGACTAACTTC,0,4423288
yadN_predicted,0.5,1,1,CTCCTATGACATATGTCCTG,0,4432251
yadN_predicted,0.5,1,1,CTCCGATGCCAGTCCTCCCG,0,4420380
yadN_predicted,0.5,1,1,CTCCCACGAAGTAACTGTAT,0,4404785
yadN_predicted,0.5,1,1,CTCAGACCAGTGTTAGTTAC,0,4403158
yadN_predicted,0.5,1,1,CTCACGCGTCATATTCATAG,0,4409872
yadN_predicted,0.5,1,1,CTCACCGCCGATAGGAGCAA,0,4414041
yadN_predicted,0.5,1,1,CTCAAGGGCCTAAAGAACCA,0,4434256
yadN_predicted,0.5,1,1,CTATTGCGCTAAGAATTTGA,0,4403101
yadN_predicted,0.5,1,1,CTATTAAGTAACATGCTTTA,0,4411824
yadN_predicted,0.5,1,1,CTATTAAAGTTAATCGTGTA,0,4433670
yadN_predicted,0.5,1,1,CTATGTGGTTTACTATCGCC,0,4429093
yadN_predicted,0.5,1,1,CTATGCTCTCATCTCGGGGT,0,4433499
yadN_predicted,0.5,1,1,CTAGTTCTGGGGAGTCTGTT,0,4409838
yadN_predicted,0.5,1,1,CTAGGCCTATATAATTCACA,0,4405998
yadN_predicted,0.5,1,1,CTACTGCTGGAGTTTTTACT,0,4421854
yadN_predicted,0.5,1,1,CTACGTTGTGGGTCTCAGTG,0,4419643
yadN_predicted,0.5,1,1,CTAAGGATGCTATAGCAGAA,0,4406337
yadN_predicted,0.5,1,1,CTAACAGGTCAGTAGGTAAG,0,4417716
yadN_predicted,0.5,1,1,CGTTTTCCAGTTACAATCTT,0,4420098
yadN_predicted,0.5,1,1,CGTTGACGGAGCTCGAGGTG,0,4409480
yadN_predicted,0.5,1,1,CGTTCTTATTCTGACCCCAT,0,4426253
yadN_predicted,0.5,1,1,CGTTAGTCTGGCCAGGTTAG,0,4425525
yadN_predicted,0.5,1,1,CGTGTTTGTTGTCCAAGAAC,0,4425405
yadN_predicted,0.5,1,1,CGTGTGTCATGGACTTGGTC,0,4408650
yadN_predicted,0.5,1,1,CGTGTCGGCCCCGGTGAAGA,0,4409502
yadN_predicted,0.5,1,1,CGTGGTATCGCAGTTATGTC,0,4420452
yadN_predicted,0.5,1,1,CGTGCATCGAGGCGAGCTTA,0,4431880
yadN_predicted,0.5,1,1,CGTGCAAGTTGACTGTGTGG,0,4415109
yadN_predicted,0.5,1,1,CGTGAACGACTAACTAGGCC,0,4422171
yadN_predicted,0.5,1,1,CGTGAACATCGCCACGGTTT,0,4416619
yadN_predicted,0.5,1,1,CGTCTGCTGGGGACCCAGCG,0,4427426
yadN_predicted,0.5,1,1,CGTCTCTCCTCGATACCGGC,0,4419675
yadN_predicted,0.5,1,1,CGTCTATGTATATTGATGTC,0,4428003
yadN_predicted,0.5,1,1,CGTCCCATGGGATGGTTCAT,0,4409822
yadN_predicted,0.5,1,1,CGTCCAGAGGTGTGGGAGTT,0,4412029
yadN_predicted,0.5,1,1,CGTATCGACCTATATTTTGG,0,4424006
yadN_predicted,0.5,1,1,CGTATCCAGCTACTCAGTAA,0,4416809
yadN_predicted,0.5,1,1,CGTAGTTTTAAAAAGCATGA,0,4414375
yadN_predicted,0.5,1,1,CGTAAAATGATCATTGCGAG,0,4431485
yadN_predicted,0.5,1,1,CGGTTCCCTCTCTGACTACA,0,4407713
yadN_predicted,0.5,1,1,CGGTTATATATCAAACGGGG,0,4426239
yadN_predicted,0.5,1,1,CGGTGGAAGCTAATAGAATT,0,4411855
yadN_predicted,0.5,1,1,CGGTCGTCGATCCAAAGCTG,0,4429425
yadN_predicted,0.5,1,1,CGGTAAGAACGAGCCCAGCT,0,4430400
yadN_predicted,0.5,1,1,CGGGGGGAGGGGGGGTCTCG,0,4427223
yadN_predicted,0.5,1,1,CGGGCGACTCGCATGTTAAA,0,4428529
yadN_predicted,0.5,1,1,CGGGCATGCAAGTGGCTTAC,0,4416198
yadN_predicted,0.5,1,1,CGGGAGTTGAGGTCCCGCAA,0,4423807
yadN_predicted,0.5,1,1,CGGGAAATGAATTGTCATTA,0,4427118
yadN_predicted,0.5,1,1,CGGCTTTCTGGTCCCCCGGT,0,4426977
yadN_predicted,0.5,1,1,CGGCTTACTGACTGGCGGAT,0,4421865
yadN_predicted,0.5,1,1,CGGCGGCCGGGACTTCGGGG,0,4426408
yadN_predicted,0.5,1,1,CGGCGAATGGTGCTCAGGCA,0,4410680
yadN_predicted,0.5,1,1,CGGCCAGTTACGCGGTTTGG,0,4406142
yadN_predicted,0.5,1,1,CGGCACCTCAAAGTCTATAT,0,4405863
yadN_predicted,0.5,1,1,CGGAATTAGTTATCGTGGGA,0,4432617
yadN_predicted,0.5,1,1,CGGAAACGTCGGCGCAGAGT,0,4419203
yadN_predicted,0.5,1,1,CGCTGCGAACAAGCTGAAGC,0,4422991
yadN_predicted,0.5,1,1,CGCTGCACCTGCAGTTCACT,0,4426922
yadN_predicted,0.5,1,1,CGCTGAAGTTGGCCGCTATT,0,4434252
yadN_predicted,0.5,1,1,CGCTGAACTGTGCGAGCTAT,0,4419564
yadN_predicted,0.5,1,1,CGCGTACACGAAATTGCACG,0,4424462
yadN_predicted,0.5,1,1,CGCCTCCAAGATGCTCTTAC,0,4429135
yadN_predicted,0.5,1,1,CGCATTATCGGGAAAGTAGT,0,4428499
yadN_predicted,0.5,1,1,CGCAACTCAGAGCTGAATCA,0,4420126
yadN_predicted,0.5,1,1,CGCAAATGCTTAGTTCCTTA,0,4427991
yadN_predicted,0.5,1,1,CGATTGGTGTGAATGGGCTT,0,4409459
yadN_predicted,0.5,1,1,CGATTGGGCCGCAAATGTTA,0,4409635
yadN_predicted,0.5,1,1,CGATTGAGTCGGAGGTTGTC,0,4417643
yadN_predicted,0.5,1,1,CGATTCCGGCCGTACTGCAG,0,4427121
yadN_predicted,0.5,1,1,CGATGTTTACCGGGCCTTTA,0,4417605
yadN_predicted,0.5,1,1,CGATGAAGAGGCGCACAGAC,0,4426388
yadN_predicted,0.5,1,1,CGATCAGTTGTGGTAATTAG,0,4418445
yadN_predicted,0.5,1,1,CGAGGCAAAGGACGCACAGG,0,4411558
yadN_predicted,0.5,1,1,CGAGCGGATCCACGCTGGGA,0,4424959
yadN_predicted,0.5,1,1,CGAGCACGGGCGCCGCTACG,0,4412901
yadN_predicted,0.5,1,1,CGAGACTGACTAGCCTAGCG,0,4412614
yadN_predicted,0.5,1,1,CGAGAAGAAGGGGATCGATC,0,4422798
yadN_predicted,0.5,1,1,CGACGTCCGCCGTCAAAATT,0,4422470
yadN_predicted,0.5,1,1,CGACCTTATCGAAATTTCGT,0,4411576
yadN_predicted,0.5,1,1,CGACCGGAGTCTAGACTGCG,0,4409498
yadN_predicted,0.5,1,1,CGACATGTAACGCCGGCTCT,0,4411831
yadN_predicted,0.5,1,1,CGACATGGTGAGGCCGCTTG,0,4421039
yadN_predicted,0.5,1,1,CGACATATTTTCTTTGTTAA,0,4405384
yadN_predicted,0.5,1,1,CGACAGGTGCAGGCATGGGA,0,4417087
yadN_predicted,0.5,1,1,CGACAATGGCGGGTAAACCG,0,4404663
yadN_predicted,0.5,1,1,CGAAGGTTGAGATGTCTGGC,0,4420123
yadN_predicted,0.5,1,1,CGAACCCAGGACCTTAAGCA,0,4406558
yadN_predicted,0.5,1,1,CCTTTACAGACTCACACGGT,0,4410273
yadN_predicted,0.5,1,1,CCTTCGCTTTTTACAGCTTC,0,4435286
yadN_predicted,0.5,1,1,CCTTACAACATTCAGATATA,0,4416228
yadN_predicted,0.5,1,1,CCTTAAAGTATAATTCCGAG,0,4406017
yadN_predicted,0.5,1,1,CCTGTTTTTATCCACGCGGG,0,4423278
yadN_predicted,0.5,1,1,CCTGTTAAATTAGCCATAGA,0,4405928
yadN_predicted,0.5,1,1,CCTGGAGCGTCGGGCGGGAT,0,4404703
yadN_predicted,0.5,1,1,CCTGCGCTCGGGGCCTTATA,0,4426314
yadN_predicted,0.5,1,1,CCTGCCGGAGAATTTACCGG,0,4416783
yadN_predicted,0.5,1,1,CCTGATGTCCAGTGTCAGAA,0,4409806
yadN_predicted,0.5,1,1,CCTGACTAGAGGCGTCCTAA,0,4421036
yadN_predicted,0.5,1,1,CCTCTTCAAAGGCAAGAACG,0,4414360
yadN_predicted,0.5,1,1,CCTCACGCACCCGCTGTTGA,0,4424623
yadN_predicted,0.5,1,1,CCTCAAATGCATCCCGGCGC,0,4433464
yadN_predicted,0.5,1,1,CCTATCGGTATCCTTCTGGT,0,4429400
yadN_predicted,0.5,1,1,CCTAGCGTGGTTACGTTATT,0,4413166
yadN_predicted,0.5,1,1,CCTACAGTGATTACGACCTC,0,4405069
yadN_predicted,0.5,1,1,CCTAAGCCTGTGCGGCGCGA,0,4425633
yadN_predicted,0.5,1,1,CCTAAGACTGAGCACTAAAA,0,4405194
yadN_predicted,0.5,1,1,CCGTGGCCTACTCTTCGGAA,0,4403416
yadN_predicted,0.5,1,1,CCGTCTGGTATCTCAGCTAT,0,4419824
yadN_predicted,0.5,1,1,CCGTCAATGTCGATGAATTA,0,4417722
yadN_predicted,0.5,1,1,CCGTAGTTATTGACTCGTTG,0,4435195
yadN_predicted,0.5,1,1,CCGGTTTGAGGTTTTCACGC,0,4413157
yadN_predicted,0.5,1,1,CCGGCCGATAGTTTATAGAC,0,4406619
yadN_predicted,0.5,1,1,CCGGAGAATCATCCGGGGGA,0,4408540
yadN_predicted,0.5,1,1,CCGCTTTTTCTCGTGTAGTA,0,4418547
yadN_predicted,0.5,1,1,CCGCGGAGAGTCCGTGGCCA,0,4433001
yadN_predicted,0.5,1,1,CCGCGCTCGAAGACCGCTCT,0,4409942
yadN_predicted,0.5,1,1,CCGCGAAGCTTTAGACCAGG,0,4420640
yadN_predicted,0.5,1,1,CCGCCGCGCGAGTAAATATA,0,4424475
yadN_predicted,0.5,1,1,CCGCCCTCGCGCGCCCTCTG,0,4411782
yadN_predicted,0.5,1,1,CCGCATGTTTGGAGACCAAG,0,4404115
yadN_predicted,0.5,1,1,CCGCAATGGGGTCACCCATT,0,4420282
yadN_predicted,0.5,1,1,CCGCAATGCTCTATAATTCT,0,4405139
yadN_predicted,0.5,1,1,CCGATGCGGTTTCCTCTATC,0,4433215
yadN_predicted,0.5,1,1,CCGATCGGGCTGATTCAAAA,0,4419689
yadN_predicted,0.5,1,1,CCGATAGCTTCTAATATCAC,0,4432068
yadN_predicted,0.5,1,1,CCGAGTGAATGGTTTTGGTC,0,4410110
yadN_predicted,0.5,1,1,CCGAGGCGCGTGTGGCCATA,0,4412734
yadN_predicted,0.5,1,1,CCGAGGACACATTACTTTTA,0,4414098
yadN_predicted,0.5,1,1,CCGACGGAGTCTCAACTAAG,0,4428241
yadN_predicted,0.5,1,1,CCGACGAGTATGTCAGATGG,0,4412418
yadN_predicted,0.5,1,1,CCCTTTTGTGCTCACCTTGG,0,4430144
yadN_predicted,0.5,1,1,CCCTTCGGTACGATCCTACC,0,4409534
yadN_predicted,0.5,1,1,CCCTTCATGTGATATCTTCT,0,4408519
yadN_predicted,0.5,1,1,CCCTTACACCTGACTCGTTA,0,4425163
yadN_predicted,0.5,1,1,CCCTGTGGTCGAGTTAAACA,0,4416895
yadN_predicted,0.5,1,1,CCCGTGGGAAAGTCAGCGAA,0,4417002
yadN_predicted,0.5,1,1,CCCGTGGAATGCTGTTCCGT,0,4407000
yadN_predicted,0.5,1,1,CCCGTAAAGGATAAAATACA,0,4424594
yadN_predicted,0.5,1,1,CCCCGACTGGCCTACTCTAT,0,4410732
yadN_predicted,0.5,1,1,CCCCAGCATACGGGAGTATC,0,4414368
yadN_predicted,0.5,1,1,CCCCACCAGCCCTCCGCCTA,0,4422081
yadN_predicted,0.5,1,1,CCCATGCGGTGGGCGGGCAT,0,4433780
yadN_predicted,0.5,1,1,CCCAATCGGGAAGAGGCGTA,0,4403768
yadN_predicted,0.5,1,1,CCCAATCGCTCTCAAATTGC,0,4415559
yadN_predicted,0.5,1,1,CCCAAGTCCCTGAGGAAGCC,0,4422591
yadN_predicted,0.5,1,1,CCCAAAACCCCGGCCAGTCC,0,4409885
yadN_predicted,0.5,1,1,CCATTTACGTGGGTTGACGG,0,4416000
yadN_predicted,0.5,1,1,CCATTGTACAACGACTCCAC,0,4415720
yadN_predicted,0.5,1,1,CCATTAAGGTTATCCATCAG,0,4421091
yadN_predicted,0.5,1,1,CCATGTTGGCAGGAGTAGTT,0,4409291
yadN_predicted,0.5,1,1,CCATCTTTGTGGGGCCAAGA,0,4411780
yadN_predicted,0.5,1,1,CCATCCATGCTCTGTACATT,0,4431168
yadN_predicted,0.5,1,1,CCATCATCGTCCGTTGTGTG,0,4406976
yadN_predicted,0.5,1,1,CCAGTTATAAGGTGTTCCTC,0,4434697
yadN_predicted,0.5,1,1,CCAGTACCACCATTGTAGCA,0,4429846
yadN_predicted,0.5,1,1,CCAGCTTATCACAAGGGTTA,0,4403749
yadN_predicted,0.5,1,1,CCAGCTGAGCTACGGGCGAA,0,4434149
yadN_predicted,0.5,1,1,CCAGATCAGCAGAGGCCGGA,0,4405479
yadN_predicted,0.5,1,1,CCACTCTGCGACAGAATCTT,0,4432849
yadN_predicted,0.5,1,1,CCACTCCGCAATCGACCCGA,0,4404711
yadN_predicted,0.5,1,1,CCACTATTTTGGGGTGTCAA,0,4431215
yadN_predicted,0.5,1,1,CCACTAGTCGTGATGCAGTA,0,4421754
yadN_predicted,0.5,1,1,CCACCCTTCGTCGTCAAAAT,0,4418992
yadN_predicted,0.5,1,1,CCACACGGCCATTGTGAGCA,0,4428690
yadN_predicted,0.5,1,1,CCAATTGATGGCCACCTGGC,0,4423865
yadN_predicted,0.5,1,1,CCAATTCAGAAGGTGAACCG,0,4411642
yadN_predicted,0.5,1,1,CCAAGTGAGCCCACGATGCC,0,4431181
yadN_predicted,0.5,1,1,CCAAGAGGTGGGACAACTCG,0,4427442
yadN_predicted,0.5,1,1,CCAACATAGTGGGCCGGGCT,0,4424526
yadN_predicted,0.5,1,1,CCAAAAGTGACCCGCGGGCA,0,4411000
yadN_predicted,0.5,1,1,CCAAAAGTCAAATAATGCAC,0,4414246
yadN_predicted,0.5,1,1,CATTTAATTGCTGTCCGCTT,0,4425949
yadN_predicted,0.5,1,1,CATTATTTTGCATACTGCAG,0,4409300
yadN_predicted,0.5,1,1,CATGGGGTAGTGACAGGGCA,0,4418695
yadN_predicted,0.5,1,1,CATGCATTCAATGCTGTCTG,0,4426630
yadN_predicted,0.5,1,1,CATGCAGGAGGATCGATCTT,0,4417429
yadN_predicted,0.5,1,1,CATGCACGCTAAGCCTGATA,0,4429234
yadN_predicted,0.5,1,1,CATGAAGCTCTTAAATCTGA,0,4425321
yadN_predicted,0.5,1,1,CATCTACGGTATGCTTCGAA,0,4420615
yadN_predicted,0.5,1,1,CATCTAACTCACGCTTCCGG,0,4433785
yadN_predicted,0.5,1,1,CATCCTCAGGCTTGCACACC,0,4423006
yadN_predicted,0.5,1,1,CATCATAAGGTGCGCCACCA,0,4427691
yadN_predicted,0.5,1,1,CATCAATGAGTAGAGGATGT,0,4430211
yadN_predicted,0.5,1,1,CATCAATCTGGGAGGCCGAT,0,4404887
yadN_predicted,0.5,1,1,CATATGTAGAATGTCATCGG,0,4421973
yadN_predicted,0.5,1,1,CATATCATATACTACCCGAG,0,4411266
yadN_predicted,0.5,1,1,CATAGTCGTTTGTCTAGACA,0,4413971
yadN_predicted,0.5,1,1,CATAGTAACCTGTATGGTAG,0,4413390
yadN_predicted,0.5,1,1,CATAAGAATCGTAGACCCTT,0,4428317
yadN_predicted,0.5,1,1,CATAAAGTACCCTCCTTGTT,0,4434880
yadN_predicted,0.5,1,1,CAGTTGTATAAGTTGGCGCC,0,4403599
yadN_predicted,0.5,1,1,CAGTGGCAGGTTGTGAACCA,0,4404906
yadN_predicted,0.5,1,1,CAGTACCTGGGGAGCATCCT,0,4428657
yadN_predicted,0.5,1,1,CAGGTTGTGGATATAGGGCT,0,4431216
yadN_predicted,0.5,1,1,CAGGTTACTCGTAGGTTGTA,0,4406112
yadN_predicted,0.5,1,1,CAGGTGCCTGCCATAAAGAA,0,4430574
yadN_predicted,0.5,1,1,CAGGGGTTGCCTACCTAGCT,0,4416664
yadN_predicted,0.5,1,1,CAGGGGAGACCTGGGATTAA,0,4408260
yadN_predicted,0.5,1,1,CAGGATCTAAGCAATCAGAC,0,4410098
yadN_predicted,0.5,1,1,CAGCGTTAGATTTTCCACCT,0,4428109
yadN_predicted,0.5,1,1,CAGCCGTCTTGCCATGTTAA,0,4412055
yadN_predicted,0.5,1,1,CAGCACGAATTGACGCCCCT,0,4419930
yadN_predicted,0.5,1,1,CAGCAACCATTTCGGTCAAC,0,4429202
yadN_predicted,0.5,1,1,CAGATGTTCTCCCTACACCC,0,4428688
yadN_predicted,0.5,1,1,CAGATGCCTGGACCTCCGAT,0,4404612
yadN_predicted,0.5,1,1,CAGATAGTGACATCCCGGGG,0,4430292
yadN_predicted,0.5,1,1,CAGAACCGTCCAAAGATAAT,0,4412121
yadN_predicted,0.5,1,1,CACTGTTCCATACAAAGACA,0,4435156
yadN_predicted,0.5,1,1,CACTGGGTTCGGTGGGGGAC,0,4423871
yadN_predicted,0.5,1,1,CACTGGCAGGGCTACGTAAG,0,4419859
yadN_predicted,0.5,1,1,CACGTGGGCTATTTCCGACT,0,4404722
yadN_predicted,0.5,1,1,CACGTATTTTCCCGTGCCGA,0,4409440
yadN_predicted,0.5,1,1,CACGGGGTTTGCGGCTGATG,0,4414365
yadN_predicted,0.5,1,1,CACGCCCTGTTTCTGCTACG,0,4435481
yadN_predicted,0.5,1,1,CACGAAAAACCATGTGTACG,0,4429116
yadN_predicted,0.5,1,1,CACCTTATAAGGCTAGCGCC,0,4434457
yadN_predicted,0.5,1,1,CACCTTACGTACCTGGATGC,0,4417915
yadN_predicted,0.5,1,1,CACCTCGGACAGGCAGATCA,0,4429339
yadN_predicted,0.5,1,1,CACCTCAGGTATGTGATCCC,0,4421211
yadN_predicted,0.5,1,1,CACCCGTGACAGTGTAAGGT,0,4413317
yadN_predicted,0.5,1,1,CACCCACGATGCAGATTGCC,0,4412836
yadN_predicted,0.5,1,1,CACATGTGCTCCATCGTTCA,0,4413676
yadN_predicted,0.5,1,1,CAATTGGCGACCGCTCCGTT,0,4403495
yadN_predicted,0.5,1,1,CAATTGCGGCAGGAGCAATT,0,4424457
yadN_predicted,0.5,1,1,CAATTAATCAATGAACAACT,0,4434379
yadN_predicted,0.5,1,1,CAATGTACAGGTGTCATTTT,0,4421512
yadN_predicted,0.5,1,1,CAATGGTTCCTGCCACAGTC,0,4431569
yadN_predicted,0.5,1,1,CAATCTTATTTAACCACCGT,0,4421269
yadN_predicted,0.5,1,1,CAACGTGCTGTGTGCTGGTG,0,4404000
yadN_predicted,0.5,1,1,CAACGCGTGACGCAGTACTT,0,4413604
yadN_predicted,0.5,1,1,CAACGCAGTGCGCTTATGAT,0,4408640
yadN_predicted,0.5,1,1,CAACCAGCCAATTCAACCGA,0,4412573
yadN_predicted,0.5,1,1,CAACATGGTGGGCTTCCTAG,0,4402584
yadN_predicted,0.5,1,1,CAAATCCCTGGTTTTCTGAG,0,4412201
yadN_predicted,0.5,1,1,CAAATAACTCTATGAGAATA,0,4410984
yadN_predicted,0.5,1,1,CAAAGGTGTTAGGCAGGATA,0,4416740
yadN_predicted,0.5,1,1,CAAACGGTGCGCCCTTGGAG,0,4433051
yadN_predicted,0.5,1,1,CAAACCGTTCGGTATGCAGA,0,4429664
yadN_predicted,0.5,1,1,ATTTTACTCAGGTAAACGCT,0,4419081
yadN_predicted,0.5,1,1,ATTTTAAACTAAGCGTTCTC,0,4430761
yadN_predicted,0.5,1,1,ATTTGTTGCTCACCAAATCG,0,4434133
yadN_predicted,0.5,1,1,ATTTGAAATAATGCACAGTA,0,4407983
yadN_predicted,0.5,1,1,ATTTCGTTTCAATCCGTTTG,0,4418059
yadN_predicted,0.5,1,1,ATTTCCCATGCGTGACCACA,0,4412359
yadN_predicted,0.5,1,1,ATTTCCCAAATATTGGAGTA,0,4418291
yadN_predicted,0.5,1,1,ATTTACGCGCAACTGCTTGA,0,4434022
yadN_predicted,0.5,1,1,ATTGGACAACTAGAAGCTCG,0,4409913
yadN_predicted,0.5,1,1,ATTGATGCGCTGAATGATTT,0,4422394
yadN_predicted,0.5,1,1,ATTGAGCCAGAGCTAGAAGA,0,4426078
yadN_predicted,0.5,1,1,ATTCTTCAGTCCCCCCCACT,0,4427602
yadN_predicted,0.5,1,1,ATTCTGGTGCGCTTCTATGG,0,4411634
yadN_predicted,0.5,1,1,ATTCTCCGGAGTCTAGTGTG,0,4426798
yadN_predicted,0.5,1,1,ATTCCCGCGGATACAAGCTG,0,4407429
yadN_predicted,0.5,1,1,ATTCATCATGAGCAATTACT,0,4415413
yadN_predicted,0.5,1,1,ATTCAGAGCATAAGATAAAG,0,4409811
yadN_predicted,0.5,1,1,ATTCAATTTCAAATAAAAGA,0,4433407
yadN_predicted,0.5,1,1,ATTATTAAGGGTCACGACTA,0,4427743
yadN_predicted,0.5,1,1,ATTAGTGTGCATCTAACTGT,0,4409892
yadN_predicted,0.5,1,1,ATTAGTACTCGCCATTGATA,0,4434090
yadN_predicted,0.5,1,1,ATTAGGATCGGGAGGTTCGT,0,4417290
yadN_predicted,0.5,1,1,ATTACTGTGCAGCTGGATGC,0,4414807
yadN_predicted,0.5,1,1,ATTACGAATTCAGCAGAGTC,0,4432328
yadN_predicted,0.5,1,1,ATTACCGTTGTACGACCACA,0,4434118
yadN_predicted,0.5,1,1,ATTAATCACCGATTAAGGTG,0,4432360
yadN_predicted,0.5,1,1,ATGTTTGCGAGACATTCGTG,0,4428582
yadN_predicted,0.5,1,1,ATGTTAAGCGTTGCCTTAGT,0,4433279
yadN_predicted,0.5,1,1,ATGTGTTGACCGGAATGGAA,0,4418178
yadN_predicted,0.5,1,1,ATGTGACGGACATCGGTATG,0,4433587
yadN_predicted,0.5,1,1,ATGTATGCAAATAGCACTTT,0,4420789
yadN_predicted,0.5,1,1,ATGTAGACGCTCATGCTCAC,0,4416063
yadN_predicted,0.5,1,1,ATGGTGCAAGTCTTTTACGT,0,4421209
yadN_predicted,0.5,1,1,ATGGTCTTTTGATATGGTAC,0,4419193
yadN_predicted,0.5,1,1,ATGGGGGTAAACGCTTCCTG,0,4430755
yadN_predicted,0.5,1,1,ATGGCTCTTGTCTACCCATA,0,4413288
yadN_predicted,0.5,1,1,ATGGCCAGGGTTGTCTAAGT,0,4428222
yadN_predicted,0.5,1,1,ATGCTTCGGTGGGAGATTTT,0,4432978
yadN_predicted,0.5,1,1,ATGCTATGCTAGCTTTTTAT,0,4405819
yadN_predicted,0.5,1,1,ATGCGGTATCCCTGGCCAAG,0,4429467
yadN_predicted,0.5,1,1,ATGCGAGAATTAAGTATAGT,0,4418055
yadN_predicted,0.5,1,1,ATGCCTTCATACGCCTGACG,0,4414515
yadN_predicted,0.5,1,1,ATGCCGAAGTTCGCATGCCT,0,4420823
yadN_predicted,0.5,1,1,ATGCCCGTATTAGCGATTAT,0,4434985
yadN_predicted,0.5,1,1,ATGCAGCGGGGTGTGGGACG,0,4425389
yadN_predicted,0.5,1,1,ATGAGTGTTATCGCTCTTGT,0,4412394
yadN_predicted,0.5,1,1,ATGAGTGGGCCATACTCCGG,0,4413440
yadN_predicted,0.5,1,1,ATGAGGTTTGGCGTGGCATG,0,4409405
yadN_predicted,0.5,1,1,ATGAGATGTGGGCAGTGGCA,0,4410068
yadN_predicted,0.5,1,1,ATGAAAATATCGCACCTATT,0,4410088
yadN_predicted,0.5,1,1,ATCTGCCGTACACTCATCAG,0,4410999
yadN_predicted,0.5,1,1,ATCTCGGTACCGACTTCCAG,0,4433928
yadN_predicted,0.5,1,1,ATCTATAACATGTGGAAGAT,0,4413260
yadN_predicted,0.5,1,1,ATCGTTATGCCTCCCGATCT,0,4426176
yadN_predicted,0.5,1,1,ATCGTGTACTCATTCAACTA,0,4422113
yadN_predicted,0.5,1,1,ATCGGAGGAACACGGGTAAG,0,4415460
yadN_predicted,0.5,1,1,ATCGCAGGTTGGCGTTCTGA,0,4432499
yadN_predicted,0.5,1,1,ATCGAGGGATGCAAATCTTC,0,4405010
yadN_predicted,0.5,1,1,ATCGAATCCTTGACGGAGAC,0,4432292
yadN_predicted,0.5,1,1,ATCCGCGATTTTCTTGGAAA,0,4435200
yadN_predicted,0.5,1,1,ATCCCTCGCGAGAGCCTTTC,0,4412578
yadN_predicted,0.5,1,1,ATCCAGACCCTTTAAATGAG,0,4433762
yadN_predicted,0.5,1,1,ATCCACTGGCTCGGCAGACA,0,4426829
yadN_predicted,0.5,1,1,ATCCACCTAGAGTGGCGGTC,0,4406084
yadN_predicted,0.5,1,1,ATCCAAATTTATAAATATTG,0,4434343
yadN_predicted,0.5,1,1,ATCAGTTAAAGGGTGTTTCC,0,4420293
yadN_predicted,0.5,1,1,ATCAGGTCCGTGAAAAACGT,0,4430997
yadN_predicted,0.5,1,1,ATCAGCATCCGCCCGACGGG,0,4412415
yadN_predicted,0.5,1,1,ATCAGACTGTGGGAATTCTG,0,4421031
yadN_predicted,0.5,1,1,ATCACAGTCCCGAGGTGTCT,0,4403374
yadN_predicted,0.5,1,1,ATCAACCAGCCGCGGTATCG,0,4433812
yadN_predicted,0.5,1,1,ATCAAAGTACGCGTCCGTTA,0,4433813
yadN_predicted,0.5,1,1,ATATGTCCGACTCTGTATTC,0,4422002
yadN_predicted,0.5,1,1,ATATGACTTCCGTGAGTATA,0,4431437
yadN_predicted,0.5,1,1,ATATGACCGGCCAAGCAAGC,0,4416525
yadN_predicted,0.5,1,1,ATATCACCCACGATAAAGCC,0,4415853
yadN_predicted,0.5,1,1,ATATAACCTCGCAGCGCAGA,0,4422115
yadN_predicted,0.5,1,1,ATAGTTTATAACGAAACCTA,0,4403683
yadN_predicted,0.5,1,1,ATAGGTTGGCATAGGAAATT,0,4419544
yadN_predicted,0.5,1,1,ATAGGGAACGGACATACGGA,0,4419665
yadN_predicted,0.5,1,1,ATAGCTTCGGCCTCGCTTCA,0,4421372
yadN_predicted,0.5,1,1,ATAGCGGACAGGTGCGATAG,0,4418745
yadN_predicted,0.5,1,1,ATAGCCGGCGGACCCCGTCC,0,4409198
yadN_predicted,0.5,1,1,ATACTTGACTGAATTTGCCA,0,4404565
yadN_predicted,0.5,1,1,ATACTGTTACAGAATTCTGA,0,4434025
yadN_predicted,0.5,1,1,ATACTACGAAGCATGGGCGA,0,4413198
yadN_predicted,0.5,1,1,ATACGTGAAGCTCGTTCTAC,0,4431899
yadN_predicted,0.5,1,1,ATACCTAGATCCGCGAATAG,0,4424229
yadN_predicted,0.5,1,1,ATACATTTACGGGTACTATA,0,4425151
yadN_predicted,0.5,1,1,ATAATTTATTTATTTTTAGC,0,4403721
yadN_predicted,0.5,1,1,ATAAGTGTGCGTGAGCTGTG,0,4409830
yadN_predicted,0.5,1,1,ATAACTGTTCGGTCACTCTA,0,4427837
yadN_predicted,0.5,1,1,ATAAATGGGTATCCCAGGTT,0,4414582
yadN_predicted,0.5,1,1,ATAAAGGAACAAAGGTCGGA,0,4405220
yadN_predicted,0.5,1,1,ATAAACCCGCCCGTAGACCT,0,4433913
yadN_predicted,0.5,1,1,ATAAAAGATTTACTGGAATA,0,4407901
yadN_predicted,0.5,1,1,AGTTTACTATTATTTCGTAG,0,4427693
yadN_predicted,0.5,1,1,AGTTCTCGAGTTAACAATCT,0,4403287
yadN_predicted,0.5,1,1,AGTTCTCATCCCCGCTGAAT,0,4427604
yadN_predicted,0.5,1,1,AGTTCTCACACGCGTATTTT,0,4432981
yadN_predicted,0.5,1,1,AGTTAGTGTCTCGGTGTTTG,0,4431150
yadN_predicted,0.5,1,1,AGTGTGAGCGATGGGCTTTC,0,4435318
yadN_predicted,0.5,1,1,AGTGGCAAAACGCATTTTAG,0,4427720
yadN_predicted,0.5,1,1,AGTGCCCAGGCTCACGGAGT,0,4433138
yadN_predicted,0.5,1,1,AGTGCATAGTCGAGTATGGG,0,4419798
yadN_predicted,0.5,1,1,AGTGCATACAGGTGGGGAGA,0,4413936
yadN_predicted,0.5,1,1,AGTCTTTCGCCCGCTACAAG,0,4429284
yadN_predicted,0.5,1,1,AGTCTCTGATCCTTGTTGTG,0,4430718
yadN_predicted,0.5,1,1,AGTCGTTGGCTCTAAAAATC,0,4426503
yadN_predicted,0.5,1,1,AGTCGCTCTTGTCTTACTCT,0,4434248
yadN_predicted,0.5,1,1,AGTCCGCACCAACCTCCGTT,0,4414903
yadN_predicted,0.5,1,1,AGTCATCTGTAGGTAGCGAG,0,4429460
yadN_predicted,0.5,1,1,AGTCAGGTTCACGCATACAT,0,4403194
yadN_predicted,0.5,1,1,AGTCAGCGGCCCAACTTTCT,0,4424055
yadN_predicted,0.5,1,1,AGTATTGCTGACCAGTATGT,0,4429516
yadN_predicted,0.5,1,1,AGTATGTCAGGTGAGATGTC,0,4403493
yadN_predicted,0.5,1,1,AGTATCTCAAGATCGTGGCA,0,4418213
yadN_predicted,0.5,1,1,AGTATAGGGAAGTGCTGGTG,0,4411290
yadN_predicted,0.5,1,1,AGTAGTTTTGCATCGTAGGG,0,4409306
yadN_predicted,0.5,1,1,AGTAGGTTGCCGACGCGGTA,0,4407387
yadN_predicted,0.5,1,1,AGTACCGTTCGCATATTATA,0,4416317
yadN_predicted,0.5,1,1,AGTACAAGCGCGGCTTGCGC,0,4407139
yadN_predicted,0.5,1,1,AGTAAGCTTATCTTAGGATG,0,4432337
yadN_predicted,0.5,1,1,AGTAAGCTGGATGCCGTTTA,0,4410765
yadN_predicted,0.5,1,1,AGGTTTTTGGGTAGGGATAG,0,4410315
yadN_predicted,0.5,1,1,AGGTTTTACAGGTTTTATAG,0,4430967
yadN_predicted,0.5,1,1,AGGTGGTATAATAAGGCGTT,0,4404191
yadN_predicted,0.5,1,1,AGGTGATATGTCACGCGGGG,0,4431615
yadN_predicted,0.5,1,1,AGGTCGTGTATATTGCCGTC,0,4418874
yadN_predicted,0.5,1,1,AGGTAGATCTCGTGACGACA,0,4431484
yadN_predicted,0.5,1,1,AGGTACCCCGCATCTCAGTG,0,4419297
yadN_predicted,0.5,1,1,AGGGTTCTGGCTAACATTAA,0,4421535
yadN_predicted,0.5,1,1,AGGGTGTCCCGTGTGTCCAC,0,4413710
yadN_predicted,0.5,1,1,AGGGTGATAGCGGTTACGCT,0,4425407
yadN_predicted,0.5,1,1,AGGGTCCCAGGTAGCGACAT,0,4408040
yadN_predicted,0.5,1,1,AGGGTAGACAAGTTCGCTTT,0,4434806
yadN_predicted,0.5,1,1,AGGGGTATGCTGACCAGGGG,0,4405813
yadN_predicted,0.5,1,1,AGGGCTTCCCTTTGTAGTAG,0,4430420
yadN_predicted,0.5,1,1,AGGGCTCCTTAAGTTTATAC,0,4420736
yadN_predicted,0.5,1,1,AGGCGTGAGCCCTGCAGCTT,0,4426120
yadN_predicted,0.5,1,1,AGGCCGCGCGTATAAGTGCA,0,4411801
yadN_predicted,0.5,1,1,AGGCAGATGTCCACGAAGAC,0,4408787
yadN_predicted,0.5,1,1,AGGCAACGTTTGCGGCCATA,0,4423373
yadN_predicted,0.5,1,1,AGGCAACAAAGACAATAAGG,0,4418628
yadN_predicted,0.5,1,1,AGGATGATAAATAGATCCGG,0,4417454
yadN_predicted,0.5,1,1,AGGATATACAGAGGTCCCCT,0,4404607
yadN_predicted,0.5,1,1,AGGACGACCGTGATATTTCC,0,4428403
yadN_predicted,0.5,1,1,AGGACGAACAGCCTTATTTA,0,4421281
yadN_predicted,0.5,1,1,AGGACAAGAACACCGGCGGT,0,4409204
yadN_predicted,0.5,1,1,AGGAACTGGAGAATTAGTTC,0,4410647
yadN_predicted,0.5,1,1,AGCTTTCTTTGTTGTAATAC,0,4408769
yadN_predicted,0.5,1,1,AGCTTCGGGTAAACTGCCCT,0,4413873
yadN_predicted,0.5,1,1,AGCTGCGAATCCTCTTCATT,0,4416730
yadN_predicted,0.5,1,1,AGCTCTCTCGATGCGATCCA,0,4413031
yadN_predicted,0.5,1,1,AGCTACGCTGAGGGCACCGT,0,4421760
yadN_predicted,0.5,1,1,AGCTAATTCGCGCGCTTGCT,0,4431813
yadN_predicted,0.5,1,1,AGCTAAGCAATATTTAGTTT,0,4418196
yadN_predicted,0.5,1,1,AGCGGTCATCTGGTCAGGCG,0,4402956
yadN_predicted,0.5,1,1,AGCGGCTTAAGTCAATGGCC,0,4432096
yadN_predicted,0.5,1,1,AGCGGACTTTGAGGCCATTC,0,4407480
yadN_predicted,0.5,1,1,AGCGCTTGGCATTAAGGTCC,0,4429993
yadN_predicted,0.5,1,1,AGCGCTTAATCGAAACCAGT,0,4431600
yadN_predicted,0.5,1,1,AGCGAAGAGAGAGGGCACTG,0,4412527
yadN_predicted,0.5,1,1,AGCCTGTATGAAGGTCGGCT,0,4409296
yadN_predicted,0.5,1,1,AGCCTCCCGTCGCTATTAAA,0,4410876
yadN_predicted,0.5,1,1,AGCCTCAATAGCGCATGGCC,0,4419716
yadN_predicted,0.5,1,1,AGCCGGAGTATGAAACAATC,0,4419035
yadN_predicted,0.5,1,1,AGCCGCTGGTAATGGCCACA,0,4404601
yadN_predicted,0.5,1,1,AGCCAAATATGGAATATAAC,0,4433072
yadN_predicted,0.5,1,1,AGCATGAGTGACCGCTGCGA,0,4434799
yadN_predicted,0.5,1,1,AGCATAGACAAGTCTACGGG,0,4423217
yadN_predicted,0.5,1,1,AGCAGTAGCTATTGGTTCAG,0,4431420
yadN_predicted,0.5,1,1,AGCAGAGACAGATCCTGGCA,0,4425665
yadN_predicted,0.5,1,1,AGCACGGCTTGAGATAGCTT,0,4404380
yadN_predicted,0.5,1,1,AGATTAAGTCCATGGCCCCA,0,4433846
yadN_predicted,0.5,1,1,AGATGGGACGGTGCACCAAA,0,4420044
yadN_predicted,0.5,1,1,AGATGGAACCCTTGCGCTAG,0,4404538
yadN_predicted,0.5,1,1,AGATGATGTCTTTAAGGACA,0,4403970
yadN_predicted,0.5,1,1,AGATGAGCTAACGATTTAAC,0,4406749
yadN_predicted,0.5,1,1,AGATCATCGTACGCATCCCT,0,4430750
yadN_predicted,0.5,1,1,AGAGCCATATAGGTTTCTTC,0,4419256
yadN_predicted,0.5,1,1,AGAGCAAGTTACTACACGAG,0,4411784
yadN_predicted,0.5,1,1,AGACTGGCAGATCGCCAATG,0,4432276
yadN_predicted,0.5,1,1,AGACTATCTAAGCCCCTCAC,0,4421449
yadN_predicted,0.5,1,1,AGACGCTACATAATACATTA,0,4403697
yadN_predicted,0.5,1,1,AGACCCGTCTATAGCGCCAC,0,4414687
yadN_predicted,0.5,1,1,AGAATTACGCTGAAGAGTGA,0,4414617
yadN_predicted,0.5,1,1,AGAACATTGAAACACAACTA,0,4410789
yadN_predicted,0.5,1,1,AGAAAGATAGTCGATACACC,0,4406506
yadN_predicted,0.5,1,1,AGAAAAGAAAGGCGCGCGAG,0,4414059
yadN_predicted,0.5,1,1,ACTTTCGCTAGCACCGTTGA,0,4419988
yadN_predicted,0.5,1,1,ACTTCGGCTGCGGAAAAGCT,0,4415534
yadN_predicted,0.5,1,1,ACTTCATGTATTCGGGCAAC,0,4413211
yadN_predicted,0.5,1,1,ACTTATGCCCCAAGGCGCAT,0,4424572
yadN_predicted,0.5,1,1,ACTGTGCCAGCATTCATGTT,0,4415123
yadN_predicted,0.5,1,1,ACTGTCATGAGCCCTGCAAA,0,4434357
yadN_predicted,0.5,1,1,ACTGTATGGTAGAGAATGGC,0,4420299
yadN_predicted,0.5,1,1,ACTGGCTATAAATCCCATCA,0,4412585
yadN_predicted,0.5,1,1,ACTGACACGTAGGAATATGC,0,4435423
yadN_predicted,0.5,1,1,ACTCTGTTATAGGGAGGGGT,0,4428107
yadN_predicted,0.5,1,1,ACTCTCCGAGGACTTTTGGG,0,4429161
yadN_predicted,0.5,1,1,ACTCGGGTAGGAACGCCAGG,0,4434409
yadN_predicted,0.5,1,1,ACTCGACCACGTTCCTGGCT,0,4434134
yadN_predicted,0.5,1,1,ACTCCTACATATGGCACAAC,0,4407259
yadN_predicted,0.5,1,1,ACTCCGGTGTGTGGTAGCTA,0,4410715
yadN_predicted,0.5,1,1,ACTCCAAACCTTGAACAAGC,0,4432542
yadN_predicted,0.5,1,1,ACTCATGCCGTAGTCCCTGT,0,4430070
yadN_predicted,0.5,1,1,ACTATGTGAAACAGTATAAG,0,4420320
yadN_predicted,0.5,1,1,ACTATATATAATATGAGGAA,0,4413856
yadN_predicted,0.5,1,1,ACTACGCTATGGTTAGGCCT,0,4415727
yadN_predicted,0.5,1,1,ACTACGACTGTAGGCTAACG,0,4424362
yadN_predicted,0.5,1,1,ACTAAGTAAAAGTTACCTAT,0,4431275
yadN_predicted,0.5,1,1,ACGTTCTGTATATTTATAAA,0,4410907
yadN_predicted,0.5,1,1,ACGGTCGGCGCGTCGGCTAC,0,4415588
yadN_predicted,0.5,1,1,ACGGTATCCCTGTTAATGTT,0,4419962
yadN_predicted,0.5,1,1,ACGGTACGTTTTCCTACTGA,0,4403953
yadN_predicted,0.5,1,1,ACGGGTACGGTCGAGATTAC,0,4417498
yadN_predicted,0.5,1,1,ACGGGTAAAGGAGTACTAAT,0,4415646
yadN_predicted,0.5,1,1,ACGGGGGAACGCTAGGCCTC,0,4419390
yadN_predicted,0.5,1,1,ACGGGCTCGATGCGAAGAAC,0,4406088
yadN_predicted,0.5,1,1,ACGGGATCATTACGCCGTTA,0,4407146
yadN_predicted,0.5,1,1,ACGGGATACGCCCAAGTCTC,0,4430343
yadN_predicted,0.5,1,1,ACGGCAACGCTAAGGTGTTA,0,4421408
yadN_predicted,0.5,1,1,ACGGATGCGCGAACCGTTCT,0,4418334
yadN_predicted,0.5,1,1,ACGCGAGGGATCTCCTGACG,0,4424415
yadN_predicted,0.5,1,1,ACGCCTAATAGTTTCCCGGG,0,4417586
yadN_predicted,0.5,1,1,ACGCATGGGTAAAGGTGTCC,0,4432566
yadN_predicted,0.5,1,1,ACGCAGTTGTGCGCGGTCTG,0,4405716
yadN_predicted,0.5,1,1,ACGCAGCGCCATATTTGTCC,0,4410246
yadN_predicted,0.5,1,1,ACGCAGAATAACCAACGTAA,0,4423180
yadN_predicted,0.5,1,1,ACGATTACCCCGTCAAGCTA,0,4420490
yadN_predicted,0.5,1,1,ACGAGGATGTTAAAACCGTT,0,4408419
yadN_predicted,0.5,1,1,ACGACCCAAGAGGGGGGGTG,0,4403417
yadN_predicted,0.5,1,1,ACGAATAGTGAAATTCACAG,0,4432693
yadN_predicted,0.5,1,1,ACCTTTGTTACAAATGTAGA,0,4410793
yadN_predicted,0.5,1,1,ACCTTTCCTTTAAGAATATC,0,4433299
yadN_predicted,0.5,1,1,ACCTTGGCATCGGTGTTCAG,0,4419865
yadN_predicted,0.5,1,1,ACCTGCATTAGTGGGAACCC,0,4418814
yadN_predicted,0.5,1,1,ACCTACCCCACCACCTCTGC,0,4406618
yadN_predicted,0.5,1,1,ACCGTCTAAGTTCGTTTACG,0,4412028
yadN_predicted,0.5,1,1,ACCGTCATGGTGACTTTTAA,0,4407641
yadN_predicted,0.5,1,1,ACCGTACCACCTCGTCGTGG,0,4415725
yadN_predicted,0.5,1,1,ACCGGTAGGGTTTTTGGATG,0,4434585
yadN_predicted,0.5,1,1,ACCGGGTGAAAAGGGCTAGT,0,4405959
yadN_predicted,0.5,1,1,ACCGCTCGAAACGATGGACG,0,4402838
yadN_predicted,0.5,1,1,ACCGCAAGCTATGAAAAATG,0,4403016
yadN_predicted,0.5,1,1,ACCGAGGGACCGTCCGGGAC,0,4423876
yadN_predicted,0.5,1,1,ACCGAGGCAGTGTGGTTAGT,0,4404435
yadN_predicted,0.5,1,1,ACCGACAACGTAGAGTTAAT,0,4421043
yadN_predicted,0.5,1,1,ACCCTTTGCTTTCAACGTGA,0,4420845
yadN_predicted,0.5,1,1,ACCCTATGACGCTGAGGTAG,0,4419192
yadN_predicted,0.5,1,1,ACCCAGGCAGAAGGCTTCCC,0,4407590
yadN_predicted,0.5,1,1,ACCCAAACAGTGCTCCATCG,0,4414111
yadN_predicted,0.5,1,1,ACCACTGGGTAATACTGAGG,0,4426261
yadN_predicted,0.5,1,1,ACCACCGGATCACCGTAAGG,0,4408570
yadN_predicted,0.5,1,1,ACCAACCAGGGAGCTGAATT,0,4415137
yadN_predicted,0.5,1,1,ACATTTGCCCCCCATGGAAG,0,4426269
yadN_predicted,0.5,1,1,ACATTTAAAGGCCGCCACTT,0,4426840
yadN_predicted,0.5,1,1,ACATATTTCGCCCGGGAACG,0,4412613
yadN_predicted,0.5,1,1,ACAGTGTATCAAATGTGGCC,0,4429412
yadN_predicted,0.5,1,1,ACAGTATGCGGCCCAGGTAT,0,4402963
yadN_predicted,0.5,1,1,ACAGTAGGGATTGTTATGAA,0,4427264
yadN_predicted,0.5,1,1,ACAGGTCATTTGCACGACCG,0,4429025
yadN_predicted,0.5,1,1,ACAGGCTTAGAGAAAGTCAA,0,4406133
yadN_predicted,0.5,1,1,ACAGGCTCCCCCGCCTACTA,0,4424689
yadN_predicted,0.5,1,1,ACAGCCACAGAAGTGCCATA,0,4410249
yadN_predicted,0.5,1,1,ACAGATATTAGTATTGGCAT,0,4410756
yadN_predicted,0.5,1,1,ACAGAGTTCTGGTCTACGCA,0,4414264
yadN_predicted,0.5,1,1,ACACTGGTGGGCAAATTAAT,0,4430389
yadN_predicted,0.5,1,1,ACACTGGACGTCAAGATGCG,0,4429709
yadN_predicted,0.5,1,1,ACACTGAACCAGCTTTCTTG,0,4414224
yadN_predicted,0.5,1,1,ACACGATCAAATTTTGAGGT,0,4419242
yadN_predicted,0.5,1,1,ACACATCCTCTATAGTTCGG,0,4409813
yadN_predicted,0.5,1,1,ACACAATTCGTTTTTTGGGT,0,4423043
yadN_predicted,0.5,1,1,ACACAAGTGCGCGCTCCAAC,0,4417190
yadN_predicted,0.5,1,1,ACAATCCAACACAAGCTCGA,0,4424835
yadN_predicted,0.5,1,1,ACAACGTCCCAACAGAGCTC,0,4431706
yadN_predicted,0.5,1,1,ACAACCGGCGCCACAACATG,0,4427938
yadN_predicted,0.5,1,1,ACAACAGCCCCGTTTGCTAG,0,4411424
yadN_predicted,0.5,1,1,ACAAATTGTATGGCTGGATT,0,4424655
yadN_predicted,0.5,1,1,ACAAATGTTTGGAAAGCGTT,0,4429426
yadN_predicted,0.5,1,1,ACAAAATGTGTGTGTTGTGT,0,4404325
yadN_predicted,0.5,1,1,AATTTTCACATTGGCTCTAA,0,4434558
yadN_predicted,0.5,1,1,AATTTGCGGTTGGCTGTGTA,0,4418825
yadN_predicted,0.5,1,1,AATTTCGCTATGTTACCCAA,0,4428821
yadN_predicted,0.5,1,1,AATTGGTGGGCTGACGTGTG,0,4433440
yadN_predicted,0.5,1,1,AATTGCCTTGGTACCTCTTG,0,4435920
yadN_predicted,0.5,1,1,AATGTTTAATCGCAAACGTC,0,4408150
yadN_predicted,0.5,1,1,AATGTTAGCTTCCATTTATT,0,4409919
yadN_predicted,0.5,1,1,AATGTACCACAGTGCATAAT,0,4431673
yadN_predicted,0.5,1,1,AATGGTCAGGTTGTTTCTTC,0,4429201
yadN_predicted,0.5,1,1,AATGGCGGCTTGCAGTTAGG,0,4422745
yadN_predicted,0.5,1,1,AATGGCCCCCTCGAGCAAGT,0,4404549
yadN_predicted,0.5,1,1,AATGGATGTTGTTTGGCCTT,0,4418043
yadN_predicted,0.5,1,1,AATGCGCTGGCGTTTGGGAA,0,4419621
yadN_predicted,0.5,1,1,AATGCAGGCGTGTCCGTTGC,0,4427144
yadN_predicted,0.5,1,1,AATGCACTACGACGCCTGGG,0,4411729
yadN_predicted,0.5,1,1,AATGACACGGCATTTGGCGA,0,4408921
yadN_predicted,0.5,1,1,AATCGCATCTAAGGCAGTGT,0,4413820
yadN_predicted,0.5,1,1,AATCGACGAGGACTCATTCA,0,4425052
yadN_predicted,0.5,1,1,AATCACAAAAGCTCTGCTTT,0,4422238
yadN_predicted,0.5,1,1,AATATAGGAGCAGGGAGTAG,0,4407878
yadN_predicted,0.5,1,1,AATAGCCCATCTCGTACTCG,0,4420430
yadN_predicted,0.5,1,1,AATAGATACGAGGGGCAGCT,0,4407760
yadN_predicted,0.5,1,1,AATAAACCGACCTCTGGAGC,0,4404806
yadN_predicted,0.5,1,1,AAGTCGGGACATTGCCACAT,0,4431270
yadN_predicted,0.5,1,1,AAGTCAAGTTCTTTGCGACA,0,4407640
yadN_predicted,0.5,1,1,AAGTACTATAAAATATCTCA,0,4424592
yadN_predicted,0.5,1,1,AAGTACGGCACCTGTAGCCC,0,4424939
yadN_predicted,0.5,1,1,AAGGTTACATGCGGGTGCCT,0,4409466
yadN_predicted,0.5,1,1,AAGGGGCATGACGCGCTAAT,0,4415597
yadN_predicted,0.5,1,1,AAGGGCGGCACTGGCTCGGC,0,4409920
yadN_predicted,0.5,1,1,AAGCGGTCGAGTGTACTAGA,0,4432575
yadN_predicted,0.5,1,1,AAGCGGCACGCCTTAATTAT,0,4425080
yadN_predicted,0.5,1,1,AAGCCTCTATAACTGACGAA,0,4430129
yadN_predicted,0.5,1,1,AAGCCGAGTCGGGCTGGTAA,0,4403933
yadN_predicted,0.5,1,1,AAGAGACTCGTTGCAGATCG,0,4428159
yadN_predicted,0.5,1,1,AACTTGGGTTAAGCTAGGCA,0,4404114
yadN_predicted,0.5,1,1,AACTGGGGGAGCAAACTGTG,0,4418222
yadN_predicted,0.5,1,1,AACTGATTACTTTCAGCATC,0,4409065
yadN_predicted,0.5,1,1,AACTCGTATCGCAGGGTCGG,0,4428290
yadN_predicted,0.5,1,1,AACTAAGCCCGTCTCCTGCG,0,4429790
yadN_predicted,0.5,1,1,AACGCGTACACAGTACAAGC,0,4425963
yadN_predicted,0.5,1,1,AACGATTTCTCATATTGGGG,0,4406943
yadN_predicted,0.5,1,1,AACGAAATAGAATCAATCTC,0,4412861
yadN_predicted,0.5,1,1,AACCGGATTCTACTTCTCGA,0,4406141
yadN_predicted,0.5,1,1,AACCAACACACCGTGGAAGG,0,4406199
yadN_predicted,0.5,1,1,AACATGTTCATATGGCTCGT,0,4408289
yadN_predicted,0.5,1,1,AACAGTGCTGATTGCTATCT,0,4415789
yadN_predicted,0.5,1,1,AACAGAGTATCGAAGGGATA,0,4427243
yadN_predicted,0.5,1,1,AACAGAACTTTAATATAACC,0,4432640
yadN_predicted,0.5,1,1,AACACTTTCTATGTTACTGG,0,4421420
yadN_predicted,0.5,1,1,AACACGAGGTACTCAGACTT,0,4410301
yadN_predicted,0.5,1,1,AACAATTAGGCAAACGCCAA,0,4420243
yadN_predicted,0.5,1,1,AAATTCAGCTGCGGAGTTTT,0,4406183
yadN_predicted,0.5,1,1,AAATGTCAGTGGTAGTTGGG,0,4417004
yadN_predicted,0.5,1,1,AAATCGGAAATAGCATACTC,0,4416553
yadN_predicted,0.5,1,1,AAATCGAGAGTTCCACTACG,0,4411169
yadN_predicted,0.5,1,1,AAATCCATAGAAACTTACTG,0,4430233
yadN_predicted,0.5,1,1,AAATAGCGGTTTGAAAGAGC,0,4417648
yadN_predicted,0.5,1,1,AAATACATCAGACCTGAGTT,0,4413334
yadN_predicted,0.5,1,1,AAAGCCGGTTCTGACTGCTC,0,4413432
yadN_predicted,0.5,1,1,AAAGAATAGTGGCTTTTTTT,0,4428334
yadN_predicted,0.5,1,1,AAACTGTAGACCACTTAGAG,0,4419033
yadN_predicted,0.5,1,1,AAACGTGCCACTCTTGTTGA,0,4417273
yadN_predicted,0.5,1,1,AAACCCCATCACTACTTATA,0,4403751
yadN_predicted,0.5,1,1,AAAATTAGCGTGAACTGATA,0,4415885
yadN_predicted,0.5,1,1,AAAAGCTACCGGCGAAGGGA,0,4409538
yadN_predicted,0.5,1,1,AAAAAGCGACAACTAGCAAT,0,4405778
yadN_predicted,6.0,5,0,TACTGAGTAGGCATTGCATT,5,4414677
yadN_predicted,4.0,3,0,CTCAGAATCGAAGGGCCAAT,3,4425874
yadN_predicted,3.0,2,0,TCCGTAGACTACAGGTACTA,2,4426889
yadN_predicted,3.0,2,0,CTGGTTTTAGTACGGACGCT,2,4433967
yadN_predicted,3.0,2,0,CTCCACCCTCTCCTAATGCT,2,4431272
yadN_predicted,3.0,2,0,AACTTCTGATACTCGTTACC,2,4427795
yadN_predicted,2.0,1,0,TGTATGGCGCCTGTGTCGCA,1,4423600
yadN_predicted,2.0,1,0,GCGGGAACTATTGGTCATCC,1,4431054
yadN_predicted,2.0,1,0,AGTATTAAGTGTTCGTGAGG,1,4432881
