name,relative_counts,ct,ct_0,barcode,ct_1,barcode_ind
ybiY_ybiW_predicted,0.344,166,124,AGGAGCGGATTGGGTCTAGA,42,4703042
ybiY_ybiW_predicted,0.5714285714285714,174,111,TAGGGCGCATATACGCGTTC,63,4712152
ybiY_ybiW_predicted,0.5098039215686274,152,101,AGGTACCCGGGGGATGACAA,51,4729573
ybiY_ybiW_predicted,0.6341463414634146,132,81,GGGTAACTCCTGTTCGCATA,51,4688604
ybiY_ybiW_predicted,0.8974358974358975,146,77,CGCAGTGTGATCTCAAGTGT,69,4701904
ybiY_ybiW_predicted,3.1066666666666665,306,74,TATACTTCCGAAAAGCCGGT,232,4714664
ybiY_ybiW_predicted,0.3055555555555556,92,71,GACTCACTTGGTACTTTAGC,21,4691300
ybiY_ybiW_predicted,0.29577464788732394,90,70,CGATTTCCAGAAGGGAGACT,20,4688579
ybiY_ybiW_predicted,1.2923076923076924,147,64,ACACGAGCGCCGATAGCCAA,83,4705641
ybiY_ybiW_predicted,0.19672131147540983,71,60,TCATTTACGGAGTCCGAGAA,11,4689811
ybiY_ybiW_predicted,1.7,160,59,GCTGGCACCCAATCACACAA,101,4699151
ybiY_ybiW_predicted,1.2321428571428572,123,55,GTAATCGCGGCACGGCCAGC,68,4713105
ybiY_ybiW_predicted,0.5555555555555556,82,53,TAAAAAATTCGACCTAGTGA,29,4688474
ybiY_ybiW_predicted,1.3018867924528301,120,52,TCGGGATACCGTTGGTACAC,68,4694705
ybiY_ybiW_predicted,0.660377358490566,86,52,ACAGTTTCTCGTAAGGCGAG,34,4708264
ybiY_ybiW_predicted,1.75,141,51,CAGTAGTCCACGTATACGCG,90,4707532
ybiY_ybiW_predicted,0.2692307692307692,64,51,AGTGTTAAGGTTAGTAAGAT,13,4695339
ybiY_ybiW_predicted,1.08,102,49,TTTTGAACCATCGACACCTT,53,4688707
ybiY_ybiW_predicted,0.38,67,49,TCACAAAAGTATCAGTTCAT,18,4691661
ybiY_ybiW_predicted,5.32,314,49,ATGCCCATGCGTGGCCTTCT,265,4695898
ybiY_ybiW_predicted,0.46,71,49,AAAGCAAATATCTGTACGAT,22,4698079
ybiY_ybiW_predicted,0.3673469387755102,65,48,GTCCTAGCCGGCGGGGGAAA,17,4710326
ybiY_ybiW_predicted,0.2857142857142857,61,48,AAAAAAAAGACACGGAGCAT,13,4731237
ybiY_ybiW_predicted,0.3958333333333333,65,47,GCCATGTGTGTAATATCTTA,18,4698080
ybiY_ybiW_predicted,0.8085106382978723,83,46,TGGCGGCAGCCTTCAAATTC,37,4690710
ybiY_ybiW_predicted,0.14893617021276595,52,46,TATAAGAAGTAAGCATCAAG,6,4689671
ybiY_ybiW_predicted,0.851063829787234,85,46,GCTGTGGAACCGGTTACAGT,39,4719204
ybiY_ybiW_predicted,1.1521739130434783,97,45,TCCAACGAAAGCTTAGTCTG,52,4717389
ybiY_ybiW_predicted,0.6086956521739131,72,45,AGGCAAGGCTGTCGTTCGCA,27,4689377
ybiY_ybiW_predicted,0.4,61,44,GGGGTTGCTATCCATGTGCA,17,4693893
ybiY_ybiW_predicted,1.2045454545454546,95,43,GATCCCGCATGCACTGCCCA,52,4692801
ybiY_ybiW_predicted,0.5454545454545454,66,43,ACGAAATGCGGCGCCGCTAT,23,4710634
ybiY_ybiW_predicted,0.09090909090909091,46,43,ACAGAACCCGTGTAGAATGG,3,4694726
ybiY_ybiW_predicted,1.0238095238095237,83,41,TGAGAAATGAGCGTACCGAT,42,4695577
ybiY_ybiW_predicted,0.4523809523809524,59,41,CATGGTAACTAGATTTTTGT,18,4709852
ybiY_ybiW_predicted,0.6190476190476191,66,41,CATGCCGAACATCATGCTTC,25,4692585
ybiY_ybiW_predicted,0.7619047619047619,72,41,CAAGGTTGCCGTTCGATAGA,31,4709305
ybiY_ybiW_predicted,0.6666666666666666,68,41,AGTAGCTGGTAGGTGTTATG,27,4690115
ybiY_ybiW_predicted,1.0975609756097562,84,40,TACCTGCTGCGTCGGACAAA,44,4715258
ybiY_ybiW_predicted,8.121951219512194,372,40,GGTGTAAATTCTTCTGGAAG,332,4695515
ybiY_ybiW_predicted,0.07317073170731707,42,40,CTCACGGAGGACCGTGACTA,2,4704383
ybiY_ybiW_predicted,1.1219512195121952,85,40,CGATCCATTTAGAACGCTAG,45,4715231
ybiY_ybiW_predicted,1.2,86,39,TCATGGAAGATTCCTCTAGT,47,4696303
ybiY_ybiW_predicted,0.65,64,39,GTTTTCCTTAACATCGTTAA,25,4699469
ybiY_ybiW_predicted,0.45,56,39,GGTCTCGTAAGAGGGGCGTA,17,4698838
ybiY_ybiW_predicted,1.1,82,39,GAAAGCCGTATTGAAACCAT,43,4702868
ybiY_ybiW_predicted,0.6666666666666666,63,38,TAATGGTAGCGGACGTTCTA,25,4693160
ybiY_ybiW_predicted,1.2307692307692308,85,38,TAAACGCAGTAAGACAATGT,47,4696654
ybiY_ybiW_predicted,13.58974358974359,567,38,CAACTGTTGCTCCCCAATGT,529,4708084
ybiY_ybiW_predicted,0.1282051282051282,42,38,AGATGCGATTTTCCAGCACG,4,4696653
ybiY_ybiW_predicted,2.3333333333333335,128,38,ACACTTCACGTGGGCATCAT,90,4726405
ybiY_ybiW_predicted,3.2564102564102564,164,38,ACAACCCAAGAACTTGAGGG,126,4713167
ybiY_ybiW_predicted,0.34210526315789475,49,37,TCCTTCGATCAGGGGGTCTA,12,4726714
ybiY_ybiW_predicted,0.47368421052631576,54,37,GGGCACTAGCTCGTAGCGCT,17,4698432
ybiY_ybiW_predicted,4.921052631578948,223,37,CCGCCCAAGAATACTGCCGC,186,4690386
ybiY_ybiW_predicted,0.07894736842105263,39,37,CATCTGCGTGTGTCTAACAG,2,4708022
ybiY_ybiW_predicted,0.4473684210526316,53,37,AGCCCTCTCACCCGCACCAA,16,4695060
ybiY_ybiW_predicted,0.5945945945945946,57,36,TATATCTTCGATCAGGGGGG,21,4702818
ybiY_ybiW_predicted,1.5945945945945945,94,36,GGGACAAGAAGGTGGGTGAA,58,4689045
ybiY_ybiW_predicted,0.2702702702702703,45,36,GGATGAGTTAGCATCAGTCT,9,4706871
ybiY_ybiW_predicted,0.5405405405405406,55,36,GCATCGAACTGACGTGTGTA,19,4726717
ybiY_ybiW_predicted,1.1891891891891893,79,36,CAGTATTCTCGCAACAGTGC,43,4693316
ybiY_ybiW_predicted,0.5675675675675675,56,36,ACACGGCCGCCACTGCGATG,20,4692953
ybiY_ybiW_predicted,1.25,79,35,TGGCAGACCGCCCTCTTCCA,44,4729020
ybiY_ybiW_predicted,0.8333333333333334,64,35,TCGGCCCGTTAATTCCACAA,29,4693743
ybiY_ybiW_predicted,0.2777777777777778,44,35,GTGCGGAGTAGGTAGTATGG,9,4731723
ybiY_ybiW_predicted,0.4722222222222222,51,35,GTCGGAAGGTAGAGTTGCGT,16,4707567
ybiY_ybiW_predicted,0.3888888888888889,48,35,ATTTGCGTGGCATTTAGAAA,13,4709436
ybiY_ybiW_predicted,0.25,43,35,AGAGGCAGACCGCATGGGTG,8,4731198
ybiY_ybiW_predicted,0.42857142857142855,48,34,TGAGTGACATCCTTAATTTA,14,4696818
ybiY_ybiW_predicted,1.3714285714285714,81,34,TCGTTTAAACGGCTAATTTT,47,4727208
ybiY_ybiW_predicted,1.6857142857142857,92,34,TCCGTTATATCCCAACCGTA,58,4690568
ybiY_ybiW_predicted,0.34285714285714286,45,34,TCATACGGTTTTCACCCCTA,11,4727662
ybiY_ybiW_predicted,0.9428571428571428,66,34,TAAGGCCTTGTGACACGTCT,32,4729125
ybiY_ybiW_predicted,0.08571428571428572,36,34,GCAGATTCTCTCCCTCCACA,2,4694981
ybiY_ybiW_predicted,1.2571428571428571,77,34,CCTCCGTACGACCGAAAGTA,43,4726463
ybiY_ybiW_predicted,0.42857142857142855,48,34,CCAAATCTTATGATGCGGTG,14,4691804
ybiY_ybiW_predicted,0.11428571428571428,37,34,ATTGTACAGGCTAATCGCTT,3,4691880
ybiY_ybiW_predicted,5.9714285714285715,242,34,ACACTGATGAGTGCGGATCA,208,4698102
ybiY_ybiW_predicted,0.8529411764705882,61,33,TGGGTTACCTGAGTACGAGA,28,4706152
ybiY_ybiW_predicted,0.4411764705882353,47,33,GTCCCCGAAACTTCTCTAAA,14,4693941
ybiY_ybiW_predicted,0.23529411764705882,40,33,GGTCAAAAGGAACGGACTCT,7,4694377
ybiY_ybiW_predicted,1.1470588235294117,71,33,GGGGCGCCCGGGCCATGCTA,38,4694456
ybiY_ybiW_predicted,0.4411764705882353,47,33,CGCCGTCGTTCTTTCGTGTC,14,4695651
ybiY_ybiW_predicted,0.4411764705882353,47,33,CGATGTAAACAGGTTACAAT,14,4715347
ybiY_ybiW_predicted,0.20588235294117646,39,33,CGACACTTGGCCGCTTACCA,6,4723582
ybiY_ybiW_predicted,0.058823529411764705,34,33,AGCTGGGGAAAACATGTCTA,1,4721250
ybiY_ybiW_predicted,0.5882352941176471,52,33,ACACATCTTTCCCGTTACTC,19,4689129
ybiY_ybiW_predicted,0.5,49,33,AAATTTAGCTATGACCTGCA,16,4688999
ybiY_ybiW_predicted,0.5151515151515151,48,32,TGGTCCGCCGGCGTCTAGGC,16,4692038
ybiY_ybiW_predicted,1.3636363636363635,76,32,GTTCCAGCTCAAGCATAGAT,44,4721468
ybiY_ybiW_predicted,0.21212121212121213,38,32,GTGCCACGTATCATCAGGCA,6,4729111
ybiY_ybiW_predicted,0.24242424242424243,39,32,GACCAATCGGTTCGGAGGGT,7,4690361
ybiY_ybiW_predicted,1.0606060606060606,66,32,CGTCCTAACGTAATCCCCCA,34,4699150
ybiY_ybiW_predicted,0.15151515151515152,36,32,CGGAAGTGCCAGAGCGGTGT,4,4714009
ybiY_ybiW_predicted,0.2727272727272727,40,32,ATATTACATGGAAACGTCTA,8,4692893
ybiY_ybiW_predicted,0.42424242424242425,45,32,AGTCTAATATCGATTTCTAT,13,4727787
ybiY_ybiW_predicted,0.36363636363636365,43,32,AACCCGAGTCGCGAAGGATG,11,4729319
ybiY_ybiW_predicted,2.28125,103,31,TCTTTGCACGTTCAAGCTGT,72,4721297
ybiY_ybiW_predicted,0.28125,39,31,TCTGGTTAACTCGTAGAAGT,8,4688909
ybiY_ybiW_predicted,0.40625,43,31,TCCTCCAAACACATGCGGCT,12,4690015
ybiY_ybiW_predicted,0.3125,40,31,TACAGACACTTGCGCGCGAT,9,4715692
ybiY_ybiW_predicted,0.65625,51,31,TAAGCACAGCCTAACATCGA,20,4719433
ybiY_ybiW_predicted,0.59375,49,31,GTGGCCTTCGCCCAATAATA,18,4688651
ybiY_ybiW_predicted,3.0,126,31,GCGAAAATATGGCAAATAGT,95,4715754
ybiY_ybiW_predicted,0.40625,43,31,GATAGAGCCAAGGACTTGCA,12,4710356
ybiY_ybiW_predicted,0.53125,47,31,CTCTTCGCCGGGACTGACGC,16,4722922
ybiY_ybiW_predicted,0.78125,55,31,CGGATGTCAATCTATCTTTT,24,4704848
ybiY_ybiW_predicted,0.09375,33,31,CGCGCGCCGGCTCGTAAAGC,2,4689141
ybiY_ybiW_predicted,0.4375,44,31,CCAAATACGTCTCCATGGTA,13,4693380
ybiY_ybiW_predicted,0.90625,59,31,AGCCGACCAATGAACACCTA,28,4729318
ybiY_ybiW_predicted,0.90625,59,31,AGACGCGTGTAACACAAGCA,28,4704469
ybiY_ybiW_predicted,0.90625,59,31,ACTTAAGCTTGTGCAGGCGT,28,4691755
ybiY_ybiW_predicted,1.096774193548387,63,30,TTCTCTACTGACGTATTCTC,33,4704811
ybiY_ybiW_predicted,0.967741935483871,59,30,TCGGTGACTTGTGATTTCCT,29,4703035
ybiY_ybiW_predicted,0.25806451612903225,37,30,TATTGATTTATGTGTCCATT,7,4692620
ybiY_ybiW_predicted,0.4838709677419355,44,30,GGTGCAACATGGTATGGTAA,14,4723103
ybiY_ybiW_predicted,0.6129032258064516,48,30,GCGCTCCACTAATGAATGAC,18,4711435
ybiY_ybiW_predicted,0.8709677419354839,56,30,GAGTAAATGCCCAGAACGAA,26,4696488
ybiY_ybiW_predicted,0.06451612903225806,31,30,CTGTCCGGCCTGCTCGAGTA,1,4702080
ybiY_ybiW_predicted,0.5161290322580645,45,30,CTACGCATTTACTCCATTCA,15,4695550
ybiY_ybiW_predicted,0.4838709677419355,44,30,CGGCAATATTCGAGAACCTG,14,4702620
ybiY_ybiW_predicted,0.45161290322580644,43,30,CGCCAAGTAGGGCGCCTTTA,13,4691516
ybiY_ybiW_predicted,0.12903225806451613,33,30,CCGCTTTAAGCCTTCGCCCA,3,4693942
ybiY_ybiW_predicted,0.5161290322580645,45,30,CATTCGAGTTGACTTCGATA,15,4699680
ybiY_ybiW_predicted,0.2903225806451613,38,30,CAGCCGACAGTTAGGTAGTA,8,4708437
ybiY_ybiW_predicted,0.8709677419354839,56,30,AGACCCCGCTACTACGTGCA,26,4709541
ybiY_ybiW_predicted,0.5161290322580645,45,30,ACGTGAACTGTTGTATCTCA,15,4710244
ybiY_ybiW_predicted,0.5666666666666667,45,29,TGAGGCCGCAGAAATTTCAA,16,4721056
ybiY_ybiW_predicted,0.8666666666666667,54,29,TCGAATACGGGTATACATGT,25,4715106
ybiY_ybiW_predicted,2.6666666666666665,108,29,TATTTTTGAGGAGCTAGATG,79,4695517
ybiY_ybiW_predicted,0.23333333333333334,35,29,TATGGACCAGTAGCGGCACC,6,4697340
ybiY_ybiW_predicted,1.2333333333333334,65,29,GTACGACCAAAAGCGTGTGC,36,4688555
ybiY_ybiW_predicted,0.8333333333333334,53,29,GCCAAGTACAATAAGATGCG,24,4728062
ybiY_ybiW_predicted,0.36666666666666664,39,29,GATTTAGAAGTTCTGGGCCA,10,4718849
ybiY_ybiW_predicted,0.3,37,29,CTGTATACTCACTATGTTTT,8,4722503
ybiY_ybiW_predicted,0.8,52,29,CTCGAAACTCAACACAACCA,23,4688962
ybiY_ybiW_predicted,0.4666666666666667,42,29,CTCCACCTCAGAGAATGAAT,13,4701472
ybiY_ybiW_predicted,0.5,43,29,CGCACATGTAGAGACCAAGG,14,4708483
ybiY_ybiW_predicted,0.5666666666666667,45,29,ATGAATGGGGCTTCGTATAT,16,4714164
ybiY_ybiW_predicted,0.7333333333333333,50,29,AGCCTCCGGCGCGCAACGCA,21,4700360
ybiY_ybiW_predicted,1.2666666666666666,66,29,AGACGGCACGATGTACAGCC,37,4697784
ybiY_ybiW_predicted,0.8,52,29,ACGTTATCTAGCTCCGGATG,23,4730378
ybiY_ybiW_predicted,4.2,154,29,ACGATTATGTGTGTCTTTCC,125,4695666
ybiY_ybiW_predicted,0.2,34,29,AAGCGCACGAAAGTTTCACA,5,4723628
ybiY_ybiW_predicted,0.06666666666666667,30,29,AACCAATATATGCAAAAAAT,1,4703909
ybiY_ybiW_predicted,0.13333333333333333,32,29,AAATCTATAGCCAACTGTAT,3,4712519
ybiY_ybiW_predicted,0.5517241379310345,43,28,TGAGCATAAAACATTCCCTT,15,4688694
ybiY_ybiW_predicted,0.5172413793103449,42,28,TCTCAGTCCCCATTTACTTA,14,4689764
ybiY_ybiW_predicted,0.9310344827586207,54,28,GGTTCCGAAGTTATTGTCGT,26,4726716
ybiY_ybiW_predicted,0.41379310344827586,39,28,GGCGTGTTACAAGTCAATTC,11,4689378
ybiY_ybiW_predicted,0.1724137931034483,32,28,GACCGACTCCCGCACTTGGA,4,4689853
ybiY_ybiW_predicted,1.0,56,28,CTCGATATTGAGCACTTCCT,28,4712928
ybiY_ybiW_predicted,0.8275862068965517,51,28,CTCCCCACGGCGAATTTTGC,23,4720961
ybiY_ybiW_predicted,0.7586206896551724,49,28,CTCAGATGCCAGGTTCAGTA,21,4690152
ybiY_ybiW_predicted,1.4827586206896552,70,28,CTACCGCACGGAAGAAACAT,42,4728962
ybiY_ybiW_predicted,0.2413793103448276,34,28,CTACATCGTCCGCCCCATGT,6,4691947
ybiY_ybiW_predicted,0.3793103448275862,38,28,CCCTAAGGCGAATAAAGGCT,10,4705490
ybiY_ybiW_predicted,0.4827586206896552,41,28,CCCGATTCTAGGCAAAGGAT,13,4701580
ybiY_ybiW_predicted,14.517241379310345,448,28,ATGATAAGACTGCGGCGGTT,420,4721030
ybiY_ybiW_predicted,0.10344827586206896,30,28,ATAACCAATTGCGAATCAAA,2,4697534
ybiY_ybiW_predicted,0.27586206896551724,35,28,AGTGTCCCGCCATACAGAGT,7,4689683
ybiY_ybiW_predicted,0.10344827586206896,30,28,AGAAGGGAGTAATATACAGA,2,4691138
ybiY_ybiW_predicted,0.9310344827586207,54,28,ACGTATTTCGACTTCTACTA,26,4702863
ybiY_ybiW_predicted,1.4827586206896552,70,28,ACAAGCACCCTAAGCGCTCT,42,4694341
ybiY_ybiW_predicted,0.6428571428571429,44,27,TGGAAAACCTCTTCGGCTTC,17,4688508
ybiY_ybiW_predicted,0.35714285714285715,36,27,TCCTCATACGCATGCGTGAT,9,4717052
ybiY_ybiW_predicted,1.25,61,27,TCATGGTCATACGGTCATAT,34,4730615
ybiY_ybiW_predicted,1.3928571428571428,65,27,TAAGTGTAAGTACTCCACTA,38,4728569
ybiY_ybiW_predicted,0.35714285714285715,36,27,GTGAACTCTGGCGACCGTAT,9,4705739
ybiY_ybiW_predicted,0.10714285714285714,29,27,GGACACCCTGTGGCGGCCCA,2,4700112
ybiY_ybiW_predicted,0.9285714285714286,52,27,GGAAGTTCCGTTTACTGGCA,25,4715293
ybiY_ybiW_predicted,0.42857142857142855,38,27,GCTGTCTGCCGAAACAGGAT,11,4695405
ybiY_ybiW_predicted,1.7857142857142858,76,27,GCTAGCCCGCAAATTGAGGC,49,4719597
ybiY_ybiW_predicted,0.7142857142857143,46,27,GCGACACACCAGGCACAGGT,19,4716186
ybiY_ybiW_predicted,0.21428571428571427,32,27,CCAATTAGGCCTGTATGCAG,5,4717414
ybiY_ybiW_predicted,0.7142857142857143,46,27,CCAACTGAAGTAATTTCGGT,19,4699153
ybiY_ybiW_predicted,0.7142857142857143,46,27,CATTTCGGCATCAACACGCT,19,4709654
ybiY_ybiW_predicted,2.25,89,27,CATACGGCATTTAGGCACTT,62,4713680
ybiY_ybiW_predicted,0.5714285714285714,42,27,CAGCAAGGTCTCGCGTACGC,15,4689580
ybiY_ybiW_predicted,5.071428571428571,168,27,CACGGAGGCCCCCCAGTTCA,141,4691476
ybiY_ybiW_predicted,0.6785714285714286,45,27,ATGGACGCTATTCACCTCTA,18,4697497
ybiY_ybiW_predicted,0.9642857142857143,53,27,ACTTCCCCGCCTGCATAGCA,26,4717812
ybiY_ybiW_predicted,0.75,47,27,ACCTTTCGGGCCAACTCTTC,20,4708335
ybiY_ybiW_predicted,1.1071428571428572,57,27,ACCCGCTTAACATGAGGTTG,30,4713461
ybiY_ybiW_predicted,0.14285714285714285,30,27,AATACGATTGATGCAGTATT,3,4698868
ybiY_ybiW_predicted,0.8928571428571429,51,27,AAAGAGTAGTGGATCACCTA,24,4711585
ybiY_ybiW_predicted,1.0,52,26,TGGTATTTTACATGTGGTTA,26,4691601
ybiY_ybiW_predicted,0.9259259259259259,50,26,TATCCGCCTCGAAACTCTGA,24,4691801
ybiY_ybiW_predicted,0.7037037037037037,44,26,TATAGGCAAGCGCAATCTTA,18,4689296
ybiY_ybiW_predicted,0.25925925925925924,32,26,TAGACGCAACTAAAGTTATA,6,4691606
ybiY_ybiW_predicted,1.4074074074074074,63,26,GTAGGCCCCGAAAGCGTCAA,37,4700861
ybiY_ybiW_predicted,0.2962962962962963,33,26,GCCCTTTGTTATCGTCACAA,7,4716601
ybiY_ybiW_predicted,0.8148148148148148,47,26,CTGTGCATTAGGACATGCGT,21,4695478
ybiY_ybiW_predicted,0.25925925925925924,32,26,CTATTCCATATGACCGAGGC,6,4688855
ybiY_ybiW_predicted,0.1111111111111111,28,26,CGTAAGCGTTGGACCGAGGT,2,4722390
ybiY_ybiW_predicted,0.07407407407407407,27,26,CCGGTTCAAAGTAAGGGGAT,1,4697407
ybiY_ybiW_predicted,0.18518518518518517,30,26,CCCGCCTCCAAACAACAGTT,4,4707849
ybiY_ybiW_predicted,1.7777777777777777,73,26,CAGCCAGTGCCCAGCAACTT,47,4710453
ybiY_ybiW_predicted,0.18518518518518517,30,26,ATGTCCTGGAGGTTGCGCTA,4,4697162
ybiY_ybiW_predicted,1.0,52,26,ATCACGCTCCCCGGATCCTA,26,4701819
ybiY_ybiW_predicted,0.18518518518518517,30,26,ATCACACCCTGGTGTTTGTG,4,4708606
ybiY_ybiW_predicted,1.1111111111111112,55,26,AGTTGGCTGAAGCCAACCGT,29,4697043
ybiY_ybiW_predicted,0.5555555555555556,40,26,AGGGGGGGGAATGACTACCA,14,4721802
ybiY_ybiW_predicted,1.2962962962962963,60,26,AGCGTAGGGGCTCTCGATAT,34,4705634
ybiY_ybiW_predicted,0.14814814814814814,29,26,ACTTATAGACATGCATCACG,3,4705834
ybiY_ybiW_predicted,1.2592592592592593,59,26,ACTACACATTCCATCACCTT,33,4725919
ybiY_ybiW_predicted,1.8148148148148149,74,26,ACGAACTCGTACTGGAAATG,48,4725929
ybiY_ybiW_predicted,0.7407407407407407,45,26,AACTTTCCGCGGATCTTGAA,19,4688758
ybiY_ybiW_predicted,0.46153846153846156,36,25,TTTCGATGGACCAACTTAGG,11,4702690
ybiY_ybiW_predicted,0.23076923076923078,30,25,TTTATGGTGCGGTTGTACTA,5,4697909
ybiY_ybiW_predicted,0.5384615384615384,38,25,TTACGTTGTTGGGTAACTCC,13,4698954
ybiY_ybiW_predicted,0.38461538461538464,34,25,TGTCTTGGGCAGCCAGTAAA,9,4705922
ybiY_ybiW_predicted,0.34615384615384615,33,25,TGTCGTTCTACCTAGTCGTA,8,4717724
ybiY_ybiW_predicted,0.23076923076923078,30,25,TGCGGTCTCAGCTGGGGGCT,5,4707745
ybiY_ybiW_predicted,0.5769230769230769,39,25,TGCGCATTGAGAAGGTATGT,14,4693427
ybiY_ybiW_predicted,0.15384615384615385,28,25,TACCTCTTTCGCTCCAACAG,3,4718416
ybiY_ybiW_predicted,1.0769230769230769,52,25,GGGTGACCCAACTGACTTAT,27,4693133
ybiY_ybiW_predicted,3.0,102,25,GGCCGGCGAAGTCGGCGGTT,77,4695668
ybiY_ybiW_predicted,1.6923076923076923,68,25,GAGGTCTATGCGCTCATGCG,43,4689493
ybiY_ybiW_predicted,0.5,37,25,GAGCCATAGTCCCACTCTTT,12,4711106
ybiY_ybiW_predicted,0.38461538461538464,34,25,GACGGTGTTGGACTTACTCG,9,4700632
ybiY_ybiW_predicted,1.2692307692307692,57,25,GAACCGGCTCGCGCATACAT,32,4709784
ybiY_ybiW_predicted,0.4230769230769231,35,25,CTTTAAAGTCGATAGCTCGT,10,4709443
ybiY_ybiW_predicted,0.11538461538461539,27,25,CTCACTGACCTAGTTGCGGA,2,4694099
ybiY_ybiW_predicted,0.4230769230769231,35,25,CGTAGCCTGGGCGTTACTAT,10,4708860
ybiY_ybiW_predicted,0.8846153846153846,47,25,CGGGCCTCCAAGAGGCCATG,22,4694146
ybiY_ybiW_predicted,1.0769230769230769,52,25,CGGCCTCATAGAAGGATTTC,27,4694127
ybiY_ybiW_predicted,0.11538461538461539,27,25,ATCCGAACCCTTACGCATTT,2,4732000
ybiY_ybiW_predicted,0.23076923076923078,30,25,AGAGTTCGCTAGCGTATTAT,5,4720124
ybiY_ybiW_predicted,0.38461538461538464,34,25,ACGGAGGGCGCTGGAACCAA,9,4711205
ybiY_ybiW_predicted,1.9615384615384615,75,25,AATCCGAGTAGCTAACCGTA,50,4695875
ybiY_ybiW_predicted,0.5384615384615384,38,25,AAACCAGCGCAGCCGGACAC,13,4710234
ybiY_ybiW_predicted,0.2,28,24,TTACACGTGGGGGAACGCGC,4,4689394
ybiY_ybiW_predicted,0.72,41,24,TGTTATTTATAGGTAGAAGA,17,4695370
ybiY_ybiW_predicted,3.68,115,24,TCGTGGTCAAAAATGGGAAG,91,4726604
ybiY_ybiW_predicted,0.12,26,24,TCGCAGGAGATTCGGGACAG,2,4719431
ybiY_ybiW_predicted,1.16,52,24,TCCATGTCTCTCTAGGGCTT,28,4718974
ybiY_ybiW_predicted,1.08,50,24,GTTGGGATCGCATAGAGGCT,26,4718203
ybiY_ybiW_predicted,0.4,33,24,GTCGGTCTAGGAAGTAGTCT,9,4697052
ybiY_ybiW_predicted,4.88,145,24,GGTTTTCCAAGGTAAGTGTA,121,4729822
ybiY_ybiW_predicted,0.72,41,24,GCGCTAGGAGAAATTCGTCT,17,4706345
ybiY_ybiW_predicted,0.56,37,24,GAAGGAAAGTGCTTCAGTTA,13,4729453
ybiY_ybiW_predicted,1.0,48,24,GAAACAAACTCTCCATGAGC,24,4723237
ybiY_ybiW_predicted,0.2,28,24,CTTAGAGGCGTTTAAACGCC,4,4728745
ybiY_ybiW_predicted,2.84,94,24,CTAATGGTATGTTTTGAATA,70,4703295
ybiY_ybiW_predicted,1.36,57,24,CGGTCAGGCCCGGTGAAAAA,33,4704920
ybiY_ybiW_predicted,0.2,28,24,CGGAACAGCAACTAAAGGAG,4,4722513
ybiY_ybiW_predicted,0.48,35,24,CGACGCAGCCATAGGACTCT,11,4702938
ybiY_ybiW_predicted,0.32,31,24,CGAACAGCTATGAGTCCTGA,7,4724770
ybiY_ybiW_predicted,1.24,54,24,CAGTACACGTTCTAATCGAT,30,4712028
ybiY_ybiW_predicted,0.36,32,24,ACGTATGGGATTGAGTAGTG,8,4720143
ybiY_ybiW_predicted,0.76,42,24,ACGCGTAGGCTACTGATTAT,18,4698651
ybiY_ybiW_predicted,0.64,39,24,ACCAAATTAGTACAGGTTAA,15,4704912
ybiY_ybiW_predicted,0.28,30,24,ACAGCGGGAGGATGGATTAA,6,4699781
ybiY_ybiW_predicted,0.3333333333333333,30,23,TTTGCTGGACCTCGTTCGAA,7,4721911
ybiY_ybiW_predicted,0.4166666666666667,32,23,TTCTCTTTGTGCACAAACCA,9,4692524
ybiY_ybiW_predicted,0.3333333333333333,30,23,TTAGCTCGGCGTGAGCCTGT,7,4691630
ybiY_ybiW_predicted,0.125,25,23,TGGATACGGCCGAAGTTCAA,2,4691160
ybiY_ybiW_predicted,0.5416666666666666,35,23,TGAAGGTCGGCTCGGACTTG,12,4708971
ybiY_ybiW_predicted,1.0833333333333333,48,23,TCTTATCAGAAGCAGTCGGT,25,4695376
ybiY_ybiW_predicted,0.125,25,23,TCTATTGCTCTCCGCAGCGC,2,4713387
ybiY_ybiW_predicted,2.0416666666666665,71,23,TCTACTGACCACCTCCTGTC,48,4706558
ybiY_ybiW_predicted,0.375,31,23,TCAGAGGGGCACGCTGACCA,8,4710361
ybiY_ybiW_predicted,0.875,43,23,GTTACTTTTTAATGCTAATG,20,4696725
ybiY_ybiW_predicted,0.16666666666666666,26,23,GGGCAAGGGATGCCCTTTGG,3,4719457
ybiY_ybiW_predicted,1.4166666666666667,56,23,GAGTAGGTATCTTCAACGTC,33,4698921
ybiY_ybiW_predicted,0.16666666666666666,26,23,GACAAGGACGCTCCCGTGAC,3,4723945
ybiY_ybiW_predicted,0.3333333333333333,30,23,CTTGTTTTTAGACTAGCCCA,7,4714099
ybiY_ybiW_predicted,0.7083333333333334,39,23,CTGTTGGGCGCCCAAACGCG,16,4720122
ybiY_ybiW_predicted,0.125,25,23,CTACAAAGCGTTCATCGGAT,2,4694375
ybiY_ybiW_predicted,0.875,43,23,CGTGGAAGTTGTCTTGCCAA,20,4697202
ybiY_ybiW_predicted,11.0,286,23,CGTACAATTGTCCCCTTGGA,263,4692836
ybiY_ybiW_predicted,0.25,28,23,CGGTAACGATGTCCCCTAAA,5,4710561
ybiY_ybiW_predicted,0.7083333333333334,39,23,CCTGTTTTTAGGTTCTGTTC,16,4693943
ybiY_ybiW_predicted,2.5416666666666665,83,23,CCGCCTGGATCGTCGTCAGT,60,4714394
ybiY_ybiW_predicted,1.0833333333333333,48,23,CCCCTGGCACCGGCTCAGTT,25,4701775
ybiY_ybiW_predicted,2.5416666666666665,83,23,CACCTGTCCATTAACAGTTC,60,4724727
ybiY_ybiW_predicted,1.0833333333333333,48,23,CAACCCGAGCTACGGAGTTG,25,4702105
ybiY_ybiW_predicted,2.375,79,23,CAAAGATCGTGCGCCGCCTC,56,4699755
ybiY_ybiW_predicted,0.625,37,23,ATCACTCCGGACCACGCGCG,14,4696060
ybiY_ybiW_predicted,0.25,28,23,ATATATGAGACGGGTACTTG,5,4701687
ybiY_ybiW_predicted,0.875,43,23,AGTTTGTTATGACAGGAATC,20,4721500
ybiY_ybiW_predicted,0.5416666666666666,35,23,AGGCATCCGGCGTGCACTAA,12,4699854
ybiY_ybiW_predicted,0.3333333333333333,30,23,AGCAACGAAGGCAAGGCCGT,7,4724843
ybiY_ybiW_predicted,0.4166666666666667,32,23,ACGATTGTCCGTGAGGAGTT,9,4692553
ybiY_ybiW_predicted,0.8333333333333334,42,23,AATGCTACCTACTACCTGTG,19,4694342
ybiY_ybiW_predicted,1.6521739130434783,59,22,TTCGGCTCTTCGAGGAGGGT,37,4700168
ybiY_ybiW_predicted,0.43478260869565216,31,22,TTAGGGAAAGATGTTAGGAT,9,4702283
ybiY_ybiW_predicted,0.6956521739130435,37,22,TGGTACTTACCGGCATGATT,15,4699396
ybiY_ybiW_predicted,2.347826086956522,75,22,TGAGGAGCTCCTCTACTCCA,53,4690644
ybiY_ybiW_predicted,0.5652173913043478,34,22,TGAAAATAACTACAGGCCGC,12,4718874
ybiY_ybiW_predicted,1.7391304347826086,61,22,TCGCTCTATTCGACCGTAGC,39,4707814
ybiY_ybiW_predicted,0.5652173913043478,34,22,TCATCGATGCGGAGATTACA,12,4690966
ybiY_ybiW_predicted,39.82608695652174,937,22,TAGCAGAGTCACTAGAGGTA,915,4707614
ybiY_ybiW_predicted,0.2608695652173913,27,22,TACTCATAGCGAAGCGGTGC,5,4695972
ybiY_ybiW_predicted,0.782608695652174,39,22,TACTAAGAGGAGCTATAATA,17,4715287
ybiY_ybiW_predicted,0.6086956521739131,35,22,TACCGAGGGTTATTCCAGCT,13,4711559
ybiY_ybiW_predicted,0.6086956521739131,35,22,TACACAATTAATGCCATACT,13,4689332
ybiY_ybiW_predicted,2.260869565217391,73,22,GTTAACGCTCTCCACATTCC,51,4706313
ybiY_ybiW_predicted,0.6956521739130435,37,22,GTTAAAACTCGGGTGCCAGG,15,4707389
ybiY_ybiW_predicted,0.34782608695652173,29,22,GTGTTGCAAGTCGGCCTAAA,7,4720922
ybiY_ybiW_predicted,0.30434782608695654,28,22,GTGTGACCGGCTGATTCAGA,6,4702372
ybiY_ybiW_predicted,0.5217391304347826,33,22,GTGGAATCTTACTTTTACAT,11,4713200
ybiY_ybiW_predicted,0.8695652173913043,41,22,GTAGGACCACGTCATACGTG,19,4716169
ybiY_ybiW_predicted,0.4782608695652174,32,22,GTAAGTCACAGTAGGCACAG,10,4713234
ybiY_ybiW_predicted,0.6086956521739131,35,22,GGGTGTTACTAGATGACTCA,13,4716634
ybiY_ybiW_predicted,0.7391304347826086,38,22,GGCTTGCTGGCTTGGATACT,16,4712270
ybiY_ybiW_predicted,23.782608695652176,568,22,GCTGAGACACGTGAATATGT,546,4690640
ybiY_ybiW_predicted,2.260869565217391,73,22,GCGTCACCCATAGGCGCCCA,51,4729526
ybiY_ybiW_predicted,0.5217391304347826,33,22,GCGAGGGTTCTAGAAGTTGG,11,4701310
ybiY_ybiW_predicted,0.391304347826087,30,22,GCCTGATACTCTCCATTTGA,8,4700558
ybiY_ybiW_predicted,0.4782608695652174,32,22,GATAAGGGCGATAAACTTTT,10,4701755
ybiY_ybiW_predicted,0.391304347826087,30,22,GAGTGGAATGTTCCGCTGTA,8,4712925
ybiY_ybiW_predicted,1.3478260869565217,52,22,GAGCCAATGGCATTCAATAC,30,4703725
ybiY_ybiW_predicted,33.43478260869565,790,22,GAGATTCGTGAAGTAGCGCC,768,4700054
ybiY_ybiW_predicted,3.9565217391304346,112,22,GACGATGCCAGTATCCCGAT,90,4713981
ybiY_ybiW_predicted,0.5217391304347826,33,22,GAAGTAAGTTCATGAGCGAT,11,4723059
ybiY_ybiW_predicted,0.43478260869565216,31,22,CTTTTTAGCCCCAACGCGTA,9,4708793
ybiY_ybiW_predicted,0.2608695652173913,27,22,CTGGTGGAAGAGCATTGTGT,5,4727009
ybiY_ybiW_predicted,0.08695652173913043,23,22,CTGGTGAGCGCGCGTAGGGA,1,4688608
ybiY_ybiW_predicted,0.30434782608695654,28,22,CTCCGGAACCGCCAGGGTAT,6,4691946
ybiY_ybiW_predicted,0.9565217391304348,43,22,CTCCCATGCTTGCGGGGCTG,21,4727660
ybiY_ybiW_predicted,0.9565217391304348,43,22,CTCCAGGTGACTTGCACGGT,21,4697824
ybiY_ybiW_predicted,0.2608695652173913,27,22,CTACGAACATGCGTGTCATA,5,4696261
ybiY_ybiW_predicted,0.5652173913043478,34,22,CGGGCAATCCATTAAGCGTA,12,4704257
ybiY_ybiW_predicted,1.0869565217391304,46,22,CGCAACCAGAATGACGGGAT,24,4698867
ybiY_ybiW_predicted,0.13043478260869565,24,22,CGCAAACAGGCCTCTAGTGT,2,4708959
ybiY_ybiW_predicted,0.43478260869565216,31,22,CCTCTACCTGTTCTAAATTA,9,4693966
ybiY_ybiW_predicted,0.7391304347826086,38,22,CCTCCATGATGAGAAGGCTA,16,4728304
ybiY_ybiW_predicted,1.391304347826087,53,22,CCATGACTAATTAAAATCAA,31,4689972
ybiY_ybiW_predicted,0.6956521739130435,37,22,CAGGCGCGCACCCGGTGTAA,15,4718577
ybiY_ybiW_predicted,0.8260869565217391,40,22,CACCGATAACAGAACGTACT,18,4702897
ybiY_ybiW_predicted,0.8695652173913043,41,22,CACCCGAAAAGTATTAGTAT,19,4698919
ybiY_ybiW_predicted,1.0869565217391304,46,22,CAATAAGCGGGACATATCAC,24,4710203
ybiY_ybiW_predicted,0.391304347826087,30,22,CAAGTCAGAGTTTGTTTTAA,8,4701583
ybiY_ybiW_predicted,0.2608695652173913,27,22,ATTCCCCAAGGAGGACCAGA,5,4703205
ybiY_ybiW_predicted,1.608695652173913,58,22,AGCTCGGATTACAGGTCGAT,36,4691494
ybiY_ybiW_predicted,0.43478260869565216,31,22,AGCGTTGAGGTCATCCGTGC,9,4728957
ybiY_ybiW_predicted,0.30434782608695654,28,22,AGCGCGCTATGCGTCCTGGG,6,4696270
ybiY_ybiW_predicted,1.2608695652173914,50,22,ACTCCCAGCACCGTACCGAT,28,4706209
ybiY_ybiW_predicted,0.2608695652173913,27,22,ACCGGCAGACAAACCTTAGA,5,4693818
ybiY_ybiW_predicted,1.391304347826087,53,22,ACAAGATTCCGGTTCCGCAT,31,4694891
ybiY_ybiW_predicted,0.6086956521739131,35,22,ACAAAGGCATGGCTGATTGG,13,4690884
ybiY_ybiW_predicted,0.43478260869565216,31,22,AAAGCACTTCGCCGGGAAGC,9,4693219
ybiY_ybiW_predicted,0.43478260869565216,31,22,AAAATTGCACTTGTGGGTGT,9,4730872
ybiY_ybiW_predicted,0.2727272727272727,26,21,TTCGTGTCCCCGTTAAAAAT,5,4715950
ybiY_ybiW_predicted,0.5,31,21,TTATACTGAAGATTTGAGCT,10,4699122
ybiY_ybiW_predicted,0.5,31,21,TGATGTAAGGATATTCAATG,10,4709745
ybiY_ybiW_predicted,0.36363636363636365,28,21,TCTGGACCGGGTCAGTCGAA,7,4701352
ybiY_ybiW_predicted,0.36363636363636365,28,21,TCTATCCCACTCACGGGTGC,7,4706249
ybiY_ybiW_predicted,1.7727272727272727,59,21,TCGCCGAAAGACATGGATTT,38,4689100
ybiY_ybiW_predicted,0.5,31,21,TATTCTACGCATGGGGCTTA,10,4690309
ybiY_ybiW_predicted,1.3636363636363635,50,21,TATGTAGAAACAGAATCGGC,29,4701187
ybiY_ybiW_predicted,0.18181818181818182,24,21,TAACAAGCTTTAACTAATCA,3,4708033
ybiY_ybiW_predicted,0.6363636363636364,34,21,GTTGCCCCGTACGTCAGCAG,13,4722800
ybiY_ybiW_predicted,1.0909090909090908,44,21,GTGCATCACCGATCCTGGTC,23,4709501
ybiY_ybiW_predicted,0.3181818181818182,27,21,GTGACCTTATGTTTCGTACG,6,4700194
ybiY_ybiW_predicted,0.22727272727272727,25,21,GGTTGCACGATGTGTTGAAG,4,4708882
ybiY_ybiW_predicted,14.772727272727273,345,21,GGTTACCGGATTTAGGATGG,324,4708086
ybiY_ybiW_predicted,2.727272727272727,80,21,GGGGGTATTCGCCGGCGCTA,59,4698710
ybiY_ybiW_predicted,0.3181818181818182,27,21,GGGGGAGCACTCGTGTCAAG,6,4695993
ybiY_ybiW_predicted,0.2727272727272727,26,21,GCTGGTCGCCTGCCAGTGCC,5,4703081
ybiY_ybiW_predicted,0.13636363636363635,23,21,GCTAGTGTATCCTTGTAGGT,2,4693329
ybiY_ybiW_predicted,0.9090909090909091,40,21,GCGTATCAGATGCGAGGGGA,19,4722105
ybiY_ybiW_predicted,0.8181818181818182,38,21,GACGCTGTAGCAAAGACATC,17,4715141
ybiY_ybiW_predicted,0.45454545454545453,30,21,GACATAGATCTTTTGCGCGG,9,4689197
ybiY_ybiW_predicted,1.5,53,21,GAATCCTGCCTAGCTCCAGA,32,4695553
ybiY_ybiW_predicted,0.36363636363636365,28,21,GAAGGTAAAAAGACGGGTTT,7,4692503
ybiY_ybiW_predicted,1.1363636363636365,45,21,CTCGGTAACTGTCACTTGTT,24,4726330
ybiY_ybiW_predicted,0.8181818181818182,38,21,CTCCTTCTGGCCACTGATAG,17,4704949
ybiY_ybiW_predicted,0.22727272727272727,25,21,CGTACTTGCCACGAGCACTG,4,4703831
ybiY_ybiW_predicted,0.9545454545454546,41,21,CGTAACTGGAGGGGGTACAT,20,4696157
ybiY_ybiW_predicted,1.0909090909090908,44,21,CGGTAGAATGTATTAATCAG,23,4700361
ybiY_ybiW_predicted,0.8636363636363636,39,21,CGCAGAGAGGGTCCTTTAAA,18,4706859
ybiY_ybiW_predicted,0.45454545454545453,30,21,CGATCAAGCGAGGTGCCGAG,9,4730073
ybiY_ybiW_predicted,0.3181818181818182,27,21,CCTTGGTGGTCTCGTCACAG,6,4722588
ybiY_ybiW_predicted,0.09090909090909091,22,21,CCGGTCGTAGTGCAACCGCT,1,4693171
ybiY_ybiW_predicted,0.3181818181818182,27,21,CCCTAGGACAAGAGGGGAGC,6,4704497
ybiY_ybiW_predicted,0.5909090909090909,33,21,CCAACTAGCACTGTTCTTTA,12,4692173
ybiY_ybiW_predicted,1.2727272727272727,48,21,CACACTAATTCCCCCCATTT,27,4717031
ybiY_ybiW_predicted,1.0909090909090908,44,21,CAAGGATCCCTAATTGTATA,23,4698000
ybiY_ybiW_predicted,0.7727272727272727,37,21,ATTCTAATTGTGTTGAAAGA,16,4708850
ybiY_ybiW_predicted,0.22727272727272727,25,21,ATGTGGTGTTTGGCCGCTGT,4,4726072
ybiY_ybiW_predicted,0.13636363636363635,23,21,AGCGCCGGCGTAGAAAAAAT,2,4706255
ybiY_ybiW_predicted,0.3181818181818182,27,21,ACGTTCTCGCATGCGAGTAC,6,4731914
ybiY_ybiW_predicted,0.4090909090909091,29,21,ACATCTCGCAGGGTTCGGCT,8,4729771
ybiY_ybiW_predicted,0.8181818181818182,38,21,AAGGAGGCTAAGAGCCGACT,17,4718125
ybiY_ybiW_predicted,0.5454545454545454,32,21,AACCAATTAGTAACTTTTTA,11,4716971
ybiY_ybiW_predicted,0.18181818181818182,24,21,AACATAAGGATGCCCCCGTA,3,4701130
ybiY_ybiW_predicted,0.7727272727272727,37,21,AAAATTGCCGCGCGATCTAG,16,4708827
ybiY_ybiW_predicted,0.3333333333333333,26,20,TTTCAGTGTCAAACAGACCC,6,4693740
ybiY_ybiW_predicted,1.7142857142857142,55,20,TTGGTCCGCCTATGTTTTGT,35,4692502
ybiY_ybiW_predicted,0.6666666666666666,33,20,TTGCTTTACATAAAGTCTTC,13,4699377
ybiY_ybiW_predicted,0.47619047619047616,29,20,TTCGTAAGTTATGAGGTGTG,9,4715493
ybiY_ybiW_predicted,2.0952380952380953,63,20,TTACTGGTCTGAGACGGTCT,43,4692022
ybiY_ybiW_predicted,0.2857142857142857,25,20,TGGGCTTGGAGGCTGGTCCT,5,4722781
ybiY_ybiW_predicted,0.09523809523809523,21,20,TCAGGGGACAGTTGCCCAAA,1,4728005
ybiY_ybiW_predicted,1.9523809523809523,60,20,TCAAAAGCTGTCTGTTGTCT,40,4689547
ybiY_ybiW_predicted,0.47619047619047616,29,20,TATCCATATAAGGAAAGGAA,9,4690959
ybiY_ybiW_predicted,0.7142857142857143,34,20,TAGCACCTACGGCATCTCAA,14,4693633
ybiY_ybiW_predicted,1.4285714285714286,49,20,GTAACTAAACTTACGTCGGC,29,4697014
ybiY_ybiW_predicted,0.23809523809523808,24,20,GTAAAACTCGTTACACGCTT,4,4701957
ybiY_ybiW_predicted,3.5238095238095237,93,20,GGTTGTAGATCCTTGTCATT,73,4712733
ybiY_ybiW_predicted,0.5238095238095238,30,20,GGCTGCATGACCTTTCGACG,10,4714419
ybiY_ybiW_predicted,0.2857142857142857,25,20,GGAACTCTCGCGGACAATGT,5,4721795
ybiY_ybiW_predicted,0.09523809523809523,21,20,GCAGGACACACGTTGGATTA,1,4700875
ybiY_ybiW_predicted,0.5714285714285714,31,20,GCAACACGCGCAGCCCGTGT,11,4709212
ybiY_ybiW_predicted,0.5714285714285714,31,20,GATAACGAGTATCAGAGCAT,11,4694263
ybiY_ybiW_predicted,0.7142857142857143,34,20,GAGAAGTCATTCCATATGGT,14,4693545
ybiY_ybiW_predicted,0.7142857142857143,34,20,GAAAGCGCCACATCTTACTG,14,4696210
ybiY_ybiW_predicted,0.19047619047619047,23,20,CTTTGCGGCATCAGAACGTG,3,4720041
ybiY_ybiW_predicted,14.19047619047619,317,20,CTTGCTCAAGTTATATCCCA,297,4691420
ybiY_ybiW_predicted,1.0476190476190477,41,20,CTTAACCTTCCTATGGCGTC,21,4697492
ybiY_ybiW_predicted,0.47619047619047616,29,20,CTCATCATTTCCGGTGCATT,9,4696878
ybiY_ybiW_predicted,4.761904761904762,119,20,CGTGTAGCTGCCTATCACGT,99,4730780
ybiY_ybiW_predicted,0.38095238095238093,27,20,CGTATGGCGTTGCCTTATAA,7,4694708
ybiY_ybiW_predicted,1.5238095238095237,51,20,CGGGGACCAGTGGGTAAATT,31,4689535
ybiY_ybiW_predicted,0.8571428571428571,37,20,CGGCCCAGATCTGATGCGGT,17,4691163
ybiY_ybiW_predicted,0.14285714285714285,22,20,CGACGTTTTGTATCATGAGC,2,4710762
ybiY_ybiW_predicted,0.47619047619047616,29,20,CCTGTTAGATCGCAAGCTTG,9,4719373
ybiY_ybiW_predicted,0.9047619047619048,38,20,CCTATAGCAGCCCCCTTTTT,18,4697811
ybiY_ybiW_predicted,0.19047619047619047,23,20,CCGCTACAACAGGTGTACCA,3,4699850
ybiY_ybiW_predicted,0.7142857142857143,34,20,CATTCCAGGGTGTATGCGAC,14,4690114
ybiY_ybiW_predicted,0.6190476190476191,32,20,CACTGCCAACAGCCGGCGAG,12,4696306
ybiY_ybiW_predicted,0.5238095238095238,30,20,CACTGAGTGCACTATGTAAC,10,4710680
ybiY_ybiW_predicted,0.42857142857142855,28,20,CACACCAGCTTTATGGAATC,8,4714250
ybiY_ybiW_predicted,1.0476190476190477,41,20,CAACTCAATCAGGATAGTCG,21,4708720
ybiY_ybiW_predicted,0.6666666666666666,33,20,CAAACAGTCGGGCCTGTGTT,13,4723430
ybiY_ybiW_predicted,0.6190476190476191,32,20,ATTGCGGTCTCCACTTCAGT,12,4717750
ybiY_ybiW_predicted,0.42857142857142855,28,20,ATCTACGAATACTCAGACGA,8,4692473
ybiY_ybiW_predicted,0.38095238095238093,27,20,ATAGGTCCTAGGTGCTTGGC,7,4701906
ybiY_ybiW_predicted,0.5238095238095238,30,20,ATAATGCGCTACGGATGGCT,10,4690993
ybiY_ybiW_predicted,0.14285714285714285,22,20,AGTATCACAGTCCGCAAGTA,2,4709660
ybiY_ybiW_predicted,0.47619047619047616,29,20,AGTAATGGACTTTGAGCCGG,9,4722591
ybiY_ybiW_predicted,0.6666666666666666,33,20,AGGTCCAAGTCTCCTTGCTC,13,4718472
ybiY_ybiW_predicted,0.6666666666666666,33,20,AGCTGTCTAAGCGGAAAAAC,13,4694816
ybiY_ybiW_predicted,1.9047619047619047,59,20,ACTGGTCCGCCGTGGGTAGA,39,4719971
ybiY_ybiW_predicted,0.09523809523809523,21,20,ACTAATTGTAAAATTAGCCT,1,4705088
ybiY_ybiW_predicted,0.7619047619047619,35,20,ACGGTAATGTCCTACTTCTA,15,4699440
ybiY_ybiW_predicted,2.5714285714285716,73,20,ACGAGGTAACACGTGACTCA,53,4692372
ybiY_ybiW_predicted,11.428571428571429,259,20,ACCTTCCTCCAATTCAATGA,239,4729908
ybiY_ybiW_predicted,1.8095238095238095,57,20,ACAATCTCGAACGGGGAATA,37,4729268
ybiY_ybiW_predicted,0.19047619047619047,23,20,AAAGTGGCCAGCCTGTACAG,3,4690155
ybiY_ybiW_predicted,1.7,52,19,TTCTGCCTGCATCATGTAAT,33,4724702
ybiY_ybiW_predicted,2.0,58,19,TGGGCATGGGGATCTCGCTG,39,4714731
ybiY_ybiW_predicted,0.15,21,19,TGCCTATAGGCCTGGTACGG,2,4710990
ybiY_ybiW_predicted,0.8,34,19,TGAGCGCGTTAGGTGGCGAG,15,4696548
ybiY_ybiW_predicted,0.8,34,19,TGAAGGTCGAAGAGAGGGAA,15,4710596
ybiY_ybiW_predicted,1.2,42,19,TCTTCTCTCTCTACATCCCT,23,4716785
ybiY_ybiW_predicted,0.4,26,19,TCGGTACATACTGCTATGAA,7,4712403
ybiY_ybiW_predicted,1.05,39,19,TCATGCCTCATCGGCACATG,20,4689224
ybiY_ybiW_predicted,0.2,22,19,TCAAAGTGGGACCCTCCACA,3,4723983
ybiY_ybiW_predicted,0.1,20,19,TATGCCGGCCGCCTCGCCAC,1,4723314
ybiY_ybiW_predicted,2.6,70,19,TAGATATGGTATATTTCTAC,51,4699575
ybiY_ybiW_predicted,0.75,33,19,TAATGCCTTAGATGCTCGCA,14,4727866
ybiY_ybiW_predicted,1.3,44,19,GTTCATGCCACGCATCCCTG,25,4708617
ybiY_ybiW_predicted,0.35,25,19,GTCGGGTAGGTACGGATACG,6,4700477
ybiY_ybiW_predicted,0.65,31,19,GTAATGCGATAGTTAGAATA,12,4704748
ybiY_ybiW_predicted,0.25,23,19,GTAAAAGTGGCAAGTGTTGC,4,4723096
ybiY_ybiW_predicted,1.45,47,19,GGTGAATATCAACAATTGAT,28,4724544
ybiY_ybiW_predicted,0.75,33,19,GGCTCCTGCGACGTGACATT,14,4700491
ybiY_ybiW_predicted,0.55,29,19,GCTAGCGCATGTCAAATGGT,10,4701042
ybiY_ybiW_predicted,0.15,21,19,GCGGCAACGGCTCCTGAAGT,2,4720936
ybiY_ybiW_predicted,0.8,34,19,GCGCTCTGCCGCTTTCCGCT,15,4689494
ybiY_ybiW_predicted,5.95,137,19,GCGATGTTATCGTGGTATGT,118,4710790
ybiY_ybiW_predicted,1.15,41,19,GCCTATGGACTCGCTCACAA,22,4703807
ybiY_ybiW_predicted,0.75,33,19,GCCTAGGTCCCATCGTTGAC,14,4703267
ybiY_ybiW_predicted,0.55,29,19,GCCCTGAGGAAACTGGTTTC,10,4699618
ybiY_ybiW_predicted,0.1,20,19,GATGAAGGCGGTCCGATTCT,1,4691632
ybiY_ybiW_predicted,2.0,58,19,GAGCCGGCGAGTCATCTTAT,39,4694608
ybiY_ybiW_predicted,2.0,58,19,GACGTAGCGCGCCGACTGAA,39,4729227
ybiY_ybiW_predicted,0.65,31,19,CTTCGAACTGGGCTAGGAAG,12,4714870
ybiY_ybiW_predicted,0.2,22,19,CTGTAGAGAACGCATAAAGG,3,4725926
ybiY_ybiW_predicted,0.25,23,19,CTACTTGGGATCACTTCGTG,4,4700671
ybiY_ybiW_predicted,0.15,21,19,CGGGGGTCCCGTGCCTGCAT,2,4706873
ybiY_ybiW_predicted,2.8,74,19,CGAGCACCGGATCCCGAATT,55,4705618
ybiY_ybiW_predicted,0.35,25,19,CGAAGATACAGTTGGCTAAA,6,4724629
ybiY_ybiW_predicted,1.2,42,19,CCGTGCTTTTCTTAGAACTA,23,4695102
ybiY_ybiW_predicted,0.45,27,19,CCCGCGTGTCCGGCGTTATT,8,4707823
ybiY_ybiW_predicted,0.85,35,19,CCCAATCCGCGGCTTGAGAT,16,4722542
ybiY_ybiW_predicted,3.2,82,19,CCAGGTCCCGAGGCTCGATT,63,4727606
ybiY_ybiW_predicted,0.45,27,19,CCAATGTGTATTTAGGCCAG,8,4693177
ybiY_ybiW_predicted,0.85,35,19,CCAAATATGTGAACGAGAGG,16,4708821
ybiY_ybiW_predicted,0.3,24,19,CAGGTCATATTCTACAGACA,5,4726664
ybiY_ybiW_predicted,0.55,29,19,CAGGACTTGTAGTGTCATCT,10,4691563
ybiY_ybiW_predicted,0.6,30,19,CACCCCTTTCAAGACTCGTT,11,4706405
ybiY_ybiW_predicted,0.6,30,19,ATTCCCTATTCGACTTGTGG,11,4718471
ybiY_ybiW_predicted,0.5,28,19,ATTAGAGCTGCAAGGGTTAT,9,4690282
ybiY_ybiW_predicted,0.25,23,19,ATCGCCTTGGGAGTCTAGGG,4,4697625
ybiY_ybiW_predicted,0.5,28,19,ATATAGATCCAATTCAAGGG,9,4710554
ybiY_ybiW_predicted,0.9,36,19,ATACCAGCCACGCGTTTAGG,17,4727294
ybiY_ybiW_predicted,0.85,35,19,AGGCCTGCTATATCCTCTGA,16,4730633
ybiY_ybiW_predicted,0.9,36,19,AGGACTGCAGGCTTCAGGAT,17,4720450
ybiY_ybiW_predicted,0.45,27,19,AGACCGAGCCGGTCCCAGTA,8,4706600
ybiY_ybiW_predicted,1.2,42,19,AGACCCAGGTCGGCCGTCCA,23,4717064
ybiY_ybiW_predicted,0.45,27,19,ACTCCGACCAACAGCCTTGT,8,4701729
ybiY_ybiW_predicted,0.7,32,19,ACGTCTCAGCTACGGTGGTT,13,4712404
ybiY_ybiW_predicted,1.4,46,19,ACCCCCTCTGGAAGAATCCC,27,4709546
ybiY_ybiW_predicted,0.15,21,19,ACCCAAGTCACAGGATGACT,2,4708715
ybiY_ybiW_predicted,0.35,25,19,ACACGGGATCTTCGGGAAAG,6,4725870
ybiY_ybiW_predicted,0.15,21,19,AATCGCGCTGCGATCCTAGG,2,4708919
ybiY_ybiW_predicted,0.65,31,19,AATAGGACTTGTACCCGTGT,12,4690509
ybiY_ybiW_predicted,0.8,34,19,AACCGCCTTTTGTATGTCAG,15,4731122
ybiY_ybiW_predicted,0.2,22,19,AAACGTGTGGCACTGGCCTG,3,4690374
ybiY_ybiW_predicted,0.2,22,19,AAAACGACGGGGCTCAAGAA,3,4722195
ybiY_ybiW_predicted,3.1052631578947367,76,18,TTTTCTAGACCGGGTTAAGA,58,4714897
ybiY_ybiW_predicted,5.7894736842105265,127,18,TTTATGTCCTTCGCTAGACT,109,4709763
ybiY_ybiW_predicted,1.0,36,18,TTTAGCGGTGGGCTCATAGA,18,4696201
ybiY_ybiW_predicted,0.5263157894736842,27,18,TTGCGAGCACTTGCTCATTC,9,4690362
ybiY_ybiW_predicted,0.42105263157894735,25,18,TTGCGAAGGGGGATGAGGAA,7,4717778
ybiY_ybiW_predicted,9.421052631578947,196,18,TTGAGACCGGACGCGGCTCT,178,4697295
ybiY_ybiW_predicted,0.3684210526315789,24,18,TTCGCAATCGTTAGCATAAG,6,4722673
ybiY_ybiW_predicted,0.2631578947368421,22,18,TTATCGGACCCGACCACAGG,4,4694154
ybiY_ybiW_predicted,1.0526315789473684,37,18,TGTGGAAGTAGCTTCATTCA,19,4706054
ybiY_ybiW_predicted,0.3157894736842105,23,18,TGTCCTACGACTATAGACTC,5,4720751
ybiY_ybiW_predicted,0.6842105263157895,30,18,TGAGCACGACGGTTACTTAA,12,4706816
ybiY_ybiW_predicted,0.3684210526315789,24,18,TCTGATTAGGGAGATTGAGA,6,4688838
ybiY_ybiW_predicted,0.15789473684210525,20,18,TCGGGTCTTTAAATTTTCGC,2,4716362
ybiY_ybiW_predicted,0.15789473684210525,20,18,TCGCCACGCCGGTGCAGGAT,2,4712130
ybiY_ybiW_predicted,0.3684210526315789,24,18,TCCTCCTAGGATCCGCTAAG,6,4704538
ybiY_ybiW_predicted,2.526315789473684,65,18,TAGGCATGCAGTACGGGCGG,47,4692011
ybiY_ybiW_predicted,0.8947368421052632,34,18,TACTTAGTGGAGCCGAAAAC,16,4725892
ybiY_ybiW_predicted,20.68421052631579,410,18,TACCCCCACGGCCGTGCTGA,392,4719280
ybiY_ybiW_predicted,0.5263157894736842,27,18,TACATCCCTAGTCATCTTTG,9,4691014
ybiY_ybiW_predicted,0.3157894736842105,23,18,TAAGATGTTTGGGAGCTGAA,5,4703833
ybiY_ybiW_predicted,0.5263157894736842,27,18,GTTGAAATCAGCTCTAGCCT,9,4708530
ybiY_ybiW_predicted,0.7368421052631579,31,18,GTACGTCTCTTTGCAATGTC,13,4688624
ybiY_ybiW_predicted,1.105263157894737,38,18,GGGGTACCTCTGATACGAAT,20,4703716
ybiY_ybiW_predicted,6.631578947368421,143,18,GGCGATCTGCGGAAGCTGCA,125,4693722
ybiY_ybiW_predicted,0.6842105263157895,30,18,GGCCCGAATCTGAGCAGGTC,12,4702816
ybiY_ybiW_predicted,0.7368421052631579,31,18,GGACCTTGCTGAATATGGAG,13,4696265
ybiY_ybiW_predicted,0.7368421052631579,31,18,GCGACCAGGTGCCCATGAGT,13,4720669
ybiY_ybiW_predicted,0.5263157894736842,27,18,GCGAATTCCAGGGGACTTAA,9,4723679
ybiY_ybiW_predicted,0.5263157894736842,27,18,GCCGATTGCAGGAAACTTAA,9,4700100
ybiY_ybiW_predicted,0.3157894736842105,23,18,GCCAGGAGGTACATGAGGGG,5,4703393
ybiY_ybiW_predicted,0.2631578947368421,22,18,GCAGCCACACGGAATACAAG,4,4695246
ybiY_ybiW_predicted,0.3157894736842105,23,18,GATCCCAGGTCCCAAGGTAT,5,4698563
ybiY_ybiW_predicted,0.3157894736842105,23,18,GAGAGCTTGTATTGATATGT,5,4723020
ybiY_ybiW_predicted,1.105263157894737,38,18,GACGGCTGCTTGTGGTGACT,20,4696355
ybiY_ybiW_predicted,1.5263157894736843,46,18,CTTGAAAGTGTCTATCATCT,28,4704477
ybiY_ybiW_predicted,1.1578947368421053,39,18,CTGATTGGTTCCGTAACTGT,21,4698662
ybiY_ybiW_predicted,4.2105263157894735,97,18,CTGAAAATAAATGTTAACTT,79,4729433
ybiY_ybiW_predicted,0.3157894736842105,23,18,CTCGGAGCTGTCGGTCTCGT,5,4713522
ybiY_ybiW_predicted,0.2631578947368421,22,18,CTAGTACCGAAGGGACGTTT,4,4704564
ybiY_ybiW_predicted,1.631578947368421,48,18,CTACTACGTCCTCCAGCACT,30,4720871
ybiY_ybiW_predicted,0.8947368421052632,34,18,CGTCTTCGGATGGCATGTTC,16,4690642
ybiY_ybiW_predicted,16.0,321,18,CGGACCCGAGATCAAAATCG,303,4712730
ybiY_ybiW_predicted,2.1578947368421053,58,18,CGCACCTTCGAACAATTTAG,40,4695580
ybiY_ybiW_predicted,0.47368421052631576,26,18,CGATGGTTGGGAGTGAGGAT,8,4731123
ybiY_ybiW_predicted,1.1578947368421053,39,18,CCGGTAGAAAGAGGGCACGG,21,4711075
ybiY_ybiW_predicted,0.2631578947368421,22,18,CCGACAGAAAAGTAATTACC,4,4723599
ybiY_ybiW_predicted,0.42105263157894735,25,18,CCGAAGCTATATACTTACTG,7,4697472
ybiY_ybiW_predicted,0.10526315789473684,19,18,CCATTGTTAGTTACGTATGG,1,4716520
ybiY_ybiW_predicted,1.4736842105263157,45,18,CCAAGCTAGGTATAAGGCAA,27,4725567
ybiY_ybiW_predicted,1.105263157894737,38,18,CATCCTTGCAGCTGCATACA,20,4697579
ybiY_ybiW_predicted,0.5263157894736842,27,18,CAGTAGATGGGCTAACGGAT,9,4715877
ybiY_ybiW_predicted,0.42105263157894735,25,18,CAGAGAACCCTGACTGCTGT,7,4715180
ybiY_ybiW_predicted,0.3157894736842105,23,18,CACTTCGGGCTAGTACGGCA,5,4721621
ybiY_ybiW_predicted,0.5263157894736842,27,18,CACCAAGCCTTATGCCCTCT,9,4725983
ybiY_ybiW_predicted,0.8421052631578947,33,18,CACATAATTGTCGGATGTTT,15,4700002
ybiY_ybiW_predicted,0.5263157894736842,27,18,ATTGTAGCAACCGACGGATG,9,4722282
ybiY_ybiW_predicted,1.263157894736842,41,18,ATCGTCCACCTGAGGAGGCA,23,4730840
ybiY_ybiW_predicted,1.5789473684210527,47,18,ATAAGGAGGATCACCATTAC,29,4705009
ybiY_ybiW_predicted,0.47368421052631576,26,18,AGGAACGTGCTCCGCCTTAG,8,4710555
ybiY_ybiW_predicted,0.3684210526315789,24,18,ACGTTCTTTGTGATGGCAGG,6,4724515
ybiY_ybiW_predicted,1.736842105263158,50,18,ACGTGGTAAAGGTCCGTGAA,32,4729467
ybiY_ybiW_predicted,0.7894736842105263,32,18,ACGAGACCAAGCTTATACTG,14,4720555
ybiY_ybiW_predicted,2.0526315789473686,56,18,ACAGTTTGCTCCTCTCCTCG,38,4692112
ybiY_ybiW_predicted,1.5789473684210527,47,18,ACACTCCTCATGTGATTTAG,29,4721609
ybiY_ybiW_predicted,0.631578947368421,29,18,AATTATTGGTAGAATTTGCG,11,4726358
ybiY_ybiW_predicted,1.5789473684210527,47,18,AATGCAGTGCCCCTCAATTC,29,4723535
ybiY_ybiW_predicted,6.7368421052631575,145,18,AAGTTGACACTGTCCTTAAA,127,4699184
ybiY_ybiW_predicted,0.42105263157894735,25,18,AAGGGCCGGCGGCTCCGGGG,7,4721600
ybiY_ybiW_predicted,0.631578947368421,29,18,AAGCGCCCACTGATCCCAGT,11,4690543
ybiY_ybiW_predicted,0.6666666666666666,28,17,TTTGCCGCCGCAATGTCTTC,11,4729370
ybiY_ybiW_predicted,0.4444444444444444,24,17,TTGGGAGGGACGTATCCCAT,7,4693108
ybiY_ybiW_predicted,1.4444444444444444,42,17,TTATTATAATTTGACACTTT,25,4722531
ybiY_ybiW_predicted,0.5555555555555556,26,17,TGTCCGTCAACCGAGCTTGA,9,4692567
ybiY_ybiW_predicted,2.2222222222222223,56,17,TGGCTATAACCTCAGCTTTT,39,4690811
ybiY_ybiW_predicted,1.2222222222222223,38,17,TGATTGATCCCATGGTCAGT,21,4719630
ybiY_ybiW_predicted,0.7777777777777778,30,17,TGAGAGGCAAGAGTCATATA,13,4701236
ybiY_ybiW_predicted,1.0,34,17,TCGTTGGCATACTAGGGGGT,17,4714788
ybiY_ybiW_predicted,1.1666666666666667,37,17,TCGCGTCATCTTCAACGGGA,20,4714816
ybiY_ybiW_predicted,1.0555555555555556,35,17,TCGCAGTACTAAACCGGAAA,18,4728116
ybiY_ybiW_predicted,0.6666666666666666,28,17,TCGAGCCCGGGACTAAGTTA,11,4699510
ybiY_ybiW_predicted,0.7222222222222222,29,17,TCGACTGATTATCTTATTAA,12,4698925
ybiY_ybiW_predicted,1.1666666666666667,37,17,TCCGATTCCTAACGCAGAGC,20,4723881
ybiY_ybiW_predicted,0.2222222222222222,20,17,TCCAAGTCGCCAGCCGCCAT,3,4695477
ybiY_ybiW_predicted,0.5,25,17,TCATCGTGTCACTGGTAAGT,8,4698280
ybiY_ybiW_predicted,0.3333333333333333,22,17,TCACTGCGGCCCGCGGTGGG,5,4707907
ybiY_ybiW_predicted,0.5555555555555556,26,17,TATCTACAAACCATTCGGTA,9,4728779
ybiY_ybiW_predicted,0.7777777777777778,30,17,TATAATGGCCAAGGAAGGAA,13,4689843
ybiY_ybiW_predicted,1.0,34,17,TAGGCGCGCGCAGACTTTAG,17,4730284
ybiY_ybiW_predicted,0.7777777777777778,30,17,TAGGCAATGTTGCCGGTACG,13,4724884
ybiY_ybiW_predicted,0.7222222222222222,29,17,TACTGGCGGTAGCAAAGTCT,12,4706342
ybiY_ybiW_predicted,0.6666666666666666,28,17,TAATAGACGGAATCACCTCA,11,4693107
ybiY_ybiW_predicted,0.4444444444444444,24,17,GTTTGCAGATACGCTCGTAT,7,4703080
ybiY_ybiW_predicted,1.5555555555555556,44,17,GTTGCGTGGACATTACCTGT,27,4732498
ybiY_ybiW_predicted,0.5,25,17,GTAGCTACCTGATGCCCCTG,8,4704866
ybiY_ybiW_predicted,0.16666666666666666,19,17,GGTCGCGAGAGGGGGTCACT,2,4725874
ybiY_ybiW_predicted,1.4444444444444444,42,17,GGTATCTTTACGGTAATCCA,25,4709158
ybiY_ybiW_predicted,0.8888888888888888,32,17,GGGGCGAACAGCTGTCTGTA,15,4696508
ybiY_ybiW_predicted,0.2777777777777778,21,17,GGGCGAAGATGTTATGAGAA,4,4694229
ybiY_ybiW_predicted,0.7777777777777778,30,17,GGCTCATGCACCACGTCAGC,13,4712700
ybiY_ybiW_predicted,4.0,88,17,GGCGCATCAACAGAGGGGTA,71,4721175
ybiY_ybiW_predicted,0.4444444444444444,24,17,GGCCCGACGCCTCGTGGGTC,7,4690909
ybiY_ybiW_predicted,0.6111111111111112,27,17,GGACTCGGGCGGCAGATAGT,10,4714515
ybiY_ybiW_predicted,0.6111111111111112,27,17,GCATGATAACCTGCCGTGAA,10,4726536
ybiY_ybiW_predicted,0.7222222222222222,29,17,GCAGCTAGGCCTGGCGTAAA,12,4731631
ybiY_ybiW_predicted,0.3333333333333333,22,17,GATAATGTTCAAAGGCCGTG,5,4698887
ybiY_ybiW_predicted,0.2777777777777778,21,17,GAAGCTAGGTCGCAGGTCTG,4,4730111
ybiY_ybiW_predicted,0.6111111111111112,27,17,CTGGCCTGGCCAAGTAACTT,10,4705947
ybiY_ybiW_predicted,25.88888888888889,482,17,CTGCGCGTAACAGCGAATGT,465,4707610
ybiY_ybiW_predicted,1.0555555555555556,35,17,CTATGGTGTTGACACAGCTC,18,4724492
ybiY_ybiW_predicted,0.7222222222222222,29,17,CTACAGAGCCCTATTTAAGT,12,4707271
ybiY_ybiW_predicted,0.3333333333333333,22,17,CGTTTCGCTTAGCTCTGTGA,5,4695251
ybiY_ybiW_predicted,0.5555555555555556,26,17,CGTGGTCCGGGAGGTACGGC,9,4706052
ybiY_ybiW_predicted,1.6111111111111112,45,17,CGGACCAGCCACACTGAGAG,28,4722147
ybiY_ybiW_predicted,16.444444444444443,312,17,CGCCATAGCTCAGCCGGCCT,295,4716434
ybiY_ybiW_predicted,0.2222222222222222,20,17,CGCAAGCACTCATTACATGA,3,4690610
ybiY_ybiW_predicted,0.3333333333333333,22,17,CGCAACGCTTCCGGGGTACC,5,4696005
ybiY_ybiW_predicted,38.0,700,17,CGATCCAGTCCATAGTTTGT,683,4708083
ybiY_ybiW_predicted,0.3333333333333333,22,17,CCTCAACACCCGCCTGGCAG,5,4722951
ybiY_ybiW_predicted,0.5,25,17,CCGGCCGTCATTCCATCTGT,8,4731971
ybiY_ybiW_predicted,0.7222222222222222,29,17,CCCGGCGCAGGTGTATAGCT,12,4692085
ybiY_ybiW_predicted,0.6666666666666666,28,17,CCCATTTCTCTCGGGCGTAG,11,4731066
ybiY_ybiW_predicted,0.2777777777777778,21,17,CCATTGCCTGAAGTGTAAGT,4,4694019
ybiY_ybiW_predicted,1.7777777777777777,48,17,CCAGTGTTAACAAAATCGCT,31,4688582
ybiY_ybiW_predicted,0.1111111111111111,18,17,CCAACAGACGGTCCTCCATA,1,4688861
ybiY_ybiW_predicted,1.9444444444444444,51,17,CATTTTGTCGGCGGGGAATA,34,4712104
ybiY_ybiW_predicted,4.166666666666667,91,17,CATTCGAGCCGCAGTGGCCA,74,4716237
ybiY_ybiW_predicted,0.2222222222222222,20,17,CAGTGCTCCGTTGATAAAGG,3,4717421
ybiY_ybiW_predicted,0.3888888888888889,23,17,CAGTCCCGCAACGTGGGCTC,6,4711291
ybiY_ybiW_predicted,0.1111111111111111,18,17,CACTCGCGAGAAGCATAAAG,1,4713203
ybiY_ybiW_predicted,0.5,25,17,CACGTAATATGTTCAGGCCT,8,4700400
ybiY_ybiW_predicted,1.5555555555555556,44,17,CACCGGCGCAGTACAGATAT,27,4719335
ybiY_ybiW_predicted,0.5555555555555556,26,17,CAATACGTGCCGTGCTTGGT,9,4720789
ybiY_ybiW_predicted,1.5555555555555556,44,17,CAAGCCCACAATCTTAGTAT,27,4715529
ybiY_ybiW_predicted,0.2222222222222222,20,17,CAACCACGCCGCCAGCACAT,3,4722685
ybiY_ybiW_predicted,0.3333333333333333,22,17,CAAATTTTCCTACTAACCAG,5,4698767
ybiY_ybiW_predicted,0.2777777777777778,21,17,CAAAGAGTTTAGTCCTTAAC,4,4710416
ybiY_ybiW_predicted,1.0,34,17,ATTTACCACCATGATCACAC,17,4725641
ybiY_ybiW_predicted,0.16666666666666666,19,17,ATGGTGACAAGGATAAGCAA,2,4711546
ybiY_ybiW_predicted,0.5,25,17,ATGGTCGCTCTTACCCTCGG,8,4703413
ybiY_ybiW_predicted,0.8333333333333334,31,17,ATGGCAAGCGTCTTCCTTAA,14,4717785
ybiY_ybiW_predicted,0.6111111111111112,27,17,ATCTTTATCACGATGAGGCA,10,4717294
ybiY_ybiW_predicted,0.8888888888888888,32,17,ATACTTTCGTTGTGGTCTCT,15,4702905
ybiY_ybiW_predicted,1.3333333333333333,40,17,ATACTAGACTTAGACTCCGA,23,4728861
ybiY_ybiW_predicted,0.5,25,17,AGTTAATTGACGACAGGCGC,8,4696033
ybiY_ybiW_predicted,0.5,25,17,AGGTCTAGAAGTCCGTTAGT,8,4699318
ybiY_ybiW_predicted,0.8888888888888888,32,17,AGGTCGGCGACTGCTTTCTG,15,4723135
ybiY_ybiW_predicted,0.4444444444444444,24,17,AGGGTCACAGCGCCCTGCTG,7,4715164
ybiY_ybiW_predicted,0.6111111111111112,27,17,AGGGATAGGCCTAACAGCAT,10,4696425
ybiY_ybiW_predicted,0.7222222222222222,29,17,AGGAAGCCGGGACACTGATT,12,4708653
ybiY_ybiW_predicted,4.888888888888889,104,17,AGCGACCCTATACTTAACCC,87,4690817
ybiY_ybiW_predicted,0.8333333333333334,31,17,AGATTGGAGTACCCCTGTTA,14,4715286
ybiY_ybiW_predicted,0.7777777777777778,30,17,AGAGAGACTTTAGTGTACAA,13,4718552
ybiY_ybiW_predicted,0.16666666666666666,19,17,ACTGAATGATACTAAGTATC,2,4702771
ybiY_ybiW_predicted,0.3888888888888889,23,17,ACTCGAGCAAGGTACACTCC,6,4700281
ybiY_ybiW_predicted,1.1111111111111112,36,17,ACTATGTGAGACTGAATCGT,19,4722457
ybiY_ybiW_predicted,1.0555555555555556,35,17,ACTAGACTTCTGGGAGTCTG,18,4713681
ybiY_ybiW_predicted,0.5,25,17,ACGGGCACGATTGAGCGATT,8,4700084
ybiY_ybiW_predicted,0.5,25,17,ACGATAGAGCATTTCCACTT,8,4708782
ybiY_ybiW_predicted,0.16666666666666666,19,17,ACCCCATACCAGATCTCGTG,2,4695601
ybiY_ybiW_predicted,1.3888888888888888,41,17,ACACCTAGCGTCTCGCAGAC,24,4726406
ybiY_ybiW_predicted,0.1111111111111111,18,17,AATTAATGCACTGAGGTAGT,1,4726479
ybiY_ybiW_predicted,0.2222222222222222,20,17,AAGACTTTGCCGGAGTGAGG,3,4723140
ybiY_ybiW_predicted,0.3333333333333333,22,17,AACTTAGACAAGATTCAAAG,5,4726060
ybiY_ybiW_predicted,0.7222222222222222,29,17,AACTGGATGATCTGAATGAA,12,4704808
ybiY_ybiW_predicted,0.3333333333333333,22,17,AACTCACACGCCTCTTGAAG,5,4720592
ybiY_ybiW_predicted,0.5555555555555556,26,17,AAATGGGCACGGTACACCAA,9,4696808
ybiY_ybiW_predicted,0.7647058823529411,28,16,TTTTGATAACGCGCTCGACG,12,4690708
ybiY_ybiW_predicted,0.8823529411764706,30,16,TTTATTTGTATAGTCTGTAG,14,4718576
ybiY_ybiW_predicted,0.8235294117647058,29,16,TTCTCAACGATGACACTTTT,13,4705394
ybiY_ybiW_predicted,0.17647058823529413,18,16,TTCCAGCTTGGGGTAAACAA,2,4711177
ybiY_ybiW_predicted,1.3529411764705883,38,16,TTCAATGATGCGGCGTGCGA,22,4701335
ybiY_ybiW_predicted,1.7647058823529411,45,16,TTAAAGTATACTCCGTTTGA,29,4705011
ybiY_ybiW_predicted,0.8235294117647058,29,16,TGGAACGAAATCCTGAGAAC,13,4703254
ybiY_ybiW_predicted,1.8823529411764706,47,16,TGCCGATGGTTGCGTCCATC,31,4713991
ybiY_ybiW_predicted,0.6470588235294118,26,16,TGAGTTGAAGTACTATGTGT,10,4708025
ybiY_ybiW_predicted,11.117647058823529,204,16,TGAGGCCCTAGGAATGTGAA,188,4721981
ybiY_ybiW_predicted,0.8235294117647058,29,16,TGACGATAGATTTCTTTCGA,13,4695256
ybiY_ybiW_predicted,0.5294117647058824,24,16,TGACCTGATCTGGAATGGGT,8,4690682
ybiY_ybiW_predicted,0.35294117647058826,21,16,TGACCAAGGAGTGCGTAGGA,5,4721901
ybiY_ybiW_predicted,2.0588235294117645,50,16,TCTACTCTGTACATCGCAGA,34,4721177
ybiY_ybiW_predicted,1.7058823529411764,44,16,TCGCAGCCCGGCAAGATTCA,28,4715494
ybiY_ybiW_predicted,0.5294117647058824,24,16,TCGCAAAAGTATCAATGTGA,8,4723584
ybiY_ybiW_predicted,0.35294117647058826,21,16,TCCCACGTAATTCGGGAGAT,5,4720857
ybiY_ybiW_predicted,0.47058823529411764,23,16,TAGGCCGTGTGCCAGAAGAC,7,4718210
ybiY_ybiW_predicted,0.6470588235294118,26,16,TACGTGCTTGATGAACGCGT,10,4718553
ybiY_ybiW_predicted,0.7058823529411765,27,16,TACGCTCCTCGGTCATTTTT,11,4693617
ybiY_ybiW_predicted,0.35294117647058826,21,16,TACGAGTTAACAATTTAGAA,5,4714141
ybiY_ybiW_predicted,0.17647058823529413,18,16,GTTGGTAACAGGGGTAGTAT,2,4704185
ybiY_ybiW_predicted,1.0588235294117647,33,16,GTGCAAACGGCATTCTGTAG,17,4723047
ybiY_ybiW_predicted,0.47058823529411764,23,16,GTGAATTTAGTTATCGGCCT,7,4713951
ybiY_ybiW_predicted,0.29411764705882354,20,16,GTCGGGGATAACTAAGCTAA,4,4691879
ybiY_ybiW_predicted,0.5882352941176471,25,16,GTCAGGTGCACATCATGCGA,9,4724490
ybiY_ybiW_predicted,0.8823529411764706,30,16,GTATTGTGTTTCCTGCTCTA,14,4689259
ybiY_ybiW_predicted,0.17647058823529413,18,16,GTATAGTCTAGGAGGGACCA,2,4688767
ybiY_ybiW_predicted,7.352941176470588,140,16,GGTTCATGCATAAGGTGGTA,124,4697310
ybiY_ybiW_predicted,1.411764705882353,39,16,GGTGACTAGCTAATTCACCA,23,4715149
ybiY_ybiW_predicted,0.5882352941176471,25,16,GGGTAAACCTTATGCCGACT,9,4725283
ybiY_ybiW_predicted,0.4117647058823529,22,16,GGCGTTTTTTTAACCCCCTC,6,4690848
ybiY_ybiW_predicted,0.11764705882352941,17,16,GGCGTCTATCTCGCTGCAAT,1,4708500
ybiY_ybiW_predicted,0.7647058823529411,28,16,GGCGTCCGACAAACATAATT,12,4703256
ybiY_ybiW_predicted,0.47058823529411764,23,16,GGCATGCGACGACCTTTGAT,7,4690012
ybiY_ybiW_predicted,0.17647058823529413,18,16,GGATAGGCGGAGTACACAGG,2,4704893
ybiY_ybiW_predicted,1.0588235294117647,33,16,GGAGTAAGTTCCGGATCTAG,17,4702468
ybiY_ybiW_predicted,0.7647058823529411,28,16,GGAACATCAGCTTCGTTCAA,12,4713367
ybiY_ybiW_predicted,1.411764705882353,39,16,GGAAACTCAGGGTAGGATTG,23,4712469
ybiY_ybiW_predicted,1.8235294117647058,46,16,GCTGGCAACATTCTTAGTCA,30,4724477
ybiY_ybiW_predicted,0.7058823529411765,27,16,GCTGAGTGGTTGCTAGCAAA,11,4699044
ybiY_ybiW_predicted,1.3529411764705883,38,16,GCTCGCGCACACCGTTACGT,22,4720420
ybiY_ybiW_predicted,11.823529411764707,216,16,GCCCGTCTTTTCGAGTTTCT,200,4710799
ybiY_ybiW_predicted,3.411764705882353,73,16,GCCATGCGGTTATACTTGCT,57,4721226
ybiY_ybiW_predicted,0.6470588235294118,26,16,GCCACAATTGATGGCTACGT,10,4730585
ybiY_ybiW_predicted,1.8823529411764706,47,16,GCAGGTGTTCTGGCATGAGC,31,4732016
ybiY_ybiW_predicted,0.8823529411764706,30,16,GCACACTGATCACTTCCCGA,14,4715109
ybiY_ybiW_predicted,0.8823529411764706,30,16,GATTATCCCGAGACGCAGTG,14,4692247
ybiY_ybiW_predicted,0.9411764705882353,31,16,GATGAGTCCAGGTTATCGTA,15,4713423
ybiY_ybiW_predicted,0.4117647058823529,22,16,GAGTAATTGAGGCCGGGGAA,6,4730700
ybiY_ybiW_predicted,0.29411764705882354,20,16,GAGGGAGGTCCGGCTGAGAC,4,4700672
ybiY_ybiW_predicted,1.3529411764705883,38,16,GAGGCCTGTTCAGGTACATC,22,4692206
ybiY_ybiW_predicted,0.6470588235294118,26,16,CTTTATGGACCCAGTTTTTC,10,4710493
ybiY_ybiW_predicted,0.11764705882352941,17,16,CTTCATCAAATTTCTGGCTC,1,4708501
ybiY_ybiW_predicted,0.23529411764705882,19,16,CTTAAAGGAGGGGGTGACAT,3,4717051
ybiY_ybiW_predicted,0.11764705882352941,17,16,CTGCATGACAATCGCTGCAG,1,4692216
ybiY_ybiW_predicted,0.23529411764705882,19,16,CTATGGCCGCGCTTGATCCT,3,4720862
ybiY_ybiW_predicted,0.47058823529411764,23,16,CTATGAGGTTTCCACCTAGT,7,4689210
ybiY_ybiW_predicted,0.17647058823529413,18,16,CGTCCCGAAGACTGCCACGA,2,4713356
ybiY_ybiW_predicted,0.8235294117647058,29,16,CGTCATGCGCGAAAGCTCTG,13,4696356
ybiY_ybiW_predicted,16.0,287,16,CGGTGGGCTGTAATGCCAAA,271,4700029
ybiY_ybiW_predicted,0.29411764705882354,20,16,CGGTAAGAAGCATTTCTGAT,4,4691728
ybiY_ybiW_predicted,0.17647058823529413,18,16,CGGGATGGGATGTACCGAGT,2,4725443
ybiY_ybiW_predicted,2.411764705882353,56,16,CCTTCAGCATCAGTATTGCT,40,4713598
ybiY_ybiW_predicted,0.35294117647058826,21,16,CCTCTACCTAGGATTGTATG,5,4695732
ybiY_ybiW_predicted,0.35294117647058826,21,16,CCTATATAGCTACTAGGTAA,5,4721375
ybiY_ybiW_predicted,0.5294117647058824,24,16,CCGTTTTAAGCCGGTAACCG,8,4719968
ybiY_ybiW_predicted,0.7647058823529411,28,16,CCGTGGAATATATGGTACAA,12,4725869
ybiY_ybiW_predicted,0.5294117647058824,24,16,CCGTCTCCAGATCAGGCGTC,8,4699669
ybiY_ybiW_predicted,0.7647058823529411,28,16,CCGAATATGTGAGATTTTTT,12,4696414
ybiY_ybiW_predicted,0.5294117647058824,24,16,CCCTAGCTCCAGCAAGCAAT,8,4713486
ybiY_ybiW_predicted,0.8823529411764706,30,16,CCCGAACATCCGTACGAGAT,14,4697670
ybiY_ybiW_predicted,2.0588235294117645,50,16,CCCCAGTAGTTGGATACCTG,34,4728956
ybiY_ybiW_predicted,2.764705882352941,62,16,CCACGCATATATACCTTTTT,46,4715478
ybiY_ybiW_predicted,1.4705882352941178,40,16,CAGGTAACAGGAGGGTGGCT,24,4702935
ybiY_ybiW_predicted,0.11764705882352941,17,16,CACAATCGTGCCCACAGCGA,1,4692896
ybiY_ybiW_predicted,84.41176470588235,1450,16,CAACCGCCATCGTATACCCC,1434,4700023
ybiY_ybiW_predicted,0.47058823529411764,23,16,ATTGGTGCTAACACCACAGC,7,4729944
ybiY_ybiW_predicted,1.1176470588235294,34,16,ATTATCAATCGCGCCATCCT,18,4724628
ybiY_ybiW_predicted,0.4117647058823529,22,16,ATGATTGGGTGGGAGTGAAT,6,4701977
ybiY_ybiW_predicted,0.5882352941176471,25,16,ATGAATCCTTTGCCAGGTAA,9,4712615
ybiY_ybiW_predicted,0.17647058823529413,18,16,ATGAATACTGGAGCGACGCC,2,4696657
ybiY_ybiW_predicted,1.0,32,16,ATCCTTGATAGTGAGTACGC,16,4708826
ybiY_ybiW_predicted,0.5882352941176471,25,16,ATCAACCACACTGGCTCAAT,9,4720464
ybiY_ybiW_predicted,9.647058823529411,179,16,AGTGCACCTCCCAGGTGTTA,163,4708089
ybiY_ybiW_predicted,0.35294117647058826,21,16,AGGCCGTAACATATCCAATA,5,4691668
ybiY_ybiW_predicted,0.5294117647058824,24,16,AGCAGAACGGGACGTGTTAT,8,4716675
ybiY_ybiW_predicted,0.6470588235294118,26,16,AGAGGGATGTTGTGTTACTG,10,4725825
ybiY_ybiW_predicted,1.3529411764705883,38,16,ACTCAGAATCTGACGATCTG,22,4700167
ybiY_ybiW_predicted,0.8235294117647058,29,16,ACTATATCACCGATTACAGC,13,4693921
ybiY_ybiW_predicted,0.6470588235294118,26,16,ACGAAATTAAAACGTGGTCT,10,4724174
ybiY_ybiW_predicted,1.1764705882352942,35,16,ACCTCTCAGAGCCTGTATTT,19,4722092
ybiY_ybiW_predicted,1.0,32,16,ACAGCTCGCTGTGGCGGCTA,16,4697473
ybiY_ybiW_predicted,4.294117647058823,88,16,AACTGGCCTTTGTAGTCGAC,72,4699930
ybiY_ybiW_predicted,0.6470588235294118,26,16,AACGGGCATTTTCTGCAGTT,10,4709307
ybiY_ybiW_predicted,1.0588235294117647,33,16,AACGACTCAGAATGCCATTC,17,4722259
ybiY_ybiW_predicted,0.17647058823529413,18,16,AACCCTGTAGTGATAGTGTT,2,4689020
ybiY_ybiW_predicted,0.47058823529411764,23,16,AACAGGGACCGACCCAGGCC,7,4705222
ybiY_ybiW_predicted,1.588235294117647,42,16,AACAATGACGCGAATCTTTT,26,4706102
ybiY_ybiW_predicted,0.5294117647058824,24,16,AAATTAATGGAAGCAAATCT,8,4697157
ybiY_ybiW_predicted,1.0,32,16,AAACCGGTACACTGTTGGGT,16,4689899
ybiY_ybiW_predicted,0.35294117647058826,21,16,AAACAGGATCCATGTCCCGA,5,4693238
ybiY_ybiW_predicted,0.9375,29,15,TTGCGGTAAAGTTCTATTCT,14,4716354
ybiY_ybiW_predicted,0.375,20,15,TTCAATATGATAGCACGCCA,5,4707359
ybiY_ybiW_predicted,0.3125,19,15,TTACATTTATGAGCGGCCAT,4,4706058
ybiY_ybiW_predicted,0.125,16,15,TGTTCACCGTAAGTGATTCT,1,4706517
ybiY_ybiW_predicted,3.3125,67,15,TGACCTTTAAGGTGTCGAGG,52,4732364
ybiY_ybiW_predicted,0.125,16,15,TCTGCTTAAGACACTCGCCC,1,4693162
ybiY_ybiW_predicted,0.9375,29,15,TCTGCGCGCCTCTTCAGCGG,14,4712820
ybiY_ybiW_predicted,0.125,16,15,TCGTTGGCGTTAACATTATG,1,4732688
ybiY_ybiW_predicted,0.375,20,15,TCGTCGATAGCGTAGCTCCA,5,4701189
ybiY_ybiW_predicted,0.1875,17,15,TCGCGAAGTGATATGTAGGT,2,4724053
ybiY_ybiW_predicted,1.3125,35,15,TCATCCGGAGCCATGAGCTT,20,4705357
ybiY_ybiW_predicted,0.6875,25,15,TCAACGCTCTATTAGTTCGT,10,4697637
ybiY_ybiW_predicted,1.9375,45,15,TATTCGGCAATGGCCATAAC,30,4721614
ybiY_ybiW_predicted,1.1875,33,15,TATCTTTAAAATTGTATAAA,18,4697511
ybiY_ybiW_predicted,0.125,16,15,TATCACTAATACGCGTTTCT,1,4709337
ybiY_ybiW_predicted,2.0625,47,15,TATAGGTGGTCGTCAGCGTG,32,4694603
ybiY_ybiW_predicted,0.6875,25,15,TACTTGAAGTGAGCTAAACC,10,4720741
ybiY_ybiW_predicted,0.375,20,15,TACCCCAAATTAGTAAGATT,5,4704064
ybiY_ybiW_predicted,1.4375,37,15,TAATCCAGGCCGCAACGCGT,22,4693145
ybiY_ybiW_predicted,1.9375,45,15,TAAGGCCTTTGATGGATTGA,30,4702179
ybiY_ybiW_predicted,0.8125,27,15,TAAGATTGTCTATGTCGAAT,12,4713168
ybiY_ybiW_predicted,1.3125,35,15,TAACTTAGGACCTCCGTGCT,20,4713334
ybiY_ybiW_predicted,0.375,20,15,TAAAATGCAAACAGTCAGTA,5,4707507
ybiY_ybiW_predicted,0.1875,17,15,GTTCTAAGTTCAACCGGCTC,2,4697199
ybiY_ybiW_predicted,1.25,34,15,GTGACCTCCTTAGGGAGGAA,19,4690118
ybiY_ybiW_predicted,2.0625,47,15,GTCTCTTAGATTGTAGTCAC,32,4706137
ybiY_ybiW_predicted,0.6875,25,15,GTAGGGTGGATTTCTCACGT,10,4689198
ybiY_ybiW_predicted,1.3125,35,15,GGTCATGCTTCGGCGTTAGA,20,4696555
ybiY_ybiW_predicted,0.6875,25,15,GGGTGTCGAACGTCAGACAA,10,4714155
ybiY_ybiW_predicted,0.5625,23,15,GGCTAGATTAATCCGTCTTT,8,4700593
ybiY_ybiW_predicted,0.625,24,15,GGCGTAGACATATGGCGTCA,9,4700296
ybiY_ybiW_predicted,1.3125,35,15,GGCGATCAACGGGCTTTACT,20,4731528
ybiY_ybiW_predicted,2.0625,47,15,GGCCTAATGGTTGGTATCAT,32,4699721
ybiY_ybiW_predicted,0.25,18,15,GGATTCAAGGTTTTTCGCGT,3,4714834
ybiY_ybiW_predicted,0.25,18,15,GGAGGGTCACACAATCGGAG,3,4691798
ybiY_ybiW_predicted,1.375,36,15,GGAGGGCACAAGTACAATAG,21,4729920
ybiY_ybiW_predicted,0.375,20,15,GCTTGGTAAGTTAAAATGAT,5,4692898
ybiY_ybiW_predicted,0.9375,29,15,GCTCCTCACCGTACAAGCAA,14,4709071
ybiY_ybiW_predicted,1.1875,33,15,GCGGTCAGGAGTCGGTTTTA,18,4717848
ybiY_ybiW_predicted,2.0,46,15,GCCCGACGTCTATTTAATTT,31,4714359
ybiY_ybiW_predicted,1.4375,37,15,GCAGGGTGCTTTGGCTATTC,22,4719852
ybiY_ybiW_predicted,0.125,16,15,GCAACTCCTTAGTACGCAGT,1,4702622
ybiY_ybiW_predicted,6.3125,115,15,GATTACCTTATTATGAAATC,100,4710684
ybiY_ybiW_predicted,0.1875,17,15,GAGATACAGTTCCGCGGGTC,2,4707960
ybiY_ybiW_predicted,0.3125,19,15,GACTGCACAAGGAGGGCGAT,4,4692287
ybiY_ybiW_predicted,0.8125,27,15,GACGTCCTTGATTGGTTTCA,12,4713379
ybiY_ybiW_predicted,0.5625,23,15,GACCCACCATCATAAGGACA,8,4722419
ybiY_ybiW_predicted,0.5625,23,15,GAATCGTTTTACTTACAGAC,8,4731885
ybiY_ybiW_predicted,1.3125,35,15,CTGAACTATTCGTCTAACCC,20,4716175
ybiY_ybiW_predicted,0.375,20,15,CTCGCCGCGATTGATTGTCT,5,4705695
ybiY_ybiW_predicted,1.6875,41,15,CTCCTATCAGCTTAACCCTG,26,4700804
ybiY_ybiW_predicted,0.5,22,15,CTAGCAGTGGTGGTCTCCCC,7,4696037
ybiY_ybiW_predicted,1.625,40,15,CGTTCTCCTTTTGCAGCGGC,25,4709882
ybiY_ybiW_predicted,1.625,40,15,CGTGGAAGTCCATTCTATGC,25,4695877
ybiY_ybiW_predicted,2.0625,47,15,CGTGCAGTGCTCCCAACCAG,32,4726476
ybiY_ybiW_predicted,0.25,18,15,CGTACAAGCTCGGAGTTACA,3,4702297
ybiY_ybiW_predicted,0.5,22,15,CGGGCAGTTGAGACTGGCTT,7,4705494
ybiY_ybiW_predicted,0.5,22,15,CGCCTATGATGTGTGGGGAT,7,4730809
ybiY_ybiW_predicted,1.625,40,15,CGCACCATGCAGTGTGCTGA,25,4730658
ybiY_ybiW_predicted,0.5625,23,15,CGACCCGCACCAAATAGTAA,8,4715206
ybiY_ybiW_predicted,0.3125,19,15,CGAATCTAGGCGAAGTTGTA,4,4701126
ybiY_ybiW_predicted,0.4375,21,15,CCTTCCCTACGGGTAGAGTT,6,4698057
ybiY_ybiW_predicted,0.375,20,15,CCTGAAGCGCCCCGGTTTGT,5,4724959
ybiY_ybiW_predicted,0.5625,23,15,CCTATGGGGTCACAAAAGAA,8,4695028
ybiY_ybiW_predicted,0.375,20,15,CCGGGGTGGCGAACCATTGC,5,4720022
ybiY_ybiW_predicted,0.3125,19,15,CCGGCATCGTCCAGGTATCT,4,4710819
ybiY_ybiW_predicted,0.5,22,15,CCGCGGACATACCTATACAT,7,4720459
ybiY_ybiW_predicted,1.4375,37,15,CCCTCCTGTGCTGTGAATTA,22,4718813
ybiY_ybiW_predicted,1.125,32,15,CCCGAATGTTTAAGAAGCGT,17,4706511
ybiY_ybiW_predicted,0.25,18,15,CCCCAAGCAAGAGCGAGCCT,3,4718513
ybiY_ybiW_predicted,0.125,16,15,CCCATACCATACGCGTTACG,1,4707746
ybiY_ybiW_predicted,0.1875,17,15,CCAGCATTAGCATCTACGGC,2,4712868
ybiY_ybiW_predicted,1.1875,33,15,CCAGAACATTGGCATTCACA,18,4704187
ybiY_ybiW_predicted,0.4375,21,15,CCACTGTTTGGCGAACGGCC,6,4710820
ybiY_ybiW_predicted,1.0625,31,15,CATTTGTGTCCCTTAGGCTT,16,4706877
ybiY_ybiW_predicted,1.375,36,15,CAGTGGACACGCCTGATTCG,21,4705616
ybiY_ybiW_predicted,0.625,24,15,CAGTGATGTTTGGCCCCCAG,9,4721528
ybiY_ybiW_predicted,1.0625,31,15,CAGAATGGATGCTCCGCTTT,16,4713692
ybiY_ybiW_predicted,0.875,28,15,CACGGCCACTAACACGACTA,13,4713305
ybiY_ybiW_predicted,0.8125,27,15,CAACTCTTAAGCTTTTGTCA,12,4691335
ybiY_ybiW_predicted,1.375,36,15,ATTTCGGCATCTAGACTCTG,21,4725003
ybiY_ybiW_predicted,0.6875,25,15,ATGTGATCCGGGTACAATGA,10,4698886
ybiY_ybiW_predicted,0.625,24,15,ATGTCCGTTCTAATATGCTC,9,4729326
ybiY_ybiW_predicted,0.3125,19,15,ATGGGCACATATTGAAGATG,4,4693817
ybiY_ybiW_predicted,1.3125,35,15,ATGGGCAACATGCACACGCT,20,4714724
ybiY_ybiW_predicted,0.3125,19,15,ATGGAAGTCAGAATAGGAAT,4,4715801
ybiY_ybiW_predicted,1.1875,33,15,ATCGTTTGTTATGGGTCGAA,18,4712222
ybiY_ybiW_predicted,0.9375,29,15,ATCAGTTAGCGGTTGCGTGG,14,4708417
ybiY_ybiW_predicted,1.625,40,15,ATCACGTGGAGTCTGGTAAT,25,4709234
ybiY_ybiW_predicted,0.75,26,15,ATATAACGTTGGGAATCGAT,11,4724539
ybiY_ybiW_predicted,1.0625,31,15,ATAATCAGGTTTGATATCAA,16,4695883
ybiY_ybiW_predicted,0.5,22,15,ATAACGGTATCACAAAGAGC,7,4732542
ybiY_ybiW_predicted,0.75,26,15,AGGTCGTTGTGAGTTCATAA,11,4729233
ybiY_ybiW_predicted,0.875,28,15,AGGCCGAGATAACAAGGAAA,13,4704567
ybiY_ybiW_predicted,0.25,18,15,AGCTAAGAGTCTAATTACTT,3,4688652
ybiY_ybiW_predicted,0.4375,21,15,AGCAAGAATACCTTTAAGAT,6,4697883
ybiY_ybiW_predicted,0.6875,25,15,AGAGGAGATAAGGCAGATGG,10,4695250
ybiY_ybiW_predicted,1.0625,31,15,AGAAAACGGGAGTTACCCCA,16,4714723
ybiY_ybiW_predicted,0.75,26,15,ACTTATGATAAAATGGTTTC,11,4691648
ybiY_ybiW_predicted,9.625,168,15,ACTGTAGTGCGGTACCCAGT,153,4697286
ybiY_ybiW_predicted,0.25,18,15,ACAGCGCAATCGCCTGTCGG,3,4692012
ybiY_ybiW_predicted,2.0625,47,15,ACACGTCAGCGAGCTCCCAG,32,4689001
ybiY_ybiW_predicted,2.6875,57,15,AAGTAGACCTTTTAAAACAC,42,4703597
ybiY_ybiW_predicted,0.375,20,15,AACGATACGGAACGCGCACA,5,4697231
ybiY_ybiW_predicted,1.6875,41,15,AACAGTTGAAAAGGAAGAGA,26,4698458
ybiY_ybiW_predicted,0.875,28,15,AAATGGGCACGTAGTACGCG,13,4729267
ybiY_ybiW_predicted,0.5,22,15,AAAACTTGCTATTAGCGTGA,7,4708956
ybiY_ybiW_predicted,0.6875,25,15,AAAAATCAAAAACCATATAC,10,4695404
ybiY_ybiW_predicted,0.6666666666666666,23,14,TTGTCGTGTTGACGAGGCGT,9,4692919
ybiY_ybiW_predicted,1.0666666666666667,29,14,TTAAGCGGTGCTTAAGGTTG,15,4702687
ybiY_ybiW_predicted,0.4,19,14,TTAACTTGTATATCTATAGT,5,4715986
ybiY_ybiW_predicted,0.4,19,14,TTAACCCGTGCAGGCACCCT,5,4694417
ybiY_ybiW_predicted,0.3333333333333333,18,14,TGTTTTCTCCGTCAATACGT,4,4706283
ybiY_ybiW_predicted,0.4666666666666667,20,14,TGTGGTTTTGCGTGTGAAAA,6,4720130
ybiY_ybiW_predicted,0.6666666666666666,23,14,TGTCACCGGATTTTTCGAAT,9,4699436
ybiY_ybiW_predicted,0.9333333333333333,27,14,TGGTTGGATGGCATCCCTAA,13,4718570
ybiY_ybiW_predicted,1.1333333333333333,30,14,TGGGCAGCTTTCGTATGCCA,16,4698652
ybiY_ybiW_predicted,0.8,25,14,TGGAGGATTTCCCGGACGGG,11,4717587
ybiY_ybiW_predicted,3.0,58,14,TGCTCGCCCCCGATCAATTT,44,4727528
ybiY_ybiW_predicted,1.1333333333333333,30,14,TGAATATCGTAAACGTATTA,16,4713058
ybiY_ybiW_predicted,30.2,466,14,TCGGTTGTGAGCCAGACAGA,452,4700026
ybiY_ybiW_predicted,0.7333333333333333,24,14,TCGGGGTAAACGCGTAGAGC,10,4730562
ybiY_ybiW_predicted,0.8666666666666667,26,14,TCGGGCTCATCGGGCCTCCT,12,4728711
ybiY_ybiW_predicted,1.4666666666666666,35,14,TCCTGGTCACCCGGTGGAGT,21,4707772
ybiY_ybiW_predicted,1.2666666666666666,32,14,TCCACCTGATCGCATCGGAC,18,4720963
ybiY_ybiW_predicted,1.2,31,14,TCACAGTTGACGGCACGCTA,17,4702657
ybiY_ybiW_predicted,1.1333333333333333,30,14,TCAAGAAGACGGGGGATGAA,16,4724430
ybiY_ybiW_predicted,1.6,37,14,TATTTGCCGGTGTACGTGGA,23,4699584
ybiY_ybiW_predicted,0.6,22,14,TATTTATAAGCAACAAGTCT,8,4706840
ybiY_ybiW_predicted,1.9333333333333333,42,14,TATTCCCTCACTGTGTGGTG,28,4706144
ybiY_ybiW_predicted,0.2,16,14,TATAGGTTAGCCCCGAACGA,2,4719202
ybiY_ybiW_predicted,0.13333333333333333,15,14,TAGTCTCATGTGTTTCGGGA,1,4689821
ybiY_ybiW_predicted,0.4,19,14,TAGAGTTGTCTAGGTGGCAG,5,4721060
ybiY_ybiW_predicted,1.2,31,14,TACATCCCTGGCAGCATCAT,17,4693546
ybiY_ybiW_predicted,0.7333333333333333,24,14,GTTCTCACTTGAGTGGGGAT,10,4710091
ybiY_ybiW_predicted,5.266666666666667,92,14,GTGTTGGTTCGTTTATCTCA,78,4694588
ybiY_ybiW_predicted,0.6666666666666666,23,14,GTGGGGTAAGAATCAGACAT,9,4704433
ybiY_ybiW_predicted,0.8666666666666667,26,14,GTGGATTATAGTGATACCTT,12,4722704
ybiY_ybiW_predicted,0.2,16,14,GTGCATAGCGTTGGGCTAAA,2,4729367
ybiY_ybiW_predicted,0.4666666666666667,20,14,GTCTCGGCAGCGCATCATCG,6,4725057
ybiY_ybiW_predicted,0.2,16,14,GTCAAGTGCCGCATTGATGC,2,4690570
ybiY_ybiW_predicted,0.5333333333333333,21,14,GTAGTCCTCGAATCTGTGCA,7,4714609
ybiY_ybiW_predicted,0.4,19,14,GTAGCTGGCATCCAGGTACG,5,4689628
ybiY_ybiW_predicted,25.6,397,14,GTAGCCATCCGTGGACGACG,383,4700036
ybiY_ybiW_predicted,2.0,43,14,GGTGGGGTGGCGCCACCGTA,29,4689536
ybiY_ybiW_predicted,2.0,43,14,GGTGGATGGGTTTTCTAATA,29,4690647
ybiY_ybiW_predicted,0.4666666666666667,20,14,GGTCAGCTTAAGGTTAGTTG,6,4690006
ybiY_ybiW_predicted,2.3333333333333335,48,14,GGTACAGTGGAAGGAATCGG,34,4711698
ybiY_ybiW_predicted,0.13333333333333333,15,14,GGGTTGCTACGTTCCAAAGG,1,4704397
ybiY_ybiW_predicted,0.6666666666666666,23,14,GGGGTTAGTGTTACCGCGCA,9,4703948
ybiY_ybiW_predicted,0.13333333333333333,15,14,GGGGTAATATACTTCTCTGT,1,4688584
ybiY_ybiW_predicted,1.2666666666666666,32,14,GGGAGTTCTGCGAAGTATGT,18,4689297
ybiY_ybiW_predicted,0.4,19,14,GGGACCTCCGCGCCAGGAGC,5,4705721
ybiY_ybiW_predicted,0.6,22,14,GGCTTTCCTTTTCTGGTACC,8,4699953
ybiY_ybiW_predicted,0.6,22,14,GGCCAGGTCGGATAAAAGTA,8,4696395
ybiY_ybiW_predicted,0.6666666666666666,23,14,GGCCACTCTCATAATGAGAG,9,4700332
ybiY_ybiW_predicted,2.1333333333333333,45,14,GGAGGCTTAGACCCGCTTGA,31,4711376
ybiY_ybiW_predicted,1.5333333333333334,36,14,GGACGGATTCGAGGAGCCGT,22,4692956
ybiY_ybiW_predicted,0.13333333333333333,15,14,GCTGAGGCAGGGATACCGAA,1,4704985
ybiY_ybiW_predicted,1.2,31,14,GCTAGGGATGCCCTTTTTCA,17,4709740
ybiY_ybiW_predicted,3.6666666666666665,68,14,GCGATAAAGTCATAAGTTTA,54,4731546
ybiY_ybiW_predicted,0.9333333333333333,27,14,GCCTCGGGCGGGCAGAGTGA,13,4694542
ybiY_ybiW_predicted,0.4666666666666667,20,14,GCCTCCGATCTCCGGTTCTG,6,4705591
ybiY_ybiW_predicted,0.9333333333333333,27,14,GCCTAGTAATCGCTCCTCGT,13,4696613
ybiY_ybiW_predicted,0.3333333333333333,18,14,GCCGTGTGGCCGGAAACGTT,4,4689905
ybiY_ybiW_predicted,0.26666666666666666,17,14,GCCGCCCTTCCTCGTTGGAT,3,4692420
ybiY_ybiW_predicted,3.6666666666666665,68,14,GCCGCAAGTGCCCGGTTATG,54,4724712
ybiY_ybiW_predicted,0.6666666666666666,23,14,GCCAAAGCTGAAAATCGCAG,9,4731655
ybiY_ybiW_predicted,1.2666666666666666,32,14,GCACTCGATCTCCTCCTCCA,18,4705145
ybiY_ybiW_predicted,0.6,22,14,GCAACGCCTTCTCAGACGGG,8,4717577
ybiY_ybiW_predicted,0.13333333333333333,15,14,GCAAAGCAAATGTCGGTTTC,1,4731670
ybiY_ybiW_predicted,0.3333333333333333,18,14,GATTAAGATCGGAGCCAGTG,4,4702947
ybiY_ybiW_predicted,0.4,19,14,GAGTCGATCAAACTCTCGAT,5,4703870
ybiY_ybiW_predicted,0.4666666666666667,20,14,GAGCGTCTTGATGTTTCGTA,6,4718751
ybiY_ybiW_predicted,0.8,25,14,GAGCCTGGGCTCTGAATCTT,11,4728259
ybiY_ybiW_predicted,0.6,22,14,GAGATTATTAGCATTTTGAG,8,4702352
ybiY_ybiW_predicted,0.3333333333333333,18,14,GAGATGCACCATTCAATAAT,4,4726984
ybiY_ybiW_predicted,12.0,193,14,GAGACACGCTAGCGGGATTA,179,4714392
ybiY_ybiW_predicted,0.6,22,14,GACGTTTTCTTATCGGAGAA,8,4691372
ybiY_ybiW_predicted,1.2,31,14,GACGGGCGTCCAGGACATAA,17,4714896
ybiY_ybiW_predicted,0.7333333333333333,24,14,GACGCCTTCGTGGTGATAGG,10,4695116
ybiY_ybiW_predicted,0.6,22,14,GACCACCTGGTGAAGCCATA,8,4699362
ybiY_ybiW_predicted,0.4666666666666667,20,14,GAAGTCCCTTAATGCATCTT,6,4693874
ybiY_ybiW_predicted,1.4666666666666666,35,14,GAAGTAGAAAAACTTGAATA,21,4702282
ybiY_ybiW_predicted,0.6,22,14,CTTGTTGGCGTCCTTACGGA,8,4728600
ybiY_ybiW_predicted,1.4,34,14,CTGGATCGGTCTTACAGTGG,20,4721751
ybiY_ybiW_predicted,0.5333333333333333,21,14,CTCCAGAGTGCCAATGTTTA,7,4706186
ybiY_ybiW_predicted,1.8,40,14,CTCCACGCTACAGGTGCAGT,26,4729831
ybiY_ybiW_predicted,3.933333333333333,72,14,CTATTCACCTCCTTCGTATT,58,4722000
ybiY_ybiW_predicted,0.5333333333333333,21,14,CTACTACATAACAAGGGTGT,7,4708752
ybiY_ybiW_predicted,1.1333333333333333,30,14,CTACGCCTAACACCGTTTTT,16,4713595
ybiY_ybiW_predicted,0.4666666666666667,20,14,CTAATTCTGTATGATCGCCC,6,4695969
ybiY_ybiW_predicted,1.4,34,14,CGTTGTTGCTTCTACATAGG,20,4703137
ybiY_ybiW_predicted,0.6666666666666666,23,14,CGTGGCGACACTCCCATCGT,9,4707316
ybiY_ybiW_predicted,0.4666666666666667,20,14,CGGTAGATCTACCTTATTGA,6,4696075
ybiY_ybiW_predicted,0.9333333333333333,27,14,CGGGGATAATCCCCGCGGTT,13,4729605
ybiY_ybiW_predicted,0.7333333333333333,24,14,CGGGGAGAGTATGATCGTCT,10,4709106
ybiY_ybiW_predicted,0.8666666666666667,26,14,CGGGAGAGTTCATTGGATCA,12,4714320
ybiY_ybiW_predicted,0.4666666666666667,20,14,CGGCGAAGTTTCACCCGCTG,6,4716890
ybiY_ybiW_predicted,4.333333333333333,78,14,CGCCTTGTACGTCGGGACTC,64,4729883
ybiY_ybiW_predicted,0.4666666666666667,20,14,CGATCTGCCAGGACACTCCT,6,4701045
ybiY_ybiW_predicted,0.8666666666666667,26,14,CGACGTAGACGTAGCGTGTA,12,4716251
ybiY_ybiW_predicted,0.3333333333333333,18,14,CCTCTAACAATCGCGATCTC,4,4715364
ybiY_ybiW_predicted,1.5333333333333334,36,14,CCGTGCCTTCGAGCTTGGTA,22,4729553
ybiY_ybiW_predicted,51.666666666666664,788,14,CCGTCGGCGCAAATCGGCGT,774,4700030
ybiY_ybiW_predicted,0.6666666666666666,23,14,CCCATAATATTTCGGACCTC,9,4704128
ybiY_ybiW_predicted,0.8666666666666667,26,14,CCACTAGAATAGAAGCCGGA,12,4690228
ybiY_ybiW_predicted,0.5333333333333333,21,14,CCAATTTCATCGGGGATACA,7,4717322
ybiY_ybiW_predicted,1.6,37,14,CATGTAGGTGTTGCCTCATA,23,4709205
ybiY_ybiW_predicted,0.4666666666666667,20,14,CAGTACGTAGACCGGGGCGG,6,4695923
ybiY_ybiW_predicted,1.0666666666666667,29,14,CAGGTTTGATACCACTACTT,15,4729984
ybiY_ybiW_predicted,0.5333333333333333,21,14,CAGCAACGGATCTCAAAGGC,7,4699243
ybiY_ybiW_predicted,0.6,22,14,CAGCAAATAACCAGTGTCTT,8,4700346
ybiY_ybiW_predicted,1.6666666666666667,38,14,CAGATGTCAGCAATAGTGTG,24,4695403
ybiY_ybiW_predicted,0.6666666666666666,23,14,CACGACGCCTGGCAGAATTC,9,4712677
ybiY_ybiW_predicted,1.0,28,14,CACAAGTGGGCGGGGGGAAG,14,4710454
ybiY_ybiW_predicted,0.7333333333333333,24,14,CAATGGTTTACATGTTTTCA,10,4724144
ybiY_ybiW_predicted,0.26666666666666666,17,14,CAATAAATCATTGCTAGATA,3,4689446
ybiY_ybiW_predicted,0.8666666666666667,26,14,CAAATGTCATGCTCAACACT,12,4724485
ybiY_ybiW_predicted,0.8,25,14,ATTTTCAAGGGAGCGCCGAG,11,4701471
ybiY_ybiW_predicted,0.4666666666666667,20,14,ATTTCGCCACGCGATCGGAT,6,4712063
ybiY_ybiW_predicted,2.066666666666667,44,14,ATTCGGCCTATTTTATTCTA,30,4703567
ybiY_ybiW_predicted,1.0666666666666667,29,14,ATTATCAATCGCACTGTATA,15,4698330
ybiY_ybiW_predicted,4.266666666666667,77,14,ATTAAGTACTCTTTGCAGAG,63,4699181
ybiY_ybiW_predicted,0.8,25,14,ATTAAAAGATTACAAGTCCA,11,4698876
ybiY_ybiW_predicted,1.4,34,14,ATGGATGTTTCATCCAATGT,20,4691708
ybiY_ybiW_predicted,0.3333333333333333,18,14,ATGATCATGCTTCAATGCAT,4,4726344
ybiY_ybiW_predicted,0.6,22,14,ATCTCTTGGCTTAAGTCTCG,8,4705335
ybiY_ybiW_predicted,0.4,19,14,ATCTACGACAAATCAGTCCA,5,4708693
ybiY_ybiW_predicted,1.2,31,14,ATCGGCTCCAAGCCGCGAGC,17,4713607
ybiY_ybiW_predicted,1.0,28,14,ATATTTTTTATACTCGTAGA,14,4718690
ybiY_ybiW_predicted,0.3333333333333333,18,14,ATAGGACCTGGACCAAAGAG,4,4705086
ybiY_ybiW_predicted,0.6666666666666666,23,14,ATACTGTCGAAGCCAGCTAG,9,4717518
ybiY_ybiW_predicted,0.8,25,14,ATAATCGTTGGTTCGGACTA,11,4692475
ybiY_ybiW_predicted,0.26666666666666666,17,14,AGTTCTTAATACGAATACTG,3,4725531
ybiY_ybiW_predicted,0.3333333333333333,18,14,AGTTCGAGCCCTGTTGTGTG,4,4727347
ybiY_ybiW_predicted,1.0666666666666667,29,14,AGTGCTCTCGCTAGTGAGTC,15,4727209
ybiY_ybiW_predicted,1.4,34,14,AGGGCGGGCTAGCGCATCCC,20,4722675
ybiY_ybiW_predicted,0.2,16,14,AGGCGTAGCGTCAACACTGT,2,4707233
ybiY_ybiW_predicted,0.26666666666666666,17,14,AGGCACTATCGAAGTGCAGG,3,4711953
ybiY_ybiW_predicted,0.26666666666666666,17,14,AGGAGGCCTACAAATAGGAC,3,4695848
ybiY_ybiW_predicted,0.7333333333333333,24,14,AGCTGACTGCTGCTGGGCGA,10,4692991
ybiY_ybiW_predicted,0.7333333333333333,24,14,AGCAGCGGCAAGCTCTTTGA,10,4692117
ybiY_ybiW_predicted,0.6666666666666666,23,14,AGATGGGCTCGTCAGCACAT,9,4722069
ybiY_ybiW_predicted,0.6,22,14,AGAGACAACTCAAGACTTAT,8,4691233
ybiY_ybiW_predicted,5.133333333333334,90,14,ACTTACTTTACTTCGACCAC,76,4727596
ybiY_ybiW_predicted,0.4,19,14,ACTGATTAGCCGGGGGCGTA,5,4732386
ybiY_ybiW_predicted,1.7333333333333334,39,14,ACTCGACTGTCCTGGATTGG,25,4706038
ybiY_ybiW_predicted,1.0,28,14,ACTCCGAACCGGTGTGCAAC,14,4704021
ybiY_ybiW_predicted,0.9333333333333333,27,14,ACGTTAAAGCCGAGCCCATA,13,4707815
ybiY_ybiW_predicted,0.6,22,14,ACGCTTTAATGTTGGAAACA,8,4690684
ybiY_ybiW_predicted,1.2,31,14,ACGCACGCGCCCGAGAAGAT,17,4730309
ybiY_ybiW_predicted,1.0666666666666667,29,14,ACGAACGATAGCGTCGCAAC,15,4714253
ybiY_ybiW_predicted,0.5333333333333333,21,14,ACCCTATGTTATCTTATAGG,7,4694849
ybiY_ybiW_predicted,5.133333333333334,90,14,AAGGCCATGAATTATAGCGA,76,4725417
ybiY_ybiW_predicted,1.0,28,14,AACGCGATATGAGGGCAATG,14,4689938
ybiY_ybiW_predicted,0.4666666666666667,20,14,AAAGTTCGTTTGGGTTCTGC,6,4692044
ybiY_ybiW_predicted,1.0,28,14,AAACCGGGTGGGCTTAAGGC,14,4700673
ybiY_ybiW_predicted,0.9285714285714286,25,13,TTTTGCAATTACACCCCCCA,12,4690903
ybiY_ybiW_predicted,0.7142857142857143,22,13,TTTGTATTCTCAAGGCTATG,9,4724700
ybiY_ybiW_predicted,1.7857142857142858,37,13,TTTCTTCAGCTGGAGAACCT,24,4725604
ybiY_ybiW_predicted,0.35714285714285715,17,13,TTTCTCTTTATCAACGTCGT,4,4691241
ybiY_ybiW_predicted,1.1428571428571428,28,13,TTTCCGATCGGAATTGCAGG,15,4710407
ybiY_ybiW_predicted,0.7142857142857143,22,13,TTGTATGAACCACTCGAAGT,9,4707116
ybiY_ybiW_predicted,0.7857142857142857,23,13,TTGGACCTTGACCGAGGCCT,10,4705196
ybiY_ybiW_predicted,0.14285714285714285,14,13,TTGCATTACACCCAAGACTT,1,4729386
ybiY_ybiW_predicted,0.2857142857142857,16,13,TTCTCGGAATAATCTCTGCG,3,4707491
ybiY_ybiW_predicted,0.5,19,13,TTAGACGTAAGTTACGATTG,6,4702988
ybiY_ybiW_predicted,1.6428571428571428,35,13,TGTTAGCCCCTCTACTATTA,22,4689869
ybiY_ybiW_predicted,1.1428571428571428,28,13,TGTGATTGGGAGAGACTGTA,15,4702085
ybiY_ybiW_predicted,0.2857142857142857,16,13,TGGCTGAGCGCGTCCGCCAT,3,4696080
ybiY_ybiW_predicted,6.357142857142857,101,13,TGGCCGCAGCCTAACTACGT,88,4709939
ybiY_ybiW_predicted,1.2142857142857142,29,13,TGCTTCCCTATTCAACTGCA,16,4726466
ybiY_ybiW_predicted,0.21428571428571427,15,13,TGCTGATGGTAAACACCGCA,2,4710526
ybiY_ybiW_predicted,0.8571428571428571,24,13,TCTTAAAAGGCCCCCGCTGT,11,4722953
ybiY_ybiW_predicted,6.642857142857143,105,13,TCTCGTACGGTCTCTACGCA,92,4731085
ybiY_ybiW_predicted,1.7142857142857142,36,13,TCTATCGGGACTTAAGCGTT,23,4719506
ybiY_ybiW_predicted,0.7857142857142857,23,13,TCGGCTTGAGTGTCCTGCTC,10,4698373
ybiY_ybiW_predicted,0.9285714285714286,25,13,TCGGATGGCGAATGCGGGGT,12,4720062
ybiY_ybiW_predicted,1.5714285714285714,34,13,TCGCTAATGTGTACACCATA,21,4692209
ybiY_ybiW_predicted,1.5714285714285714,34,13,TCATACGGTCAAGACCTTAT,21,4711462
ybiY_ybiW_predicted,2.357142857142857,45,13,TCACCTGTGGACCATGGTCG,32,4701317
ybiY_ybiW_predicted,0.2857142857142857,16,13,TATTGACATCAGAGCTCTTT,3,4690984
ybiY_ybiW_predicted,0.35714285714285715,17,13,TATCGTAGGGACTCAGGGAA,4,4724216
ybiY_ybiW_predicted,0.5714285714285714,20,13,TAGCCATATGATCCGGACGT,7,4691765
ybiY_ybiW_predicted,0.42857142857142855,18,13,TAGAGTCTATCCCCGCGACA,5,4716166
ybiY_ybiW_predicted,0.2857142857142857,16,13,TACGTGAGACTGAGGCTTCA,3,4728925
ybiY_ybiW_predicted,1.6428571428571428,35,13,TACGACATCACAACGTGGTT,22,4716252
ybiY_ybiW_predicted,0.5714285714285714,20,13,TACCGAACCACAGGACCCGA,7,4701360
ybiY_ybiW_predicted,0.7142857142857143,22,13,TAAAGACAAGGGGTGGGTTA,9,4700975
ybiY_ybiW_predicted,0.7142857142857143,22,13,GTTTCGTGGGGCCATCGCCT,9,4704162
ybiY_ybiW_predicted,1.2857142857142858,30,13,GTTTAACTAAGCAACTCTAT,17,4724409
ybiY_ybiW_predicted,0.2857142857142857,16,13,GTGGATCAACACCTTCGCAA,3,4723662
ybiY_ybiW_predicted,0.35714285714285715,17,13,GTGCTTTGTGGAGATGGAAG,4,4721826
ybiY_ybiW_predicted,1.0,26,13,GTGATGGCGCTACCTGGAGA,13,4729176
ybiY_ybiW_predicted,1.0,26,13,GTCGTTTACGCCATGTTCGT,13,4689205
ybiY_ybiW_predicted,0.14285714285714285,14,13,GTCGAACTCCCCCCTGACAC,1,4691066
ybiY_ybiW_predicted,1.2857142857142858,30,13,GTCATGTAACTCCGTCGCCC,17,4718198
ybiY_ybiW_predicted,1.2142857142857142,29,13,GTCACTCGTAATTGTGCTCA,16,4731348
ybiY_ybiW_predicted,0.2857142857142857,16,13,GTCAACAGAGGGATTGGTAC,3,4709781
ybiY_ybiW_predicted,2.5714285714285716,48,13,GTAATCCGTTCAAATTGGTC,35,4717651
ybiY_ybiW_predicted,3.357142857142857,59,13,GGTTCGGAAGGCCCGGTCAA,46,4706775
ybiY_ybiW_predicted,0.9285714285714286,25,13,GGTGGATCCGATTGAGCCGA,12,4730605
ybiY_ybiW_predicted,0.14285714285714285,14,13,GGTACAGGAACCGTTTTCAT,1,4695804
ybiY_ybiW_predicted,0.5,19,13,GGGGCAGGACTACACCGCGT,6,4725954
ybiY_ybiW_predicted,0.35714285714285715,17,13,GGGAAATCAGAGTCAGGGCT,4,4707147
ybiY_ybiW_predicted,0.42857142857142855,18,13,GGCCGTCTCCACGCTCTGTA,5,4693868
ybiY_ybiW_predicted,0.6428571428571429,21,13,GGAGTATAGACGCTGGCAGA,8,4691181
ybiY_ybiW_predicted,0.42857142857142855,18,13,GGAGAGTAGTGTGCTTCCGA,5,4725774
ybiY_ybiW_predicted,2.2142857142857144,43,13,GGAAAGGCTAGCCCATCTGG,30,4709181
ybiY_ybiW_predicted,0.21428571428571427,15,13,GCTGGACGACGTCGGCACCC,2,4690011
ybiY_ybiW_predicted,0.35714285714285715,17,13,GCTGAGTAACCGTGTTTCGG,4,4720736
ybiY_ybiW_predicted,1.8571428571428572,38,13,GCTCGCGCCCGGTGTAGAGT,25,4695579
ybiY_ybiW_predicted,0.5,19,13,GCGGATTGTGCTCGAATATT,6,4706515
ybiY_ybiW_predicted,1.0714285714285714,27,13,GCGAATTTACGCCTAGACGT,14,4700978
ybiY_ybiW_predicted,0.7142857142857143,22,13,GCCTCGCGAAGCAGTTAGCA,9,4701703
ybiY_ybiW_predicted,1.1428571428571428,28,13,GCAGGACTGTACTCTATTCA,15,4722688
ybiY_ybiW_predicted,0.8571428571428571,24,13,GCAATTCCTACAGACATGTA,11,4709748
ybiY_ybiW_predicted,0.7142857142857143,22,13,GATTAGCAGCTTATGAGATC,9,4727816
ybiY_ybiW_predicted,0.5,19,13,GAGTTTGCGGTCTGACAGCC,6,4704820
ybiY_ybiW_predicted,0.21428571428571427,15,13,GAGGGCTTCTCAGCCGGATA,2,4690510
ybiY_ybiW_predicted,1.1428571428571428,28,13,GACTCAAACAGCTGCTGCGA,15,4711032
ybiY_ybiW_predicted,0.9285714285714286,25,13,GACCAACCTTTCCACCCACA,12,4699152
ybiY_ybiW_predicted,0.9285714285714286,25,13,GACAGAAACTTGATTCCATG,12,4702440
ybiY_ybiW_predicted,2.4285714285714284,46,13,GAATCTCACTTTGACCATCT,33,4695876
ybiY_ybiW_predicted,2.857142857142857,52,13,GAATCCCGCATGGCAATTGA,39,4694604
ybiY_ybiW_predicted,1.2142857142857142,29,13,GAATCACCCAAACATGTGTT,16,4695922
ybiY_ybiW_predicted,1.7142857142857142,36,13,CTTTTGCGCAAGGAACAGGT,23,4700087
ybiY_ybiW_predicted,0.7857142857142857,23,13,CTGGAGCGAAAACGTCCGGT,10,4701244
ybiY_ybiW_predicted,1.2857142857142858,30,13,CTGGACGTGAAAACTATCGT,17,4709084
ybiY_ybiW_predicted,0.8571428571428571,24,13,CTCCTATACGGCATCAACAA,11,4704697
ybiY_ybiW_predicted,0.5714285714285714,20,13,CTATCCAAGGCATTCACAAA,7,4701873
ybiY_ybiW_predicted,1.0,26,13,CGGTTCAGGAACCCTGAACC,13,4701605
ybiY_ybiW_predicted,1.8571428571428572,38,13,CGGTCCCCTTTACCCGAGAA,25,4690643
ybiY_ybiW_predicted,0.5,19,13,CGGGATTTTGAGTGATGGAA,6,4690279
ybiY_ybiW_predicted,0.21428571428571427,15,13,CGCTAAAATCACAGACAATC,2,4703977
ybiY_ybiW_predicted,0.14285714285714285,14,13,CGCCGGCTCAGCAAGTGGGT,1,4708576
ybiY_ybiW_predicted,1.1428571428571428,28,13,CGATAGGGCGTGAAGATTTG,15,4732229
ybiY_ybiW_predicted,0.8571428571428571,24,13,CGAGCGACCGCTCGGAGATC,11,4714762
ybiY_ybiW_predicted,1.1428571428571428,28,13,CCGTGCTATCGGTCTAGTGC,15,4696179
ybiY_ybiW_predicted,0.2857142857142857,16,13,CCGCCGTGTTGGTAGTATTA,3,4706094
ybiY_ybiW_predicted,0.14285714285714285,14,13,CCGCATTCACGGACTCATGA,1,4724400
ybiY_ybiW_predicted,0.5,19,13,CCGCACCTGCCCACGTGGAG,6,4701291
ybiY_ybiW_predicted,0.5,19,13,CCCTATCTGCAGATTACCAA,6,4719078
ybiY_ybiW_predicted,4.285714285714286,72,13,CCCGTTAGGTGTTCCTGCCT,59,4728307
ybiY_ybiW_predicted,1.5,33,13,CCCGAGATGGATAAGGCTTT,20,4691067
ybiY_ybiW_predicted,0.2857142857142857,16,13,CCCACAAGCTTGCACCTGTT,3,4714284
ybiY_ybiW_predicted,0.5,19,13,CCCAAGCTCTCCTAGCATAC,6,4705944
ybiY_ybiW_predicted,0.7142857142857143,22,13,CCCAAATACCTACCAACTAT,9,4716580
ybiY_ybiW_predicted,0.7142857142857143,22,13,CCAGGTTTAAAGGAATAGTG,9,4723252
ybiY_ybiW_predicted,0.7142857142857143,22,13,CATAGGGAGGTATTATCAGT,9,4716645
ybiY_ybiW_predicted,0.2857142857142857,16,13,CATAGGAACTCCCCCTTTGG,3,4698787
ybiY_ybiW_predicted,0.7142857142857143,22,13,CAGTCCCGTCGGGGCACGAA,9,4714520
ybiY_ybiW_predicted,0.8571428571428571,24,13,CAGGTCACCGAGCCTTAAAT,11,4716889
ybiY_ybiW_predicted,1.0,26,13,CAGGCGTTGGTACTCGCAAT,13,4715384
ybiY_ybiW_predicted,1.4285714285714286,32,13,CAGACTCTTTGGTAGGCTTC,19,4722452
ybiY_ybiW_predicted,1.0,26,13,CAGAACACACAGGTTGGAGT,13,4723754
ybiY_ybiW_predicted,1.3571428571428572,31,13,CAAGTCAGTTACAGTAGCTC,18,4692885
ybiY_ybiW_predicted,1.2857142857142858,30,13,CAAGTATAACTAGGAAAATA,17,4723325
ybiY_ybiW_predicted,19.857142857142858,290,13,CAAGGTTTATCTGGTGCCGA,277,4726150
ybiY_ybiW_predicted,0.35714285714285715,17,13,CAACGACGAGCAGGTGAATT,4,4710862
ybiY_ybiW_predicted,0.5,19,13,CAAAGGGGAAATTCTCGAAT,6,4718099
ybiY_ybiW_predicted,0.21428571428571427,15,13,ATTTTTATCGCTACCCCGTA,2,4702986
ybiY_ybiW_predicted,0.7142857142857143,22,13,ATTTAGGCATAACTTCCGAA,9,4697783
ybiY_ybiW_predicted,0.7142857142857143,22,13,ATTGCGAAGGCTCAGATAAG,9,4692139
ybiY_ybiW_predicted,0.2857142857142857,16,13,ATTCCGTCTGTACTTCTATG,3,4699636
ybiY_ybiW_predicted,1.2857142857142858,30,13,ATTCAGATAACCGTGTCAAG,17,4694306
ybiY_ybiW_predicted,0.5,19,13,ATGTGGCTTTCGCGCCCTTG,6,4689617
ybiY_ybiW_predicted,0.21428571428571427,15,13,ATGTAATGGTTCTTTGTCCC,2,4709687
ybiY_ybiW_predicted,0.42857142857142855,18,13,ATCAGACATACGCTACTTGA,5,4690292
ybiY_ybiW_predicted,1.0,26,13,ATAGGTAAGGTCCTACCACG,13,4699826
ybiY_ybiW_predicted,0.9285714285714286,25,13,ATACTTTCTCTAGGGATGTT,12,4696641
ybiY_ybiW_predicted,0.6428571428571429,21,13,AGTTTCGGTCTCCGCAGAAT,8,4700526
ybiY_ybiW_predicted,1.2142857142857142,29,13,AGTGACCCGGCGGAAAATTC,16,4724697
ybiY_ybiW_predicted,0.5714285714285714,20,13,AGTAGGTGCGCATTTGCCAT,7,4697348
ybiY_ybiW_predicted,0.21428571428571427,15,13,AGGTACAAGTTTGCCAGGAT,2,4706538
ybiY_ybiW_predicted,0.35714285714285715,17,13,AGGGGACTCGTGATGTTAAA,4,4713634
ybiY_ybiW_predicted,0.42857142857142855,18,13,AGGACTCTCCGGCAGTTTTA,5,4697239
ybiY_ybiW_predicted,12.142857142857142,182,13,AGCAGGGCGGAACTAACTGT,169,4721969
ybiY_ybiW_predicted,0.7857142857142857,23,13,AGACGCGGTATGTTACACCA,10,4716835
ybiY_ybiW_predicted,0.5714285714285714,20,13,AGACAATTCGCAAAAGGCAT,7,4709100
ybiY_ybiW_predicted,1.0714285714285714,27,13,AGAATGCCGTTCGGTTTCCT,14,4690583
ybiY_ybiW_predicted,0.7142857142857143,22,13,ACTTCAGAGCGGATACATTT,9,4690709
ybiY_ybiW_predicted,0.7142857142857143,22,13,ACTTAGGAGGGTGCGACCTG,9,4699006
ybiY_ybiW_predicted,0.7857142857142857,23,13,ACTGTTCCATGGCATGGCCC,10,4693257
ybiY_ybiW_predicted,0.8571428571428571,24,13,ACTCATGTGCAGTTGCGTTC,11,4695094
ybiY_ybiW_predicted,1.4285714285714286,32,13,ACGGGTCCTTCTTGGAGGAA,19,4727879
ybiY_ybiW_predicted,0.42857142857142855,18,13,ACGCGTGCACCTCAGTTGCA,5,4699857
ybiY_ybiW_predicted,0.42857142857142855,18,13,ACGAGCATCAGCCGTCACTC,5,4700860
ybiY_ybiW_predicted,1.0714285714285714,27,13,ACCTTTGAAGAAGCTGGTTA,14,4700197
ybiY_ybiW_predicted,1.5,33,13,ACCTTTCCTACCCGCCACCG,20,4707906
ybiY_ybiW_predicted,2.0714285714285716,41,13,ACATGGTGTGGTTGTCAGAA,28,4691600
ybiY_ybiW_predicted,0.5,19,13,ACACTGATTTTGTTCAGGGT,6,4728217
ybiY_ybiW_predicted,1.2857142857142858,30,13,AATCTGCACGCGGTGACACA,17,4711596
ybiY_ybiW_predicted,0.9285714285714286,25,13,AATACATAGCTATAATGCTA,12,4688634
ybiY_ybiW_predicted,0.7857142857142857,23,13,AAGGTCTACGCTAGGGCAGC,10,4695118
ybiY_ybiW_predicted,0.2857142857142857,16,13,AAGCCTACAGACGCGCATAG,3,4691750
ybiY_ybiW_predicted,0.9285714285714286,25,13,AAGAATTCACGGCCGACATG,12,4702258
ybiY_ybiW_predicted,0.2857142857142857,16,13,AACGAAGATCAAGAGCAGCT,3,4725846
ybiY_ybiW_predicted,2.0,40,13,AAATACCCATTTGCACTCCT,27,4722843
ybiY_ybiW_predicted,0.5,19,13,AAAAACGCTATCAATGGGGA,6,4695823
ybiY_ybiW_predicted,0.46153846153846156,17,12,TTTGAGGGTATTGACTTAAT,5,4696836
ybiY_ybiW_predicted,1.3076923076923077,28,12,TTTGAGCCAGGCGTTCGGCT,16,4713895
ybiY_ybiW_predicted,1.1538461538461537,26,12,TTTCAAGGGACTTGATAGAG,14,4699955
ybiY_ybiW_predicted,1.6923076923076923,33,12,TTGAGCCTATAGATCTGAAC,21,4691753
ybiY_ybiW_predicted,0.5384615384615384,18,12,TTGACCAAGGTTTCACTTAT,6,4713961
ybiY_ybiW_predicted,1.2307692307692308,27,12,TTCGGTACAGCTTTATCGGG,15,4707045
ybiY_ybiW_predicted,0.23076923076923078,14,12,TTCGCCCAACACACGTAGGA,2,4725512
ybiY_ybiW_predicted,0.38461538461538464,16,12,TTCGCAACGGCTAGCAAGCA,4,4716481
ybiY_ybiW_predicted,1.6153846153846154,32,12,TTCCGTGGCCGCTATGTGGA,20,4690683
ybiY_ybiW_predicted,0.3076923076923077,15,12,TTCCGGTGCCATTCAAAAGC,3,4723337
ybiY_ybiW_predicted,0.7692307692307693,21,12,TTCCAGAGCGTGAGCTGCAT,9,4707111
ybiY_ybiW_predicted,0.46153846153846156,17,12,TTATACCAGGCGGCCCATTG,5,4712276
ybiY_ybiW_predicted,0.3076923076923077,15,12,TTACGATAGTAAGCCTTAGT,3,4714180
ybiY_ybiW_predicted,1.8461538461538463,35,12,TTAAGAATGCGCAATTCGCA,23,4698570
ybiY_ybiW_predicted,0.5384615384615384,18,12,TTAAGAAGCCATACTCCCTG,6,4715092
ybiY_ybiW_predicted,0.6923076923076923,20,12,TGTTAGCAATGACGCGGAAC,8,4696892
ybiY_ybiW_predicted,1.1538461538461537,26,12,TGTCTTCTCTAATGCTTGTG,14,4717337
ybiY_ybiW_predicted,1.3076923076923077,28,12,TGTCGTAGGAGATACCAGAC,16,4727705
ybiY_ybiW_predicted,1.1538461538461537,26,12,TGTAGATGGGGGTACCCGGC,14,4706008
ybiY_ybiW_predicted,1.3076923076923077,28,12,TGGGTAGCTGGGGAAACGGG,16,4720436
ybiY_ybiW_predicted,1.5384615384615385,31,12,TGGCAGTTTAAGGCGAGAAG,19,4705703
ybiY_ybiW_predicted,2.3846153846153846,42,12,TGGCAGGAAGTAGCGATGTA,30,4726621
ybiY_ybiW_predicted,0.8461538461538461,22,12,TGCCGGAGCCGTCTCCATCA,10,4697204
ybiY_ybiW_predicted,1.1538461538461537,26,12,TGATGTATTTTTCTCGTGCT,14,4716511
ybiY_ybiW_predicted,0.38461538461538464,16,12,TGAAGCGTAGTGAATACGCT,4,4715243
ybiY_ybiW_predicted,0.6923076923076923,20,12,TCTTTAACTCCACTGGACAT,8,4690855
ybiY_ybiW_predicted,0.15384615384615385,13,12,TCTTAAGCATCGTGGCATGG,1,4691234
ybiY_ybiW_predicted,0.38461538461538464,16,12,TCTACACTGTCCTGAGCTAG,4,4708389
ybiY_ybiW_predicted,0.9230769230769231,23,12,TCGTTGTAGAGGGACCTAGG,11,4709849
ybiY_ybiW_predicted,2.8461538461538463,48,12,TCGTCAATCCACACCGATAT,36,4698312
ybiY_ybiW_predicted,1.4615384615384615,30,12,TCGCCATCATTGTTAAGGGA,18,4718013
ybiY_ybiW_predicted,0.23076923076923078,14,12,TCCTTAAACAACAACGTTGT,2,4709393
ybiY_ybiW_predicted,0.9230769230769231,23,12,TCCTTAAAATAATGCGTCAG,11,4690248
ybiY_ybiW_predicted,0.38461538461538464,16,12,TCCGCGGCGCGGCCAGACCT,4,4689433
ybiY_ybiW_predicted,0.6153846153846154,19,12,TCCACGTTAGCAGACCGGAA,7,4728934
ybiY_ybiW_predicted,1.7692307692307692,34,12,TCACTATAGTACATCGATAA,22,4710707
ybiY_ybiW_predicted,0.15384615384615385,13,12,TATTGTAATCGAGACCTATG,1,4728897
ybiY_ybiW_predicted,0.8461538461538461,22,12,TAGCAAGGCTCTGGTCGTGA,10,4692901
ybiY_ybiW_predicted,0.6153846153846154,19,12,TAGACGAAGAAGCAAGCTTA,7,4703914
ybiY_ybiW_predicted,0.5384615384615384,18,12,TAGAAAGCTGCTCGTGACAC,6,4696882
ybiY_ybiW_predicted,1.3076923076923077,28,12,TACGCGTTGTAAGCCTCAGA,16,4703832
ybiY_ybiW_predicted,0.7692307692307693,21,12,TACGACTAATGAGTGAACTT,9,4719024
ybiY_ybiW_predicted,4.0,63,12,TACAGAGGGATCCACGAAAT,51,4715777
ybiY_ybiW_predicted,0.38461538461538464,16,12,TAATGTGTGCACTTAGGAAT,4,4707824
ybiY_ybiW_predicted,1.3076923076923077,28,12,TAAATTGGCTTCTTGGCGGA,16,4693460
ybiY_ybiW_predicted,0.9230769230769231,23,12,TAAACCATACATTTTTTGCA,11,4708541
ybiY_ybiW_predicted,0.46153846153846156,17,12,GTTATTTAACCATGCGAACA,5,4723527
ybiY_ybiW_predicted,0.46153846153846156,17,12,GTCCTAGTTGTCCTGTAACG,5,4707230
ybiY_ybiW_predicted,0.5384615384615384,18,12,GTCCGATTTAGGTGGTCGAG,6,4711836
ybiY_ybiW_predicted,0.46153846153846156,17,12,GTCCAGGTTTGTTTGTGATC,5,4716247
ybiY_ybiW_predicted,0.6923076923076923,20,12,GTCACTGAGCGGGACGACCA,8,4691375
ybiY_ybiW_predicted,0.6153846153846154,19,12,GTCAAATCTCCGTTCGAGCG,7,4709824
ybiY_ybiW_predicted,0.38461538461538464,16,12,GTATCGGCCGCACTGGGTCT,4,4728192
ybiY_ybiW_predicted,0.9230769230769231,23,12,GTAGCTGAGTAGTTTGTAGA,11,4690957
ybiY_ybiW_predicted,0.8461538461538461,22,12,GTACTGGATTCCAGTGGCAT,10,4714095
ybiY_ybiW_predicted,0.46153846153846156,17,12,GGTTAAAGAAGACCAGCAAG,5,4705463
ybiY_ybiW_predicted,0.6153846153846154,19,12,GGTCATTTGCAAACATCTCT,7,4705885
ybiY_ybiW_predicted,2.0,37,12,GGGGGAGCAGCTTCTCCGTG,25,4696837
ybiY_ybiW_predicted,1.1538461538461537,26,12,GGGGAGCGCTTACGACTCGT,14,4724750
ybiY_ybiW_predicted,3.076923076923077,51,12,GGGCACTTTGCCCGCATCGG,39,4722288
ybiY_ybiW_predicted,0.5384615384615384,18,12,GGGCAACGGAGCCTAGTGTA,6,4699472
ybiY_ybiW_predicted,2.1538461538461537,39,12,GGGACCGCCCGCAGGAGTGT,27,4693802
ybiY_ybiW_predicted,0.38461538461538464,16,12,GGGACAGATGAGTCCTCTCC,4,4701375
ybiY_ybiW_predicted,4.615384615384615,71,12,GGCTAGACGGGGGTAATCGA,59,4723486
ybiY_ybiW_predicted,0.15384615384615385,13,12,GGCCTCGAGACAGTCACGTT,1,4693544
ybiY_ybiW_predicted,0.5384615384615384,18,12,GGACTGGGACAGAGCATAGA,6,4703237
ybiY_ybiW_predicted,0.6923076923076923,20,12,GGACGACAGGATTCCTGGGC,8,4701745
ybiY_ybiW_predicted,0.15384615384615385,13,12,GCTGGCCTTCACGGTATCTG,1,4716335
ybiY_ybiW_predicted,0.9230769230769231,23,12,GCTGAGCCCTCATTAGAAAG,11,4693922
ybiY_ybiW_predicted,0.23076923076923078,14,12,GCTACGTCGTTGCAGAGCCA,2,4699548
ybiY_ybiW_predicted,0.3076923076923077,15,12,GCGTATCATGTCGGAGGTGG,3,4708552
ybiY_ybiW_predicted,0.15384615384615385,13,12,GCGGACTTCAAGTAAAACAG,1,4723626
ybiY_ybiW_predicted,2.3846153846153846,42,12,GCAGTGCGAGGCGAAGGATA,30,4720630
ybiY_ybiW_predicted,0.9230769230769231,23,12,GCAGGTGGCAACACCTGTGA,11,4690247
ybiY_ybiW_predicted,1.3846153846153846,29,12,GCACAGTGAACGTGAACCTT,17,4695578
ybiY_ybiW_predicted,1.4615384615384615,30,12,GCAAGCTGATCGGGGCTGTG,18,4702415
ybiY_ybiW_predicted,0.8461538461538461,22,12,GAGTAGCTGGCTAGTAGATT,10,4702280
ybiY_ybiW_predicted,0.38461538461538464,16,12,GAGCGTGGAAGCACTGGCTA,4,4719714
ybiY_ybiW_predicted,0.3076923076923077,15,12,GAGCGCACCCTCTCCAGAGG,3,4708027
ybiY_ybiW_predicted,0.6923076923076923,20,12,GAGATGGTCACTCTAGGGCT,8,4727144
ybiY_ybiW_predicted,0.46153846153846156,17,12,GAGAGATCCGGCATCAGTTC,5,4721183
ybiY_ybiW_predicted,0.23076923076923078,14,12,GAGAAAAACACCTAGTATTA,2,4691635
ybiY_ybiW_predicted,0.6153846153846154,19,12,GACTAAACCAGAAGACGGAT,7,4698562
ybiY_ybiW_predicted,0.7692307692307693,21,12,GACCAGATTTCTGTTCAATA,9,4708596
ybiY_ybiW_predicted,0.15384615384615385,13,12,GAAATTAGGCGGCATTTTGT,1,4696809
ybiY_ybiW_predicted,0.23076923076923078,14,12,GAAATAAGCGTATTTCTTTA,2,4703150
ybiY_ybiW_predicted,0.3076923076923077,15,12,CTGTCGATTTGAGTGGTCAA,3,4712518
ybiY_ybiW_predicted,0.5384615384615384,18,12,CTCGTGGGACGCACGGTTTT,6,4720990
ybiY_ybiW_predicted,0.23076923076923078,14,12,CTCGGGGTTAGTTATTTGTG,2,4732131
ybiY_ybiW_predicted,0.6923076923076923,20,12,CTCCTTCAGATCGCCCCATA,8,4693766
ybiY_ybiW_predicted,0.7692307692307693,21,12,CTCCCCCTTCTGTCTGGGGG,9,4713330
ybiY_ybiW_predicted,1.0,24,12,CTCCACAGAGGAAATTCGAT,12,4707363
ybiY_ybiW_predicted,1.1538461538461537,26,12,CTATTCGATATGTGAAAGAT,14,4692283
ybiY_ybiW_predicted,0.3076923076923077,15,12,CTACACCGTCATATGGGATA,3,4717463
ybiY_ybiW_predicted,0.38461538461538464,16,12,CGTTCGCCACTGTGTCATCG,4,4696614
ybiY_ybiW_predicted,0.6923076923076923,20,12,CGTACGTGGTAAGTACGAGT,8,4710965
ybiY_ybiW_predicted,0.3076923076923077,15,12,CGGGTCAGGGACGTACATTT,3,4691913
ybiY_ybiW_predicted,0.38461538461538464,16,12,CGGGTATGAAGCTAGGCTTG,4,4697249
ybiY_ybiW_predicted,1.5384615384615385,31,12,CGGGACACGATAGAACGATT,19,4694722
ybiY_ybiW_predicted,1.6923076923076923,33,12,CGGCGTTGAGGTGCGTTTAT,21,4714457
ybiY_ybiW_predicted,0.8461538461538461,22,12,CGGAAATGAGTGATCACGAC,10,4705662
ybiY_ybiW_predicted,2.0,37,12,CGCTTTGGCAGTTCGCTAAG,25,4709875
ybiY_ybiW_predicted,0.23076923076923078,14,12,CGCGTGTCTGGATGTGCTAC,2,4719969
ybiY_ybiW_predicted,0.3076923076923077,15,12,CGCCAGTCCGCGGAACACCT,3,4703872
ybiY_ybiW_predicted,0.46153846153846156,17,12,CGCAATCTTCGTAAGGGGAA,5,4720028
ybiY_ybiW_predicted,1.0769230769230769,25,12,CGAGTTCGTGTGATCTAATA,13,4705663
ybiY_ybiW_predicted,1.0,24,12,CGAGTCTATCGGTCAGCGTC,12,4696074
ybiY_ybiW_predicted,0.38461538461538464,16,12,CGAGCGAGGGTTACGAGCAT,4,4714572
ybiY_ybiW_predicted,0.38461538461538464,16,12,CGAATTCCAACCTTGCAATC,4,4729909
ybiY_ybiW_predicted,0.6923076923076923,20,12,CGAACTGACAGATCGTCGTG,8,4721526
ybiY_ybiW_predicted,22.384615384615383,302,12,CGAACGCTCGAGCGTTTGTT,290,4709040
ybiY_ybiW_predicted,1.1538461538461537,26,12,CGAAACGATCGGTGTTGTCG,14,4702441
ybiY_ybiW_predicted,1.3076923076923077,28,12,CCTTCGCCGCAGCGCGGTCA,16,4694679
ybiY_ybiW_predicted,1.1538461538461537,26,12,CCTCGAAGTACCGGCCTCCG,14,4723126
ybiY_ybiW_predicted,3.0,50,12,CCTAATTGGTTCTTAGGTTT,38,4722804
ybiY_ybiW_predicted,1.5384615384615385,31,12,CCGTTCACGGCGGCGCGTTG,19,4716288
ybiY_ybiW_predicted,0.6923076923076923,20,12,CCGTAGGAAGCCCCGTTCAT,8,4718018
ybiY_ybiW_predicted,0.6923076923076923,20,12,CCGGAACAGCGAACATAGCA,8,4688719
ybiY_ybiW_predicted,1.1538461538461537,26,12,CCGATGTACCAATGTCACGT,14,4729501
ybiY_ybiW_predicted,2.5384615384615383,44,12,CCCGAGTAACGTCATACGTT,32,4720411
ybiY_ybiW_predicted,1.3846153846153846,29,12,CCCCCAAGAACAATCCCATT,17,4701049
ybiY_ybiW_predicted,0.6923076923076923,20,12,CCCAGGTCAAGCACTTCTGA,8,4710374
ybiY_ybiW_predicted,0.3076923076923077,15,12,CCAGGTCGCCTTGGCTGTTA,3,4718975
ybiY_ybiW_predicted,1.1538461538461537,26,12,CATGATCCGTGCTTGGAGTC,14,4699484
ybiY_ybiW_predicted,2.076923076923077,38,12,CATAGGCAGGGTACTGCCCC,26,4704299
ybiY_ybiW_predicted,0.23076923076923078,14,12,CATAGAGAGATGCAGTAGGG,2,4727343
ybiY_ybiW_predicted,35.46153846153846,472,12,CATAAACGTTAGACCCGATC,460,4690053
ybiY_ybiW_predicted,1.0769230769230769,25,12,CAGTTTCTCCGGCTTACCGG,13,4731521
ybiY_ybiW_predicted,0.23076923076923078,14,12,CACTGTTGAGAGCCATTGTA,2,4724399
ybiY_ybiW_predicted,0.6923076923076923,20,12,CACGCTGCATCCTGCCCACT,8,4695119
ybiY_ybiW_predicted,2.769230769230769,47,12,CACCGGTCTAAAAAGAGCCT,35,4702940
ybiY_ybiW_predicted,0.6153846153846154,19,12,CAAGGATCTAGCATGCCGGG,7,4703651
ybiY_ybiW_predicted,0.3076923076923077,15,12,CAAATCTACAATGCGAATAC,3,4719059
ybiY_ybiW_predicted,1.2307692307692308,27,12,ATTTGAACTTAATTAGGACT,15,4705445
ybiY_ybiW_predicted,0.15384615384615385,13,12,ATTTAAGTGGGATTCCGGAA,1,4719435
ybiY_ybiW_predicted,0.6153846153846154,19,12,ATTCATCTTAGTAGGTCGTA,7,4697484
ybiY_ybiW_predicted,1.0,24,12,ATGTCAAGCCATAACCTTGG,12,4701222
ybiY_ybiW_predicted,0.7692307692307693,21,12,ATGCTCCCTTCCTCTTGCAG,9,4718777
ybiY_ybiW_predicted,2.923076923076923,49,12,ATGCGGCTCGTCTTTCGAAA,37,4696447
ybiY_ybiW_predicted,1.1538461538461537,26,12,ATCCTTGTCCCCGGGCCACG,14,4708806
ybiY_ybiW_predicted,2.0,37,12,ATCCCCCTTTAAGAAAAGTT,25,4703414
ybiY_ybiW_predicted,0.15384615384615385,13,12,ATCCACTGTGGACAGACGGG,1,4707858
ybiY_ybiW_predicted,0.6923076923076923,20,12,ATCCACACTCCAGTTGCGGA,8,4728362
ybiY_ybiW_predicted,0.38461538461538464,16,12,ATATTTCGTTTACCGGGGGA,4,4696077
ybiY_ybiW_predicted,0.15384615384615385,13,12,ATATGGAGCCGGAAGAAAAT,1,4699327
ybiY_ybiW_predicted,0.38461538461538464,16,12,ATAGGACCGCATCGTGGCAA,4,4719315
ybiY_ybiW_predicted,1.1538461538461537,26,12,ATAGCGTACACAGGCGGGAT,14,4696021
ybiY_ybiW_predicted,0.38461538461538464,16,12,ATAAGAGTGTACCATATGTT,4,4714052
ybiY_ybiW_predicted,2.1538461538461537,39,12,AGTGAATCTAAATGCCGTAT,27,4691349
ybiY_ybiW_predicted,1.1538461538461537,26,12,AGGTGCCTACCGGGTGGTAG,14,4705140
ybiY_ybiW_predicted,0.9230769230769231,23,12,AGGTACTTACTCCAACGGTT,11,4692146
ybiY_ybiW_predicted,0.5384615384615384,18,12,AGGGTAAGTACGAGGCCTGG,6,4715025
ybiY_ybiW_predicted,0.6153846153846154,19,12,AGCTTACAGTCAGCGGGAAC,7,4714600
ybiY_ybiW_predicted,0.15384615384615385,13,12,AGCTGGAACAAATAAGAAAC,1,4703908
ybiY_ybiW_predicted,0.9230769230769231,23,12,AGCGGCAAGATTTTCAAAAG,11,4711021
ybiY_ybiW_predicted,1.0769230769230769,25,12,AGCGCGCTACACAGAGTGAA,13,4709069
ybiY_ybiW_predicted,1.0,24,12,AGAAGCAAGTGATGTAGAAT,12,4688964
ybiY_ybiW_predicted,1.6153846153846154,32,12,ACTTTTACAAGCGTCGATAT,20,4712737
ybiY_ybiW_predicted,1.3846153846153846,29,12,ACTTTGGTTACTACTGGATA,17,4709396
ybiY_ybiW_predicted,1.4615384615384615,30,12,ACTCGGGACAATATCTTTTG,18,4712683
ybiY_ybiW_predicted,10.846153846153847,152,12,ACGGCGGTTACACGCGAAGC,140,4727647
ybiY_ybiW_predicted,0.15384615384615385,13,12,ACCTCCCCACCCTCACAGCA,1,4718584
ybiY_ybiW_predicted,4.6923076923076925,72,12,ACCCGCGGTATGTATTGGGT,60,4715145
ybiY_ybiW_predicted,8.615384615384615,123,12,ACCCCTCCAGCACCAGGGTA,111,4710915
ybiY_ybiW_predicted,0.38461538461538464,16,12,ACATTAGTGATCGGCAGTTG,4,4705753
ybiY_ybiW_predicted,0.6923076923076923,20,12,ACAGTCAATTATTTCGGCAT,8,4730527
ybiY_ybiW_predicted,0.3076923076923077,15,12,ACACAGACCTCCGTTACAAG,3,4726874
ybiY_ybiW_predicted,0.5384615384615384,18,12,ACAAGGCCTAGGCATTAATA,6,4708666
ybiY_ybiW_predicted,0.9230769230769231,23,12,AATTTAGTACAGTTTCAATG,11,4701473
ybiY_ybiW_predicted,0.15384615384615385,13,12,AATTGTGACGGCTGTATATG,1,4688668
ybiY_ybiW_predicted,0.6923076923076923,20,12,AAGGGACACCTGTTAAGCTA,8,4720466
ybiY_ybiW_predicted,0.38461538461538464,16,12,AAGCTTCAGTGGTATTACGC,4,4703601
ybiY_ybiW_predicted,0.46153846153846156,17,12,AAGCGGACTGAGCATGCGAG,5,4705299
ybiY_ybiW_predicted,4.538461538461538,70,12,AAGCATAGGATTAACCGGGG,58,4721178
ybiY_ybiW_predicted,1.1538461538461537,26,12,AAATTAAAACAACTCATTTC,14,4697024
ybiY_ybiW_predicted,1.3846153846153846,29,12,AAATCGTATCCAAACTAGAC,17,4726439
ybiY_ybiW_predicted,0.38461538461538464,16,12,AAAGTGGACTATCTATCTCT,4,4698480
ybiY_ybiW_predicted,2.230769230769231,40,12,AAACTCGTGCACTACAATCC,28,4695586
ybiY_ybiW_predicted,0.6153846153846154,19,12,AAAACGATTTAGCTTAGCAG,7,4695783
ybiY_ybiW_predicted,0.16666666666666666,12,11,TTTTGAATGGAAGTCTATCT,1,4714059
ybiY_ybiW_predicted,19.0,238,11,TTTCCCATTTCGAGTGCTGA,227,4709934
ybiY_ybiW_predicted,1.0833333333333333,23,11,TTGGTTTACTGTAAACCGAC,12,4723877
ybiY_ybiW_predicted,0.4166666666666667,15,11,TTGGAGTGTTGGGTCCGGGT,4,4697658
ybiY_ybiW_predicted,0.5,16,11,TTGAATCTGATCACATATGA,5,4716867
ybiY_ybiW_predicted,1.0833333333333333,23,11,TTCAACCTCCGCCGTTATGC,12,4717583
ybiY_ybiW_predicted,2.4166666666666665,39,11,TTAGTGAATAGCAGCCAGAT,28,4707818
ybiY_ybiW_predicted,0.16666666666666666,12,11,TTAGCAAATATAGAGCCGAT,1,4732541
ybiY_ybiW_predicted,1.0,22,11,TTACTAATACTGTTGCAATA,11,4699670
ybiY_ybiW_predicted,1.4166666666666667,27,11,TTACGTTACCCTAGGAATTA,16,4725829
ybiY_ybiW_predicted,0.5833333333333334,17,11,TGTCTACCCACTGTGTGCGT,6,4720167
ybiY_ybiW_predicted,0.5,16,11,TGTCCGTTTGCGGGATAGCA,5,4692450
ybiY_ybiW_predicted,3.4166666666666665,51,11,TGTATTGGAGAAAGGGTGGA,40,4695667
ybiY_ybiW_predicted,0.16666666666666666,12,11,TGGTGAGCCCATGTAACTAT,1,4720359
ybiY_ybiW_predicted,0.4166666666666667,15,11,TGGTATGTCCTAACCTTTGG,4,4725224
ybiY_ybiW_predicted,1.25,25,11,TGGATTAACCTTGCGGTTGA,14,4708751
ybiY_ybiW_predicted,1.4166666666666667,27,11,TGCCATGTCGCTTTGCTATC,16,4697056
ybiY_ybiW_predicted,1.1666666666666667,24,11,TGCCAATCTTGCACCGGTAG,13,4712949
ybiY_ybiW_predicted,0.5833333333333334,17,11,TGAGTATTCCCTTCCTACTT,6,4714335
ybiY_ybiW_predicted,0.75,19,11,TGAGCACGTGATAGATGCGG,8,4709598
ybiY_ybiW_predicted,0.9166666666666666,21,11,TCTTTCCACCTTGGCCGCTT,10,4719705
ybiY_ybiW_predicted,0.75,19,11,TCTGTGAGCTTGATCATGCA,8,4716594
ybiY_ybiW_predicted,1.4166666666666667,27,11,TCTCCTCATAAATATCATGT,16,4704989
ybiY_ybiW_predicted,0.25,13,11,TCTAGGCGCAACCCCTGATT,2,4728289
ybiY_ybiW_predicted,49.416666666666664,603,11,TCGTCGGGGGTCCAATGAAT,592,4713655
ybiY_ybiW_predicted,2.5833333333333335,41,11,TCGTATGCACTTTCGCCGGA,30,4706035
ybiY_ybiW_predicted,1.0833333333333333,23,11,TCGCTCATGAGGCTTCTCTG,12,4724242
ybiY_ybiW_predicted,1.75,31,11,TCGCAGATAGGGGATCCTGC,20,4714898
ybiY_ybiW_predicted,1.6666666666666667,30,11,TCGATAATCCATACGTGGCA,19,4715630
ybiY_ybiW_predicted,4.083333333333333,59,11,TCGAAACGACTCTCACGAAA,48,4721412
ybiY_ybiW_predicted,1.4166666666666667,27,11,TCCGCGCCGTGTCAGCGAAT,16,4720090
ybiY_ybiW_predicted,1.5833333333333333,29,11,TCCGAAATCTTCCACCACGA,18,4699583
ybiY_ybiW_predicted,4.416666666666667,63,11,TCCCCAGGGACCCATCTGTG,52,4706773
ybiY_ybiW_predicted,0.8333333333333334,20,11,TCCATGTAACCTGACTCCGA,9,4720756
ybiY_ybiW_predicted,0.3333333333333333,14,11,TCCATATTGATCAGCCTCGT,3,4700711
ybiY_ybiW_predicted,5.166666666666667,72,11,TCCAAGGTGGCCGGGAAGTA,61,4690184
ybiY_ybiW_predicted,0.4166666666666667,15,11,TCATTAAATCCGACCTTGAC,4,4716674
ybiY_ybiW_predicted,0.4166666666666667,15,11,TCACGCATGTCGGTTGTTCC,4,4702550
ybiY_ybiW_predicted,0.75,19,11,TCACCAGTTTGACACGTTAT,8,4717225
ybiY_ybiW_predicted,0.5833333333333334,17,11,TCAATGCATATAAGTGAGAC,6,4694670
ybiY_ybiW_predicted,0.16666666666666666,12,11,TATTCGGAGGCTGGTCCTTT,1,4705550
ybiY_ybiW_predicted,2.1666666666666665,36,11,TATTCACGTTCAGGATAGCC,25,4718814
ybiY_ybiW_predicted,0.3333333333333333,14,11,TATGGGTGGACTCCAACGAC,3,4728548
ybiY_ybiW_predicted,2.3333333333333335,38,11,TATAGTGTGCTTACGCGAGC,27,4721667
ybiY_ybiW_predicted,1.4166666666666667,27,11,TACGCCTAATATGAACTGAA,16,4699601
ybiY_ybiW_predicted,0.3333333333333333,14,11,TACCGGGAATCGTCCTATGT,3,4703467
ybiY_ybiW_predicted,0.3333333333333333,14,11,TACCCGTCAGAGCGGGTCAA,3,4704354
ybiY_ybiW_predicted,0.9166666666666666,21,11,TACATCTCGTTGAGTTCGCG,10,4712225
ybiY_ybiW_predicted,0.9166666666666666,21,11,TACAGCGACGTTGATAACAA,10,4713631
ybiY_ybiW_predicted,0.8333333333333334,20,11,TACACTTGCTCCATGGGTGA,9,4696612
ybiY_ybiW_predicted,0.6666666666666666,18,11,TAAACCTTTATCCTTACCGC,7,4697633
ybiY_ybiW_predicted,6.75,91,11,GTTCAACACACCCACGTAGT,80,4726235
ybiY_ybiW_predicted,1.4166666666666667,27,11,GTGTTGTCGGAGTAAGAGCA,16,4703274
ybiY_ybiW_predicted,1.1666666666666667,24,11,GTGCTATGGATCGAACTCGA,13,4711430
ybiY_ybiW_predicted,0.6666666666666666,18,11,GTGCGCATACCTTGAATATA,7,4707740
ybiY_ybiW_predicted,0.8333333333333334,20,11,GTCGCATCAGGCGGGTCATC,9,4689682
ybiY_ybiW_predicted,0.8333333333333334,20,11,GTCGAAGCGGACGCTCCTGA,9,4722955
ybiY_ybiW_predicted,0.16666666666666666,12,11,GTCCGTCAATCAACGGTCTT,1,4701035
ybiY_ybiW_predicted,0.6666666666666666,18,11,GTCCACTAAAAGGCACTTGA,7,4704587
ybiY_ybiW_predicted,0.3333333333333333,14,11,GTCATGCTAACGGTATTACT,3,4701446
ybiY_ybiW_predicted,0.3333333333333333,14,11,GTCAGAGACGGATTGTTCCA,3,4723903
ybiY_ybiW_predicted,0.6666666666666666,18,11,GTCAAACAGATGGCCTGGAG,7,4710850
ybiY_ybiW_predicted,0.25,13,11,GTATCTGATATTGATCCCCA,2,4689423
ybiY_ybiW_predicted,1.0833333333333333,23,11,GTAGCGAAACTGCAGCTTGC,12,4726363
ybiY_ybiW_predicted,0.3333333333333333,14,11,GTAGCCGGGCTCCTTCAAGG,3,4714883
ybiY_ybiW_predicted,1.3333333333333333,26,11,GTACTATCTGATAAATGGTA,15,4730369
ybiY_ybiW_predicted,1.4166666666666667,27,11,GTACACGGCACACTAAGTAT,16,4689644
ybiY_ybiW_predicted,1.0833333333333333,23,11,GTAAGCAACGATAGGGCGCT,12,4718547
ybiY_ybiW_predicted,0.16666666666666666,12,11,GGTTGATTTGCGGTACACTG,1,4714844
ybiY_ybiW_predicted,0.5833333333333334,17,11,GGTATCCGAACGGCTCTATT,6,4718701
ybiY_ybiW_predicted,0.75,19,11,GGGTATTTCAAACGCTACCG,8,4731121
ybiY_ybiW_predicted,0.75,19,11,GGGCTCGGATATAACGGGTA,8,4691313
ybiY_ybiW_predicted,0.6666666666666666,18,11,GGGCGGCAGGTAAGGGTCAA,7,4708345
ybiY_ybiW_predicted,0.75,19,11,GGGAGTGATGTCGCACGATC,8,4712548
ybiY_ybiW_predicted,2.0,34,11,GGCGTCCTCTTAACGCTGTC,23,4692894
ybiY_ybiW_predicted,0.5833333333333334,17,11,GGCGGCCTCAGGCTCAATTC,6,4711982
ybiY_ybiW_predicted,0.75,19,11,GGCGCTTCTTTTTCCCTGAT,8,4703462
ybiY_ybiW_predicted,2.1666666666666665,36,11,GGCAAAATCGCATGCCGGTG,25,4725266
ybiY_ybiW_predicted,0.4166666666666667,15,11,GGATTTCCTGGCACAAATTG,4,4704262
ybiY_ybiW_predicted,0.6666666666666666,18,11,GGATTCTGAGTTTCGGATGC,7,4713955
ybiY_ybiW_predicted,0.4166666666666667,15,11,GGAGGACGCTCGTGCCGATG,4,4722640
ybiY_ybiW_predicted,0.3333333333333333,14,11,GCTGTCGTGTTTTGATGTGT,3,4698180
ybiY_ybiW_predicted,1.5,28,11,GCTGGGATCCCATAAGCTGC,17,4721321
ybiY_ybiW_predicted,1.4166666666666667,27,11,GCTACCAACTATACAGCCTC,16,4692556
ybiY_ybiW_predicted,0.8333333333333334,20,11,GCGTTGTGGTTCGGCATTGC,9,4723463
ybiY_ybiW_predicted,1.0833333333333333,23,11,GCGTGTGCTATGAGAAAACA,12,4705598
ybiY_ybiW_predicted,0.4166666666666667,15,11,GCGTAGTGCCCGAGTGCACA,4,4731217
ybiY_ybiW_predicted,0.5,16,11,GCCTTCTACCTATGCGACTG,5,4727511
ybiY_ybiW_predicted,4.583333333333333,65,11,GCCGTCCAAGTGCATCCAGT,54,4710186
ybiY_ybiW_predicted,38.083333333333336,467,11,GCCGGTTTACGGCCTCCCAT,456,4690052
ybiY_ybiW_predicted,0.5833333333333334,17,11,GCCACAAGGCTTGCACTTAT,6,4710764
ybiY_ybiW_predicted,3.1666666666666665,48,11,GCACCAGGACGCCTGACTGA,37,4722548
ybiY_ybiW_predicted,1.6666666666666667,30,11,GCACCAAGACCTGCGTCCAA,19,4695874
ybiY_ybiW_predicted,0.6666666666666666,18,11,GATGAACGATACTTACGTTA,7,4718473
ybiY_ybiW_predicted,3.0,46,11,GATCGATATTAAACAATTGA,35,4694302
ybiY_ybiW_predicted,0.9166666666666666,21,11,GAGTGTTAGCTAAGAAGTGA,10,4702107
ybiY_ybiW_predicted,0.4166666666666667,15,11,GAGTCGTATGCATGAACGGC,4,4701227
ybiY_ybiW_predicted,0.16666666666666666,12,11,GAGTATGGACGGTCGGCTAA,1,4722417
ybiY_ybiW_predicted,1.0,22,11,GAGGCTTGTGTCGTGTAAAT,11,4714346
ybiY_ybiW_predicted,0.8333333333333334,20,11,GAGGCATTGTCGTCTACATT,9,4708834
ybiY_ybiW_predicted,0.75,19,11,GAGAATGTATCCATGAGTGC,8,4725669
ybiY_ybiW_predicted,0.75,19,11,GACTTGCAAGCAAACAAGCA,8,4692419
ybiY_ybiW_predicted,1.0833333333333333,23,11,GACTACGCATGTCAAGGTAA,12,4731368
ybiY_ybiW_predicted,0.16666666666666666,12,11,GACCATAGGCCCGCACGTCC,1,4707475
ybiY_ybiW_predicted,2.4166666666666665,39,11,GACCAGGTCGATAATTAACT,28,4729041
ybiY_ybiW_predicted,1.25,25,11,GACAGCTAAAGACCCTCCAG,14,4707786
ybiY_ybiW_predicted,2.9166666666666665,45,11,GACACCGCTTCATAGATGAT,34,4719310
ybiY_ybiW_predicted,2.0833333333333335,35,11,GACACCCAGAGTCTGGTAGA,24,4704816
ybiY_ybiW_predicted,0.4166666666666667,15,11,GAACGTACAATAGTGAAGTG,4,4729172
ybiY_ybiW_predicted,0.8333333333333334,20,11,GAACCGCCTGAGTCATAGAA,9,4703394
ybiY_ybiW_predicted,0.5,16,11,GAACATCGATTTCTCCACAA,5,4699641
ybiY_ybiW_predicted,5.416666666666667,75,11,CTTTCTTGATGGAGATTGTT,64,4690405
ybiY_ybiW_predicted,1.0833333333333333,23,11,CTTTATAAGTTCCCTAGGAG,12,4700166
ybiY_ybiW_predicted,1.0,22,11,CTTCCAGTTGCCGAATTGTA,11,4692083
ybiY_ybiW_predicted,0.75,19,11,CTGCGTCGTTCCTTGTAAAC,8,4694381
ybiY_ybiW_predicted,0.16666666666666666,12,11,CTGCCGATGGGCAGAATCTA,1,4694610
ybiY_ybiW_predicted,0.16666666666666666,12,11,CTGATGGCTACTCCAGGGAT,1,4694134
ybiY_ybiW_predicted,0.75,19,11,CTCTACGGTCTCATAAGCGT,8,4711346
ybiY_ybiW_predicted,0.5,16,11,CTCGACGTAGGATATCTCCC,5,4700806
ybiY_ybiW_predicted,1.6666666666666667,30,11,CTCCGTTGATCTGTGACTTA,19,4732069
ybiY_ybiW_predicted,1.75,31,11,CTATTTTCCCGTGACTCGGG,20,4700974
ybiY_ybiW_predicted,5.75,79,11,CTATCTAGCGTGTGCCCGGC,68,4712108
ybiY_ybiW_predicted,0.16666666666666666,12,11,CTAGAACTTCCCCGATCGTA,1,4692918
ybiY_ybiW_predicted,0.5833333333333334,17,11,CTAATGAAGAGCCCTTGTGT,6,4700237
ybiY_ybiW_predicted,0.6666666666666666,18,11,CTAACTGTAAAAATCCGCCA,7,4703838
ybiY_ybiW_predicted,2.9166666666666665,45,11,CTAAAACGGTCGTAATTTAG,34,4708205
ybiY_ybiW_predicted,0.5833333333333334,17,11,CGTCACGCCGGTACTAAAGG,6,4701727
ybiY_ybiW_predicted,0.5833333333333334,17,11,CGGGTTAGGCATTACTACCT,6,4698001
ybiY_ybiW_predicted,0.8333333333333334,20,11,CGGGAGAAGGTTATCCGCAA,9,4710529
ybiY_ybiW_predicted,2.0833333333333335,35,11,CGCTCGCCTAGAGCGACCTA,24,4719815
ybiY_ybiW_predicted,1.4166666666666667,27,11,CGCTAGATCTTAGTCTGGGA,16,4700001
ybiY_ybiW_predicted,0.9166666666666666,21,11,CGCGTGATGGTCGCCTCTAG,10,4696409
ybiY_ybiW_predicted,1.4166666666666667,27,11,CGCGTCCCGTTGGACACAAT,16,4723046
ybiY_ybiW_predicted,0.16666666666666666,12,11,CGCCGCTGGCGTGGCCAGGT,1,4689985
ybiY_ybiW_predicted,0.75,19,11,CGCCACCTATGCATTCATCG,8,4702491
ybiY_ybiW_predicted,0.3333333333333333,14,11,CGCCAACCCTGGTTTACCCC,3,4700311
ybiY_ybiW_predicted,0.5833333333333334,17,11,CGCACACGAGACTAGCCAGT,6,4692299
ybiY_ybiW_predicted,0.5,16,11,CGCAAAGGTAGCTTGGTGTC,5,4719932
ybiY_ybiW_predicted,0.5833333333333334,17,11,CGATGTCAATTACGCAAAGT,6,4714853
ybiY_ybiW_predicted,1.0,22,11,CGATCCTGCCCAGGAGAGTA,11,4725539
ybiY_ybiW_predicted,1.0,22,11,CGATCAGAGCTAAGTTGGTT,11,4694374
ybiY_ybiW_predicted,1.0,22,11,CGAGGCGGTATACGAGGTGA,11,4728476
ybiY_ybiW_predicted,0.5833333333333334,17,11,CCTTAGCAATAGAGGACCCA,6,4699872
ybiY_ybiW_predicted,0.5833333333333334,17,11,CCTCGGTTGGTATCTGTAGT,6,4720750
ybiY_ybiW_predicted,0.25,13,11,CCGCAATCCCGGTGTTGCGT,2,4723685
ybiY_ybiW_predicted,0.25,13,11,CCGATCACATAACGTGATCA,2,4692136
ybiY_ybiW_predicted,0.8333333333333334,20,11,CCCTTCGTTCCTAATATGGG,9,4719052
ybiY_ybiW_predicted,0.5,16,11,CCCAGCATGATCCCTCCTGA,5,4699573
ybiY_ybiW_predicted,0.6666666666666666,18,11,CCATGCTGCGAAATTTGGCT,7,4709674
ybiY_ybiW_predicted,0.5,16,11,CATGCTTATCTATCGGTCCG,5,4703381
ybiY_ybiW_predicted,2.1666666666666665,36,11,CATCACATTCACCTTCAGTT,25,4714905
ybiY_ybiW_predicted,0.4166666666666667,15,11,CAGATTAATAACAACTATGA,4,4715783
ybiY_ybiW_predicted,1.0833333333333333,23,11,CACGTGTCTTCGTTCAGATT,12,4704572
ybiY_ybiW_predicted,0.5,16,11,CACGATCCGCGAGGGGGCTG,5,4722772
ybiY_ybiW_predicted,0.16666666666666666,12,11,CACCTTGATCGTGCACCAGT,1,4713609
ybiY_ybiW_predicted,2.1666666666666665,36,11,CACATCCGGACGAATCCTAC,25,4717638
ybiY_ybiW_predicted,1.75,31,11,CAATTACAGACGTCGGCATT,20,4694455
ybiY_ybiW_predicted,0.3333333333333333,14,11,CAACCCTGGGACGTGCACTG,3,4707732
ybiY_ybiW_predicted,0.3333333333333333,14,11,CAACATTAATGTACGGTTTA,3,4715833
ybiY_ybiW_predicted,1.4166666666666667,27,11,CAACATAAGCGACTCCCTTG,16,4715342
ybiY_ybiW_predicted,0.16666666666666666,12,11,CAAAACCTGGGTTTTCTGGG,1,4703987
ybiY_ybiW_predicted,2.0,34,11,ATTACGCCCGGATGGGGCAA,23,4702181
ybiY_ybiW_predicted,0.4166666666666667,15,11,ATGGTCTACCAAGCACCAAA,4,4720303
ybiY_ybiW_predicted,2.5,40,11,ATGCCAGTGTACATCATGAC,29,4708094
ybiY_ybiW_predicted,0.16666666666666666,12,11,ATCGGTGATGCGAGAAATGT,1,4689729
ybiY_ybiW_predicted,4.5,64,11,ATCCGACCGCAATCGAATGA,53,4718748
ybiY_ybiW_predicted,0.3333333333333333,14,11,ATCCGAAGGGTAAGTATTGA,3,4700006
ybiY_ybiW_predicted,0.6666666666666666,18,11,ATAGTACGGTTCTGAGCTAT,7,4706861
ybiY_ybiW_predicted,0.8333333333333334,20,11,AGTTTTTCTGTTGGGACCTG,9,4704549
ybiY_ybiW_predicted,0.25,13,11,AGGAGCCGGATAGGCGGCGG,2,4694000
ybiY_ybiW_predicted,4.583333333333333,65,11,AGACTGCATCGAGCCGCCGT,54,4731543
ybiY_ybiW_predicted,0.16666666666666666,12,11,AGACATCAACCTCCAATAAA,1,4694960
ybiY_ybiW_predicted,0.6666666666666666,18,11,AGAATATGCTATCACAACAA,7,4694851
ybiY_ybiW_predicted,0.25,13,11,AGAACGGCTCGCGAGTTCCC,2,4706357
ybiY_ybiW_predicted,0.25,13,11,ACTTGCCAGAGTAGCGGCGA,2,4697539
ybiY_ybiW_predicted,1.1666666666666667,24,11,ACTGATCGGCAACCCCGGTC,13,4694839
ybiY_ybiW_predicted,1.1666666666666667,24,11,ACGTGTGGATATGTGCCCCC,13,4715663
ybiY_ybiW_predicted,1.0833333333333333,23,11,ACGGTCTCAGTACGTGGCGC,12,4723777
ybiY_ybiW_predicted,1.6666666666666667,30,11,ACGGACCCATTGGACCGAGA,19,4729272
ybiY_ybiW_predicted,1.3333333333333333,26,11,ACGCTGCACCGGCACTGCTT,15,4704931
ybiY_ybiW_predicted,1.75,31,11,ACCCTGGACTCATTCCTTAT,20,4689179
ybiY_ybiW_predicted,0.5833333333333334,17,11,ACAAATTCGCTATCATTAAT,6,4723146
ybiY_ybiW_predicted,0.6666666666666666,18,11,AATTGGATCCCTAGCGTAAT,7,4693869
ybiY_ybiW_predicted,0.9166666666666666,21,11,AATTCGTCTTAAGGTTAGTA,10,4709147
ybiY_ybiW_predicted,0.3333333333333333,14,11,AATATCGCGCAGTAGGCCTA,3,4720301
ybiY_ybiW_predicted,0.3333333333333333,14,11,AATAGTCTTTGGAAATGTAT,3,4721285
ybiY_ybiW_predicted,53.416666666666664,651,11,AATAACAGCTTGTCATGGTT,640,4700022
ybiY_ybiW_predicted,4.416666666666667,63,11,AAGTTTAACGCTTGAATCGT,52,4727088
ybiY_ybiW_predicted,0.5833333333333334,17,11,AAGTTGTCACGCTCTTAGAT,6,4729784
ybiY_ybiW_predicted,0.6666666666666666,18,11,AAGTTGAATCGGGTTTTACC,7,4716397
ybiY_ybiW_predicted,0.5,16,11,AAGTCAATTGCCATACTAAC,5,4716162
ybiY_ybiW_predicted,4.5,64,11,AAGCCCGGATTTGTATAATA,53,4724726
ybiY_ybiW_predicted,0.75,19,11,AACTTCTTGCTCGATAACAA,8,4713420
ybiY_ybiW_predicted,0.5,16,11,AACACGGAGACCGACTGGGT,5,4714663
ybiY_ybiW_predicted,0.9166666666666666,21,11,AAATTACGGGTGGTCTATAA,10,4702469
ybiY_ybiW_predicted,0.5833333333333334,17,11,AAAGGAGTTAGCTGCCGGTA,6,4690883
ybiY_ybiW_predicted,1.0,22,11,AAAGCAGACTTGTGATATTA,11,4717908
ybiY_ybiW_predicted,0.16666666666666666,12,11,AAAGATCCGTCCCGATCGGA,1,4688833
ybiY_ybiW_predicted,1.0833333333333333,23,11,AAAACTACGGACCATCTCTG,12,4697046
ybiY_ybiW_predicted,5.363636363636363,68,10,TTTGCCGCGGCTCGGTTGGT,58,4711134
ybiY_ybiW_predicted,0.9090909090909091,19,10,TTTGACTCATAGACGCTGAT,9,4724283
ybiY_ybiW_predicted,1.9090909090909092,30,10,TTTCTACTGATTCGCGTGGG,20,4692341
ybiY_ybiW_predicted,1.1818181818181819,22,10,TTTATTTCTAAGTCCGGACG,12,4701956
ybiY_ybiW_predicted,0.36363636363636365,13,10,TTGCCAGGTATGCCTGGAAA,3,4699666
ybiY_ybiW_predicted,1.2727272727272727,23,10,TTGCACTACGACAGGGTAGT,13,4713636
ybiY_ybiW_predicted,1.0909090909090908,21,10,TTGCAATCTTGTGAGGTGAC,11,4706095
ybiY_ybiW_predicted,1.5454545454545454,26,10,TTGATTTCATCCTGGCCATG,16,4713502
ybiY_ybiW_predicted,1.0,20,10,TTGAACATACCGTGGGTGAA,10,4716585
ybiY_ybiW_predicted,0.8181818181818182,18,10,TTCTTCTACATCCTCCTGCT,8,4711874
ybiY_ybiW_predicted,0.36363636363636365,13,10,TTCCTCTTTAAATCTCGGAG,3,4703910
ybiY_ybiW_predicted,0.45454545454545453,14,10,TTCCCGTTCCCTGCGCAGTT,4,4703465
ybiY_ybiW_predicted,0.5454545454545454,15,10,TTAGTTGCTATATCGCTTAT,5,4693096
ybiY_ybiW_predicted,0.5454545454545454,15,10,TTAGTCTGCGAACACCTGGA,5,4712025
ybiY_ybiW_predicted,0.9090909090909091,19,10,TTACCGACGCGGCAGGAATT,9,4713205
ybiY_ybiW_predicted,3.727272727272727,50,10,TTACATATTCGCCGTTTCCT,40,4694663
ybiY_ybiW_predicted,0.18181818181818182,11,10,TGTTGTATCTGCGACACATT,1,4690852
ybiY_ybiW_predicted,4.636363636363637,60,10,TGTGGTGGTCTCAACGGGCA,50,4695692
ybiY_ybiW_predicted,1.5454545454545454,26,10,TGTCTGTCTTGAACTGAATA,16,4690582
ybiY_ybiW_predicted,0.5454545454545454,15,10,TGTACCCGAAGCCCAGACCT,5,4705619
ybiY_ybiW_predicted,0.9090909090909091,19,10,TGGTAAGTAACGCGAACCTG,9,4729828
ybiY_ybiW_predicted,2.6363636363636362,38,10,TGGGTAAACCTGCACTCAAA,28,4694457
ybiY_ybiW_predicted,0.18181818181818182,11,10,TGGCGCAACTTCTACGGTGT,1,4695136
ybiY_ybiW_predicted,0.18181818181818182,11,10,TGCTCCTATGTCCGCTAAAA,1,4731054
ybiY_ybiW_predicted,0.8181818181818182,18,10,TGCTCCGCGCGGAGGGTTAG,8,4694153
ybiY_ybiW_predicted,0.45454545454545453,14,10,TGCGATTGATCAGAGGGGAT,4,4718194
ybiY_ybiW_predicted,0.2727272727272727,12,10,TGCCTCAATTAAAAAGACCT,2,4692058
ybiY_ybiW_predicted,5.2727272727272725,67,10,TGCCCTCCCCGGGGGCACGC,57,4726809
ybiY_ybiW_predicted,0.2727272727272727,12,10,TGATCGGTATGTTGCTGCAT,2,4721636
ybiY_ybiW_predicted,0.9090909090909091,19,10,TGATAGCCGCACCCCATGTG,9,4696722
ybiY_ybiW_predicted,0.18181818181818182,11,10,TGATACAGCATCCCTAAGAC,1,4704982
ybiY_ybiW_predicted,14.636363636363637,170,10,TGACGCCGGGATACTTCGTG,160,4710730
ybiY_ybiW_predicted,0.2727272727272727,12,10,TGAATTCCTCATTGATGGGT,2,4692802
ybiY_ybiW_predicted,0.7272727272727273,17,10,TCTTGCAGATACAGTAGGAT,7,4719595
ybiY_ybiW_predicted,0.9090909090909091,19,10,TCTTAGCTATTCGAATCTTA,9,4701949
ybiY_ybiW_predicted,0.5454545454545454,15,10,TCTGTCTACTAGGACCCAGA,5,4725606
ybiY_ybiW_predicted,1.0,20,10,TCTGGCTACTATAGGGCCGT,10,4692730
ybiY_ybiW_predicted,1.5454545454545454,26,10,TCTGATTTAATCGTTACACT,16,4700899
ybiY_ybiW_predicted,0.5454545454545454,15,10,TCTATTACTGGTAAGTTCTT,5,4716604
ybiY_ybiW_predicted,1.5454545454545454,26,10,TCCGACTGGCCACGCATGGT,16,4726718
ybiY_ybiW_predicted,0.36363636363636365,13,10,TCCCGTTTTCAGCGCGCCTT,3,4702776
ybiY_ybiW_predicted,1.6363636363636365,27,10,TCCCCTCAGTATGTTGAAAT,17,4695266
ybiY_ybiW_predicted,0.9090909090909091,19,10,TCCATCCCACCAAGTGAACA,9,4708807
ybiY_ybiW_predicted,3.5454545454545454,48,10,TCATAGCGTCGAGCGTGCTA,38,4731607
ybiY_ybiW_predicted,0.2727272727272727,12,10,TCACGGCAGTTGTGTTACTA,2,4702373
ybiY_ybiW_predicted,0.7272727272727273,17,10,TCACCTACGCCAGTTTGAAG,7,4731669
ybiY_ybiW_predicted,0.36363636363636365,13,10,TCAATATGGGGAATGTGTCT,3,4693646
ybiY_ybiW_predicted,0.5454545454545454,15,10,TCAAGGTCACGCGGGAGGAA,5,4707728
ybiY_ybiW_predicted,1.6363636363636365,27,10,TATGGTGGGCTCGTACAATT,17,4695322
ybiY_ybiW_predicted,0.7272727272727273,17,10,TATCGTAGTCCAGCCACACC,7,4727498
ybiY_ybiW_predicted,3.909090909090909,52,10,TATCGGTGTAACTGCCGTCT,42,4722290
ybiY_ybiW_predicted,2.1818181818181817,33,10,TAGGGATCCGCCGGGGAATA,23,4691068
ybiY_ybiW_predicted,2.1818181818181817,33,10,TAGCGATAAGGGACTCGACT,23,4721852
ybiY_ybiW_predicted,0.9090909090909091,19,10,TACTGTCACGGTTCGGACTG,9,4725568
ybiY_ybiW_predicted,0.5454545454545454,15,10,TACTCACTAGCTAGACCGTT,5,4695733
ybiY_ybiW_predicted,1.6363636363636365,27,10,TACTATGACATGCTGGGTTG,17,4702163
ybiY_ybiW_predicted,0.5454545454545454,15,10,TACGGTAAGGTTTAAAACGG,5,4719198
ybiY_ybiW_predicted,5.363636363636363,68,10,TACCTATAGAGCTGCCGCAG,58,4720841
ybiY_ybiW_predicted,0.8181818181818182,18,10,TACACCAGCCAGAGCGGCCA,8,4701986
ybiY_ybiW_predicted,0.6363636363636364,16,10,TAATCTGTCTTGGGATAATG,6,4688609
ybiY_ybiW_predicted,1.5454545454545454,26,10,TAATCGCACCGATGGCCAAT,16,4726694
ybiY_ybiW_predicted,0.36363636363636365,13,10,TAACTTGCGTCATCCTACTC,3,4709336
ybiY_ybiW_predicted,0.6363636363636364,16,10,TAAATGCGCCTACCGCGGTC,6,4694980
ybiY_ybiW_predicted,1.7272727272727273,28,10,GTTGTGGAGCTGCGTGGAGT,18,4712689
ybiY_ybiW_predicted,14.0,163,10,GTTGGTCTAGGACCCTCTCC,153,4721043
ybiY_ybiW_predicted,0.45454545454545453,14,10,GTTCTCAGGGTGCAAATCGT,4,4689099
ybiY_ybiW_predicted,1.5454545454545454,26,10,GTGTGGGCTTCTCCATCAAC,16,4689549
ybiY_ybiW_predicted,0.18181818181818182,11,10,GTGTACTTAATAAATATCAT,1,4709861
ybiY_ybiW_predicted,0.45454545454545453,14,10,GTGGCGCGCTCATAGCACGG,4,4714843
ybiY_ybiW_predicted,0.36363636363636365,13,10,GTGGAACTGTCGTGGATCCA,3,4705208
ybiY_ybiW_predicted,0.6363636363636364,16,10,GTGCTGACACACAGTCTGGA,6,4701802
ybiY_ybiW_predicted,1.5454545454545454,26,10,GTGAAGGGGACGTCTACTAA,16,4716983
ybiY_ybiW_predicted,0.9090909090909091,19,10,GTCCGAGCCCACACATTTGT,9,4728860
ybiY_ybiW_predicted,0.36363636363636365,13,10,GTAGCTTCGCGCTGTGCGAG,3,4699544
ybiY_ybiW_predicted,0.45454545454545453,14,10,GTAGAAGTGGGTTAGCTTAC,4,4701733
ybiY_ybiW_predicted,0.6363636363636364,16,10,GTACTAGCAGCTAACACAAG,6,4721798
ybiY_ybiW_predicted,0.2727272727272727,12,10,GTAATTATGGGGGTGCAAGA,2,4717297
ybiY_ybiW_predicted,1.9090909090909092,30,10,GGTTGCCGGAAGGGTAGAGC,20,4704727
ybiY_ybiW_predicted,1.2727272727272727,23,10,GGTCCAGTGTTGTATTCAGT,13,4722811
ybiY_ybiW_predicted,0.36363636363636365,13,10,GGTAACATTTGTACACTCTG,3,4727260
ybiY_ybiW_predicted,1.1818181818181819,22,10,GGGTTGATTCCGTTGAGAGA,12,4693513
ybiY_ybiW_predicted,0.8181818181818182,18,10,GGGTGAGTGACATAACACGT,8,4695927
ybiY_ybiW_predicted,1.4545454545454546,25,10,GGGGTGTCTATAACTGTGAA,15,4710164
ybiY_ybiW_predicted,1.0909090909090908,21,10,GGGCGCGCTTCCTAGATGGA,11,4727847
ybiY_ybiW_predicted,0.5454545454545454,15,10,GGCTGGGCACCGAGTCAATG,5,4727210
ybiY_ybiW_predicted,1.0,20,10,GGAGCAGCCACGATCTGCAA,10,4714717
ybiY_ybiW_predicted,1.0909090909090908,21,10,GGACCTTTTCGGACCCGTAA,11,4720540
ybiY_ybiW_predicted,1.6363636363636365,27,10,GGACCGCAGGGTCTGTCGGG,17,4698711
ybiY_ybiW_predicted,0.18181818181818182,11,10,GCTTGGTACAGCTGTTGCAA,1,4724057
ybiY_ybiW_predicted,0.36363636363636365,13,10,GCTTGATAAGATATCTTTTT,3,4703177
ybiY_ybiW_predicted,0.2727272727272727,12,10,GCTCGGCGGCAACCGCTGTG,2,4730110
ybiY_ybiW_predicted,0.9090909090909091,19,10,GCTAGCTGTAGATCAGTGCT,9,4718755
ybiY_ybiW_predicted,1.2727272727272727,23,10,GCTAGCAACAGTGACGAGTT,13,4730222
ybiY_ybiW_predicted,1.6363636363636365,27,10,GCGGCTGCCGAAACATGATG,17,4698151
ybiY_ybiW_predicted,1.1818181818181819,22,10,GCGGCGCTGTCTTGCTTAGG,12,4702569
ybiY_ybiW_predicted,5.090909090909091,65,10,GCCTTGAGCCTTAGGGCATC,55,4694451
ybiY_ybiW_predicted,0.8181818181818182,18,10,GCCTATGCACCGCTTCAAAG,8,4689347
ybiY_ybiW_predicted,0.45454545454545453,14,10,GCCGAATAAAACGGATGACA,4,4708534
ybiY_ybiW_predicted,0.6363636363636364,16,10,GCATTCCAGGCTACCGTCCG,6,4696785
ybiY_ybiW_predicted,0.9090909090909091,19,10,GCATGAGAGACGGATAGAAT,9,4730028
ybiY_ybiW_predicted,0.2727272727272727,12,10,GCAGTTCTCGGCTCCATACT,2,4696939
ybiY_ybiW_predicted,0.6363636363636364,16,10,GCAGAGCAAATAGATGGAGA,6,4718564
ybiY_ybiW_predicted,1.0,20,10,GCACAACCTGTGGCAGGAAG,10,4713948
ybiY_ybiW_predicted,0.9090909090909091,19,10,GCAATGCTTTTGGCCTGGGT,9,4702989
ybiY_ybiW_predicted,0.9090909090909091,19,10,GATCTCAGCGGTCTATCGTT,9,4716246
ybiY_ybiW_predicted,0.18181818181818182,11,10,GACTTTGACAGTCGGCGAAA,1,4717072
ybiY_ybiW_predicted,1.0909090909090908,21,10,GACGTCTGGGTTCGTCTTAT,11,4695027
ybiY_ybiW_predicted,0.7272727272727273,17,10,GACGTCCCATGTAAACGTGT,7,4697818
ybiY_ybiW_predicted,0.2727272727272727,12,10,GACATCAAGTTCATCCCTTA,2,4693217
ybiY_ybiW_predicted,1.6363636363636365,27,10,GAAGCATACGCCTAGGGTGC,17,4703565
ybiY_ybiW_predicted,0.5454545454545454,15,10,GAAAGTTTTCGTCAATTCAA,5,4692342
ybiY_ybiW_predicted,0.6363636363636364,16,10,GAAACTAGACTGGCAGCACA,6,4711080
ybiY_ybiW_predicted,0.45454545454545453,14,10,CTTTTAGTCTCGTTTTGGAG,4,4727815
ybiY_ybiW_predicted,2.090909090909091,32,10,CTTAAGCTCACGTATTCTTG,22,4713213
ybiY_ybiW_predicted,0.18181818181818182,11,10,CTGTTGCTCGTTCTCTGAAA,1,4716164
ybiY_ybiW_predicted,2.090909090909091,32,10,CTGGCTTAGGTATCCTCGCA,22,4700900
ybiY_ybiW_predicted,0.9090909090909091,19,10,CTGGCATTGTTTTTCCGGAG,9,4690302
ybiY_ybiW_predicted,0.8181818181818182,18,10,CTGCGCATTGGTATGCTGAC,8,4694952
ybiY_ybiW_predicted,1.9090909090909092,30,10,CTCGGCGGGTATGGCGTGAA,20,4702898
ybiY_ybiW_predicted,0.2727272727272727,12,10,CTCGACGTCGAGGATAAACA,2,4708502
ybiY_ybiW_predicted,1.0909090909090908,21,10,CTATCTTGCGTTACGCGCTC,11,4716957
ybiY_ybiW_predicted,0.9090909090909091,19,10,CTATCGTGTGTTGGGTAGAA,9,4731396
ybiY_ybiW_predicted,0.8181818181818182,18,10,CTAGATCACAAGAGGAAGAG,8,4706570
ybiY_ybiW_predicted,0.18181818181818182,11,10,CTAATCTGTAGGGCACGAGG,1,4706224
ybiY_ybiW_predicted,0.7272727272727273,17,10,CTAAGACGGTCTTCATCGGG,7,4725537
ybiY_ybiW_predicted,0.5454545454545454,15,10,CGTCGCCACTAAAGAGGAAC,5,4705628
ybiY_ybiW_predicted,0.18181818181818182,11,10,CGTCAGTCCATGGGGAAGTC,1,4689088
ybiY_ybiW_predicted,1.4545454545454546,25,10,CGTACAGTTCGAAACCACAT,15,4723261
ybiY_ybiW_predicted,1.7272727272727273,28,10,CGGAAGTAATTCACGGGACA,18,4726895
ybiY_ybiW_predicted,0.9090909090909091,19,10,CGCTCGTTCCACGCAGGGCA,9,4711586
ybiY_ybiW_predicted,0.8181818181818182,18,10,CGCGCGCCGGCCACAGAGAG,8,4697154
ybiY_ybiW_predicted,0.36363636363636365,13,10,CGCGACCTGAGGAGTTCGGC,3,4700986
ybiY_ybiW_predicted,1.0,20,10,CGCCCAAGGCAGAGCTGGGG,10,4698920
ybiY_ybiW_predicted,0.6363636363636364,16,10,CGCCCAAAGTGTTGCCGCCC,6,4718851
ybiY_ybiW_predicted,7.454545454545454,91,10,CGCACGGCGGCATTTCGCGC,81,4710950
ybiY_ybiW_predicted,1.0909090909090908,21,10,CGATTTGGCCCTTCGTAGGA,11,4705408
ybiY_ybiW_predicted,0.2727272727272727,12,10,CGATTGTCGCAAGCTGAACG,2,4692040
ybiY_ybiW_predicted,1.6363636363636365,27,10,CGATATCGTACCTAAGTATT,17,4689416
ybiY_ybiW_predicted,0.2727272727272727,12,10,CGAGGTTAAGGAATAGGGCT,2,4713470
ybiY_ybiW_predicted,0.6363636363636364,16,10,CGACTTCTTAGGTTCCATCG,6,4723435
ybiY_ybiW_predicted,0.7272727272727273,17,10,CGACCATCCCATGGCAGCAG,7,4694382
ybiY_ybiW_predicted,2.8181818181818183,40,10,CGAATCAAAGCCCATAGTGT,30,4690216
ybiY_ybiW_predicted,0.9090909090909091,19,10,CGAAAGTGGTTTCCTAGGAG,9,4729295
ybiY_ybiW_predicted,3.1818181818181817,44,10,CCTGTGCACCTCTTCTTATA,34,4721855
ybiY_ybiW_predicted,4.0,53,10,CCTCCTGACCCGTGTGCTTG,43,4698259
ybiY_ybiW_predicted,0.18181818181818182,11,10,CCTAAAAAACCGCTTGGTGG,1,4727851
ybiY_ybiW_predicted,1.0909090909090908,21,10,CCGTCCAGGTCCCTTAATAG,11,4691517
ybiY_ybiW_predicted,2.1818181818181817,33,10,CCGGATTACAGAGTTGTCGG,23,4709213
ybiY_ybiW_predicted,1.4545454545454546,25,10,CCGCCTTGAACGGGCACAGC,15,4688709
ybiY_ybiW_predicted,5.7272727272727275,72,10,CCGCCACCGGCCATTCTCCT,62,4692879
ybiY_ybiW_predicted,0.8181818181818182,18,10,CCCTGTGAGCAGCCCGTATA,8,4716351
ybiY_ybiW_predicted,1.3636363636363635,24,10,CCCTGAATTTAAACATAATG,14,4715625
ybiY_ybiW_predicted,1.4545454545454546,25,10,CCCGACACCTTACCTCGGGA,15,4701735
ybiY_ybiW_predicted,1.1818181818181819,22,10,CCCCTTTCGAACCTCGCATA,12,4719664
ybiY_ybiW_predicted,3.272727272727273,45,10,CCCCTCGACAGCCCACTCGG,35,4714391
ybiY_ybiW_predicted,1.0,20,10,CCATTTTGTTCACGGACACA,10,4727008
ybiY_ybiW_predicted,0.45454545454545453,14,10,CCATCTCCACAAAGTTCGTA,4,4732316
ybiY_ybiW_predicted,2.272727272727273,34,10,CCATACCAAATCTGGTGTGG,24,4692690
ybiY_ybiW_predicted,1.1818181818181819,22,10,CCAGTGCGATTGTATGAAAG,12,4691336
ybiY_ybiW_predicted,0.36363636363636365,13,10,CCAGAACTAAAATCCTCCCG,3,4705799
ybiY_ybiW_predicted,0.45454545454545453,14,10,CCAAGAATAAAGTGGAGGTA,4,4704682
ybiY_ybiW_predicted,1.1818181818181819,22,10,CATTGAGTTCACTGGGTCAA,12,4709664
ybiY_ybiW_predicted,0.7272727272727273,17,10,CATTCGCTGTCGGCACCAGT,7,4699645
ybiY_ybiW_predicted,0.18181818181818182,11,10,CAGGGTGGGTCGCGTAGACT,1,4708371
ybiY_ybiW_predicted,0.9090909090909091,19,10,CAGCTTAAAGGTACTTTTTC,9,4700694
ybiY_ybiW_predicted,1.0909090909090908,21,10,CAGATACATAATTTGGCGTC,11,4703208
ybiY_ybiW_predicted,0.6363636363636364,16,10,CACTAACCTATCATCAGCCT,6,4715781
ybiY_ybiW_predicted,1.0909090909090908,21,10,CACGTGTCAGCGGCTTCCCA,11,4729768
ybiY_ybiW_predicted,0.9090909090909091,19,10,CAATGCGCCGAGTCTCATGC,9,4695409
ybiY_ybiW_predicted,0.7272727272727273,17,10,CAATCCGCAGCGGGAGGCAT,7,4689057
ybiY_ybiW_predicted,6.636363636363637,82,10,CAACACCTATAAAAGAGCAA,72,4694584
ybiY_ybiW_predicted,2.5454545454545454,37,10,CAAAGCGTCTAAGGCGCCTC,27,4690188
ybiY_ybiW_predicted,0.5454545454545454,15,10,CAAAATAGGTTTAGTGAAGG,5,4700642
ybiY_ybiW_predicted,0.2727272727272727,12,10,ATTTATGCGCATTCACGACT,2,4707856
ybiY_ybiW_predicted,0.7272727272727273,17,10,ATTGTCCCTGACAGGTAAAT,7,4708573
ybiY_ybiW_predicted,0.36363636363636365,13,10,ATTAGGGCTGCTTTAAACGC,3,4708977
ybiY_ybiW_predicted,1.4545454545454546,25,10,ATGTGGATGGCAGAACCATC,15,4709055
ybiY_ybiW_predicted,1.3636363636363635,24,10,ATGTCTGGGCGTCCACCGGA,14,4702515
ybiY_ybiW_predicted,0.45454545454545453,14,10,ATGTACCGGTGGAATATGCC,4,4698655
ybiY_ybiW_predicted,0.8181818181818182,18,10,ATCTTTATCTAATAAGCATC,8,4691348
ybiY_ybiW_predicted,2.1818181818181817,33,10,ATCGCTCGCCAGGGAGGCCT,23,4697538
ybiY_ybiW_predicted,0.5454545454545454,15,10,ATCCTACAACCAGTTAGCCG,5,4722321
ybiY_ybiW_predicted,0.5454545454545454,15,10,ATCCGTAATCGCCATGAAAG,5,4717301
ybiY_ybiW_predicted,1.6363636363636365,27,10,ATCCGGAGGCTATCATAGAC,17,4730997
ybiY_ybiW_predicted,0.6363636363636364,16,10,ATCATTAATCGACTAAGCAT,6,4725564
ybiY_ybiW_predicted,0.5454545454545454,15,10,ATCACTTTGATCCACGGGAT,5,4711228
ybiY_ybiW_predicted,0.2727272727272727,12,10,ATATTACGGTGTACCCGCTA,2,4688978
ybiY_ybiW_predicted,1.5454545454545454,26,10,ATATGTAGCTGAGGAACATC,16,4724078
ybiY_ybiW_predicted,0.7272727272727273,17,10,ATAGTGAGTCCTGTGATGTG,7,4708692
ybiY_ybiW_predicted,1.3636363636363635,24,10,ATAGGGGATTTTATAGGTGA,14,4726413
ybiY_ybiW_predicted,0.18181818181818182,11,10,ATAGCCCAGCCAGTTCGGTC,1,4723048
ybiY_ybiW_predicted,0.45454545454545453,14,10,ATACAAGAAATTTCCCTGCA,4,4718796
ybiY_ybiW_predicted,0.36363636363636365,13,10,ATAAATTGAGAAGGGCATTC,3,4725803
ybiY_ybiW_predicted,0.9090909090909091,19,10,AGTGGTATTGCGCAAGCAGC,9,4698208
ybiY_ybiW_predicted,1.3636363636363635,24,10,AGTCAGAGATGCCGATTATC,14,4717208
ybiY_ybiW_predicted,1.9090909090909092,30,10,AGGGGACCAGTTATCGGTGT,20,4704312
ybiY_ybiW_predicted,0.8181818181818182,18,10,AGGCTGCGCCCGGGATCCCG,8,4689131
ybiY_ybiW_predicted,0.8181818181818182,18,10,AGGCCACGCCTAGAATTCCG,8,4703549
ybiY_ybiW_predicted,1.3636363636363635,24,10,AGGCACTACATATTTCTAGT,14,4714695
ybiY_ybiW_predicted,2.1818181818181817,33,10,AGGAAAAGAGCCCTTACACT,23,4721339
ybiY_ybiW_predicted,0.45454545454545453,14,10,AGCTGGTCTCGCTAAACTGC,4,4694051
ybiY_ybiW_predicted,0.9090909090909091,19,10,AGCCGGGTTACCAGTGACGT,9,4688789
ybiY_ybiW_predicted,0.45454545454545453,14,10,AGCAGGGGATAGAGGAACTG,4,4720175
ybiY_ybiW_predicted,1.0,20,10,AGATCTACGCTGAATTACCC,10,4708858
ybiY_ybiW_predicted,0.2727272727272727,12,10,AGAGTGTGGTGGGTTGCAGA,2,4720454
ybiY_ybiW_predicted,1.1818181818181819,22,10,AGAGCGGCATGCCGTGCGTG,12,4731515
ybiY_ybiW_predicted,0.2727272727272727,12,10,AGACTTAACTGATCTCTTGA,2,4694459
ybiY_ybiW_predicted,0.7272727272727273,17,10,AGAAGTTCCTGGAATGGACA,7,4711958
ybiY_ybiW_predicted,1.5454545454545454,26,10,ACTGCCTCTCGAACTGAGGC,16,4727565
ybiY_ybiW_predicted,2.1818181818181817,33,10,ACGTTACGTAATGGTGACTT,23,4731731
ybiY_ybiW_predicted,0.9090909090909091,19,10,ACGGGGTTCAGATGACGGCT,9,4701878
ybiY_ybiW_predicted,1.0909090909090908,21,10,ACGGCGCAAGTCAACAGGCT,11,4724206
ybiY_ybiW_predicted,0.36363636363636365,13,10,ACGGCCGAGTTCCCACCGAT,3,4690711
ybiY_ybiW_predicted,0.8181818181818182,18,10,ACGCGAAAGCAGATGGGTAA,8,4721948
ybiY_ybiW_predicted,1.7272727272727273,28,10,ACGCCATGGGTTTTACCATG,18,4719779
ybiY_ybiW_predicted,0.5454545454545454,15,10,ACGAAGCAACGCCTCCACTC,5,4728463
ybiY_ybiW_predicted,0.45454545454545453,14,10,ACGAAAATAGCGATGAAATA,4,4689548
ybiY_ybiW_predicted,0.9090909090909091,19,10,ACCTATATGGTTATGAGAAT,9,4720044
ybiY_ybiW_predicted,0.2727272727272727,12,10,ACCGCCCCCCGCTCTGTCTC,2,4720705
ybiY_ybiW_predicted,2.1818181818181817,33,10,ACCGCATCTAGGTCCCCAAT,23,4694301
ybiY_ybiW_predicted,1.5454545454545454,26,10,ACCACTATACATTAAATGAA,16,4719867
ybiY_ybiW_predicted,1.1818181818181819,22,10,ACCAATGATCCCGTTATGCT,12,4690576
ybiY_ybiW_predicted,0.8181818181818182,18,10,ACATCAGGACATAAAGTTAA,8,4717106
ybiY_ybiW_predicted,0.2727272727272727,12,10,ACAGACGCAACCTGGCTACC,2,4713762
ybiY_ybiW_predicted,0.8181818181818182,18,10,ACACTTAACTTTTGCATTTG,8,4698604
ybiY_ybiW_predicted,1.0909090909090908,21,10,ACACATGGTGCGATTACTGA,11,4728478
ybiY_ybiW_predicted,1.0909090909090908,21,10,ACAATACCGCTTCCCTGTGT,11,4731257
ybiY_ybiW_predicted,0.6363636363636364,16,10,AATTTTCAGTTCGTGGTTCA,6,4698561
ybiY_ybiW_predicted,3.3636363636363638,46,10,AATTCGGATCCAAGACTTCC,36,4702180
ybiY_ybiW_predicted,1.3636363636363635,24,10,AATGCTTCCGCCGACGGATC,14,4698930
ybiY_ybiW_predicted,1.0,20,10,AATCCAGCTGTGCGAGAAAG,10,4707885
ybiY_ybiW_predicted,1.7272727272727273,28,10,AATATTTCGTTCCACGGGAT,18,4702689
ybiY_ybiW_predicted,0.7272727272727273,17,10,AATATTGTTTACCATTATGG,7,4707335
ybiY_ybiW_predicted,0.2727272727272727,12,10,AATATGCCCTTCCCTTCGAT,2,4706252
ybiY_ybiW_predicted,0.9090909090909091,19,10,AATATGAAATCACTGAAAGT,9,4693141
ybiY_ybiW_predicted,1.1818181818181819,22,10,AAGTGGATCGGTCCATCACT,12,4707958
ybiY_ybiW_predicted,1.4545454545454546,25,10,AAGGCTCCCAATTAGGGAGG,15,4720882
ybiY_ybiW_predicted,0.5454545454545454,15,10,AAGCTTATGAGAAGATGTGG,5,4727015
ybiY_ybiW_predicted,0.6363636363636364,16,10,AAGCATCTTGGTTTTCCCCA,6,4699858
ybiY_ybiW_predicted,0.8181818181818182,18,10,AACTGGGTTTGCTGCGGCAG,8,4699576
ybiY_ybiW_predicted,0.18181818181818182,11,10,AACGTGGTCCTCGGGGCTAC,1,4706915
ybiY_ybiW_predicted,0.7272727272727273,17,10,AACGGTACCAACGCGGACAT,7,4694707
ybiY_ybiW_predicted,0.7272727272727273,17,10,AACCCGCGTCTTAGAATCAG,7,4692815
ybiY_ybiW_predicted,0.5454545454545454,15,10,AACACTGGCTGAATCCATTT,5,4719807
ybiY_ybiW_predicted,2.0,31,10,AAATCCTGAGGGCATTTGCT,21,4731216
ybiY_ybiW_predicted,1.0909090909090908,21,10,AAAGCCATTCACTTGAAAGA,11,4688571
ybiY_ybiW_predicted,0.5454545454545454,15,10,AAAGACTAGTGCTTTAGGTT,5,4728493
ybiY_ybiW_predicted,1.0909090909090908,21,10,AAAAACCATCTTGAGTACAA,11,4703779
ybiY_ybiW_predicted,0.9,17,9,TTTTCAACGCTCTGCTGATT,8,4701678
ybiY_ybiW_predicted,1.2,20,9,TTTCTTCCGCGTCCTAAGTT,11,4704498
ybiY_ybiW_predicted,0.2,10,9,TTTCTCAATCGTCGTCTTCG,1,4731070
ybiY_ybiW_predicted,4.1,49,9,TTGCCCCATATGAAAGGGGG,40,4729419
ybiY_ybiW_predicted,0.7,15,9,TTGCAGAAGGCTGTTAATAG,6,4698122
ybiY_ybiW_predicted,0.2,10,9,TTCTTTACAGTGGTATTAAA,1,4729123
ybiY_ybiW_predicted,0.7,15,9,TTCTAAGCCACCGTTCAGGT,6,4696048
ybiY_ybiW_predicted,0.7,15,9,TTCGTTGGCTATTCCCCTTT,6,4712317
ybiY_ybiW_predicted,4.5,53,9,TTCGATACAGTGCTCTTCAC,44,4710160
ybiY_ybiW_predicted,0.2,10,9,TTCCAGCAGTTCTGTCCGTG,1,4698064
ybiY_ybiW_predicted,0.3,11,9,TTCATCCGTCTACTGCGAGT,2,4724476
ybiY_ybiW_predicted,0.6,14,9,TTCAGCACGTTAAACGTCTA,5,4702389
ybiY_ybiW_predicted,3.3,41,9,TTCAGACGTCGTGGCTTTGT,32,4698712
ybiY_ybiW_predicted,1.4,22,9,TTATCGCAGAATGTTTGGCA,13,4716294
ybiY_ybiW_predicted,0.2,10,9,TTAGTGCTAAAGCGCGTTGG,1,4692562
ybiY_ybiW_predicted,0.2,10,9,TTAGCCTACTAATTTGGAGT,1,4706315
ybiY_ybiW_predicted,0.7,15,9,TTAGACTCGGGCAACGAAGC,6,4722168
ybiY_ybiW_predicted,2.1,29,9,TTAGAACGTCGGCCCGGGCT,20,4702425
ybiY_ybiW_predicted,2.6,34,9,TTACTTTTCTTCGGCTATAT,25,4720704
ybiY_ybiW_predicted,1.4,22,9,TTACCTACGTCGGCAGGCTT,13,4708206
ybiY_ybiW_predicted,0.6,14,9,TTAATATTCCGATGGTCACG,5,4693631
ybiY_ybiW_predicted,1.1,19,9,TTAAGCGATTACCACGAGGC,10,4709059
ybiY_ybiW_predicted,2.5,33,9,TTAAAAACGTATCGTGCGAG,24,4723180
ybiY_ybiW_predicted,1.6,24,9,TGTTGTCCCGGGTAAGCTAA,15,4702177
ybiY_ybiW_predicted,0.8,16,9,TGTGTTCCCGTGAAGTATAC,7,4703084
ybiY_ybiW_predicted,4.2,50,9,TGTGGGCGTTTGCAGATACA,41,4689257
ybiY_ybiW_predicted,0.6,14,9,TGTGGAGTGAGCTTAATGTG,5,4711538
ybiY_ybiW_predicted,2.0,28,9,TGTCGGCTAGAGCGAGCCAG,19,4703293
ybiY_ybiW_predicted,0.4,12,9,TGTCGCCCGGTTGCCTCGAG,3,4724050
ybiY_ybiW_predicted,3.8,46,9,TGTCAGAACGGTGAACACAT,37,4698713
ybiY_ybiW_predicted,2.1,29,9,TGTATTGATAATCCGTCCGA,20,4714918
ybiY_ybiW_predicted,1.1,19,9,TGTATGCGAGATCTCTGAAT,10,4698485
ybiY_ybiW_predicted,0.4,12,9,TGGGGTGAGGTGTAAGCAGA,3,4713754
ybiY_ybiW_predicted,0.3,11,9,TGGCACGTTTCTAGGACCCA,2,4731818
ybiY_ybiW_predicted,1.0,18,9,TGCTTCCTAGTGACAAGATC,9,4690095
ybiY_ybiW_predicted,1.0,18,9,TGCGGACTGTATCCCATTGG,9,4712778
ybiY_ybiW_predicted,6.8,76,9,TGCCAAACGGCGGGTCATAG,67,4710796
ybiY_ybiW_predicted,0.7,15,9,TGCACCGGCAGCTAGTGGTG,6,4707334
ybiY_ybiW_predicted,1.0,18,9,TGAGTTTCGCCCGGTTCCAG,9,4725499
ybiY_ybiW_predicted,7.0,78,9,TGACCCTCTTCAATAGCTCA,69,4694591
ybiY_ybiW_predicted,1.2,20,9,TGACACACGGATTCCAGTAG,11,4718932
ybiY_ybiW_predicted,1.3,21,9,TCTTTCTCACGGTCCGCAAC,12,4723414
ybiY_ybiW_predicted,0.3,11,9,TCGTGAGGTTTAACGGTGTT,2,4726970
ybiY_ybiW_predicted,24.4,252,9,TCGGTGTCGCTCGGCACATA,243,4710927
ybiY_ybiW_predicted,0.4,12,9,TCGGCCAGCTGACTGTGTAG,3,4695292
ybiY_ybiW_predicted,0.5,13,9,TCATTCATGTTTACGGGATG,4,4698125
ybiY_ybiW_predicted,1.8,26,9,TCACTTTTTCATGTCATCTT,17,4712979
ybiY_ybiW_predicted,0.6,14,9,TCACGGTGTGTCTATATACA,5,4716357
ybiY_ybiW_predicted,0.6,14,9,TCAAGGAGTGGAATACCGGC,5,4721743
ybiY_ybiW_predicted,0.5,13,9,TCAACGTAGTCTCACTGTGC,4,4731376
ybiY_ybiW_predicted,4.1,49,9,TATTGTGTTAGATTAGTTAA,40,4729863
ybiY_ybiW_predicted,0.7,15,9,TATTGCCGAGATCCCGCGAG,6,4694528
ybiY_ybiW_predicted,0.6,14,9,TATCAAGGTAAGAGCTCTTG,5,4729528
ybiY_ybiW_predicted,0.9,17,9,TATAGATAAAGCTAATTACA,8,4722836
ybiY_ybiW_predicted,0.2,10,9,TATACACACTATCCATATGC,1,4692933
ybiY_ybiW_predicted,1.6,24,9,TAGGCTTTTTCTATCGGTAC,15,4703201
ybiY_ybiW_predicted,0.4,12,9,TAGCTCAACAGTTTGTGATT,3,4716356
ybiY_ybiW_predicted,0.4,12,9,TACTTGATTGGCATTTAGGA,3,4721601
ybiY_ybiW_predicted,3.6,44,9,TACGGGTATTACTTGCGCCG,35,4723264
ybiY_ybiW_predicted,0.3,11,9,TACCTTTAGGCTCAGAGCGG,2,4694706
ybiY_ybiW_predicted,0.6,14,9,TACAGGGAGGTCCACCGTAA,5,4694028
ybiY_ybiW_predicted,0.4,12,9,TACAAGATGGTACGGGTGGT,3,4692873
ybiY_ybiW_predicted,0.6,14,9,TAAACTCTTACTCGGTCGTC,5,4729606
ybiY_ybiW_predicted,0.5,13,9,GTTTGGCCACCGCCAAGCTC,4,4691886
ybiY_ybiW_predicted,0.5,13,9,GTTTCATATACTTACCGTAC,4,4706142
ybiY_ybiW_predicted,0.6,14,9,GTTGGTCATTTGTGTTTTTT,5,4730376
ybiY_ybiW_predicted,0.9,17,9,GTGTGGAGAATTGCGTAGAG,8,4722565
ybiY_ybiW_predicted,4.7,55,9,GTGTGCGGTCGCACCAGCTG,46,4714672
ybiY_ybiW_predicted,26.5,273,9,GTGTACGTCTGCTCTCGTGC,264,4713658
ybiY_ybiW_predicted,0.2,10,9,GTGGTAACATGCTTCGCCGT,1,4699492
ybiY_ybiW_predicted,0.8,16,9,GTGGACATGAAAGCCTTTGC,7,4720659
ybiY_ybiW_predicted,6.3,71,9,GTGCGGATGGATGGGTTAAC,62,4696429
ybiY_ybiW_predicted,2.3,31,9,GTCTACGGGGATGTCCTGAT,22,4729500
ybiY_ybiW_predicted,4.4,52,9,GTCGTAGCTAGTCCCCATGC,43,4699188
ybiY_ybiW_predicted,28.5,293,9,GTCCGTGGGCTCAATCGGTT,284,4697089
ybiY_ybiW_predicted,0.5,13,9,GTCCAAAAATGGTATCGTTA,4,4693618
ybiY_ybiW_predicted,1.1,19,9,GTCACTAAGGTACACTGCGT,10,4703718
ybiY_ybiW_predicted,0.5,13,9,GTAGTAACGAGGGTCCGGCT,4,4706187
ybiY_ybiW_predicted,0.7,15,9,GTAGCACGGTTGATCAACAC,6,4704503
ybiY_ybiW_predicted,0.5,13,9,GTACACCCGGGTTAGGTGCC,4,4722590
ybiY_ybiW_predicted,0.7,15,9,GTAATGTCAATCATCACGGC,6,4704121
ybiY_ybiW_predicted,0.9,17,9,GGTGTTTAAACAAGGCTAAG,8,4717616
ybiY_ybiW_predicted,1.0,18,9,GGTGTTCTACTGTCGAGCCG,9,4719704
ybiY_ybiW_predicted,0.5,13,9,GGTCTGTATAGGTAGTTACG,4,4703037
ybiY_ybiW_predicted,1.3,21,9,GGTCCGGGTGCTTTGATAGC,12,4694078
ybiY_ybiW_predicted,0.9,17,9,GGTCCCGCAGAATGTCAGAG,8,4697585
ybiY_ybiW_predicted,0.8,16,9,GGTATTGTTTCTGGGCAGGC,7,4707206
ybiY_ybiW_predicted,0.2,10,9,GGCTCCTATGCCCCGCCTCG,1,4707579
ybiY_ybiW_predicted,0.4,12,9,GGCGCCTTATAACAACATGG,3,4699703
ybiY_ybiW_predicted,1.4,22,9,GGCATGGGATGCTAGTAGGC,13,4700595
ybiY_ybiW_predicted,0.4,12,9,GGCACCACGGGGGGGGACGC,3,4723017
ybiY_ybiW_predicted,0.8,16,9,GGAGGGCTAGGCAGATGGCA,7,4697794
ybiY_ybiW_predicted,0.3,11,9,GGAGAACTGGCAGATGAGTA,2,4693013
ybiY_ybiW_predicted,4.3,51,9,GGACTATTATGCGCAAACCT,42,4709896
ybiY_ybiW_predicted,0.8,16,9,GGACGGTACCGTCAAGCCAC,7,4723222
ybiY_ybiW_predicted,0.7,15,9,GGAACGAAAATTTCGACTTA,6,4719205
ybiY_ybiW_predicted,0.9,17,9,GCTTGAAGCGTATGGAGTAT,8,4696492
ybiY_ybiW_predicted,0.3,11,9,GCTGTTATGGATCAATGGTA,2,4721289
ybiY_ybiW_predicted,0.8,16,9,GCTCGGGTATGATTAGAGGT,7,4690859
ybiY_ybiW_predicted,0.7,15,9,GCGCCCCATTTTTTTTACTG,6,4695340
ybiY_ybiW_predicted,0.2,10,9,GCGACGGGCATAGCACGTGA,1,4694164
ybiY_ybiW_predicted,0.2,10,9,GCGAAACTTCGGTAGTTCTC,1,4723779
ybiY_ybiW_predicted,0.4,12,9,GCCTTTTCAATGCTTGCTTG,3,4713198
ybiY_ybiW_predicted,15.8,166,9,GCCTTAGTCGCCACTGTTTT,157,4716424
ybiY_ybiW_predicted,1.9,27,9,GCCTGAGACACACATTGTTT,18,4729873
ybiY_ybiW_predicted,0.7,15,9,GCCTCCGCCTGAACGACTCT,6,4728188
ybiY_ybiW_predicted,5.4,62,9,GCCATACCTAGCTACTCTTT,53,4696426
ybiY_ybiW_predicted,0.5,13,9,GCCACGTCCTCAAGGTGTAG,4,4718902
ybiY_ybiW_predicted,0.6,14,9,GCAAGACGGAAACAGGAGAT,5,4700524
ybiY_ybiW_predicted,0.4,12,9,GATTGGTACCTTGTTCGACT,3,4723681
ybiY_ybiW_predicted,0.6,14,9,GATGTTATCGAAAGCAACAC,5,4713608
ybiY_ybiW_predicted,0.2,10,9,GATGACAGCTGTCTCCGCGT,1,4700805
ybiY_ybiW_predicted,0.4,12,9,GATAGTTGAGTCCCAAGGGT,3,4732015
ybiY_ybiW_predicted,2.7,35,9,GAGTTAAATAGTTCGTTAAT,26,4703770
ybiY_ybiW_predicted,0.2,10,9,GAGGCGGGCCTACACGTAGA,1,4731399
ybiY_ybiW_predicted,0.5,13,9,GAGGAGCAGCCAGATTGTGT,4,4705034
ybiY_ybiW_predicted,0.8,16,9,GAGGAATTACATAAAGTACA,7,4702589
ybiY_ybiW_predicted,1.7,25,9,GAGAGTGCAGGTCTTCTCTA,16,4699758
ybiY_ybiW_predicted,1.7,25,9,GAGACCGCATAACACTTGAC,16,4716475
ybiY_ybiW_predicted,1.4,22,9,GACTATCTACACCACCCTGT,13,4724774
ybiY_ybiW_predicted,0.3,11,9,GACATGTGCCTGACGAGTGT,2,4702568
ybiY_ybiW_predicted,1.5,23,9,GACAGTTTACGGAGCAGTGC,14,4724612
ybiY_ybiW_predicted,0.7,15,9,GAAGTCTAGATTCTCGGAGG,6,4691848
ybiY_ybiW_predicted,1.7,25,9,GAAGGCTTGCTATTGTGGGG,16,4707685
ybiY_ybiW_predicted,0.6,14,9,GAAGGCCCTATCACGATAAA,5,4726635
ybiY_ybiW_predicted,2.4,32,9,GAACTTGGGCACAGGGGGCA,23,4718950
ybiY_ybiW_predicted,1.8,26,9,GAAACGCTCGTTTCGTCTAG,17,4698917
ybiY_ybiW_predicted,0.2,10,9,GAAACCCGGCCGTCTCATAC,1,4709513
ybiY_ybiW_predicted,1.2,20,9,GAAACAAGAGCGGTCCTCCT,11,4719045
ybiY_ybiW_predicted,0.8,16,9,CTTCCTATGTAGTTATAGTT,7,4704036
ybiY_ybiW_predicted,1.0,18,9,CTTCCGGACGGAGGCGGGCT,9,4730759
ybiY_ybiW_predicted,0.2,10,9,CTTATCAATATAAAAGATTG,1,4709535
ybiY_ybiW_predicted,0.5,13,9,CTGTTTATATATGGGGACCA,4,4704851
ybiY_ybiW_predicted,0.8,16,9,CTGTGTCCTCTAGGTGAAAC,7,4694261
ybiY_ybiW_predicted,24.6,254,9,CTGTAGTGCATAGGGCTTTC,245,4721037
ybiY_ybiW_predicted,0.9,17,9,CTGGGTGTTCGCCAGTAAAG,8,4729120
ybiY_ybiW_predicted,1.5,23,9,CTCTGTCCACTCTGAAGAGT,14,4713574
ybiY_ybiW_predicted,0.6,14,9,CTCTCCCCAAGTTGAGTCAA,5,4700014
ybiY_ybiW_predicted,5.7,65,9,CTCAGTACCCAAGATTGATT,56,4691487
ybiY_ybiW_predicted,1.2,20,9,CTCACACTGTTAAGTGACGA,11,4720868
ybiY_ybiW_predicted,0.8,16,9,CTAGGGTTAGTGGCGAGCTA,7,4696105
ybiY_ybiW_predicted,0.3,11,9,CTAGGCCTATTCTAATCTCG,2,4708110
ybiY_ybiW_predicted,0.4,12,9,CGTTCGATCACTAACTGGTT,3,4701003
ybiY_ybiW_predicted,0.7,15,9,CGTAAGGTCTTGTTAACTCC,6,4724029
ybiY_ybiW_predicted,0.8,16,9,CGGTTTGTGCTAGTAACCCC,7,4688858
ybiY_ybiW_predicted,2.2,30,9,CGGTGGGTTCATTACGTAGG,21,4703296
ybiY_ybiW_predicted,0.6,14,9,CGGTCCTGTCAACCCGGAAT,5,4711078
ybiY_ybiW_predicted,34.5,353,9,CGGCTGTAAATGGATGATGG,344,4722974
ybiY_ybiW_predicted,2.7,35,9,CGGATACGCAATTATACCTT,26,4703592
ybiY_ybiW_predicted,0.2,10,9,CGGAGCGACACGGATTCAGT,1,4712957
ybiY_ybiW_predicted,0.5,13,9,CGCTGACTAATGGGTTCGCA,4,4720645
ybiY_ybiW_predicted,8.4,92,9,CGCGTAAAGGTTGAGAAAAA,83,4711379
ybiY_ybiW_predicted,9.6,104,9,CGAATATGGAGTCACGCGTT,95,4731094
ybiY_ybiW_predicted,3.6,44,9,CGAAGCGGCACTCAACCGGG,35,4715467
ybiY_ybiW_predicted,0.4,12,9,CGAACGAGAGAGTCATGCGT,3,4707109
ybiY_ybiW_predicted,2.1,29,9,CGAAATTAGGCGGAGGCCAG,20,4724725
ybiY_ybiW_predicted,0.3,11,9,CCTATCTGGGCACTGCACTG,2,4717019
ybiY_ybiW_predicted,6.5,73,9,CCGTAGGTGAAGGCGGGCTT,64,4711505
ybiY_ybiW_predicted,1.8,26,9,CCGTAAAATGTGTATGGCCA,17,4723341
ybiY_ybiW_predicted,16.3,171,9,CCGATTACGGTTGAAATGAC,162,4721005
ybiY_ybiW_predicted,1.3,21,9,CCGAAACATAAGCGTACATT,12,4692043
ybiY_ybiW_predicted,0.9,17,9,CCATGTGTTAGTCAATAGCG,8,4698264
ybiY_ybiW_predicted,0.2,10,9,CCAGGGCGAAGATCCCGAGT,1,4694376
ybiY_ybiW_predicted,1.5,23,9,CCAGGAGGGAAGGTTTCACG,14,4697718
ybiY_ybiW_predicted,0.8,16,9,CCAACTCATGCTTAGTTTCA,7,4696741
ybiY_ybiW_predicted,0.2,10,9,CATTTCAAGGTTTTAATATG,1,4692564
ybiY_ybiW_predicted,1.6,24,9,CATTGCGCCCTTAAGGGATA,15,4714534
ybiY_ybiW_predicted,1.1,19,9,CATGTGTGCCCTTCGCTGGT,10,4701426
ybiY_ybiW_predicted,2.4,32,9,CATCCGCTGGACCCGCCCAC,23,4694463
ybiY_ybiW_predicted,1.1,19,9,CATCCACAGAATCTCGCTTG,10,4706634
ybiY_ybiW_predicted,0.4,12,9,CATATGGGGGGCACCTAGCA,3,4726257
ybiY_ybiW_predicted,1.0,18,9,CAGTGCTCACGGAGAAACAT,9,4714484
ybiY_ybiW_predicted,1.2,20,9,CAGCGAAGTCGGCAACAGCA,11,4716673
ybiY_ybiW_predicted,0.8,16,9,CAGCCTTATGAATTTGGCTG,7,4692508
ybiY_ybiW_predicted,0.3,11,9,CAGAGTCCCATCGTCCTTTA,2,4708267
ybiY_ybiW_predicted,1.8,26,9,CAGACCCATGCCTATCACAC,17,4701417
ybiY_ybiW_predicted,0.6,14,9,CAGAATCTGGGACCCAAAAA,5,4700523
ybiY_ybiW_predicted,0.9,17,9,CACTATACTGGAATAGCGCA,8,4723970
ybiY_ybiW_predicted,0.5,13,9,CACATCAATTCGTCTGTCCC,4,4718365
ybiY_ybiW_predicted,0.8,16,9,CAATGACCTGTTTTTCTAAG,7,4730290
ybiY_ybiW_predicted,0.9,17,9,CAAGCAATCGCGAGTGGAAC,8,4718197
ybiY_ybiW_predicted,0.5,13,9,CAACGGCTGGCGGAGAACAC,4,4712816
ybiY_ybiW_predicted,0.7,15,9,ATTGTCTTCCAAATTTATAA,6,4720061
ybiY_ybiW_predicted,1.3,21,9,ATTGGTCTGCGCGATCAAAT,12,4725730
ybiY_ybiW_predicted,0.2,10,9,ATTGGCCGCCCTAGGTAGAA,1,4699831
ybiY_ybiW_predicted,0.6,14,9,ATTCGCGGTTTAGTCCACGT,5,4724270
ybiY_ybiW_predicted,1.6,24,9,ATTACAAATTGTACGGCTAC,15,4720176
ybiY_ybiW_predicted,0.2,10,9,ATGTGGGACCGACCGTTCAT,1,4703654
ybiY_ybiW_predicted,0.2,10,9,ATGTCTGCTAAACATGTACC,1,4711947
ybiY_ybiW_predicted,0.9,17,9,ATGGTTGCTAGTTCACACGG,8,4716862
ybiY_ybiW_predicted,0.7,15,9,ATCGTACCGGAGGCTCGATC,6,4692443
ybiY_ybiW_predicted,1.1,19,9,ATCCATGGACGAGTTCAACG,10,4720803
ybiY_ybiW_predicted,0.7,15,9,ATCAATGAGCTGGAGGGAAA,6,4693043
ybiY_ybiW_predicted,1.0,18,9,ATAGTTGGAAATTAGGGTGT,9,4703603
ybiY_ybiW_predicted,0.5,13,9,ATACTACTGCAATTTTTAGA,4,4728520
ybiY_ybiW_predicted,0.5,13,9,ATAATACGTTCTTACGAACG,4,4706359
ybiY_ybiW_predicted,0.2,10,9,ATAAAGATAAGCATCATTTA,1,4711877
ybiY_ybiW_predicted,1.1,19,9,AGTTTTTGGTTCACTTCTTG,10,4719159
ybiY_ybiW_predicted,2.5,33,9,AGTTTGGCCCGCCATCACTC,24,4723164
ybiY_ybiW_predicted,0.7,15,9,AGTCCGGGCACTGGCCGTGA,6,4706472
ybiY_ybiW_predicted,0.5,13,9,AGTAGCGCCTTCCACGACAT,4,4699804
ybiY_ybiW_predicted,2.9,37,9,AGTAAAACTGAAGGGGAGCC,28,4706837
ybiY_ybiW_predicted,0.7,15,9,AGGTTAATCGGCCAGGAGGA,6,4724014
ybiY_ybiW_predicted,4.1,49,9,AGGGGTTAAGGTTATCGAGA,40,4729530
ybiY_ybiW_predicted,0.2,10,9,AGGCCATTTCTTGCGGATCG,1,4714341
ybiY_ybiW_predicted,0.5,13,9,AGGCCACTCTCGCGTCACTA,4,4696057
ybiY_ybiW_predicted,0.7,15,9,AGGATAGTTCCCTCAGTGAC,6,4730076
ybiY_ybiW_predicted,0.3,11,9,AGGATACCTGCCTATATTCA,2,4715291
ybiY_ybiW_predicted,1.5,23,9,AGCTTTTAACATACAGAATG,14,4707995
ybiY_ybiW_predicted,0.4,12,9,AGCGACCGGCACGCTTGGGG,3,4713361
ybiY_ybiW_predicted,1.3,21,9,AGCCGCCCAAAGGGGAAACA,12,4688970
ybiY_ybiW_predicted,1.4,22,9,AGCACGCGTCGTCGCGGCGT,13,4699942
ybiY_ybiW_predicted,1.7,25,9,AGCACATGCCCAGCGTTGTC,16,4723104
ybiY_ybiW_predicted,5.3,61,9,AGCAATTGAGCTTTGGCAGT,52,4725411
ybiY_ybiW_predicted,2.1,29,9,AGAAGCATGTACAATGATCT,20,4698040
ybiY_ybiW_predicted,2.4,32,9,AGAACTCCTCACTGCTGCCT,23,4726407
ybiY_ybiW_predicted,1.4,22,9,ACTCCCTTCGGTCTATAAGC,13,4692445
ybiY_ybiW_predicted,0.9,17,9,ACTAGGATCCATAGAAGCCG,8,4730179
ybiY_ybiW_predicted,0.4,12,9,ACGTAGTGCTTCTGCCTTCA,3,4709998
ybiY_ybiW_predicted,1.2,20,9,ACGACCTGGGGTCGTGCTTC,11,4713027
ybiY_ybiW_predicted,0.5,13,9,ACCTACTAGACAAGATGCCA,4,4709293
ybiY_ybiW_predicted,2.8,36,9,ACCTAACGCATAGCCTTCCT,27,4709185
ybiY_ybiW_predicted,2.1,29,9,ACCGTCGGGAGCTGACGTAG,20,4731225
ybiY_ybiW_predicted,0.9,17,9,ACCCTAATCCTGTGTAACAC,8,4706213
ybiY_ybiW_predicted,0.9,17,9,ACCCGCGAATGACCTACGAA,8,4710372
ybiY_ybiW_predicted,3.2,40,9,ACCAATCCTCTAAGAAACCT,31,4698161
ybiY_ybiW_predicted,0.5,13,9,ACATTGGTGGTCGTTCGATG,4,4727711
ybiY_ybiW_predicted,0.4,12,9,ACATTCGACGGAGCACCCAT,3,4717579
ybiY_ybiW_predicted,0.3,11,9,ACATGAAGGCCGGTAGCAAG,2,4722952
ybiY_ybiW_predicted,1.0,18,9,ACATAGTATCGTTTCGTACG,9,4718470
ybiY_ybiW_predicted,0.6,14,9,ACAGGTCAAAAAGGCGCACG,5,4727175
ybiY_ybiW_predicted,1.6,24,9,ACAGCCAACAAGACCGTAGA,15,4690571
ybiY_ybiW_predicted,0.3,11,9,ACAGCAATTGAATTGCATGA,2,4698336
ybiY_ybiW_predicted,0.3,11,9,ACAGACTTACGCCTTTCGAG,2,4715011
ybiY_ybiW_predicted,0.7,15,9,ACACCGGCTGCCTGTCGTTG,6,4711438
ybiY_ybiW_predicted,0.2,10,9,ACAAGCCCCGGTTATTATAG,1,4703325
ybiY_ybiW_predicted,1.9,27,9,AATGCGACACATCCAGAGTG,18,4706812
ybiY_ybiW_predicted,0.3,11,9,AATCGGGTACATTCCATTAA,2,4731524
ybiY_ybiW_predicted,39.0,398,9,AATCACGCGAGCAGACGTGG,389,4721006
ybiY_ybiW_predicted,0.3,11,9,AATATGAAAGCATACTCGCT,2,4710411
ybiY_ybiW_predicted,0.6,14,9,AAGTGAGTTGAAGGGTTTAG,5,4715345
ybiY_ybiW_predicted,0.7,15,9,AAGCGTGTCAATTTCTCAGC,6,4697055
ybiY_ybiW_predicted,1.0,18,9,AAGCACCTTACGGGCAAGGA,9,4691093
ybiY_ybiW_predicted,0.4,12,9,AACGCATAAGACAAGGATAA,3,4691986
ybiY_ybiW_predicted,0.9,17,9,AACCAGTGCAATGAAACAGG,8,4721120
ybiY_ybiW_predicted,1.4,22,9,AAAAGAGAGTTTTAGATGGA,13,4706699
ybiY_ybiW_predicted,0.3333333333333333,10,8,TTTTCTGGAGAATGTAATGT,2,4697571
ybiY_ybiW_predicted,36.888888888888886,339,8,TTTTCCCTCAACTTCTGCTT,331,4709051
ybiY_ybiW_predicted,0.6666666666666666,13,8,TTTGTCGTCATTGGTTCGCT,5,4692078
ybiY_ybiW_predicted,1.3333333333333333,19,8,TTTGTATCTTCTGAAATAAT,11,4701563
ybiY_ybiW_predicted,0.6666666666666666,13,8,TTTCCACCTGTGCGCCGACT,5,4704226
ybiY_ybiW_predicted,1.2222222222222223,18,8,TTCGGGAGGGTATGCCCAAG,10,4719941
ybiY_ybiW_predicted,0.2222222222222222,9,8,TTCGCAGTATGCACAATATA,1,4688484
ybiY_ybiW_predicted,1.0,16,8,TTCCGTTGGTACCCGGTTCT,8,4716652
ybiY_ybiW_predicted,2.4444444444444446,29,8,TTCCCTTTCGCGAGGTCTAA,21,4729027
ybiY_ybiW_predicted,2.4444444444444446,29,8,TTATAGAATCACATTCGTCA,21,4691390
ybiY_ybiW_predicted,1.0,16,8,TTACTGGAAGGGAAGGTGGG,8,4726810
ybiY_ybiW_predicted,1.8888888888888888,24,8,TGTTGCTTCGGTGGTACAGA,16,4697148
ybiY_ybiW_predicted,0.4444444444444444,11,8,TGTGCAGTCACAGTGGACAA,3,4699446
ybiY_ybiW_predicted,2.4444444444444446,29,8,TGTGATCGTTAGCAAACTTA,21,4718183
ybiY_ybiW_predicted,0.6666666666666666,13,8,TGTAATGGGCGATTTCGTAA,5,4692289
ybiY_ybiW_predicted,0.2222222222222222,9,8,TGGTACGACTCCCTTTAGGT,1,4694750
ybiY_ybiW_predicted,0.3333333333333333,10,8,TGGGACTCTAGGACGCACTA,2,4697409
ybiY_ybiW_predicted,0.2222222222222222,9,8,TGGCGCATATCGGGGGTGTT,1,4715068
ybiY_ybiW_predicted,0.4444444444444444,11,8,TGGATGTCGCCGTACTGTGA,3,4718140
ybiY_ybiW_predicted,5.555555555555555,57,8,TGCTTTGGGGCTGCCGTGGT,49,4706139
ybiY_ybiW_predicted,5.444444444444445,56,8,TGCATGGTTAACCCGTATAG,48,4704725
ybiY_ybiW_predicted,3.3333333333333335,37,8,TGCACGGGGCTCCTCGTATC,29,4697119
ybiY_ybiW_predicted,1.1111111111111112,17,8,TGAGACGCCAAGTATACCGA,9,4703836
ybiY_ybiW_predicted,1.2222222222222223,18,8,TGACCTGGATCATAAAGTTT,10,4696546
ybiY_ybiW_predicted,1.2222222222222223,18,8,TGAACCGATGTTGTTAACGG,10,4690541
ybiY_ybiW_predicted,2.111111111111111,26,8,TCTTGTCCAATTCTATGGTC,18,4712739
ybiY_ybiW_predicted,1.1111111111111112,17,8,TCTCGCTATGGCGTTTGAAC,9,4705859
ybiY_ybiW_predicted,1.2222222222222223,18,8,TCTATCGTTGACCCGGTGCC,10,4694003
ybiY_ybiW_predicted,1.4444444444444444,20,8,TCTACCCGCTGTCTATAGTC,12,4700770
ybiY_ybiW_predicted,0.8888888888888888,15,8,TCGTTTAGAGTTGCCAGAAT,7,4706293
ybiY_ybiW_predicted,1.4444444444444444,20,8,TCGTCATCAATTCGCGCCCA,12,4731842
ybiY_ybiW_predicted,0.3333333333333333,10,8,TCGGTTTCTCGCATAGGAGA,2,4716298
ybiY_ybiW_predicted,1.2222222222222223,18,8,TCGGGGGAACATTTTCACCT,10,4719653
ybiY_ybiW_predicted,0.8888888888888888,15,8,TCGCATATAGATTCAAGCCA,7,4700402
ybiY_ybiW_predicted,1.2222222222222223,18,8,TCGAGAAAGAGTAACTCACA,10,4718738
ybiY_ybiW_predicted,2.888888888888889,33,8,TCCGGTTGCGCTATTAGGTT,25,4690244
ybiY_ybiW_predicted,1.5555555555555556,21,8,TCCCTCCTCCGTAAATCTGA,13,4721733
ybiY_ybiW_predicted,1.0,16,8,TCCCTAACCGCGTCGGCGGC,8,4692046
ybiY_ybiW_predicted,3.2222222222222223,36,8,TCCCAGGGGCAACAGAGTCG,28,4713923
ybiY_ybiW_predicted,0.7777777777777778,14,8,TCCAAAAGGATTCATCGACA,6,4690524
ybiY_ybiW_predicted,1.2222222222222223,18,8,TCATTGCTGTCCGACTGATC,10,4697632
ybiY_ybiW_predicted,2.5555555555555554,30,8,TCATCTAATCTTTATTCGCC,22,4719099
ybiY_ybiW_predicted,1.4444444444444444,20,8,TCAGTGGGAGAATCGTTCTC,12,4711488
ybiY_ybiW_predicted,0.8888888888888888,15,8,TCAGAAACACAGGGTCTGCC,7,4703814
ybiY_ybiW_predicted,0.3333333333333333,10,8,TCACCCAAAGGGATCCATTT,2,4697427
ybiY_ybiW_predicted,7.333333333333333,73,8,TCAAGAACTCATGGAGCAAT,65,4698107
ybiY_ybiW_predicted,0.6666666666666666,13,8,TATTTACGTCCGATCTCGCG,5,4711498
ybiY_ybiW_predicted,0.5555555555555556,12,8,TATGCTTGACTTGATGGGCA,4,4703039
ybiY_ybiW_predicted,0.3333333333333333,10,8,TATCGTTTGGCGCTTCAGAT,2,4729066
ybiY_ybiW_predicted,0.2222222222222222,9,8,TATCGGACGCCGGTATGAGG,1,4727426
ybiY_ybiW_predicted,4.555555555555555,48,8,TATCGCTAGCACACAAAGCC,40,4690586
ybiY_ybiW_predicted,6.111111111111111,62,8,TATCCGTCGCCCTGCGACAC,54,4727629
ybiY_ybiW_predicted,18.666666666666668,175,8,TAGGGGGTGGCTGTGGAGGG,167,4721217
ybiY_ybiW_predicted,1.2222222222222223,18,8,TAGCTGAAGCCTGGAACTCT,10,4720863
ybiY_ybiW_predicted,0.8888888888888888,15,8,TAGCGTCATGTTGCATTCTA,7,4691501
ybiY_ybiW_predicted,0.2222222222222222,9,8,TAGATGCTGAGAAGTACGTA,1,4697027
ybiY_ybiW_predicted,0.5555555555555556,12,8,TAGATACATGTTTTCCTGCT,4,4710525
ybiY_ybiW_predicted,0.7777777777777778,14,8,TAGATAACCCCAGGTAGGCT,6,4714105
ybiY_ybiW_predicted,0.8888888888888888,15,8,TAGAGTACTACAGCGGAGCA,7,4709579
ybiY_ybiW_predicted,1.0,16,8,TACTTCGCGTTGGTCTCATA,8,4709539
ybiY_ybiW_predicted,1.0,16,8,TACGTAAGGAGCTGGTGAAC,8,4702650
ybiY_ybiW_predicted,0.6666666666666666,13,8,TACCAAGAGCGTCAATCCGT,5,4718778
ybiY_ybiW_predicted,2.6666666666666665,31,8,TAATCCTAACCGGGAGGTAA,23,4729889
ybiY_ybiW_predicted,1.0,16,8,TAAGTACCCTGTTTATCCGA,8,4731286
ybiY_ybiW_predicted,0.4444444444444444,11,8,TAACGTCTCCCGTACGTTCG,3,4714707
ybiY_ybiW_predicted,0.8888888888888888,15,8,GTTTGTAGTCTGCGGGCAAA,7,4705709
ybiY_ybiW_predicted,0.2222222222222222,9,8,GTTTAACCCAAAAAGGCCGT,1,4689907
ybiY_ybiW_predicted,0.3333333333333333,10,8,GTTGTGCTAATAGCCATTTG,2,4695485
ybiY_ybiW_predicted,2.5555555555555554,30,8,GTTGAGAATGGCAATAAAGG,22,4721205
ybiY_ybiW_predicted,1.5555555555555556,21,8,GTTATGTCTGCGACTTTTCA,13,4711948
ybiY_ybiW_predicted,0.3333333333333333,10,8,GTTAGCAGTATCGATCTGAA,2,4720855
ybiY_ybiW_predicted,0.6666666666666666,13,8,GTTACTGTACATCCGTGTAG,5,4715168
ybiY_ybiW_predicted,3.5555555555555554,39,8,GTGGTATCAGGATCCCCAAC,31,4730235
ybiY_ybiW_predicted,0.8888888888888888,15,8,GTGGGCTGAAGTGAGGCCAC,7,4707637
ybiY_ybiW_predicted,1.1111111111111112,17,8,GTCTCAAGAAGTAAGCGCTA,9,4692383
ybiY_ybiW_predicted,0.3333333333333333,10,8,GTCCGCGTAATTCCTAGGAC,2,4720530
ybiY_ybiW_predicted,0.5555555555555556,12,8,GTCCCGTACAGTTACGCTTG,4,4716636
ybiY_ybiW_predicted,1.6666666666666667,22,8,GTATCCTTCTCTCTACGCGA,14,4698129
ybiY_ybiW_predicted,0.3333333333333333,10,8,GTATAGAGGTCTCACGTTGG,2,4711873
ybiY_ybiW_predicted,2.4444444444444446,29,8,GTAACGCAAGGCCTACCGTA,21,4728309
ybiY_ybiW_predicted,1.1111111111111112,17,8,GGTTATCGCAGCTAAAACAG,9,4709890
ybiY_ybiW_predicted,0.5555555555555556,12,8,GGTGTGACCTTAATGCGCGA,4,4724537
ybiY_ybiW_predicted,2.111111111111111,26,8,GGTCGTGGTAATTGCGTCGA,18,4716408
ybiY_ybiW_predicted,1.8888888888888888,24,8,GGTATGTTAAGTAATTTATC,16,4704537
ybiY_ybiW_predicted,0.3333333333333333,10,8,GGTAGGTGCCCTCCAGATGG,2,4693762
ybiY_ybiW_predicted,1.5555555555555556,21,8,GGGTGTGGTCGAATCCCTAG,13,4716727
ybiY_ybiW_predicted,0.7777777777777778,14,8,GGGTCTGACCTTTAAGTCTG,6,4730765
ybiY_ybiW_predicted,0.6666666666666666,13,8,GGGTAGACCGCGGCAATGGT,5,4722594
ybiY_ybiW_predicted,2.2222222222222223,27,8,GGGCAGCGGTGAAACGACAG,19,4692323
ybiY_ybiW_predicted,1.6666666666666667,22,8,GGCTATGGGATGATGTGACT,14,4723811
ybiY_ybiW_predicted,0.5555555555555556,12,8,GGCTACGGTTGGGGTCTGCG,4,4713720
ybiY_ybiW_predicted,0.5555555555555556,12,8,GGCGGAGCTGGCATCGGACA,4,4694803
ybiY_ybiW_predicted,5.333333333333333,55,8,GGCCTCCCAGATCGTAGTGA,47,4697304
ybiY_ybiW_predicted,1.4444444444444444,20,8,GGCCCTCGGCCAAAATTACA,12,4694989
ybiY_ybiW_predicted,1.7777777777777777,23,8,GGCCAGGCCAAGCGTGATTG,15,4730777
ybiY_ybiW_predicted,0.7777777777777778,14,8,GGCAGGTTCATGTGACGATC,6,4729324
ybiY_ybiW_predicted,1.0,16,8,GGCACCGCATGGGAAATATA,8,4714987
ybiY_ybiW_predicted,1.1111111111111112,17,8,GGATTACGATGACCCGCGAA,9,4713335
ybiY_ybiW_predicted,0.7777777777777778,14,8,GGACGGCAAGTCACGCGGAC,6,4714666
ybiY_ybiW_predicted,0.6666666666666666,13,8,GCTCTAACAACCTTCCAGCC,5,4728599
ybiY_ybiW_predicted,0.7777777777777778,14,8,GCTCGATAACGTCAATGGAA,6,4720158
ybiY_ybiW_predicted,0.6666666666666666,13,8,GCGTGCGCTTGAGGGACCGT,5,4726393
ybiY_ybiW_predicted,2.111111111111111,26,8,GCGGTGTCGTGAGTAATGCG,18,4728305
ybiY_ybiW_predicted,0.4444444444444444,11,8,GCGGCTGTTTATTTTTGTTA,3,4694953
ybiY_ybiW_predicted,1.2222222222222223,18,8,GCGGCATTGGACAAGGTCCA,10,4716686
ybiY_ybiW_predicted,1.3333333333333333,19,8,GCGCTGGACCTCTGACAGCA,11,4715266
ybiY_ybiW_predicted,13.555555555555555,129,8,GCGCGGAATCGCAAGATTGT,121,4721967
ybiY_ybiW_predicted,1.8888888888888888,24,8,GCGCCGAACTACTGGTCCAT,16,4715765
ybiY_ybiW_predicted,0.6666666666666666,13,8,GCCTTCATGGAGTTTGGGCT,5,4696247
ybiY_ybiW_predicted,1.6666666666666667,22,8,GCCTGGGCTAGCCATTAGAA,14,4715910
ybiY_ybiW_predicted,0.2222222222222222,9,8,GCCGGGAGTACGTAGTAGTA,1,4705326
ybiY_ybiW_predicted,1.1111111111111112,17,8,GCCGGAGCGGATATCGATGG,9,4723190
ybiY_ybiW_predicted,0.4444444444444444,11,8,GCCCTGAGACCCTCCGATGG,3,4695238
ybiY_ybiW_predicted,1.0,16,8,GCCCTCATAATGCTGTGTTG,8,4713757
ybiY_ybiW_predicted,0.6666666666666666,13,8,GCCCAGCAACGATTTTATCT,5,4724059
ybiY_ybiW_predicted,0.8888888888888888,15,8,GCCCACGTAGGATGATTGAA,7,4697763
ybiY_ybiW_predicted,0.8888888888888888,15,8,GCCACGTCCACGACTTCTGC,7,4705013
ybiY_ybiW_predicted,0.4444444444444444,11,8,GCAGTTCACTTAGAAGATTA,3,4693087
ybiY_ybiW_predicted,1.2222222222222223,18,8,GCACCTGCACGCTAAGTTAT,10,4717759
ybiY_ybiW_predicted,3.3333333333333335,37,8,GATTTTAAATCGTGGGAATT,29,4713688
ybiY_ybiW_predicted,0.8888888888888888,15,8,GATTCATGCAGTACCGCAAA,7,4699614
ybiY_ybiW_predicted,1.3333333333333333,19,8,GATGTGATAATTGTCGAAAG,11,4693321
ybiY_ybiW_predicted,0.8888888888888888,15,8,GATGGAACCTGAAGTTGGTT,7,4700186
ybiY_ybiW_predicted,1.2222222222222223,18,8,GATATATTCTTGAAACGAAA,10,4708630
ybiY_ybiW_predicted,0.4444444444444444,11,8,GATATAATAATATCGGTCAG,3,4689895
ybiY_ybiW_predicted,4.0,43,8,GATAGTTCGTGTCTTCAAGT,35,4721179
ybiY_ybiW_predicted,2.4444444444444446,29,8,GATAAGGGCCTGTTTCGACT,21,4690645
ybiY_ybiW_predicted,0.7777777777777778,14,8,GAGTTAATTTCTTAGACTGG,6,4711738
ybiY_ybiW_predicted,0.8888888888888888,15,8,GAGGGTCATCGTACTGCAAT,7,4709464
ybiY_ybiW_predicted,0.8888888888888888,15,8,GAGGGCACATATCGGTGGTG,7,4704222
ybiY_ybiW_predicted,2.7777777777777777,32,8,GAGGAGTCTGACTTGCGAAG,24,4709719
ybiY_ybiW_predicted,2.6666666666666665,31,8,GAGCGCATTTCCGTGCCGTT,23,4707911
ybiY_ybiW_predicted,0.6666666666666666,13,8,GAGACAACTATTCGTCACCC,5,4703953
ybiY_ybiW_predicted,0.4444444444444444,11,8,GACTTGCCACTAAATGATGG,3,4716031
ybiY_ybiW_predicted,50.333333333333336,460,8,GACTGATGGAGGCAGACAGT,452,4722976
ybiY_ybiW_predicted,0.3333333333333333,10,8,GACTCATGCGGGTAGCGCTC,2,4723840
ybiY_ybiW_predicted,2.111111111111111,26,8,GACGCGTCATTAGTGGTGTA,18,4695669
ybiY_ybiW_predicted,5.0,52,8,GACGCATCCTACATCCCTTG,44,4705015
ybiY_ybiW_predicted,2.888888888888889,33,8,GACACGCAACGAAGCTATTA,25,4719827
ybiY_ybiW_predicted,4.0,43,8,GACAAGAGGTGGCCGAAAAG,35,4702479
ybiY_ybiW_predicted,0.5555555555555556,12,8,GAATTTGCTTTCTGGACATG,4,4710188
ybiY_ybiW_predicted,2.5555555555555554,30,8,GAATTACAGCGTCGTATGAT,22,4724984
ybiY_ybiW_predicted,1.5555555555555556,21,8,GAATACATGCGAGCTTTATT,13,4699224
ybiY_ybiW_predicted,0.7777777777777778,14,8,GAAGTCATTAAGAGATGTAC,6,4724953
ybiY_ybiW_predicted,5.222222222222222,54,8,GAAAGATCACGATGTGCAGG,46,4705615
ybiY_ybiW_predicted,3.3333333333333335,37,8,CTTTACTGGTGTTGTTTGCG,29,4712226
ybiY_ybiW_predicted,0.2222222222222222,9,8,CTTCTAGAAGTGTGAGTCGC,1,4690956
ybiY_ybiW_predicted,4.222222222222222,45,8,CTTCACATCTGGGACTGTGG,37,4688704
ybiY_ybiW_predicted,0.6666666666666666,13,8,CTTAAGGAAATGGAGGGTAT,5,4697449
ybiY_ybiW_predicted,2.5555555555555554,30,8,CTTAAGCGGCCTTTAAGCTC,22,4695226
ybiY_ybiW_predicted,0.8888888888888888,15,8,CTGTCACCAGTAGAGGCCAG,7,4690659
ybiY_ybiW_predicted,0.6666666666666666,13,8,CTGGCAATTGCCCGAGCATG,5,4703181
ybiY_ybiW_predicted,0.5555555555555556,12,8,CTGGCAACGCGCCGTAGGAT,4,4712977
ybiY_ybiW_predicted,1.4444444444444444,20,8,CTGCTGGTCTAAGTAGTAGC,12,4727535
ybiY_ybiW_predicted,1.1111111111111112,17,8,CTGACTTTGTTAACCGAGGA,9,4704024
ybiY_ybiW_predicted,0.6666666666666666,13,8,CTGACCAGGAGTCTCACCCA,5,4712153
ybiY_ybiW_predicted,1.0,16,8,CTCAAGTAAGGATCTTGTGT,8,4723246
ybiY_ybiW_predicted,1.0,16,8,CTAGTATCTAGGCCAAAAGT,8,4713329
ybiY_ybiW_predicted,1.1111111111111112,17,8,CTACTTGTGTAAGGGTTTCT,9,4694656
ybiY_ybiW_predicted,0.2222222222222222,9,8,CTAAGCCATCACGTTGAGTC,1,4715631
ybiY_ybiW_predicted,0.8888888888888888,15,8,CTAACGCGCTTCAAATGGTA,7,4731963
ybiY_ybiW_predicted,0.4444444444444444,11,8,CTAACAGAAAGCGACGAAAG,3,4703720
ybiY_ybiW_predicted,0.7777777777777778,14,8,CTAACAAATAGGCTCTAAAG,6,4711192
ybiY_ybiW_predicted,0.5555555555555556,12,8,CGTGTACCTTGGCGGAGCCT,4,4718195
ybiY_ybiW_predicted,0.7777777777777778,14,8,CGTCTGGCTGCCTTCAGCCG,6,4700675
ybiY_ybiW_predicted,0.8888888888888888,15,8,CGTCGTCTTAGGCTCCGGCG,7,4704633
ybiY_ybiW_predicted,0.3333333333333333,10,8,CGTCGCGAAGACATCGGTTG,2,4704565
ybiY_ybiW_predicted,0.7777777777777778,14,8,CGTCAGTACGATCGCGCCAG,6,4708790
ybiY_ybiW_predicted,1.2222222222222223,18,8,CGTACTAAGGACTGCGCGGT,10,4715588
ybiY_ybiW_predicted,1.0,16,8,CGGTGGGAGTTGCGAATTGT,8,4699432
ybiY_ybiW_predicted,0.2222222222222222,9,8,CGGGTTCGGCAATGCGTCAG,1,4711292
ybiY_ybiW_predicted,0.4444444444444444,11,8,CGGGGCCGGCTTTCCACAAA,3,4693529
ybiY_ybiW_predicted,0.5555555555555556,12,8,CGGGACATATACCTTCTGCA,4,4703139
ybiY_ybiW_predicted,1.7777777777777777,23,8,CGGCGCCACATGCACATGGT,15,4691374
ybiY_ybiW_predicted,0.7777777777777778,14,8,CGGCCTATGATAAGCTTGGT,6,4730324
ybiY_ybiW_predicted,1.8888888888888888,24,8,CGGAGAACTGCTTCTGACCA,16,4709411
ybiY_ybiW_predicted,0.3333333333333333,10,8,CGGACGCGTCGGGGTTTGCG,2,4701380
ybiY_ybiW_predicted,0.4444444444444444,11,8,CGCTAGTTGTTTTATCTAAC,3,4697527
ybiY_ybiW_predicted,1.8888888888888888,24,8,CGCGGGGCTGGCCTCCATTC,16,4717733
ybiY_ybiW_predicted,0.3333333333333333,10,8,CGCGGCTAATTCCACAGAGC,2,4722483
ybiY_ybiW_predicted,0.4444444444444444,11,8,CGCGACGCCGCTCATACTGT,3,4719432
ybiY_ybiW_predicted,0.8888888888888888,15,8,CGCCCATAGCTTGCCAACGT,7,4721121
ybiY_ybiW_predicted,2.4444444444444446,29,8,CGCACAGTGGCGACTCACAG,21,4708474
ybiY_ybiW_predicted,4.444444444444445,47,8,CGATTTGACTATCATTAGTA,39,4718621
ybiY_ybiW_predicted,1.1111111111111112,17,8,CGATCCCGAGAAAAGTTTCA,9,4729616
ybiY_ybiW_predicted,2.0,25,8,CGAGAGGTCGAATTGTCTGA,17,4709887
ybiY_ybiW_predicted,1.2222222222222223,18,8,CGACACATACCCCCACCATG,10,4701916
ybiY_ybiW_predicted,0.4444444444444444,11,8,CCTTCGAGTGACGGAGCCTC,3,4717619
ybiY_ybiW_predicted,1.2222222222222223,18,8,CCTGTGATTGCTGCATCGTT,10,4691304
ybiY_ybiW_predicted,0.2222222222222222,9,8,CCTGGGTGCGTTGAAAGATA,1,4714709
ybiY_ybiW_predicted,0.8888888888888888,15,8,CCTCATCGGAAACACCTTAG,7,4701010
ybiY_ybiW_predicted,0.5555555555555556,12,8,CCGTGAATGGCTAGTTAATA,4,4715552
ybiY_ybiW_predicted,0.5555555555555556,12,8,CCGTCGATGTCTAGGCCAGG,4,4693744
ybiY_ybiW_predicted,1.1111111111111112,17,8,CCGGTCGGAGAGCAACGTAG,9,4717325
ybiY_ybiW_predicted,0.4444444444444444,11,8,CCGCGCAAATATGCTACGGG,3,4690769
ybiY_ybiW_predicted,2.0,25,8,CCGCGACGCCTTGTCTTGGA,17,4706028
ybiY_ybiW_predicted,1.2222222222222223,18,8,CCGAACCACCTAGTTCGCGT,10,4723966
ybiY_ybiW_predicted,2.6666666666666665,31,8,CCCTACAGTACAGCACGGCC,23,4689496
ybiY_ybiW_predicted,0.7777777777777778,14,8,CCCGTATCAGCCAACGCCAA,6,4716877
ybiY_ybiW_predicted,0.6666666666666666,13,8,CCCGAGGGGCTCGCCCCTTT,5,4688699
ybiY_ybiW_predicted,1.6666666666666667,22,8,CCCCGGAACAACGTCATCTA,14,4693699
ybiY_ybiW_predicted,0.6666666666666666,13,8,CCCATTCTGGACCGCCTATG,5,4731759
ybiY_ybiW_predicted,0.8888888888888888,15,8,CCCATTCGGGTAGTAGTATC,7,4692662
ybiY_ybiW_predicted,2.0,25,8,CCCATATACATTGTGCGACT,17,4725115
ybiY_ybiW_predicted,14.222222222222221,135,8,CCATTACCACTGTAGCTGCA,127,4709039
ybiY_ybiW_predicted,1.0,16,8,CCAATTTCAGAGACGCACTG,8,4721703
ybiY_ybiW_predicted,1.1111111111111112,17,8,CCAAAGCAAGCAGCGGTATA,9,4730558
ybiY_ybiW_predicted,1.5555555555555556,21,8,CATGCGGGATCGTGCTTATA,13,4693352
ybiY_ybiW_predicted,0.7777777777777778,14,8,CATCTGACCGTCCGGACATA,6,4689689
ybiY_ybiW_predicted,0.6666666666666666,13,8,CATCTACAGAAAAATTTAGT,5,4718443
ybiY_ybiW_predicted,1.2222222222222223,18,8,CATCCGGCTATTAGTGTTTG,10,4715945
ybiY_ybiW_predicted,1.3333333333333333,19,8,CATAGTATAAAAGTAACGCA,11,4705308
ybiY_ybiW_predicted,2.5555555555555554,30,8,CAGCTTTTGATTCGGCAGGA,22,4706344
ybiY_ybiW_predicted,4.222222222222222,45,8,CAGCTTTTAGTTAGCCGCTC,37,4729424
ybiY_ybiW_predicted,1.3333333333333333,19,8,CAGAATTTGTGAGCAAATCT,11,4717925
ybiY_ybiW_predicted,0.3333333333333333,10,8,CAGAAGAATCTCCTTCCCTG,2,4701541
ybiY_ybiW_predicted,1.2222222222222223,18,8,CACTGCCATTCACCGCCTGA,10,4725673
ybiY_ybiW_predicted,1.0,16,8,CACCCGACGTGTCCCGGCAA,8,4697210
ybiY_ybiW_predicted,0.8888888888888888,15,8,CAAGAAACTAAAGGCGAACT,7,4693261
ybiY_ybiW_predicted,1.0,16,8,CAACCGTAGTAAAGTATGGT,8,4693996
ybiY_ybiW_predicted,0.4444444444444444,11,8,ATTTCGGGCCTATCTGGGCT,3,4712303
ybiY_ybiW_predicted,6.666666666666667,67,8,ATTATATGTCCGTCGCCGAC,59,4716439
ybiY_ybiW_predicted,1.3333333333333333,19,8,ATGTCATGTACGGCGTACGA,11,4726602
ybiY_ybiW_predicted,0.7777777777777778,14,8,ATGGATGACCCACACTGACA,6,4708902
ybiY_ybiW_predicted,1.7777777777777777,23,8,ATGCCAACCGTGGCTTACAA,15,4725543
ybiY_ybiW_predicted,0.5555555555555556,12,8,ATGATAAGGTAGGCGACGGA,4,4705194
ybiY_ybiW_predicted,0.6666666666666666,13,8,ATGACGACGTTGTTCAAAGG,5,4690783
ybiY_ybiW_predicted,1.1111111111111112,17,8,ATCTTAAACGCCGATTCAAA,9,4705103
ybiY_ybiW_predicted,0.2222222222222222,9,8,ATCGCCTTCAGCTCGCCCGG,1,4695348
ybiY_ybiW_predicted,0.7777777777777778,14,8,ATCGCCCATTGGGTACATAG,6,4714930
ybiY_ybiW_predicted,2.888888888888889,33,8,ATCCTTTAGTTCCTAAGGTA,25,4712731
ybiY_ybiW_predicted,1.5555555555555556,21,8,ATAGCGCGGATTATACACGA,13,4715834
ybiY_ybiW_predicted,0.3333333333333333,10,8,ATACCTACACCCCTATTGGG,2,4732224
ybiY_ybiW_predicted,7.444444444444445,74,8,ATAACACGTCAACATGAGCC,66,4726165
ybiY_ybiW_predicted,1.3333333333333333,19,8,AGTGTGAAGCAGCGAATCAG,11,4731924
ybiY_ybiW_predicted,0.3333333333333333,10,8,AGTGATAGGGACGCGGAGTA,2,4712651
ybiY_ybiW_predicted,0.7777777777777778,14,8,AGTCCTCGAATGGAACCAAA,6,4724500
ybiY_ybiW_predicted,1.4444444444444444,20,8,AGTCATCCATGCCTGAAGGC,12,4707860
ybiY_ybiW_predicted,0.8888888888888888,15,8,AGTCACGATTCGCTGCGCGT,7,4718171
ybiY_ybiW_predicted,0.5555555555555556,12,8,AGTCACACAGCCGGTTGTGG,4,4720166
ybiY_ybiW_predicted,0.2222222222222222,9,8,AGGTCCCCCTAGATGGGATA,1,4722585
ybiY_ybiW_predicted,0.8888888888888888,15,8,AGGGGACATCCAGTTATATC,7,4690771
ybiY_ybiW_predicted,0.5555555555555556,12,8,AGGGCCGACATTGTTCCCCT,4,4711775
ybiY_ybiW_predicted,1.5555555555555556,21,8,AGGAGTTCTCCGGGCTTTAT,13,4724690
ybiY_ybiW_predicted,0.5555555555555556,12,8,AGGAGAAAAAATCGTCCGAA,4,4720475
ybiY_ybiW_predicted,0.6666666666666666,13,8,AGCGACTCACTCGGCGCGTA,5,4701874
ybiY_ybiW_predicted,0.7777777777777778,14,8,AGCCCTCGGCGTCTATACAT,6,4727500
ybiY_ybiW_predicted,1.3333333333333333,19,8,AGCATTGTCCTGTCTGTGTA,11,4723659
ybiY_ybiW_predicted,0.3333333333333333,10,8,AGCAACCTTTAGAAGTATGC,2,4702039
ybiY_ybiW_predicted,1.3333333333333333,19,8,AGAGCCTGCGATGTTTTCCT,11,4707645
ybiY_ybiW_predicted,1.8888888888888888,24,8,ACTTCCAAGCACCAAGACTA,16,4712234
ybiY_ybiW_predicted,5.0,52,8,ACTGTCCATAAAAGTTTGTA,44,4719292
ybiY_ybiW_predicted,1.3333333333333333,19,8,ACGTGAGTCCGTCGTAGCTT,11,4719620
ybiY_ybiW_predicted,1.5555555555555556,21,8,ACGGGAGTCACGCTATTCCT,13,4723023
ybiY_ybiW_predicted,1.4444444444444444,20,8,ACGGAGTGGCGCTCGTCGGA,12,4689203
ybiY_ybiW_predicted,1.0,16,8,ACGCGTCATTGTCATACGTA,8,4725489
ybiY_ybiW_predicted,0.2222222222222222,9,8,ACGCGGCCATCAAGACGCGA,1,4709008
ybiY_ybiW_predicted,0.7777777777777778,14,8,ACGAGTGCGACGGCAATCTC,6,4696317
ybiY_ybiW_predicted,6.555555555555555,66,8,ACGACTTTCGGACAGAAAGT,58,4699749
ybiY_ybiW_predicted,0.2222222222222222,9,8,ACGACGGAGGGGCTCTCTAA,1,4721556
ybiY_ybiW_predicted,0.7777777777777778,14,8,ACCTGTGTCAGTTGAGTTGC,6,4701743
ybiY_ybiW_predicted,0.6666666666666666,13,8,ACCCAGTAGGCCATCCGTCT,5,4729815
ybiY_ybiW_predicted,0.2222222222222222,9,8,ACAGTGACGGTACCTCAGCA,1,4691240
ybiY_ybiW_predicted,1.1111111111111112,17,8,ACAGGGAGCATTTTTGGACG,9,4722646
ybiY_ybiW_predicted,0.6666666666666666,13,8,ACAGGAGCCATAATGGCAAT,5,4718695
ybiY_ybiW_predicted,3.0,34,8,ACAGATCTGAGGAGCGACGA,26,4694480
ybiY_ybiW_predicted,0.6666666666666666,13,8,ACACCTGGCGGGTAACCAGC,5,4712791
ybiY_ybiW_predicted,0.6666666666666666,13,8,ACACAAGCGTAGAAATACAG,5,4722124
ybiY_ybiW_predicted,2.3333333333333335,28,8,AATGTGCCGCCAGTATTGCA,20,4694515
ybiY_ybiW_predicted,0.4444444444444444,11,8,AATCCACGCGCCATACCCCT,3,4720222
ybiY_ybiW_predicted,3.6666666666666665,40,8,AATACTGCGGAAGTGCATAT,32,4732772
ybiY_ybiW_predicted,1.4444444444444444,20,8,AAGTGCTTAACGCCTCTGTC,12,4709439
ybiY_ybiW_predicted,1.3333333333333333,19,8,AAGTAGGAGGTCCTCTACAA,11,4713602
ybiY_ybiW_predicted,2.7777777777777777,32,8,AAGCGTATTGTCGCTGGGCA,24,4702537
ybiY_ybiW_predicted,0.7777777777777778,14,8,AAGACCACCCACATATTGTA,6,4722151
ybiY_ybiW_predicted,17.333333333333332,163,8,AACGCTTATTAATATCTCGG,155,4709945
ybiY_ybiW_predicted,0.3333333333333333,10,8,AACCCCGGTTGGCAGGTACA,2,4714792
ybiY_ybiW_predicted,3.4444444444444446,38,8,AACATCGGGGACGCGCCAGA,30,4721968
ybiY_ybiW_predicted,0.6666666666666666,13,8,AACAGCGAAGGAAGGTAGCA,5,4693820
ybiY_ybiW_predicted,0.8888888888888888,15,8,AACACAGCGCACTTTATTGT,7,4707485
ybiY_ybiW_predicted,2.0,25,8,AAATGGTTTGGCGGCCGTCG,17,4717565
ybiY_ybiW_predicted,8.333333333333334,82,8,AAATATCCACTGCGCAAGCG,74,4690186
ybiY_ybiW_predicted,1.1111111111111112,17,8,AAATAATAAGCCCACCGCTA,9,4693318
ybiY_ybiW_predicted,5.222222222222222,54,8,AAACGAACCAAGCTGATTAG,46,4718730
ybiY_ybiW_predicted,2.7777777777777777,32,8,AAAAGTGCAGTGAAGCTTGC,24,4723501
ybiY_ybiW_predicted,0.7777777777777778,14,8,AAAAGGTCTAAATGGGGTCA,6,4689413
ybiY_ybiW_predicted,0.25,8,7,TTTTATAAGCGCCTATAGGT,1,4726258
ybiY_ybiW_predicted,12.375,105,7,TTTGTTTAGTTTCCACGAGG,98,4721983
ybiY_ybiW_predicted,1.5,18,7,TTTGACTGGTAGACAGTGTA,11,4707913
ybiY_ybiW_predicted,2.0,22,7,TTTCGGGGGTCTCCAATTGG,15,4689673
ybiY_ybiW_predicted,0.875,13,7,TTTCGAGACTTTTTTAACTT,6,4702087
ybiY_ybiW_predicted,1.75,20,7,TTTAGCAATTGACCGTGAAT,13,4707930
ybiY_ybiW_predicted,0.75,12,7,TTGTAGGGACGCTCAATCGA,5,4704227
ybiY_ybiW_predicted,3.75,36,7,TTGGCAGTTCGACGCGAAAA,29,4705496
ybiY_ybiW_predicted,1.5,18,7,TTGACAGTTCGTGTTAAGAT,11,4699517
ybiY_ybiW_predicted,0.25,8,7,TTGAACCAAGTGGTATTTAC,1,4720589
ybiY_ybiW_predicted,1.125,15,7,TTCTATTGAGTACCGGGCTA,8,4730917
ybiY_ybiW_predicted,1.5,18,7,TTCGTTCCATCTGTCATAGT,11,4709208
ybiY_ybiW_predicted,0.25,8,7,TTCGTAGTAGCGCCTATGCA,1,4696313
ybiY_ybiW_predicted,4.25,40,7,TTCGGAAAGTCCCGGAGGAG,33,4716235
ybiY_ybiW_predicted,0.625,11,7,TTCGCCGCCAGTGCGGCACG,4,4727909
ybiY_ybiW_predicted,3.875,37,7,TTCATGTGGGGCCATGCCGT,30,4717624
ybiY_ybiW_predicted,0.875,13,7,TTCATGTCCTAGAAATCGCA,6,4718767
ybiY_ybiW_predicted,0.25,8,7,TTCACCTCGGACACACTCGG,1,4707289
ybiY_ybiW_predicted,0.25,8,7,TTATCTGGTACTTAAATCAA,1,4722498
ybiY_ybiW_predicted,0.25,8,7,TTATATTCCCGCTAGCGATC,1,4711553
ybiY_ybiW_predicted,0.875,13,7,TTAGTTGATCAATAATCATC,6,4700111
ybiY_ybiW_predicted,2.75,28,7,TGTCAGTCGGACAATCGGTG,21,4725698
ybiY_ybiW_predicted,0.375,9,7,TGTAATATGGGCGTTCACTA,2,4708709
ybiY_ybiW_predicted,0.625,11,7,TGGTATCGCACTGAAAGACC,4,4704112
ybiY_ybiW_predicted,1.5,18,7,TGGTATCCCGTAGGTTCATA,11,4694022
ybiY_ybiW_predicted,0.375,9,7,TGGTAGTTTATAAGTAGATT,2,4724373
ybiY_ybiW_predicted,0.5,10,7,TGGGTACAATTTGGAGTTTA,3,4715521
ybiY_ybiW_predicted,1.0,14,7,TGGGGCACCATTAGTGAGGC,7,4715909
ybiY_ybiW_predicted,0.5,10,7,TGGCCGAGTCTTGTCCCCTG,3,4731134
ybiY_ybiW_predicted,1.125,15,7,TGGCACCGGTTACAAAGGCC,8,4693582
ybiY_ybiW_predicted,0.625,11,7,TGCTTTGTCCAGCCGTTCTC,4,4714176
ybiY_ybiW_predicted,1.75,20,7,TGCGCATTACGCCCCCGGCT,13,4722805
ybiY_ybiW_predicted,0.75,12,7,TGATTCATTAAGGTCAGGTG,5,4708166
ybiY_ybiW_predicted,1.0,14,7,TGATCCGCGCCTCACAAACA,7,4703661
ybiY_ybiW_predicted,1.25,16,7,TGAGAGTACATCGTTATCTG,9,4711089
ybiY_ybiW_predicted,5.0,46,7,TCTTTAGCACAGTACGAGTC,39,4731090
ybiY_ybiW_predicted,2.25,24,7,TCTGGAACGATATTTCTCTT,17,4728959
ybiY_ybiW_predicted,0.5,10,7,TCTCTGGGTGGGGGGTTCTA,3,4730918
ybiY_ybiW_predicted,0.5,10,7,TCTCTCACCGGCTGGTTTCC,3,4707161
ybiY_ybiW_predicted,0.875,13,7,TCTCGCCAACTTGTCAGCTC,6,4704437
ybiY_ybiW_predicted,4.25,40,7,TCTAGTGCCCACGCACTTGT,33,4692827
ybiY_ybiW_predicted,1.5,18,7,TCTAACTGGCGGCATACATC,11,4699320
ybiY_ybiW_predicted,2.125,23,7,TCGTCCTTATAAGGAGCTTC,16,4723142
ybiY_ybiW_predicted,1.125,15,7,TCGTAGTCGCCCTCGGCGGG,8,4707234
ybiY_ybiW_predicted,1.25,16,7,TCGGGTCAAGATGTTTCAGG,9,4714965
ybiY_ybiW_predicted,1.875,21,7,TCGGGCCTCCGTTGAATACT,14,4730524
ybiY_ybiW_predicted,3.375,33,7,TCGGATTGCTTCAACATACT,26,4713919
ybiY_ybiW_predicted,0.625,11,7,TCGGAGTGCGTTGTTTAATA,4,4693689
ybiY_ybiW_predicted,0.375,9,7,TCGATATCGGCATATACGAC,2,4711816
ybiY_ybiW_predicted,1.75,20,7,TCGAATCGACCTCGATAGCG,13,4711797
ybiY_ybiW_predicted,2.125,23,7,TCCTCCCAGACCATCTAATG,16,4713023
ybiY_ybiW_predicted,0.625,11,7,TCCCAAATGGCCCCTCTTGT,4,4719505
ybiY_ybiW_predicted,1.625,19,7,TCCAATTTAACGATATGTTC,12,4714422
ybiY_ybiW_predicted,6.5,58,7,TCATACGTCCCGCTGCATGG,51,4699180
ybiY_ybiW_predicted,2.125,23,7,TCAGTTTGGGTAAACACTTC,16,4691301
ybiY_ybiW_predicted,0.75,12,7,TCACACGAAGCAACACGTTG,5,4709149
ybiY_ybiW_predicted,0.625,11,7,TCAAGCCTTGGTTGACGTAA,4,4727311
ybiY_ybiW_predicted,0.875,13,7,TCAACGAGCAGGGCCTGCTC,6,4699694
ybiY_ybiW_predicted,1.0,14,7,TCAAACCCCGGCTTGGGTAA,7,4701881
ybiY_ybiW_predicted,2.875,29,7,TATTTGTGTGCCCCGCCAGG,22,4695734
ybiY_ybiW_predicted,0.875,13,7,TATTATCACTAGTCGTTATG,6,4698428
ybiY_ybiW_predicted,1.625,19,7,TATGTTCCTGGCAACGTCTT,12,4721300
ybiY_ybiW_predicted,1.0,14,7,TATGCGCCTGACGTTGCTTT,7,4716504
ybiY_ybiW_predicted,1.625,19,7,TATGACTCAAATATTCCGTT,12,4712465
ybiY_ybiW_predicted,0.875,13,7,TATCTGTTCAAACCCGAGCC,6,4717324
ybiY_ybiW_predicted,1.25,16,7,TATCCATGTCGTGTGCGGTA,9,4716569
ybiY_ybiW_predicted,1.375,17,7,TATATCTTGTGAAACAGCGT,10,4712078
ybiY_ybiW_predicted,0.25,8,7,TAGCGAGATATTACTTGTAT,1,4716165
ybiY_ybiW_predicted,0.25,8,7,TAGCACAACATAGATTAAGC,1,4688538
ybiY_ybiW_predicted,0.625,11,7,TAGAGCTCATGCCCGGGTTA,4,4725453
ybiY_ybiW_predicted,1.875,21,7,TACTTTTCATTGCCCTAAAC,14,4698162
ybiY_ybiW_predicted,0.625,11,7,TACTGGATGGGTGTCGTGCT,4,4698607
ybiY_ybiW_predicted,2.0,22,7,TACTGAGAGCGTATAGCTTG,15,4726148
ybiY_ybiW_predicted,0.25,8,7,TACGCAGGTACTCGCGGACA,1,4699290
ybiY_ybiW_predicted,1.625,19,7,TACGATCTTTATGGACATTA,12,4703605
ybiY_ybiW_predicted,1.625,19,7,TACCAATCGACATGTGGGGG,12,4706592
ybiY_ybiW_predicted,1.0,14,7,TACACCGGTATCCATCTTAT,7,4713428
ybiY_ybiW_predicted,3.375,33,7,TACAACATGATCATCCCCCA,26,4695585
ybiY_ybiW_predicted,0.25,8,7,TAATGGCCCGTACGGTCTTT,1,4700646
ybiY_ybiW_predicted,0.5,10,7,TAATATTTCAAGCTTTGACG,3,4727446
ybiY_ybiW_predicted,0.375,9,7,TAATAAGATTAAAGGCCCAG,2,4717834
ybiY_ybiW_predicted,0.375,9,7,TAAGGTAAGAATAGGCTTTT,2,4690383
ybiY_ybiW_predicted,0.25,8,7,TAAGCATCAGATTAATTATA,1,4706262
ybiY_ybiW_predicted,1.0,14,7,TAACTTTCATGTTAATTATT,7,4691544
ybiY_ybiW_predicted,6.25,56,7,TAACTCAAGTACCTTGATTG,49,4708416
ybiY_ybiW_predicted,1.0,14,7,TAACGCATGCATCCCGCGTA,7,4723680
ybiY_ybiW_predicted,0.5,10,7,TAACGCAAACTCAGGAGAGT,3,4699487
ybiY_ybiW_predicted,1.625,19,7,TAAACATTGAGCCTAATCAG,12,4708535
ybiY_ybiW_predicted,1.0,14,7,GTTGTGATGTCTACGTTGAA,7,4725980
ybiY_ybiW_predicted,0.5,10,7,GTTGGCCACGTCCCCGCAAG,3,4707887
ybiY_ybiW_predicted,3.75,36,7,GTTCAAAACATCCTGTGCTA,29,4701322
ybiY_ybiW_predicted,0.625,11,7,GTTAGAGAGTGTATGTTCCT,4,4710336
ybiY_ybiW_predicted,0.25,8,7,GTTAACTCCTGGTTCCCTAA,1,4702284
ybiY_ybiW_predicted,1.5,18,7,GTGTGATGGGGCTGAGTCTT,11,4690602
ybiY_ybiW_predicted,1.125,15,7,GTGGTGTTGTCCACGGGCAT,8,4707820
ybiY_ybiW_predicted,1.5,18,7,GTGCATCTGAGATGCCGGCA,11,4701740
ybiY_ybiW_predicted,0.625,11,7,GTGAGTACTAGAACATAAAA,4,4698085
ybiY_ybiW_predicted,1.125,15,7,GTGAACGCAATTGGCGGGGG,8,4702234
ybiY_ybiW_predicted,13.25,112,7,GTCGTAATCCCTTGTAGATT,105,4713929
ybiY_ybiW_predicted,2.125,23,7,GTCGAGCTGCCGCCACTATC,16,4697076
ybiY_ybiW_predicted,4.75,44,7,GTCCCTAGGCAACTTAGAGG,37,4695899
ybiY_ybiW_predicted,1.125,15,7,GTACGTGGAATTAGAACTCT,8,4703362
ybiY_ybiW_predicted,1.25,16,7,GTACCCTACAGGGTTCGCTC,9,4703781
ybiY_ybiW_predicted,1.5,18,7,GTAAGAGTAAAATAAACGAA,11,4701489
ybiY_ybiW_predicted,1.75,20,7,GGTTTGAGATGAATAATCAT,13,4715947
ybiY_ybiW_predicted,1.75,20,7,GGTTGACCCTGGGACTGAAT,13,4700412
ybiY_ybiW_predicted,1.625,19,7,GGTGGGCAGGGGAAGGGGGA,12,4697847
ybiY_ybiW_predicted,0.75,12,7,GGTGGGACTGAGCAGATGGT,5,4712814
ybiY_ybiW_predicted,0.375,9,7,GGTCAAGCCGTCATCCACGT,2,4718363
ybiY_ybiW_predicted,2.25,24,7,GGGGTGTGTTCACGGGGTAG,17,4689508
ybiY_ybiW_predicted,0.375,9,7,GGGGTCTCAAACGAAGTCAT,2,4722612
ybiY_ybiW_predicted,6.125,55,7,GGGGGGGGATTCTGTTCCTT,48,4731548
ybiY_ybiW_predicted,2.125,23,7,GGGGACTCTATTAAATTTGC,16,4707171
ybiY_ybiW_predicted,0.25,8,7,GGGATACTGGTGGCGTGTGA,1,4720356
ybiY_ybiW_predicted,0.75,12,7,GGCGCTTAAGCCCTCGTTAC,5,4700115
ybiY_ybiW_predicted,1.0,14,7,GGCGACCCCCACTATTAAAC,7,4709853
ybiY_ybiW_predicted,1.375,17,7,GGCCGCAGAAATATCCGGCA,10,4708776
ybiY_ybiW_predicted,1.0,14,7,GGCCATTTGCCACTTGCAAA,7,4699400
ybiY_ybiW_predicted,1.625,19,7,GGCATGAGATACGTTTGAAA,12,4689120
ybiY_ybiW_predicted,0.625,11,7,GGCAGTGGCTATTAGGTCCT,4,4715376
ybiY_ybiW_predicted,1.125,15,7,GGAGCTTGCACTTCTATCAT,8,4706406
ybiY_ybiW_predicted,0.25,8,7,GGACCAGGCCTCGTCACACA,1,4715996
ybiY_ybiW_predicted,1.375,17,7,GGAACTAACGGAATTTCTGG,10,4717755
ybiY_ybiW_predicted,0.5,10,7,GCTTGCGCCAGTGTGGTGCT,3,4727505
ybiY_ybiW_predicted,1.125,15,7,GCTTCCATATCAAGATCGAA,8,4693260
ybiY_ybiW_predicted,0.75,12,7,GCTCTGGCCAAGCTGGATTA,5,4694573
ybiY_ybiW_predicted,0.875,13,7,GCTAGCCATAAGAAGCACAA,6,4701113
ybiY_ybiW_predicted,0.25,8,7,GCGTTTTAGTCTAGGGTACT,1,4724279
ybiY_ybiW_predicted,0.75,12,7,GCGTCATGAAAATTGGGTAT,5,4723746
ybiY_ybiW_predicted,1.875,21,7,GCGTAAGATGCAATGCCTGG,14,4725305
ybiY_ybiW_predicted,1.375,17,7,GCGGTGCAAGTGGGTACGGA,10,4689591
ybiY_ybiW_predicted,1.125,15,7,GCGGTACGTGGGCGGGACAC,8,4696309
ybiY_ybiW_predicted,1.125,15,7,GCGGGGCTGACCGGGCCTCT,8,4709155
ybiY_ybiW_predicted,1.0,14,7,GCGGACGTTGCTCGAATCTT,7,4719893
ybiY_ybiW_predicted,1.5,18,7,GCGGAATTTTCTTCTATTCA,11,4719939
ybiY_ybiW_predicted,0.375,9,7,GCGCGTTCTCAGTAAGCGCA,2,4693967
ybiY_ybiW_predicted,1.25,16,7,GCGCATGAAGTCGAGACTTA,9,4716895
ybiY_ybiW_predicted,1.0,14,7,GCGCAATGTCAATTCCCGCA,7,4723655
ybiY_ybiW_predicted,0.875,13,7,GCCGTTTATGTGACTACTAA,6,4703915
ybiY_ybiW_predicted,4.25,40,7,GCCGCCTCGTGTCACTTGCG,33,4720824
ybiY_ybiW_predicted,0.5,10,7,GCCCCTCAAGTGACCCGGTT,3,4711293
ybiY_ybiW_predicted,3.0,30,7,GCCCATTGTAAGCTGAATTG,23,4718170
ybiY_ybiW_predicted,1.5,18,7,GCCATTATAATGTGCTAGCT,11,4703875
ybiY_ybiW_predicted,1.25,16,7,GCCATCGGCCGACATTAACT,9,4692664
ybiY_ybiW_predicted,0.5,10,7,GCATTTAATTCGATTGACGG,3,4709746
ybiY_ybiW_predicted,0.875,13,7,GCATCCGCGCGGATTAGTAT,6,4720672
ybiY_ybiW_predicted,1.125,15,7,GCAGTTACCGAGAATAATCA,8,4691800
ybiY_ybiW_predicted,0.875,13,7,GCAGACGCTCAAAAATATGT,6,4727453
ybiY_ybiW_predicted,0.5,10,7,GCACGGAGTATACACGTTAT,3,4716838
ybiY_ybiW_predicted,2.0,22,7,GCACCGGGCCTAGGGGTCTG,15,4723194
ybiY_ybiW_predicted,1.5,18,7,GCACCCGAGTCTGGACAGCT,11,4723843
ybiY_ybiW_predicted,2.125,23,7,GCAATGTACGGAATGTCCGC,16,4704899
ybiY_ybiW_predicted,2.875,29,7,GCAAACTTCCTTTTAACCAC,22,4691474
ybiY_ybiW_predicted,0.375,9,7,GATGCGTTGTGCTAACGCCG,2,4694082
ybiY_ybiW_predicted,1.25,16,7,GATGCGTGAAAGGAATGTGA,9,4712935
ybiY_ybiW_predicted,0.75,12,7,GATCCCGACTCCTCAGTGCC,5,4718750
ybiY_ybiW_predicted,2.25,24,7,GATAATTCCGCACGCACATC,17,4706032
ybiY_ybiW_predicted,0.875,13,7,GAGTTACCCATTGCTTTTTA,6,4706083
ybiY_ybiW_predicted,0.75,12,7,GAGTCTTCGAGGGCTACTGA,5,4700548
ybiY_ybiW_predicted,2.875,29,7,GAGTAGGTCTCAGGCGTATG,22,4728115
ybiY_ybiW_predicted,0.375,9,7,GAGGGGCTATCGTGCCAGAC,2,4717646
ybiY_ybiW_predicted,1.125,15,7,GAGCGTTGAGTTAACTTTAT,8,4688717
ybiY_ybiW_predicted,0.25,8,7,GAGCGCTTTAATACAGACCA,1,4701671
ybiY_ybiW_predicted,1.875,21,7,GAGAGGCATTGGCCTCTGTG,14,4703203
ybiY_ybiW_predicted,0.875,13,7,GAGAATATCAAACGAGTTTA,6,4699590
ybiY_ybiW_predicted,0.25,8,7,GAGAAGGGGAGGACTACAGC,1,4716816
ybiY_ybiW_predicted,1.5,18,7,GACTAAATTGGGTCCGTAAC,11,4705316
ybiY_ybiW_predicted,1.125,15,7,GACGGAATCTCACCAACACC,8,4702522
ybiY_ybiW_predicted,3.625,35,7,GACCCATACCGTCGTCACAA,28,4711027
ybiY_ybiW_predicted,1.375,17,7,GACACGTGCACACCGCCTTA,10,4704316
ybiY_ybiW_predicted,1.625,19,7,GAATCGCGGCCCTGTGTAGT,12,4700070
ybiY_ybiW_predicted,2.0,22,7,GAAGTTAGAGTCTGTCCCAA,15,4711373
ybiY_ybiW_predicted,1.375,17,7,GAAGTCCAGTTTAGGTCAAA,10,4731932
ybiY_ybiW_predicted,0.75,12,7,GAAGTACTTGCACGAAGAGA,5,4707744
ybiY_ybiW_predicted,2.375,25,7,GAAGACCGTGTTGTGCGCAT,18,4726175
ybiY_ybiW_predicted,0.625,11,7,GAAAGAGAGATTATGAATGA,4,4690810
ybiY_ybiW_predicted,0.625,11,7,CTTTTGTAGCGAATTAGGTC,4,4720709
ybiY_ybiW_predicted,0.75,12,7,CTTTACGGTTCACTGGATGC,5,4700748
ybiY_ybiW_predicted,0.625,11,7,CTTGAGCCTCAGCATTTCGA,4,4725570
ybiY_ybiW_predicted,1.25,16,7,CTTCTAAGTGAGGAACCCGA,9,4705840
ybiY_ybiW_predicted,1.75,20,7,CTTCCCGCGGAATCTGGACT,13,4724747
ybiY_ybiW_predicted,0.625,11,7,CTTCATATACCCCAAGCGAG,4,4703265
ybiY_ybiW_predicted,1.375,17,7,CTTACGAGGGCTTAAGGCCC,10,4713100
ybiY_ybiW_predicted,0.5,10,7,CTGTCCTCTTCAGACAGAGG,3,4691124
ybiY_ybiW_predicted,0.25,8,7,CTGTAGCTTGTATGGGTTTA,1,4728240
ybiY_ybiW_predicted,0.75,12,7,CTGATTCACGAAACCGGGTC,5,4698466
ybiY_ybiW_predicted,1.875,21,7,CTCTTCTCGGGCCTTTCTCT,14,4692145
ybiY_ybiW_predicted,0.75,12,7,CTCGGGCCGGTTGCCGAATT,5,4702794
ybiY_ybiW_predicted,0.625,11,7,CTCCGGAACCGAGCACCAGA,4,4713431
ybiY_ybiW_predicted,1.125,15,7,CTCACTGCGATCTTTCTTGA,8,4720872
ybiY_ybiW_predicted,0.625,11,7,CTAGTGTGTCGGGCAAAGCC,4,4697400
ybiY_ybiW_predicted,1.25,16,7,CTAGGCGATAGGTTACAAAA,9,4695201
ybiY_ybiW_predicted,1.625,19,7,CTACCTGTTTTCTATGCCCA,12,4709722
ybiY_ybiW_predicted,1.75,20,7,CTAAAGACCAACGTGGCCAT,13,4721694
ybiY_ybiW_predicted,1.375,17,7,CGTTCCATGAACCGCGTAGG,10,4700309
ybiY_ybiW_predicted,1.375,17,7,CGTTATGGAACGCACACGAT,10,4703633
ybiY_ybiW_predicted,0.875,13,7,CGTCTAGACACGTAACAAAC,6,4700717
ybiY_ybiW_predicted,1.375,17,7,CGTCCTTTGTGGATTGTGTC,10,4712032
ybiY_ybiW_predicted,0.5,10,7,CGTACTTAGGTTGGATCATC,3,4709872
ybiY_ybiW_predicted,0.375,9,7,CGTACGTCTACTCCATTGTG,2,4718138
ybiY_ybiW_predicted,0.625,11,7,CGTAATCAGTTACGTTCCGT,4,4714097
ybiY_ybiW_predicted,0.25,8,7,CGGTTGCGATTCCCACCGGC,1,4704153
ybiY_ybiW_predicted,0.75,12,7,CGGTACGCTACCCAAATATT,5,4730839
ybiY_ybiW_predicted,1.5,18,7,CGGCATGCTTAAAGCGTTAG,11,4705154
ybiY_ybiW_predicted,1.5,18,7,CGCGGCAAGCTTCGTGCACT,11,4703435
ybiY_ybiW_predicted,1.75,20,7,CGCCAGAGGTACGTTCAGTT,13,4716404
ybiY_ybiW_predicted,1.625,19,7,CGCATTCGGTTAGAATGTCC,12,4700187
ybiY_ybiW_predicted,0.625,11,7,CGCAGATATTGCAATGGTGC,4,4689445
ybiY_ybiW_predicted,19.375,161,7,CGCACGAGGGCGATATCGTA,154,4709038
ybiY_ybiW_predicted,0.875,13,7,CGAGGGATCATTGTTTCGAA,6,4708713
ybiY_ybiW_predicted,0.875,13,7,CGACGAAGGGTGACCACCAT,6,4721701
ybiY_ybiW_predicted,1.625,19,7,CGACAGTGCTTTATGCCCAA,12,4713736
ybiY_ybiW_predicted,1.875,21,7,CCTTGGTAAACAGCGGGATC,14,4707360
ybiY_ybiW_predicted,3.375,33,7,CCTGACGCCTAAGTTGATCA,26,4732630
ybiY_ybiW_predicted,1.5,18,7,CCTCTTTGCAACTCGAACTC,11,4708331
ybiY_ybiW_predicted,0.25,8,7,CCTCAATGGCCATCAGCCGG,1,4732394
ybiY_ybiW_predicted,1.375,17,7,CCTATATAAGACTATCCCGG,10,4720668
ybiY_ybiW_predicted,0.625,11,7,CCGGTTGGTTCCTATCGGAG,4,4698153
ybiY_ybiW_predicted,1.5,18,7,CCGCTATTAGCTGCAGCACT,11,4720076
ybiY_ybiW_predicted,1.125,15,7,CCGCGACCACCATGTTCTCA,8,4704067
ybiY_ybiW_predicted,0.5,10,7,CCGCCAGGAGTTTGCCGGAA,3,4725120
ybiY_ybiW_predicted,1.5,18,7,CCGATATATCAATAAAAAGA,11,4702638
ybiY_ybiW_predicted,2.0,22,7,CCCTTGAATCGTCAGACGCT,15,4706153
ybiY_ybiW_predicted,1.875,21,7,CCCTCTCCCAATAGATAATT,14,4719042
ybiY_ybiW_predicted,1.625,19,7,CCCACCACGTGCCAGGCCGG,12,4698136
ybiY_ybiW_predicted,1.25,16,7,CCCAATTGAAGCAAATTACT,9,4698523
ybiY_ybiW_predicted,2.375,25,7,CCATATAAATGCGGTCAGGT,18,4690329
ybiY_ybiW_predicted,0.5,10,7,CCATAATTAGTCCGGAGTGT,3,4720276
ybiY_ybiW_predicted,1.375,17,7,CCAGCTAGCTGACTATACAA,10,4717243
ybiY_ybiW_predicted,1.5,18,7,CCACGAAAGAGATTGGCGGA,11,4729825
ybiY_ybiW_predicted,0.625,11,7,CCAAAACGGTGTGGGTGATC,4,4729640
ybiY_ybiW_predicted,4.0,38,7,CATTCCACCGGCGGAGGACG,31,4697117
ybiY_ybiW_predicted,1.625,19,7,CATGTCATTGAGCGAACATA,12,4720474
ybiY_ybiW_predicted,0.625,11,7,CATGTCAGGTAGTGAAGAGA,4,4693268
ybiY_ybiW_predicted,0.375,9,7,CATGGTGTAAAACGAGTTAA,2,4688911
ybiY_ybiW_predicted,2.25,24,7,CATCGCATAACCCTTGGCTA,17,4731280
ybiY_ybiW_predicted,3.25,32,7,CAGTAATAACAACCCCCAAA,25,4704330
ybiY_ybiW_predicted,0.875,13,7,CAGGGGATCCCCAGGTGAAC,6,4713803
ybiY_ybiW_predicted,1.0,14,7,CAGGGATTGAAGACTTTAAG,7,4709450
ybiY_ybiW_predicted,1.125,15,7,CAGGAATTGTTGGTACCCAA,8,4702945
ybiY_ybiW_predicted,0.875,13,7,CAGCCAAGCCTCGCGTTAAC,6,4718959
ybiY_ybiW_predicted,1.0,14,7,CAGCATCCGGTCTGCTAAAA,7,4692764
ybiY_ybiW_predicted,17.625,147,7,CAGATGCAGCAGCTTAATTT,140,4721026
ybiY_ybiW_predicted,1.625,19,7,CAGATCCTTTCATGACTTGG,12,4715379
ybiY_ybiW_predicted,0.25,8,7,CACTATGAAACTCGACCAGG,1,4720358
ybiY_ybiW_predicted,0.375,9,7,CACGTAACCACTTATCTTGT,2,4692337
ybiY_ybiW_predicted,1.25,16,7,CACGGTGGAATGCTTGAGGA,9,4698586
ybiY_ybiW_predicted,4.0,38,7,CACGACTAACACAAGTGCGT,31,4707329
ybiY_ybiW_predicted,0.25,8,7,CACCAGGAAGGTGCAATTAC,1,4717126
ybiY_ybiW_predicted,1.625,19,7,CACATGGGGTCGGGTACAAA,12,4711903
ybiY_ybiW_predicted,1.125,15,7,CACATGCGCAGTACAGCCAG,8,4718624
ybiY_ybiW_predicted,0.75,12,7,CACAAAGTCGTTTGAATAAA,5,4704178
ybiY_ybiW_predicted,0.375,9,7,CAATCTCATCCAGCTGCGGT,2,4711103
ybiY_ybiW_predicted,1.75,20,7,CAATCCAGTGGAATGGAAAC,13,4719318
ybiY_ybiW_predicted,0.375,9,7,CAAGGGCTCATTCACCTAAC,2,4715826
ybiY_ybiW_predicted,1.5,18,7,CAACCTATTTAGGCGATTAT,11,4702029
ybiY_ybiW_predicted,0.25,8,7,CAACCACAGGCCCGGGGTTC,1,4695700
ybiY_ybiW_predicted,2.75,28,7,CAAATGACGCAAATCCGCGA,21,4702567
ybiY_ybiW_predicted,1.875,21,7,CAAACCAGTCCTGTTTCATC,14,4709083
ybiY_ybiW_predicted,10.625,91,7,CAAAATTTCGACTAACTCTA,84,4727105
ybiY_ybiW_predicted,2.25,24,7,ATTGCGCGACAGGCCACAAT,17,4719227
ybiY_ybiW_predicted,0.875,13,7,ATTCTGGCAGTCAACTGAGA,6,4696368
ybiY_ybiW_predicted,1.5,18,7,ATGTCCGGTACCTGGTGGAC,11,4724181
ybiY_ybiW_predicted,2.875,29,7,ATGGAGGTAGGGGCGGGGTG,22,4698081
ybiY_ybiW_predicted,1.125,15,7,ATGGAAACCGCATAATTAAC,8,4698203
ybiY_ybiW_predicted,0.625,11,7,ATGCGAATAGATAGGCGCGA,4,4712622
ybiY_ybiW_predicted,1.375,17,7,ATGCCCGCTCTTTTCATGGT,10,4731520
ybiY_ybiW_predicted,1.125,15,7,ATGAAGACAGCCTCATAAAG,8,4690760
ybiY_ybiW_predicted,0.5,10,7,ATCTCAAGCCAGGGAGGCTT,3,4702772
ybiY_ybiW_predicted,0.5,10,7,ATCGTTAATGGTTGTGCATT,3,4722803
ybiY_ybiW_predicted,1.75,20,7,ATCGTATGTATTGTCGGGCA,13,4727537
ybiY_ybiW_predicted,18.25,152,7,ATCCGTGGTGCCAGCCACGG,145,4709941
ybiY_ybiW_predicted,1.375,17,7,ATCCGCAAAACTGGTCAGGT,10,4704951
ybiY_ybiW_predicted,0.5,10,7,ATCCACCACGATCCGTTTCT,3,4728641
ybiY_ybiW_predicted,1.625,19,7,ATCACCAGCAATCTAATATA,12,4715078
ybiY_ybiW_predicted,2.875,29,7,ATCAAGGACCATTATGATTC,22,4728061
ybiY_ybiW_predicted,0.875,13,7,ATACTGGGGGTCACACGTAA,6,4704414
ybiY_ybiW_predicted,0.75,12,7,ATACCGGACAAACATACGCT,5,4726443
ybiY_ybiW_predicted,0.25,8,7,ATAATCGCGCTCACTAACCA,1,4730738
ybiY_ybiW_predicted,0.25,8,7,ATAATAATAATACTGCCTTC,1,4690117
ybiY_ybiW_predicted,1.25,16,7,ATAAACAGGCCCATCAGCAT,9,4724699
ybiY_ybiW_predicted,0.75,12,7,AGTTGTTCTTTCGGTAGGCA,5,4726699
ybiY_ybiW_predicted,0.625,11,7,AGTTCTTATTAAGCAGTCAT,4,4711920
ybiY_ybiW_predicted,0.25,8,7,AGTTCATGCACCTGTCACTC,1,4701712
ybiY_ybiW_predicted,4.0,38,7,AGTGGTGACAGAACAATGCC,31,4702184
ybiY_ybiW_predicted,1.25,16,7,AGTCGTACCGCATTACATTC,9,4703433
ybiY_ybiW_predicted,0.25,8,7,AGTCGGAGTTGTAATATTAG,1,4712576
ybiY_ybiW_predicted,1.75,20,7,AGTCGAGGATAGGAGCGATG,13,4702488
ybiY_ybiW_predicted,1.625,19,7,AGTCCGGTTGGCCTCGGTGC,12,4728107
ybiY_ybiW_predicted,0.75,12,7,AGTACGAAAATCACCCGGTA,5,4700685
ybiY_ybiW_predicted,0.5,10,7,AGTAACTACCGACGTAGTTT,3,4727162
ybiY_ybiW_predicted,0.625,11,7,AGGTCATTCTTCTATCTAGT,4,4716953
ybiY_ybiW_predicted,0.75,12,7,AGGCGGGATGAGGTGGGATT,5,4720632
ybiY_ybiW_predicted,1.5,18,7,AGGCGCTAGGGTCCATCTGT,11,4718265
ybiY_ybiW_predicted,0.875,13,7,AGGCAAGTCTCATGGTGATA,6,4708813
ybiY_ybiW_predicted,1.0,14,7,AGGAACTATGCGTAGCCACC,7,4695781
ybiY_ybiW_predicted,6.25,56,7,AGCTTCAATCCCGTGGCCAG,49,4712464
ybiY_ybiW_predicted,0.5,10,7,AGCTTACTTGTCTGGACCCC,3,4709280
ybiY_ybiW_predicted,15.125,127,7,AGCTATTGTCTCAGATTGTT,120,4716426
ybiY_ybiW_predicted,0.5,10,7,AGCGTGAGGTATCAGAGATG,3,4728356
ybiY_ybiW_predicted,0.875,13,7,AGCGCCGACCAACCTACAAA,6,4732430
ybiY_ybiW_predicted,1.625,19,7,AGCATGTAATATACGCAGGC,12,4713182
ybiY_ybiW_predicted,1.375,17,7,AGCATGCCGAATAATCAGAT,10,4696893
ybiY_ybiW_predicted,0.25,8,7,AGCAGTGATTCTCGAAAGAC,1,4726018
ybiY_ybiW_predicted,3.125,31,7,AGATAGTCACCATAGTGAGT,24,4711871
ybiY_ybiW_predicted,1.625,19,7,AGACTCGCAGACGCAGAGAG,12,4705696
ybiY_ybiW_predicted,1.5,18,7,AGAATGGATGGAGGCGGGCG,11,4706351
ybiY_ybiW_predicted,0.5,10,7,AGAATAGCGCGCGCCTTACC,3,4696467
ybiY_ybiW_predicted,0.375,9,7,AGAAGCCAGGTCCCCTATCA,2,4720171
ybiY_ybiW_predicted,0.625,11,7,ACTTTGTTAAAAACTAATGA,4,4728582
ybiY_ybiW_predicted,2.875,29,7,ACTTGTACCACCAGCTTACA,22,4691923
ybiY_ybiW_predicted,1.875,21,7,ACTTACATGTGCTACAGGAT,14,4725893
ybiY_ybiW_predicted,1.75,20,7,ACTACGAGCTCAACATTGGC,13,4697533
ybiY_ybiW_predicted,3.25,32,7,ACTAATCCCCCCTATTTTCT,25,4709483
ybiY_ybiW_predicted,1.125,15,7,ACGTTGGTCTGTGCCACGCC,8,4695743
ybiY_ybiW_predicted,0.5,10,7,ACGTTATGACAACGCAGTAT,3,4698572
ybiY_ybiW_predicted,4.0,38,7,ACGATATAGTGAGTAAATGC,31,4713986
ybiY_ybiW_predicted,1.0,14,7,ACCGGCTCTTCCCGGTTCGG,7,4727506
ybiY_ybiW_predicted,0.875,13,7,ACCGCCCGCGCGTAGAGCCA,6,4721593
ybiY_ybiW_predicted,1.0,14,7,ACCGAGTTTGACTTAACTTA,7,4692962
ybiY_ybiW_predicted,0.625,11,7,ACCCTAGTTATAACAAGACG,4,4723330
ybiY_ybiW_predicted,4.375,41,7,ACCCAGTGGTGCTCCGCGAT,34,4713166
ybiY_ybiW_predicted,0.75,12,7,ACCACCAGACCCGAGTCAGT,5,4689000
ybiY_ybiW_predicted,0.5,10,7,ACATGTATTCAGACATCGAG,3,4701083
ybiY_ybiW_predicted,1.0,14,7,ACATGGCACTTGTCCTCGAA,7,4688493
ybiY_ybiW_predicted,0.875,13,7,ACATGCACGAAAAACTTCTG,6,4727313
ybiY_ybiW_predicted,1.625,19,7,ACATGAGGGTCCTGTGTATT,12,4691168
ybiY_ybiW_predicted,0.375,9,7,ACATATGAGTAGGTTCGCGC,2,4706883
ybiY_ybiW_predicted,0.75,12,7,ACAACGAGTCTGTGTATCCA,5,4699973
ybiY_ybiW_predicted,1.75,20,7,AATTGGCGCATTATTTAATT,13,4693578
ybiY_ybiW_predicted,1.0,14,7,AATGGCAGTCTCAGTGGCAT,7,4699353
ybiY_ybiW_predicted,0.5,10,7,AATGCTTGGAGGTTACTACA,3,4699223
ybiY_ybiW_predicted,1.75,20,7,AATGCCCCCCTGGCAAAGGC,13,4712762
ybiY_ybiW_predicted,4.375,41,7,AATGATTACTTAGCTGGATC,34,4698314
ybiY_ybiW_predicted,1.625,19,7,AATCTTTGATGGTCTCCTGC,12,4714278
ybiY_ybiW_predicted,0.375,9,7,AATATAAGCGGCATCAGTGT,2,4693509
ybiY_ybiW_predicted,4.25,40,7,AATAGTACCGATAGTTTTCA,33,4724737
ybiY_ybiW_predicted,1.875,21,7,AAGTTTTGCTCTTAGGCGAG,14,4721225
ybiY_ybiW_predicted,0.875,13,7,AAGTTGGCGAATCTTGGTGA,6,4689940
ybiY_ybiW_predicted,0.75,12,7,AAGTGTCCGTACGCTCACCA,5,4718627
ybiY_ybiW_predicted,1.25,16,7,AAGGCTCGCTCAGTGCCATC,9,4710528
ybiY_ybiW_predicted,0.625,11,7,AAGCTTCAGTTGGTAACCTG,4,4713626
ybiY_ybiW_predicted,1.875,21,7,AAGCACTAACATGCTTTAGT,14,4716950
ybiY_ybiW_predicted,0.875,13,7,AAGATCCCAGGAGTATGTAC,6,4694044
ybiY_ybiW_predicted,1.875,21,7,AACTCTCTAAGATAAGGCGA,14,4689335
ybiY_ybiW_predicted,0.875,13,7,AACTCCGGGATCAGTCAACG,6,4700713
ybiY_ybiW_predicted,0.375,9,7,AACGGGGCCAGGCATATCAC,2,4726897
ybiY_ybiW_predicted,0.25,8,7,AACGAGCATCATTCTCAAAT,1,4696788
ybiY_ybiW_predicted,0.625,11,7,AACAGGTGCTCCATTAACAA,4,4691075
ybiY_ybiW_predicted,2.5,26,7,AAAGCCTATGTGGGAGTATT,19,4690575
ybiY_ybiW_predicted,0.2857142857142857,7,6,TTTCATGCTATGGAGGGAGT,1,4732568
ybiY_ybiW_predicted,2.4285714285714284,22,6,TTTATTACCTCGCCGTAAAA,16,4725741
ybiY_ybiW_predicted,0.5714285714285714,9,6,TTTATCTAACCCTGTGTTTC,3,4711256
ybiY_ybiW_predicted,0.8571428571428571,11,6,TTGTTCGAGCGGGCCAGTTG,5,4727657
ybiY_ybiW_predicted,0.5714285714285714,9,6,TTGTGGTCCCGTCGGAAACG,3,4718468
ybiY_ybiW_predicted,1.8571428571428572,18,6,TTGTGAAGTTAATTCTCCAA,12,4700739
ybiY_ybiW_predicted,4.428571428571429,36,6,TTGTAGTCATTGGTGTTCTA,30,4691492
ybiY_ybiW_predicted,1.7142857142857142,17,6,TTGGTTCTGGAATTGTAGTG,11,4703323
ybiY_ybiW_predicted,2.0,19,6,TTGGGTATCAAGGAACCCGT,13,4691045
ybiY_ybiW_predicted,1.5714285714285714,16,6,TTGGCGCAGCACTTCTACAC,10,4712642
ybiY_ybiW_predicted,1.1428571428571428,13,6,TTGGCCAGATAGGGTGGTGT,7,4729003
ybiY_ybiW_predicted,1.0,12,6,TTGCTTGCTTGTTCGATGAG,6,4698660
ybiY_ybiW_predicted,0.2857142857142857,7,6,TTGAGTTCTACGATAGGGTT,1,4720865
ybiY_ybiW_predicted,0.7142857142857143,10,6,TTGAGATTACTCCGATAGCC,4,4731503
ybiY_ybiW_predicted,3.857142857142857,32,6,TTGAGATCGAACGTATGTTA,26,4724740
ybiY_ybiW_predicted,0.42857142857142855,8,6,TTCTCGCCGGGGATAGGAGT,2,4729639
ybiY_ybiW_predicted,5.857142857142857,46,6,TTCTCCGAAGGTGAAAGGTA,40,4726227
ybiY_ybiW_predicted,1.1428571428571428,13,6,TTCGTCCCGATCTGGCGATA,7,4721904
ybiY_ybiW_predicted,0.42857142857142855,8,6,TTCGAGAAGGACCACTCAGG,2,4729617
ybiY_ybiW_predicted,2.5714285714285716,23,6,TTCGAATGTGGTGGGTGAAC,17,4715072
ybiY_ybiW_predicted,1.7142857142857142,17,6,TTCCCCAAGGTAACGGTACG,11,4726491
ybiY_ybiW_predicted,1.4285714285714286,15,6,TTCATAATGGCTCTCGGCAT,9,4724028
ybiY_ybiW_predicted,0.42857142857142855,8,6,TTCAGATATCGAAAGTTTTC,2,4696202
ybiY_ybiW_predicted,1.0,12,6,TTATTTATCGACTTGAATAT,6,4700282
ybiY_ybiW_predicted,3.5714285714285716,30,6,TTATGTGCCCCCCGTCATTT,24,4707474
ybiY_ybiW_predicted,4.571428571428571,37,6,TTATCGTAAGGTGATTCATA,31,4725766
ybiY_ybiW_predicted,1.1428571428571428,13,6,TTAGTAACTGGCTCCTGATT,7,4712291
ybiY_ybiW_predicted,2.142857142857143,20,6,TTAGCCCCAGGTATGGAAGA,14,4693386
ybiY_ybiW_predicted,0.5714285714285714,9,6,TTAGCCAGTGTTTCCTGCAG,3,4718212
ybiY_ybiW_predicted,2.0,19,6,TTAGCACCGACCCACAATCG,13,4724483
ybiY_ybiW_predicted,0.2857142857142857,7,6,TTACCAATCCACCCTTATAG,1,4692911
ybiY_ybiW_predicted,10.428571428571429,78,6,TTAAGCACTTCGAACCCATG,72,4690835
ybiY_ybiW_predicted,1.0,12,6,TGTTCTATACGTGTCCATTT,6,4689986
ybiY_ybiW_predicted,0.8571428571428571,11,6,TGTTCACACATACGATGCAT,5,4711120
ybiY_ybiW_predicted,1.5714285714285714,16,6,TGTGTGGCATGACAATTAGT,10,4698029
ybiY_ybiW_predicted,0.42857142857142855,8,6,TGTGATAGCGACGTAGAAAG,2,4720538
ybiY_ybiW_predicted,4.714285714285714,38,6,TGTGAGCATCAGGTGCGGGA,32,4697213
ybiY_ybiW_predicted,1.5714285714285714,16,6,TGTCTTGGTTCAGATCGCCT,10,4692729
ybiY_ybiW_predicted,0.2857142857142857,7,6,TGTCCGCTTCCAAGCAAAAC,1,4714291
ybiY_ybiW_predicted,1.2857142857142858,14,6,TGTAGACTTAACAGCTCGAG,8,4688674
ybiY_ybiW_predicted,0.2857142857142857,7,6,TGTAGACACCTCGATTCTAC,1,4693795
ybiY_ybiW_predicted,1.2857142857142858,14,6,TGTACCCCCGTGGGGATGCC,8,4707684
ybiY_ybiW_predicted,0.42857142857142855,8,6,TGGTTAACAGAAAGGTTTGG,2,4713722
ybiY_ybiW_predicted,0.42857142857142855,8,6,TGGTGGAAGGTACGTTCGTA,2,4718887
ybiY_ybiW_predicted,0.7142857142857143,10,6,TGGGTGTACAAAATCTAAAA,4,4711842
ybiY_ybiW_predicted,1.5714285714285714,16,6,TGGATCCTGTCAACAGGGCG,10,4696575
ybiY_ybiW_predicted,1.5714285714285714,16,6,TGGACCGCGTCCTCACGCTA,10,4698158
ybiY_ybiW_predicted,3.5714285714285716,30,6,TGCCATGTGAGGTGTGCCTA,24,4724080
ybiY_ybiW_predicted,0.2857142857142857,7,6,TGCCAATTTCATTGTTCGAG,1,4692912
ybiY_ybiW_predicted,0.2857142857142857,7,6,TGCATGTCCGAGTGCGCCTA,1,4728902
ybiY_ybiW_predicted,0.8571428571428571,11,6,TGCACCTCCCCTCGGGACTA,5,4730162
ybiY_ybiW_predicted,1.8571428571428572,18,6,TGAGTATTGCCTCGCCGTTC,12,4710689
ybiY_ybiW_predicted,1.4285714285714286,15,6,TGAGGGTATTACCCCCTTGG,9,4713515
ybiY_ybiW_predicted,1.2857142857142858,14,6,TGAAAAACACTTGGGCCGTT,8,4698318
ybiY_ybiW_predicted,2.5714285714285716,23,6,TCTTCGCCGTGCATTTTGCG,17,4705453
ybiY_ybiW_predicted,0.5714285714285714,9,6,TCTGGAACAGTTGGCGGCGC,3,4708797
ybiY_ybiW_predicted,0.2857142857142857,7,6,TCTGAACCATACCTGCAATG,1,4731142
ybiY_ybiW_predicted,1.4285714285714286,15,6,TCTCTTCGCCCAGGAAGATC,9,4698003
ybiY_ybiW_predicted,1.5714285714285714,16,6,TCTCGGTAGTAGATCGGGAT,10,4714790
ybiY_ybiW_predicted,4.571428571428571,37,6,TCTATTCTGTCAAAGGTGAC,31,4694589
ybiY_ybiW_predicted,1.0,12,6,TCTATTCTAGGTCATTTCGC,6,4717958
ybiY_ybiW_predicted,1.0,12,6,TCGTTCTCATGGGGAGTCCT,6,4688675
ybiY_ybiW_predicted,1.2857142857142858,14,6,TCGTGTAATAGCTGTTCATG,8,4709143
ybiY_ybiW_predicted,0.42857142857142855,8,6,TCGTGGGACACCGTTTACGG,2,4689784
ybiY_ybiW_predicted,4.0,33,6,TCGCCGCCGGCCGGAGCCCA,27,4692376
ybiY_ybiW_predicted,0.5714285714285714,9,6,TCGCATAGAAAAGGTCGGTG,3,4699002
ybiY_ybiW_predicted,2.4285714285714284,22,6,TCGCAATGTATGCGTCTTAT,16,4728824
ybiY_ybiW_predicted,1.1428571428571428,13,6,TCCTAGAAATCACGGCCCTT,7,4726735
ybiY_ybiW_predicted,1.5714285714285714,16,6,TCCGCTGCCTGATGGCGTAG,10,4694009
ybiY_ybiW_predicted,0.42857142857142855,8,6,TCCGAGAGTCCAACGCGTCA,2,4711183
ybiY_ybiW_predicted,2.4285714285714284,22,6,TCCCTACCCTGCTGTAGGTG,16,4709456
ybiY_ybiW_predicted,1.4285714285714286,15,6,TCCCATAGGCGCGGGACGAG,9,4707819
ybiY_ybiW_predicted,0.8571428571428571,11,6,TCCCAGTGCTCTTTCAATTG,5,4722010
ybiY_ybiW_predicted,2.0,19,6,TCCCAGATCCTCTTGGATCT,13,4689299
ybiY_ybiW_predicted,1.7142857142857142,17,6,TCCAGCGGCCTAATATCTCA,11,4692734
ybiY_ybiW_predicted,1.5714285714285714,16,6,TCCACTTCGTACCACGTATC,10,4718741
ybiY_ybiW_predicted,1.1428571428571428,13,6,TCCACGGGGCCTATTTGCTA,7,4731056
ybiY_ybiW_predicted,0.2857142857142857,7,6,TCCAAGCCTCTTACCAATCT,1,4730895
ybiY_ybiW_predicted,1.5714285714285714,16,6,TCATATTCAGAGTCGGACGC,10,4698666
ybiY_ybiW_predicted,0.7142857142857143,10,6,TCAGCGGGAGAATGGCTTTG,4,4724427
ybiY_ybiW_predicted,4.714285714285714,38,6,TCACTGAGTACGGGTCAGCC,32,4697302
ybiY_ybiW_predicted,3.5714285714285716,30,6,TCACACACTGGAAGGAAGCG,24,4690816
ybiY_ybiW_predicted,0.8571428571428571,11,6,TCAACAAAGTGAAGGCCGGT,5,4713073
ybiY_ybiW_predicted,2.5714285714285716,23,6,TATGGCAACCGTTGCGACTC,17,4711182
ybiY_ybiW_predicted,2.857142857142857,25,6,TATATGTAGTTCTGTGCACG,19,4712950
ybiY_ybiW_predicted,1.0,12,6,TATAACTAAAACGTGAAGAC,6,4701824
ybiY_ybiW_predicted,0.5714285714285714,9,6,TAGGTTTAGGCGGGTGGAGA,3,4688951
ybiY_ybiW_predicted,1.2857142857142858,14,6,TAGCGCGACATTTCGAACGC,8,4720758
ybiY_ybiW_predicted,2.5714285714285716,23,6,TAGCCGGTGGCGATGAAAAT,17,4703307
ybiY_ybiW_predicted,1.7142857142857142,17,6,TAGATCTACACCGCTCACGC,11,4718614
ybiY_ybiW_predicted,3.2857142857142856,28,6,TAGAGTATACTAGAGCACTT,22,4719495
ybiY_ybiW_predicted,0.42857142857142855,8,6,TACTTCGGGTTCCCCCGCCT,2,4702913
ybiY_ybiW_predicted,0.8571428571428571,11,6,TACTGCACCACCTCTGTGTC,5,4704431
ybiY_ybiW_predicted,0.7142857142857143,10,6,TACGGTGTACAGGATGTTAC,4,4702349
ybiY_ybiW_predicted,1.5714285714285714,16,6,TACGCGCACACAGCAGCCCT,10,4724922
ybiY_ybiW_predicted,8.571428571428571,65,6,TACGCCGAGCCGTGCCTCCT,59,4702414
ybiY_ybiW_predicted,1.7142857142857142,17,6,TACCTGGCGTAAATACGGGG,11,4712790
ybiY_ybiW_predicted,1.5714285714285714,16,6,TACCGCTAGGCAGCTCCGGA,10,4698313
ybiY_ybiW_predicted,0.5714285714285714,9,6,TACCCGGCGGCCCTCGATAA,3,4708460
ybiY_ybiW_predicted,1.7142857142857142,17,6,TACCCAGGTTGAATCAGACA,11,4721301
ybiY_ybiW_predicted,4.571428571428571,37,6,TACATCACTCGAGACGCATT,31,4720403
ybiY_ybiW_predicted,1.7142857142857142,17,6,TACAGAAGGGTGCCAAGCGG,11,4697751
ybiY_ybiW_predicted,2.4285714285714284,22,6,TAATTCGCATTCTGGCAGAA,16,4711875
ybiY_ybiW_predicted,2.5714285714285716,23,6,TAACGGCACTCGTCCTTTTT,17,4690600
ybiY_ybiW_predicted,0.2857142857142857,7,6,TAAATGTAAGGCGAGCCAAC,1,4691844
ybiY_ybiW_predicted,2.5714285714285716,23,6,TAAACTATGCGATTCCGTCG,17,4707002
ybiY_ybiW_predicted,1.2857142857142858,14,6,TAAAACCTAAGCATAATTCA,8,4709286
ybiY_ybiW_predicted,0.8571428571428571,11,6,TAAAACATAATTGGTGTTGT,5,4693577
ybiY_ybiW_predicted,1.7142857142857142,17,6,GTTTCTTAGTTCGGTAATCA,11,4720554
ybiY_ybiW_predicted,0.8571428571428571,11,6,GTTGGGCACATTCTCAAGCT,5,4723883
ybiY_ybiW_predicted,4.285714285714286,35,6,GTTCCGATGCAAGGGCAGAA,29,4716432
ybiY_ybiW_predicted,1.1428571428571428,13,6,GTTCCCTTATGCCTACAACA,7,4721997
ybiY_ybiW_predicted,1.5714285714285714,16,6,GTTCAGACGCTGCGCCATCG,10,4690371
ybiY_ybiW_predicted,1.1428571428571428,13,6,GTGTCCGTCTCTACGTTGGT,7,4713002
ybiY_ybiW_predicted,2.0,19,6,GTGGGGGGGCGTTCAGTCTA,13,4716185
ybiY_ybiW_predicted,0.42857142857142855,8,6,GTGGCAGGGTGACCATACAT,2,4694437
ybiY_ybiW_predicted,1.1428571428571428,13,6,GTGCTGCCGTCGATCGTCAT,7,4721557
ybiY_ybiW_predicted,2.2857142857142856,21,6,GTGAACTTGCTTTCGTTCGA,15,4726496
ybiY_ybiW_predicted,2.142857142857143,20,6,GTCTACTTTGGCACAGCTGT,14,4719959
ybiY_ybiW_predicted,1.0,12,6,GTCCGGTTCAGCTCATATAA,6,4726386
ybiY_ybiW_predicted,1.1428571428571428,13,6,GTCCAGAAGATTCTTTAGAC,7,4717509
ybiY_ybiW_predicted,1.1428571428571428,13,6,GTCATTTGTCAAATTGGGTA,7,4691766
ybiY_ybiW_predicted,0.5714285714285714,9,6,GTCAAACTCATCTGGGTGTC,3,4701542
ybiY_ybiW_predicted,1.1428571428571428,13,6,GTATGATTAGGCGCGCTGGA,7,4693007
ybiY_ybiW_predicted,0.8571428571428571,11,6,GTATCTGAAGCTTCGTCTTG,5,4695546
ybiY_ybiW_predicted,1.1428571428571428,13,6,GTATCCCTTCACTTTGTCCG,7,4709269
ybiY_ybiW_predicted,2.142857142857143,20,6,GTATAAATAATCTGACCACA,14,4698205
ybiY_ybiW_predicted,0.7142857142857143,10,6,GTAGCGCCAACCGGTCTGAG,4,4721369
ybiY_ybiW_predicted,1.5714285714285714,16,6,GTACGTTCAGTCTGTGATTG,10,4719811
ybiY_ybiW_predicted,0.7142857142857143,10,6,GTACAGACATAACAGCTTTC,4,4707668
ybiY_ybiW_predicted,1.2857142857142858,14,6,GTAAAAGTGGTTTCAAAGTA,8,4700532
ybiY_ybiW_predicted,1.0,12,6,GGTCGTGTACCGTGGACTAT,6,4692626
ybiY_ybiW_predicted,2.5714285714285716,23,6,GGTCGATGGGCGTAATTCGG,17,4710706
ybiY_ybiW_predicted,1.2857142857142858,14,6,GGTCCGGCGCCGCGCAGCCC,8,4720688
ybiY_ybiW_predicted,1.1428571428571428,13,6,GGTCCAGCGTACTAGACAAT,7,4690249
ybiY_ybiW_predicted,3.4285714285714284,29,6,GGTCAGCAAATCACCACGCA,23,4692374
ybiY_ybiW_predicted,2.142857142857143,20,6,GGGTCTCGTTCATATTTCAC,14,4690588
ybiY_ybiW_predicted,1.1428571428571428,13,6,GGGGTTCCGTTACATCCGTA,7,4707184
ybiY_ybiW_predicted,0.2857142857142857,7,6,GGGGTGTGTGAATTTAAACT,1,4709188
ybiY_ybiW_predicted,1.1428571428571428,13,6,GGGGCCATCTGACGCTGCGT,7,4700067
ybiY_ybiW_predicted,1.1428571428571428,13,6,GGGCATTCATTCCTAGGCCT,7,4714028
ybiY_ybiW_predicted,0.2857142857142857,7,6,GGGATTAAACTAGGGGCTTG,1,4717813
ybiY_ybiW_predicted,1.1428571428571428,13,6,GGGACACGGTGACTAGCATC,7,4707736
ybiY_ybiW_predicted,0.5714285714285714,9,6,GGCTGAAGCTACACGCCCGT,3,4690091
ybiY_ybiW_predicted,1.5714285714285714,16,6,GGCTCAAGTGCGTTTGAAAA,10,4694278
ybiY_ybiW_predicted,0.2857142857142857,7,6,GGCGTATAGGGATAATACAG,1,4726270
ybiY_ybiW_predicted,2.2857142857142856,21,6,GGCGCTAGGGCAAGTCGGCA,15,4696017
ybiY_ybiW_predicted,0.5714285714285714,9,6,GGCGCGGAAATTCAGACGGT,3,4715718
ybiY_ybiW_predicted,0.8571428571428571,11,6,GGCCTAATTTTAGCCCTCTA,5,4715648
ybiY_ybiW_predicted,2.7142857142857144,24,6,GGCACCGGGAATAGGGTGAA,18,4720561
ybiY_ybiW_predicted,2.0,19,6,GGCACCAGCGTTCCGTGACA,13,4728381
ybiY_ybiW_predicted,1.0,12,6,GGATTCACCGGGCTAATGCG,6,4699129
ybiY_ybiW_predicted,0.7142857142857143,10,6,GGATAAGTCCCTAAATCTAT,4,4696342
ybiY_ybiW_predicted,1.1428571428571428,13,6,GGAGCTCTAGATCAAGTTCC,7,4699442
ybiY_ybiW_predicted,1.0,12,6,GGACGGCTGGTAATCCTTGT,6,4703626
ybiY_ybiW_predicted,3.0,26,6,GGAAGCGTTAATATGCACTA,20,4727104
ybiY_ybiW_predicted,0.7142857142857143,10,6,GGAAGATAGCGGCAACATAG,4,4718934
ybiY_ybiW_predicted,1.0,12,6,GGAACGTAGACGAGGCGTTT,6,4715422
ybiY_ybiW_predicted,1.0,12,6,GGAAATCTCAAGGGGGCACC,6,4712885
ybiY_ybiW_predicted,2.2857142857142856,21,6,GCTTGACCACAAGGCTAAGG,15,4720291
ybiY_ybiW_predicted,5.0,40,6,GCTTAAAAGCCACGAGACTT,34,4712738
ybiY_ybiW_predicted,1.0,12,6,GCTGTCTTGGTCGTACCAGA,6,4692504
ybiY_ybiW_predicted,0.5714285714285714,9,6,GCTGCCATTACACCCGTAGA,3,4704384
ybiY_ybiW_predicted,1.7142857142857142,17,6,GCTGAGGTGCCATCCGGTAA,11,4715260
ybiY_ybiW_predicted,6.142857142857143,48,6,GCTCTGTGGCTATGACCCTC,42,4717655
ybiY_ybiW_predicted,3.4285714285714284,29,6,GCTCCGTTCACCCCCCCAGG,23,4720823
ybiY_ybiW_predicted,1.0,12,6,GCTCAACCTATAACGGCCGC,6,4696936
ybiY_ybiW_predicted,1.5714285714285714,16,6,GCTAGAGGTCACAACGGAAG,10,4716248
ybiY_ybiW_predicted,1.4285714285714286,15,6,GCGTGATATGTGGTAGGTAT,9,4699678
ybiY_ybiW_predicted,2.4285714285714284,22,6,GCGTCTGTGAATCGTGCGGA,16,4712330
ybiY_ybiW_predicted,1.0,12,6,GCGGTGTATGGTTCTGGCGC,6,4713782
ybiY_ybiW_predicted,47.285714285714285,336,6,GCGGTCTCTGGTTCTAGTAA,330,4713654
ybiY_ybiW_predicted,6.428571428571429,50,6,GCGGATACGATAATGATGCA,44,4724101
ybiY_ybiW_predicted,9.714285714285714,73,6,GCGCTGTAGGTGGTCCATCT,67,4692864
ybiY_ybiW_predicted,3.142857142857143,27,6,GCGCCCCTTGGACACATTCG,21,4712681
ybiY_ybiW_predicted,1.0,12,6,GCGCAGTACCGGACCGTTGT,6,4719671
ybiY_ybiW_predicted,1.2857142857142858,14,6,GCCTGCACCTTTCCGTACGT,8,4693279
ybiY_ybiW_predicted,0.5714285714285714,9,6,GCCGTTTAGACTGTGCCACC,3,4702877
ybiY_ybiW_predicted,1.4285714285714286,15,6,GCCGCAGCGACGTGCACAAA,9,4695132
ybiY_ybiW_predicted,0.7142857142857143,10,6,GCCGCACTCGACTCGCGACT,4,4717851
ybiY_ybiW_predicted,1.2857142857142858,14,6,GCCGCACCAAACGGTAGTGC,8,4708347
ybiY_ybiW_predicted,2.4285714285714284,22,6,GCCGAGTCCCTAGCTTAAGA,16,4720794
ybiY_ybiW_predicted,0.2857142857142857,7,6,GCCGACACACCGGCTATTTT,1,4691709
ybiY_ybiW_predicted,1.2857142857142858,14,6,GCCCATCTACAGGGAGGAAT,8,4703472
ybiY_ybiW_predicted,0.42857142857142855,8,6,GCCATGCATCCATCAGTAGC,2,4696702
ybiY_ybiW_predicted,2.4285714285714284,22,6,GCATCGCCCTCACCGTTGCA,16,4691853
ybiY_ybiW_predicted,1.8571428571428572,18,6,GCAGGTAAGGCGGGCCTCGG,12,4709583
ybiY_ybiW_predicted,1.2857142857142858,14,6,GCAGAGGTATATAACTAACG,8,4723651
ybiY_ybiW_predicted,1.7142857142857142,17,6,GCACTGCTCGTTGAAACAAC,11,4717250
ybiY_ybiW_predicted,0.7142857142857143,10,6,GCACAATGTGCGTCAGAGCC,4,4729893
ybiY_ybiW_predicted,1.1428571428571428,13,6,GCAATTTCCATCCGTGAGGT,7,4725166
ybiY_ybiW_predicted,0.2857142857142857,7,6,GATTTTGCGCGCGGTATAGC,1,4724917
ybiY_ybiW_predicted,3.5714285714285716,30,6,GATTTCAATTGGATGCTTCT,24,4720834
ybiY_ybiW_predicted,1.5714285714285714,16,6,GATTCACTGGTCTTCTACGT,10,4702463
ybiY_ybiW_predicted,0.7142857142857143,10,6,GATGGGAGCTACATACTGAC,4,4707659
ybiY_ybiW_predicted,0.5714285714285714,9,6,GATGACATCAGAAGATGCGG,3,4718940
ybiY_ybiW_predicted,1.1428571428571428,13,6,GATCTTGTAGTTATAATCAA,7,4708857
ybiY_ybiW_predicted,1.2857142857142858,14,6,GATACGATAATCCTTTTAGG,8,4705166
ybiY_ybiW_predicted,1.8571428571428572,18,6,GATAAATGTGTGTTTGCAGA,12,4695778
ybiY_ybiW_predicted,2.0,19,6,GAGTTATCGAAAGGCCCGTA,13,4701313
ybiY_ybiW_predicted,0.42857142857142855,8,6,GAGTATGGGCACATCTGTAT,2,4719548
ybiY_ybiW_predicted,13.714285714285714,101,6,GAGTAAAGTGTAATGACAGA,95,4722981
ybiY_ybiW_predicted,1.0,12,6,GAGCATGACACCAGGGCAGA,6,4722016
ybiY_ybiW_predicted,3.142857142857143,27,6,GAGCACGTGGAGGGCACAGT,21,4708146
ybiY_ybiW_predicted,0.8571428571428571,11,6,GAGACTTGCAATTAATCATG,5,4698611
ybiY_ybiW_predicted,0.7142857142857143,10,6,GACTTTACCTACCTTAAATT,4,4729930
ybiY_ybiW_predicted,1.0,12,6,GACGTGTACTCATGTTATTA,6,4723784
ybiY_ybiW_predicted,1.7142857142857142,17,6,GACGAACTTGCCATCCAGAT,11,4723212
ybiY_ybiW_predicted,5.285714285714286,42,6,GACATCCCCGTGGTTCGATA,36,4695675
ybiY_ybiW_predicted,1.4285714285714286,15,6,GAATGCGTCATAATACTTCG,9,4692207
ybiY_ybiW_predicted,1.4285714285714286,15,6,GAAGCCCAATCTTCTTAGAA,9,4705778
ybiY_ybiW_predicted,0.8571428571428571,11,6,GAACGTCTTTTTGCCGACGA,5,4698748
ybiY_ybiW_predicted,0.8571428571428571,11,6,GAACCTAGAGGGGCATGTCT,5,4702901
ybiY_ybiW_predicted,0.5714285714285714,9,6,CTTTTCAGTTTAAACGGTCT,3,4705024
ybiY_ybiW_predicted,1.4285714285714286,15,6,CTTGTACCTGGGAGCAGAAT,9,4709595
ybiY_ybiW_predicted,1.4285714285714286,15,6,CTTGCAGCGGACTACGCCTA,9,4715541
ybiY_ybiW_predicted,0.2857142857142857,7,6,CTTCCCGGGATATCCAGAAT,1,4727987
ybiY_ybiW_predicted,3.4285714285714284,29,6,CTTACGCGTGTGGCGGCCCT,23,4692357
ybiY_ybiW_predicted,1.0,12,6,CTGTTTCGTGATATACCCGA,6,4722268
ybiY_ybiW_predicted,1.2857142857142858,14,6,CTGGTGTTCGGCTGCTATAC,8,4698461
ybiY_ybiW_predicted,1.1428571428571428,13,6,CTGGAATGGATGACCAGCGA,7,4726242
ybiY_ybiW_predicted,0.2857142857142857,7,6,CTGCGACCATGAGCTGGCTG,1,4715918
ybiY_ybiW_predicted,0.5714285714285714,9,6,CTGCCCATCAGGTAGGCGCT,3,4711985
ybiY_ybiW_predicted,1.2857142857142858,14,6,CTGCCATGAACTGCAATGGG,8,4709277
ybiY_ybiW_predicted,1.2857142857142858,14,6,CTGAGGGTTCTGGATGGACA,8,4700116
ybiY_ybiW_predicted,0.8571428571428571,11,6,CTGAGGAGTAGCTCTTCCAT,5,4720864
ybiY_ybiW_predicted,2.142857142857143,20,6,CTGAGCCACCGTTCGGGGAG,14,4721666
ybiY_ybiW_predicted,0.42857142857142855,8,6,CTCTTGGCGTAGATGAGGGT,2,4727940
ybiY_ybiW_predicted,2.142857142857143,20,6,CTCTTCCTATTCCTGCGCGA,14,4728640
ybiY_ybiW_predicted,0.5714285714285714,9,6,CTCTGCGGTCGGGTCTTCCA,3,4729801
ybiY_ybiW_predicted,3.7142857142857144,31,6,CTCTCGTACACTCAGGCTAA,25,4732359
ybiY_ybiW_predicted,1.4285714285714286,15,6,CTCTATCCTGAGGATTTGCA,9,4723844
ybiY_ybiW_predicted,0.7142857142857143,10,6,CTCGTGCCCTGAGTGAGTTC,4,4695363
ybiY_ybiW_predicted,0.8571428571428571,11,6,CTCGGCTGGATCTTCGCTAC,5,4713629
ybiY_ybiW_predicted,1.7142857142857142,17,6,CTCGCTGAAACCCTCGCCAA,11,4700633
ybiY_ybiW_predicted,1.7142857142857142,17,6,CTCCTGATACACTCATATCC,11,4701518
ybiY_ybiW_predicted,1.0,12,6,CTCAGTTCAGAGGGAGGTGA,6,4715875
ybiY_ybiW_predicted,38.57142857142857,275,6,CTCAGGGCCGCGATCAGACA,269,4726206
ybiY_ybiW_predicted,1.0,12,6,CTCAACTCGCGCGCTCTTAG,6,4729607
ybiY_ybiW_predicted,24.714285714285715,178,6,CTATAGACACTCAAGACAAT,172,4691421
ybiY_ybiW_predicted,3.0,26,6,CTACTACGTGGTATAGAGAC,20,4703174
ybiY_ybiW_predicted,1.0,12,6,CTACGCCGATATTCAGTATC,6,4726766
ybiY_ybiW_predicted,8.0,61,6,CTACCCTGTCGGCCACGTCA,55,4726212
ybiY_ybiW_predicted,2.0,19,6,CTACACTAATTCCGCATCGG,13,4720732
ybiY_ybiW_predicted,0.42857142857142855,8,6,CTACAAGCCTGTCTACGGTC,2,4690035
ybiY_ybiW_predicted,1.2857142857142858,14,6,CTAAACATCTTCGGGTTACG,8,4689660
ybiY_ybiW_predicted,3.0,26,6,CGTTGCATTATAGAGCGAGG,20,4697690
ybiY_ybiW_predicted,1.4285714285714286,15,6,CGTTATTCGCGGGTACGCTT,9,4725253
ybiY_ybiW_predicted,0.8571428571428571,11,6,CGTGGTGATCAGGAGTCAGA,5,4724871
ybiY_ybiW_predicted,1.4285714285714286,15,6,CGTGATGTCAACCCTCAGTG,9,4692957
ybiY_ybiW_predicted,1.7142857142857142,17,6,CGTCGCCCGTACCAGGCGTG,11,4722289
ybiY_ybiW_predicted,1.0,12,6,CGTAGATAACGTCCTAATCA,6,4695218
ybiY_ybiW_predicted,0.5714285714285714,9,6,CGTAATAACTTCACCACGGG,3,4708010
ybiY_ybiW_predicted,3.142857142857143,27,6,CGTAAGTCGGAGTATCGTTA,21,4715930
ybiY_ybiW_predicted,1.5714285714285714,16,6,CGGTGAGCTCTGCATTTTTG,10,4701477
ybiY_ybiW_predicted,1.1428571428571428,13,6,CGGGTGAAGCAAAGATGGCT,7,4713457
ybiY_ybiW_predicted,1.4285714285714286,15,6,CGGGCAGTACGGTTAGTAGG,9,4694893
ybiY_ybiW_predicted,0.2857142857142857,7,6,CGGGAACCATGTCCTAGTGG,1,4731583
ybiY_ybiW_predicted,1.0,12,6,CGGATGTTCACGTTCCAGAC,6,4700493
ybiY_ybiW_predicted,0.7142857142857143,10,6,CGCTGGGACAGTACCTCGTT,4,4731139
ybiY_ybiW_predicted,2.142857142857143,20,6,CGCGTAACATGTAACGTTGT,14,4716395
ybiY_ybiW_predicted,0.8571428571428571,11,6,CGCGACTCGGGGTTCCCTGA,5,4730941
ybiY_ybiW_predicted,2.2857142857142856,21,6,CGCAGTGCCTCCATAGGGGT,15,4694732
ybiY_ybiW_predicted,2.5714285714285716,23,6,CGCAAAAGTCGTCGCATATA,17,4688927
ybiY_ybiW_predicted,0.42857142857142855,8,6,CGATTGTGAACCATTGAGGT,2,4703721
ybiY_ybiW_predicted,2.5714285714285716,23,6,CGAGTATAAGTATCAAGGGA,17,4720388
ybiY_ybiW_predicted,0.8571428571428571,11,6,CGACTGACATGTGAGAAGGC,5,4700867
ybiY_ybiW_predicted,5.857142857142857,46,6,CGACGACCAAGGAAACGTTT,40,4729887
ybiY_ybiW_predicted,0.5714285714285714,9,6,CGAATGGGGCTACGGTCTAA,3,4722399
ybiY_ybiW_predicted,1.1428571428571428,13,6,CGAATCCGTGGGGGGTCATT,7,4720455
ybiY_ybiW_predicted,0.42857142857142855,8,6,CGAACGTCAGCTTAAGAGTA,2,4704225
ybiY_ybiW_predicted,1.0,12,6,CCTGGATTCGCTTTGACGCT,6,4691767
ybiY_ybiW_predicted,1.7142857142857142,17,6,CCTGCTTCGTGTTTAGATTA,11,4714425
ybiY_ybiW_predicted,0.5714285714285714,9,6,CCTCGGCATATATTGATTAG,3,4690291
ybiY_ybiW_predicted,2.857142857142857,25,6,CCTCGCGGGTCCCTGGCACC,19,4728447
ybiY_ybiW_predicted,1.1428571428571428,13,6,CCTCGCCATCTATCGCTGGT,7,4714715
ybiY_ybiW_predicted,1.4285714285714286,15,6,CCTCCTAATTAGTAAGCATT,9,4692586
ybiY_ybiW_predicted,1.7142857142857142,17,6,CCGTTAGGCGCGTCGGTCAT,11,4704957
ybiY_ybiW_predicted,1.7142857142857142,17,6,CCGGTCTGGTGTACCCAAAC,11,4702963
ybiY_ybiW_predicted,0.42857142857142855,8,6,CCGGCATCTGATGGGTCCCA,2,4690730
ybiY_ybiW_predicted,1.2857142857142858,14,6,CCGGCATCGAGGGCTTGTTT,8,4718429
ybiY_ybiW_predicted,1.5714285714285714,16,6,CCGGAATCTAACGAAACATT,10,4716731
ybiY_ybiW_predicted,2.2857142857142856,21,6,CCGCCCGGGGTATTGGGGAC,15,4711661
ybiY_ybiW_predicted,1.8571428571428572,18,6,CCGCAGCTTTTAACAAACAA,12,4720100
ybiY_ybiW_predicted,1.2857142857142858,14,6,CCGATGGAGCAAAACCGGGA,8,4729228
ybiY_ybiW_predicted,1.7142857142857142,17,6,CCGACCTCCGATGCTATTGA,11,4719000
ybiY_ybiW_predicted,0.5714285714285714,9,6,CCGACAGGCCTAAGTTTACC,3,4705501
ybiY_ybiW_predicted,4.0,33,6,CCCTTGATTGCGTATACTCT,27,4724343
ybiY_ybiW_predicted,2.857142857142857,25,6,CCCTCCAGTGTAAATACCCG,19,4710964
ybiY_ybiW_predicted,1.8571428571428572,18,6,CCCTCAATCAATCATCATCT,12,4726035
ybiY_ybiW_predicted,5.857142857142857,46,6,CCCTCAACTGGAATCACTAC,40,4721663
ybiY_ybiW_predicted,2.0,19,6,CCCTAGTAGCACCCGTCATG,13,4706106
ybiY_ybiW_predicted,1.8571428571428572,18,6,CCCTAAGATAGTCGTCTTAT,12,4727881
ybiY_ybiW_predicted,1.4285714285714286,15,6,CCCGTTGGTCGATCCTCGGA,9,4702768
ybiY_ybiW_predicted,0.8571428571428571,11,6,CCCGGGTTCATTTACTTCAC,5,4711431
ybiY_ybiW_predicted,0.5714285714285714,9,6,CCCGAGAACATGATCAAGAA,3,4724764
ybiY_ybiW_predicted,1.0,12,6,CCCCGGTCACTCGGCTGCTC,6,4691280
ybiY_ybiW_predicted,0.2857142857142857,7,6,CCCCAGTTGACAAATCGTGG,1,4725700
ybiY_ybiW_predicted,1.1428571428571428,13,6,CCCATGATACGAAATGGCGT,7,4711023
ybiY_ybiW_predicted,1.2857142857142858,14,6,CCATCTACCTTGTAAAACTC,8,4697753
ybiY_ybiW_predicted,0.42857142857142855,8,6,CCATCGACCTGCTTCCCTAA,2,4730266
ybiY_ybiW_predicted,1.4285714285714286,15,6,CCATACTTCTTTCAGCCGTT,9,4717784
ybiY_ybiW_predicted,1.1428571428571428,13,6,CCACCGTGCAATCCTGAAGT,7,4706074
ybiY_ybiW_predicted,2.2857142857142856,21,6,CATTAATAAATCCCGTCGAT,15,4729418
ybiY_ybiW_predicted,1.7142857142857142,17,6,CATGCTGAGCAATGTGTGAG,11,4725265
ybiY_ybiW_predicted,1.1428571428571428,13,6,CATGCCCATCTCGCGGTACT,7,4728795
ybiY_ybiW_predicted,41.714285714285715,297,6,CATCCCCAGTTATTGACGGT,291,4711381
ybiY_ybiW_predicted,0.5714285714285714,9,6,CATCCCACTCATTCCCCGCG,3,4714013
ybiY_ybiW_predicted,2.7142857142857144,24,6,CATAGTGGCACAGTGGCGGC,18,4696430
ybiY_ybiW_predicted,2.2857142857142856,21,6,CATAGCAGCCGTGATGATAA,15,4704880
ybiY_ybiW_predicted,1.0,12,6,CAGTGTTTTGAGCCGCTGCA,6,4723368
ybiY_ybiW_predicted,3.857142857142857,32,6,CAGTCGAAGATTCCCACGGT,26,4693953
ybiY_ybiW_predicted,0.42857142857142855,8,6,CAGTAACCGTTTTAGGGTTG,2,4688837
ybiY_ybiW_predicted,1.0,12,6,CAGGAATAAGATGAGTAGGG,6,4714985
ybiY_ybiW_predicted,1.5714285714285714,16,6,CAGGAACGAGTGACTTGGGT,10,4702737
ybiY_ybiW_predicted,0.5714285714285714,9,6,CAGCGGGGGCATAAACCAGT,3,4691475
ybiY_ybiW_predicted,0.2857142857142857,7,6,CACTTCCGCATAACCCGCAG,1,4718816
ybiY_ybiW_predicted,0.42857142857142855,8,6,CACTCGATTCAGTCTTTCAT,2,4689447
ybiY_ybiW_predicted,0.42857142857142855,8,6,CACTATCGCTCGTAGATCCC,2,4701611
ybiY_ybiW_predicted,1.5714285714285714,16,6,CACTACGGCTGTTATGGTCG,10,4731967
ybiY_ybiW_predicted,1.8571428571428572,18,6,CACGCCGCGTTCCGGAATAT,12,4717049
ybiY_ybiW_predicted,1.2857142857142858,14,6,CACGCAGGGGTACTGGCGGC,8,4717075
ybiY_ybiW_predicted,1.4285714285714286,15,6,CACCGTTCATATCAAGATAT,9,4729175
ybiY_ybiW_predicted,0.2857142857142857,7,6,CACATGGCCATCCGTATGCA,1,4702566
ybiY_ybiW_predicted,3.5714285714285716,30,6,CAAGGTTGGAACAGACATCG,24,4711467
ybiY_ybiW_predicted,3.5714285714285716,30,6,CAAGGCGCGAGTAAGAATAC,24,4726149
ybiY_ybiW_predicted,0.8571428571428571,11,6,CAACGGAACGCTCATGTCTG,5,4721524
ybiY_ybiW_predicted,5.142857142857143,41,6,CAACGCACCGGCGTCCCAAT,35,4694548
ybiY_ybiW_predicted,1.0,12,6,CAAAAAGCGTACCGGTCGGA,6,4716911
ybiY_ybiW_predicted,2.142857142857143,20,6,CAAAAACTCGTTGCTCGTAT,14,4701690
ybiY_ybiW_predicted,4.428571428571429,36,6,ATTGCGATACTCAGGAACGT,30,4718458
ybiY_ybiW_predicted,3.7142857142857144,31,6,ATTCTACCCTTGTCGGGTGT,25,4714916
ybiY_ybiW_predicted,4.857142857142857,39,6,ATGTTTGAAACGAAACGTCT,33,4703658
ybiY_ybiW_predicted,1.7142857142857142,17,6,ATGGCTCGGAGACCTGTGGC,11,4719305
ybiY_ybiW_predicted,1.4285714285714286,15,6,ATGGACGTTTCGGTCTACGG,9,4713455
ybiY_ybiW_predicted,19.142857142857142,139,6,ATGCTCGCGTGACGAGATTT,133,4721019
ybiY_ybiW_predicted,1.4285714285714286,15,6,ATGCGAAACCACGTGAGTTG,9,4708026
ybiY_ybiW_predicted,1.1428571428571428,13,6,ATGCCGTGAGCCACGGCGAA,7,4693137
ybiY_ybiW_predicted,1.4285714285714286,15,6,ATGCCAGCACGGGAGTTTCA,9,4691896
ybiY_ybiW_predicted,1.7142857142857142,17,6,ATCGTAACCGTCTCTTGGAA,11,4706439
ybiY_ybiW_predicted,1.0,12,6,ATCCGGAGAATCGGGCCGTT,6,4724550
ybiY_ybiW_predicted,0.42857142857142855,8,6,ATCCCGTGAAATGGAGCGTC,2,4718362
ybiY_ybiW_predicted,1.1428571428571428,13,6,ATCCAAGGGTCTAATAGGCT,7,4692026
ybiY_ybiW_predicted,1.5714285714285714,16,6,ATCATCACATGGGATTCGGG,10,4713065
ybiY_ybiW_predicted,10.571428571428571,79,6,ATATTATTCAACAGTGGATA,73,4691422
ybiY_ybiW_predicted,1.4285714285714286,15,6,ATACGGGGAACGGAGGTTAT,9,4723398
ybiY_ybiW_predicted,26.285714285714285,189,6,ATACGCAAGAACAATACGTG,183,4722979
ybiY_ybiW_predicted,0.42857142857142855,8,6,ATACATCGGACCAGACCGTG,2,4701797
ybiY_ybiW_predicted,7.714285714285714,59,6,AGTGGTCTCGCTAAACGATG,53,4730654
ybiY_ybiW_predicted,0.7142857142857143,10,6,AGTGCTCCATGGACAAGTAT,4,4701491
ybiY_ybiW_predicted,1.1428571428571428,13,6,AGTGAATCTACTGGACGTGT,7,4705747
ybiY_ybiW_predicted,1.2857142857142858,14,6,AGTCGATACAGCGATAGTTG,8,4725637
ybiY_ybiW_predicted,2.142857142857143,20,6,AGTCCTGGGCTCATAAGACA,14,4712538
ybiY_ybiW_predicted,1.2857142857142858,14,6,AGTCCCTCCCATGACCTATG,8,4718542
ybiY_ybiW_predicted,0.8571428571428571,11,6,AGTCATAGTAGATTGACGGA,5,4722360
ybiY_ybiW_predicted,2.857142857142857,25,6,AGTCAACGCCTCTTAACCCT,19,4723698
ybiY_ybiW_predicted,4.428571428571429,36,6,AGTATACGGGCCGACGTCCA,30,4703571
ybiY_ybiW_predicted,0.2857142857142857,7,6,AGTATACAACGGAGGTAGTG,1,4690019
ybiY_ybiW_predicted,2.0,19,6,AGTAGATCCGTTCAGTGGTA,13,4691043
ybiY_ybiW_predicted,1.2857142857142858,14,6,AGGTTTGCCAGCTAAACTGA,8,4704154
ybiY_ybiW_predicted,1.4285714285714286,15,6,AGGTGTCTGTGGCTTAGTTT,9,4697662
ybiY_ybiW_predicted,0.7142857142857143,10,6,AGGTCCTTGCACAAGAAGTA,4,4720740
ybiY_ybiW_predicted,1.7142857142857142,17,6,AGGTCCAACTTCTACGGTAG,11,4692869
ybiY_ybiW_predicted,1.0,12,6,AGCTTATGGGTGCAGGTTGT,6,4696034
ybiY_ybiW_predicted,1.2857142857142858,14,6,AGCTCTAAGCATGAGCAGCT,8,4717230
ybiY_ybiW_predicted,1.5714285714285714,16,6,AGCGGTGTTTCCATACTTCC,10,4689852
ybiY_ybiW_predicted,0.5714285714285714,9,6,AGCGGTCCGCAATCGATATG,3,4715596
ybiY_ybiW_predicted,0.7142857142857143,10,6,AGCGCCCATATCCCAACTGT,4,4697954
ybiY_ybiW_predicted,4.142857142857143,34,6,AGCGATGGTGCTGCTCCCCA,28,4703260
ybiY_ybiW_predicted,1.0,12,6,AGCCGCCTCGAGAAGCCCTC,6,4732487
ybiY_ybiW_predicted,0.8571428571428571,11,6,AGCAGGCAGGGCACCGAATG,5,4727510
ybiY_ybiW_predicted,5.0,40,6,AGATTCCTAGATTACTGTCA,34,4702187
ybiY_ybiW_predicted,1.1428571428571428,13,6,AGATGCCCACTTTAATCCAC,7,4689417
ybiY_ybiW_predicted,0.8571428571428571,11,6,AGAGTGCCGTGTTCGTTCCA,5,4700516
ybiY_ybiW_predicted,0.2857142857142857,7,6,AGAGTCCCGACATACGGATA,1,4693683
ybiY_ybiW_predicted,0.7142857142857143,10,6,AGACCAATGATGACCTGTAC,4,4706826
ybiY_ybiW_predicted,1.1428571428571428,13,6,AGAACCCGTATCAGCGTCAC,7,4710011
ybiY_ybiW_predicted,1.0,12,6,ACTCTGACCGATAGCGTATG,6,4701425
ybiY_ybiW_predicted,16.714285714285715,122,6,ACTCGCCACTGTCGCATCCT,116,4693725
ybiY_ybiW_predicted,0.2857142857142857,7,6,ACGTTTGACGGAGGTCGAAT,1,4707692
ybiY_ybiW_predicted,2.4285714285714284,22,6,ACGTACTGCCCTAGGCTAAT,16,4717770
ybiY_ybiW_predicted,0.2857142857142857,7,6,ACGGCACGGAAATGTATTAA,1,4731247
ybiY_ybiW_predicted,2.142857142857143,20,6,ACGGATTCCCGGGTTCTTGG,14,4713204
ybiY_ybiW_predicted,2.142857142857143,20,6,ACGGAAGAAGGCAGTCTTAC,14,4695066
ybiY_ybiW_predicted,0.42857142857142855,8,6,ACGGAACAGCATTCTGTAGT,2,4709472
ybiY_ybiW_predicted,0.2857142857142857,7,6,ACGCCATAGCTTGAACAACC,1,4704368
ybiY_ybiW_predicted,1.8571428571428572,18,6,ACGCAATCTGCCAGAGGGCA,12,4690538
ybiY_ybiW_predicted,2.0,19,6,ACGACACTATATTTCAGACC,13,4729769
ybiY_ybiW_predicted,0.7142857142857143,10,6,ACGAACGTAACCATGTCACG,4,4690192
ybiY_ybiW_predicted,2.4285714285714284,22,6,ACCTCCCCAGGACATACTTT,16,4692111
ybiY_ybiW_predicted,1.0,12,6,ACCGGGGTGTCTGACTGTAA,6,4695805
ybiY_ybiW_predicted,1.5714285714285714,16,6,ACCAAGATTTCATCATTCGT,10,4689704
ybiY_ybiW_predicted,13.0,96,6,ACATGGTCCGACCCAATCAA,90,4709933
ybiY_ybiW_predicted,1.4285714285714286,15,6,ACATGAGTAATCAGTTCTTA,9,4719308
ybiY_ybiW_predicted,1.5714285714285714,16,6,ACACTACAGTGTACTCATGC,10,4691636
ybiY_ybiW_predicted,0.5714285714285714,9,6,ACAAGGCCCCGAGGCGCCAG,3,4702480
ybiY_ybiW_predicted,0.8571428571428571,11,6,AATTTTTTAAACAAATTGGG,5,4725187
ybiY_ybiW_predicted,2.4285714285714284,22,6,AATTGTCTCATGTAGGCGTT,16,4694617
ybiY_ybiW_predicted,0.42857142857142855,8,6,AATTATACGCACATGAGCCC,2,4719155
ybiY_ybiW_predicted,1.0,12,6,AATTACTCGTTCGTTAGAAA,6,4727493
ybiY_ybiW_predicted,47.42857142857143,337,6,AATGTAATTGTGATGTCCCC,331,4710735
ybiY_ybiW_predicted,0.8571428571428571,11,6,AATGGATGTACATCGTATTA,5,4722196
ybiY_ybiW_predicted,6.142857142857143,48,6,AATGCTTTCTTTGTGGTGTC,42,4697123
ybiY_ybiW_predicted,0.2857142857142857,7,6,AATCGAGTACAGGTATTACA,1,4717721
ybiY_ybiW_predicted,1.7142857142857142,17,6,AATAGCACATTACTGATGTA,11,4697017
ybiY_ybiW_predicted,0.8571428571428571,11,6,AATACTTAGAGTACACGGAC,5,4731176
ybiY_ybiW_predicted,1.0,12,6,AATACCGCTACCTTCGCACG,6,4708372
ybiY_ybiW_predicted,2.857142857142857,25,6,AAGGTTAGTACAGAAAGTTA,19,4724927
ybiY_ybiW_predicted,2.2857142857142856,21,6,AAGGTGAACAGCAAATGGGT,15,4702178
ybiY_ybiW_predicted,0.42857142857142855,8,6,AAGGCAACGTGACCACGCAG,2,4719947
ybiY_ybiW_predicted,0.2857142857142857,7,6,AAGGACCCATTCCTGACAAG,1,4688910
ybiY_ybiW_predicted,1.8571428571428572,18,6,AAGCTCGAACACCCCGATGG,12,4715786
ybiY_ybiW_predicted,1.1428571428571428,13,6,AAGAAATTACTCGGCTAAGG,7,4700818
ybiY_ybiW_predicted,5.142857142857143,41,6,AACTCGTTACTCCGTCATTA,35,4710161
ybiY_ybiW_predicted,0.2857142857142857,7,6,AACGGCCTCACTCCATATCT,1,4694785
ybiY_ybiW_predicted,1.5714285714285714,16,6,AACGCCATCAGAGACGTTCT,10,4715510
ybiY_ybiW_predicted,0.7142857142857143,10,6,AACGAAGTGTAACCGGCCTT,4,4706006
ybiY_ybiW_predicted,2.7142857142857144,24,6,AACCTGTGAAGGGCACGCCT,18,4698105
ybiY_ybiW_predicted,1.0,12,6,AACCTCCGGGCCAGTAAGCA,6,4730224
ybiY_ybiW_predicted,2.5714285714285716,23,6,AACCTACTAGGAATGCACGG,17,4726143
ybiY_ybiW_predicted,1.1428571428571428,13,6,AAATCAGATCTAGCAGTCAT,7,4712229
ybiY_ybiW_predicted,1.0,12,6,AAATCAAGCGAAGCAGATAT,6,4689308
ybiY_ybiW_predicted,0.2857142857142857,7,6,AAATATACGGATAGAAAATT,1,4713101
ybiY_ybiW_predicted,23.285714285714285,168,6,AAAGCCAATCGGTCGCCCCG,162,4709940
ybiY_ybiW_predicted,2.0,19,6,AAAGCACAAAGGCTATTTAC,13,4724541
ybiY_ybiW_predicted,2.5,19,5,TTTTGAGCACCGCTATCTAC,14,4732384
ybiY_ybiW_predicted,34.0,208,5,TTTTAAGATTCCGCTAATCA,203,4722984
ybiY_ybiW_predicted,1.1666666666666667,11,5,TTTAGTCAGGATTGTGCTTG,6,4713805
ybiY_ybiW_predicted,8.0,52,5,TTTAGCTAGTGGCCCGATGT,47,4692840
ybiY_ybiW_predicted,1.0,10,5,TTGTAGTCTTCCTACGTTGG,5,4708051
ybiY_ybiW_predicted,2.0,16,5,TTGGGTGCAACTGATATCCA,11,4696344
ybiY_ybiW_predicted,0.6666666666666666,8,5,TTGGATCGAATGGGCTACAG,3,4711827
ybiY_ybiW_predicted,2.1666666666666665,17,5,TTGCTTGTGATGCACGCGAT,12,4695443
ybiY_ybiW_predicted,2.1666666666666665,17,5,TTGCTGCAATGTCGTGTCCC,12,4729039
ybiY_ybiW_predicted,1.3333333333333333,12,5,TTGCCATACATTAATTCCTT,7,4711047
ybiY_ybiW_predicted,1.5,13,5,TTGAGAGGTCGTTTCCTCCA,8,4732538
ybiY_ybiW_predicted,1.8333333333333333,15,5,TTGACGCAATGTCCTCTAGA,10,4728084
ybiY_ybiW_predicted,3.5,25,5,TTGACAAGTAAGCGGGGAAC,20,4710218
ybiY_ybiW_predicted,0.6666666666666666,8,5,TTCGTCCAGACGCATACCCT,3,4712072
ybiY_ybiW_predicted,0.6666666666666666,8,5,TTCGGTAGTGTGAGATCATG,3,4729820
ybiY_ybiW_predicted,0.8333333333333334,9,5,TTCGACTGGCGCATTTTATA,4,4694964
ybiY_ybiW_predicted,1.8333333333333333,15,5,TTCCTTTCTCGTAAGTGCCC,10,4696437
ybiY_ybiW_predicted,1.0,10,5,TTCCTCTATTTGTTTGCCCC,5,4711294
ybiY_ybiW_predicted,1.1666666666666667,11,5,TTCCGTGAAGCGTGCGCGTA,6,4721853
ybiY_ybiW_predicted,1.1666666666666667,11,5,TTCCGCCGAATCTGTGCACA,6,4724191
ybiY_ybiW_predicted,0.5,7,5,TTCCGAGCTTTGGCAGGCAG,2,4705395
ybiY_ybiW_predicted,0.6666666666666666,8,5,TTCCAGGCCGCTGTCAGGTC,3,4702812
ybiY_ybiW_predicted,9.166666666666666,59,5,TTCCAAGCATTACGGGCTAT,54,4728404
ybiY_ybiW_predicted,0.5,7,5,TTCAACGTTTAACATGAGTG,2,4714201
ybiY_ybiW_predicted,2.0,16,5,TTATGCACGGACGGTCTTGT,11,4713289
ybiY_ybiW_predicted,0.3333333333333333,6,5,TTATGATTCGCGAACACGCC,1,4695209
ybiY_ybiW_predicted,2.0,16,5,TTATGAGTGCGTGTGCAGAC,11,4721384
ybiY_ybiW_predicted,1.6666666666666667,14,5,TTACACTATCGTTGAACTTT,9,4702002
ybiY_ybiW_predicted,1.1666666666666667,11,5,TTAACAATTACATGTACCTC,6,4704895
ybiY_ybiW_predicted,1.0,10,5,TGTTATATGGTAGAAGTTCA,5,4727478
ybiY_ybiW_predicted,1.0,10,5,TGTGGGTGAAGAGCCCCACT,5,4728995
ybiY_ybiW_predicted,0.8333333333333334,9,5,TGTGGACTTGGTTCTGTCAC,4,4691545
ybiY_ybiW_predicted,1.6666666666666667,14,5,TGTAAGCGCACAGGTGGAAG,9,4723087
ybiY_ybiW_predicted,6.333333333333333,42,5,TGGTGTCCTACGTGTGGTCA,37,4717556
ybiY_ybiW_predicted,1.6666666666666667,14,5,TGGTCTAAGTCACGCTAGGT,9,4704636
ybiY_ybiW_predicted,1.8333333333333333,15,5,TGGTCCCTGAGGTAACGTAG,10,4691671
ybiY_ybiW_predicted,0.8333333333333334,9,5,TGGTAAGCAATCCACCGCGC,4,4719409
ybiY_ybiW_predicted,3.1666666666666665,23,5,TGGGTCGCTAAACCACTTGC,18,4726611
ybiY_ybiW_predicted,1.1666666666666667,11,5,TGGCCTAGTCAGGTGTGGTA,6,4691654
ybiY_ybiW_predicted,1.1666666666666667,11,5,TGGCCAACAGTGACTCCTTC,6,4712223
ybiY_ybiW_predicted,14.5,91,5,TGGATCTCACTCTACGCCGA,86,4695532
ybiY_ybiW_predicted,1.1666666666666667,11,5,TGGACGTGACCTTTAGTACG,6,4729240
ybiY_ybiW_predicted,8.166666666666666,53,5,TGGACGCTGTTCCCGTGCCG,48,4694585
ybiY_ybiW_predicted,0.8333333333333334,9,5,TGGACGACCGGTTCATTTAT,4,4725576
ybiY_ybiW_predicted,0.3333333333333333,6,5,TGGAAACTCTGGTCATTTGC,1,4698923
ybiY_ybiW_predicted,2.0,16,5,TGCGGGGTGATCAGTCGGCG,11,4701416
ybiY_ybiW_predicted,1.3333333333333333,12,5,TGCGGCTAAAAAAGGTTTGC,7,4700376
ybiY_ybiW_predicted,1.6666666666666667,14,5,TGCCGGGTACCTGAAACGTA,9,4706779
ybiY_ybiW_predicted,0.5,7,5,TGCCGCGTACAGGGCGACGT,2,4692300
ybiY_ybiW_predicted,1.5,13,5,TGCCCGTCGTTACCAAAATC,8,4692391
ybiY_ybiW_predicted,1.1666666666666667,11,5,TGCACGGGCCTCCATAAAAG,6,4726909
ybiY_ybiW_predicted,13.833333333333334,87,5,TGATGTTGCAGAGTATACTC,82,4710937
ybiY_ybiW_predicted,1.1666666666666667,11,5,TGATGCGTTCTTATTTGGAA,6,4695304
ybiY_ybiW_predicted,11.0,70,5,TGATACCGGGCCTAATTCCT,65,4690195
ybiY_ybiW_predicted,1.3333333333333333,12,5,TGAGTAGGGGCTAGTCGTTG,7,4689186
ybiY_ybiW_predicted,1.3333333333333333,12,5,TGAGCCTCAAAACAATGTGC,7,4701390
ybiY_ybiW_predicted,0.5,7,5,TGACTTAATGGGAAACATAT,2,4729550
ybiY_ybiW_predicted,0.6666666666666666,8,5,TGACAGGCGTCGTTGGTATC,3,4703109
ybiY_ybiW_predicted,0.8333333333333334,9,5,TCTTTTTATCCTTGAGTGCC,4,4706817
ybiY_ybiW_predicted,4.166666666666667,29,5,TCTTATATGTGAGCGTCGCT,24,4706223
ybiY_ybiW_predicted,1.5,13,5,TCTCGTATCGCATCTACAAC,8,4717727
ybiY_ybiW_predicted,0.8333333333333334,9,5,TCTCCGGCCGCATTTTTTTT,4,4692823
ybiY_ybiW_predicted,0.3333333333333333,6,5,TCGTCTGGGTAAGCTTCCTC,1,4731406
ybiY_ybiW_predicted,1.6666666666666667,14,5,TCGTAGCGCTTACAAACGAA,9,4715077
ybiY_ybiW_predicted,2.1666666666666665,17,5,TCGAGCCATACGCTTCGAGA,12,4722528
ybiY_ybiW_predicted,1.5,13,5,TCGAAGATCTGTGAGCGGAC,8,4708112
ybiY_ybiW_predicted,0.6666666666666666,8,5,TCCTTCTTATCAATATCTCA,3,4730970
ybiY_ybiW_predicted,1.3333333333333333,12,5,TCCTGGGCGATGTCGATCAA,7,4694309
ybiY_ybiW_predicted,3.5,25,5,TCCTATCGATCGCCCTACGC,20,4723516
ybiY_ybiW_predicted,2.0,16,5,TCCCGTTCGATACACTTCCC,11,4702251
ybiY_ybiW_predicted,1.8333333333333333,15,5,TCCCGAACATTACAGCTCTG,10,4730134
ybiY_ybiW_predicted,1.8333333333333333,15,5,TCCCGAAACTTCTACCTGAG,10,4693873
ybiY_ybiW_predicted,0.5,7,5,TCATTGCATATACTTCGGTG,2,4719970
ybiY_ybiW_predicted,0.3333333333333333,6,5,TCATCATTTTATAGGTGACA,1,4705028
ybiY_ybiW_predicted,1.0,10,5,TCATAATGAAAATGTCCGAA,5,4706523
ybiY_ybiW_predicted,1.8333333333333333,15,5,TCAGTTGAAGTAACGGTCCA,10,4724046
ybiY_ybiW_predicted,1.3333333333333333,12,5,TCAGAGAGAAAGGCCAGCTG,7,4702658
ybiY_ybiW_predicted,1.0,10,5,TCACTTGATACGGCCTTTGT,5,4695129
ybiY_ybiW_predicted,3.8333333333333335,27,5,TCAACACGGCACTCAGACGG,22,4721326
ybiY_ybiW_predicted,1.1666666666666667,11,5,TATTGTTGAGCCTGGCTCCC,6,4690569
ybiY_ybiW_predicted,0.6666666666666666,8,5,TATTCAGAATCATCATTAAC,3,4719845
ybiY_ybiW_predicted,1.3333333333333333,12,5,TATCCAATTCATGCCCTAGG,7,4718172
ybiY_ybiW_predicted,2.6666666666666665,20,5,TATAAATTGGCAGGCGTAAA,15,4689155
ybiY_ybiW_predicted,1.6666666666666667,14,5,TAGGTAACTGGTCTAGTACA,9,4704640
ybiY_ybiW_predicted,5.666666666666667,38,5,TAGGGTGGCCACCAGACTAG,33,4715140
ybiY_ybiW_predicted,1.6666666666666667,14,5,TAGGGCGCTCAATGTGTGAC,9,4711744
ybiY_ybiW_predicted,2.3333333333333335,18,5,TAGGATCTGTAAAGGGATGT,13,4689415
ybiY_ybiW_predicted,0.5,7,5,TAGCTGCCACGGTCGATGCG,2,4692489
ybiY_ybiW_predicted,0.8333333333333334,9,5,TAGCGCATAAGATATACTCC,4,4695799
ybiY_ybiW_predicted,12.0,76,5,TAGCAGGCAAGGAATTGCAT,71,4697309
ybiY_ybiW_predicted,0.6666666666666666,8,5,TAGAAATCCAAGGAAGGCAT,3,4699350
ybiY_ybiW_predicted,0.5,7,5,TACTTTGGTTCCCGTGTTAA,2,4705798
ybiY_ybiW_predicted,5.166666666666667,35,5,TACCTCCAAAATTAGTAGTG,30,4703261
ybiY_ybiW_predicted,1.8333333333333333,15,5,TACCAAATCTTGAGACTAAA,10,4690163
ybiY_ybiW_predicted,1.3333333333333333,12,5,TACAGCTGCCTGGGTACTAT,7,4701340
ybiY_ybiW_predicted,16.833333333333332,105,5,TAATTCATCTCCAAACCCAG,100,4709936
ybiY_ybiW_predicted,0.5,7,5,TAATAGGTATCGGGCACTGT,2,4696081
ybiY_ybiW_predicted,0.3333333333333333,6,5,TAAGTTGGAGTGGCTGTCTT,1,4705682
ybiY_ybiW_predicted,2.3333333333333335,18,5,TAACATACTCGTCGCCCAAT,13,4727020
ybiY_ybiW_predicted,4.166666666666667,29,5,TAAATGCCGCTTAAACCAAC,24,4732436
ybiY_ybiW_predicted,1.0,10,5,GTTTGGGGGTAAATATTGGT,5,4693756
ybiY_ybiW_predicted,1.1666666666666667,11,5,GTTTCCAACTCGCATTACGT,6,4725270
ybiY_ybiW_predicted,0.5,7,5,GTTCGTACATGCTTGCCAGG,2,4714911
ybiY_ybiW_predicted,1.0,10,5,GTTCATTTGCTAGGGTTCCC,5,4724426
ybiY_ybiW_predicted,0.6666666666666666,8,5,GTTCAATTTGGCTCACTTAA,3,4702735
ybiY_ybiW_predicted,2.5,19,5,GTTAATTCCCGGGTTTAACC,14,4718696
ybiY_ybiW_predicted,9.833333333333334,63,5,GTTAAACACTGGGCACAGGG,58,4710922
ybiY_ybiW_predicted,3.5,25,5,GTGTCTACTGTGAGACTTAA,20,4691074
ybiY_ybiW_predicted,1.5,13,5,GTGGGCTCCTGCGATCAAGG,8,4695717
ybiY_ybiW_predicted,2.1666666666666665,17,5,GTGCTAGGCTGCACCCTATC,12,4705012
ybiY_ybiW_predicted,0.6666666666666666,8,5,GTGAGTCCGTCTCTGGCCAC,3,4694502
ybiY_ybiW_predicted,1.0,10,5,GTGAGCCTTTAAATAATTAA,5,4697707
ybiY_ybiW_predicted,1.8333333333333333,15,5,GTCTCTGTTAGAACAATTCT,10,4721338
ybiY_ybiW_predicted,1.1666666666666667,11,5,GTCTCAATGGTAGATAACAA,6,4727695
ybiY_ybiW_predicted,1.0,10,5,GTCGAGGTATCTTGGAGCGT,5,4701084
ybiY_ybiW_predicted,0.6666666666666666,8,5,GTCCTTCAGTTCCCGATTAG,3,4718026
ybiY_ybiW_predicted,2.0,16,5,GTCAAGTGAGCTTTGTGTCA,11,4727275
ybiY_ybiW_predicted,0.5,7,5,GTATGGGGAATCCCACGTTT,2,4718425
ybiY_ybiW_predicted,1.3333333333333333,12,5,GTAGCGAATCCTCTTCCAGG,7,4719418
ybiY_ybiW_predicted,1.0,10,5,GTAGCCTTGCACGGTTACTA,5,4691981
ybiY_ybiW_predicted,0.8333333333333334,9,5,GTAATTCGTTCAAAAGGTAA,4,4697628
ybiY_ybiW_predicted,2.1666666666666665,17,5,GTAATTCGTTAAGGTAAATT,12,4692285
ybiY_ybiW_predicted,1.8333333333333333,15,5,GTAATTCCCAGGTATGACAA,10,4726730
ybiY_ybiW_predicted,0.8333333333333334,9,5,GTAAACCTGGAATTCCTAAG,4,4727233
ybiY_ybiW_predicted,3.1666666666666665,23,5,GGTTCACCATGGTATAAAAA,18,4727555
ybiY_ybiW_predicted,1.3333333333333333,12,5,GGTGCTTAGGCTTGAGTCCG,7,4712619
ybiY_ybiW_predicted,1.8333333333333333,15,5,GGTGCGTCGCGTGTCAACGC,10,4728794
ybiY_ybiW_predicted,4.333333333333333,30,5,GGTGCAGTGCTCGCTTTGGT,25,4713984
ybiY_ybiW_predicted,0.5,7,5,GGTGCACCGCAGGCGTCAAC,2,4719888
ybiY_ybiW_predicted,6.333333333333333,42,5,GGTCCTTCCAAACTTCGATG,37,4712750
ybiY_ybiW_predicted,1.3333333333333333,12,5,GGTCCCGCAGATCCTGGGTG,7,4688655
ybiY_ybiW_predicted,0.6666666666666666,8,5,GGTCAGTGTAACTTCCCCTG,3,4721151
ybiY_ybiW_predicted,1.1666666666666667,11,5,GGTATGGGTTAGTCTTTCTC,6,4718145
ybiY_ybiW_predicted,49.0,298,5,GGTAGCCGGCAGAACTAATA,293,4692835
ybiY_ybiW_predicted,0.8333333333333334,9,5,GGGGCCGTCGCCTCTTAACA,4,4715944
ybiY_ybiW_predicted,1.6666666666666667,14,5,GGGGATGTCCGGCGAGATTT,9,4724586
ybiY_ybiW_predicted,2.5,19,5,GGGCTGAGGGAGGCGGATTG,14,4690200
ybiY_ybiW_predicted,1.8333333333333333,15,5,GGGCGTTGGGCCTGGGGGAG,10,4724055
ybiY_ybiW_predicted,2.3333333333333335,18,5,GGGCCGCAGCCGTCGGTTCG,13,4705210
ybiY_ybiW_predicted,6.666666666666667,44,5,GGGCACCGGATTTGGACTAT,39,4731550
ybiY_ybiW_predicted,2.1666666666666665,17,5,GGGCACATGAATCGTACCAT,12,4715701
ybiY_ybiW_predicted,0.3333333333333333,6,5,GGGAGCACATGCTGGTGACA,1,4713950
ybiY_ybiW_predicted,1.5,13,5,GGCTCGAGACTTTGATAGTA,8,4723615
ybiY_ybiW_predicted,1.6666666666666667,14,5,GGCTACATCGCGTATATTGT,9,4719886
ybiY_ybiW_predicted,2.8333333333333335,21,5,GGCGGAATGTGTAGACTGAC,16,4724172
ybiY_ybiW_predicted,1.1666666666666667,11,5,GGCCCATATACCAAATCGTC,6,4691182
ybiY_ybiW_predicted,1.3333333333333333,12,5,GGCCATTCCGGAACTCCTGG,7,4700240
ybiY_ybiW_predicted,1.5,13,5,GGCATCCGCTCGCCCGCGCC,8,4718739
ybiY_ybiW_predicted,0.5,7,5,GGCAGCATTCCAAACGTTTT,2,4723375
ybiY_ybiW_predicted,2.1666666666666665,17,5,GGCAATCAATTGATTCATGG,12,4699637
ybiY_ybiW_predicted,31.333333333333332,192,5,GGCAAAAAGTATCCCTTGTA,187,4729124
ybiY_ybiW_predicted,0.3333333333333333,6,5,GGAGCACGTAGCTACGGGTC,1,4709874
ybiY_ybiW_predicted,0.6666666666666666,8,5,GGACGGCCCCGCATCATCTC,3,4732330
ybiY_ybiW_predicted,1.3333333333333333,12,5,GGAAAGCTCACCCAAAATAT,7,4703193
ybiY_ybiW_predicted,0.8333333333333334,9,5,GGAAACGGGCCAGTGGTTGA,4,4711606
ybiY_ybiW_predicted,1.1666666666666667,11,5,GCTGTTATCCCGTGGTCCAC,6,4693957
ybiY_ybiW_predicted,1.3333333333333333,12,5,GCTGTCGGCCCTGTTGCCAG,7,4722443
ybiY_ybiW_predicted,2.0,16,5,GCTGATGTCATCGGTAAGTC,11,4699140
ybiY_ybiW_predicted,1.3333333333333333,12,5,GCGTGGAAAACTATTTATCT,7,4709137
ybiY_ybiW_predicted,56.166666666666664,341,5,GCGTCGGGCTACCCCGCAAC,336,4721028
ybiY_ybiW_predicted,0.6666666666666666,8,5,GCGGTATAACAACAGGGGAT,3,4690419
ybiY_ybiW_predicted,18.833333333333332,117,5,GCGGCCTTTACTTATGACAG,112,4710914
ybiY_ybiW_predicted,4.5,31,5,GCGGAAGGCGCTCAGCCACA,26,4700299
ybiY_ybiW_predicted,1.5,13,5,GCGCGGAGTTCGGTGCCTTA,8,4706731
ybiY_ybiW_predicted,1.0,10,5,GCGCGACGATACGACATCAT,5,4696498
ybiY_ybiW_predicted,0.6666666666666666,8,5,GCGCACATCAGAGGGCAAGT,3,4729074
ybiY_ybiW_predicted,7.166666666666667,47,5,GCCTGCCAGCCATTACCGAC,42,4708088
ybiY_ybiW_predicted,0.6666666666666666,8,5,GCCTAGTATCAAGGGATATG,3,4725817
ybiY_ybiW_predicted,2.6666666666666665,20,5,GCCTAAACGGCCCGGATCAG,15,4724074
ybiY_ybiW_predicted,0.5,7,5,GCCGGGGGAAGCGACACTCC,2,4732433
ybiY_ybiW_predicted,0.3333333333333333,6,5,GCCCTGACGTGGATGCCCTC,1,4721218
ybiY_ybiW_predicted,8.833333333333334,57,5,GCCCTCGGGGGCCTGAGACC,52,4727628
ybiY_ybiW_predicted,1.1666666666666667,11,5,GCCCTAGTCGCGCCTTGAGC,6,4723376
ybiY_ybiW_predicted,0.3333333333333333,6,5,GCCACGTGATCTGGTGCGCG,1,4695260
ybiY_ybiW_predicted,1.1666666666666667,11,5,GCATTCTCCCTCCAAAAGCA,6,4731586
ybiY_ybiW_predicted,1.6666666666666667,14,5,GCATGTAAGACCATCTCAGA,9,4708050
ybiY_ybiW_predicted,1.3333333333333333,12,5,GCATCTCCCTCTTTTGACAA,7,4712050
ybiY_ybiW_predicted,3.1666666666666665,23,5,GCAGTGGGAGATCTGGACGT,18,4711345
ybiY_ybiW_predicted,2.3333333333333335,18,5,GCAGTGAGGTCTTCGGACCA,13,4725964
ybiY_ybiW_predicted,2.1666666666666665,17,5,GCAGTCAAGCGTTAGGGAGT,12,4707152
ybiY_ybiW_predicted,2.0,16,5,GCAGCTCTTTTAGTCGCTCC,11,4715028
ybiY_ybiW_predicted,0.5,7,5,GCAGCGCAATCGGAGGGTAT,2,4722264
ybiY_ybiW_predicted,1.1666666666666667,11,5,GCAGAGGGCGAATTCAATAT,6,4723515
ybiY_ybiW_predicted,2.5,19,5,GCACACTCTACAAGTAAGCC,14,4725085
ybiY_ybiW_predicted,0.6666666666666666,8,5,GCAAAATGACTAGGCGCTAC,3,4696002
ybiY_ybiW_predicted,0.8333333333333334,9,5,GATTGCTGCAGGTCACCACT,4,4698805
ybiY_ybiW_predicted,0.3333333333333333,6,5,GATTGATGGCTTGTTGCTTG,1,4706062
ybiY_ybiW_predicted,7.5,49,5,GATTAACGTATATCTTTATC,44,4697691
ybiY_ybiW_predicted,2.0,16,5,GATCTTAAAACATTGTAAGG,11,4700714
ybiY_ybiW_predicted,2.5,19,5,GATCCAGATCTCCCAATCTG,14,4730436
ybiY_ybiW_predicted,0.3333333333333333,6,5,GATACAAAGAATTTCGTGCT,1,4694516
ybiY_ybiW_predicted,3.6666666666666665,26,5,GAGTTTCAATTGGGCCAGCA,21,4719302
ybiY_ybiW_predicted,1.3333333333333333,12,5,GAGTCGCTAGGAATGGCCCA,7,4695609
ybiY_ybiW_predicted,0.3333333333333333,6,5,GAGTACGGTCGTTTGAAGTT,1,4729483
ybiY_ybiW_predicted,1.1666666666666667,11,5,GAGGGGTCGTGGGGTAGCGC,6,4698152
ybiY_ybiW_predicted,1.6666666666666667,14,5,GAGGAGATTAGGCCTTTTGT,9,4690649
ybiY_ybiW_predicted,1.3333333333333333,12,5,GAGAGCCAAGTCAGGGCACG,7,4708066
ybiY_ybiW_predicted,1.5,13,5,GACTAACATTAAATAGACCT,8,4721273
ybiY_ybiW_predicted,1.1666666666666667,11,5,GACGGTGTGACCTAGGGCGT,6,4693727
ybiY_ybiW_predicted,2.1666666666666665,17,5,GACCACATCGTTTGTTCAGA,12,4709011
ybiY_ybiW_predicted,1.8333333333333333,15,5,GACCAAACATGCGGACCCCG,10,4728973
ybiY_ybiW_predicted,5.833333333333333,39,5,GACAGTTCTCATGCTATTGC,34,4695908
ybiY_ybiW_predicted,1.5,13,5,GACACATCTTAATAAAATTG,8,4701478
ybiY_ybiW_predicted,6.166666666666667,41,5,GAATGTGATCCTGTGTGGAA,36,4730776
ybiY_ybiW_predicted,0.8333333333333334,9,5,GAATAGTTCAAGGATGCGAG,4,4691180
ybiY_ybiW_predicted,1.3333333333333333,12,5,GAACCGTCGCCTGGTTAGGA,7,4718441
ybiY_ybiW_predicted,3.5,25,5,GAAAAAGAACCACTAATCGA,20,4714754
ybiY_ybiW_predicted,1.3333333333333333,12,5,CTTTCTGTAGTAAAGGTACG,7,4721644
ybiY_ybiW_predicted,3.0,22,5,CTTGTTTGAAGCTCCCGAAT,17,4725659
ybiY_ybiW_predicted,1.1666666666666667,11,5,CTTCGTCCAAACAGTCGATG,6,4730175
ybiY_ybiW_predicted,1.8333333333333333,15,5,CTTCGGCTTAGGCAGCCATA,10,4692845
ybiY_ybiW_predicted,3.6666666666666665,26,5,CTTATCGTAGGAAATGGTCT,21,4705500
ybiY_ybiW_predicted,1.5,13,5,CTTAAGAAAACGCTTTGACA,8,4719408
ybiY_ybiW_predicted,1.8333333333333333,15,5,CTGGTTGTTAACAGGGAGCG,10,4716063
ybiY_ybiW_predicted,0.6666666666666666,8,5,CTGGTGTGACAAGCCGGGCG,3,4692118
ybiY_ybiW_predicted,2.6666666666666665,20,5,CTGGTATCCAGATCTGTGAA,15,4717608
ybiY_ybiW_predicted,1.8333333333333333,15,5,CTGGAGAAGAGGCTCGTGTA,10,4705409
ybiY_ybiW_predicted,7.833333333333333,51,5,CTGCTACGGCATACTGAACA,46,4716239
ybiY_ybiW_predicted,2.0,16,5,CTGCCTCGTAGCATGACCTG,11,4703291
ybiY_ybiW_predicted,17.833333333333332,111,5,CTGAAGTGTAGTACAAGGCC,106,4722980
ybiY_ybiW_predicted,0.3333333333333333,6,5,CTCTGCAAAGTGCCTGCCCA,1,4727877
ybiY_ybiW_predicted,2.8333333333333335,21,5,CTCTATCGAGCACGGGCAAC,16,4719038
ybiY_ybiW_predicted,68.5,415,5,CTCGTTGGCTATAGCGAGAT,410,4700024
ybiY_ybiW_predicted,0.3333333333333333,6,5,CTCGGTTGGCTATCGCTAGG,1,4701373
ybiY_ybiW_predicted,1.6666666666666667,14,5,CTCGAAGACATGTATACCCT,9,4712443
ybiY_ybiW_predicted,0.8333333333333334,9,5,CTCCGGCACGGTATGTTTTT,4,4710126
ybiY_ybiW_predicted,2.0,16,5,CTCCCTCAACGCCGGGCGTC,11,4711012
ybiY_ybiW_predicted,1.5,13,5,CTCCCCATAACAGATCACCA,8,4730990
ybiY_ybiW_predicted,1.6666666666666667,14,5,CTCCCATAACGTTACGTGGT,9,4701954
ybiY_ybiW_predicted,0.6666666666666666,8,5,CTCATTCGCCTTCGAAGGTA,3,4722365
ybiY_ybiW_predicted,6.333333333333333,42,5,CTCAGTGAGCCATCGTCTAT,37,4690401
ybiY_ybiW_predicted,1.8333333333333333,15,5,CTCAGGGTGACCCGCTCGGG,10,4720629
ybiY_ybiW_predicted,0.5,7,5,CTCAATAAACGTGCTAAAGG,2,4694419
ybiY_ybiW_predicted,0.3333333333333333,6,5,CTATGCTTGCATTGGTTAGG,1,4696304
ybiY_ybiW_predicted,1.3333333333333333,12,5,CTAGTTTATTGTGTCATGGG,7,4728173
ybiY_ybiW_predicted,0.6666666666666666,8,5,CTAGACCCCTTGTCTCTCTA,3,4716951
ybiY_ybiW_predicted,1.3333333333333333,12,5,CTACTACTATATTATACGGG,7,4707118
ybiY_ybiW_predicted,1.1666666666666667,11,5,CTAAGGCGACGAGCGGATAG,6,4727412
ybiY_ybiW_predicted,0.3333333333333333,6,5,CGTTTTCTGGGTCTACGTTA,1,4720674
ybiY_ybiW_predicted,4.666666666666667,32,5,CGTTAAGTTTAATTTCGCTT,27,4730779
ybiY_ybiW_predicted,1.5,13,5,CGTGCCGCCCAGCCGGGTCC,8,4723077
ybiY_ybiW_predicted,0.5,7,5,CGTCTTTGTGTTTTGCCCGG,2,4704030
ybiY_ybiW_predicted,0.5,7,5,CGTCTCCACTCCGTACGGCA,2,4697583
ybiY_ybiW_predicted,1.0,10,5,CGTAGGTTCAGATAGCTTCT,5,4701325
ybiY_ybiW_predicted,1.0,10,5,CGTAGCTTCAAACTCGATGT,5,4709096
ybiY_ybiW_predicted,7.833333333333333,51,5,CGTAAGGTATGTCAGCCACT,46,4694586
ybiY_ybiW_predicted,1.1666666666666667,11,5,CGGTTGCTGCTGCGGTGGGT,6,4715980
ybiY_ybiW_predicted,1.5,13,5,CGGTGGCACGTAGGCGAAAA,8,4714610
ybiY_ybiW_predicted,1.8333333333333333,15,5,CGGTGGACATTCAATATAAA,10,4726077
ybiY_ybiW_predicted,1.0,10,5,CGGTGACAATAGCAACGCCA,5,4706505
ybiY_ybiW_predicted,1.0,10,5,CGGTCAGACCTTCGAGAGGT,5,4719332
ybiY_ybiW_predicted,1.6666666666666667,14,5,CGGGGTTTGCGCCCGGAGGA,9,4719404
ybiY_ybiW_predicted,0.6666666666666666,8,5,CGGCCTCCAGCCGTTTTACA,3,4714798
ybiY_ybiW_predicted,2.6666666666666665,20,5,CGGCACCAGTTACATCGTGG,15,4726243
ybiY_ybiW_predicted,1.5,13,5,CGGATATTTGAGCGGGATAT,8,4704545
ybiY_ybiW_predicted,1.0,10,5,CGGAGGATCGGTTTTCTTGT,5,4698023
ybiY_ybiW_predicted,0.6666666666666666,8,5,CGGACCTACCGCTGCGTTGA,3,4719082
ybiY_ybiW_predicted,3.1666666666666665,23,5,CGCTTGAGCCTGAGCAGCAA,18,4727630
ybiY_ybiW_predicted,2.3333333333333335,18,5,CGCGTTGCTGGGGTTCGTTA,13,4708301
ybiY_ybiW_predicted,1.5,13,5,CGCGTAGGTGGGTCTGGGGG,8,4724891
ybiY_ybiW_predicted,1.0,10,5,CGCCTTTAATTGTAGTATGC,5,4720011
ybiY_ybiW_predicted,1.8333333333333333,15,5,CGCCCGGTTTTAATGGGGGA,10,4706700
ybiY_ybiW_predicted,0.3333333333333333,6,5,CGCAGTGTCCGCAAGACAGC,1,4730466
ybiY_ybiW_predicted,0.8333333333333334,9,5,CGATGACTAACGAGTTGCTT,4,4712271
ybiY_ybiW_predicted,2.0,16,5,CGATCGAGGGAAGTGCCTTG,11,4707149
ybiY_ybiW_predicted,1.8333333333333333,15,5,CGAGCGGCTCGGACAAGCGG,10,4690409
ybiY_ybiW_predicted,3.1666666666666665,23,5,CGACAGTCCAGGTTGGGGGT,18,4693920
ybiY_ybiW_predicted,1.0,10,5,CGAATAGCTGGTCCGGATCA,5,4688969
ybiY_ybiW_predicted,2.5,19,5,CCTTTCACAATACTGTGGAA,14,4693620
ybiY_ybiW_predicted,1.0,10,5,CCTGGGTACCACCGTACCCT,5,4702286
ybiY_ybiW_predicted,1.1666666666666667,11,5,CCTCTTAATCCCAGGGAGGC,6,4722925
ybiY_ybiW_predicted,14.5,91,5,CCTATGTGCCAGAACTCGGT,86,4723001
ybiY_ybiW_predicted,1.5,13,5,CCTAACCACTTAGTCCCCTG,8,4696415
ybiY_ybiW_predicted,4.5,31,5,CCGTCGGAGGCAATGTCCTA,26,4692878
ybiY_ybiW_predicted,1.8333333333333333,15,5,CCGGCATCCCACTAACTAGA,10,4697058
ybiY_ybiW_predicted,0.6666666666666666,8,5,CCGACGTCCAATGTTAGGAT,3,4727271
ybiY_ybiW_predicted,0.6666666666666666,8,5,CCCGGTGGGCAACGGTATGG,3,4723049
ybiY_ybiW_predicted,0.8333333333333334,9,5,CCCATATGCTTTTCCACAAT,4,4721113
ybiY_ybiW_predicted,1.0,10,5,CCCAGACTGGATCGTCAATA,5,4726761
ybiY_ybiW_predicted,1.8333333333333333,15,5,CCCACCCAGAGGGCGGGCGT,10,4715908
ybiY_ybiW_predicted,1.1666666666666667,11,5,CCCAATGCAAGGGCGAATGC,6,4703694
ybiY_ybiW_predicted,8.333333333333334,54,5,CCCAAGTAACTTGTTTGAGC,49,4713165
ybiY_ybiW_predicted,0.3333333333333333,6,5,CCATGTGAATAGTTAGCTAA,1,4721055
ybiY_ybiW_predicted,0.3333333333333333,6,5,CCATGAGTTAAAATAGACTC,1,4689053
ybiY_ybiW_predicted,2.8333333333333335,21,5,CCATCACCGCTTCGAAAGGG,16,4720727
ybiY_ybiW_predicted,6.5,43,5,CCATACGCTACAACGTGAGT,38,4727609
ybiY_ybiW_predicted,2.6666666666666665,20,5,CCACCGTTTCCTCTGGCGCA,15,4694462
ybiY_ybiW_predicted,2.1666666666666665,17,5,CCACATCATCCAAATGTCCT,12,4712481
ybiY_ybiW_predicted,1.1666666666666667,11,5,CCACAAGACAGGGTGTAGTT,6,4704267
ybiY_ybiW_predicted,0.8333333333333334,9,5,CCAATTGGGTTCTTGTAACA,4,4697822
ybiY_ybiW_predicted,0.3333333333333333,6,5,CATTTAGGGGGGAGTTAAAC,1,4718885
ybiY_ybiW_predicted,57.333333333333336,348,5,CATCTCGCGCTCCATTGGTA,343,4709037
ybiY_ybiW_predicted,0.8333333333333334,9,5,CATCGAGTGGGACATCAGTC,4,4715070
ybiY_ybiW_predicted,0.3333333333333333,6,5,CATCCTCTGCCTTCTTGCTT,1,4700580
ybiY_ybiW_predicted,2.0,16,5,CATCCAGCTCAGGTGCTTGT,11,4704463
ybiY_ybiW_predicted,0.3333333333333333,6,5,CAGTGGCATATCCCCTACGG,1,4715298
ybiY_ybiW_predicted,1.0,10,5,CAGTCGGGATCTCCGTCAGG,5,4726059
ybiY_ybiW_predicted,1.3333333333333333,12,5,CAGTCCAAATAACAAGTTTA,7,4701447
ybiY_ybiW_predicted,2.0,16,5,CAGGTGTGACGTGAGGTAAA,11,4702154
ybiY_ybiW_predicted,0.3333333333333333,6,5,CAGGTGGCTGTGCGCGGCGT,1,4712657
ybiY_ybiW_predicted,5.5,37,5,CAGGGTTATCCTTTGGCAAG,32,4714959
ybiY_ybiW_predicted,0.8333333333333334,9,5,CAGGCCGGACTAGCGAGCTT,4,4700729
ybiY_ybiW_predicted,0.6666666666666666,8,5,CAGGCAGGTCGCCTCAACAT,3,4707170
ybiY_ybiW_predicted,1.3333333333333333,12,5,CAGCATCAGCACGGAGAGCA,7,4716845
ybiY_ybiW_predicted,0.6666666666666666,8,5,CAGCAAACGTCAATGCTCTA,3,4698801
ybiY_ybiW_predicted,0.6666666666666666,8,5,CAGATCTAGATGAACCGTAA,3,4709125
ybiY_ybiW_predicted,1.0,10,5,CAGAGGAACTTAGTATCGTC,5,4720881
ybiY_ybiW_predicted,8.166666666666666,53,5,CAGAAGCAAGCGCTCTTCAG,48,4709048
ybiY_ybiW_predicted,6.333333333333333,42,5,CAGAACTTACGTGCAACGAC,37,4714960
ybiY_ybiW_predicted,3.8333333333333335,27,5,CAGAAACGGATTTACAGGTC,22,4726609
ybiY_ybiW_predicted,0.8333333333333334,9,5,CACTTGGTACCCGTTCAAGG,4,4711158
ybiY_ybiW_predicted,3.0,22,5,CACTATCAGCCAAGTCGTCA,17,4698178
ybiY_ybiW_predicted,1.5,13,5,CACTAGCTTCGCCCACTATT,8,4703648
ybiY_ybiW_predicted,4.5,31,5,CACTAGATTAGCCACTATTG,26,4698431
ybiY_ybiW_predicted,2.0,16,5,CACGTACGACGTTTGATCAT,11,4726441
ybiY_ybiW_predicted,1.5,13,5,CACCGAATGTTAGAGGGGCT,8,4707731
ybiY_ybiW_predicted,1.3333333333333333,12,5,CACCCTTCGTGGGCCACATA,7,4719388
ybiY_ybiW_predicted,4.5,31,5,CACACATTCTTCGCGCGGTA,26,4712768
ybiY_ybiW_predicted,1.3333333333333333,12,5,CACAATATCCAAGCCGCAAA,7,4726614
ybiY_ybiW_predicted,0.3333333333333333,6,5,CAATCGCAATCTTTGTGGAC,1,4690717
ybiY_ybiW_predicted,0.8333333333333334,9,5,CAAGTCCGCTATAAGCGGCC,4,4708934
ybiY_ybiW_predicted,5.166666666666667,35,5,CAAGGAGGACACCCGAAAGC,30,4690246
ybiY_ybiW_predicted,1.3333333333333333,12,5,CAACGGTAAGGCCTGGGGTG,7,4710429
ybiY_ybiW_predicted,0.6666666666666666,8,5,CAACCCACTTAACAATTCTA,3,4706884
ybiY_ybiW_predicted,1.5,13,5,CAACAGGCAATTTCTAGAGT,8,4703799
ybiY_ybiW_predicted,1.1666666666666667,11,5,CAACAAATAGATGATCGCTC,6,4731127
ybiY_ybiW_predicted,1.1666666666666667,11,5,CAAACACTAAGGGAGAGAAA,6,4702385
ybiY_ybiW_predicted,2.3333333333333335,18,5,ATTGTACTGTCACATGGCTC,13,4689495
ybiY_ybiW_predicted,1.8333333333333333,15,5,ATTGCGGTTCCCCAAGGTGA,10,4708538
ybiY_ybiW_predicted,3.5,25,5,ATTGAGCCCACAGCTTCGGC,20,4689944
ybiY_ybiW_predicted,2.6666666666666665,20,5,ATGTCTAGCGGTGCGATCTT,15,4727607
ybiY_ybiW_predicted,1.3333333333333333,12,5,ATGTAACCCAAAAATGGCCA,7,4729945
ybiY_ybiW_predicted,1.0,10,5,ATGGGTTCAGTTATATAAGC,5,4718657
ybiY_ybiW_predicted,34.833333333333336,213,5,ATCTCGTCAGGATTGGAGTC,208,4690055
ybiY_ybiW_predicted,5.5,37,5,ATCGTCATCAGCAGTTTCTA,32,4727135
ybiY_ybiW_predicted,21.166666666666668,131,5,ATCGCAGCAGGTTGTAATAA,126,4719288
ybiY_ybiW_predicted,0.3333333333333333,6,5,ATCGAGCACCAATCAGCATA,1,4705620
ybiY_ybiW_predicted,1.1666666666666667,11,5,ATCCTGCTACCCATAAGAAG,6,4693000
ybiY_ybiW_predicted,0.6666666666666666,8,5,ATCCCCGGCCTATTCGTAAA,3,4709347
ybiY_ybiW_predicted,2.5,19,5,ATATTACCGTTGGTGTGACC,14,4720831
ybiY_ybiW_predicted,0.3333333333333333,6,5,ATATGTGCGCGGTGTACTAA,1,4714529
ybiY_ybiW_predicted,1.3333333333333333,12,5,ATATCGCTAAGCGCTATTCT,7,4714933
ybiY_ybiW_predicted,2.6666666666666665,20,5,ATAGGATTTGCTTTGCCAAG,15,4730665
ybiY_ybiW_predicted,0.3333333333333333,6,5,ATAGAATGCATTATCTATTC,1,4691585
ybiY_ybiW_predicted,5.833333333333333,39,5,ATACTGAGACAGTTGTTAGT,34,4713982
ybiY_ybiW_predicted,1.8333333333333333,15,5,ATAAGCACAAATCCGGCTTC,10,4718021
ybiY_ybiW_predicted,21.666666666666668,134,5,ATAACTCCATAGATTTAGTA,129,4713921
ybiY_ybiW_predicted,0.3333333333333333,6,5,ATAACAACACTTTGACGCGA,1,4697724
ybiY_ybiW_predicted,0.3333333333333333,6,5,AGTTGCCATACTTAGAGTTC,1,4720788
ybiY_ybiW_predicted,1.5,13,5,AGTTGATGACGTGGTTTGCC,8,4719942
ybiY_ybiW_predicted,0.8333333333333334,9,5,AGTTCTAGATGATAGGTCCA,4,4690691
ybiY_ybiW_predicted,2.3333333333333335,18,5,AGTTCGTGTATAAGTGGACA,13,4722145
ybiY_ybiW_predicted,1.8333333333333333,15,5,AGTTAAGGTTCCGCGATCAG,10,4693139
ybiY_ybiW_predicted,0.3333333333333333,6,5,AGTGTTGCTCTCTCGGCTCA,1,4717761
ybiY_ybiW_predicted,0.5,7,5,AGTGGACTTCTGTGGGACCT,2,4728178
ybiY_ybiW_predicted,2.5,19,5,AGTGCTGGATGGGTTCCTCT,14,4699791
ybiY_ybiW_predicted,18.0,112,5,AGTGCCAACTGGCAAGACTA,107,4719286
ybiY_ybiW_predicted,1.0,10,5,AGTCATATCCGCGGGCACTT,5,4695677
ybiY_ybiW_predicted,2.0,16,5,AGTATATAAAGTTGTAAGCG,11,4722567
ybiY_ybiW_predicted,0.8333333333333334,9,5,AGGTTGATGTGTACTAAAGA,4,4726373
ybiY_ybiW_predicted,0.8333333333333334,9,5,AGGTGCGGGCTCGATTGTAA,4,4710132
ybiY_ybiW_predicted,1.6666666666666667,14,5,AGGTAGGTGATACTCAGGAG,9,4694311
ybiY_ybiW_predicted,1.1666666666666667,11,5,AGGGTCCTTTACTTATCCAA,6,4698164
ybiY_ybiW_predicted,1.8333333333333333,15,5,AGGGCTCCTGGTCGGCTCCA,10,4721314
ybiY_ybiW_predicted,0.5,7,5,AGGGACGGCTCTGCGTAAGA,2,4727197
ybiY_ybiW_predicted,1.0,10,5,AGGCCCGTGTATCCTCTTTG,5,4715756
ybiY_ybiW_predicted,2.6666666666666665,20,5,AGGCCAATGTCGTGGTGTTG,15,4721618
ybiY_ybiW_predicted,0.3333333333333333,6,5,AGGACTGTAGAATTGGGACA,1,4702879
ybiY_ybiW_predicted,1.6666666666666667,14,5,AGCGTTCTAGCACACGGTCG,9,4690093
ybiY_ybiW_predicted,1.3333333333333333,12,5,AGCGACGGGTGGCCGGGACA,7,4713450
ybiY_ybiW_predicted,1.8333333333333333,15,5,AGCGACGGGGTGAGTAGGGG,10,4708515
ybiY_ybiW_predicted,4.0,28,5,AGCCTTCCATGCATGTACGC,23,4711133
ybiY_ybiW_predicted,3.0,22,5,AGCCAACTGTCACTAACCGA,17,4694371
ybiY_ybiW_predicted,2.6666666666666665,20,5,AGCAGTGTATGTGTTTGCCC,15,4688788
ybiY_ybiW_predicted,5.0,34,5,AGCAGCTGTGGCTCTCAACT,29,4706108
ybiY_ybiW_predicted,1.0,10,5,AGCACTGTGGCGGTATCAAT,5,4708223
ybiY_ybiW_predicted,0.3333333333333333,6,5,AGATATGACAGTGTAGTTGC,1,4693203
ybiY_ybiW_predicted,5.833333333333333,39,5,AGAGTCAGCTTGCATCACCC,34,4729681
ybiY_ybiW_predicted,2.5,19,5,AGAGCTGATGCTACAAGGAA,14,4721970
ybiY_ybiW_predicted,1.1666666666666667,11,5,AGAGCCGTTAGTCGTGACGA,6,4718100
ybiY_ybiW_predicted,1.5,13,5,AGAAGTCGCTTAAGTTGCTC,8,4708890
ybiY_ybiW_predicted,1.0,10,5,AGAACGGACCTGAGAGCAGC,5,4721054
ybiY_ybiW_predicted,1.3333333333333333,12,5,AGAACATGTGTTGGGTTGCA,7,4694436
ybiY_ybiW_predicted,0.6666666666666666,8,5,AGAAAGGGGTGGCCTGGATT,3,4700693
ybiY_ybiW_predicted,2.0,16,5,ACTTTCCAGCTCGTTATAGC,11,4725220
ybiY_ybiW_predicted,5.333333333333333,36,5,ACTTGGACCTAACCGAGTCG,31,4724262
ybiY_ybiW_predicted,1.0,10,5,ACTTGCACTAACCCGTACTG,5,4703415
ybiY_ybiW_predicted,3.3333333333333335,24,5,ACTTCGCCGCGTAGAATGGC,19,4706433
ybiY_ybiW_predicted,1.3333333333333333,12,5,ACTTCCCGTAACATCACAGA,7,4701275
ybiY_ybiW_predicted,1.3333333333333333,12,5,ACTGCTTTGTGTGGTGGTAA,7,4691860
ybiY_ybiW_predicted,0.8333333333333334,9,5,ACTCTTCGCGTTGGGGATGT,4,4705334
ybiY_ybiW_predicted,2.5,19,5,ACTCTGTCGTTAACTTATGC,14,4704898
ybiY_ybiW_predicted,5.5,37,5,ACTCTGAACGAGTCATTCGA,32,4706034
ybiY_ybiW_predicted,5.833333333333333,39,5,ACTCCTCGGTCTTTTCAAGG,34,4721170
ybiY_ybiW_predicted,1.6666666666666667,14,5,ACTCATGGGACATGCACACC,9,4726793
ybiY_ybiW_predicted,3.5,25,5,ACTAGCTGGATGCCGCGTCT,20,4712755
ybiY_ybiW_predicted,2.0,16,5,ACTAATGTTGGCGTACTCTT,11,4689215
ybiY_ybiW_predicted,0.6666666666666666,8,5,ACGTGAGAGTATGAGCGAAA,3,4713452
ybiY_ybiW_predicted,1.8333333333333333,15,5,ACGTATTAGAGGTGGGAATA,10,4696591
ybiY_ybiW_predicted,1.1666666666666667,11,5,ACGGTGTTGTCCGAGAGCTT,6,4708598
ybiY_ybiW_predicted,2.0,16,5,ACGGCCGACCTGAACTTTAG,11,4727422
ybiY_ybiW_predicted,0.6666666666666666,8,5,ACGCGTCTTTACGACGCTCA,3,4713511
ybiY_ybiW_predicted,0.5,7,5,ACGCGGCTTGCCCACCGATA,2,4714022
ybiY_ybiW_predicted,2.3333333333333335,18,5,ACGCGAAGATACACACACGT,13,4717368
ybiY_ybiW_predicted,0.6666666666666666,8,5,ACGCCGACAGTCTCGCGGAC,3,4715832
ybiY_ybiW_predicted,0.6666666666666666,8,5,ACCTTGGACCAAATTACAGT,3,4699580
ybiY_ybiW_predicted,0.6666666666666666,8,5,ACCGTTCCGTGAGATAGACA,3,4728783
ybiY_ybiW_predicted,0.5,7,5,ACCGCTGACGTAATCGGTTC,2,4697201
ybiY_ybiW_predicted,0.3333333333333333,6,5,ACCGATGGGAAAAACGTATT,1,4701877
ybiY_ybiW_predicted,0.6666666666666666,8,5,ACCGATATTATACTCCCGAA,3,4712111
ybiY_ybiW_predicted,1.5,13,5,ACCCCTGGGCTCGGGTGTCC,8,4702686
ybiY_ybiW_predicted,1.8333333333333333,15,5,ACCACCTGCTATGCTACTGC,10,4706081
ybiY_ybiW_predicted,16.666666666666668,104,5,ACATTCCCCGTAGTTGTTAG,99,4726213
ybiY_ybiW_predicted,1.8333333333333333,15,5,ACATTAGGCTTTCTACTTAT,10,4725652
ybiY_ybiW_predicted,1.3333333333333333,12,5,ACATGGAATTGGGAGAAGCA,7,4716568
ybiY_ybiW_predicted,0.8333333333333334,9,5,ACATATTCCCTGAAACCATA,4,4691543
ybiY_ybiW_predicted,3.0,22,5,ACAGACAGTTCATTGCGTAT,17,4715119
ybiY_ybiW_predicted,1.0,10,5,ACAATCGCCCTAAGAAGCCA,5,4702649
ybiY_ybiW_predicted,0.5,7,5,ACAAGCGATACCTTAAGTGG,2,4704297
ybiY_ybiW_predicted,2.5,19,5,ACAAGCGAAGGGGGACACTT,14,4709899
ybiY_ybiW_predicted,0.5,7,5,AATTTAACAAGAAAACGTCC,2,4711074
ybiY_ybiW_predicted,1.1666666666666667,11,5,AATTGGCCCACTTACGCCAC,6,4691438
ybiY_ybiW_predicted,0.3333333333333333,6,5,AATGCCTCTGAGGTTTCAAG,1,4730583
ybiY_ybiW_predicted,0.3333333333333333,6,5,AATCAGGATAGGGAATCAAG,1,4719748
ybiY_ybiW_predicted,0.6666666666666666,8,5,AATAAGACTGAATAGTTGGG,3,4727381
ybiY_ybiW_predicted,2.6666666666666665,20,5,AATAACCCCAGCGCGATTGT,15,4693223
ybiY_ybiW_predicted,1.0,10,5,AAGCTACCAAGGCTAGATAA,5,4701672
ybiY_ybiW_predicted,1.3333333333333333,12,5,AAGCGCCTTCTTTGCCCTTC,7,4727095
ybiY_ybiW_predicted,1.1666666666666667,11,5,AACGGTAATGGTTGAAGGGT,6,4690990
ybiY_ybiW_predicted,0.3333333333333333,6,5,AACCGTTGATTAGGTCAAAT,1,4701645
ybiY_ybiW_predicted,17.833333333333332,111,5,AACCGGGGACATTGTCGGCG,106,4710736
ybiY_ybiW_predicted,0.6666666666666666,8,5,AACATTCGGTGGGTCATTTG,3,4724250
ybiY_ybiW_predicted,1.3333333333333333,12,5,AACAATTCCTTGACTTACCT,7,4712332
ybiY_ybiW_predicted,0.3333333333333333,6,5,AAATTTGAACGGCCATGCGT,1,4691410
ybiY_ybiW_predicted,1.0,10,5,AAAGGCCGGTAAAGTTAATA,5,4728339
ybiY_ybiW_predicted,1.6666666666666667,14,5,AAAGAGTGCGGATTTGCTCC,9,4691275
ybiY_ybiW_predicted,1.0,10,5,AAACTGACTCCTGTTTTCTG,5,4721870
ybiY_ybiW_predicted,3.3333333333333335,24,5,AAACTCATGTCTACCGTTGA,19,4703466
ybiY_ybiW_predicted,1.3333333333333333,12,5,AAACGTCCGCGAGCTAGTTT,7,4706417
ybiY_ybiW_predicted,3.5,25,5,AAACGTATATACGCAGTATA,20,4721610
ybiY_ybiW_predicted,1.5,13,5,AAACGGTTAAGAAATACGCT,8,4719153
ybiY_ybiW_predicted,1.8333333333333333,15,5,AAAATCAAGATATATCGTTG,10,4711841
ybiY_ybiW_predicted,3.8,22,4,TTTTTTTACTTCGGCTAATT,18,4694231
ybiY_ybiW_predicted,4.6,26,4,TTTTCTTATGAATGAGGAGC,22,4706092
ybiY_ybiW_predicted,3.0,18,4,TTTGGGTATGGTGAGCCCGA,14,4713022
ybiY_ybiW_predicted,22.2,114,4,TTTCGAAGCTTTGCCGCCTT,110,4697088
ybiY_ybiW_predicted,1.8,12,4,TTTCACTACTCTGTCATCCT,8,4688798
ybiY_ybiW_predicted,2.8,17,4,TTTATCGTTCGGTTAGCCAT,13,4710056
ybiY_ybiW_predicted,1.6,11,4,TTGGAGCGAGTTGCTGGCAA,7,4698971
ybiY_ybiW_predicted,2.0,13,4,TTGGACATGTCCACTTGTTC,9,4694990
ybiY_ybiW_predicted,3.2,19,4,TTGCAAGAGCACAACGCTGA,15,4711637
ybiY_ybiW_predicted,0.8,7,4,TTGAGAGGCAGGAATTTCGC,3,4721913
ybiY_ybiW_predicted,8.4,45,4,TTCTGGGGCTAGTCCTGAGT,41,4709053
ybiY_ybiW_predicted,2.2,14,4,TTCTGAAGCCCAGGACGTAG,10,4730382
ybiY_ybiW_predicted,2.6,16,4,TTCGGGCTTTTCCGGTGCGA,12,4732309
ybiY_ybiW_predicted,1.0,8,4,TTCGCTGGTTGCTCCAAAAT,4,4709209
ybiY_ybiW_predicted,1.4,10,4,TTCGCGCAGAATCCAGTGAT,6,4707071
ybiY_ybiW_predicted,15.4,80,4,TTCGCCGTTGGGGCATAGTC,76,4709041
ybiY_ybiW_predicted,2.6,16,4,TTCGAAAAACTCACCTAAGA,12,4712894
ybiY_ybiW_predicted,1.4,10,4,TTCCAGCGCTAAGGGCAACA,6,4695930
ybiY_ybiW_predicted,0.4,5,4,TTCAGACTCCTCTGCAGCGC,1,4703484
ybiY_ybiW_predicted,1.0,8,4,TTCACCTCCTCCAAGATCGG,4,4728701
ybiY_ybiW_predicted,1.0,8,4,TTCACATCGCTGAGGATTAG,4,4714343
ybiY_ybiW_predicted,1.8,12,4,TTATACACCGGATGTAAATC,8,4712064
ybiY_ybiW_predicted,3.4,20,4,TTAGCTGTGATCCGCCGCCG,16,4722291
ybiY_ybiW_predicted,0.4,5,4,TTACGTGGGCGCAAGTTCCA,1,4697208
ybiY_ybiW_predicted,0.6,6,4,TTACCAGTGGGCACTATGAA,2,4723396
ybiY_ybiW_predicted,1.0,8,4,TTAACTCCGTCATAGTAAAG,4,4710167
ybiY_ybiW_predicted,3.8,22,4,TTAACGGCGGATTCGCGTGT,18,4724200
ybiY_ybiW_predicted,3.0,18,4,TGTTTTTCCACCTGCCTAAA,14,4722798
ybiY_ybiW_predicted,35.4,180,4,TGTTTGCGTACGAGTAAGAA,176,4713663
ybiY_ybiW_predicted,1.0,8,4,TGTTCTGGGGGACACGCGGT,4,4696655
ybiY_ybiW_predicted,0.6,6,4,TGTTATTTCGCCACTAATCC,2,4712227
ybiY_ybiW_predicted,2.0,13,4,TGTGCTTTCTGAGTACTGGC,9,4689500
ybiY_ybiW_predicted,1.4,10,4,TGTGCCGCAATCAATGAGTC,6,4700183
ybiY_ybiW_predicted,0.4,5,4,TGTCGCTTGTGGGTGAATTA,1,4725157
ybiY_ybiW_predicted,1.4,10,4,TGTCCTTCTCCTTGGGGAGT,6,4708375
ybiY_ybiW_predicted,1.4,10,4,TGGTGCAATATTGCACTCCC,6,4694397
ybiY_ybiW_predicted,3.6,21,4,TGGTCGTACAGCCGGATCCC,17,4727634
ybiY_ybiW_predicted,1.6,11,4,TGGTCAGTTTCCAGTTCACA,7,4715420
ybiY_ybiW_predicted,0.6,6,4,TGGGTTCATATCACAATTGA,2,4712684
ybiY_ybiW_predicted,2.0,13,4,TGGGCACAGCTCATTGCGAG,9,4716170
ybiY_ybiW_predicted,1.6,11,4,TGGCGAGGCTCACACGACAC,7,4698273
ybiY_ybiW_predicted,2.0,13,4,TGGCAGTAGTAGTGTTTTAC,9,4704875
ybiY_ybiW_predicted,1.8,12,4,TGGAGTCGGGATTAGAGATA,8,4731281
ybiY_ybiW_predicted,2.4,15,4,TGGAATTTGCATCGTATCAG,11,4732307
ybiY_ybiW_predicted,0.8,7,4,TGCTAGGGGCAGCGCAATAT,3,4704917
ybiY_ybiW_predicted,36.0,183,4,TGCGCAAGTGAGTTAGGGTA,179,4721012
ybiY_ybiW_predicted,10.2,54,4,TGCCTTCATGGGTTTCGTTG,50,4727608
ybiY_ybiW_predicted,0.8,7,4,TGCCAAGACATCGCATCTGA,3,4689981
ybiY_ybiW_predicted,3.8,22,4,TGCAGGCTATTTTAATATTT,18,4703649
ybiY_ybiW_predicted,3.0,18,4,TGCAGAGGGTAAAGTGAGTG,14,4708203
ybiY_ybiW_predicted,3.2,19,4,TGCAAAATGTCTTTCACTGT,15,4730771
ybiY_ybiW_predicted,4.4,25,4,TGACTCCTAGATCGGATGAC,21,4732268
ybiY_ybiW_predicted,2.4,15,4,TGACGTTGGATGTCAAGCCT,11,4713682
ybiY_ybiW_predicted,1.4,10,4,TGAAGCTGGCCATTTACCTA,6,4712352
ybiY_ybiW_predicted,2.4,15,4,TCTTTGCAGTCCAGCTTTTT,11,4716718
ybiY_ybiW_predicted,1.8,12,4,TCTTCCACTCTGGAAACCCT,8,4728340
ybiY_ybiW_predicted,1.0,8,4,TCTGGATCACCGGGCTAATA,4,4692554
ybiY_ybiW_predicted,0.4,5,4,TCTGAAATATTCACACACTT,1,4691752
ybiY_ybiW_predicted,0.6,6,4,TCTATGCCCAAGCCGTCCTT,2,4706522
ybiY_ybiW_predicted,0.6,6,4,TCTACGGACGTTCTGCAGTT,2,4713505
ybiY_ybiW_predicted,0.6,6,4,TCTAATCACTTGTCTGAAAA,2,4728380
ybiY_ybiW_predicted,1.4,10,4,TCGGCCAAAGAAGTCGGAGT,6,4712258
ybiY_ybiW_predicted,0.8,7,4,TCGCTCGCATGCAGGAGTCG,3,4707146
ybiY_ybiW_predicted,3.0,18,4,TCGCCGTAGGTATCCGGACG,14,4704125
ybiY_ybiW_predicted,2.2,14,4,TCGCCGGGCACGAGGGTTCA,10,4729438
ybiY_ybiW_predicted,9.6,51,4,TCCTTCTGTTGTTGGACGCT,47,4699201
ybiY_ybiW_predicted,1.8,12,4,TCCGTCATGATGCACCCACT,8,4708028
ybiY_ybiW_predicted,11.4,60,4,TCCCTTCAAATTTAGGGATC,56,4710923
ybiY_ybiW_predicted,2.0,13,4,TCCCTGGTAATGGGGAAACA,9,4715700
ybiY_ybiW_predicted,1.8,12,4,TCCATATGGCCAGGACATGT,8,4702451
ybiY_ybiW_predicted,0.6,6,4,TCCAGGAAGTTGTTGGCGAA,2,4689351
ybiY_ybiW_predicted,1.6,11,4,TCCAGGAAAGTTCGGTCAAC,7,4690580
ybiY_ybiW_predicted,1.8,12,4,TCCAGCCAGCATAGATCTGT,8,4712637
ybiY_ybiW_predicted,2.0,13,4,TCCAGAGGTTCTGAAGCTGT,9,4689565
ybiY_ybiW_predicted,0.4,5,4,TCCACAGCCTCTATGCTTTC,1,4699293
ybiY_ybiW_predicted,4.0,23,4,TCCAAGTCGCGGGGGATTAT,19,4724765
ybiY_ybiW_predicted,0.6,6,4,TCAGTGTCAATCTTAAGCCA,2,4688522
ybiY_ybiW_predicted,5.4,30,4,TCACATACTACCACGGTGCA,26,4707834
ybiY_ybiW_predicted,1.2,9,4,TCACACTTCCCATGCGCGGG,5,4699398
ybiY_ybiW_predicted,3.4,20,4,TCACACGGACTGGTCGTCTT,16,4707304
ybiY_ybiW_predicted,2.2,14,4,TCAATGCTGGCTGATCTAGT,10,4710827
ybiY_ybiW_predicted,3.4,20,4,TCAACTTTCAACTGTGTTAT,16,4730848
ybiY_ybiW_predicted,1.0,8,4,TATTTGCACAAGGGATTTTC,4,4719031
ybiY_ybiW_predicted,0.6,6,4,TATTTCCTTGCAACGTGCGA,2,4694047
ybiY_ybiW_predicted,5.0,28,4,TATTGGAGCACACTATGATA,24,4700243
ybiY_ybiW_predicted,1.2,9,4,TATTCTTGGTGCCTTACAAT,5,4688816
ybiY_ybiW_predicted,2.0,13,4,TATGGTCGTTGCTTCAATAC,9,4729168
ybiY_ybiW_predicted,0.6,6,4,TATGCGTAGCGTATGTGCCA,2,4697587
ybiY_ybiW_predicted,2.4,15,4,TATCGAAATCAACCTTGCGT,11,4719710
ybiY_ybiW_predicted,1.6,11,4,TAGGTTCTGCTTCTGTTAGC,7,4708125
ybiY_ybiW_predicted,1.2,9,4,TAGGGGAATCAGGGTAGGCA,5,4695075
ybiY_ybiW_predicted,0.8,7,4,TAGGCTTTTCTCGGTTTGGT,3,4688856
ybiY_ybiW_predicted,0.6,6,4,TAGGAATGGGTCAAGACCCC,2,4728844
ybiY_ybiW_predicted,0.4,5,4,TAGCTAGGCGTCGGGGCTAT,1,4715378
ybiY_ybiW_predicted,1.4,10,4,TAGCGCAATCTTCCAGAAGA,6,4695681
ybiY_ybiW_predicted,3.6,21,4,TAGCCTTTGAAACTCGACAA,17,4712508
ybiY_ybiW_predicted,0.4,5,4,TAGCAGCCAGTAGCTATTCC,1,4693794
ybiY_ybiW_predicted,1.0,8,4,TAGCACCAATCCCTGGTGCT,4,4727367
ybiY_ybiW_predicted,3.0,18,4,TAGATGATACACTTCTTAGG,14,4720009
ybiY_ybiW_predicted,2.6,16,4,TAGAGATCATGTTATGGACA,12,4717971
ybiY_ybiW_predicted,1.8,12,4,TAGAAGTTCTTAACGGCGAA,8,4702865
ybiY_ybiW_predicted,1.6,11,4,TACTTCTAACCTTCGACTTA,7,4701879
ybiY_ybiW_predicted,1.6,11,4,TACTGTCTGAAAACTGGTTC,7,4717953
ybiY_ybiW_predicted,1.4,10,4,TACGTGACGTAAGCATCTCC,6,4693823
ybiY_ybiW_predicted,2.0,13,4,TACCGGGGCCATGAAAATCT,9,4722510
ybiY_ybiW_predicted,0.4,5,4,TACAGGGTTTACTATGAACG,1,4716934
ybiY_ybiW_predicted,3.4,20,4,TAACTGTCGATTGAATAGCA,16,4728587
ybiY_ybiW_predicted,0.8,7,4,TAACCGAAGCTTGCAGCTAT,3,4700132
ybiY_ybiW_predicted,3.0,18,4,TAAAAGATACTTAACGGTAA,14,4704367
ybiY_ybiW_predicted,1.2,9,4,GTTTTGAAAAACGTTGATTC,5,4722581
ybiY_ybiW_predicted,2.4,15,4,GTTTCATAGAAATACGGCAT,11,4725393
ybiY_ybiW_predicted,18.6,96,4,GTTTATATTGTGTGCCCCGC,92,4721007
ybiY_ybiW_predicted,0.8,7,4,GTTTAGGACCAAAGAGGAAC,3,4694235
ybiY_ybiW_predicted,2.0,13,4,GTTTAGCTAAACCGGTCGGA,9,4688913
ybiY_ybiW_predicted,1.2,9,4,GTTGGTTTATAGCCGGGCCT,5,4692691
ybiY_ybiW_predicted,2.2,14,4,GTTCTCTATCAGAGCTCGGT,10,4720357
ybiY_ybiW_predicted,2.2,14,4,GTTCGTTGGAGCATCAATGC,10,4705213
ybiY_ybiW_predicted,0.4,5,4,GTTCGTTCCGTGAACGAATA,1,4723972
ybiY_ybiW_predicted,2.0,13,4,GTTCACATCCGAGCATCACT,9,4730114
ybiY_ybiW_predicted,1.0,8,4,GTTAGTATGTGCAGGGGTTG,4,4688869
ybiY_ybiW_predicted,1.6,11,4,GTTACTAGCGTTGTAAGGGT,7,4704217
ybiY_ybiW_predicted,1.2,9,4,GTGTTAGTAAGGTCGATTTG,5,4724403
ybiY_ybiW_predicted,0.8,7,4,GTGGTGGAGTTCCATTCCAT,3,4708611
ybiY_ybiW_predicted,8.4,45,4,GTGGAATGACTACATGATAG,41,4693726
ybiY_ybiW_predicted,0.6,6,4,GTGCATGCGTTGGTTACCTG,2,4708970
ybiY_ybiW_predicted,0.8,7,4,GTGATATGAAGGCAGGAAGA,3,4700745
ybiY_ybiW_predicted,12.0,63,4,GTCCTATATAACCTGAGTAG,59,4709930
ybiY_ybiW_predicted,3.4,20,4,GTCCGCATAAGGCTATCGAA,16,4694431
ybiY_ybiW_predicted,1.0,8,4,GTCAGTCATTCGCGTTTTCT,4,4695290
ybiY_ybiW_predicted,4.4,25,4,GTCACCCTACAGCTGCACAA,21,4703816
ybiY_ybiW_predicted,2.6,16,4,GTCAAACGAAAAGCGACTAT,12,4729435
ybiY_ybiW_predicted,0.6,6,4,GTATTGGCTAATATATACGT,2,4723288
ybiY_ybiW_predicted,0.4,5,4,GTATGGCAAAATTCTCATGA,1,4697910
ybiY_ybiW_predicted,1.8,12,4,GTAGTTAATAATACCGTAAC,8,4717374
ybiY_ybiW_predicted,6.2,34,4,GTAGTCCACCGAGGTATCGG,30,4710688
ybiY_ybiW_predicted,1.6,11,4,GTAGAGGTCAGGGGTCGTTG,7,4709221
ybiY_ybiW_predicted,2.8,17,4,GTAGACTTTAACTGGATCCC,13,4725639
ybiY_ybiW_predicted,0.4,5,4,GTACATTGTTACGTGCCTCT,1,4693259
ybiY_ybiW_predicted,2.8,17,4,GTACAGACTGGAAACAACTG,13,4690130
ybiY_ybiW_predicted,3.2,19,4,GTAATACCATGAAGCGATTC,15,4709403
ybiY_ybiW_predicted,9.8,52,4,GTAACCCGTCATACGTGCCA,48,4716429
ybiY_ybiW_predicted,1.8,12,4,GGTTGGTGCCAAAGTCCCTT,8,4690250
ybiY_ybiW_predicted,4.2,24,4,GGTTGGCGAAAAGGGTGTAT,20,4695520
ybiY_ybiW_predicted,1.2,9,4,GGTGCAGACGTTGGCTAGGA,5,4725769
ybiY_ybiW_predicted,0.6,6,4,GGTCGATGTGAAACCTAGCA,2,4710271
ybiY_ybiW_predicted,1.6,11,4,GGTCCTTGGCCGACCATCAT,7,4703533
ybiY_ybiW_predicted,1.8,12,4,GGTCAATGGTCCACCTTGCC,8,4726991
ybiY_ybiW_predicted,1.6,11,4,GGTACGCTGAAGGTGATTTT,7,4724030
ybiY_ybiW_predicted,29.0,148,4,GGGTGCGTCTGGGGGCTGAG,144,4721009
ybiY_ybiW_predicted,2.8,17,4,GGGTATCTTACGCCTGACAA,13,4722091
ybiY_ybiW_predicted,1.6,11,4,GGGTAGTCCCCCCGGTAGGG,7,4711229
ybiY_ybiW_predicted,0.8,7,4,GGGCGGTAGAAGATATCGCC,3,4725229
ybiY_ybiW_predicted,4.4,25,4,GGGCGACCATGTTATTGTTG,21,4699438
ybiY_ybiW_predicted,1.4,10,4,GGGCGAAGCTCGACTTGCAG,6,4698927
ybiY_ybiW_predicted,1.0,8,4,GGGCCTGACCTCGCGGCGGT,4,4732210
ybiY_ybiW_predicted,0.8,7,4,GGGCCGTTCGAAGGAATTAA,3,4707106
ybiY_ybiW_predicted,17.0,88,4,GGGCCGGAAGCAAGAGCGTC,84,4721975
ybiY_ybiW_predicted,1.2,9,4,GGGCACAGTTTCTACTGATT,5,4708271
ybiY_ybiW_predicted,2.4,15,4,GGGAGATTGGACCCATCAAT,11,4694192
ybiY_ybiW_predicted,1.0,8,4,GGGAGACCCGGAAAGATCCT,4,4725740
ybiY_ybiW_predicted,0.4,5,4,GGGAAGCCTCTACGAATCAC,1,4716519
ybiY_ybiW_predicted,3.6,21,4,GGCTTTAGGTCCGTAACGTG,17,4702694
ybiY_ybiW_predicted,1.0,8,4,GGCTGTCGCCCGAGTCTGGT,4,4697948
ybiY_ybiW_predicted,20.6,106,4,GGCTGCGAATTAAGCGTGTA,102,4697282
ybiY_ybiW_predicted,0.6,6,4,GGCTGACAAACTGTACTCGC,2,4702906
ybiY_ybiW_predicted,1.2,9,4,GGCGGGTAACCCTACTACAG,5,4703566
ybiY_ybiW_predicted,1.4,10,4,GGCCTCGACCCTAGTACATC,6,4711226
ybiY_ybiW_predicted,2.4,15,4,GGCCGCCGGGTAGTCCACAG,11,4699765
ybiY_ybiW_predicted,1.8,12,4,GGCCCTCCAACGCCAGAAGT,8,4720236
ybiY_ybiW_predicted,2.2,14,4,GGCATCCTGCCTCGTTAGGT,10,4725275
ybiY_ybiW_predicted,1.6,11,4,GGCATCCACAGCACGACATC,7,4713888
ybiY_ybiW_predicted,1.6,11,4,GGCACTCAACCACGGCCGCG,7,4692077
ybiY_ybiW_predicted,3.2,19,4,GGCAAGCTTGCATGCGGACA,15,4694792
ybiY_ybiW_predicted,2.2,14,4,GGCAACCTGCTAAAGTCAAT,10,4721398
ybiY_ybiW_predicted,2.4,15,4,GGAGTCGGCGGAGGGGGGCG,11,4692340
ybiY_ybiW_predicted,0.8,7,4,GGAGGTACGCTCGGACCTTG,3,4709689
ybiY_ybiW_predicted,1.6,11,4,GGAGGATCCCGTACCTATGA,7,4711112
ybiY_ybiW_predicted,1.6,11,4,GGAGCATGTTCTCATTGCTT,7,4725080
ybiY_ybiW_predicted,1.2,9,4,GGACTTCCTTGGTTGCATAG,5,4711582
ybiY_ybiW_predicted,1.0,8,4,GGAATATTAAACAGAGGGGA,4,4692817
ybiY_ybiW_predicted,1.2,9,4,GGAACCGGGGGAAAAGGGCT,5,4710355
ybiY_ybiW_predicted,2.2,14,4,GCTTGGCCGTTCCTCAGGCA,10,4729608
ybiY_ybiW_predicted,6.4,35,4,GCTTACGCTGATGAATGCTA,31,4714657
ybiY_ybiW_predicted,14.8,77,4,GCTGGAGCAACCCGCGCCCC,73,4709932
ybiY_ybiW_predicted,0.6,6,4,GCTGGACGAACCAGAGTGGC,2,4729028
ybiY_ybiW_predicted,1.0,8,4,GCTCTTGGACCGGGAGAGTG,4,4712905
ybiY_ybiW_predicted,0.6,6,4,GCTCATACCCCGAGTGACAT,2,4710129
ybiY_ybiW_predicted,2.6,16,4,GCGTTCGGTCTAGATTGTAA,12,4726648
ybiY_ybiW_predicted,2.8,17,4,GCGTATCCAGGGGGAAGGAG,13,4702273
ybiY_ybiW_predicted,2.2,14,4,GCGGTCGGGTGACTGGACTG,10,4730146
ybiY_ybiW_predicted,6.2,34,4,GCGGTATCCATTTACTGTGA,30,4714405
ybiY_ybiW_predicted,0.4,5,4,GCGGGGATAAACATATGGTT,1,4729127
ybiY_ybiW_predicted,0.8,7,4,GCGGATACTTCACCGCCTCG,3,4718518
ybiY_ybiW_predicted,1.8,12,4,GCGAGGTGACTTGGTACTAC,8,4697408
ybiY_ybiW_predicted,2.0,13,4,GCGAGGTCGGTGGTCCGTCC,9,4692467
ybiY_ybiW_predicted,5.8,32,4,GCGACCTTATTGGTTCGTCT,28,4697289
ybiY_ybiW_predicted,2.8,17,4,GCCTTCTGGACCTACCTTAT,13,4725426
ybiY_ybiW_predicted,1.8,12,4,GCCTGGGTTTGGCGGCCGAA,8,4689137
ybiY_ybiW_predicted,2.4,15,4,GCCGCATCGGTTGCGCGTCA,11,4702740
ybiY_ybiW_predicted,1.4,10,4,GCCAAGACGGCTAACCATGG,6,4690666
ybiY_ybiW_predicted,1.4,10,4,GCATTCTAATGTTGAGGAAT,6,4711798
ybiY_ybiW_predicted,1.0,8,4,GCATTAAACGACTCCGCGTG,4,4731934
ybiY_ybiW_predicted,0.4,5,4,GCAGTACTTCGGGGGCAGTA,1,4692076
ybiY_ybiW_predicted,2.0,13,4,GCAGGCTCGTATGTTAAGAA,9,4724428
ybiY_ybiW_predicted,1.6,11,4,GCACGTCCTTCAACGCCACG,7,4725492
ybiY_ybiW_predicted,0.4,5,4,GCACCATAAGCGCGCCTCTG,1,4723974
ybiY_ybiW_predicted,7.0,38,4,GCAAGTGGCGCACACATTGC,34,4690198
ybiY_ybiW_predicted,1.8,12,4,GCAAGCCGACGGGATCGGTG,8,4725119
ybiY_ybiW_predicted,4.6,26,4,GCAACTGTTTTATTGGAAGG,22,4700912
ybiY_ybiW_predicted,2.8,17,4,GATGTATGAATCCAATCGAG,13,4730026
ybiY_ybiW_predicted,3.4,20,4,GATGGTTTGTACACAAGATA,16,4722316
ybiY_ybiW_predicted,1.6,11,4,GATCTTCGTGTTTGGTCATT,7,4713847
ybiY_ybiW_predicted,10.8,57,4,GATCGGGGTTGGCGTGCGAC,53,4710683
ybiY_ybiW_predicted,1.0,8,4,GATAGCCAGACAAGTCCCAT,4,4698565
ybiY_ybiW_predicted,3.2,19,4,GATAACAAGCTTGTCGGGCG,15,4708000
ybiY_ybiW_predicted,2.8,17,4,GATAAAATGAATCGTGGCTT,13,4709087
ybiY_ybiW_predicted,1.6,11,4,GAGTGTCCTTAACGAGACCC,7,4709581
ybiY_ybiW_predicted,0.4,5,4,GAGGTAGTCGGACCGGAATG,1,4719928
ybiY_ybiW_predicted,1.6,11,4,GAGGATGTAGGCAGGTCAAC,7,4719307
ybiY_ybiW_predicted,1.6,11,4,GAGCGGCAGTGACGCTCGTA,7,4703778
ybiY_ybiW_predicted,1.8,12,4,GAGCCCGAACCGTGGAAGTA,8,4716062
ybiY_ybiW_predicted,1.8,12,4,GAGCAGGATACCATCAACCA,8,4692559
ybiY_ybiW_predicted,2.0,13,4,GAGATCAGTACACCAAGGTC,9,4708687
ybiY_ybiW_predicted,1.0,8,4,GAGAGCAAGCATCTGCCTAC,4,4698932
ybiY_ybiW_predicted,0.4,5,4,GAGAGCAAAATTTAGAGATT,1,4694487
ybiY_ybiW_predicted,0.4,5,4,GACGTTTTTAGTCTGATGAA,1,4707541
ybiY_ybiW_predicted,2.0,13,4,GACGTGGCGTAGGCCTCTAC,9,4689017
ybiY_ybiW_predicted,1.8,12,4,GACGAAGGTGCAGCGCCCAT,8,4715796
ybiY_ybiW_predicted,0.4,5,4,GACATTTCCGGGTCTGTGCG,1,4731930
ybiY_ybiW_predicted,0.6,6,4,GACAGCAATCTAAGGCAAGG,2,4707621
ybiY_ybiW_predicted,0.6,6,4,GAATGTGAAACGAACTAACC,2,4724673
ybiY_ybiW_predicted,0.6,6,4,GAATCTGGGCTAGCAACCCT,2,4718413
ybiY_ybiW_predicted,0.6,6,4,GAATAAGCTTGAACGTGAGA,2,4696617
ybiY_ybiW_predicted,1.8,12,4,GAAGTAAATCTTGAAGATCG,8,4704243
ybiY_ybiW_predicted,1.4,10,4,GAAGGGTACATGAAGGCCAA,6,4729373
ybiY_ybiW_predicted,3.8,22,4,CTTTGGCGTCAATAACGCGA,18,4722306
ybiY_ybiW_predicted,4.0,23,4,CTTTGACGATTCACAGGTAA,19,4712114
ybiY_ybiW_predicted,0.6,6,4,CTTTCGGTGGATCCATGATT,2,4693163
ybiY_ybiW_predicted,3.0,18,4,CTTGGACCGTGGCATTAACT,14,4699759
ybiY_ybiW_predicted,21.6,111,4,CTTGCTAGAGCAGGTACCTC,107,4710908
ybiY_ybiW_predicted,1.6,11,4,CTTGAGTGCCTTTTCTGTGT,7,4705397
ybiY_ybiW_predicted,0.6,6,4,CTTCGACGTAGCACAAAAGC,2,4694032
ybiY_ybiW_predicted,3.6,21,4,CTTATTTCCTAGGGGCCGTC,17,4690983
ybiY_ybiW_predicted,2.4,15,4,CTTATTCCCTCTCTCAACCG,11,4702951
ybiY_ybiW_predicted,2.0,13,4,CTTATAATGGTCATGGACAG,9,4719028
ybiY_ybiW_predicted,0.6,6,4,CTTACTAGGTTCAACCGTTC,2,4693140
ybiY_ybiW_predicted,3.2,19,4,CTTAAAGTTTACAGCCCATT,15,4705629
ybiY_ybiW_predicted,4.0,23,4,CTGTTACAGGAGGTCAGCGG,19,4731526
ybiY_ybiW_predicted,0.8,7,4,CTGTCTCAAGGGAGGTCTAA,3,4718955
ybiY_ybiW_predicted,0.4,5,4,CTGTCGTCATCACATTAGTT,1,4722031
ybiY_ybiW_predicted,2.4,15,4,CTGTCCAGTCATCTAAGGCT,11,4706149
ybiY_ybiW_predicted,2.0,13,4,CTGTATAAGCCATGCCGCTA,9,4694411
ybiY_ybiW_predicted,0.8,7,4,CTGGTAGACTTTACGACCGG,3,4706438
ybiY_ybiW_predicted,2.8,17,4,CTGGGACCCATTCCGGTCGC,13,4731361
ybiY_ybiW_predicted,2.6,16,4,CTGGATAACGTAAATGTTAT,12,4706815
ybiY_ybiW_predicted,1.8,12,4,CTCTCCGGTTAATAAATACT,8,4704758
ybiY_ybiW_predicted,1.4,10,4,CTCGTGTTCAGTCGTAGGCT,6,4730040
ybiY_ybiW_predicted,1.0,8,4,CTCGGGACGGATATGAAGCT,4,4727854
ybiY_ybiW_predicted,1.0,8,4,CTCCGTCGCAGCCTCTATCG,4,4690781
ybiY_ybiW_predicted,1.0,8,4,CTCCATAGTTCATCATCGCA,4,4702375
ybiY_ybiW_predicted,1.2,9,4,CTCCAGTTGTCATGTAGAAG,5,4726001
ybiY_ybiW_predicted,1.6,11,4,CTCACTGATAGCCACATTTC,7,4698768
ybiY_ybiW_predicted,14.0,73,4,CTCACGTATCCGAATTTGCA,69,4690621
ybiY_ybiW_predicted,7.0,38,4,CTATTTCGGAATCACTCGCT,34,4697291
ybiY_ybiW_predicted,4.4,25,4,CTATCCGGCTCGACCCCCGG,21,4726603
ybiY_ybiW_predicted,1.0,8,4,CTACGCCTGGAGGATTATGT,4,4690278
ybiY_ybiW_predicted,0.4,5,4,CTACGAGTGCCACAAGACCC,1,4712431
ybiY_ybiW_predicted,1.8,12,4,CTACCTGGCAGGAGATGTTA,8,4731112
ybiY_ybiW_predicted,1.0,8,4,CTAATCAGCTCTTTGCTATA,4,4716655
ybiY_ybiW_predicted,2.8,17,4,CGTTTCGGTCCTGCGGTTGA,13,4697113
ybiY_ybiW_predicted,1.6,11,4,CGTTGAACGATGCTCCGTAA,7,4714542
ybiY_ybiW_predicted,1.2,9,4,CGTTAATCACAGCAAAAATG,5,4699488
ybiY_ybiW_predicted,0.4,5,4,CGTGTAACACAGGCGGATGG,1,4724865
ybiY_ybiW_predicted,5.4,30,4,CGTCGGGAGAACTGATTACA,26,4711393
ybiY_ybiW_predicted,0.8,7,4,CGTAGGCGGTCGTGGGTACC,3,4711802
ybiY_ybiW_predicted,1.0,8,4,CGGTGATCGGTAAAACGAAA,4,4707305
ybiY_ybiW_predicted,1.0,8,4,CGGGTTGGGACCCCTGTGAT,4,4697582
ybiY_ybiW_predicted,3.0,18,4,CGGCATCTGCGCAGAACGTA,14,4713039
ybiY_ybiW_predicted,4.0,23,4,CGGCACATATTGTGCTAGCA,19,4714007
ybiY_ybiW_predicted,2.2,14,4,CGGACCCCGATATCCGCATT,10,4717048
ybiY_ybiW_predicted,4.0,23,4,CGCTGATCAATAATGCTGTG,19,4690624
ybiY_ybiW_predicted,2.6,16,4,CGCGGCCGCGCGTTGAAAAA,12,4718389
ybiY_ybiW_predicted,2.0,13,4,CGCGAGGTTTCTGGCTCATC,9,4729480
ybiY_ybiW_predicted,1.2,9,4,CGCCTCCAGTCTTCGGGTAG,5,4712573
ybiY_ybiW_predicted,0.8,7,4,CGCCTAGGTGTAAGTTAGCA,3,4716039
ybiY_ybiW_predicted,1.8,12,4,CGCCCGCAATCAGTTCTAAC,8,4690319
ybiY_ybiW_predicted,1.0,8,4,CGCATTCATTTGCCGGGTAT,4,4719808
ybiY_ybiW_predicted,1.4,10,4,CGCATTAGGATGAGCAGTAC,6,4716179
ybiY_ybiW_predicted,5.0,28,4,CGCACTCCCTGGTACTTAAT,24,4701934
ybiY_ybiW_predicted,1.0,8,4,CGATGTCCGCCCGTTTGCGA,4,4731593
ybiY_ybiW_predicted,0.8,7,4,CGATCCTTTCAACAGTCGAG,3,4717055
ybiY_ybiW_predicted,0.8,7,4,CGATATCATCAATTAACGTA,3,4697797
ybiY_ybiW_predicted,3.4,20,4,CGAGTGCGCCATATGTGCTC,16,4713094
ybiY_ybiW_predicted,1.2,9,4,CGAGGGGAGTGACGCGATTA,5,4704455
ybiY_ybiW_predicted,0.4,5,4,CGAGGCTCGGCAACAGCGAC,1,4715573
ybiY_ybiW_predicted,3.0,18,4,CGAGGAGGGAGTTGTGGATC,14,4718786
ybiY_ybiW_predicted,2.0,13,4,CGACCAGATTGGGCTTAGAC,9,4689745
ybiY_ybiW_predicted,2.0,13,4,CGAAGAAGGTGGGGACAAGA,9,4692015
ybiY_ybiW_predicted,1.2,9,4,CGAACTGGAAAATTTCGTAT,5,4707628
ybiY_ybiW_predicted,1.6,11,4,CCTTGATTTTATCGGGTCTA,7,4710496
ybiY_ybiW_predicted,1.8,12,4,CCTTCTGAACCTGGTAACAA,8,4699531
ybiY_ybiW_predicted,5.2,29,4,CCTGGAGTAATGGTCGGTCG,25,4692349
ybiY_ybiW_predicted,1.4,10,4,CCTGCGTCTGATGCGGAGTA,6,4719504
ybiY_ybiW_predicted,1.6,11,4,CCTGCACCCCAACAGTTGTT,7,4692739
ybiY_ybiW_predicted,3.0,18,4,CCTGAGTTTAACATTGTTTG,14,4697586
ybiY_ybiW_predicted,3.8,22,4,CCTCTAATTGTTCGTGTGAA,18,4722294
ybiY_ybiW_predicted,1.2,9,4,CCTCGCCGAGAGACTACCAA,5,4724000
ybiY_ybiW_predicted,1.0,8,4,CCTCCTTGTACCCACGGTTG,4,4697531
ybiY_ybiW_predicted,1.2,9,4,CCTCCACGGGTGCCCGGGTT,5,4691612
ybiY_ybiW_predicted,1.8,12,4,CCTACTATATTGATTCAAGT,8,4725148
ybiY_ybiW_predicted,1.0,8,4,CCTAATTACCTCGCACGATC,4,4703540
ybiY_ybiW_predicted,1.2,9,4,CCTAAACCGAGGACTCATGA,5,4723989
ybiY_ybiW_predicted,6.6,36,4,CCGTTACAGTAAAGCTTGGC,32,4703564
ybiY_ybiW_predicted,0.4,5,4,CCGTCGGTTGGTCCGGTATT,1,4708202
ybiY_ybiW_predicted,2.0,13,4,CCGTACAGTGTTACGGGTAC,9,4724130
ybiY_ybiW_predicted,1.8,12,4,CCGGCAGCGACCCACCTTAT,8,4696501
ybiY_ybiW_predicted,1.4,10,4,CCGCTGAGATGATGAAACTA,6,4700898
ybiY_ybiW_predicted,0.8,7,4,CCGAGTGGCAGGCGTGCCGC,3,4719751
ybiY_ybiW_predicted,0.8,7,4,CCGAGTGATTACGTTCTCTG,3,4707124
ybiY_ybiW_predicted,5.4,30,4,CCGAACCTCTGATTGAGTGT,26,4692084
ybiY_ybiW_predicted,2.2,14,4,CCCTGTAGTGTGGTTTATGG,10,4729845
ybiY_ybiW_predicted,2.4,15,4,CCCGTGATGAATGGGTCATG,11,4713150
ybiY_ybiW_predicted,2.0,13,4,CCCGGTATTTCGAGGGTGTT,9,4720743
ybiY_ybiW_predicted,0.4,5,4,CCCGGTAGGGTTAAGGAAAA,1,4723262
ybiY_ybiW_predicted,2.0,13,4,CCCGGGGGGGTTCTTTTCTT,9,4725518
ybiY_ybiW_predicted,1.2,9,4,CCCGACGAGCCGGTCGTGAA,5,4692954
ybiY_ybiW_predicted,1.0,8,4,CCCCTACGTACATGGTTAGA,4,4701483
ybiY_ybiW_predicted,1.8,12,4,CCCCGGCTGCCGCAGGGTGT,8,4706101
ybiY_ybiW_predicted,1.0,8,4,CCCATGGACGTCTCAGGTCG,4,4695440
ybiY_ybiW_predicted,0.4,5,4,CCCAAGCTCGGCTCAACCTG,1,4727170
ybiY_ybiW_predicted,0.8,7,4,CCAGTCCTTCAGCTCCCGAT,3,4697470
ybiY_ybiW_predicted,1.4,10,4,CCAGTAATAGTTACATTTAG,6,4720628
ybiY_ybiW_predicted,2.2,14,4,CCAGGAATCCATGTCTCCCA,10,4697387
ybiY_ybiW_predicted,3.4,20,4,CCAGGAAGGGGACTTTAGCG,16,4724921
ybiY_ybiW_predicted,2.0,13,4,CCACATCGAATGGTTTATAA,9,4697626
ybiY_ybiW_predicted,1.0,8,4,CCACAACGTCGAGAGTGATT,4,4722460
ybiY_ybiW_predicted,0.8,7,4,CCAATAAGCCTAATGACCGG,3,4709460
ybiY_ybiW_predicted,7.8,42,4,CATTTTGAATCTTAGTACAT,38,4724110
ybiY_ybiW_predicted,2.2,14,4,CATTATCGTAATGTGTCATA,10,4691968
ybiY_ybiW_predicted,1.2,9,4,CATGTCAGTTTGGAAAACCA,5,4711752
ybiY_ybiW_predicted,1.0,8,4,CATCCTCGGCCCGTCTATAC,4,4701031
ybiY_ybiW_predicted,0.4,5,4,CATAGAGGGCTGTGTGATGA,1,4699753
ybiY_ybiW_predicted,2.0,13,4,CATACGACGATCGACGCAGC,9,4711479
ybiY_ybiW_predicted,1.0,8,4,CATAAGCCCGGCGGTTAGTA,4,4703951
ybiY_ybiW_predicted,1.6,11,4,CATAACCAAACCACCGATTC,7,4692113
ybiY_ybiW_predicted,5.0,28,4,CAGTGATTAGCTTGGCTAGC,24,4732276
ybiY_ybiW_predicted,2.2,14,4,CAGTCGCAAGCACCGCCATA,10,4725955
ybiY_ybiW_predicted,1.8,12,4,CAGGGGCGTAAATGCCAAGA,8,4712204
ybiY_ybiW_predicted,0.6,6,4,CAGGCAGGGACTCTGGTGGT,2,4694353
ybiY_ybiW_predicted,5.0,28,4,CAGCATCTTATCAAACGAGT,24,4713918
ybiY_ybiW_predicted,2.2,14,4,CAGACTTTTCAACACGGCCC,10,4689193
ybiY_ybiW_predicted,1.2,9,4,CACTTGTTCACTACGTCGGT,5,4727564
ybiY_ybiW_predicted,0.4,5,4,CACGTACAGGGAATAGCAGT,1,4704302
ybiY_ybiW_predicted,9.4,50,4,CACGGGCATGGATTTCGGCA,46,4709770
ybiY_ybiW_predicted,0.8,7,4,CACGCTTGTGCGGCCGACTG,3,4716915
ybiY_ybiW_predicted,1.4,10,4,CACCGAACTTTGATGCGAGC,6,4703664
ybiY_ybiW_predicted,0.8,7,4,CACAGTCCAACATAGTCACC,3,4700366
ybiY_ybiW_predicted,0.8,7,4,CACAGAATACGGAAGTTGCT,3,4718037
ybiY_ybiW_predicted,1.8,12,4,CAATTGCTCCGGTGAAGGGA,8,4732291
ybiY_ybiW_predicted,1.6,11,4,CAATAGTGACCGTAGTAAAC,7,4720728
ybiY_ybiW_predicted,1.8,12,4,CAAGTCTGACCGAGCTGTTG,8,4714377
ybiY_ybiW_predicted,0.4,5,4,CAAGTATCTCGGGGTGACTG,1,4698403
ybiY_ybiW_predicted,1.6,11,4,CAAGGTTTAGTCCGGAGTTG,7,4698443
ybiY_ybiW_predicted,4.0,23,4,CAAGGTCACCCTAAGCCTAC,19,4731411
ybiY_ybiW_predicted,0.8,7,4,CAAGATTTGCCGGAGGTGGT,3,4707114
ybiY_ybiW_predicted,0.4,5,4,CAACCGTGAGTTGGCAATCG,1,4689777
ybiY_ybiW_predicted,2.0,13,4,CAAACGTTAGCGTGACTTCC,9,4698622
ybiY_ybiW_predicted,4.8,27,4,ATTTGTGATTACCTAGCCCT,23,4695428
ybiY_ybiW_predicted,2.4,15,4,ATTTAACATAGCACAGGCAT,11,4715965
ybiY_ybiW_predicted,2.2,14,4,ATTGTAAAGTCTTGCAATAT,10,4717668
ybiY_ybiW_predicted,5.2,29,4,ATTGGCCATCCTGCAGTGCT,25,4725418
ybiY_ybiW_predicted,6.4,35,4,ATTGCGAGGGGAACATCGAC,31,4690632
ybiY_ybiW_predicted,0.6,6,4,ATTCTTGACACGGAAACACT,2,4707039
ybiY_ybiW_predicted,4.4,25,4,ATTCGGTATGCCGGCCATCG,21,4690252
ybiY_ybiW_predicted,1.6,11,4,ATTCGCCCATTCTGTTGCTA,7,4723462
ybiY_ybiW_predicted,2.2,14,4,ATTCGATTTAGAACACCTAT,10,4690918
ybiY_ybiW_predicted,2.0,13,4,ATTCCGTTTTGAGGGAGTAG,9,4690090
ybiY_ybiW_predicted,1.0,8,4,ATTATCTACGGTTCGCAGGC,4,4729966
ybiY_ybiW_predicted,0.6,6,4,ATTACTTCTCCCGAAAGTGC,2,4695976
ybiY_ybiW_predicted,1.0,8,4,ATGTCATTTTGCCTGAGCCC,4,4702237
ybiY_ybiW_predicted,3.4,20,4,ATGTAAGGGAGCTATTCCGA,16,4730623
ybiY_ybiW_predicted,2.6,16,4,ATGGCCTCAACTCTGAACGA,12,4708383
ybiY_ybiW_predicted,0.4,5,4,ATGCTATTATCCGTCGTACA,1,4730238
ybiY_ybiW_predicted,2.2,14,4,ATCTGCAGCTACCACCTCGA,10,4729417
ybiY_ybiW_predicted,3.8,22,4,ATCTCGTGGATATCGAGGTA,18,4726118
ybiY_ybiW_predicted,1.8,12,4,ATCGCTCTTGACCATGAGCC,8,4709364
ybiY_ybiW_predicted,0.4,5,4,ATCGCCACCACCAACCTTGT,1,4689054
ybiY_ybiW_predicted,4.8,27,4,ATCCGTATAGCAAATCCTCG,23,4725918
ybiY_ybiW_predicted,0.6,6,4,ATCCACTTTGAGGGACATTG,2,4709509
ybiY_ybiW_predicted,0.8,7,4,ATCCACTCTAGGCTTAACAA,3,4695730
ybiY_ybiW_predicted,1.0,8,4,ATCATGTAAAGCTAAACTGA,4,4702228
ybiY_ybiW_predicted,3.4,20,4,ATCAGCGCGCGAACTCACAA,16,4706580
ybiY_ybiW_predicted,0.4,5,4,ATATGGACTGGCGCTCAGTG,1,4709140
ybiY_ybiW_predicted,28.0,143,4,ATAGGATTAAGTGTTCGTTA,139,4709938
ybiY_ybiW_predicted,0.4,5,4,ATAGACTAGGAACTTAGGGA,1,4713706
ybiY_ybiW_predicted,41.0,208,4,ATAGACGTATCCGCAGCAGG,204,4710906
ybiY_ybiW_predicted,1.8,12,4,ATACGTTACAATTGAACGAG,8,4689411
ybiY_ybiW_predicted,63.2,319,4,ATAATTTATGAGGTCCACGA,315,4700044
ybiY_ybiW_predicted,9.6,51,4,ATAACAACGACGCCTGGTCG,47,4721421
ybiY_ybiW_predicted,1.8,12,4,AGTTTGTGTGTTCACACTGG,8,4730609
ybiY_ybiW_predicted,0.4,5,4,AGTTCCCTATTATTGTTCGT,1,4708947
ybiY_ybiW_predicted,1.2,9,4,AGTTATGGCACGTTTAGGCT,5,4725737
ybiY_ybiW_predicted,1.6,11,4,AGTGTGCATGCGGTTACCCT,7,4723760
ybiY_ybiW_predicted,1.6,11,4,AGTGGTTACAGCCAAAGGGG,7,4711872
ybiY_ybiW_predicted,1.0,8,4,AGTCCGCCTGGATCGCTTAA,4,4707217
ybiY_ybiW_predicted,2.2,14,4,AGTAGTGGGACCCCCTAGCA,10,4691546
ybiY_ybiW_predicted,1.2,9,4,AGTACCGGAGGAGCAGGCAT,5,4698376
ybiY_ybiW_predicted,2.0,13,4,AGGTAGGCTGTATTACGGGT,9,4697216
ybiY_ybiW_predicted,1.2,9,4,AGGGCCTTGGGTCAGCTCTT,5,4701566
ybiY_ybiW_predicted,0.4,5,4,AGGCTCTTCGACACATTTTT,1,4693469
ybiY_ybiW_predicted,1.6,11,4,AGGCTCGATGCCACTGGTTA,7,4697804
ybiY_ybiW_predicted,4.8,27,4,AGGCATAAACAGTTGGGGGA,23,4697294
ybiY_ybiW_predicted,0.8,7,4,AGGAGTTCGTGCATGCGTTA,3,4709742
ybiY_ybiW_predicted,2.8,17,4,AGCCCCCTGGTAACGTGAGC,13,4715211
ybiY_ybiW_predicted,42.6,216,4,AGCCCAGAGGCGCTAGGACT,212,4726237
ybiY_ybiW_predicted,3.2,19,4,AGCCACGCTGGTTGACGAGT,15,4705752
ybiY_ybiW_predicted,1.0,8,4,AGCCACATCTCTACTTCACG,4,4707322
ybiY_ybiW_predicted,13.2,69,4,AGATTACGAGATCTCTGCAG,65,4699206
ybiY_ybiW_predicted,8.4,45,4,AGATGTCCCTAACGTGAGTG,41,4710793
ybiY_ybiW_predicted,1.2,9,4,AGATCCTCAATCACCTAGGC,5,4723858
ybiY_ybiW_predicted,3.4,20,4,AGATCCGGCGCAACTGACCT,16,4696359
ybiY_ybiW_predicted,10.0,53,4,AGAGCGTAACGAGCAAATGG,49,4711395
ybiY_ybiW_predicted,2.4,15,4,AGACGGCAATGTCAAACGAA,11,4713858
ybiY_ybiW_predicted,1.8,12,4,AGAATTAACGGTCAACTCAA,8,4709216
ybiY_ybiW_predicted,3.6,21,4,ACTTAACGCGAATAAAGGTA,17,4723290
ybiY_ybiW_predicted,2.6,16,4,ACTCTCGTTAGTGCACGCGA,12,4700495
ybiY_ybiW_predicted,1.2,9,4,ACTCTACTTTCTTCTGTTCG,5,4695847
ybiY_ybiW_predicted,1.2,9,4,ACTCCGATGCTAGACGCTAC,5,4712183
ybiY_ybiW_predicted,1.4,10,4,ACTCAGACCGTAACTAGAGA,6,4709498
ybiY_ybiW_predicted,0.4,5,4,ACGGGCTGAAACCCGACATC,1,4715853
ybiY_ybiW_predicted,2.2,14,4,ACGGCGTTAGCTTTGGTGGT,10,4704823
ybiY_ybiW_predicted,0.8,7,4,ACGCGTTAATATACAGGATA,3,4706321
ybiY_ybiW_predicted,1.2,9,4,ACGCGCGTGATAGCGCACGT,5,4700430
ybiY_ybiW_predicted,2.0,13,4,ACGATGGGCTTCCACAACGG,9,4698807
ybiY_ybiW_predicted,5.2,29,4,ACGATCAGCTAGAGCACTCC,25,4712736
ybiY_ybiW_predicted,1.2,9,4,ACCTGAAGCGGATTATGTCG,5,4709412
ybiY_ybiW_predicted,2.6,16,4,ACCGCAAGAGGCACCTCCAA,12,4718266
ybiY_ybiW_predicted,2.2,14,4,ACCGATTTGAGTATCTGTTT,10,4727615
ybiY_ybiW_predicted,2.0,13,4,ACCCATCGGTATCATGCATG,9,4697750
ybiY_ybiW_predicted,1.8,12,4,ACCCAGGGATGCATGGTGTA,8,4706574
ybiY_ybiW_predicted,2.4,15,4,ACCATATGTCATTGCAAGCT,11,4714389
ybiY_ybiW_predicted,0.4,5,4,ACCATAGCCATTTGCACGGA,1,4696110
ybiY_ybiW_predicted,1.8,12,4,ACCATACACAATTAACTGGA,8,4724746
ybiY_ybiW_predicted,4.4,25,4,ACCAAGATCCAGTCATGGGA,21,4709947
ybiY_ybiW_predicted,2.2,14,4,ACATTGGGACCAGGAGGGCT,10,4730471
ybiY_ybiW_predicted,1.0,8,4,ACATGTTCAAACTGATTAAC,4,4727058
ybiY_ybiW_predicted,1.0,8,4,ACATCGGCGACATGTCCATC,4,4689206
ybiY_ybiW_predicted,2.4,15,4,ACAGTGTATCAAAGGAATAA,11,4689637
ybiY_ybiW_predicted,1.0,8,4,ACAGGATGTAATGTACCGCT,4,4722127
ybiY_ybiW_predicted,0.4,5,4,ACACTCTATCAATATGTGCT,1,4720989
ybiY_ybiW_predicted,26.4,135,4,ACACCTTATATACATAGTAG,131,4697091
ybiY_ybiW_predicted,1.0,8,4,ACAAGTACGTACATGCGGTA,4,4724008
ybiY_ybiW_predicted,0.4,5,4,AATTTATAGCATGGACCTGG,1,4703752
ybiY_ybiW_predicted,0.8,7,4,AATTGACGGTGGCCCTCGGT,3,4689582
ybiY_ybiW_predicted,0.6,6,4,AATTAAAAGCTCGAGGGACA,2,4691952
ybiY_ybiW_predicted,0.8,7,4,AATGTCAGGATCGGGCCGAG,3,4728526
ybiY_ybiW_predicted,5.4,30,4,AATGTAAGCGAACAAGTACA,26,4697281
ybiY_ybiW_predicted,4.8,27,4,AATACCTCAACATGGCTATT,23,4697132
ybiY_ybiW_predicted,1.2,9,4,AATAATATACAAAGTTGCGG,5,4730678
ybiY_ybiW_predicted,1.0,8,4,AAGTTTCAGGGTTATTCACT,4,4702873
ybiY_ybiW_predicted,1.2,9,4,AAGTTCCGTCGTGATCTATG,5,4698309
ybiY_ybiW_predicted,1.2,9,4,AAGGTCGCTTCCGTGGTAAC,5,4698385
ybiY_ybiW_predicted,1.4,10,4,AAGGAATAGTAAACGGAGAG,6,4713275
ybiY_ybiW_predicted,0.8,7,4,AAGCAAGAGAGCGCATAGCA,3,4711444
ybiY_ybiW_predicted,1.2,9,4,AAGATTTGTGAGTTCGACCA,5,4696816
ybiY_ybiW_predicted,1.2,9,4,AAGAGACAGACACCATCTAT,5,4728197
ybiY_ybiW_predicted,1.8,12,4,AACTGCCCATGCGTCAAACC,8,4691715
ybiY_ybiW_predicted,1.6,11,4,AACTAAAGGGTTAGTCAGTA,7,4708572
ybiY_ybiW_predicted,1.4,10,4,AACGGGGTGAGGGATACCAA,6,4719134
ybiY_ybiW_predicted,3.8,22,4,AACCTGGGCCGCTACTGATT,18,4715779
ybiY_ybiW_predicted,5.2,29,4,AACCCGGGAATAATTACTAT,25,4721985
ybiY_ybiW_predicted,0.8,7,4,AACCAGCCGTGTGAAACGGA,3,4731609
ybiY_ybiW_predicted,1.2,9,4,AAATGTTAAACTTTCATAAT,5,4729186
ybiY_ybiW_predicted,2.0,13,4,AAATAAGCTAATGCGGTCGT,9,4703258
ybiY_ybiW_predicted,1.0,8,4,AAAGCCTGTACATTAAAGTT,4,4708463
ybiY_ybiW_predicted,0.4,5,4,AAAAGCTTGACGAATGGAAC,1,4720168
ybiY_ybiW_predicted,3.0,14,3,TTTTAGATGTCCTGTCAAGT,11,4725491
ybiY_ybiW_predicted,8.25,35,3,TTTGACGGATCTATGATACT,32,4720844
ybiY_ybiW_predicted,11.25,47,3,TTTCGCTTAGTAATCAAAGA,44,4701161
ybiY_ybiW_predicted,1.75,9,3,TTTATGACGCACTTAAATTT,6,4688920
ybiY_ybiW_predicted,0.75,5,3,TTTAGTGTGCTGCTTGTGTC,2,4710096
ybiY_ybiW_predicted,1.0,6,3,TTTAGTGATAATGTTAAGGG,3,4708143
ybiY_ybiW_predicted,3.0,14,3,TTGTTAAGTCACAAGGGCCA,11,4711472
ybiY_ybiW_predicted,0.5,4,3,TTGGTTTCTTTGGCCGGCTC,1,4708299
ybiY_ybiW_predicted,1.75,9,3,TTGGCATTTGTATGAAACTG,6,4727305
ybiY_ybiW_predicted,1.75,9,3,TTGATTTTAGATATAAGTGT,6,4725569
ybiY_ybiW_predicted,1.75,9,3,TTGATCGGGGAAGGTCGGTC,6,4698226
ybiY_ybiW_predicted,1.5,8,3,TTGAGCGTTTCCTCACGGGG,5,4714665
ybiY_ybiW_predicted,2.5,12,3,TTGAATGACGTTAGGAACTC,9,4697701
ybiY_ybiW_predicted,2.0,10,3,TTGAACTATTAACGGGATGT,7,4717685
ybiY_ybiW_predicted,1.25,7,3,TTCTGCGTGATATGCTGAAG,4,4712970
ybiY_ybiW_predicted,4.25,19,3,TTCTCTACCCAACGTAAGGA,16,4701208
ybiY_ybiW_predicted,1.0,6,3,TTCTACAAGGTACCTCCACG,3,4708886
ybiY_ybiW_predicted,10.5,44,3,TTCTAATAGGAAAAACTCAT,41,4699932
ybiY_ybiW_predicted,1.75,9,3,TTCGCATTGATATGGCACGG,6,4707339
ybiY_ybiW_predicted,1.0,6,3,TTCCTTCACGCAGCCGGGAG,3,4705637
ybiY_ybiW_predicted,13.5,56,3,TTCCGGCGTGGCAGTACGCA,53,4701936
ybiY_ybiW_predicted,1.0,6,3,TTCCCTAAACCATTGCCTGT,3,4724549
ybiY_ybiW_predicted,1.5,8,3,TTCCACCGCGACACTCAGTT,5,4731615
ybiY_ybiW_predicted,1.5,8,3,TTCAGTACTTATCTCTAGAG,5,4725538
ybiY_ybiW_predicted,0.5,4,3,TTCAGCTTCCTGGCACTTCT,1,4695941
ybiY_ybiW_predicted,1.75,9,3,TTCACTTCGGTCTATGAAGA,6,4706324
ybiY_ybiW_predicted,2.75,13,3,TTATGAGTGTCGTGGTTCGT,10,4724561
ybiY_ybiW_predicted,4.5,20,3,TTAGGACACGTGCCAGCGTG,17,4722181
ybiY_ybiW_predicted,1.5,8,3,TTACCGCAAAAACTATTTGG,5,4724387
ybiY_ybiW_predicted,0.5,4,3,TTACAATGCATACGTACGTG,1,4696860
ybiY_ybiW_predicted,78.0,314,3,TTAAATCAAAGGGGTATGTC,311,4697096
ybiY_ybiW_predicted,1.75,9,3,TGTTCTGGATTGACTGGTAT,6,4698851
ybiY_ybiW_predicted,0.75,5,3,TGTCGTGTCGGCTCACATGT,2,4712284
ybiY_ybiW_predicted,1.5,8,3,TGTCCTGGGATCCCCAGAAA,5,4713628
ybiY_ybiW_predicted,2.5,12,3,TGTATAAGTTTGGCTATCTC,9,4729218
ybiY_ybiW_predicted,4.25,19,3,TGGTTGTCACCCATATGGAT,16,4729918
ybiY_ybiW_predicted,1.25,7,3,TGGTTCGGTCCTTTACGTAA,4,4694160
ybiY_ybiW_predicted,2.25,11,3,TGGTGCACCAACCGAGGCGT,8,4724108
ybiY_ybiW_predicted,3.0,14,3,TGGTGAGTAATTGGGAAGCG,11,4706778
ybiY_ybiW_predicted,1.25,7,3,TGGTATACGAGCTAGTCAGT,4,4712844
ybiY_ybiW_predicted,6.75,29,3,TGGGTGGTTTAACCCCACAA,26,4727269
ybiY_ybiW_predicted,1.5,8,3,TGGGCAGGTTCGGATGGCGC,5,4695516
ybiY_ybiW_predicted,2.25,11,3,TGGCTAGCCCTTTTTCCTCA,8,4697801
ybiY_ybiW_predicted,5.0,22,3,TGGCAACTGCACAGAACCGG,19,4696160
ybiY_ybiW_predicted,4.0,18,3,TGGAAAACGTCGGCTACGTG,15,4695259
ybiY_ybiW_predicted,4.0,18,3,TGCTGCGAGCGGCAGAAGCG,15,4713994
ybiY_ybiW_predicted,2.0,10,3,TGCTACCCATAGAGCTAAGT,7,4696318
ybiY_ybiW_predicted,2.5,12,3,TGCGCAGAGCGTGGCCATTG,9,4703763
ybiY_ybiW_predicted,11.25,47,3,TGCCACCTCCCCGATCGTCA,44,4710792
ybiY_ybiW_predicted,1.0,6,3,TGATTTTTGGTCTGAGGAAC,3,4710658
ybiY_ybiW_predicted,2.25,11,3,TGATTTAGTGATCATACAAG,8,4721678
ybiY_ybiW_predicted,1.5,8,3,TGATGGGCCAGTCCGAGGGA,5,4716483
ybiY_ybiW_predicted,4.5,20,3,TGATCGTTCCAATGCTTTGC,17,4711691
ybiY_ybiW_predicted,4.75,21,3,TGAGTCTTACCGGCCTGATA,18,4720496
ybiY_ybiW_predicted,1.0,6,3,TGAGGGTGGGTTCCGGCCCC,3,4712341
ybiY_ybiW_predicted,2.25,11,3,TGACGACCCTTGAAAAAGCC,8,4728900
ybiY_ybiW_predicted,4.75,21,3,TGAATCGTACTGGTCGATGC,18,4703652
ybiY_ybiW_predicted,2.0,10,3,TCTTTTACGTCTTAAAAGTT,7,4712744
ybiY_ybiW_predicted,1.0,6,3,TCTGCTTCCTTTTTCCGTGG,3,4705373
ybiY_ybiW_predicted,1.5,8,3,TCTGCCGCCCATCGAGTCCA,5,4694024
ybiY_ybiW_predicted,2.0,10,3,TCTGACAGTGATGTCTATAC,7,4696162
ybiY_ybiW_predicted,3.0,14,3,TCTCGTTATGTCGCCGCAGT,11,4710822
ybiY_ybiW_predicted,6.0,26,3,TCTCCAGCCAGACAGCGGTA,23,4694027
ybiY_ybiW_predicted,7.75,33,3,TCGTTAAGTCTAGTTCTGTA,30,4703570
ybiY_ybiW_predicted,3.25,15,3,TCGTCATCATAATTCAGGAT,12,4698310
ybiY_ybiW_predicted,1.25,7,3,TCGGGTCCGGCCTACTCTGC,4,4689509
ybiY_ybiW_predicted,2.25,11,3,TCGGCCCTTGGGCTTGCATG,8,4691572
ybiY_ybiW_predicted,2.25,11,3,TCGGCATAGGCAGTGCGGTT,8,4721799
ybiY_ybiW_predicted,2.0,10,3,TCGCATCTTTGTCGATTAAA,7,4694270
ybiY_ybiW_predicted,1.5,8,3,TCGCATCCAGCTCAGCGCAT,5,4705510
ybiY_ybiW_predicted,5.75,25,3,TCGCATCACGCTCCGGGAAA,22,4705627
ybiY_ybiW_predicted,2.0,10,3,TCGCAAGGTAAAGGGTACCA,7,4698538
ybiY_ybiW_predicted,15.5,64,3,TCGAGTAATCCCACGCAAGG,61,4692839
ybiY_ybiW_predicted,1.25,7,3,TCCTTTGCACTCGCTTTTTG,4,4702900
ybiY_ybiW_predicted,2.0,10,3,TCCTGACCTGCGCTTGTTCA,7,4726365
ybiY_ybiW_predicted,1.75,9,3,TCCTACTCCGGGCCAAATTT,6,4710323
ybiY_ybiW_predicted,2.5,12,3,TCCGCGGCTTATTTTGTATT,9,4702183
ybiY_ybiW_predicted,1.5,8,3,TCCGCCGAGACAGTCTTCCG,5,4691988
ybiY_ybiW_predicted,1.25,7,3,TCCGATTGGTTTCGGGGGCT,4,4697754
ybiY_ybiW_predicted,0.75,5,3,TCCCTAGAGTATTCATCATT,2,4729139
ybiY_ybiW_predicted,14.75,61,3,TCCATTTACTACCCGTGCAA,58,4706090
ybiY_ybiW_predicted,4.75,21,3,TCATTTTCGTATTCGGATGG,18,4695357
ybiY_ybiW_predicted,4.25,19,3,TCATCTGTATCCGTACGGGG,16,4726222
ybiY_ybiW_predicted,3.25,15,3,TCAGGGGGTCAGGTCTTGAA,12,4710693
ybiY_ybiW_predicted,1.0,6,3,TCAGCCGTGTGCGGGAGGCT,3,4706830
ybiY_ybiW_predicted,14.25,59,3,TCAGACGACCGTGCCCCCTT,56,4710804
ybiY_ybiW_predicted,1.25,7,3,TCACTGGGGTACATGATGGA,4,4705520
ybiY_ybiW_predicted,1.25,7,3,TCACGGCAGAACTCAAGTGC,4,4715338
ybiY_ybiW_predicted,2.0,10,3,TCACGCGACGGCGTCCAACC,7,4692067
ybiY_ybiW_predicted,1.75,9,3,TCAATCTTAATGGACCAAAG,6,4692373
ybiY_ybiW_predicted,0.5,4,3,TCAAGTTCCACCCGCCCTCC,1,4705033
ybiY_ybiW_predicted,3.75,17,3,TCAAGCCCGGAACCATGAAT,14,4729865
ybiY_ybiW_predicted,2.0,10,3,TCAAATCAGTCTCTGCCTTT,7,4695091
ybiY_ybiW_predicted,2.0,10,3,TATGTAAACATACTAGGTGT,7,4724116
ybiY_ybiW_predicted,3.5,16,3,TATCGTGAGCTATTTGCAAT,13,4704973
ybiY_ybiW_predicted,1.25,7,3,TATAGTCTACTATAGCGGCA,4,4718177
ybiY_ybiW_predicted,1.25,7,3,TAGTGGATAGCCTGAAACAG,4,4689820
ybiY_ybiW_predicted,4.5,20,3,TAGGCTTGGAGCTCATCCAA,17,4703036
ybiY_ybiW_predicted,6.75,29,3,TAGGCTCACGGCTACGGGGA,26,4699748
ybiY_ybiW_predicted,3.0,14,3,TACTTGCAAGGCCTTGGGAA,11,4691479
ybiY_ybiW_predicted,1.25,7,3,TACTTATGCAGAACTGCGCA,4,4694232
ybiY_ybiW_predicted,1.5,8,3,TACGGAATCTGTAGTACTAA,5,4716411
ybiY_ybiW_predicted,1.0,6,3,TACGCTTTTGGCTTACACCT,3,4726535
ybiY_ybiW_predicted,1.75,9,3,TACCCCCGGAGATTGGCTAT,6,4693167
ybiY_ybiW_predicted,6.0,26,3,TACACTGTCTTTACTCCGAG,23,4721303
ybiY_ybiW_predicted,0.5,4,3,TACACTGGGAGAGCCAATCG,1,4728894
ybiY_ybiW_predicted,23.5,96,3,TACAATACAGGCTAAAACGC,93,4726146
ybiY_ybiW_predicted,0.5,4,3,TAATCGCCTAGATCCAACAA,1,4701262
ybiY_ybiW_predicted,0.75,5,3,TAATAAACACACTAACTTGC,2,4728982
ybiY_ybiW_predicted,1.5,8,3,TAAGGGGTCTACCCATCGTA,5,4695248
ybiY_ybiW_predicted,2.0,10,3,TAAGGAAGCCCTAAGTTCGC,7,4730774
ybiY_ybiW_predicted,1.0,6,3,TAAGCGTGTGCTCCGATTTC,3,4690020
ybiY_ybiW_predicted,1.25,7,3,TAACACACCCAAGGCACTGG,4,4721564
ybiY_ybiW_predicted,1.25,7,3,TAAATCTAGTAGACCCAATG,4,4725848
ybiY_ybiW_predicted,2.75,13,3,TAAAGTTTGCGCTAACAATC,10,4724089
ybiY_ybiW_predicted,7.0,30,3,TAAAGTCATTGGCTCCAATT,27,4711463
ybiY_ybiW_predicted,0.5,4,3,TAAAGGCTCGAAATCTGGAT,1,4719344
ybiY_ybiW_predicted,2.25,11,3,GTTTGTAGTCTTGCCTACCT,8,4707944
ybiY_ybiW_predicted,47.5,192,3,GTTTGCGCTTTATGTCAACA,189,4707611
ybiY_ybiW_predicted,1.5,8,3,GTTTCTTCGGGGTGACGGTA,5,4721676
ybiY_ybiW_predicted,0.5,4,3,GTTGTCGCCCGCTGAGGAGT,1,4705617
ybiY_ybiW_predicted,14.0,58,3,GTTGGAGGCTGGCCGGTAAT,55,4695524
ybiY_ybiW_predicted,29.0,118,3,GTTGCGCAAGACCGCTCTAC,115,4709931
ybiY_ybiW_predicted,1.5,8,3,GTTCTTCTTCCTATTGTTGC,5,4717117
ybiY_ybiW_predicted,0.75,5,3,GTTCTAGACGCCAGCCCGCT,2,4698219
ybiY_ybiW_predicted,2.5,12,3,GTTCTACAAGAGAGGTAGGT,9,4699476
ybiY_ybiW_predicted,1.0,6,3,GTTCGTGACAACCTGCGAGT,3,4692648
ybiY_ybiW_predicted,0.5,4,3,GTTCGCCTCCAGTATTTTTA,1,4689334
ybiY_ybiW_predicted,3.75,17,3,GTTCACGCCAGGGGAGTTGA,14,4703306
ybiY_ybiW_predicted,4.75,21,3,GTTATTACACATGTTTGTAT,18,4729517
ybiY_ybiW_predicted,1.5,8,3,GTTACGGGGGGACATTGTAT,5,4705631
ybiY_ybiW_predicted,1.5,8,3,GTTAACAACGTTTCGCCCCT,5,4696248
ybiY_ybiW_predicted,5.0,22,3,GTGTTTAAAAGTTCCTGCAT,19,4720829
ybiY_ybiW_predicted,1.0,6,3,GTGTCTTGGATGCACAATCC,3,4709479
ybiY_ybiW_predicted,1.25,7,3,GTGTCATAGCCACTCGAGCA,4,4711597
ybiY_ybiW_predicted,5.25,23,3,GTGTACCGTGGCCTTCGCCC,20,4690256
ybiY_ybiW_predicted,1.25,7,3,GTGGACTGTAAAGTTATGAA,4,4700971
ybiY_ybiW_predicted,2.25,11,3,GTGCTTACCCACGGCGATTA,8,4710699
ybiY_ybiW_predicted,1.5,8,3,GTGCTCCACGTGAAGCCTAC,5,4729753
ybiY_ybiW_predicted,0.75,5,3,GTGCTAATATTGGATCGCCC,2,4729219
ybiY_ybiW_predicted,2.0,10,3,GTGCGGGCTTGGAGCCGTAT,7,4713164
ybiY_ybiW_predicted,3.25,15,3,GTGCCGCCCGTTCAGCTAAA,12,4712485
ybiY_ybiW_predicted,1.0,6,3,GTCTGGGATTGCGCCTGTGG,3,4715775
ybiY_ybiW_predicted,2.0,10,3,GTCGTCCGCGAAAAGGTTTA,7,4690158
ybiY_ybiW_predicted,2.0,10,3,GTCCACTCCAAGCATGTTCT,7,4702203
ybiY_ybiW_predicted,5.25,23,3,GTCATTGGTCTGGAAGCGTA,20,4715147
ybiY_ybiW_predicted,1.5,8,3,GTATTCACGAAATCTTCAGA,5,4723735
ybiY_ybiW_predicted,0.75,5,3,GTATACCGCCGATCCACGAA,2,4722936
ybiY_ybiW_predicted,1.25,7,3,GTACTTGGCGGTGCTCCGAG,4,4704458
ybiY_ybiW_predicted,3.0,14,3,GTAAAGCCGCATCCACCTAA,11,4692271
ybiY_ybiW_predicted,2.5,12,3,GTAAAGATCTGATACCGTTA,9,4701394
ybiY_ybiW_predicted,1.5,8,3,GGTGCGTGATCGCGGGACCT,5,4694083
ybiY_ybiW_predicted,4.75,21,3,GGTGATGAAATGCACAAAAT,18,4694477
ybiY_ybiW_predicted,1.75,9,3,GGTGAACCTTCCTTGTTTTG,6,4718376
ybiY_ybiW_predicted,2.25,11,3,GGTCGTGTCAGCCTTGGATT,8,4727531
ybiY_ybiW_predicted,3.0,14,3,GGTCGTGTATTTGTACGAAC,11,4713597
ybiY_ybiW_predicted,0.5,4,3,GGTCGCCAGGGTCGTACGGG,1,4689214
ybiY_ybiW_predicted,25.75,105,3,GGTCACCCCCGAGGTAGGGG,102,4690619
ybiY_ybiW_predicted,1.75,9,3,GGTCACAAAGCGACGCATGT,6,4705857
ybiY_ybiW_predicted,1.5,8,3,GGTATTGTTCATGGATAGTG,5,4705740
ybiY_ybiW_predicted,2.5,12,3,GGGTGCGGTGTTGTTCTAGG,9,4703552
ybiY_ybiW_predicted,1.25,7,3,GGGTGATCGATCAGTAGATG,4,4705693
ybiY_ybiW_predicted,0.5,4,3,GGGGTACGGACCGTCCGTCG,1,4726300
ybiY_ybiW_predicted,2.75,13,3,GGGGGGTGCGGGTTAATCGA,10,4706601
ybiY_ybiW_predicted,3.25,15,3,GGGGGCCGTAGATCGAGAAG,12,4719374
ybiY_ybiW_predicted,3.0,14,3,GGGGCGGATTACCGGTAAGG,11,4714453
ybiY_ybiW_predicted,1.75,9,3,GGGAGTTTAACAACATCAAT,6,4698283
ybiY_ybiW_predicted,36.5,148,3,GGGAAAATTATGTGGGAGCA,145,4710909
ybiY_ybiW_predicted,2.0,10,3,GGCTGGCCTCAGTTGAAGGT,7,4708424
ybiY_ybiW_predicted,0.75,5,3,GGCTCAGACATCTCCGGTCC,2,4709480
ybiY_ybiW_predicted,1.75,9,3,GGCTATAATAAGCGATGATC,6,4726015
ybiY_ybiW_predicted,2.5,12,3,GGCTACAATCACTTAGTAGG,9,4699574
ybiY_ybiW_predicted,2.25,11,3,GGCGAGTACTGAATGGGAGG,8,4710299
ybiY_ybiW_predicted,0.5,4,3,GGCCCGAATGTAGGCAAAGG,1,4714485
ybiY_ybiW_predicted,2.5,12,3,GGCCCAACAAGTGAGTGATT,9,4696161
ybiY_ybiW_predicted,1.5,8,3,GGCCATAGCCTGGGGGGTAC,5,4729200
ybiY_ybiW_predicted,0.75,5,3,GGCCAACTCGTGCAAGCTGG,2,4707968
ybiY_ybiW_predicted,1.5,8,3,GGATGTATCGGGTCTGCGGA,5,4724916
ybiY_ybiW_predicted,21.75,89,3,GGAGGGTGGCGAGGGGAATG,86,4721021
ybiY_ybiW_predicted,2.0,10,3,GGAGGACAGCTCGTTATCGC,7,4711464
ybiY_ybiW_predicted,1.5,8,3,GGAGATGTTTGCCCTTGGTA,5,4726381
ybiY_ybiW_predicted,1.75,9,3,GGACTAGAGGTGTGTATCAC,6,4716509
ybiY_ybiW_predicted,0.5,4,3,GGACGCACGCCGTGGACTTT,1,4696723
ybiY_ybiW_predicted,3.25,15,3,GGAATACTCGGCCCGTTGTG,12,4695766
ybiY_ybiW_predicted,0.5,4,3,GGAAGGGTTTGCCTGAAGTA,1,4730428
ybiY_ybiW_predicted,4.5,20,3,GCTCTTAAACTGGCTCTCAT,17,4713989
ybiY_ybiW_predicted,2.75,13,3,GCTCTGATGTAACCACATCT,10,4724276
ybiY_ybiW_predicted,0.5,4,3,GCTATGGACTGACCGTGTTT,1,4726314
ybiY_ybiW_predicted,2.0,10,3,GCGTAACCGGTCGGTTAAAG,7,4699623
ybiY_ybiW_predicted,2.25,11,3,GCGGTTTATCAGCGCTCCTT,8,4720395
ybiY_ybiW_predicted,1.25,7,3,GCGGCCGGCATGCAATGTTA,4,4725971
ybiY_ybiW_predicted,1.25,7,3,GCGGCAAATCATGGCCCGAT,4,4726919
ybiY_ybiW_predicted,23.75,97,3,GCGCTAGGATTGGCGTCAAA,94,4710913
ybiY_ybiW_predicted,1.0,6,3,GCGCGGGCGCCCTTTACCCT,3,4722237
ybiY_ybiW_predicted,1.0,6,3,GCGATCACTTATAGTGGGCA,3,4727083
ybiY_ybiW_predicted,1.5,8,3,GCGAGATGAGCAGCAACCCT,5,4688711
ybiY_ybiW_predicted,1.5,8,3,GCCTCGGTTACCTACTCTAC,5,4718931
ybiY_ybiW_predicted,28.25,115,3,GCCTACAAGTGCTGTGGCTT,112,4710910
ybiY_ybiW_predicted,0.75,5,3,GCCGTGTATGCCTTAAAGGG,2,4712298
ybiY_ybiW_predicted,1.0,6,3,GCCGAACCCAACTGGGGTAG,3,4700158
ybiY_ybiW_predicted,2.75,13,3,GCCGAAAAAGTGAAACAATT,10,4714973
ybiY_ybiW_predicted,1.25,7,3,GCCCTTTCTTTGTCGGCCAA,4,4713731
ybiY_ybiW_predicted,11.25,47,3,GCCCGATTCCGTAGAAGACA,44,4730571
ybiY_ybiW_predicted,0.75,5,3,GCCACTGCGACTTGGCGGGT,2,4709834
ybiY_ybiW_predicted,0.75,5,3,GCCACCTCCAGTGACTAGGG,2,4697279
ybiY_ybiW_predicted,1.25,7,3,GCATTAAACTGCTATACTGT,4,4705379
ybiY_ybiW_predicted,1.25,7,3,GCATGGTGCTTCTAGATGCC,4,4711503
ybiY_ybiW_predicted,1.25,7,3,GCAGCTTCTCCATCAATTTA,4,4708109
ybiY_ybiW_predicted,1.75,9,3,GCAGATGCTTCTCTCTCAAT,6,4703257
ybiY_ybiW_predicted,1.0,6,3,GCACCCTATGCCACAAGTCT,3,4714179
ybiY_ybiW_predicted,4.0,18,3,GCAATACCATGGCATGCAGC,15,4699434
ybiY_ybiW_predicted,2.25,11,3,GCAAGGCTATCCTGCTTTAT,8,4729385
ybiY_ybiW_predicted,0.75,5,3,GCAAGATCGTCTCCGATCGA,2,4696049
ybiY_ybiW_predicted,1.25,7,3,GCAAAGTGACCCTTGTGGAC,4,4702171
ybiY_ybiW_predicted,1.25,7,3,GATTACGAGCGTTTTCGTTA,4,4691642
ybiY_ybiW_predicted,3.25,15,3,GATGTCCGACGGGTGTAATC,12,4717330
ybiY_ybiW_predicted,2.75,13,3,GATGTCAATACAACTCAACA,10,4720683
ybiY_ybiW_predicted,4.5,20,3,GATGCGTTCCAGCGTCGCGT,17,4720386
ybiY_ybiW_predicted,2.0,10,3,GATCTACCAGCACAAATCGA,7,4724480
ybiY_ybiW_predicted,0.75,5,3,GATCGAAAGAGGTGAGGTGT,2,4710451
ybiY_ybiW_predicted,2.25,11,3,GATATGCGACTTCTCATGGT,8,4722706
ybiY_ybiW_predicted,0.5,4,3,GATATCTTGAGCTTTCAGTG,1,4708504
ybiY_ybiW_predicted,50.5,204,3,GATACGAATTCGTCAGTGAT,201,4710907
ybiY_ybiW_predicted,0.5,4,3,GATAAGGTTGAATTTAGTGG,1,4711883
ybiY_ybiW_predicted,2.0,10,3,GAGGTTGATTTGTCACAGCC,7,4697209
ybiY_ybiW_predicted,2.75,13,3,GAGGCGTGCATGAGCACGCG,10,4708716
ybiY_ybiW_predicted,3.25,15,3,GAGCGCGAGAGAAGGGCAGG,12,4712742
ybiY_ybiW_predicted,3.25,15,3,GAGCAAAATTAGAATCGTAT,12,4701156
ybiY_ybiW_predicted,0.75,5,3,GAGATTACTTCGCACTCCTT,2,4694746
ybiY_ybiW_predicted,18.75,77,3,GAGATCCTTGAAGTTACATC,74,4699179
ybiY_ybiW_predicted,17.5,72,3,GAGATCCTTATTGAAACCAC,69,4721034
ybiY_ybiW_predicted,1.5,8,3,GAGACACTCTTTAAGGGCGG,5,4692605
ybiY_ybiW_predicted,4.5,20,3,GAGACAAAATGGTCTCAACT,17,4709892
ybiY_ybiW_predicted,3.25,15,3,GAGAAACGGCCAGACAACTT,12,4722123
ybiY_ybiW_predicted,4.25,19,3,GACTTTACCATAGGCCCCTT,16,4716013
ybiY_ybiW_predicted,15.75,65,3,GACTCTTTCGGGAGCCAGTA,62,4709042
ybiY_ybiW_predicted,4.5,20,3,GACTCATTAGAGTTCCGGTT,17,4730089
ybiY_ybiW_predicted,4.5,20,3,GACGTGAATATCTGGCCAGA,17,4720509
ybiY_ybiW_predicted,2.5,12,3,GACGAGTTGATTCGTTGCTA,9,4728525
ybiY_ybiW_predicted,1.0,6,3,GACCTTACAGCTTGTGATCG,3,4726903
ybiY_ybiW_predicted,1.5,8,3,GACCGAGGGCTTCGGAGAGG,5,4697259
ybiY_ybiW_predicted,2.25,11,3,GACACAGTGGGTCTCACCGT,8,4703913
ybiY_ybiW_predicted,10.0,42,3,GACAACCCGCTGCAAAGTGT,39,4690813
ybiY_ybiW_predicted,2.25,11,3,GAATTGTCTGAGAGGATAAC,8,4698051
ybiY_ybiW_predicted,5.5,24,3,GAAGGTTTAGACAAGTCACC,21,4708466
ybiY_ybiW_predicted,4.75,21,3,GAACTTCTCTTTTAAGCACG,18,4705895
ybiY_ybiW_predicted,5.0,22,3,GAACAGAGTAATTAATTCCT,19,4723756
ybiY_ybiW_predicted,3.0,14,3,GAAACGTTCTACCGGTCTAT,11,4713785
ybiY_ybiW_predicted,1.0,6,3,CTTTGGTCGGTGTGCCCGAA,3,4719617
ybiY_ybiW_predicted,4.75,21,3,CTTTGCCACGATCGAAACAT,18,4732277
ybiY_ybiW_predicted,1.25,7,3,CTTTAGGTCAACAAAAGAGA,4,4701853
ybiY_ybiW_predicted,1.75,9,3,CTTTAGCGGGGCAAAGACTT,6,4707729
ybiY_ybiW_predicted,2.0,10,3,CTTTACTACATGCTTGGCCC,7,4729906
ybiY_ybiW_predicted,0.75,5,3,CTTGTTGGCCCGCCCTCTTC,2,4715074
ybiY_ybiW_predicted,1.75,9,3,CTTGTAGTTACGAGGCTAGA,6,4727968
ybiY_ybiW_predicted,11.5,48,3,CTTGCAACTGTAGGTCTCTA,45,4728318
ybiY_ybiW_predicted,25.25,103,3,CTTCTGGGACGGAACGCAAT,100,4697288
ybiY_ybiW_predicted,9.75,41,3,CTTCTAGTGAAGGTATGTAG,38,4724734
ybiY_ybiW_predicted,1.5,8,3,CTTCGATAGTTTACATCGGT,5,4694029
ybiY_ybiW_predicted,1.5,8,3,CTTCCAATATTCCGCTACAG,5,4717494
ybiY_ybiW_predicted,1.5,8,3,CTTATGTTGCTCCGCAAGAC,5,4709054
ybiY_ybiW_predicted,4.75,21,3,CTTACCGGAGGAGCGATGCC,18,4709249
ybiY_ybiW_predicted,3.75,17,3,CTGGATGCAGATCCTTGGAC,14,4726739
ybiY_ybiW_predicted,1.75,9,3,CTGGATCGGGCCAACAGGAT,6,4730300
ybiY_ybiW_predicted,1.0,6,3,CTGGACGAAGGAAGAGAGTG,3,4709966
ybiY_ybiW_predicted,2.0,10,3,CTGCCTTAGTCACCATGTCA,7,4699233
ybiY_ybiW_predicted,1.75,9,3,CTGATTAATACACTGACGAG,6,4692442
ybiY_ybiW_predicted,1.25,7,3,CTGAGTCTATCAATGAAGAC,4,4725335
ybiY_ybiW_predicted,1.0,6,3,CTGAAATGAAGTCTCTTGTC,3,4718894
ybiY_ybiW_predicted,2.25,11,3,CTCTTCTGCTACATCTTTCA,8,4709182
ybiY_ybiW_predicted,2.75,13,3,CTCTCCGGCACGAGGGGAAT,10,4724100
ybiY_ybiW_predicted,0.5,4,3,CTCGAGTTGTAGCGTGAAAT,1,4718534
ybiY_ybiW_predicted,1.75,9,3,CTCCTTAACCTTCCGCGAGT,6,4695861
ybiY_ybiW_predicted,0.75,5,3,CTCCCGGAAACCCACCAATC,2,4731291
ybiY_ybiW_predicted,15.75,65,3,CTCCCAATGATGGAGAGTGG,62,4727633
ybiY_ybiW_predicted,5.5,24,3,CTCCACAACCCGACCTCAAC,21,4699751
ybiY_ybiW_predicted,1.5,8,3,CTATGCAGCAACTGTGGCAT,5,4731567
ybiY_ybiW_predicted,4.5,20,3,CTAGCCAGAATCTGAATGAA,17,4722200
ybiY_ybiW_predicted,1.5,8,3,CTAGACCGCTTAGTGCCATG,5,4702819
ybiY_ybiW_predicted,1.75,9,3,CTACATCGTGTGGACATATT,6,4729244
ybiY_ybiW_predicted,0.75,5,3,CTACATCCAAGGCAGACGCA,2,4724309
ybiY_ybiW_predicted,26.75,109,3,CTAATTGAAACAGTCTACAT,106,4700063
ybiY_ybiW_predicted,3.5,16,3,CTAACGGTTTGACACCTCCA,13,4692403
ybiY_ybiW_predicted,1.5,8,3,CGTTGGGGAACCGGGGGGCA,5,4728667
ybiY_ybiW_predicted,2.75,13,3,CGTTCATCGCTGCCTCGAAA,10,4692251
ybiY_ybiW_predicted,2.75,13,3,CGTGTATACAGAGCATTAAA,10,4706603
ybiY_ybiW_predicted,1.5,8,3,CGTGCGCTGTCGCCGTCCCA,5,4723239
ybiY_ybiW_predicted,1.25,7,3,CGTGAGGAGAGTGTCGTTAT,4,4694427
ybiY_ybiW_predicted,0.5,4,3,CGTCTCATCGGTAGCGCCGG,1,4723207
ybiY_ybiW_predicted,33.5,136,3,CGTCGCGTTATAAATGCTGA,133,4710904
ybiY_ybiW_predicted,1.5,8,3,CGTCCATATGAAGAGCGTGT,5,4716213
ybiY_ybiW_predicted,2.5,12,3,CGTATCTTCTCGTTCATACT,9,4694730
ybiY_ybiW_predicted,7.0,30,3,CGTAGTTTAAGCGCGCTGAC,27,4711380
ybiY_ybiW_predicted,3.0,14,3,CGTACACATTGTGAGAAGCA,11,4727428
ybiY_ybiW_predicted,5.75,25,3,CGGTTTAGCCCAGACGAGAC,22,4721196
ybiY_ybiW_predicted,0.5,4,3,CGGTCGTCTCCCACCCTCCC,1,4728885
ybiY_ybiW_predicted,3.5,16,3,CGGTCCCGCTCAATTAATAG,13,4690190
ybiY_ybiW_predicted,0.75,5,3,CGGTCACGCGAAGTATTCAA,2,4706064
ybiY_ybiW_predicted,3.5,16,3,CGGGTGTCCAACAATCCACA,13,4728139
ybiY_ybiW_predicted,1.25,7,3,CGGGACCACATTTAGTGTCT,4,4724237
ybiY_ybiW_predicted,2.25,11,3,CGGCTGTGTGGTACATTTAA,8,4720625
ybiY_ybiW_predicted,2.0,10,3,CGGACGTGACGGAAAGGCGG,7,4692263
ybiY_ybiW_predicted,0.5,4,3,CGCTCGGCCCATTACTACGA,1,4701316
ybiY_ybiW_predicted,0.75,5,3,CGCGCTATAAAAGGAGAGGA,2,4702826
ybiY_ybiW_predicted,1.25,7,3,CGCCCTCGATGCAACTACGT,4,4693364
ybiY_ybiW_predicted,2.75,13,3,CGCATGACAAAACAGGGCAA,10,4698665
ybiY_ybiW_predicted,1.75,9,3,CGCAACGGCTAATGAAACAA,6,4719017
ybiY_ybiW_predicted,1.0,6,3,CGATTTGTGGCAAGCCTATT,3,4692999
ybiY_ybiW_predicted,2.0,10,3,CGATTGCCGGGGTGCGGCGC,7,4690841
ybiY_ybiW_predicted,2.0,10,3,CGATGCGACAAATCATCCTG,7,4730091
ybiY_ybiW_predicted,1.75,9,3,CGATCGGACCGCAGCAGCCA,6,4720833
ybiY_ybiW_predicted,2.0,10,3,CGATATGGTTCTAGATTATA,7,4729643
ybiY_ybiW_predicted,15.5,64,3,CGATATAGTCAGTGCTAATG,61,4710731
ybiY_ybiW_predicted,1.75,9,3,CGAGGTCGTGCCAGATTCAC,6,4694228
ybiY_ybiW_predicted,1.0,6,3,CGAGGGCCTTGGAGCGCTTG,3,4700751
ybiY_ybiW_predicted,1.0,6,3,CGAGCGGCCTAGGGCATGAC,3,4698239
ybiY_ybiW_predicted,15.0,62,3,CGACCGATGGCGCATAGGGT,59,4728401
ybiY_ybiW_predicted,2.0,10,3,CGACACTATTATCCCATCGT,7,4718448
ybiY_ybiW_predicted,3.25,15,3,CGACAAGCCCATACATGGGT,12,4708334
ybiY_ybiW_predicted,4.0,18,3,CGAACTGTTTGAGTAGAGAA,15,4727272
ybiY_ybiW_predicted,1.5,8,3,CGAACGATAGAGCTATACCT,5,4731727
ybiY_ybiW_predicted,2.5,12,3,CCTTGACTCACTTACGTGCC,9,4720063
ybiY_ybiW_predicted,2.75,13,3,CCTTCGTTCCCTATCTGTTT,10,4701517
ybiY_ybiW_predicted,1.75,9,3,CCTTAGGTTTTTGAAAGACG,6,4716581
ybiY_ybiW_predicted,4.0,18,3,CCTGTAATCCACTGACTATA,15,4729861
ybiY_ybiW_predicted,3.5,16,3,CCTGGAAATGCAGGATAGCC,13,4707996
ybiY_ybiW_predicted,1.25,7,3,CCTCCTAAGATAAGGCTGTA,4,4720681
ybiY_ybiW_predicted,5.0,22,3,CCTCCCGGTCACAGAGGGGG,19,4699210
ybiY_ybiW_predicted,3.0,14,3,CCTCCCCGCCTCGCCTTGGT,11,4688955
ybiY_ybiW_predicted,1.75,9,3,CCTACTTTAGCATACGAGTC,6,4715434
ybiY_ybiW_predicted,3.75,17,3,CCTACAGTACTGACAATGGC,14,4722296
ybiY_ybiW_predicted,1.5,8,3,CCTAAGCCGCCAGGAGTACC,5,4732298
ybiY_ybiW_predicted,5.25,23,3,CCTAAATTCGCCAATCAACT,20,4698321
ybiY_ybiW_predicted,1.5,8,3,CCGGGGTCCAGCGCTTCCAA,5,4694300
ybiY_ybiW_predicted,0.75,5,3,CCGGGGGTACCGTTTATGCA,2,4707410
ybiY_ybiW_predicted,1.25,7,3,CCGACATATCCAGAATGTAT,4,4698427
ybiY_ybiW_predicted,4.0,18,3,CCCTGCTATAGTTCTGCATA,15,4725648
ybiY_ybiW_predicted,4.5,20,3,CCCTCGTGCCTCATTACCAA,17,4701198
ybiY_ybiW_predicted,2.5,12,3,CCCTAGAGGAGATGAAACGT,9,4718883
ybiY_ybiW_predicted,2.25,11,3,CCCTAATAGGGTGCAGCGGC,8,4695893
ybiY_ybiW_predicted,1.75,9,3,CCCGCTGGACGTCCAAGTAC,6,4709397
ybiY_ybiW_predicted,1.5,8,3,CCCGCCCTGTTATTCGTCGC,5,4718818
ybiY_ybiW_predicted,0.75,5,3,CCCCTCTTAGCAAAAAGCTG,2,4729056
ybiY_ybiW_predicted,0.75,5,3,CCATTCGAAACGGAGATCCG,2,4689475
ybiY_ybiW_predicted,1.0,6,3,CCATATGCTTCCATGCCGCT,3,4702896
ybiY_ybiW_predicted,3.25,15,3,CCAGCCATTAAATATAGTCA,12,4702673
ybiY_ybiW_predicted,1.5,8,3,CCACGGCATCCATAAGATAG,5,4701052
ybiY_ybiW_predicted,4.5,20,3,CCACGCCTAAACGGTTGCGT,17,4720382
ybiY_ybiW_predicted,9.5,40,3,CCACCCTGTCTGGAGTATGC,37,4716236
ybiY_ybiW_predicted,1.25,7,3,CCACACGAAGTTCTCCAACC,4,4727433
ybiY_ybiW_predicted,1.75,9,3,CATGTACTTTTCTGTTCTTT,6,4703784
ybiY_ybiW_predicted,6.0,26,3,CATCTGGCAATGCCTTCGAA,23,4709375
ybiY_ybiW_predicted,3.5,16,3,CATCAGAGTCCTCAATTACT,13,4721184
ybiY_ybiW_predicted,3.25,15,3,CATCAGAGTAGGCGCTTGCT,12,4721685
ybiY_ybiW_predicted,2.5,12,3,CAGTCGGTCAGTTCTGGAAA,9,4702423
ybiY_ybiW_predicted,4.25,19,3,CAGGTCCCCCGGATACCCGA,16,4727106
ybiY_ybiW_predicted,3.0,14,3,CAGGTCCACGGTGGACTAAA,11,4718660
ybiY_ybiW_predicted,12.25,51,3,CAGGTATGATCTCATACTTG,48,4723011
ybiY_ybiW_predicted,1.5,8,3,CAGGGGTACGCCGCCTCAGG,5,4730842
ybiY_ybiW_predicted,1.5,8,3,CAGGCTATATTATCACAGCC,5,4727888
ybiY_ybiW_predicted,1.75,9,3,CAGGCGGGCTCGAGCTCGAG,6,4729516
ybiY_ybiW_predicted,1.25,7,3,CAGGATGGTCAGCAGAGAGC,4,4697013
ybiY_ybiW_predicted,0.75,5,3,CAGCGCAAGTAAAGACGTCG,2,4732096
ybiY_ybiW_predicted,1.0,6,3,CAGCCCGGGATAGGTATGGC,3,4725819
ybiY_ybiW_predicted,1.0,6,3,CAGCAGGAGCCAAATTCGCC,3,4695882
ybiY_ybiW_predicted,4.0,18,3,CACTCGAGAACCTAGGCAAC,15,4695904
ybiY_ybiW_predicted,4.5,20,3,CACTCAGAGCCAGTAGGGTT,17,4700863
ybiY_ybiW_predicted,1.0,6,3,CACGTAGACATCCGACAGTC,3,4711583
ybiY_ybiW_predicted,1.25,7,3,CACACGATGACCCAGATTGC,4,4702316
ybiY_ybiW_predicted,3.75,17,3,CACACACCGTCGAAGTTGCC,14,4702996
ybiY_ybiW_predicted,1.0,6,3,CACAACTAGAATCATCCTTA,3,4713802
ybiY_ybiW_predicted,0.5,4,3,CAATCGGAATCCAGCATGAT,1,4716064
ybiY_ybiW_predicted,0.75,5,3,CAAGGGACGTGCTAATTTGA,2,4721660
ybiY_ybiW_predicted,7.5,32,3,CAAGCCTGCAGTTACGGCGC,29,4692844
ybiY_ybiW_predicted,0.5,4,3,CAACGTCATTGTGGTGGTGT,1,4714615
ybiY_ybiW_predicted,2.0,10,3,CAAATAGAGCGTCCTATGTA,7,4707791
ybiY_ybiW_predicted,1.0,6,3,ATTTTTGCGCCTACCCATGG,3,4695588
ybiY_ybiW_predicted,4.5,20,3,ATTTCACACACAGACCACTG,17,4700996
ybiY_ybiW_predicted,1.0,6,3,ATTTACGATTCGTAAATAGA,3,4700530
ybiY_ybiW_predicted,4.0,18,3,ATTGACTCACGCTCAATTGA,15,4705159
ybiY_ybiW_predicted,2.0,10,3,ATTGACCTCTTTAGAACGGA,7,4722081
ybiY_ybiW_predicted,13.0,54,3,ATTCTCGGCGGCTAGATTAG,51,4728398
ybiY_ybiW_predicted,0.5,4,3,ATTCTAGTTGCATTACACCG,1,4716598
ybiY_ybiW_predicted,1.25,7,3,ATTCCCAAGCTGGGAGGACC,4,4701702
ybiY_ybiW_predicted,2.0,10,3,ATTAGTGTGCAGCGGGTGAA,7,4703992
ybiY_ybiW_predicted,1.75,9,3,ATTAACAAGCAGCGAACCCG,6,4725365
ybiY_ybiW_predicted,0.75,5,3,ATTAAACAATGGCTCCTGTT,2,4732031
ybiY_ybiW_predicted,1.0,6,3,ATGTTACGCGCATAGATTGA,3,4718905
ybiY_ybiW_predicted,3.25,15,3,ATGTGACGATGTGTTTCTGT,12,4729355
ybiY_ybiW_predicted,4.25,19,3,ATGGGCCTGTATGTCAGCTA,16,4690980
ybiY_ybiW_predicted,0.75,5,3,ATGGACCGATATCCTCTCTT,2,4689362
ybiY_ybiW_predicted,3.5,16,3,ATGCCTTCCATTCAGAGGGG,13,4704183
ybiY_ybiW_predicted,6.25,27,3,ATGCCTAATCTATGAAAGGG,24,4723514
ybiY_ybiW_predicted,3.5,16,3,ATGCCGGGTGACTCCATTAG,13,4690504
ybiY_ybiW_predicted,0.75,5,3,ATGCACCTATTGTTGGTCCA,2,4696765
ybiY_ybiW_predicted,2.0,10,3,ATGATTGTCATGAGTCCATA,7,4710433
ybiY_ybiW_predicted,2.0,10,3,ATGAACTGCTAACCTGCCGT,7,4702546
ybiY_ybiW_predicted,0.75,5,3,ATCTAGTTGACTTAATTTTT,2,4717022
ybiY_ybiW_predicted,0.75,5,3,ATCTAAGCTTTCGCTTCCAC,2,4724439
ybiY_ybiW_predicted,4.75,21,3,ATCGAGTCAACCATCTGTCC,18,4705623
ybiY_ybiW_predicted,0.5,4,3,ATCATCGTAAGACGCCGCCA,1,4697697
ybiY_ybiW_predicted,1.0,6,3,ATATTCACTCAGCTCACCAG,3,4690622
ybiY_ybiW_predicted,1.5,8,3,ATAGTTTAGTGCTCGATCAG,5,4719882
ybiY_ybiW_predicted,1.25,7,3,ATAGCGAATGTTCCAGGAAT,4,4730084
ybiY_ybiW_predicted,10.0,42,3,ATAGCCATCGTTAGATAGAC,39,4706783
ybiY_ybiW_predicted,2.25,11,3,ATACTCCGAATCGGGTCCCA,8,4729703
ybiY_ybiW_predicted,4.75,21,3,ATACGGGCAGTTTTTGGATG,18,4690201
ybiY_ybiW_predicted,2.5,12,3,ATAATTCTATCATGATGCGG,9,4695220
ybiY_ybiW_predicted,1.0,6,3,AGTTCAAGTTTGCGCGTTTT,3,4717962
ybiY_ybiW_predicted,2.5,12,3,AGTTAGGCGAACAGATTGTT,9,4695497
ybiY_ybiW_predicted,0.5,4,3,AGTCGGAACAGGCACCTCAT,1,4695849
ybiY_ybiW_predicted,1.5,8,3,AGTCCTTGCCCGCTAGTCGG,5,4720987
ybiY_ybiW_predicted,1.25,7,3,AGTCCGTAACAATAGGGATC,4,4714802
ybiY_ybiW_predicted,1.0,6,3,AGTCAGCTCCTGTCTATACG,3,4714065
ybiY_ybiW_predicted,3.75,17,3,AGTATCGGGGTCGCTTGGTA,14,4707800
ybiY_ybiW_predicted,0.75,5,3,AGGTTAGCCGACGGGCTAAG,2,4703598
ybiY_ybiW_predicted,4.5,20,3,AGGTGGTACGAGCGGAGCCC,17,4710795
ybiY_ybiW_predicted,3.75,17,3,AGGTCCCGCCGGCTCTATGT,14,4702992
ybiY_ybiW_predicted,1.5,8,3,AGGGGGGTTCGGAAAACGGT,5,4724136
ybiY_ybiW_predicted,2.0,10,3,AGGGGGCAACGGTTATAGTT,7,4700773
ybiY_ybiW_predicted,1.0,6,3,AGGGAGGAGTCCTAGACTTA,3,4696746
ybiY_ybiW_predicted,2.25,11,3,AGGGAATTGTTAGTCATCCA,8,4707781
ybiY_ybiW_predicted,2.25,11,3,AGGCCATGATGACAGTTTTT,8,4693300
ybiY_ybiW_predicted,2.25,11,3,AGGAAGCTTGGACCGAAACC,8,4697171
ybiY_ybiW_predicted,2.25,11,3,AGCTTCTGGATCGGATGTTG,8,4693997
ybiY_ybiW_predicted,1.5,8,3,AGCGTTCGGGTATGATATCT,5,4714914
ybiY_ybiW_predicted,4.0,18,3,AGCCTATGGAAGGGCTTAAA,15,4690211
ybiY_ybiW_predicted,2.25,11,3,AGCCGCTACGGTAGCGCAGG,8,4706214
ybiY_ybiW_predicted,0.75,5,3,AGCATAGGGTTTCGGTGGGT,2,4726497
ybiY_ybiW_predicted,2.25,11,3,AGCAAAGCACGCGTCCAGTT,8,4708057
ybiY_ybiW_predicted,2.0,10,3,AGATTTGCAACTGGATTGTA,7,4708465
ybiY_ybiW_predicted,1.0,6,3,AGAGACCGATCATCTTGGTA,3,4712819
ybiY_ybiW_predicted,1.25,7,3,AGACTGCATTTCCTGGACTA,4,4704195
ybiY_ybiW_predicted,3.75,17,3,AGACTAAGGGTATGACAACA,14,4701697
ybiY_ybiW_predicted,1.0,6,3,AGACGTGCTTTATTGGCATT,3,4712446
ybiY_ybiW_predicted,1.5,8,3,AGAATGAAAGAGAGCAGTGT,5,4703731
ybiY_ybiW_predicted,2.25,11,3,AGAAACATACGCATAAAGGT,8,4691201
ybiY_ybiW_predicted,2.0,10,3,ACTTTGGATGGCTGGTGTCC,7,4690202
ybiY_ybiW_predicted,7.75,33,3,ACTTTAATTCACGTCATCTC,30,4708422
ybiY_ybiW_predicted,0.5,4,3,ACTTCCCACTCCACCTGATC,1,4706512
ybiY_ybiW_predicted,2.0,10,3,ACTAGGAAGCCCGTCGCACA,7,4727004
ybiY_ybiW_predicted,2.0,10,3,ACTAGCTGGTGGGTGCAGTC,7,4717562
ybiY_ybiW_predicted,2.75,13,3,ACTAGCCTCTAGATGAAGCG,10,4718146
ybiY_ybiW_predicted,1.5,8,3,ACTAGATTCGAATCTTATAC,5,4701092
ybiY_ybiW_predicted,0.5,4,3,ACGTAGTGGGTTTCTCGTTC,1,4731660
ybiY_ybiW_predicted,11.0,46,3,ACGGTTGGGACTACCCCGCT,43,4699194
ybiY_ybiW_predicted,10.0,42,3,ACGGTAAACTGGTATCGGGT,39,4727650
ybiY_ybiW_predicted,1.25,7,3,ACGGATGCACGGGGTAAGCC,4,4717817
ybiY_ybiW_predicted,3.75,17,3,ACGGAGCTTATTCTACCGGA,14,4698839
ybiY_ybiW_predicted,5.25,23,3,ACGGAACATCCAAGAATAGA,20,4702422
ybiY_ybiW_predicted,3.75,17,3,ACGCGTGGTGCGTGCGAACC,14,4690814
ybiY_ybiW_predicted,2.0,10,3,ACGCATATAGAACTAATAAC,7,4719154
ybiY_ybiW_predicted,4.5,20,3,ACGATGACGTTTCAGAAATA,17,4719980
ybiY_ybiW_predicted,2.25,11,3,ACGAGTCGTGGACACAAAGT,8,4703382
ybiY_ybiW_predicted,1.25,7,3,ACGAGCTTGAGCTGGTTCTC,4,4725063
ybiY_ybiW_predicted,0.5,4,3,ACGACCCGTTGGCATCTGAC,1,4732025
ybiY_ybiW_predicted,1.5,8,3,ACCTGTTCACCGATGTTGAA,5,4700905
ybiY_ybiW_predicted,0.5,4,3,ACCTAGTTCTCTTGAGGACT,1,4690976
ybiY_ybiW_predicted,1.0,6,3,ACCGCCATCTGTCTCCACGA,3,4691380
ybiY_ybiW_predicted,3.25,15,3,ACCGCACTTGGCATACTCTA,12,4712048
ybiY_ybiW_predicted,1.0,6,3,ACCCAAAAGAACTGCTCAAT,3,4720478
ybiY_ybiW_predicted,0.75,5,3,ACCAGTCACTATTCCCAGTT,2,4711049
ybiY_ybiW_predicted,3.75,17,3,ACCAAGATCTGTGGTTGGTA,14,4714003
ybiY_ybiW_predicted,1.5,8,3,ACATGATGAATGGAGTGTCC,5,4717657
ybiY_ybiW_predicted,2.5,12,3,ACATAAGAGTGACTAAACGA,9,4710710
ybiY_ybiW_predicted,5.25,23,3,ACAGGTGATGAACTCGTTAT,20,4726409
ybiY_ybiW_predicted,1.75,9,3,ACAGCCTCCTTTCCACTTCT,6,4707932
ybiY_ybiW_predicted,5.75,25,3,ACAGAAACAGAGCGATTTAG,22,4702272
ybiY_ybiW_predicted,1.25,7,3,ACACTATGCCAAAGGTGCGG,4,4711819
ybiY_ybiW_predicted,0.5,4,3,ACACGTTGCCTGTTACTAGG,1,4695999
ybiY_ybiW_predicted,2.0,10,3,ACACGACGACTGATCGGGTT,7,4712351
ybiY_ybiW_predicted,2.5,12,3,ACACCGGAAGCCGTACTAAA,9,4689040
ybiY_ybiW_predicted,3.5,16,3,ACACCCTCGCGGCCATATCG,13,4708008
ybiY_ybiW_predicted,1.75,9,3,AATTGACCACTCCGGACAGG,6,4705506
ybiY_ybiW_predicted,7.0,30,3,AATTACACTCCTACAGGGTT,27,4698725
ybiY_ybiW_predicted,3.25,15,3,AATGGGGTTGTGTAATCGTA,12,4696658
ybiY_ybiW_predicted,2.75,13,3,AATCTGGCAGTTGCATCATC,10,4727502
ybiY_ybiW_predicted,1.5,8,3,AATCTCACGTCCGGTATGTC,5,4708183
ybiY_ybiW_predicted,19.75,81,3,AAGTCTGATTCGAGGACGAT,78,4722991
ybiY_ybiW_predicted,1.75,9,3,AAGTCGTGGGTCCCGGGCCG,6,4710408
ybiY_ybiW_predicted,2.0,10,3,AAGTAACTGCCCATGAAATC,7,4729142
ybiY_ybiW_predicted,4.5,20,3,AAGGTTGCAGTGCGCCCGCG,17,4692222
ybiY_ybiW_predicted,2.5,12,3,AAGGAACATCCAGTTGGTAA,9,4727392
ybiY_ybiW_predicted,0.75,5,3,AAGCTACCTGCACTTACGAT,2,4694771
ybiY_ybiW_predicted,1.25,7,3,AAGCGTCACTGGAGTCATTA,4,4704544
ybiY_ybiW_predicted,0.5,4,3,AAGAGTACGCAAGTTTAGCA,1,4716882
ybiY_ybiW_predicted,0.5,4,3,AACTCTAGTCAGGCGCCCCA,1,4718731
ybiY_ybiW_predicted,3.25,15,3,AACGCATTGTGAAGGCTGAG,12,4732544
ybiY_ybiW_predicted,2.5,12,3,AACATCAACGTCTCGAACCA,9,4703252
ybiY_ybiW_predicted,3.75,17,3,AACAGCGATACGTAAACCTC,14,4723921
ybiY_ybiW_predicted,3.25,15,3,AAATTCTGTATCACCCGTGT,12,4706089
ybiY_ybiW_predicted,2.5,12,3,AAATCGGTATGTACGTTAAG,9,4703125
ybiY_ybiW_predicted,0.75,5,3,AAATACGAGCCGAGCTTCTT,2,4712365
ybiY_ybiW_predicted,5.5,24,3,AAAGCTTCAGGTAAAGACCA,21,4727118
ybiY_ybiW_predicted,4.75,21,3,AAAGAATGGGGCTGAGCCAT,18,4701691
ybiY_ybiW_predicted,8.5,36,3,AAACTAGAGCTGTTGAGGGA,33,4710794
ybiY_ybiW_predicted,1.0,6,3,AAACGCGAAATTGGAGGTAG,3,4692993
ybiY_ybiW_predicted,1.5,8,3,AAACCTGCAAACTTGCAAAT,5,4689305
ybiY_ybiW_predicted,1.25,7,3,AAACCCGTGCCGTCAGCCGA,4,4719745
ybiY_ybiW_predicted,1.25,7,3,AAAATGGGGTAGGTCCAGGC,4,4696779
ybiY_ybiW_predicted,1.5,8,3,AAAAGGTGGATCGTTCACTA,5,4698616
ybiY_ybiW_predicted,2.0,10,3,AAAAAGTGGCACTGTTTGAT,7,4706104
ybiY_ybiW_predicted,4.666666666666667,15,2,TTTTGAGCAATCATTAATGC,13,4701433
ybiY_ybiW_predicted,2.3333333333333335,8,2,TTTTGACAGGACACATACGA,6,4705303
ybiY_ybiW_predicted,10.666666666666666,33,2,TTTTCTCGAGTGGATCTATT,31,4694595
ybiY_ybiW_predicted,7.333333333333333,23,2,TTTGGCCCACCCAACAATCT,21,4691425
ybiY_ybiW_predicted,8.333333333333334,26,2,TTTGAAACTGATACGGCAAA,24,4721233
ybiY_ybiW_predicted,1.6666666666666667,6,2,TTTCAGAAGCCGGACCGTCT,4,4713078
ybiY_ybiW_predicted,1.6666666666666667,6,2,TTTATCCATTTGAACGCTGT,4,4723710
ybiY_ybiW_predicted,2.0,7,2,TTTAGACACATTTCGAGTAA,5,4714420
ybiY_ybiW_predicted,1.0,4,2,TTTAATTATGTTCCTCGACT,2,4719176
ybiY_ybiW_predicted,0.6666666666666666,3,2,TTGGGTTTGCATTTGTCAAT,1,4706086
ybiY_ybiW_predicted,9.666666666666666,30,2,TTGGGTCAAGGCTGAGTAGG,28,4690812
ybiY_ybiW_predicted,5.0,16,2,TTGGGGGTACCCGATTCGTA,14,4713158
ybiY_ybiW_predicted,3.3333333333333335,11,2,TTGCTCGATCCCAATCCGGT,9,4725811
ybiY_ybiW_predicted,2.3333333333333335,8,2,TTGCATATACCTCCATCGTA,6,4701971
ybiY_ybiW_predicted,2.3333333333333335,8,2,TTGCAGAGGGTAAGAAAGGG,6,4727056
ybiY_ybiW_predicted,3.3333333333333335,11,2,TTGATCGTTAATACCCACTT,9,4720361
ybiY_ybiW_predicted,1.3333333333333333,5,2,TTGACGCCCCGAACTTCGAG,3,4732197
ybiY_ybiW_predicted,1.0,4,2,TTCTTTACTTCTTATAACAT,2,4711984
ybiY_ybiW_predicted,2.3333333333333335,8,2,TTCTTATGCAGCAAATATCT,6,4729511
ybiY_ybiW_predicted,7.666666666666667,24,2,TTCTTACAACTGACCATTTC,22,4722986
ybiY_ybiW_predicted,2.0,7,2,TTCTCTTGGCATTCACATAT,5,4700342
ybiY_ybiW_predicted,8.333333333333334,26,2,TTCGGTGTTAAATTGTAGCA,24,4694347
ybiY_ybiW_predicted,1.3333333333333333,5,2,TTCGATGGGACTGATAGCCA,3,4723694
ybiY_ybiW_predicted,4.333333333333333,14,2,TTCCTCGGAAAGCCCAACGT,12,4705904
ybiY_ybiW_predicted,1.6666666666666667,6,2,TTCCCGAACGCCCTGCGAGA,4,4720600
ybiY_ybiW_predicted,0.6666666666666666,3,2,TTCATTCTGTACCATTATGG,1,4730802
ybiY_ybiW_predicted,1.0,4,2,TTCAGTTACTCGACCAGGTT,2,4727317
ybiY_ybiW_predicted,2.0,7,2,TTCAGTGGTGTGAGACAATA,5,4712294
ybiY_ybiW_predicted,1.0,4,2,TTCAAATAATGGTGACCGAC,2,4714623
ybiY_ybiW_predicted,2.0,7,2,TTCAAAGCCGCGCAGCACCA,5,4717504
ybiY_ybiW_predicted,1.6666666666666667,6,2,TTATTAAATGAGTGTTGGTG,4,4723081
ybiY_ybiW_predicted,4.333333333333333,14,2,TTATGAGGCCCCCATAGTTA,12,4721318
ybiY_ybiW_predicted,2.6666666666666665,9,2,TTATGACTATGTGAGTCGGT,7,4689910
ybiY_ybiW_predicted,1.3333333333333333,5,2,TTAGGTTTTTGTAGTATCTG,3,4710363
ybiY_ybiW_predicted,1.0,4,2,TTAGGTGCTTGGTATATCGA,2,4706519
ybiY_ybiW_predicted,1.3333333333333333,5,2,TTAGCGGGCACACTCAATCC,3,4728383
ybiY_ybiW_predicted,8.666666666666666,27,2,TTAGATTCTCGGTCAGAAAC,25,4729426
ybiY_ybiW_predicted,1.3333333333333333,5,2,TTACCCTGGTAGAATTTGCT,3,4708517
ybiY_ybiW_predicted,4.0,13,2,TTAATACTACCTGTTCACGG,11,4701106
ybiY_ybiW_predicted,1.3333333333333333,5,2,TTAAGTAAGTCGTAGTGGTA,3,4714492
ybiY_ybiW_predicted,4.0,13,2,TGTTGATGAGTGCTTCGATA,11,4702231
ybiY_ybiW_predicted,0.6666666666666666,3,2,TGTTCATATAAAGCAGAAGG,1,4694719
ybiY_ybiW_predicted,2.6666666666666665,9,2,TGTGGGACGGCACGGTGTTA,7,4698654
ybiY_ybiW_predicted,2.3333333333333335,8,2,TGTCTGAGTCTACTTCACGT,6,4702519
ybiY_ybiW_predicted,2.3333333333333335,8,2,TGTCTCTCCGGGGGCTGCCG,6,4721829
ybiY_ybiW_predicted,2.0,7,2,TGTACTTTTGTTCGCGAATA,5,4711669
ybiY_ybiW_predicted,1.6666666666666667,6,2,TGGTTTATCGCCTTTCACAA,4,4713315
ybiY_ybiW_predicted,1.3333333333333333,5,2,TGGTTAGACGATTTGCACTA,3,4710844
ybiY_ybiW_predicted,1.0,4,2,TGGGTCCCCCCGTTAAGGAC,2,4703683
ybiY_ybiW_predicted,1.6666666666666667,6,2,TGGGGTACCTATTTCTTTAC,4,4728546
ybiY_ybiW_predicted,1.0,4,2,TGGGCTCGGGAATTGATCAA,2,4700689
ybiY_ybiW_predicted,6.0,19,2,TGGCGTGTATTAGCTCATCG,17,4694237
ybiY_ybiW_predicted,46.666666666666664,141,2,TGGCCTCTTACGTAAAATGG,139,4697283
ybiY_ybiW_predicted,16.333333333333332,50,2,TGGCCTACGGGTTGAGCTGA,48,4720385
ybiY_ybiW_predicted,0.6666666666666666,3,2,TGGCACCCTCGTATGATCCT,1,4701741
ybiY_ybiW_predicted,1.3333333333333333,5,2,TGCTCTCATTCTAACTTAAC,3,4707253
ybiY_ybiW_predicted,3.6666666666666665,12,2,TGCGTGGGATTCCTGTCCCG,10,4696627
ybiY_ybiW_predicted,2.0,7,2,TGCGAAGGGACAACGATCAA,5,4717688
ybiY_ybiW_predicted,2.6666666666666665,9,2,TGCCCGGGAAGTGGAGTTCT,7,4700925
ybiY_ybiW_predicted,7.0,22,2,TGCCCACGGACGGTGATCAC,20,4696883
ybiY_ybiW_predicted,2.6666666666666665,9,2,TGCCATTCCAATTCAGGTGC,7,4730652
ybiY_ybiW_predicted,3.6666666666666665,12,2,TGCCATATCGACCAGCGGCC,10,4720498
ybiY_ybiW_predicted,12.666666666666666,39,2,TGCAGGGGTCCCGCTATCCT,37,4711499
ybiY_ybiW_predicted,1.0,4,2,TGATCAGCTAAGAATAATGA,2,4725613
ybiY_ybiW_predicted,3.3333333333333335,11,2,TGATACGTCCGGCTCTCAGT,9,4696181
ybiY_ybiW_predicted,5.0,16,2,TGAGTCCAGTATCGCCAGGC,14,4693086
ybiY_ybiW_predicted,3.6666666666666665,12,2,TGACGGTTGTCCATGGACTT,10,4698331
ybiY_ybiW_predicted,3.0,10,2,TGACGGTAACACCTCGGACA,8,4714206
ybiY_ybiW_predicted,1.3333333333333333,5,2,TGAAGACATCACAATGCACA,3,4692505
ybiY_ybiW_predicted,2.3333333333333335,8,2,TCTTTCTACAGTATTATGGG,6,4692382
ybiY_ybiW_predicted,1.6666666666666667,6,2,TCTGTGATCTCCCGTGGAAA,4,4711753
ybiY_ybiW_predicted,1.3333333333333333,5,2,TCTGGAACGGGGTCATTAGC,3,4710630
ybiY_ybiW_predicted,2.0,7,2,TCTCTGTGATCCGCCTAATC,5,4723614
ybiY_ybiW_predicted,2.3333333333333335,8,2,TCTCTCGCACAGTTTATGGT,6,4693840
ybiY_ybiW_predicted,1.0,4,2,TCTCCAGGGATTTCCATGTT,2,4696946
ybiY_ybiW_predicted,1.6666666666666667,6,2,TCTCAAGACTTCTTCTGCGC,4,4714488
ybiY_ybiW_predicted,3.3333333333333335,11,2,TCTATCGATAACCCACGGAA,9,4688492
ybiY_ybiW_predicted,4.0,13,2,TCGTGGTCCGAAGTGATCGA,11,4708103
ybiY_ybiW_predicted,2.6666666666666665,9,2,TCGTCTGGAGTAAGTCAGTG,7,4718824
ybiY_ybiW_predicted,2.6666666666666665,9,2,TCGGGGACGCATAGCAGAAA,7,4700922
ybiY_ybiW_predicted,2.3333333333333335,8,2,TCGGCATCGGCAATGGTGCC,6,4700362
ybiY_ybiW_predicted,1.0,4,2,TCGGAGACAGCCAAGACAGC,2,4690007
ybiY_ybiW_predicted,2.3333333333333335,8,2,TCGCTATTGGGCTACGTAAC,6,4721298
ybiY_ybiW_predicted,3.6666666666666665,12,2,TCGCCCTAGTTTGTGTAGAA,10,4723587
ybiY_ybiW_predicted,2.6666666666666665,9,2,TCGCCCGTCGGAGGGAAAAA,7,4716190
ybiY_ybiW_predicted,3.0,10,2,TCGAGTGGGTTCCTATTTCA,8,4697290
ybiY_ybiW_predicted,9.0,28,2,TCCTGTGCCAACAACAATAT,26,4714686
ybiY_ybiW_predicted,2.3333333333333335,8,2,TCCTGGTAATGTTGTGATCA,6,4714729
ybiY_ybiW_predicted,1.6666666666666667,6,2,TCCTCGACTATTAATGTTGT,4,4699168
ybiY_ybiW_predicted,0.6666666666666666,3,2,TCCTCCACCGTTCAGGTAGT,1,4720839
ybiY_ybiW_predicted,3.6666666666666665,12,2,TCCGTCGTCGATCATCCCAA,10,4717904
ybiY_ybiW_predicted,4.666666666666667,15,2,TCCGGCAGGCGGGGCTAGGG,13,4708052
ybiY_ybiW_predicted,1.3333333333333333,5,2,TCCGATCCCTGAAGGAGAGT,3,4729810
ybiY_ybiW_predicted,1.6666666666666667,6,2,TCCCGTTCCTCATTCACCGA,4,4703279
ybiY_ybiW_predicted,5.0,16,2,TCCCGAATTCTCCGTGGACG,14,4717803
ybiY_ybiW_predicted,0.6666666666666666,3,2,TCCCCCTTCCTAGGTAAAAG,1,4722183
ybiY_ybiW_predicted,2.0,7,2,TCCCACGGACACCAGTTCAT,5,4700089
ybiY_ybiW_predicted,1.6666666666666667,6,2,TCCATCTCCCTATCGCTCGC,4,4726805
ybiY_ybiW_predicted,4.0,13,2,TCCAGCGGTAAGGCCGTATG,11,4696495
ybiY_ybiW_predicted,3.0,10,2,TCCACTTCGCAATACCGCTA,8,4701098
ybiY_ybiW_predicted,18.0,55,2,TCATTTACAAGAGCATGTGG,53,4710734
ybiY_ybiW_predicted,2.3333333333333335,8,2,TCATTAAGTTGTGGTCGAAG,6,4691811
ybiY_ybiW_predicted,6.0,19,2,TCATGTATCGGATTGCACTT,17,4702455
ybiY_ybiW_predicted,1.6666666666666667,6,2,TCAGGGGTCAGTGCCATGGT,4,4720676
ybiY_ybiW_predicted,2.0,7,2,TCAGCGGTCACTCCAGTCAG,5,4720010
ybiY_ybiW_predicted,3.6666666666666665,12,2,TCAGCAATGTATAAGAACGC,10,4694469
ybiY_ybiW_predicted,3.0,10,2,TCACTGTATGAGGTACAAGG,8,4713510
ybiY_ybiW_predicted,2.3333333333333335,8,2,TCACTAGACTTGCTTGAGTT,6,4696180
ybiY_ybiW_predicted,5.0,16,2,TCACCTGTAGCTCGAAAGCT,14,4688765
ybiY_ybiW_predicted,4.0,13,2,TCAATGATCTCGCACTTCCT,11,4715259
ybiY_ybiW_predicted,1.3333333333333333,5,2,TCAACAAAGATTCAATCCTT,3,4704924
ybiY_ybiW_predicted,0.6666666666666666,3,2,TCAAATCACGCGTCTTGCAA,1,4719950
ybiY_ybiW_predicted,21.666666666666668,66,2,TATTTTAATTCTCTTACAGG,64,4721989
ybiY_ybiW_predicted,1.6666666666666667,6,2,TATTGCCCGGTCATAAACGA,4,4717188
ybiY_ybiW_predicted,2.6666666666666665,9,2,TATTCGTGTCAGCCCGAGGA,7,4702619
ybiY_ybiW_predicted,2.3333333333333335,8,2,TATTCATATCACTGAGGTTT,6,4714285
ybiY_ybiW_predicted,1.6666666666666667,6,2,TATTATAGAGAAGAGGTCCT,4,4693793
ybiY_ybiW_predicted,3.6666666666666665,12,2,TATTACACATCACGCAACGA,10,4713536
ybiY_ybiW_predicted,3.0,10,2,TATCTAAACCCACGACCTCA,8,4729834
ybiY_ybiW_predicted,2.6666666666666665,9,2,TATCAAACAACGAAGTCGTT,7,4726404
ybiY_ybiW_predicted,5.666666666666667,18,2,TATAACGGATTCGAGCTCAT,16,4721677
ybiY_ybiW_predicted,0.6666666666666666,3,2,TATAAACGGCCAAACAAGGC,1,4700989
ybiY_ybiW_predicted,1.3333333333333333,5,2,TAGTATCACACAGACGTTTG,3,4705630
ybiY_ybiW_predicted,2.3333333333333335,8,2,TAGGCTCCGACACGTCATCT,6,4702182
ybiY_ybiW_predicted,1.0,4,2,TAGGCACGGACCCCCGTGGA,2,4691803
ybiY_ybiW_predicted,0.6666666666666666,3,2,TACTTCGGTCTGTAGCCGCC,1,4717146
ybiY_ybiW_predicted,4.0,13,2,TACTGTCGTGGGAACCACAG,11,4712915
ybiY_ybiW_predicted,2.0,7,2,TACTGCGTTCTGCCAGTTGC,5,4709675
ybiY_ybiW_predicted,8.666666666666666,27,2,TACCTTTCTGTCGGATAAAT,25,4699370
ybiY_ybiW_predicted,7.666666666666667,24,2,TACATTTGTGACGTAATTCC,22,4719955
ybiY_ybiW_predicted,0.6666666666666666,3,2,TACACGGCGTTCGTGTCTAA,1,4727011
ybiY_ybiW_predicted,1.6666666666666667,6,2,TACAAGATGCTACTTGTCCC,4,4710016
ybiY_ybiW_predicted,7.0,22,2,TAATTGCTTATTCTTTATAT,20,4690635
ybiY_ybiW_predicted,4.666666666666667,15,2,TAAGCCTTCGTGAGTCATGC,13,4711950
ybiY_ybiW_predicted,7.666666666666667,24,2,TAAGCCACGACAAACCGGCA,22,4717637
ybiY_ybiW_predicted,3.0,10,2,TAACTCCGGTGGGCCTTCCC,8,4714423
ybiY_ybiW_predicted,0.6666666666666666,3,2,TAAATGGACCCCGTTCGTGG,1,4728303
ybiY_ybiW_predicted,3.3333333333333335,11,2,TAAATAAAGTTGTGTCAGGC,9,4690668
ybiY_ybiW_predicted,3.3333333333333335,11,2,TAAAGGATTGATCAGCGCTC,9,4719199
ybiY_ybiW_predicted,3.0,10,2,GTTTATTGCCTCCCTGTGGG,8,4727529
ybiY_ybiW_predicted,3.6666666666666665,12,2,GTTGGCTCGTAGTCGGCGAC,10,4700776
ybiY_ybiW_predicted,2.3333333333333335,8,2,GTTGCCCGTTACCGGTTTCC,6,4693390
ybiY_ybiW_predicted,0.6666666666666666,3,2,GTTGATTACACATATCAGTT,1,4717265
ybiY_ybiW_predicted,2.0,7,2,GTTCCTTCAGTGTACCTAGT,5,4730745
ybiY_ybiW_predicted,17.0,52,2,GTTATGGGCTTCACTGCCCA,50,4710920
ybiY_ybiW_predicted,1.3333333333333333,5,2,GTGGCCGGCGGACCATTTTT,3,4708968
ybiY_ybiW_predicted,0.6666666666666666,3,2,GTGCAATGTAGCTGGGAACC,1,4705873
ybiY_ybiW_predicted,1.6666666666666667,6,2,GTGATTTCTTTCACTATAGA,4,4705763
ybiY_ybiW_predicted,1.0,4,2,GTGAACGGCCGTGTTGATTC,2,4715522
ybiY_ybiW_predicted,5.0,16,2,GTCTTCCGTTCATATCAGTT,14,4721875
ybiY_ybiW_predicted,2.3333333333333335,8,2,GTCGTCGGATCGTCGACCTG,6,4717613
ybiY_ybiW_predicted,1.3333333333333333,5,2,GTCGGTCTCAGCCCGCGGTG,3,4709057
ybiY_ybiW_predicted,2.6666666666666665,9,2,GTCCCTTTCTATGGGTTCAT,7,4697038
ybiY_ybiW_predicted,23.666666666666668,72,2,GTCAGTCCACGGGGGCTTTT,70,4710933
ybiY_ybiW_predicted,2.0,7,2,GTCAGGTAAGTTGTTCGAGT,5,4723072
ybiY_ybiW_predicted,46.666666666666664,141,2,GTCAGCGACGGCGTACCGGT,139,4700040
ybiY_ybiW_predicted,1.3333333333333333,5,2,GTATGATCTCAAGGGCAGAG,3,4696158
ybiY_ybiW_predicted,3.3333333333333335,11,2,GTAGGCTGTGGTCACTCGGG,9,4695750
ybiY_ybiW_predicted,7.0,22,2,GTAGGCATTGTGAACCTCAA,20,4730077
ybiY_ybiW_predicted,3.6666666666666665,12,2,GTAGCACAGATGCCAGTGGT,10,4698890
ybiY_ybiW_predicted,1.6666666666666667,6,2,GTAGACAGGCTAATCGTACT,4,4726894
ybiY_ybiW_predicted,1.3333333333333333,5,2,GTACTTAGCAGAAGGTCATT,3,4724119
ybiY_ybiW_predicted,2.6666666666666665,9,2,GTACGGCCTTCAGGGCCTAG,7,4720993
ybiY_ybiW_predicted,1.6666666666666667,6,2,GTACCAATATAAGTGCGGCG,4,4707539
ybiY_ybiW_predicted,7.666666666666667,24,2,GTACAGGATTTGGAACCCTA,22,4693365
ybiY_ybiW_predicted,2.6666666666666665,9,2,GTAAGTCACAAGCTGGGCAC,7,4694105
ybiY_ybiW_predicted,1.0,4,2,GTAAGGCTTGAACGTCTCAC,2,4707047
ybiY_ybiW_predicted,5.0,16,2,GTAACTTCTGGCTGGATCGA,14,4699105
ybiY_ybiW_predicted,1.6666666666666667,6,2,GTAACCCCCTTGTCTGATCA,4,4718207
ybiY_ybiW_predicted,1.6666666666666667,6,2,GGTGTCCTCAGGGAGCATAC,4,4710687
ybiY_ybiW_predicted,3.6666666666666665,12,2,GGTGGTGTACTCTTCCGGCC,10,4701363
ybiY_ybiW_predicted,4.0,13,2,GGTGCGTGCACTCAACCTAC,11,4721222
ybiY_ybiW_predicted,20.666666666666668,63,2,GGTCGTTAAGCTCCTGGACA,61,4713920
ybiY_ybiW_predicted,2.0,7,2,GGTCAAAGGAGAATCATCCC,5,4691970
ybiY_ybiW_predicted,0.6666666666666666,3,2,GGTATGCTAATTTCACAACT,1,4689303
ybiY_ybiW_predicted,1.6666666666666667,6,2,GGTATCTTGCAGATGAGGTG,4,4712641
ybiY_ybiW_predicted,3.0,10,2,GGGTTAGAGCCTGTAGTAGT,8,4727082
ybiY_ybiW_predicted,3.0,10,2,GGGTGGCTGTGACGTTTTCT,8,4728540
ybiY_ybiW_predicted,1.0,4,2,GGGGTCAGTTAAACACCTTC,2,4726600
ybiY_ybiW_predicted,8.333333333333334,26,2,GGGCGCTAAAATGGCGCCAA,24,4726155
ybiY_ybiW_predicted,1.3333333333333333,5,2,GGGAGGTATCTCTACGGACT,3,4714120
ybiY_ybiW_predicted,38.666666666666664,117,2,GGGACAATGTTGGTTCACAT,115,4713672
ybiY_ybiW_predicted,3.3333333333333335,11,2,GGCTTCACTAAATTATTCAC,9,4728366
ybiY_ybiW_predicted,3.0,10,2,GGCTCACTGGTACTTAAAGT,8,4710798
ybiY_ybiW_predicted,2.3333333333333335,8,2,GGCGTTCTATTGACTATGGC,6,4698827
ybiY_ybiW_predicted,3.0,10,2,GGCCATTGGGTGCGCAGGTT,8,4692804
ybiY_ybiW_predicted,2.3333333333333335,8,2,GGCATAAAAAAATTCGTGCG,6,4729524
ybiY_ybiW_predicted,1.0,4,2,GGCAGGAAGCCTGCTAAGAC,2,4691023
ybiY_ybiW_predicted,7.666666666666667,24,2,GGCAACCACGGTTGGGACCA,22,4718791
ybiY_ybiW_predicted,2.0,7,2,GGATGTATGAAGCCCTGACA,5,4692108
ybiY_ybiW_predicted,0.6666666666666666,3,2,GGATCGCGAAAGCATGGGAT,1,4697789
ybiY_ybiW_predicted,1.0,4,2,GGAAGTGCTATGGGAGAAAG,2,4715582
ybiY_ybiW_predicted,1.3333333333333333,5,2,GGAACCACGTGCACTATGTC,3,4705804
ybiY_ybiW_predicted,2.0,7,2,GCTGTTGTTTAGTTCGATTC,5,4699443
ybiY_ybiW_predicted,3.6666666666666665,12,2,GCTGGTACCTAGGTTCCAAG,10,4702149
ybiY_ybiW_predicted,2.3333333333333335,8,2,GCTGGATGGGACGGCTTGCT,6,4726541
ybiY_ybiW_predicted,5.666666666666667,18,2,GCTGAACACGATAGTGAGAA,16,4706110
ybiY_ybiW_predicted,1.6666666666666667,6,2,GCTGAAAGCATACCACGGTT,4,4731529
ybiY_ybiW_predicted,3.3333333333333335,11,2,GCTCTTGCACTCGCTTATAC,9,4709688
ybiY_ybiW_predicted,32.0,97,2,GCTCTGAATCGATGTTTGTT,95,4722985
ybiY_ybiW_predicted,1.3333333333333333,5,2,GCTAAACGAGGGGTTGTGGC,3,4693619
ybiY_ybiW_predicted,2.6666666666666665,9,2,GCGTTGCCAGGCAGGTAGAG,7,4717645
ybiY_ybiW_predicted,1.3333333333333333,5,2,GCGTGTGTCGATGGCATAGC,3,4715926
ybiY_ybiW_predicted,0.6666666666666666,3,2,GCGGTGCTATATACAGAATT,1,4723940
ybiY_ybiW_predicted,6.0,19,2,GCGGCCTGCGCCGTTTCTTG,17,4692926
ybiY_ybiW_predicted,2.6666666666666665,9,2,GCGCTGCCAAGATCATGTTC,7,4692447
ybiY_ybiW_predicted,1.3333333333333333,5,2,GCGCTCTAGCATTCTGGTCT,3,4701852
ybiY_ybiW_predicted,1.0,4,2,GCGCGGGAGCCTGATCGCGA,2,4696182
ybiY_ybiW_predicted,4.666666666666667,15,2,GCGAGTTTCGGTACTTCCGC,13,4720562
ybiY_ybiW_predicted,2.3333333333333335,8,2,GCGAGGTCGGGATCTAACCC,6,4712194
ybiY_ybiW_predicted,4.0,13,2,GCCTTAGCGATACCCCCTTT,11,4704887
ybiY_ybiW_predicted,6.333333333333333,20,2,GCCTGGGTGCCCTAATCAAA,18,4704695
ybiY_ybiW_predicted,3.6666666666666665,12,2,GCCTCCTGTCTAGAAGGATG,10,4721863
ybiY_ybiW_predicted,1.0,4,2,GCCGTTCAGCTCTACTCTCG,2,4714706
ybiY_ybiW_predicted,0.6666666666666666,3,2,GCCGGGATTCGAGGCCTTTT,1,4695911
ybiY_ybiW_predicted,2.6666666666666665,9,2,GCCGAGTCAAATCGTTCCTT,7,4724594
ybiY_ybiW_predicted,1.0,4,2,GCCCTAAAATGACTACCTCA,2,4689365
ybiY_ybiW_predicted,3.3333333333333335,11,2,GCCCCGAAGTCTATTTCCAC,9,4720354
ybiY_ybiW_predicted,1.3333333333333333,5,2,GCCACTGAGAAATCTAGGCG,3,4731547
ybiY_ybiW_predicted,2.0,7,2,GCCACGTCGTTAGTTACGGA,5,4731700
ybiY_ybiW_predicted,2.6666666666666665,9,2,GCCACGATTCACGCCTACCA,7,4721486
ybiY_ybiW_predicted,3.3333333333333335,11,2,GCATTTCACTTAAAGGATAT,9,4690454
ybiY_ybiW_predicted,2.6666666666666665,9,2,GCAGGTGATCATCGAATTAC,7,4723479
ybiY_ybiW_predicted,3.0,10,2,GCAGGTCGTCCCTGGTTTAA,8,4718612
ybiY_ybiW_predicted,1.6666666666666667,6,2,GCAGCGTTTCCCTAAATCGT,4,4729022
ybiY_ybiW_predicted,14.666666666666666,45,2,GCAGCCCGGAAAGCTGTGAT,43,4710742
ybiY_ybiW_predicted,1.6666666666666667,6,2,GCAGACGGTCACCGTATGAA,4,4709080
ybiY_ybiW_predicted,4.333333333333333,14,2,GCACCGCAGGTTGGCTTGGT,12,4702278
ybiY_ybiW_predicted,5.333333333333333,17,2,GCAAATCCGGCCGCAACGCA,15,4706200
ybiY_ybiW_predicted,6.333333333333333,20,2,GATTCCGAATATACTCAGTT,18,4688580
ybiY_ybiW_predicted,3.3333333333333335,11,2,GATGCCATAACGTACGTAAA,9,4712662
ybiY_ybiW_predicted,1.0,4,2,GATCTGGCTTAATATCTCTT,2,4726046
ybiY_ybiW_predicted,2.6666666666666665,9,2,GATCGCGTTCATTGATCACT,7,4713508
ybiY_ybiW_predicted,3.0,10,2,GATCGCGAACGACGCAATGT,8,4726933
ybiY_ybiW_predicted,3.0,10,2,GATCCGCTATTACAAGTCTT,8,4689776
ybiY_ybiW_predicted,2.3333333333333335,8,2,GATCATTCTACCCCATAATA,6,4714487
ybiY_ybiW_predicted,2.6666666666666665,9,2,GAGGATCATTCCTAATTTAT,7,4694453
ybiY_ybiW_predicted,5.666666666666667,18,2,GAGGACCTGACGGATTCGCA,16,4725428
ybiY_ybiW_predicted,4.333333333333333,14,2,GAGCATCGGGGCCTAGAGAC,12,4727100
ybiY_ybiW_predicted,2.3333333333333335,8,2,GAGACGCTGTGGTCACGTGA,6,4709596
ybiY_ybiW_predicted,1.6666666666666667,6,2,GACTTTCTCAAAGCGGTCTT,4,4730499
ybiY_ybiW_predicted,2.3333333333333335,8,2,GACGTATCCTAGCATATGTG,6,4722564
ybiY_ybiW_predicted,6.333333333333333,20,2,GACGTATACCAGTGTGGATC,18,4716680
ybiY_ybiW_predicted,2.6666666666666665,9,2,GACCATTCAACTCGTCCTCT,7,4701134
ybiY_ybiW_predicted,18.333333333333332,56,2,GAATTTACATCATCGGATAA,54,4722300
ybiY_ybiW_predicted,1.0,4,2,GAATTCAGGAATGGGATCAC,2,4704735
ybiY_ybiW_predicted,1.0,4,2,GAAGGGTGCAATATTGCCGT,2,4708481
ybiY_ybiW_predicted,4.666666666666667,15,2,GAAATCCTCTTGTAGCGCCT,13,4708215
ybiY_ybiW_predicted,2.3333333333333335,8,2,GAAAATTGTATGGGGACGAT,6,4694304
ybiY_ybiW_predicted,0.6666666666666666,3,2,CTTTTACAGCAATCAAAATA,1,4702124
ybiY_ybiW_predicted,2.6666666666666665,9,2,CTTGATAAAGATCAAAAGTC,7,4709782
ybiY_ybiW_predicted,3.3333333333333335,11,2,CTTCGGTCCAACTTGGGAAA,9,4714366
ybiY_ybiW_predicted,1.0,4,2,CTTCAGATGCTTAACCCCCT,2,4688718
ybiY_ybiW_predicted,3.3333333333333335,11,2,CTTCAACGAGGCCGTTTTCA,9,4693449
ybiY_ybiW_predicted,1.6666666666666667,6,2,CTTATGGTAGAAGAACTTGA,4,4723749
ybiY_ybiW_predicted,0.6666666666666666,3,2,CTTAGGCGAGGGAAATGCCT,1,4692208
ybiY_ybiW_predicted,1.0,4,2,CTGTTAACACACTTCATGTG,2,4730473
ybiY_ybiW_predicted,1.0,4,2,CTGTGGGTATGGATTTCACA,2,4716633
ybiY_ybiW_predicted,4.666666666666667,15,2,CTGTAATGCATTCGTAAAAT,13,4691054
ybiY_ybiW_predicted,1.0,4,2,CTGTAAAAATTCTCCGGCTA,2,4693267
ybiY_ybiW_predicted,3.3333333333333335,11,2,CTGGTTTCCCCGGCCGCCCT,9,4706864
ybiY_ybiW_predicted,2.6666666666666665,9,2,CTGGTGGCCGCTCAAGACCT,7,4699873
ybiY_ybiW_predicted,2.3333333333333335,8,2,CTGGCTTCTTATGGCGGAGA,6,4702998
ybiY_ybiW_predicted,1.3333333333333333,5,2,CTGCGGTTAATTCGGATGTT,3,4708152
ybiY_ybiW_predicted,3.0,10,2,CTGATTTAAGTGACGGCAGA,8,4723656
ybiY_ybiW_predicted,6.333333333333333,20,2,CTGATATCCATTTTCAAGTA,18,4726608
ybiY_ybiW_predicted,3.0,10,2,CTCTCTATCTAAGTACCCCT,8,4722954
ybiY_ybiW_predicted,1.6666666666666667,6,2,CTCTATACACTTCATATTAT,4,4721115
ybiY_ybiW_predicted,2.3333333333333335,8,2,CTCGTTATCATGAAAAGGCG,6,4689912
ybiY_ybiW_predicted,3.3333333333333335,11,2,CTCGTCCCGGTGAAATGGAG,9,4699209
ybiY_ybiW_predicted,1.3333333333333333,5,2,CTCGGAGTGCATACGCTTCA,3,4706669
ybiY_ybiW_predicted,3.3333333333333335,11,2,CTCGCCTTCCCCGTTAACTC,9,4721771
ybiY_ybiW_predicted,2.0,7,2,CTCGCAATGTATGCATCCGA,5,4729913
ybiY_ybiW_predicted,1.3333333333333333,5,2,CTCCTAGGCTTCTACGGCAG,3,4690450
ybiY_ybiW_predicted,5.333333333333333,17,2,CTCAACGCACATTCTCGCTA,15,4700191
ybiY_ybiW_predicted,3.0,10,2,CTATTGGCGCGTCTGCGATC,8,4724729
ybiY_ybiW_predicted,3.0,10,2,CTAGTTGTTTCACCTAGGTA,8,4695163
ybiY_ybiW_predicted,0.6666666666666666,3,2,CTAGACTTCATGGGTAGTCT,1,4704909
ybiY_ybiW_predicted,2.6666666666666665,9,2,CTAGACTCATTTATACCTTA,7,4694452
ybiY_ybiW_predicted,1.3333333333333333,5,2,CTACTATTACACTTCAGTGT,3,4727915
ybiY_ybiW_predicted,1.3333333333333333,5,2,CTACATGGGCTTACTATGTA,3,4691103
ybiY_ybiW_predicted,5.333333333333333,17,2,CTACACCGCGTAGCGCACTT,15,4717659
ybiY_ybiW_predicted,2.3333333333333335,8,2,CGTTTCGGCCATTTCCTACT,6,4717438
ybiY_ybiW_predicted,3.6666666666666665,12,2,CGTTCGGTCCAGACGGCATA,10,4719973
ybiY_ybiW_predicted,1.6666666666666667,6,2,CGTTATTATTTCGAGCGTTA,4,4703759
ybiY_ybiW_predicted,1.0,4,2,CGTTAGATCGCGTTTTTTTG,2,4702387
ybiY_ybiW_predicted,4.666666666666667,15,2,CGTGTACTGTGTCAAGGGTG,13,4701320
ybiY_ybiW_predicted,7.666666666666667,24,2,CGTGCCTTGGTCCAACCTGT,22,4706795
ybiY_ybiW_predicted,3.3333333333333335,11,2,CGTGACGTTGCCCCCGGGGT,9,4700565
ybiY_ybiW_predicted,4.333333333333333,14,2,CGTGACGGCCGGTCGTTGCC,12,4698012
ybiY_ybiW_predicted,19.666666666666668,60,2,CGGTTGCAATTCAGGAACTG,58,4711142
ybiY_ybiW_predicted,8.666666666666666,27,2,CGGTAATTTCAACCAATTCA,25,4711394
ybiY_ybiW_predicted,2.6666666666666665,9,2,CGGGTGATTCGCCGATAGCA,7,4725867
ybiY_ybiW_predicted,6.0,19,2,CGGGTCGGCGCTGGACTAAA,17,4706031
ybiY_ybiW_predicted,2.6666666666666665,9,2,CGGGGTCCCCCTCAGAGAGG,7,4710527
ybiY_ybiW_predicted,3.0,10,2,CGGCTTACCAAATCGAAACA,8,4720424
ybiY_ybiW_predicted,1.3333333333333333,5,2,CGGCTATGCCGAGACGTGGC,3,4689350
ybiY_ybiW_predicted,8.666666666666666,27,2,CGGCTAGTTCGTTATTCGGG,25,4714755
ybiY_ybiW_predicted,0.6666666666666666,3,2,CGGCGATGCACCAACTTCGA,1,4705499
ybiY_ybiW_predicted,1.6666666666666667,6,2,CGGCCGGCACAGCTCTGTGC,4,4724386
ybiY_ybiW_predicted,2.0,7,2,CGGATTGTAAGGGGTCAGAA,5,4713021
ybiY_ybiW_predicted,2.6666666666666665,9,2,CGGATGTCGGATGGGAGTTA,7,4706444
ybiY_ybiW_predicted,2.3333333333333335,8,2,CGCTTGTGTGGCTTTGTCTT,6,4711588
ybiY_ybiW_predicted,3.0,10,2,CGCTGCTATTGGGGTGGTGA,8,4700136
ybiY_ybiW_predicted,2.0,7,2,CGCTCCCTACTTGATGCAGT,5,4725355
ybiY_ybiW_predicted,0.6666666666666666,3,2,CGCTAGCAACTCCGAGCCCA,1,4714571
ybiY_ybiW_predicted,4.333333333333333,14,2,CGCGTCCGGGGTAGTGCATC,12,4713163
ybiY_ybiW_predicted,1.3333333333333333,5,2,CGCGGGATGGCACCTATACC,3,4712931
ybiY_ybiW_predicted,1.6666666666666667,6,2,CGCGCAGTAACGGATCGGTA,4,4723243
ybiY_ybiW_predicted,3.6666666666666665,12,2,CGCGCAAACAGGCAAGGCTA,10,4720576
ybiY_ybiW_predicted,3.6666666666666665,12,2,CGCCCCAATTCTTCTCCACA,10,4713118
ybiY_ybiW_predicted,2.0,7,2,CGCCATCAGAAGGACGTTGT,5,4725271
ybiY_ybiW_predicted,2.6666666666666665,9,2,CGCCAAACCTGAGATACGAA,7,4694666
ybiY_ybiW_predicted,3.0,10,2,CGCATGTTCCCGATGAGAAT,8,4727263
ybiY_ybiW_predicted,3.6666666666666665,12,2,CGCATGCAACGGATCGTCTC,10,4723713
ybiY_ybiW_predicted,2.3333333333333335,8,2,CGCAGAGCATAGTGCCCGCT,6,4724870
ybiY_ybiW_predicted,0.6666666666666666,3,2,CGATGTTATAAAATGCGAGG,1,4696396
ybiY_ybiW_predicted,2.3333333333333335,8,2,CGATGTGGGGTAACACAGTC,6,4698769
ybiY_ybiW_predicted,8.666666666666666,27,2,CGATCTAGATTTTCTCTGCG,25,4723562
ybiY_ybiW_predicted,3.0,10,2,CGATATGGACAGATTTGGGT,8,4721061
ybiY_ybiW_predicted,1.6666666666666667,6,2,CGAGGAGAGGACGATCGTTT,4,4693554
ybiY_ybiW_predicted,1.0,4,2,CGAGGACGTCCTCCTAAATG,2,4689812
ybiY_ybiW_predicted,1.0,4,2,CGAGACTGAGCGCAAACGAT,2,4704190
ybiY_ybiW_predicted,3.3333333333333335,11,2,CGACGTTAAGTACCCAACAG,9,4709751
ybiY_ybiW_predicted,2.6666666666666665,9,2,CGACGGCCTAGATTAGATTC,7,4699185
ybiY_ybiW_predicted,2.6666666666666665,9,2,CGACAGCCCAGCGTCATGTG,7,4694271
ybiY_ybiW_predicted,3.0,10,2,CGAATGGAGTAAACTCGGAG,8,4693761
ybiY_ybiW_predicted,4.333333333333333,14,2,CGAATCAGATGGTTACACAG,12,4721224
ybiY_ybiW_predicted,0.6666666666666666,3,2,CGAAGACGGGGGGGAGGATA,1,4722052
ybiY_ybiW_predicted,3.0,10,2,CGAACTCGAGGGCCTATTAA,8,4691805
ybiY_ybiW_predicted,1.0,4,2,CCTTGCGCCCATTAGCACGA,2,4713009
ybiY_ybiW_predicted,9.0,28,2,CCTTATCATCATCTGTGGTT,26,4727124
ybiY_ybiW_predicted,1.0,4,2,CCTGTTATATGAACTGCAGC,2,4717791
ybiY_ybiW_predicted,1.0,4,2,CCTGGGTATCAACGTAACCC,2,4703536
ybiY_ybiW_predicted,5.333333333333333,17,2,CCTCGCTATATTTGGATAAG,15,4732178
ybiY_ybiW_predicted,3.6666666666666665,12,2,CCTCCCCACTCTGAGACCAG,10,4688925
ybiY_ybiW_predicted,2.3333333333333335,8,2,CCTAGGACGTCTGGGTGACA,6,4694508
ybiY_ybiW_predicted,3.3333333333333335,11,2,CCTAATTAAGTTCCCCGTTA,9,4714378
ybiY_ybiW_predicted,1.3333333333333333,5,2,CCGTGACCAGATTCATCTGG,3,4731829
ybiY_ybiW_predicted,2.0,7,2,CCGTATTCGCAGGACTGTGC,5,4709438
ybiY_ybiW_predicted,4.333333333333333,14,2,CCGTATGAGTGGTTCTAGAA,12,4720566
ybiY_ybiW_predicted,2.6666666666666665,9,2,CCGGTCATACATAATCGGGA,7,4713062
ybiY_ybiW_predicted,3.0,10,2,CCGGGTTAGTATTACAGTAA,8,4724951
ybiY_ybiW_predicted,1.6666666666666667,6,2,CCGGGACGTTATAAAAGAGT,4,4713180
ybiY_ybiW_predicted,0.6666666666666666,3,2,CCGGCTACTTCTTGACAAAT,1,4728172
ybiY_ybiW_predicted,1.0,4,2,CCGGACCAACAGCTTTGTTC,2,4726764
ybiY_ybiW_predicted,1.0,4,2,CCGCTGTAGCCTCTCATCCA,2,4723951
ybiY_ybiW_predicted,1.3333333333333333,5,2,CCGCTCGTCAGTTTCGCGCC,3,4714309
ybiY_ybiW_predicted,3.6666666666666665,12,2,CCGCGACCAGAGCGAAACCG,10,4707324
ybiY_ybiW_predicted,3.3333333333333335,11,2,CCGCCCGTGTCGATGGTCAA,9,4722005
ybiY_ybiW_predicted,2.3333333333333335,8,2,CCGCAAAAAAGACTAGGACA,6,4710300
ybiY_ybiW_predicted,0.6666666666666666,3,2,CCCTTCAGGAGAAATAATCA,1,4715238
ybiY_ybiW_predicted,2.3333333333333335,8,2,CCCTAAGGTTGAGATACGGG,6,4722535
ybiY_ybiW_predicted,4.666666666666667,15,2,CCCGCGCTTTAGTTGGAGCA,13,4701689
ybiY_ybiW_predicted,2.6666666666666665,9,2,CCCGACACTTGTAGGCCGGC,7,4726032
ybiY_ybiW_predicted,1.6666666666666667,6,2,CCCCTCTCTTCAACCATTCA,4,4713427
ybiY_ybiW_predicted,2.0,7,2,CCCCTATCTATCATCGCTGA,5,4721692
ybiY_ybiW_predicted,2.6666666666666665,9,2,CCCCAGGGAGAACTGGGTGC,7,4693672
ybiY_ybiW_predicted,3.0,10,2,CCCACTATCCCCCCCATCCT,8,4730339
ybiY_ybiW_predicted,0.6666666666666666,3,2,CCATGAGAGCTCCCGATGAC,1,4720793
ybiY_ybiW_predicted,3.3333333333333335,11,2,CCATAGGCCTCGTATTTGCA,9,4728166
ybiY_ybiW_predicted,2.0,7,2,CCAGTTTTTATCGGACATTG,5,4690912
ybiY_ybiW_predicted,1.3333333333333333,5,2,CCAGCACATTTAATCATGAC,3,4719750
ybiY_ybiW_predicted,3.6666666666666665,12,2,CCACTGCCATATTGGTACCA,10,4697300
ybiY_ybiW_predicted,2.6666666666666665,9,2,CCACGCTTTCGCTCCACAGC,7,4724782
ybiY_ybiW_predicted,3.0,10,2,CCACAGTTCCCTGTTACCCA,8,4716105
ybiY_ybiW_predicted,1.6666666666666667,6,2,CATTGTCAAGAATGAGGGTC,4,4716349
ybiY_ybiW_predicted,2.0,7,2,CATGGCTGCGCTCGTAGATC,5,4691667
ybiY_ybiW_predicted,19.0,58,2,CATGCACCGGAGATAATAGG,56,4708085
ybiY_ybiW_predicted,4.666666666666667,15,2,CATGATGCATACATTTGGTG,13,4698206
ybiY_ybiW_predicted,2.3333333333333335,8,2,CATGAACCCGAGTATTGCGG,6,4727062
ybiY_ybiW_predicted,4.666666666666667,15,2,CATCAGAGTGTGTATCCATC,13,4706164
ybiY_ybiW_predicted,2.3333333333333335,8,2,CATCAATGACGGTTACAAGT,6,4707082
ybiY_ybiW_predicted,2.0,7,2,CATCAAGTAAGGTGGATCGA,5,4715377
ybiY_ybiW_predicted,2.6666666666666665,9,2,CATATTTGCAAACCGTCCTT,7,4700085
ybiY_ybiW_predicted,4.0,13,2,CATACTCTGCCATAGGGCCT,11,4702050
ybiY_ybiW_predicted,0.6666666666666666,3,2,CAGTCTATTTTACCAATAAT,1,4722547
ybiY_ybiW_predicted,0.6666666666666666,3,2,CAGTATCCATGCCCCGCTAG,1,4724829
ybiY_ybiW_predicted,3.6666666666666665,12,2,CAGGGTACCGTTGTCTGCTT,10,4694156
ybiY_ybiW_predicted,1.6666666666666667,6,2,CAGCCTAATAGCTATTATTA,4,4693671
ybiY_ybiW_predicted,0.6666666666666666,3,2,CAGCCGTGTGCCAGGGAAAT,1,4729221
ybiY_ybiW_predicted,2.3333333333333335,8,2,CAGCCATAGGGGATCGATGT,6,4707275
ybiY_ybiW_predicted,5.666666666666667,18,2,CAGATTGTTTCGATAAGACA,16,4712479
ybiY_ybiW_predicted,1.6666666666666667,6,2,CAGATGGGGCCATGAGTGGG,4,4712795
ybiY_ybiW_predicted,1.6666666666666667,6,2,CAGATATGATAGCATCACCA,4,4690716
ybiY_ybiW_predicted,3.6666666666666665,12,2,CAGAATCGGAAATTAGAGTT,10,4731613
ybiY_ybiW_predicted,3.6666666666666665,12,2,CAGAAGGCTGCATGGATAAC,10,4707535
ybiY_ybiW_predicted,4.0,13,2,CACTTGGTTATCGGAGGTGA,11,4698097
ybiY_ybiW_predicted,1.6666666666666667,6,2,CACTGTTGCGGGTTGGCCTG,4,4710847
ybiY_ybiW_predicted,2.0,7,2,CACTGTAAACGTCACCTTAC,5,4708784
ybiY_ybiW_predicted,4.666666666666667,15,2,CACTGCGAGCAGTATCATAG,13,4713226
ybiY_ybiW_predicted,2.3333333333333335,8,2,CACTGCAGTCGTAGTCAAGC,6,4726807
ybiY_ybiW_predicted,3.0,10,2,CACTCATCGTGAAGCCTTGT,8,4692333
ybiY_ybiW_predicted,3.0,10,2,CACGAATTCGATTTCAATAA,8,4710191
ybiY_ybiW_predicted,0.6666666666666666,3,2,CACCTTATTATATTTGGCCT,1,4694540
ybiY_ybiW_predicted,1.6666666666666667,6,2,CACCTGCGTACAGACTGATA,4,4730054
ybiY_ybiW_predicted,1.6666666666666667,6,2,CACAAGGCCTGAGTTGTCTG,4,4715381
ybiY_ybiW_predicted,3.3333333333333335,11,2,CAATGTCCGTTACGCCAAGA,9,4729330
ybiY_ybiW_predicted,4.666666666666667,15,2,CAATGAATGGGTAAGTAGGG,13,4706300
ybiY_ybiW_predicted,1.6666666666666667,6,2,CAAGTAGGGGAACTCTCTTT,4,4718720
ybiY_ybiW_predicted,1.6666666666666667,6,2,CAAGGGTCCTCATTTATCCT,4,4699411
ybiY_ybiW_predicted,6.666666666666667,21,2,CAAGCTTCGGCGACTCGGTG,19,4704729
ybiY_ybiW_predicted,2.0,7,2,CAACGTTCGAATGGACCCTT,5,4697850
ybiY_ybiW_predicted,1.0,4,2,CAACCGTAAAACAGACTGAG,2,4709771
ybiY_ybiW_predicted,6.0,19,2,CAACCAGGGTCTATGTCCGG,17,4704822
ybiY_ybiW_predicted,2.6666666666666665,9,2,CAACCAACTGCCTTAGCGAT,7,4725594
ybiY_ybiW_predicted,2.0,7,2,CAAACTGACCGTAAATCTGT,5,4728335
ybiY_ybiW_predicted,1.6666666666666667,6,2,CAAAACCGACGAGACATACG,4,4730982
ybiY_ybiW_predicted,1.3333333333333333,5,2,ATTTTTGTTATGGACAATTG,3,4701805
ybiY_ybiW_predicted,2.3333333333333335,8,2,ATTTCTGATCTGTTTGGTAT,6,4716209
ybiY_ybiW_predicted,4.0,13,2,ATTGTGGCGCCCTGAGGTAG,11,4718619
ybiY_ybiW_predicted,2.3333333333333335,8,2,ATTGAGCCGTGACCGTGAAG,6,4702485
ybiY_ybiW_predicted,1.0,4,2,ATTCATGAATGTTTATGGTC,2,4694324
ybiY_ybiW_predicted,13.666666666666666,42,2,ATTATTACGCATAAATTATC,40,4726208
ybiY_ybiW_predicted,2.3333333333333335,8,2,ATTATCGGTTTAGCCTTTAG,6,4702962
ybiY_ybiW_predicted,2.3333333333333335,8,2,ATTAAGCCCCGTGTCCACAA,6,4689866
ybiY_ybiW_predicted,8.0,25,2,ATGTTGCCGGCAAGCAGACG,23,4730650
ybiY_ybiW_predicted,4.666666666666667,15,2,ATGTCGCGCTTGGGGAAAAC,13,4698714
ybiY_ybiW_predicted,3.3333333333333335,11,2,ATGTAAAGGTTAGCAAATGC,9,4705590
ybiY_ybiW_predicted,4.333333333333333,14,2,ATGGTATTCAACTCGTTATA,12,4729430
ybiY_ybiW_predicted,5.666666666666667,18,2,ATGGGTTCTTGCCCGTAACT,16,4708042
ybiY_ybiW_predicted,4.0,13,2,ATGCTAGCGTCAGGTCCCCT,11,4695828
ybiY_ybiW_predicted,2.0,7,2,ATGCCGACGAGACGATTTAA,5,4731239
ybiY_ybiW_predicted,3.0,10,2,ATGCCCCACTGTATGGTGGT,8,4723597
ybiY_ybiW_predicted,20.333333333333332,62,2,ATGCATTGATTGATGATCCT,60,4716425
ybiY_ybiW_predicted,2.0,7,2,ATGATAGAATATAAGGGGAC,5,4730264
ybiY_ybiW_predicted,2.0,7,2,ATGAAGCGTCACCAGGATAT,5,4718735
ybiY_ybiW_predicted,0.6666666666666666,3,2,ATGAAGCCCTGAAACCCGGT,1,4731751
ybiY_ybiW_predicted,2.6666666666666665,9,2,ATCTGGGTGCGTGGGCGCCA,7,4698016
ybiY_ybiW_predicted,3.0,10,2,ATCTCCCTGTGGCATATGTA,8,4697118
ybiY_ybiW_predicted,22.0,67,2,ATCGTTGGCCCTAGAGCCTA,65,4696431
ybiY_ybiW_predicted,2.3333333333333335,8,2,ATCGTTATAGGTCACAGGCC,6,4717446
ybiY_ybiW_predicted,3.6666666666666665,12,2,ATCGGTCACTCCACCATCGT,10,4730796
ybiY_ybiW_predicted,1.3333333333333333,5,2,ATCGAAGGGCGGACTTCGCC,3,4692302
ybiY_ybiW_predicted,0.6666666666666666,3,2,ATCCTAGTGAGGTTGATTGT,1,4690348
ybiY_ybiW_predicted,28.333333333333332,86,2,ATCCGAATCGTAAGTTCATT,84,4707608
ybiY_ybiW_predicted,2.6666666666666665,9,2,ATATGACATATACGATATCT,7,4716872
ybiY_ybiW_predicted,1.0,4,2,ATATCGAATATCCTTTGCTT,2,4719592
ybiY_ybiW_predicted,1.0,4,2,ATAGTGGTCATACGTGCCTC,2,4717420
ybiY_ybiW_predicted,7.666666666666667,24,2,ATAGAAGTTATGGCGACGCA,22,4690535
ybiY_ybiW_predicted,65.33333333333333,197,2,ATACTACCAGGGGGAGACTG,195,4700031
ybiY_ybiW_predicted,3.6666666666666665,12,2,AGTTCGCGCTCCGTTGCGAA,10,4701365
ybiY_ybiW_predicted,6.666666666666667,21,2,AGTTCAAACATCGTGTTTAT,19,4709881
ybiY_ybiW_predicted,2.0,7,2,AGTGCTAAGCGACGAGGAAG,5,4698533
ybiY_ybiW_predicted,2.6666666666666665,9,2,AGTGCAGGCGCCTGGGGTAT,7,4730655
ybiY_ybiW_predicted,2.0,7,2,AGTCCCCTAGAATCAGAAAG,5,4720550
ybiY_ybiW_predicted,1.3333333333333333,5,2,AGTAAGTTTAGTGATAAATC,3,4707373
ybiY_ybiW_predicted,0.6666666666666666,3,2,AGTAAGCATAATTCCATTAT,1,4707174
ybiY_ybiW_predicted,0.6666666666666666,3,2,AGGTCGGGCTTACCTAGAGG,1,4695025
ybiY_ybiW_predicted,0.6666666666666666,3,2,AGGTCCCTCGTCTTGTCGAG,1,4696966
ybiY_ybiW_predicted,1.6666666666666667,6,2,AGGTCATGCCAAAGTCAAGA,4,4727694
ybiY_ybiW_predicted,2.3333333333333335,8,2,AGGTCACACGGTTTGGCGTT,6,4689528
ybiY_ybiW_predicted,4.0,13,2,AGGTAGTGAGGTACGTCCTG,11,4730898
ybiY_ybiW_predicted,1.6666666666666667,6,2,AGGGGGCAGTATACAAGTGC,4,4712985
ybiY_ybiW_predicted,2.0,7,2,AGGCATCTTAGTCAAAGGCT,5,4702742
ybiY_ybiW_predicted,1.3333333333333333,5,2,AGGACTAATAAACCGTTGAC,3,4720412
ybiY_ybiW_predicted,2.6666666666666665,9,2,AGGACGCCACATCCGTGTAT,7,4712310
ybiY_ybiW_predicted,3.0,10,2,AGGACCGAATGTTTGTATTA,8,4698717
ybiY_ybiW_predicted,135.33333333333334,407,2,AGCTGTTATCTCCCACCTGT,405,4707609
ybiY_ybiW_predicted,2.3333333333333335,8,2,AGCGATATCAGTTGAGAGTC,6,4700845
ybiY_ybiW_predicted,3.0,10,2,AGCCACTGTCACCAGCCGTG,8,4724272
ybiY_ybiW_predicted,2.3333333333333335,8,2,AGATTCATAGGGACGGACTA,6,4728337
ybiY_ybiW_predicted,1.3333333333333333,5,2,AGATGACCGACCGAGCCGCT,3,4688834
ybiY_ybiW_predicted,1.0,4,2,AGATCGCACTCACCCGTCAA,2,4721631
ybiY_ybiW_predicted,1.3333333333333333,5,2,AGAGTTCAAAAGCACGCCGG,3,4717498
ybiY_ybiW_predicted,3.6666666666666665,12,2,AGAGTATCGACAGAGTCAGA,10,4701165
ybiY_ybiW_predicted,1.6666666666666667,6,2,AGAGGTAACATACGTAGTGC,4,4721343
ybiY_ybiW_predicted,4.0,13,2,AGAGGCTCGAATAGCACACT,11,4716428
ybiY_ybiW_predicted,2.3333333333333335,8,2,AGAGCTCGCGGTTATTTGGG,6,4712951
ybiY_ybiW_predicted,2.0,7,2,AGACCCGCTTCAAGAAACTT,5,4697053
ybiY_ybiW_predicted,1.0,4,2,AGAATTTAGAAAATCGATCA,2,4729519
ybiY_ybiW_predicted,1.3333333333333333,5,2,AGAACGGCTTATCCTCTCTC,3,4710249
ybiY_ybiW_predicted,4.0,13,2,ACTGTATTTCTGATACTGCA,11,4714700
ybiY_ybiW_predicted,4.666666666666667,15,2,ACTGTATAAATCTGAAACAC,13,4715973
ybiY_ybiW_predicted,10.666666666666666,33,2,ACTGGTCTGTATACGCGGGG,31,4710180
ybiY_ybiW_predicted,71.0,214,2,ACTCGGTGAGTTGTGATGCA,212,4728406
ybiY_ybiW_predicted,2.6666666666666665,9,2,ACTCGGGTTCTTCAAACCCT,7,4703043
ybiY_ybiW_predicted,2.3333333333333335,8,2,ACTCGCTTGCAAGAACGTCA,6,4697953
ybiY_ybiW_predicted,2.6666666666666665,9,2,ACTAAATCAGATGGATTTGA,7,4725503
ybiY_ybiW_predicted,3.3333333333333335,11,2,ACGTCTAGAATTCTGGGGTT,9,4730492
ybiY_ybiW_predicted,1.0,4,2,ACGGTTGGAATTTAAGCAGT,2,4726732
ybiY_ybiW_predicted,3.3333333333333335,11,2,ACGGTGAGCGGAGTGAATGC,9,4709701
ybiY_ybiW_predicted,1.0,4,2,ACGGGTCTCCAACGACACCC,2,4719430
ybiY_ybiW_predicted,3.3333333333333335,11,2,ACGGATCTCTGTGAATCTTC,9,4720656
ybiY_ybiW_predicted,1.6666666666666667,6,2,ACGCTTAAGCTTCGGCGGGG,4,4716606
ybiY_ybiW_predicted,3.6666666666666665,12,2,ACGCGCACAGTGAGATCGTT,10,4708240
ybiY_ybiW_predicted,1.0,4,2,ACGATACTCCTTAGGCGCGA,2,4695865
ybiY_ybiW_predicted,1.0,4,2,ACCTGCAGTTACGTCCATGC,2,4708808
ybiY_ybiW_predicted,3.0,10,2,ACCTAGACCATGACAAAGCA,8,4702820
ybiY_ybiW_predicted,1.3333333333333333,5,2,ACCGCGGCCCCAACTATACC,3,4696573
ybiY_ybiW_predicted,1.0,4,2,ACCCGGTCTGGCCTGGCCAC,2,4714418
ybiY_ybiW_predicted,3.0,10,2,ACCCAAGGGGTCTTCCGGTT,8,4712405
ybiY_ybiW_predicted,0.6666666666666666,3,2,ACCCAAGCTGTTTATACTTC,1,4698811
ybiY_ybiW_predicted,34.0,103,2,ACCACATGTTTTGCGAGGTG,101,4690058
ybiY_ybiW_predicted,6.0,19,2,ACCAAGTGTTTTCGATGGAA,17,4710174
ybiY_ybiW_predicted,8.333333333333334,26,2,ACATCCCGTCAGTACTTATT,24,4710162
ybiY_ybiW_predicted,1.0,4,2,ACATACTGATTGGTCTAGGC,2,4732049
ybiY_ybiW_predicted,2.6666666666666665,9,2,ACATACACACTGGCCCTCTC,7,4705949
ybiY_ybiW_predicted,0.6666666666666666,3,2,ACATAAAGTTCGTAGAGGTT,1,4726260
ybiY_ybiW_predicted,1.6666666666666667,6,2,ACAGGGCTGCTTACTTACCT,4,4712181
ybiY_ybiW_predicted,3.6666666666666665,12,2,ACAGCGCGTTTTTAAGCGCC,10,4722248
ybiY_ybiW_predicted,2.6666666666666665,9,2,ACACCAGGTCTAATGTCGCT,7,4713326
ybiY_ybiW_predicted,4.666666666666667,15,2,ACACATTCAGTTAGATTTCG,13,4718206
ybiY_ybiW_predicted,5.333333333333333,17,2,AATTTCTGGTTTCCCTACGT,15,4710153
ybiY_ybiW_predicted,5.666666666666667,18,2,AATTGTATCGATGTTTACAA,16,4710718
ybiY_ybiW_predicted,1.3333333333333333,5,2,AATTGACATAGCCTCCTATC,3,4715156
ybiY_ybiW_predicted,2.3333333333333335,8,2,AATTCTGACTGACGGGGGAC,6,4718142
ybiY_ybiW_predicted,1.3333333333333333,5,2,AATTATAGACACAGCTACTC,3,4691337
ybiY_ybiW_predicted,85.33333333333333,257,2,AATCTTCACATTCGCTTCCT,255,4713669
ybiY_ybiW_predicted,0.6666666666666666,3,2,AATCTGATTTGGATCGTTCA,1,4692735
ybiY_ybiW_predicted,8.333333333333334,26,2,AATCTATCTGGCGTCCGTAT,24,4718463
ybiY_ybiW_predicted,1.3333333333333333,5,2,AAGTCCTGACACTCCAAGGT,3,4718960
ybiY_ybiW_predicted,1.6666666666666667,6,2,AAGGTGTTCTATAGCCCCCA,4,4726040
ybiY_ybiW_predicted,3.6666666666666665,12,2,AAGGTGCGCGGTCAAACCTT,10,4732420
ybiY_ybiW_predicted,3.6666666666666665,12,2,AAGGGCTGGCAATTCACGCT,10,4706358
ybiY_ybiW_predicted,45.333333333333336,137,2,AAGGGCTCGTTTGGTAATCA,135,4695521
ybiY_ybiW_predicted,1.0,4,2,AAGGGATCGTACTTCCATAG,2,4723287
ybiY_ybiW_predicted,3.0,10,2,AAGGATTGATTCGTCGTCGC,8,4695992
ybiY_ybiW_predicted,7.666666666666667,24,2,AAGGAGAGTCGCTCAAGTTT,22,4713281
ybiY_ybiW_predicted,1.0,4,2,AAGCTTTGCGGAGGCTTGAA,2,4721637
ybiY_ybiW_predicted,6.0,19,2,AAGCGCGGAATAACCAAACA,17,4732595
ybiY_ybiW_predicted,3.0,10,2,AAGCCCATGTGACTCGGTTC,8,4724651
ybiY_ybiW_predicted,15.333333333333334,47,2,AAGAGTATATTCGTGGCTTA,45,4700042
ybiY_ybiW_predicted,4.333333333333333,14,2,AAGAGTACGAGTGATAAGCG,12,4719648
ybiY_ybiW_predicted,0.6666666666666666,3,2,AAGACCTGATCGTGCATCAG,1,4732145
ybiY_ybiW_predicted,1.0,4,2,AACTTACTGCATAGTCGTCC,2,4710502
ybiY_ybiW_predicted,6.333333333333333,20,2,AACTGTGGTATAAGTCTTGG,18,4710686
ybiY_ybiW_predicted,7.0,22,2,AACGTGGATCCCTTCCGTTT,20,4730788
ybiY_ybiW_predicted,5.666666666666667,18,2,AACGTATGGAGGTGCTGAAG,16,4730481
ybiY_ybiW_predicted,1.6666666666666667,6,2,AACGCATAGGAGGCTATTCT,4,4715571
ybiY_ybiW_predicted,4.333333333333333,14,2,AACCCCAAATGACTTTAGTG,12,4711135
ybiY_ybiW_predicted,1.3333333333333333,5,2,AACCAATCGGGCAGTCAAAA,3,4697443
ybiY_ybiW_predicted,2.0,7,2,AACATCAGTAATTTACCTAA,5,4699326
ybiY_ybiW_predicted,2.3333333333333335,8,2,AACACAATGGGGGGAACGTC,6,4693792
ybiY_ybiW_predicted,2.3333333333333335,8,2,AAATTATGGCACGCTTCCGT,6,4700213
ybiY_ybiW_predicted,2.3333333333333335,8,2,AAATTAGGACGTCGGTTTGA,6,4689641
ybiY_ybiW_predicted,14.333333333333334,44,2,AAATGGGACTTCGCTCCTAT,42,4727107
ybiY_ybiW_predicted,1.3333333333333333,5,2,AAATATAAAACCACCCTCCG,3,4707508
ybiY_ybiW_predicted,5.666666666666667,18,2,AAAGTTGCTGATGGGAAAGA,16,4722749
ybiY_ybiW_predicted,1.6666666666666667,6,2,AAAGTCGTGTAACCCCGCTC,4,4696310
ybiY_ybiW_predicted,0.6666666666666666,3,2,AAACGGATATTGACATAGGC,1,4703904
ybiY_ybiW_predicted,5.333333333333333,17,2,AAACCGCCGTATTCCGTTGA,15,4710905
ybiY_ybiW_predicted,14.666666666666666,45,2,AAAACCCGGGGCAACGGCCA,43,4715759
ybiY_ybiW_predicted,1.0,4,2,AAAAAAAAGAGCCCTTACTA,2,4704256
ybiY_ybiW_predicted,3.0,6,1,TTTTGTTTGGCCATGACTGA,5,4721744
ybiY_ybiW_predicted,4.0,8,1,TTTTGACAAGACTTAGATCG,7,4721416
ybiY_ybiW_predicted,2.0,4,1,TTTGGACATACTCAGTTATA,3,4710379
ybiY_ybiW_predicted,3.0,6,1,TTTGCGGCTTAGAAGAGATT,5,4705398
ybiY_ybiW_predicted,5.0,10,1,TTTGATCTGGTATGCAAGTT,9,4726725
ybiY_ybiW_predicted,5.0,10,1,TTTCTTTCGGCGGATTGTAG,9,4725345
ybiY_ybiW_predicted,4.5,9,1,TTTCATCCCAGAGGAAAGCC,8,4709279
ybiY_ybiW_predicted,2.5,5,1,TTTACGGATGTCCACTCTCT,4,4691731
ybiY_ybiW_predicted,5.5,11,1,TTTACATCACTGCAACCTCA,10,4704731
ybiY_ybiW_predicted,1.0,2,1,TTGTGTACGGGTATTAATAT,1,4717752
ybiY_ybiW_predicted,2.5,5,1,TTGGCCTTATACTCAGTTGG,4,4701910
ybiY_ybiW_predicted,3.0,6,1,TTGCTGTTTATCTCTATATT,5,4707249
ybiY_ybiW_predicted,3.5,7,1,TTGACCCTCGTGTGCGTTAG,6,4724456
ybiY_ybiW_predicted,4.0,8,1,TTGACATAGACTTACAACTG,7,4701191
ybiY_ybiW_predicted,4.5,9,1,TTCTAAATCTCGTAGTGGTT,8,4709676
ybiY_ybiW_predicted,2.5,5,1,TTCGGGATTTCCGTGGCCCC,4,4714486
ybiY_ybiW_predicted,1.5,3,1,TTCGGCCGAAAGTCAACAGC,2,4719281
ybiY_ybiW_predicted,2.0,4,1,TTCGAAGCCGCAACTCGACA,3,4690318
ybiY_ybiW_predicted,14.5,29,1,TTCCTGCGGCCATGTGCGAA,28,4705698
ybiY_ybiW_predicted,9.0,18,1,TTCCCGTAGGTTGTTGCCTC,17,4720626
ybiY_ybiW_predicted,5.0,10,1,TTCCATACAAGTTGTGAATC,9,4719306
ybiY_ybiW_predicted,2.5,5,1,TTCCAACACACTGTAGGGCA,4,4714424
ybiY_ybiW_predicted,1.0,2,1,TTCACCTATCCTGTCGGAAC,1,4701184
ybiY_ybiW_predicted,3.0,6,1,TTATTATTGACGTCCGACTT,5,4699244
ybiY_ybiW_predicted,3.0,6,1,TTATGTTTCCATTAGCTCCT,5,4708272
ybiY_ybiW_predicted,1.5,3,1,TTATATGTCTCAGAAAATAC,2,4705635
ybiY_ybiW_predicted,2.5,5,1,TTATAAGGTATAAAGTTGCA,4,4691959
ybiY_ybiW_predicted,3.5,7,1,TTAGTACGCATTGTACGTGC,6,4712381
ybiY_ybiW_predicted,3.5,7,1,TTAGGGAATAAGGCTAGTTG,6,4714901
ybiY_ybiW_predicted,2.0,4,1,TTAGCACCCATCTCGGTTGT,3,4709576
ybiY_ybiW_predicted,3.0,6,1,TTACTCCAAGAGACCGCTCA,5,4704782
ybiY_ybiW_predicted,6.0,12,1,TTAAGCATATGTCAAAACAA,11,4722120
ybiY_ybiW_predicted,4.0,8,1,TTAAGAAGGCTCAAGAAGCC,7,4704896
ybiY_ybiW_predicted,1.5,3,1,TTAACTGCGGAGAGTATTTA,2,4707933
ybiY_ybiW_predicted,8.5,17,1,TTAACCCACAGATTTCATCT,16,4706103
ybiY_ybiW_predicted,3.0,6,1,TTAAAGTGGGCGAAAGGCAA,5,4718578
ybiY_ybiW_predicted,4.0,8,1,TGTTCGGAAGATTCAGAGGG,7,4721366
ybiY_ybiW_predicted,4.0,8,1,TGTGTATTGTGATACGCGTA,7,4727594
ybiY_ybiW_predicted,9.0,18,1,TGTCTCGCTATGTTTCAGTG,17,4731262
ybiY_ybiW_predicted,3.5,7,1,TGTCTAAACCATCTATGGGG,6,4698374
ybiY_ybiW_predicted,2.5,5,1,TGTCCACAGGGCCTGAGTTA,4,4712406
ybiY_ybiW_predicted,59.5,119,1,TGTCAGTGTTTGAAGTCTCC,118,4721020
ybiY_ybiW_predicted,6.5,13,1,TGTCAGCAAATCGTCATTGA,12,4713008
ybiY_ybiW_predicted,3.5,7,1,TGTATCACTAACGACAGACC,6,4707938
ybiY_ybiW_predicted,2.0,4,1,TGTACTTACGTAACATTCAA,3,4731102
ybiY_ybiW_predicted,2.0,4,1,TGGTATATGAGACAGTTACT,3,4712007
ybiY_ybiW_predicted,1.5,3,1,TGGGTCTTGCGCGGAAATTG,2,4700480
ybiY_ybiW_predicted,9.5,19,1,TGGGGCCAGTTCATCGAAAC,18,4724082
ybiY_ybiW_predicted,4.5,9,1,TGGGATTAAGCTTTGCGGAC,8,4715799
ybiY_ybiW_predicted,1.0,2,1,TGGGACGTGCCCGGCATGGC,1,4694605
ybiY_ybiW_predicted,3.5,7,1,TGGCGCGGATAAACATAAAA,6,4702869
ybiY_ybiW_predicted,4.5,9,1,TGGATACGGATGAGGCTTTG,8,4717220
ybiY_ybiW_predicted,3.5,7,1,TGGACTTGGATGAGGGCGGC,6,4702635
ybiY_ybiW_predicted,4.0,8,1,TGCTTTCTCCTGAAGCACAT,7,4713765
ybiY_ybiW_predicted,2.5,5,1,TGCTCGAAATGCCGATGTAA,4,4706514
ybiY_ybiW_predicted,8.5,17,1,TGCTAAGAACGACGATTGAA,16,4730241
ybiY_ybiW_predicted,4.0,8,1,TGCGTGACGCGGTACTCTGA,7,4720564
ybiY_ybiW_predicted,4.5,9,1,TGCGTAACCTTATCGGGGGG,8,4720026
ybiY_ybiW_predicted,5.5,11,1,TGCGGAACATTCTAAGTTCC,10,4731097
ybiY_ybiW_predicted,16.0,32,1,TGCGATGAAATATGGGAAGC,31,4726410
ybiY_ybiW_predicted,3.0,6,1,TGCGATCAACGACAAACTTG,5,4727604
ybiY_ybiW_predicted,2.5,5,1,TGCAGCACAGTCAGTACCAG,4,4718733
ybiY_ybiW_predicted,2.5,5,1,TGAGTATGTAGCATGGAATG,4,4717110
ybiY_ybiW_predicted,3.5,7,1,TGAGCGTGTAATGAAAAATG,6,4704555
ybiY_ybiW_predicted,3.5,7,1,TGAGCGGCTGGCTTTAGTAT,6,4696864
ybiY_ybiW_predicted,6.0,12,1,TGAGATCACCCCCCGTTCAT,11,4725559
ybiY_ybiW_predicted,2.0,4,1,TGACGCGGTTTTAGTTAGAA,3,4690981
ybiY_ybiW_predicted,8.5,17,1,TGACGCGATATCTGTATTTG,16,4700881
ybiY_ybiW_predicted,1.5,3,1,TGAATATCGTAACCGTATTA,2,4713079
ybiY_ybiW_predicted,7.5,15,1,TCTTTCACTGTGGCCTACTT,14,4704812
ybiY_ybiW_predicted,2.5,5,1,TCTTCGGGTTCGTATGTCCT,4,4729653
ybiY_ybiW_predicted,2.5,5,1,TCTTAGGCTATATAACTTGA,4,4710845
ybiY_ybiW_predicted,7.5,15,1,TCTCGATCGAACAATAGTAA,14,4694460
ybiY_ybiW_predicted,2.0,4,1,TCTCCCCCCTAAAGTGGCGT,3,4705215
ybiY_ybiW_predicted,6.0,12,1,TCTCCAATCTGGTAATGTGG,11,4697173
ybiY_ybiW_predicted,2.0,4,1,TCTATGTTGATACGATAACG,3,4706689
ybiY_ybiW_predicted,3.0,6,1,TCTAGGGATGTGGATAGGGT,5,4723202
ybiY_ybiW_predicted,3.5,7,1,TCGTCATATGCCTTGGGGGC,6,4714252
ybiY_ybiW_predicted,5.0,10,1,TCGGTGGAGTTTCACGGGTA,9,4717631
ybiY_ybiW_predicted,5.0,10,1,TCGGTAGCAAGCTTTTTCAT,9,4701615
ybiY_ybiW_predicted,1.5,3,1,TCGGGCAAAAACCGAGCCTA,2,4725607
ybiY_ybiW_predicted,8.0,16,1,TCGGATCAGTAATTCCCCGG,15,4724924
ybiY_ybiW_predicted,6.0,12,1,TCGCGACTGAACTAAAGTTA,11,4720393
ybiY_ybiW_predicted,30.5,61,1,TCGATCAAGGGTACATCCGT,60,4697298
ybiY_ybiW_predicted,4.0,8,1,TCGACTGCGGGTCTTCCTGA,7,4689070
ybiY_ybiW_predicted,8.5,17,1,TCGACCGAAAGACACTTTAG,16,4709215
ybiY_ybiW_predicted,6.0,12,1,TCCTTCCGTCTAGGGTCTGC,11,4729057
ybiY_ybiW_predicted,1.5,3,1,TCCGGTCAAGGTAGAGCGTT,2,4690773
ybiY_ybiW_predicted,4.0,8,1,TCCGGGCACCCGATTGAATC,7,4714257
ybiY_ybiW_predicted,3.0,6,1,TCCGGGACCTACCTTCAAAA,5,4703923
ybiY_ybiW_predicted,2.0,4,1,TCCGCAGTGTGCTACTCCTT,3,4704938
ybiY_ybiW_predicted,1.5,3,1,TCCGACGGCAATCGGGACGC,2,4711268
ybiY_ybiW_predicted,6.5,13,1,TCCGACCTGCTCCTTATCTC,12,4713169
ybiY_ybiW_predicted,5.5,11,1,TCCCTTCCAGGGTAGTTCCT,10,4696668
ybiY_ybiW_predicted,2.0,4,1,TCATTGAAAGGCGGGAAGCA,3,4712182
ybiY_ybiW_predicted,22.5,45,1,TCAGGTCTGCACAGCCTATC,44,4700033
ybiY_ybiW_predicted,2.5,5,1,TCAGGAGCCGTTGCCACAGT,4,4713509
ybiY_ybiW_predicted,7.0,14,1,TCAGATTCCTTTTACTTTCT,13,4689176
ybiY_ybiW_predicted,3.5,7,1,TCACGTAGACCCAACATTGA,6,4689421
ybiY_ybiW_predicted,3.0,6,1,TCAATTAGCCCTGTTGTCTC,5,4698648
ybiY_ybiW_predicted,8.0,16,1,TCAAGGTCCATACAGTCCGA,15,4720477
ybiY_ybiW_predicted,26.0,52,1,TCAACGCTAGGCTAGGCTAG,51,4697689
ybiY_ybiW_predicted,7.0,14,1,TCAACAGGAAAGTGTTATGT,13,4695673
ybiY_ybiW_predicted,4.0,8,1,TATTACATCTTAATTTCGCA,7,4695442
ybiY_ybiW_predicted,1.0,2,1,TATGCATAACTAAGGGGAGA,1,4712788
ybiY_ybiW_predicted,7.5,15,1,TATCGACCGGCATAGCGGTG,14,4718904
ybiY_ybiW_predicted,3.0,6,1,TATCAGAGTTAGAATCGTTG,5,4709207
ybiY_ybiW_predicted,4.0,8,1,TATAATTCTGGCTGGACTTC,7,4720434
ybiY_ybiW_predicted,5.5,11,1,TATAAGCTGCAAAAACGTCC,10,4705412
ybiY_ybiW_predicted,7.0,14,1,TAGGAACCCTTGGTTATCAT,13,4723251
ybiY_ybiW_predicted,4.5,9,1,TAGCAAGGGAGGGTTTCGTA,8,4690830
ybiY_ybiW_predicted,2.5,5,1,TAGACCACGAAGCAGGCACT,4,4692903
ybiY_ybiW_predicted,2.0,4,1,TACTCATATATCCTTTTTAG,3,4706628
ybiY_ybiW_predicted,18.5,37,1,TACGTCGTACTTGGTGTTGG,36,4728413
ybiY_ybiW_predicted,4.5,9,1,TACGTCGGATATGGTCACTG,8,4714702
ybiY_ybiW_predicted,5.5,11,1,TACGTATAGAGGCATAGTAA,10,4695890
ybiY_ybiW_predicted,6.0,12,1,TACGGTGCCGGTAATGCCCT,11,4724109
ybiY_ybiW_predicted,2.0,4,1,TACCGTTTTGAATCGCCACA,3,4705123
ybiY_ybiW_predicted,3.5,7,1,TACACGGTGGTTTGTGCTGG,6,4726908
ybiY_ybiW_predicted,5.0,10,1,TACAAATCCAAAGTTTCTTG,9,4715497
ybiY_ybiW_predicted,3.5,7,1,TAATTTGCCCCCACAAGGGC,6,4690197
ybiY_ybiW_predicted,6.0,12,1,TAATTGAAGCCTTCCCGTCA,11,4697885
ybiY_ybiW_predicted,4.0,8,1,TAAGTTCAACACGCCCCTTG,7,4701751
ybiY_ybiW_predicted,1.0,2,1,TAAGTGAAAAAATGCTCAGG,1,4706018
ybiY_ybiW_predicted,3.0,6,1,TAACTATGCGTGTTTACGTA,5,4728266
ybiY_ybiW_predicted,13.0,26,1,TAACGGTGTTTGTGAGGCTG,25,4714979
ybiY_ybiW_predicted,7.5,15,1,TAACACAGCGCAATCCTCGC,14,4723289
ybiY_ybiW_predicted,2.5,5,1,TAAATCTTAGGGCAGCTGCT,4,4702591
ybiY_ybiW_predicted,1.5,3,1,TAAAAGTCCCAACGGGATGC,2,4727434
ybiY_ybiW_predicted,2.5,5,1,GTTTGGTCTTGTGCTTATGC,4,4705923
ybiY_ybiW_predicted,1.5,3,1,GTTGTCGAAGGTGGCACAGC,2,4689151
ybiY_ybiW_predicted,14.0,28,1,GTTGCACGGCCAGGGTCGAT,27,4706780
ybiY_ybiW_predicted,4.5,9,1,GTTGATCCGCTGGTGACGCG,8,4714961
ybiY_ybiW_predicted,2.0,4,1,GTTCGCGCTATGTTGGTTAA,3,4704641
ybiY_ybiW_predicted,3.5,7,1,GTTATATGAACGTCAGTTAC,6,4716871
ybiY_ybiW_predicted,3.5,7,1,GTGTTTTACTTAATTTATCC,6,4696962
ybiY_ybiW_predicted,4.0,8,1,GTGTTGGATGTTTATCGTGA,7,4722765
ybiY_ybiW_predicted,3.5,7,1,GTGTGGCCCCTTCGATTGCC,6,4712735
ybiY_ybiW_predicted,6.0,12,1,GTGTAACTCCGGTGTAGGCC,11,4693625
ybiY_ybiW_predicted,3.5,7,1,GTGGGAGTACACATGCCGCT,6,4701090
ybiY_ybiW_predicted,2.0,4,1,GTGGCTCGTGGTGAGTCTTG,3,4714459
ybiY_ybiW_predicted,1.5,3,1,GTGGACATGTAGCAAGCTAT,2,4724584
ybiY_ybiW_predicted,4.5,9,1,GTGCCGCAATCATACTCCTA,8,4710213
ybiY_ybiW_predicted,2.5,5,1,GTGCCCATGAGGTGAACGCC,4,4717763
ybiY_ybiW_predicted,4.0,8,1,GTGCAGGCTAGTAATCTACG,7,4714642
ybiY_ybiW_predicted,3.5,7,1,GTGAGGAATAGATGAACAAT,6,4701155
ybiY_ybiW_predicted,2.5,5,1,GTGAGATACGATATCCCGCA,4,4701088
ybiY_ybiW_predicted,2.0,4,1,GTCGTTGAATGCGCGACGTG,3,4694471
ybiY_ybiW_predicted,2.5,5,1,GTCGCAGAGGTTTAAATAAG,4,4715340
ybiY_ybiW_predicted,2.5,5,1,GTCACGCATTTCCTTCCACT,4,4691481
ybiY_ybiW_predicted,1.5,3,1,GTATTGAACGTCGAGGCGGG,2,4702189
ybiY_ybiW_predicted,4.0,8,1,GTAGTTATGCGGCACCGGAT,7,4708234
ybiY_ybiW_predicted,5.0,10,1,GTAGTATATTTGTGAGGAGT,9,4716034
ybiY_ybiW_predicted,3.5,7,1,GTAGAAAATGAAGTAAGTCC,6,4727588
ybiY_ybiW_predicted,1.0,2,1,GGTTTGGATGCGTAAAATAT,1,4709491
ybiY_ybiW_predicted,4.5,9,1,GGTTTGCGCCTGACAGTAGG,8,4725533
ybiY_ybiW_predicted,2.5,5,1,GGTGTATCTTTACCAGTTCG,4,4698468
ybiY_ybiW_predicted,2.5,5,1,GGTGGGACAGTGGATACGAT,4,4730560
ybiY_ybiW_predicted,2.0,4,1,GGTGCAAGTGATGTGTGGGG,3,4714093
ybiY_ybiW_predicted,3.0,6,1,GGTGATCCTCAATTTCCAGG,5,4692092
ybiY_ybiW_predicted,7.0,14,1,GGTGACTAGCTCTGCTACCT,13,4720791
ybiY_ybiW_predicted,18.0,36,1,GGTCGGTCTTACTGCGTCTA,35,4722982
ybiY_ybiW_predicted,10.0,20,1,GGTCGCATCTGATGCACTCG,19,4710926
ybiY_ybiW_predicted,3.5,7,1,GGTCACTATTAGGCTCCTAA,6,4699230
ybiY_ybiW_predicted,4.0,8,1,GGTATCCGGACCGGGTATTT,7,4721612
ybiY_ybiW_predicted,2.5,5,1,GGTACCGTAACTGGAGATCA,4,4710856
ybiY_ybiW_predicted,5.0,10,1,GGTAACTTTTAATTGAAGTA,9,4701206
ybiY_ybiW_predicted,3.5,7,1,GGTAACGAAATGGCGTTACA,6,4726144
ybiY_ybiW_predicted,2.0,4,1,GGGTGGAAGGGTCCAATGCG,3,4730758
ybiY_ybiW_predicted,1.0,2,1,GGGTGCAGCCGTCCGTTTAT,1,4723676
ybiY_ybiW_predicted,4.0,8,1,GGGTCCGAGGTAGGGGTAGG,7,4709895
ybiY_ybiW_predicted,11.5,23,1,GGGCGTGTTTAAATTCGTTA,22,4715776
ybiY_ybiW_predicted,1.0,2,1,GGGCGGACAACAGCGAGTTC,1,4732423
ybiY_ybiW_predicted,8.0,16,1,GGGCGCTCTTAAGCGGACGG,15,4721388
ybiY_ybiW_predicted,2.5,5,1,GGGCCTTTTTGGATCATAAT,4,4719454
ybiY_ybiW_predicted,5.0,10,1,GGGAATGGGGCGAACTAGCT,9,4726726
ybiY_ybiW_predicted,6.5,13,1,GGCTGATGCAGATGGTCCAC,12,4692116
ybiY_ybiW_predicted,47.5,95,1,GGCTACATTACTCAGATGGT,94,4690076
ybiY_ybiW_predicted,145.0,290,1,GGCGTACATCCAGTCCGTGA,289,4713677
ybiY_ybiW_predicted,8.0,16,1,GGCCACGGCGGACTGGGCTA,15,4725555
ybiY_ybiW_predicted,2.5,5,1,GGCATTGTAGGTCGCCATAT,4,4729980
ybiY_ybiW_predicted,5.5,11,1,GGCAGATATCTAAAGTCCTC,10,4723256
ybiY_ybiW_predicted,12.0,24,1,GGATAGTGGTTGCGCGCTAG,23,4697108
ybiY_ybiW_predicted,2.0,4,1,GGAGGCCGAAATTTGGCGTA,3,4711019
ybiY_ybiW_predicted,3.5,7,1,GGACTTTGTTGTACTTGAGG,6,4689134
ybiY_ybiW_predicted,1.5,3,1,GGACGGTACATTGAAATGGG,2,4727993
ybiY_ybiW_predicted,2.0,4,1,GGAATACCCGCTTTCGGACA,3,4729151
ybiY_ybiW_predicted,3.0,6,1,GCTTTCTCATCACATGCGCG,5,4689435
ybiY_ybiW_predicted,9.0,18,1,GCTTGTCATGGAGGTGGCAA,17,4731269
ybiY_ybiW_predicted,2.5,5,1,GCTTCCCAAGCGGATTTGAG,4,4695589
ybiY_ybiW_predicted,6.0,12,1,GCTGTTTTGTGATTTCGAAG,11,4704450
ybiY_ybiW_predicted,3.5,7,1,GCTGTCTCTTCATCTTCTGA,6,4713172
ybiY_ybiW_predicted,1.5,3,1,GCTGTCCAGAGATGATGCTT,2,4724126
ybiY_ybiW_predicted,1.5,3,1,GCTGTACCGGTTAACGAGGA,2,4701721
ybiY_ybiW_predicted,9.5,19,1,GCTGGTTCAAGCGTTCGAAC,18,4690387
ybiY_ybiW_predicted,3.5,7,1,GCTGGTCGGACACAAAGGTT,6,4732623
ybiY_ybiW_predicted,2.5,5,1,GCTCGGTACCGGCAATATTG,4,4699364
ybiY_ybiW_predicted,3.5,7,1,GCTCGGCCAACTGGTGGTAG,6,4725770
ybiY_ybiW_predicted,6.0,12,1,GCTAGCCGTTATATATAGAG,11,4705027
ybiY_ybiW_predicted,1.5,3,1,GCGTACGTAAAGTGTTTACG,2,4725897
ybiY_ybiW_predicted,3.0,6,1,GCGGCACAGGAATTAAGCGT,5,4715341
ybiY_ybiW_predicted,3.5,7,1,GCGGATCGTCCCCTCGAGGT,6,4719481
ybiY_ybiW_predicted,2.0,4,1,GCGCGATGGTCGTCCCGGCT,3,4704229
ybiY_ybiW_predicted,1.0,2,1,GCGCCCGGGGCAATACTATC,1,4691618
ybiY_ybiW_predicted,6.0,12,1,GCGATTTTCGAGTTCAGGAC,11,4699665
ybiY_ybiW_predicted,1.5,3,1,GCGATTACGTGTGCGGTAAG,2,4690542
ybiY_ybiW_predicted,1.0,2,1,GCGAAAGTCCCTCGAAAAGT,1,4709320
ybiY_ybiW_predicted,6.0,12,1,GCCGGACTTGATATAGAAAT,11,4701737
ybiY_ybiW_predicted,3.5,7,1,GCCGCCTTCACTCCTCTATC,6,4714397
ybiY_ybiW_predicted,1.5,3,1,GCCCTAGGACCAGCACTCGT,2,4698845
ybiY_ybiW_predicted,1.5,3,1,GCCCGGCGAGGCGGGGCATT,2,4698635
ybiY_ybiW_predicted,2.5,5,1,GCCACTCCCAGGGATTTTAC,4,4691057
ybiY_ybiW_predicted,1.0,2,1,GCAGTAATGGGACTCGACCT,1,4724567
ybiY_ybiW_predicted,9.5,19,1,GCAGGGGCAAGATTACCCAA,18,4691477
ybiY_ybiW_predicted,5.0,10,1,GCAGCAGGTACTACCGGTGT,9,4702416
ybiY_ybiW_predicted,6.5,13,1,GCAGATTGTGAACGTCTTTT,12,4712618
ybiY_ybiW_predicted,4.0,8,1,GCACGGGGCTCGCGTTTGCT,7,4731353
ybiY_ybiW_predicted,1.5,3,1,GCACCCAACTCATCAACCCA,2,4721876
ybiY_ybiW_predicted,2.0,4,1,GCAACCCCTCCTCGGGGCGC,3,4694165
ybiY_ybiW_predicted,6.5,13,1,GCAAAGGTCGCGCCGCTGCT,12,4727085
ybiY_ybiW_predicted,14.5,29,1,GATTCCAGCGCAGTCTGGTG,28,4697301
ybiY_ybiW_predicted,3.0,6,1,GATTACGTCGAGGTTTGGGT,5,4703149
ybiY_ybiW_predicted,3.0,6,1,GATTAATGCGGCTCGCTCAT,5,4710217
ybiY_ybiW_predicted,2.0,4,1,GATCGATTGCCCTACCTTCA,3,4727325
ybiY_ybiW_predicted,4.0,8,1,GATCAAACCTCACAGGCTAT,7,4715641
ybiY_ybiW_predicted,5.0,10,1,GATAATGCTGTAGCTAGGGG,9,4710498
ybiY_ybiW_predicted,4.0,8,1,GAGTAGTTAAACGGTTCTGG,7,4694141
ybiY_ybiW_predicted,2.5,5,1,GAGGGGTACCTCATAGGGTT,4,4714751
ybiY_ybiW_predicted,6.5,13,1,GAGCTTACCATAAACATCAT,12,4699207
ybiY_ybiW_predicted,7.0,14,1,GAGCTCCGAAAGACGGCGGC,13,4705141
ybiY_ybiW_predicted,4.0,8,1,GAGCAAGTGAACGCAATACG,7,4709970
ybiY_ybiW_predicted,1.5,3,1,GAGACAATAACAGAATGGTA,2,4722837
ybiY_ybiW_predicted,5.0,10,1,GAGAAAGTGGTGGAGTTGAA,9,4707735
ybiY_ybiW_predicted,3.0,6,1,GACTCCGATACGGTCAATCG,5,4699358
ybiY_ybiW_predicted,1.0,2,1,GACTCATCCGGTAAAATCCG,1,4701522
ybiY_ybiW_predicted,4.0,8,1,GACGGAAAGAGCGCACAGAT,7,4707928
ybiY_ybiW_predicted,12.5,25,1,GACCTTTACCGTACTTTTAC,24,4716431
ybiY_ybiW_predicted,3.5,7,1,GACCTCGGTCGAGTGGGTAC,6,4728746
ybiY_ybiW_predicted,15.0,30,1,GACCCATCGTTCGGCTTTCG,29,4694458
ybiY_ybiW_predicted,4.0,8,1,GACCAATTTTTATTACCCCT,7,4709773
ybiY_ybiW_predicted,3.0,6,1,GACATGTAGATCTCCGGGGA,5,4714667
ybiY_ybiW_predicted,5.5,11,1,GAATTAGGGAGTTTACCTCC,10,4716240
ybiY_ybiW_predicted,3.5,7,1,GAATGCATATGTTTCCTACC,6,4701694
ybiY_ybiW_predicted,2.5,5,1,GAATCCAGTTTCGCGGCACG,4,4702222
ybiY_ybiW_predicted,10.5,21,1,GAAGGTTCTGTTGATCGCGC,20,4698236
ybiY_ybiW_predicted,1.5,3,1,GAAGGGAAACGTGAGACCTA,2,4727696
ybiY_ybiW_predicted,13.0,26,1,GAAGGCCGTTTGGTAGAGAT,25,4710791
ybiY_ybiW_predicted,2.0,4,1,GAAGACATAACTCTCATCGG,3,4720048
ybiY_ybiW_predicted,1.0,2,1,GAACTTCACTCGACCGCTTC,1,4691664
ybiY_ybiW_predicted,2.0,4,1,CTTTTCGTAGACCTCAATTG,3,4706329
ybiY_ybiW_predicted,1.0,2,1,CTTTCAGTTTAGCGAATAAC,1,4719949
ybiY_ybiW_predicted,4.0,8,1,CTTTATTGGCGACTGCTTCG,7,4725054
ybiY_ybiW_predicted,29.5,59,1,CTTGTAATGTCTCTTTTGGG,58,4710800
ybiY_ybiW_predicted,33.0,66,1,CTTGTAATCGCAATGGGATA,65,4697098
ybiY_ybiW_predicted,2.0,4,1,CTTGGGGTTAACATGCTTGA,3,4715031
ybiY_ybiW_predicted,1.0,2,1,CTTGCGCAGGCATCCCCGGT,1,4689765
ybiY_ybiW_predicted,1.5,3,1,CTTCGTTTCTCTAACCCACT,2,4691379
ybiY_ybiW_predicted,2.5,5,1,CTTATGAGTGGCTGCTAGAA,4,4689785
ybiY_ybiW_predicted,6.0,12,1,CTGTGGCGAAGCATGTCTCT,11,4694644
ybiY_ybiW_predicted,2.5,5,1,CTGTACGCCGGTGAATGTTA,4,4702031
ybiY_ybiW_predicted,1.0,2,1,CTGGTCCCAGAACCGTACGC,1,4708213
ybiY_ybiW_predicted,1.5,3,1,CTGGCGAAGTTTATTCACTT,2,4715125
ybiY_ybiW_predicted,1.5,3,1,CTGGAGGAAAAGTGGTTGGC,2,4727501
ybiY_ybiW_predicted,11.0,22,1,CTGGACGAAAACATACCGGC,21,4709765
ybiY_ybiW_predicted,2.5,5,1,CTGCTCCAAAGCGTCGTGTG,4,4725506
ybiY_ybiW_predicted,2.0,4,1,CTGCCCTTCGGGGAAACTGT,3,4696887
ybiY_ybiW_predicted,3.5,7,1,CTGCCAATTCGATAGGTGCA,6,4692364
ybiY_ybiW_predicted,1.0,2,1,CTGCAGATTTATCGGAAGAC,1,4691051
ybiY_ybiW_predicted,3.5,7,1,CTGATTATTAAATAGGTGTA,6,4714153
ybiY_ybiW_predicted,6.5,13,1,CTGATGTTAGAGTACCTCCC,12,4707105
ybiY_ybiW_predicted,2.5,5,1,CTGACGCTGGAGAAGGAAAT,4,4688986
ybiY_ybiW_predicted,11.5,23,1,CTCTTTCACACGTGGGTGGC,22,4710094
ybiY_ybiW_predicted,5.0,10,1,CTCTTGGCCAGGCTTCCGAT,9,4730418
ybiY_ybiW_predicted,3.5,7,1,CTCTAAACCATTCACGGCTC,6,4689465
ybiY_ybiW_predicted,4.5,9,1,CTCCTTCCATGTGAATTGGG,8,4707259
ybiY_ybiW_predicted,4.0,8,1,CTCCATATTTGACAGCGGGG,7,4727400
ybiY_ybiW_predicted,4.5,9,1,CTCCAGCCAACTTAGCAAAC,8,4696683
ybiY_ybiW_predicted,7.0,14,1,CTCAGGACTACCCGACGACC,13,4713098
ybiY_ybiW_predicted,1.5,3,1,CTCAAGCATCTCATGACGTT,2,4730905
ybiY_ybiW_predicted,3.0,6,1,CTATCACATGGATATCCATG,5,4729549
ybiY_ybiW_predicted,2.0,4,1,CTATAAGAGAGGCCCCGGAG,3,4693839
ybiY_ybiW_predicted,8.0,16,1,CTAGGGGATTAATCACACGC,15,4708384
ybiY_ybiW_predicted,4.5,9,1,CTAGGATTCTACTCTTGGCC,8,4703717
ybiY_ybiW_predicted,2.0,4,1,CTAATATACTTGACCCGTAG,3,4725623
ybiY_ybiW_predicted,3.0,6,1,CGTCTAATAGGCTGACAAAG,5,4702482
ybiY_ybiW_predicted,7.0,14,1,CGTCGGCTGCCAGCACAGAA,13,4725036
ybiY_ybiW_predicted,9.0,18,1,CGTCATAAGAGGCCTGCGGG,17,4726220
ybiY_ybiW_predicted,3.5,7,1,CGTCAAATCGATGCGGCGCG,6,4722676
ybiY_ybiW_predicted,9.5,19,1,CGTATGTGACAAGGATCTGG,18,4721861
ybiY_ybiW_predicted,1.5,3,1,CGTAGTCGCTTTTTTAACGG,2,4709289
ybiY_ybiW_predicted,3.0,6,1,CGTAAACGCTGTGTGCGCGT,5,4729173
ybiY_ybiW_predicted,8.0,16,1,CGGTATAGACCTCTTTTGGT,15,4729269
ybiY_ybiW_predicted,4.5,9,1,CGGTAAACCGATATCAAAAA,8,4732311
ybiY_ybiW_predicted,3.0,6,1,CGGGTAGCAAACCTGAACAC,5,4712740
ybiY_ybiW_predicted,9.5,19,1,CGGGCCTAAGGTCGTAACTT,18,4714696
ybiY_ybiW_predicted,1.5,3,1,CGGCGTGGGACTAGCAGGGT,2,4709127
ybiY_ybiW_predicted,4.5,9,1,CGGCCTGTACGCCATCAGAT,8,4695069
ybiY_ybiW_predicted,42.5,85,1,CGGATCGTAGAGTTCCAGGT,84,4697090
ybiY_ybiW_predicted,1.0,2,1,CGGAATGTTTTGCATATGGT,1,4715872
ybiY_ybiW_predicted,11.5,23,1,CGCTGGGTTACTGCGGTTCT,22,4725757
ybiY_ybiW_predicted,10.5,21,1,CGCTCTACTAGCGCTTGGGA,20,4729882
ybiY_ybiW_predicted,2.5,5,1,CGCTATGCTCAGCGTTCTCC,4,4714017
ybiY_ybiW_predicted,5.5,11,1,CGCGTTTAATCACACGAGAA,10,4719812
ybiY_ybiW_predicted,18.5,37,1,CGCGTGTACCTTGGTATCTG,36,4708087
ybiY_ybiW_predicted,1.0,2,1,CGCGTCACCCCTCATTAGTC,1,4697120
ybiY_ybiW_predicted,9.5,19,1,CGCGGATGAACATGATTGCC,18,4703308
ybiY_ybiW_predicted,2.0,4,1,CGCGATTCAGTAAGATTCAA,3,4707861
ybiY_ybiW_predicted,2.0,4,1,CGCCCTCGTGTCACGGCCAC,3,4732396
ybiY_ybiW_predicted,4.0,8,1,CGCCCGAAGGAGCCGCCGAA,7,4693704
ybiY_ybiW_predicted,5.0,10,1,CGCATACAGCATGTTTCTGT,9,4701159
ybiY_ybiW_predicted,4.0,8,1,CGCAACTTACAACCCTTGCT,7,4710187
ybiY_ybiW_predicted,6.5,13,1,CGATGAGGGCCTTGTGGTGC,12,4697134
ybiY_ybiW_predicted,7.5,15,1,CGATGAAACAGCGCTTCTCC,14,4706084
ybiY_ybiW_predicted,4.5,9,1,CGATCCGGAAGGTGAAGCTT,8,4693028
ybiY_ybiW_predicted,3.5,7,1,CGAGTTTCTTGCATTTAGGT,6,4691446
ybiY_ybiW_predicted,1.0,2,1,CGAGGCGCTCAGAATTCCCA,1,4698237
ybiY_ybiW_predicted,2.0,4,1,CGAGACCGAGGTCCCCCGTG,3,4709485
ybiY_ybiW_predicted,2.0,4,1,CGAACAACTCCAAGGCGGAC,3,4697153
ybiY_ybiW_predicted,2.5,5,1,CCTTGTACTGTTGTAATAAC,4,4718440
ybiY_ybiW_predicted,3.0,6,1,CCTTAGGCGCCCCATGGGCG,5,4731223
ybiY_ybiW_predicted,2.0,4,1,CCTGTCGGCTGCACGCTTCC,3,4694310
ybiY_ybiW_predicted,2.0,4,1,CCTGCTGCGATAGGTTGATC,3,4728170
ybiY_ybiW_predicted,1.0,2,1,CCTCGTGATGCATTCCGTAT,1,4697723
ybiY_ybiW_predicted,3.0,6,1,CCGTCTTGGGGACTCAGGGG,5,4700766
ybiY_ybiW_predicted,1.0,2,1,CCGGAATACCTCCTGCCCGG,1,4717485
ybiY_ybiW_predicted,3.0,6,1,CCGGAAAGACGTAGTACGAT,5,4706632
ybiY_ybiW_predicted,3.5,7,1,CCGCTTCCCTCACTTCTTCC,6,4706143
ybiY_ybiW_predicted,2.5,5,1,CCGCCATGTAGAGATGTTAC,4,4696964
ybiY_ybiW_predicted,3.0,6,1,CCGCATAATTCACTGCATCA,5,4701699
ybiY_ybiW_predicted,1.5,3,1,CCGCAAAATTGAGAGTTTTG,2,4728156
ybiY_ybiW_predicted,4.0,8,1,CCCTTCCCAACATCCCGGCT,7,4710789
ybiY_ybiW_predicted,2.0,4,1,CCCGCCACGAGCATCGCCCC,3,4713421
ybiY_ybiW_predicted,6.0,12,1,CCCCGGGTAGCCAGACGCCT,11,4703136
ybiY_ybiW_predicted,2.0,4,1,CCCCGCAGGAGAGCGTTCGT,3,4703569
ybiY_ybiW_predicted,13.0,26,1,CCCCAGAGGGAAAGTAAATT,25,4693143
ybiY_ybiW_predicted,20.0,40,1,CCATTTGTATAGTATCTACG,39,4690060
ybiY_ybiW_predicted,4.0,8,1,CCATTCAGACAGTACCATCG,7,4693834
ybiY_ybiW_predicted,1.0,2,1,CCAGAGTGCACGCTGAGGAC,1,4728862
ybiY_ybiW_predicted,2.0,4,1,CCACTCCGGGACGATCGGTT,3,4731836
ybiY_ybiW_predicted,2.0,4,1,CCACACCAGAGACACCCTTT,3,4706427
ybiY_ybiW_predicted,15.5,31,1,CATTGGCGCATATAGATGTG,30,4713188
ybiY_ybiW_predicted,10.5,21,1,CATTAGAAATGGTACTAACC,20,4688926
ybiY_ybiW_predicted,2.0,4,1,CATGTCTTCAAATCGTTAAT,3,4714061
ybiY_ybiW_predicted,19.5,39,1,CATGTCTGCCGATAACGGCT,38,4721031
ybiY_ybiW_predicted,3.0,6,1,CATGTAAGTTCTGGTAAAGT,5,4721584
ybiY_ybiW_predicted,4.0,8,1,CATGGAATCCAAATCAGCTG,7,4726777
ybiY_ybiW_predicted,1.5,3,1,CATGCGATAGGCCAAATGCT,2,4720087
ybiY_ybiW_predicted,46.0,92,1,CATCTTTACGTATAGGACAG,91,4692847
ybiY_ybiW_predicted,4.0,8,1,CATCTTGTGTTCTGACATGC,7,4695587
ybiY_ybiW_predicted,1.5,3,1,CATCTGTCTGCAAACAGAGA,2,4712783
ybiY_ybiW_predicted,6.5,13,1,CATCGTTTGCCGGGAGGGCA,12,4722796
ybiY_ybiW_predicted,21.0,42,1,CATCGCTCATGTTCATGCTC,41,4700041
ybiY_ybiW_predicted,3.5,7,1,CATCATCAAGTTGAAAGCGT,6,4722019
ybiY_ybiW_predicted,12.5,25,1,CATCACTATAAATACCTTGC,24,4720501
ybiY_ybiW_predicted,3.0,6,1,CATAATGCTAGTACCATGAA,5,4697121
ybiY_ybiW_predicted,1.5,3,1,CAGTTAGCATGTCAATGTCA,2,4729823
ybiY_ybiW_predicted,2.5,5,1,CAGTTACTACGACCAGCACC,4,4704171
ybiY_ybiW_predicted,6.0,12,1,CAGTTACGCTGTGACATAGC,11,4690620
ybiY_ybiW_predicted,8.0,16,1,CAGTGTTCTTGTATGCTCCC,15,4703917
ybiY_ybiW_predicted,1.0,2,1,CAGTCGTTAAACGCCCCGTT,1,4726851
ybiY_ybiW_predicted,2.5,5,1,CAGGCATAGCTTGTTTAAAA,4,4730015
ybiY_ybiW_predicted,12.0,24,1,CAGCTCTTCGCAGTCCATTA,23,4717490
ybiY_ybiW_predicted,6.0,12,1,CAGAGTGGATTCCATCGTTT,11,4716427
ybiY_ybiW_predicted,4.5,9,1,CAGACACTCTACGGCGTATG,8,4706916
ybiY_ybiW_predicted,6.5,13,1,CAGAAATGCTTTGTATATCT,12,4704272
ybiY_ybiW_predicted,6.0,12,1,CACGTGTTCCGTTTGATAAA,11,4712910
ybiY_ybiW_predicted,5.0,10,1,CACGATTGGGCTGTCTGGAG,9,4699190
ybiY_ybiW_predicted,3.0,6,1,CACCTCATAGTTTGTGTGCG,5,4697180
ybiY_ybiW_predicted,2.0,4,1,CACATGCGTTAACTGATGAG,3,4724668
ybiY_ybiW_predicted,3.0,6,1,CAATTGTAGCACATTGCCTT,5,4727532
ybiY_ybiW_predicted,3.5,7,1,CAATGGCTCCGAATCCGTTG,6,4688618
ybiY_ybiW_predicted,1.0,2,1,CAATCATACTCTTAATTGTG,1,4708895
ybiY_ybiW_predicted,3.5,7,1,CAATATCACTCGACTGGAAC,6,4729992
ybiY_ybiW_predicted,3.5,7,1,CAATAATTGCTAATTACTAT,6,4707547
ybiY_ybiW_predicted,6.0,12,1,CAAGGCAGGATACGTCGGGG,11,4715081
ybiY_ybiW_predicted,1.5,3,1,CAACGGTTTCTCGCCAATGA,2,4705724
ybiY_ybiW_predicted,1.5,3,1,CAACGGAGTATAACTCCGAG,2,4725712
ybiY_ybiW_predicted,3.5,7,1,CAACGCATTTCCACGAGGCA,6,4692479
ybiY_ybiW_predicted,2.5,5,1,CAACCAATATCTGCACACCT,4,4692921
ybiY_ybiW_predicted,3.0,6,1,CAACATGTCGTGGAACGGGG,5,4703324
ybiY_ybiW_predicted,4.0,8,1,CAACACACTCAACAAGATGA,7,4699451
ybiY_ybiW_predicted,6.5,13,1,CAACAAATCAGGAAGTAGCC,12,4718120
ybiY_ybiW_predicted,7.0,14,1,CAAACGGATATCTGGCGTCT,13,4718668
ybiY_ybiW_predicted,4.0,8,1,CAAACGCTCCTATCAGGCTA,7,4688567
ybiY_ybiW_predicted,3.5,7,1,CAAACGCTATTACGCGTACT,6,4726309
ybiY_ybiW_predicted,2.5,5,1,ATTGTCCTACGCAACCAGGT,4,4690187
ybiY_ybiW_predicted,8.0,16,1,ATTGGTGACACTACACAAGC,15,4721420
ybiY_ybiW_predicted,8.0,16,1,ATTCGCATGCAAATGACTCC,15,4714338
ybiY_ybiW_predicted,8.0,16,1,ATTCCCGTAAAGAGTACATT,15,4691448
ybiY_ybiW_predicted,3.0,6,1,ATTCATTACCGCTATTCGGT,5,4730316
ybiY_ybiW_predicted,5.5,11,1,ATTATAGAAGTGTAAGCCAT,10,4719703
ybiY_ybiW_predicted,1.5,3,1,ATTAGGCTATTCCCGCCCTA,2,4704726
ybiY_ybiW_predicted,1.0,2,1,ATTACGTGACACTGCTACTA,1,4723413
ybiY_ybiW_predicted,3.5,7,1,ATGTTGAGGGCTATGGCGCG,6,4725916
ybiY_ybiW_predicted,3.5,7,1,ATGTACTCAGTAACGTGGGA,6,4692152
ybiY_ybiW_predicted,6.0,12,1,ATGGTACATTTTCGACGTAA,11,4710865
ybiY_ybiW_predicted,1.0,2,1,ATGAGCAAGGAGGACGAGGT,1,4700216
ybiY_ybiW_predicted,3.0,6,1,ATGACCGCGGGGGACGGTTT,5,4730520
ybiY_ybiW_predicted,2.0,4,1,ATCGTCACAATATGACAAGA,3,4729333
ybiY_ybiW_predicted,4.5,9,1,ATCGCGAACATTAGTCTACA,8,4728484
ybiY_ybiW_predicted,1.0,2,1,ATCGCCCATCTTATTCTCCC,1,4728997
ybiY_ybiW_predicted,2.5,5,1,ATCGACAGACGACTTGTCCC,4,4722802
ybiY_ybiW_predicted,2.0,4,1,ATCCTGAGATGCTCCACCCG,3,4719844
ybiY_ybiW_predicted,9.5,19,1,ATCACGTCTGTCCAATAATG,18,4712623
ybiY_ybiW_predicted,2.5,5,1,ATATCGACTTTACTTGTTCG,4,4715712
ybiY_ybiW_predicted,1.5,3,1,ATAGTTAGCTGTGCTTCCCC,2,4730318
ybiY_ybiW_predicted,2.0,4,1,ATAGGGAAATCTCAACATGG,3,4705310
ybiY_ybiW_predicted,4.5,9,1,ATAGAGCTAATTCCCGCTGA,8,4710172
ybiY_ybiW_predicted,1.5,3,1,ATACTCTAATTTTATCTAGG,2,4693972
ybiY_ybiW_predicted,4.0,8,1,ATACCTCCTACAGATGCCAA,7,4715297
ybiY_ybiW_predicted,14.5,29,1,ATACCACATACGCTCCGTGT,28,4713322
ybiY_ybiW_predicted,4.0,8,1,ATACATACGAGACGGCATCA,7,4702188
ybiY_ybiW_predicted,4.5,9,1,ATACAGGTTGTCGGCCCTGG,8,4715116
ybiY_ybiW_predicted,3.0,6,1,ATACAATTCCGTAAGATGTC,5,4690191
ybiY_ybiW_predicted,4.5,9,1,AGTGTAAGTTTGATAAAGAC,8,4699473
ybiY_ybiW_predicted,1.0,2,1,AGTGCGATCGTGGCGTCCCC,1,4710849
ybiY_ybiW_predicted,8.0,16,1,AGTGCCATAGCCGGTTTCTT,15,4717634
ybiY_ybiW_predicted,5.5,11,1,AGTGAAGCAGCTACAGGTGT,10,4712938
ybiY_ybiW_predicted,2.5,5,1,AGTGAACAGACAGAAACAGT,4,4732133
ybiY_ybiW_predicted,1.5,3,1,AGTCGCTGCAAGGTTAATCT,2,4691199
ybiY_ybiW_predicted,5.5,11,1,AGTCGATATAGATATAATGC,10,4720120
ybiY_ybiW_predicted,5.0,10,1,AGTCGAGCACTTTCGAGGAT,9,4716003
ybiY_ybiW_predicted,2.0,4,1,AGTATCCAAATACTCTTGTA,3,4720691
ybiY_ybiW_predicted,1.5,3,1,AGTACGATTGTGTCTTGTGC,2,4699770
ybiY_ybiW_predicted,4.5,9,1,AGGTTCCATCCCGTGAGATT,8,4728703
ybiY_ybiW_predicted,71.0,142,1,AGGTCAAAAAGCCTGGGACT,141,4700025
ybiY_ybiW_predicted,7.0,14,1,AGGTATATATTTCACTCAAA,13,4720828
ybiY_ybiW_predicted,2.0,4,1,AGGGGATTGGGTGAGTATTC,3,4710977
ybiY_ybiW_predicted,2.0,4,1,AGGGGAAGTTCCCATACGAG,3,4709820
ybiY_ybiW_predicted,15.5,31,1,AGGGATGTCCGGTAGGCAGA,30,4723799
ybiY_ybiW_predicted,19.5,39,1,AGGATTACACAATATCCTAA,38,4718798
ybiY_ybiW_predicted,3.0,6,1,AGGATATCGGAACGCGATGA,5,4711237
ybiY_ybiW_predicted,3.5,7,1,AGCTTTTCCGTCCTCACTTG,6,4702190
ybiY_ybiW_predicted,5.0,10,1,AGCGCACCCGCAAATTACGG,9,4730739
ybiY_ybiW_predicted,7.5,15,1,AGCCCTCGAACTGTGACTCT,14,4712468
ybiY_ybiW_predicted,10.5,21,1,AGCCCCCCGAAAGTTTGATT,20,4720675
ybiY_ybiW_predicted,10.5,21,1,AGCATCTAAGTCATTCTCAT,20,4713988
ybiY_ybiW_predicted,3.0,6,1,AGCACCCCCGTAGGCGAGAC,5,4721531
ybiY_ybiW_predicted,4.5,9,1,AGCACATGTTAAGATGGACG,8,4727589
ybiY_ybiW_predicted,1.5,3,1,AGATCCTTGGCCCATCTGAG,2,4716573
ybiY_ybiW_predicted,5.0,10,1,AGATAATCACAACCAAGCGA,9,4702185
ybiY_ybiW_predicted,3.5,7,1,AGATAAAGATGTCACTTGTC,6,4712541
ybiY_ybiW_predicted,5.5,11,1,AGAGTTTGCATGTTGCAATC,10,4703719
ybiY_ybiW_predicted,1.0,2,1,AGAGTTCACATCCAGTACTA,1,4698263
ybiY_ybiW_predicted,3.0,6,1,AGAGTTATGTGCTATAACCT,5,4700250
ybiY_ybiW_predicted,4.0,8,1,AGACTTCGGTGTTCATGATA,7,4714336
ybiY_ybiW_predicted,7.5,15,1,AGAAGTGTAGTTAGTAATCA,14,4704987
ybiY_ybiW_predicted,4.5,9,1,ACTTGTCCAAACCAAGCTAC,8,4699439
ybiY_ybiW_predicted,1.0,2,1,ACTTGTAGCATTAAAGGAAC,1,4731200
ybiY_ybiW_predicted,2.5,5,1,ACTTGGTAGAGCAACCGCGT,4,4721059
ybiY_ybiW_predicted,4.0,8,1,ACTTCTCGCGGCGATACAAG,7,4727399
ybiY_ybiW_predicted,5.5,11,1,ACTTCCGGGATGTGGGACTA,10,4704835
ybiY_ybiW_predicted,6.0,12,1,ACTGCACCTGGAAAATCGAA,11,4725460
ybiY_ybiW_predicted,3.0,6,1,ACTCTTTGGTATATGGCTCG,5,4697414
ybiY_ybiW_predicted,2.0,4,1,ACTCCTACTTAGTAAATATA,3,4690962
ybiY_ybiW_predicted,2.0,4,1,ACTATAATCGAATGCTCAGG,3,4720733
ybiY_ybiW_predicted,2.0,4,1,ACGTAAAGCGGGTCCGAAGA,3,4695067
ybiY_ybiW_predicted,4.5,9,1,ACGGTTCCTCCGCGATAGCG,8,4705927
ybiY_ybiW_predicted,3.0,6,1,ACGGCTCAAGGTTTAGCGTA,5,4712690
ybiY_ybiW_predicted,15.5,31,1,ACGGCACGTGCGCTTGTGGA,30,4721972
ybiY_ybiW_predicted,8.5,17,1,ACGGCACCAGCACCCGCACA,16,4709929
ybiY_ybiW_predicted,6.0,12,1,ACGCTTACGTTGATCCTGGC,11,4706811
ybiY_ybiW_predicted,1.5,3,1,ACGCGTGGCTATCTATCGAC,2,4719545
ybiY_ybiW_predicted,3.5,7,1,ACGCGAGGGTACATCTCAGT,6,4697671
ybiY_ybiW_predicted,1.0,2,1,ACGCCTGTATGCGCCAAGTA,1,4727703
ybiY_ybiW_predicted,4.0,8,1,ACGATTTATTAGTGAGAATG,7,4726403
ybiY_ybiW_predicted,16.5,33,1,ACGACCACCCAACCCAAGCA,32,4722978
ybiY_ybiW_predicted,2.0,4,1,ACGAACGGAGAACATCCTGT,3,4720634
ybiY_ybiW_predicted,2.0,4,1,ACCTGGAGGTATTCTACCGT,3,4732583
ybiY_ybiW_predicted,41.0,82,1,ACCGGGTCAGATGTCCTATA,81,4710917
ybiY_ybiW_predicted,3.0,6,1,ACCGACGCCATTCGACTACG,5,4699828
ybiY_ybiW_predicted,3.0,6,1,ACCCGAGTATCGCGCAATTG,5,4714168
ybiY_ybiW_predicted,13.0,26,1,ACCATGCCTATTTACCAATC,25,4714403
ybiY_ybiW_predicted,1.0,2,1,ACCAATGTCACTATGTTTTT,1,4713119
ybiY_ybiW_predicted,2.5,5,1,ACCAATACTACGTTCCTTGA,4,4692661
ybiY_ybiW_predicted,7.5,15,1,ACATGAGCTCGGACCCACGA,14,4698435
ybiY_ybiW_predicted,3.0,6,1,ACATAGTCCATTACCGTATA,5,4719557
ybiY_ybiW_predicted,1.5,3,1,ACAGGGTAAACTCAGCTTAA,2,4696553
ybiY_ybiW_predicted,2.0,4,1,ACAGGATCGATTTACGGTAC,3,4690731
ybiY_ybiW_predicted,17.5,35,1,ACAGCCCCATGCCCAGCTCT,34,4709045
ybiY_ybiW_predicted,3.5,7,1,ACACTGGATTAGCTCATGTT,6,4713139
ybiY_ybiW_predicted,2.5,5,1,ACACTACTTCTCGAGCGCTC,4,4709370
ybiY_ybiW_predicted,1.5,3,1,AATTTATCGGGGAGTAAAGA,2,4717990
ybiY_ybiW_predicted,10.5,21,1,AATGTTGCGGATACCTCACA,20,4721414
ybiY_ybiW_predicted,2.0,4,1,AATGGTGATACGACCGACGG,3,4726474
ybiY_ybiW_predicted,12.5,25,1,AATGCTTGTTAAGGGCTGAG,24,4732223
ybiY_ybiW_predicted,3.0,6,1,AATGCATTACCCAATGAGCT,5,4718517
ybiY_ybiW_predicted,2.0,4,1,AATGACGCCTCATACCACAG,3,4692974
ybiY_ybiW_predicted,4.5,9,1,AATCCTGTCAATGAGTGTCC,8,4714139
ybiY_ybiW_predicted,1.5,3,1,AATCAGATCTCCTTACGCCG,2,4715604
ybiY_ybiW_predicted,2.0,4,1,AATAGCAGACCTTTAATTGT,3,4688916
ybiY_ybiW_predicted,4.0,8,1,AATACTACTATGTCTCTAGA,7,4690213
ybiY_ybiW_predicted,8.5,17,1,AATACACGAAGGACCCTATA,16,4724872
ybiY_ybiW_predicted,4.5,9,1,AAGCTTCCGCGTTTTCAGAA,8,4708315
ybiY_ybiW_predicted,2.5,5,1,AAGCGCCCATGGTTAAACAT,4,4709764
ybiY_ybiW_predicted,6.5,13,1,AAGCCACACTTTCGGGGGCC,12,4699929
ybiY_ybiW_predicted,12.0,24,1,AAGAGCATTTCTTGAAGTCT,23,4711382
ybiY_ybiW_predicted,2.5,5,1,AAGACCTCTTGCGGAGTTTT,4,4697958
ybiY_ybiW_predicted,51.5,103,1,AACTTTGTTTATGGGCTCAC,102,4707612
ybiY_ybiW_predicted,119.0,238,1,AACTTACAGTGACGCTTACT,237,4700027
ybiY_ybiW_predicted,3.0,6,1,AACGTCGTACTCACTAGGCG,5,4692713
ybiY_ybiW_predicted,7.5,15,1,AACGTAACTCCAATTGTCAG,14,4723653
ybiY_ybiW_predicted,3.0,6,1,AACGCGGAGGTCTCCGGGGC,5,4720270
ybiY_ybiW_predicted,2.0,4,1,AACCGGTCATGTCCTGTTGG,3,4732506
ybiY_ybiW_predicted,7.5,15,1,AACCAGAGATTAGCGAACCT,14,4723185
ybiY_ybiW_predicted,3.0,6,1,AACATAGCCGTCTGACCTCC,5,4710560
ybiY_ybiW_predicted,1.0,2,1,AACAGTTTCCGAATTAGCGT,1,4693384
ybiY_ybiW_predicted,3.5,7,1,AACAATTTACCCCCATCCTC,6,4719749
ybiY_ybiW_predicted,2.0,4,1,AAAGCACAATTAAAAACCGG,3,4693339
ybiY_ybiW_predicted,1.0,2,1,AAAACGCCTCCAGCGGTATA,1,4714881
ybiY_ybiW_predicted,3.5,7,1,AAAAATTGTGGATCCCTATT,6,4730292
ybiY_ybiW_predicted,0.023809523809523808,41,41,GCTTGTACTCCCACGCGTGA,0,4726037
ybiY_ybiW_predicted,0.025,39,39,CGTCCAAGATGCTTCTGTAT,0,4702460
ybiY_ybiW_predicted,0.02564102564102564,38,38,AGTATACGTGCAGTCAAAGT,0,4688509
ybiY_ybiW_predicted,0.02857142857142857,34,34,TGCAGCGTTGCGGCTCCGCT,0,4694699
ybiY_ybiW_predicted,0.030303030303030304,32,32,ATTAGGGGTGGAATGCCAGT,0,4721527
ybiY_ybiW_predicted,0.03225806451612903,30,30,TGCGCTGCAGTTACATGCCT,0,4703810
ybiY_ybiW_predicted,0.03225806451612903,30,30,TGATGTCTATGGCAATGATT,0,4688787
ybiY_ybiW_predicted,0.03225806451612903,30,30,GTAGATAGTTATTCTGCAGT,0,4717821
ybiY_ybiW_predicted,0.03225806451612903,30,30,CAAGCTTAGGCGTAGTCAAT,0,4696331
ybiY_ybiW_predicted,0.03333333333333333,29,29,TTTCTCAACGCTACCCGTTG,0,4695279
ybiY_ybiW_predicted,0.03333333333333333,29,29,TGAGGACCGTCGAATTTACT,0,4732379
ybiY_ybiW_predicted,0.034482758620689655,28,28,GAGGTGGACCTAAAAATTAT,0,4693132
ybiY_ybiW_predicted,0.034482758620689655,28,28,AATTGTATGAGCGGTTCGAG,0,4693621
ybiY_ybiW_predicted,0.03571428571428571,27,27,GACAAATACAGGAGGACACT,0,4691745
ybiY_ybiW_predicted,0.03571428571428571,27,27,ATAACGGAACCCGGTACAAA,0,4688513
ybiY_ybiW_predicted,0.037037037037037035,26,26,GGATTTATGCACATAGATTG,0,4692174
ybiY_ybiW_predicted,0.037037037037037035,26,26,CTGCGCTTATCGCAACACAT,0,4688581
ybiY_ybiW_predicted,0.037037037037037035,26,26,AGTAGCCAGCGATCCATCCG,0,4692431
ybiY_ybiW_predicted,0.038461538461538464,25,25,TTCTGAGGAGTTCAGGTTCA,0,4720082
ybiY_ybiW_predicted,0.038461538461538464,25,25,GGTCCGAACCATCCGGGTTT,0,4700769
ybiY_ybiW_predicted,0.038461538461538464,25,25,GACTTATCGGTTTGTCCGAG,0,4688511
ybiY_ybiW_predicted,0.038461538461538464,25,25,CTTTAGCGTGCATTTAGGGT,0,4695181
ybiY_ybiW_predicted,0.038461538461538464,25,25,AGCCGTAGCCTATGTGTGGA,0,4731911
ybiY_ybiW_predicted,0.04,24,24,TTTTCTATCTGTCTATTATT,0,4715842
ybiY_ybiW_predicted,0.04,24,24,TCTGCCGGCAGTAGCCAAGT,0,4717687
ybiY_ybiW_predicted,0.04,24,24,GGTTTCCATCACAGATTAGC,0,4702145
ybiY_ybiW_predicted,0.04,24,24,GAGTTTGTTGGAGCTTTCAC,0,4724866
ybiY_ybiW_predicted,0.04,24,24,CCCGCACACTACATGAAACA,0,4691274
ybiY_ybiW_predicted,0.04,24,24,AGCGAGTCTCGCTACCTTAT,0,4720923
ybiY_ybiW_predicted,0.041666666666666664,23,23,TTATCGCCAATAAGTGGATA,0,4689769
ybiY_ybiW_predicted,0.041666666666666664,23,23,GAGATTTTTTTGTTCCGGAA,0,4693288
ybiY_ybiW_predicted,0.041666666666666664,23,23,CAAACCATATCGGAAATATT,0,4709714
ybiY_ybiW_predicted,0.041666666666666664,23,23,ATTCTTAAACGGTTCCGGTG,0,4724525
ybiY_ybiW_predicted,0.041666666666666664,23,23,AGGCCACACGTAACAACGTT,0,4692506
ybiY_ybiW_predicted,0.043478260869565216,22,22,TTGAGCGTGCTCCGCTAGAA,0,4695623
ybiY_ybiW_predicted,0.043478260869565216,22,22,GGGTTGCTTACTCGGAGTAG,0,4712926
ybiY_ybiW_predicted,0.043478260869565216,22,22,GCGCCGCCGTAGAAATTTGT,0,4708597
ybiY_ybiW_predicted,0.043478260869565216,22,22,GCATATAGTGCTCGGGGGGT,0,4722071
ybiY_ybiW_predicted,0.043478260869565216,22,22,GATAGGATGTTTGCGGGGGA,0,4697450
ybiY_ybiW_predicted,0.043478260869565216,22,22,CGGGGTAGATATTGTATTTC,0,4726173
ybiY_ybiW_predicted,0.043478260869565216,22,22,CCAGGTTGTCAGTCGCTAAA,0,4696933
ybiY_ybiW_predicted,0.043478260869565216,22,22,AGTCAGTACCGGCCTCGTGT,0,4717861
ybiY_ybiW_predicted,0.045454545454545456,21,21,TTGTGAGAAGCTCCCGGGAG,0,4701007
ybiY_ybiW_predicted,0.045454545454545456,21,21,TTAGGTTTCATAACTTGCTG,0,4692444
ybiY_ybiW_predicted,0.045454545454545456,21,21,TCGGTTTCAGTAAATCTTCC,0,4721903
ybiY_ybiW_predicted,0.045454545454545456,21,21,CTGCATTAGAGGTGGAGGAT,0,4694702
ybiY_ybiW_predicted,0.045454545454545456,21,21,CTATGTTTATGGAGGCGCAT,0,4723014
ybiY_ybiW_predicted,0.045454545454545456,21,21,CGAAACACGCACATCAGAAT,0,4701001
ybiY_ybiW_predicted,0.045454545454545456,21,21,ATTCGGCCGTGAGAGCCTGT,0,4723884
ybiY_ybiW_predicted,0.045454545454545456,21,21,ACGCGCGCTCTAGGGACCAC,0,4703507
ybiY_ybiW_predicted,0.047619047619047616,20,20,TCTGTAGTCACTCAAGTAAA,0,4712129
ybiY_ybiW_predicted,0.047619047619047616,20,20,TAATAACCGTGTACACGAAC,0,4728545
ybiY_ybiW_predicted,0.047619047619047616,20,20,GAATAGAGGAGGTATTGATA,0,4708958
ybiY_ybiW_predicted,0.047619047619047616,20,20,CGCGTACGTCGTCTGCCGAC,0,4716167
ybiY_ybiW_predicted,0.047619047619047616,20,20,CAGTAAGTGACTCTCTCGGG,0,4689735
ybiY_ybiW_predicted,0.047619047619047616,20,20,ACATCCGCAGTATTCACGCT,0,4688488
ybiY_ybiW_predicted,0.047619047619047616,20,20,AATTTATACACTGAACGCGA,0,4698958
ybiY_ybiW_predicted,0.047619047619047616,20,20,AATGTTTCATATTAATAGTA,0,4722411
ybiY_ybiW_predicted,0.047619047619047616,20,20,AACTGCGACTCACTTCCTAA,0,4731409
ybiY_ybiW_predicted,0.05,19,19,TTAGATCTTTGGTAATGGAG,0,4699323
ybiY_ybiW_predicted,0.05,19,19,TGCTGTGTTGTCCTATGACT,0,4715210
ybiY_ybiW_predicted,0.05,19,19,TGCTAGCATAGTTTGCGCAA,0,4697786
ybiY_ybiW_predicted,0.05,19,19,TGATTAGTGGACATCCGGTT,0,4696079
ybiY_ybiW_predicted,0.05,19,19,TGACTTCAAATCCGGTTGGA,0,4710598
ybiY_ybiW_predicted,0.05,19,19,TGACCAGATACCGTCCGGCA,0,4691436
ybiY_ybiW_predicted,0.05,19,19,TCTGTAGTAGCCATAAGTGG,0,4701011
ybiY_ybiW_predicted,0.05,19,19,TCAAAGCAGGGGGGGAGCGT,0,4699319
ybiY_ybiW_predicted,0.05,19,19,GTTAATGGTACGCCTAGGAG,0,4694201
ybiY_ybiW_predicted,0.05,19,19,GGCAGTGCATGATAAAACCA,0,4697827
ybiY_ybiW_predicted,0.05,19,19,GAGTGTGCTCGACACGCGAT,0,4715578
ybiY_ybiW_predicted,0.05,19,19,GAGAAATGCAATTCCCCTTA,0,4711800
ybiY_ybiW_predicted,0.05,19,19,CTAGGATATTAGGGTCTATT,0,4688761
ybiY_ybiW_predicted,0.05,19,19,CGCCGTGGACCCTTCTGGTA,0,4730443
ybiY_ybiW_predicted,0.05,19,19,CCTGCATGGGCGTATATTTC,0,4712818
ybiY_ybiW_predicted,0.05,19,19,ATCTGGTTAAGGTAGTGTTC,0,4696724
ybiY_ybiW_predicted,0.05,19,19,ATATTAGTTCCTAGTTCGTC,0,4704897
ybiY_ybiW_predicted,0.05,19,19,AGCGTTCAAGAATGTTTCTA,0,4709169
ybiY_ybiW_predicted,0.05,19,19,ACGAATCAAAAGGTGGTCAC,0,4700322
ybiY_ybiW_predicted,0.05,19,19,AACGCGGGCCTAACATGGAG,0,4725446
ybiY_ybiW_predicted,0.05,19,19,AAACACCGAACTGAGGAGGA,0,4710879
ybiY_ybiW_predicted,0.05263157894736842,18,18,TTAGTGTGAGCCTAACCCCA,0,4709331
ybiY_ybiW_predicted,0.05263157894736842,18,18,TTACAAGGATTCCTCTCAGT,0,4695300
ybiY_ybiW_predicted,0.05263157894736842,18,18,TAACGAAGCCGTATGCTATG,0,4708510
ybiY_ybiW_predicted,0.05263157894736842,18,18,TAACCTATAGTGAATCACAA,0,4698955
ybiY_ybiW_predicted,0.05263157894736842,18,18,GTCTGGGGGGTCCTACTCTA,0,4693006
ybiY_ybiW_predicted,0.05263157894736842,18,18,GGTTTCGCGGACTGTGCTCC,0,4721450
ybiY_ybiW_predicted,0.05263157894736842,18,18,GGCTAGGAGCTCATGCCTCA,0,4698690
ybiY_ybiW_predicted,0.05263157894736842,18,18,GGCGCGGGGGGTAAACTTTG,0,4703946
ybiY_ybiW_predicted,0.05263157894736842,18,18,GGCACCATGGGACGCCGAGT,0,4717993
ybiY_ybiW_predicted,0.05263157894736842,18,18,GCGAACGGATAAACGGAGCC,0,4698150
ybiY_ybiW_predicted,0.05263157894736842,18,18,GAGAATATCTTTAACACTAG,0,4704434
ybiY_ybiW_predicted,0.05263157894736842,18,18,GACGAATTCGACCTCAGGTG,0,4725251
ybiY_ybiW_predicted,0.05263157894736842,18,18,CTACTGGGAGTGAGGGGGGT,0,4707667
ybiY_ybiW_predicted,0.05263157894736842,18,18,CGGTTACCGGTGAATGGTTT,0,4711105
ybiY_ybiW_predicted,0.05263157894736842,18,18,CGGGGGGCTCCAGAGTTACG,0,4725375
ybiY_ybiW_predicted,0.05263157894736842,18,18,CCCGGCATAAAATGGCTAAA,0,4705975
ybiY_ybiW_predicted,0.05263157894736842,18,18,CATGTGTGCGGTATCGCAGT,0,4703912
ybiY_ybiW_predicted,0.05263157894736842,18,18,CATGCCGTCGAATAACGTAT,0,4707816
ybiY_ybiW_predicted,0.05263157894736842,18,18,AGAGGTCTATGTATGGTCCT,0,4697854
ybiY_ybiW_predicted,0.05263157894736842,18,18,ACCGGGACGGGCGAGGTGTT,0,4706656
ybiY_ybiW_predicted,0.05263157894736842,18,18,AAGTCTTCAGTATGCAGGTT,0,4699692
ybiY_ybiW_predicted,0.05555555555555555,17,17,TGGCGGTGGACACGGAGACT,0,4690088
ybiY_ybiW_predicted,0.05555555555555555,17,17,TGGATCACCGAAAAATCGCA,0,4707064
ybiY_ybiW_predicted,0.05555555555555555,17,17,TGCTCACGGTGACTTATCTA,0,4712235
ybiY_ybiW_predicted,0.05555555555555555,17,17,TCGGCGCGTACGCTGGGACG,0,4693742
ybiY_ybiW_predicted,0.05555555555555555,17,17,TCCTGGCCATGGTCCGAACC,0,4691388
ybiY_ybiW_predicted,0.05555555555555555,17,17,TCCGACTTTGATGTTGGGAG,0,4723849
ybiY_ybiW_predicted,0.05555555555555555,17,17,GTTCACGAAATCTTCCCGCA,0,4732600
ybiY_ybiW_predicted,0.05555555555555555,17,17,GGACGCCGCCATGCTGTATG,0,4722584
ybiY_ybiW_predicted,0.05555555555555555,17,17,GATTTACGCTTGCGCCTAAG,0,4710635
ybiY_ybiW_predicted,0.05555555555555555,17,17,CTCCCGCATGTAGCAGGTAT,0,4691238
ybiY_ybiW_predicted,0.05555555555555555,17,17,CTCAGACCTGTGGGTCCGTG,0,4705340
ybiY_ybiW_predicted,0.05555555555555555,17,17,CGGTTTGCGTTAGTAAGTGG,0,4692667
ybiY_ybiW_predicted,0.05555555555555555,17,17,CGATCCAGCCCATATCTGGA,0,4710358
ybiY_ybiW_predicted,0.05555555555555555,17,17,CCGCGTTCGGCTCCAATTAT,0,4724287
ybiY_ybiW_predicted,0.05555555555555555,17,17,CCCTTCTATTGGGTTACCAA,0,4715032
ybiY_ybiW_predicted,0.05555555555555555,17,17,CCAATACGGTCGCGGCTTAG,0,4695085
ybiY_ybiW_predicted,0.05555555555555555,17,17,CATTACGAGGGCAAATTGTA,0,4690457
ybiY_ybiW_predicted,0.05555555555555555,17,17,CAGATTGTGAAATCCATCAC,0,4721080
ybiY_ybiW_predicted,0.05555555555555555,17,17,CAGATTATCTTCGATACGGT,0,4710659
ybiY_ybiW_predicted,0.05555555555555555,17,17,CACGAATTCCCGGTGGGTGC,0,4704355
ybiY_ybiW_predicted,0.05555555555555555,17,17,CAAGTCAATGGCGCAGTACC,0,4705742
ybiY_ybiW_predicted,0.05555555555555555,17,17,CAACACCGTTCGTAAAGGTA,0,4706056
ybiY_ybiW_predicted,0.05555555555555555,17,17,ATGAATTTCCCGCTAACAAA,0,4714472
ybiY_ybiW_predicted,0.05555555555555555,17,17,ATCATTTTCGCTGCCCTGGA,0,4688695
ybiY_ybiW_predicted,0.05555555555555555,17,17,AGAAGGCTTCTGTCATGAAA,0,4722737
ybiY_ybiW_predicted,0.05555555555555555,17,17,AATACTCTTTGCGAAAGTCA,0,4706858
ybiY_ybiW_predicted,0.058823529411764705,16,16,TTCGCTACCCCAGAGGTCTT,0,4697668
ybiY_ybiW_predicted,0.058823529411764705,16,16,TCTCGCAGCAAGAGGACCAG,0,4691631
ybiY_ybiW_predicted,0.058823529411764705,16,16,TCTCATTGGACAAGCTGGGG,0,4694982
ybiY_ybiW_predicted,0.058823529411764705,16,16,GTCGGGGTCATGGTGTCGAA,0,4722177
ybiY_ybiW_predicted,0.058823529411764705,16,16,GTCAGCAGACCCAATTCCCC,0,4708724
ybiY_ybiW_predicted,0.058823529411764705,16,16,GTAGCTTAGTACAATGGGAG,0,4718903
ybiY_ybiW_predicted,0.058823529411764705,16,16,GGTGGCGCTGGGGACCGCGC,0,4726957
ybiY_ybiW_predicted,0.058823529411764705,16,16,GCTCTAAGTCCGCGTATCAC,0,4725816
ybiY_ybiW_predicted,0.058823529411764705,16,16,GCAAAGTGCATCGAGGGCCC,0,4701516
ybiY_ybiW_predicted,0.058823529411764705,16,16,GATTCGATTCTGAAATGCCT,0,4691383
ybiY_ybiW_predicted,0.058823529411764705,16,16,GATGCTGCTGGGGTGATTAT,0,4720869
ybiY_ybiW_predicted,0.058823529411764705,16,16,CTGCCCCAACCGCGGCGCGG,0,4691271
ybiY_ybiW_predicted,0.058823529411764705,16,16,CTAGGGTCTTACTTGCAATG,0,4714661
ybiY_ybiW_predicted,0.058823529411764705,16,16,CGGCAGCTTTGAGTGTTCGC,0,4709340
ybiY_ybiW_predicted,0.058823529411764705,16,16,CCTTATAACAATATGTATGC,0,4720752
ybiY_ybiW_predicted,0.058823529411764705,16,16,CCGATGCCCCGTTCCTAACA,0,4719722
ybiY_ybiW_predicted,0.058823529411764705,16,16,CATGTCCACGGGTGTATGCA,0,4689728
ybiY_ybiW_predicted,0.058823529411764705,16,16,CATACTCCAGCAACGTTTAT,0,4689636
ybiY_ybiW_predicted,0.058823529411764705,16,16,CAGATAGGGCGCTCAGCTGT,0,4731241
ybiY_ybiW_predicted,0.058823529411764705,16,16,CAATTGTTCAAATAGCTCAA,0,4705320
ybiY_ybiW_predicted,0.058823529411764705,16,16,CAAGCTAAACTGTTATCGCT,0,4731362
ybiY_ybiW_predicted,0.058823529411764705,16,16,ATGCCTTCTATCCATTTGTA,0,4706654
ybiY_ybiW_predicted,0.058823529411764705,16,16,ATAGCCGGAACCCATAATCG,0,4689015
ybiY_ybiW_predicted,0.058823529411764705,16,16,ATAACTGCAAGGGAGCCCCA,0,4698869
ybiY_ybiW_predicted,0.058823529411764705,16,16,AGGCGAGTCTCACATAACGT,0,4728709
ybiY_ybiW_predicted,0.058823529411764705,16,16,AGCCCCAACATGCGTCATAA,0,4692914
ybiY_ybiW_predicted,0.058823529411764705,16,16,AGAGCGGAAATCACCGGCCT,0,4723931
ybiY_ybiW_predicted,0.058823529411764705,16,16,ACTGACAAATCCTTTCAGTA,0,4711979
ybiY_ybiW_predicted,0.058823529411764705,16,16,ACGTACTGTATGGCTGAGTG,0,4724542
ybiY_ybiW_predicted,0.058823529411764705,16,16,ACCTTTAAAGGGCCTAAAAA,0,4711406
ybiY_ybiW_predicted,0.058823529411764705,16,16,ACCCATCTCGCCTTACGGTG,0,4710853
ybiY_ybiW_predicted,0.058823529411764705,16,16,AATTACGTCCTCTGTAGTTA,0,4689414
ybiY_ybiW_predicted,0.058823529411764705,16,16,AAGCTGATGCCGGTTTCAGA,0,4704634
ybiY_ybiW_predicted,0.0625,15,15,TTCTGGGTCATGGAGGTAAG,0,4694786
ybiY_ybiW_predicted,0.0625,15,15,TTATATACAGGGCTAAACGC,0,4721919
ybiY_ybiW_predicted,0.0625,15,15,TGTATATTAGTGCGGCCTGT,0,4714601
ybiY_ybiW_predicted,0.0625,15,15,TGTACGCGGGAGTTTCTAGG,0,4719594
ybiY_ybiW_predicted,0.0625,15,15,TGGCATCTGCCAACTAGCTG,0,4691922
ybiY_ybiW_predicted,0.0625,15,15,TGCTGTGATTGGAGGCTAGA,0,4718721
ybiY_ybiW_predicted,0.0625,15,15,TGCCGAGGGTGGTGTTCTCA,0,4732602
ybiY_ybiW_predicted,0.0625,15,15,TGACTCATCCTGAATAGTGG,0,4703007
ybiY_ybiW_predicted,0.0625,15,15,TCGTGCCCTTGTCAGTAATT,0,4694655
ybiY_ybiW_predicted,0.0625,15,15,TCGAAGGGGAGACAGCACGG,0,4709308
ybiY_ybiW_predicted,0.0625,15,15,TCCGGGCAAGGTTAGTCCGG,0,4695772
ybiY_ybiW_predicted,0.0625,15,15,TCATCAGAGAAAGGCTAGGG,0,4690499
ybiY_ybiW_predicted,0.0625,15,15,TATCCAGCCAGACGTGTGAT,0,4709851
ybiY_ybiW_predicted,0.0625,15,15,TAGGTTGACAACGTGGACGT,0,4699998
ybiY_ybiW_predicted,0.0625,15,15,GTCTGGTTATCTGATACCTT,0,4704981
ybiY_ybiW_predicted,0.0625,15,15,GTCAGATTTGGCATAAGCTA,0,4708270
ybiY_ybiW_predicted,0.0625,15,15,GGTCGGCACCAACGGCAATA,0,4689093
ybiY_ybiW_predicted,0.0625,15,15,GGGTTCAGGGTTCCCCCCGT,0,4691358
ybiY_ybiW_predicted,0.0625,15,15,GGGGTACCAACTTATGGGAC,0,4701637
ybiY_ybiW_predicted,0.0625,15,15,GGGAGAGGATTTCGCAAATG,0,4730921
ybiY_ybiW_predicted,0.0625,15,15,GGCACAAAAGGCTACGCCCC,0,4725985
ybiY_ybiW_predicted,0.0625,15,15,GGAGCCGGTACACTTGGAAA,0,4711148
ybiY_ybiW_predicted,0.0625,15,15,GCAATCCGCACTAGCCGCGG,0,4703374
ybiY_ybiW_predicted,0.0625,15,15,GATGGATCTCCTCTCCGATG,0,4704548
ybiY_ybiW_predicted,0.0625,15,15,GATAAGTGTTCGAACAACCA,0,4698785
ybiY_ybiW_predicted,0.0625,15,15,GACACAGCACTACCTTTGAG,0,4694987
ybiY_ybiW_predicted,0.0625,15,15,CTTCAGAAAGACTCGGAGGA,0,4722653
ybiY_ybiW_predicted,0.0625,15,15,CTGGTGAGATTGTGCGCTTA,0,4691997
ybiY_ybiW_predicted,0.0625,15,15,CTGCGCTCAAGATCTGGCCT,0,4729829
ybiY_ybiW_predicted,0.0625,15,15,CGGGGCGACCGGTGCGCAGA,0,4703403
ybiY_ybiW_predicted,0.0625,15,15,CCTGCGGTGTGTTCATGAAA,0,4722736
ybiY_ybiW_predicted,0.0625,15,15,CCCCCGGGGGCGAAGTCGCT,0,4723363
ybiY_ybiW_predicted,0.0625,15,15,CCAGTCTTCTTGTACTCTGT,0,4700088
ybiY_ybiW_predicted,0.0625,15,15,CATAATAGTGTCGGCACTAT,0,4696545
ybiY_ybiW_predicted,0.0625,15,15,CAAGTGTGTATGGCTATTCC,0,4707563
ybiY_ybiW_predicted,0.0625,15,15,ATTTATAGAACTTGGAACAG,0,4729752
ybiY_ybiW_predicted,0.0625,15,15,ATGCCCCTGGCCCCCTCCCA,0,4703396
ybiY_ybiW_predicted,0.0625,15,15,AGGTGGTCTCCGCGAGACGA,0,4716623
ybiY_ybiW_predicted,0.0625,15,15,AGGGACTTCATAATCAGGTT,0,4725536
ybiY_ybiW_predicted,0.0625,15,15,ACTACGGGGGATAGCTCGTA,0,4722840
ybiY_ybiW_predicted,0.0625,15,15,ACCGGTGTGGCACCTGACAA,0,4730548
ybiY_ybiW_predicted,0.0625,15,15,AAACGAAAACATTGACGGGA,0,4715009
ybiY_ybiW_predicted,0.06666666666666667,14,14,TTGCTCGTTAGCGCGTCAAA,0,4722235
ybiY_ybiW_predicted,0.06666666666666667,14,14,TTGAACGGCGGGTCTAACCA,0,4694045
ybiY_ybiW_predicted,0.06666666666666667,14,14,TTACAGGATCGGTCGAAAGC,0,4697578
ybiY_ybiW_predicted,0.06666666666666667,14,14,TGGACGGCGCCCCCAAGTAC,0,4708973
ybiY_ybiW_predicted,0.06666666666666667,14,14,TGCGGTTGTGTGCTCTTCAC,0,4714528
ybiY_ybiW_predicted,0.06666666666666667,14,14,TGCATTGTGTGCGTCGGTTG,0,4721521
ybiY_ybiW_predicted,0.06666666666666667,14,14,TGCAAACAATTAGTTTGTGT,0,4704749
ybiY_ybiW_predicted,0.06666666666666667,14,14,TGAGCACGATGTTCGTTTGT,0,4694841
ybiY_ybiW_predicted,0.06666666666666667,14,14,TAGCTTCTTAGCATAAGCGA,0,4708748
ybiY_ybiW_predicted,0.06666666666666667,14,14,TAAAGGGACGATACCCGTCA,0,4711202
ybiY_ybiW_predicted,0.06666666666666667,14,14,GTTCGGTATAGAATCACGTA,0,4703232
ybiY_ybiW_predicted,0.06666666666666667,14,14,GTTAGGGAGGTTTAGGCGAG,0,4702773
ybiY_ybiW_predicted,0.06666666666666667,14,14,GTGGCACGGCGCGGGTTCGA,0,4688968
ybiY_ybiW_predicted,0.06666666666666667,14,14,GTCACCATTGACGTCAATGC,0,4693038
ybiY_ybiW_predicted,0.06666666666666667,14,14,GCTTATTCTGCCGAATTTCG,0,4730876
ybiY_ybiW_predicted,0.06666666666666667,14,14,GCTACACCAAGCCAGCGGAG,0,4731837
ybiY_ybiW_predicted,0.06666666666666667,14,14,GCAGAGCATGGACTCCGCCA,0,4689444
ybiY_ybiW_predicted,0.06666666666666667,14,14,GACGGGATTTCTGGATTAAA,0,4706292
ybiY_ybiW_predicted,0.06666666666666667,14,14,CTTTCCTCGAAGACAAAAGT,0,4727054
ybiY_ybiW_predicted,0.06666666666666667,14,14,CTTCATTCTAGAGATCTGCT,0,4719051
ybiY_ybiW_predicted,0.06666666666666667,14,14,CTGTGATCCTCGATTTGTAC,0,4691178
ybiY_ybiW_predicted,0.06666666666666667,14,14,CGTGTCGGTGGTCCGTATAA,0,4705497
ybiY_ybiW_predicted,0.06666666666666667,14,14,CGTAGCCACTGAAATTATGA,0,4695294
ybiY_ybiW_predicted,0.06666666666666667,14,14,CGGGTGGCCTAACATGGCCC,0,4691714
ybiY_ybiW_predicted,0.06666666666666667,14,14,CGGGTCCCGTCTTTTTCGAA,0,4691522
ybiY_ybiW_predicted,0.06666666666666667,14,14,CGCCGCTGCGACGATAAGAG,0,4717467
ybiY_ybiW_predicted,0.06666666666666667,14,14,CGCACGAACGATGGCGGGGT,0,4698046
ybiY_ybiW_predicted,0.06666666666666667,14,14,CGACGTTTTCGAATGGAGCT,0,4715959
ybiY_ybiW_predicted,0.06666666666666667,14,14,CCCTAGGGATAGGATGCCCA,0,4713197
ybiY_ybiW_predicted,0.06666666666666667,14,14,CCATGGGACGTTTGCATGAT,0,4726722
ybiY_ybiW_predicted,0.06666666666666667,14,14,CATTCGCCGGAGTTATTCAT,0,4728603
ybiY_ybiW_predicted,0.06666666666666667,14,14,CACCTCATTGCATGGGTCTA,0,4722402
ybiY_ybiW_predicted,0.06666666666666667,14,14,ATGAATGGTGCTTATTTCGA,0,4719540
ybiY_ybiW_predicted,0.06666666666666667,14,14,ATATGCTGCGCCATAACTTG,0,4714314
ybiY_ybiW_predicted,0.06666666666666667,14,14,AGTGAGAGAGGTGCGTCGAT,0,4699066
ybiY_ybiW_predicted,0.06666666666666667,14,14,AGTATTATCCGAAATCTATA,0,4702942
ybiY_ybiW_predicted,0.06666666666666667,14,14,AGGACCCACCACCCAGACTT,0,4705583
ybiY_ybiW_predicted,0.06666666666666667,14,14,AGCAGTTTAGTGGCAGGCGA,0,4704423
ybiY_ybiW_predicted,0.06666666666666667,14,14,AGACAGCGGAAAACGCGTCA,0,4698608
ybiY_ybiW_predicted,0.06666666666666667,14,14,AGAACTTGTATTTTTAGTAG,0,4705664
ybiY_ybiW_predicted,0.06666666666666667,14,14,ACTCAAGTGCGTTCCCTTAT,0,4711359
ybiY_ybiW_predicted,0.06666666666666667,14,14,ACGGATGCCGCGCAGTCACT,0,4711557
ybiY_ybiW_predicted,0.06666666666666667,14,14,ACATCAGTTGGTCCAGCCCC,0,4711448
ybiY_ybiW_predicted,0.06666666666666667,14,14,AAAGAACGCTGCATTGAGGG,0,4709388
ybiY_ybiW_predicted,0.07142857142857142,13,13,TTTATTTTATTTCCCTTGTA,0,4730186
ybiY_ybiW_predicted,0.07142857142857142,13,13,TTGTGGTCTCACAGGCGACA,0,4716589
ybiY_ybiW_predicted,0.07142857142857142,13,13,TTGTAGCCGTCCGGGCTAGC,0,4689130
ybiY_ybiW_predicted,0.07142857142857142,13,13,TTGGTCTAGACGCCTACCAT,0,4726136
ybiY_ybiW_predicted,0.07142857142857142,13,13,TTGCTTGTGCCGGGCAACTG,0,4729340
ybiY_ybiW_predicted,0.07142857142857142,13,13,TTAGGCCAAATGTCGGATAT,0,4700339
ybiY_ybiW_predicted,0.07142857142857142,13,13,TGGTTCCAACTACAGCCGTT,0,4697745
ybiY_ybiW_predicted,0.07142857142857142,13,13,TGCGGACCTCAAGGCGTACT,0,4692787
ybiY_ybiW_predicted,0.07142857142857142,13,13,TGCAACAAACTTGTCGTCAG,0,4696774
ybiY_ybiW_predicted,0.07142857142857142,13,13,TCGGTTCCGCTATTGTCCGA,0,4706286
ybiY_ybiW_predicted,0.07142857142857142,13,13,TCGGCAGGGATCGCGGAAAA,0,4700428
ybiY_ybiW_predicted,0.07142857142857142,13,13,TCGAATCCACCGCGGTTGTA,0,4709534
ybiY_ybiW_predicted,0.07142857142857142,13,13,TCCCATCAAGCTGATGTTCA,0,4731181
ybiY_ybiW_predicted,0.07142857142857142,13,13,TATGTACATCGGGTACCGTT,0,4709129
ybiY_ybiW_predicted,0.07142857142857142,13,13,TATATATGGCCCGGCTGAGG,0,4694499
ybiY_ybiW_predicted,0.07142857142857142,13,13,TAGCGGAACGATCGGGAGGA,0,4697168
ybiY_ybiW_predicted,0.07142857142857142,13,13,TACTCATGTGGGCTCAAGTA,0,4701434
ybiY_ybiW_predicted,0.07142857142857142,13,13,TAAGGAGCGTGTATTCCACC,0,4711497
ybiY_ybiW_predicted,0.07142857142857142,13,13,GTGTGATCCGCTACATGTAA,0,4694251
ybiY_ybiW_predicted,0.07142857142857142,13,13,GTCTTTTCCGCCCGCTGCTC,0,4715710
ybiY_ybiW_predicted,0.07142857142857142,13,13,GTCGTTGTAGTGGTGCAATC,0,4709665
ybiY_ybiW_predicted,0.07142857142857142,13,13,GTCATGGTACGCCCGTAATG,0,4711952
ybiY_ybiW_predicted,0.07142857142857142,13,13,GTACGTACTTTTTAAAAGGC,0,4697627
ybiY_ybiW_predicted,0.07142857142857142,13,13,GGGTTCCTTGGCCGGGGTAT,0,4692623
ybiY_ybiW_predicted,0.07142857142857142,13,13,GGGCGACGGTTTACGCTATA,0,4720588
ybiY_ybiW_predicted,0.07142857142857142,13,13,GGCTCACCATGGACTATCAT,0,4688633
ybiY_ybiW_predicted,0.07142857142857142,13,13,GGCGAGATTTGCAAAGCTCT,0,4695599
ybiY_ybiW_predicted,0.07142857142857142,13,13,GGCAGACACTGTGTTTATTT,0,4730218
ybiY_ybiW_predicted,0.07142857142857142,13,13,GGAATAATCTCGGCACACGA,0,4695705
ybiY_ybiW_predicted,0.07142857142857142,13,13,GCTGTATTGATAGACGGTCT,0,4728826
ybiY_ybiW_predicted,0.07142857142857142,13,13,GCGCTTACACCTTCGGTCGT,0,4707538
ybiY_ybiW_predicted,0.07142857142857142,13,13,GCCTCCTTGTAAAAGCACCG,0,4714104
ybiY_ybiW_predicted,0.07142857142857142,13,13,GCCGCGGTACGGAAGGCGAT,0,4695811
ybiY_ybiW_predicted,0.07142857142857142,13,13,GATTACGAGGAACGAGGGCA,0,4728675
ybiY_ybiW_predicted,0.07142857142857142,13,13,GATGACGTGGTCTTATCGAG,0,4721827
ybiY_ybiW_predicted,0.07142857142857142,13,13,GATACGGAGGCGCACCCAAC,0,4728664
ybiY_ybiW_predicted,0.07142857142857142,13,13,GAGTGTACCACGCGGTTCGG,0,4692920
ybiY_ybiW_predicted,0.07142857142857142,13,13,CTCGCGCCACGTCGTTCTCA,0,4699431
ybiY_ybiW_predicted,0.07142857142857142,13,13,CTAGCGTTCAATCATGGCTA,0,4705176
ybiY_ybiW_predicted,0.07142857142857142,13,13,CGTAGGTATAGTCGGCATAC,0,4719090
ybiY_ybiW_predicted,0.07142857142857142,13,13,CGGGGTTGGTTCGCGGTACC,0,4707549
ybiY_ybiW_predicted,0.07142857142857142,13,13,CGGCGGAGTGTCGGACTCTA,0,4695544
ybiY_ybiW_predicted,0.07142857142857142,13,13,CGCGGCACATCGCAAACAGC,0,4712040
ybiY_ybiW_predicted,0.07142857142857142,13,13,CGCATGGGTACAACTTAGTT,0,4707429
ybiY_ybiW_predicted,0.07142857142857142,13,13,CGCAATAATCGGGAGCTCAG,0,4717858
ybiY_ybiW_predicted,0.07142857142857142,13,13,CGAGTGAGAGAAACACACTA,0,4696772
ybiY_ybiW_predicted,0.07142857142857142,13,13,CCTATGACTCACAGCAAAGT,0,4731455
ybiY_ybiW_predicted,0.07142857142857142,13,13,CCGTATGGGGTTGTTTTACG,0,4692895
ybiY_ybiW_predicted,0.07142857142857142,13,13,CCGGGACAATACGTTAAGAA,0,4705095
ybiY_ybiW_predicted,0.07142857142857142,13,13,CCCGGGGAGCTGCTCAGAGA,0,4702904
ybiY_ybiW_predicted,0.07142857142857142,13,13,CCCGCGGTGGGCATAATTTA,0,4730579
ybiY_ybiW_predicted,0.07142857142857142,13,13,CCCGAGCGATTGGGAATCGT,0,4730869
ybiY_ybiW_predicted,0.07142857142857142,13,13,CCCAATTAGCAAAGCACGAC,0,4706485
ybiY_ybiW_predicted,0.07142857142857142,13,13,CAGGTGGTTAGTTAAAACGC,0,4707158
ybiY_ybiW_predicted,0.07142857142857142,13,13,CAGGGTCGCGGAACGATATA,0,4707698
ybiY_ybiW_predicted,0.07142857142857142,13,13,ATTCTCCATTCTGCCCACTG,0,4732292
ybiY_ybiW_predicted,0.07142857142857142,13,13,ATCCGTCCGTTTGGACTACT,0,4720726
ybiY_ybiW_predicted,0.07142857142857142,13,13,AGGGGTTTGGCTTATGTTTG,0,4701228
ybiY_ybiW_predicted,0.07142857142857142,13,13,AGGGAATGATACATCCTAGG,0,4688794
ybiY_ybiW_predicted,0.07142857142857142,13,13,AGGCGCCCGCATTCTGGGAT,0,4724833
ybiY_ybiW_predicted,0.07142857142857142,13,13,AGGAGGTGGTGTTTCTCTCC,0,4717881
ybiY_ybiW_predicted,0.07142857142857142,13,13,AGAGACCAACAGGACGATTT,0,4703539
ybiY_ybiW_predicted,0.07142857142857142,13,13,ACGTCGTTTTGGGGCATCTT,0,4697768
ybiY_ybiW_predicted,0.07142857142857142,13,13,ACCGTTGTACCTTTTCGTTT,0,4727449
ybiY_ybiW_predicted,0.07142857142857142,13,13,ACATATGATTCAACATGGGT,0,4695484
ybiY_ybiW_predicted,0.07142857142857142,13,13,AAAGCCTTGACCCGTCGGTG,0,4724271
ybiY_ybiW_predicted,0.07142857142857142,13,13,AAAATAGGGGTAAATGACCT,0,4713810
ybiY_ybiW_predicted,0.07692307692307693,12,12,TTTATGGACGCAGTCATGGT,0,4707063
ybiY_ybiW_predicted,0.07692307692307693,12,12,TTGCTTAATCACGGCGTCGG,0,4718173
ybiY_ybiW_predicted,0.07692307692307693,12,12,TTGAGCGCTGCGGCCGTGAA,0,4690447
ybiY_ybiW_predicted,0.07692307692307693,12,12,TTCCCTAAAGGCTCGCGTTG,0,4715495
ybiY_ybiW_predicted,0.07692307692307693,12,12,TTCATGAAGGGTGGCTATAG,0,4694043
ybiY_ybiW_predicted,0.07692307692307693,12,12,TGTCTCTCGGCGCAATTGGT,0,4704635
ybiY_ybiW_predicted,0.07692307692307693,12,12,TGTACGCACCAAATCTATCA,0,4724222
ybiY_ybiW_predicted,0.07692307692307693,12,12,TGGTGACCAAGGCCTGTTCC,0,4711410
ybiY_ybiW_predicted,0.07692307692307693,12,12,TGCAGACGGAACTGCAGGAG,0,4719386
ybiY_ybiW_predicted,0.07692307692307693,12,12,TCGCTTGGGCTAAGTCTGGT,0,4718447
ybiY_ybiW_predicted,0.07692307692307693,12,12,TCGAGTCAGTATCTGGCGTA,0,4704776
ybiY_ybiW_predicted,0.07692307692307693,12,12,TCAGGGGTTCACCATAAGTA,0,4709653
ybiY_ybiW_predicted,0.07692307692307693,12,12,TATAGCTCTCTACAGCAGAA,0,4715165
ybiY_ybiW_predicted,0.07692307692307693,12,12,TAGGCCCGGGCTAACTGGGT,0,4702350
ybiY_ybiW_predicted,0.07692307692307693,12,12,TAGCCGAGAACCTTGCGTGT,0,4707959
ybiY_ybiW_predicted,0.07692307692307693,12,12,GTTCTAGCCGGACCTAATGT,0,4711233
ybiY_ybiW_predicted,0.07692307692307693,12,12,GTCCTCTAACCAGTCTTGGA,0,4716621
ybiY_ybiW_predicted,0.07692307692307693,12,12,GTCCCCGATTCTCAGTGGTT,0,4701012
ybiY_ybiW_predicted,0.07692307692307693,12,12,GTATAATGGACCCAACATGT,0,4714337
ybiY_ybiW_predicted,0.07692307692307693,12,12,GGTCTAGGTTAGAATACGAT,0,4729451
ybiY_ybiW_predicted,0.07692307692307693,12,12,GGGTTGTTACTCGTCCTGGT,0,4703744
ybiY_ybiW_predicted,0.07692307692307693,12,12,GGCATTTCCTAGCACGGGTA,0,4726868
ybiY_ybiW_predicted,0.07692307692307693,12,12,GCGACAGGTGTGTCATGTAA,0,4703760
ybiY_ybiW_predicted,0.07692307692307693,12,12,GCACCTAGCCGTCAATACAA,0,4706287
ybiY_ybiW_predicted,0.07692307692307693,12,12,GATTGGTGTTCTGCCTCAAC,0,4709732
ybiY_ybiW_predicted,0.07692307692307693,12,12,GATCGCCGTCGTGTTGTGGT,0,4720860
ybiY_ybiW_predicted,0.07692307692307693,12,12,CTTTGGAGTGTGCTGATGTT,0,4698465
ybiY_ybiW_predicted,0.07692307692307693,12,12,CTGTCCCCTACACAGCTCAC,0,4696965
ybiY_ybiW_predicted,0.07692307692307693,12,12,CTCGGTGCTTTACTTCTGTC,0,4718414
ybiY_ybiW_predicted,0.07692307692307693,12,12,CTATTTGGGACTCTACGAAG,0,4729491
ybiY_ybiW_predicted,0.07692307692307693,12,12,CTATCCCGAGTAGGTTGATG,0,4695377
ybiY_ybiW_predicted,0.07692307692307693,12,12,CTAGCGGGACGGCACCCCAT,0,4711733
ybiY_ybiW_predicted,0.07692307692307693,12,12,CGTTCTTCCCATATGTATAA,0,4729747
ybiY_ybiW_predicted,0.07692307692307693,12,12,CGCAGTCTCATCTGATTGAT,0,4703950
ybiY_ybiW_predicted,0.07692307692307693,12,12,CCTTCACGCGTTCTAGGGTG,0,4724600
ybiY_ybiW_predicted,0.07692307692307693,12,12,CCTGCGTCCCTGGACCCTGA,0,4699232
ybiY_ybiW_predicted,0.07692307692307693,12,12,CCGAGCAACAGCCCACATCG,0,4704429
ybiY_ybiW_predicted,0.07692307692307693,12,12,CCCTCGTGATTTTGCCTACA,0,4711980
ybiY_ybiW_predicted,0.07692307692307693,12,12,CCACAGTGGCGACTTGTGGC,0,4722906
ybiY_ybiW_predicted,0.07692307692307693,12,12,CCAACGATAAATCTTGTTAA,0,4708505
ybiY_ybiW_predicted,0.07692307692307693,12,12,CAGTCAAACGCTAGAACGTA,0,4708955
ybiY_ybiW_predicted,0.07692307692307693,12,12,CAGACGGGCGCCATAAGTTA,0,4703991
ybiY_ybiW_predicted,0.07692307692307693,12,12,CAATACTGTAATTATACTGA,0,4694748
ybiY_ybiW_predicted,0.07692307692307693,12,12,CAACCACTATCCCGTGACTA,0,4714714
ybiY_ybiW_predicted,0.07692307692307693,12,12,CAAAGAACGTCTGAGTTAAG,0,4704662
ybiY_ybiW_predicted,0.07692307692307693,12,12,ATGATGTACACGTATGATCA,0,4690315
ybiY_ybiW_predicted,0.07692307692307693,12,12,ATGATGGGTTATCTGATCCC,0,4712149
ybiY_ybiW_predicted,0.07692307692307693,12,12,ATCTCTAACATCGACTGTGA,0,4698892
ybiY_ybiW_predicted,0.07692307692307693,12,12,ATCAACTGGCGGCGGAAACA,0,4714352
ybiY_ybiW_predicted,0.07692307692307693,12,12,ATACAAAGGGTGCGCTTACT,0,4712865
ybiY_ybiW_predicted,0.07692307692307693,12,12,AGTTCACAGAGCCTCTACTT,0,4704356
ybiY_ybiW_predicted,0.07692307692307693,12,12,AGTGCAGACCACGCTGGAAG,0,4713010
ybiY_ybiW_predicted,0.07692307692307693,12,12,AGTCCCATAACGTCGCGGCC,0,4690557
ybiY_ybiW_predicted,0.07692307692307693,12,12,AGTAGCTTTAATGTTGTGGA,0,4703421
ybiY_ybiW_predicted,0.07692307692307693,12,12,AGGCTTCACTGGGCGGATAT,0,4713809
ybiY_ybiW_predicted,0.07692307692307693,12,12,AGCGCGCGGTGCAGAAACTA,0,4705372
ybiY_ybiW_predicted,0.07692307692307693,12,12,ACGTATGGGATCATTGAGTC,0,4700998
ybiY_ybiW_predicted,0.07692307692307693,12,12,AATGTGACGTCTTCATTGTC,0,4704616
ybiY_ybiW_predicted,0.07692307692307693,12,12,AAGTATCGGGTTTGATACTT,0,4718075
ybiY_ybiW_predicted,0.08333333333333333,11,11,TTTAAAACCTATTAACAGAC,0,4729717
ybiY_ybiW_predicted,0.08333333333333333,11,11,TTGGGGCACTACCCTCTTGG,0,4714986
ybiY_ybiW_predicted,0.08333333333333333,11,11,TGTGGCCTTAGGCCTTACCT,0,4692185
ybiY_ybiW_predicted,0.08333333333333333,11,11,TGTCCGGCAGATAGCCACTT,0,4690774
ybiY_ybiW_predicted,0.08333333333333333,11,11,TGGTCTTCCCAAGCGTGGTA,0,4712636
ybiY_ybiW_predicted,0.08333333333333333,11,11,TGGCGGAGACGCCTGCGGTT,0,4703343
ybiY_ybiW_predicted,0.08333333333333333,11,11,TGCCAGAACGGATGCGTAAT,0,4694158
ybiY_ybiW_predicted,0.08333333333333333,11,11,TGATTTGATTAATTGTAAAT,0,4707918
ybiY_ybiW_predicted,0.08333333333333333,11,11,TGACTTGCGTCTAACCGGCC,0,4704496
ybiY_ybiW_predicted,0.08333333333333333,11,11,TGACTAAAAATAGGATAGCA,0,4705202
ybiY_ybiW_predicted,0.08333333333333333,11,11,TCTTGCTATTTCTAACTCTG,0,4723908
ybiY_ybiW_predicted,0.08333333333333333,11,11,TCTTCTCAGGTACCACAGGG,0,4701485
ybiY_ybiW_predicted,0.08333333333333333,11,11,TCGGTACTGCGGTCTAGGCG,0,4692766
ybiY_ybiW_predicted,0.08333333333333333,11,11,TCGCGCCTAAAAATACTGGA,0,4699541
ybiY_ybiW_predicted,0.08333333333333333,11,11,TCAAAGTAGGACGGCATGTT,0,4723748
ybiY_ybiW_predicted,0.08333333333333333,11,11,TATACAATAGGTCTAGTAGG,0,4728880
ybiY_ybiW_predicted,0.08333333333333333,11,11,TAGGAACATTGTATAGATTA,0,4712786
ybiY_ybiW_predicted,0.08333333333333333,11,11,TACTCGCGGGTTCCCTCCGA,0,4722009
ybiY_ybiW_predicted,0.08333333333333333,11,11,TACGCGTGAGAGGGTTTTAT,0,4702116
ybiY_ybiW_predicted,0.08333333333333333,11,11,TACGCAAAGGATACATGGTA,0,4707920
ybiY_ybiW_predicted,0.08333333333333333,11,11,TACATTCTGTAAATAGCTAG,0,4700959
ybiY_ybiW_predicted,0.08333333333333333,11,11,GTTGATTGGGAAGTTATGAG,0,4716325
ybiY_ybiW_predicted,0.08333333333333333,11,11,GTTCGGATCGAAGAGAGGTG,0,4698507
ybiY_ybiW_predicted,0.08333333333333333,11,11,GTTCGCGTGACCCCGTTGTG,0,4720899
ybiY_ybiW_predicted,0.08333333333333333,11,11,GTGGCCGTGCGTGGGAACAG,0,4690096
ybiY_ybiW_predicted,0.08333333333333333,11,11,GTGGATCTAGGACACACACT,0,4703871
ybiY_ybiW_predicted,0.08333333333333333,11,11,GTGAAGCACAAGTTAAATTA,0,4693161
ybiY_ybiW_predicted,0.08333333333333333,11,11,GTCCGCGATCAGATCGACTA,0,4690989
ybiY_ybiW_predicted,0.08333333333333333,11,11,GTATCGGGTTTTGCCGAGGT,0,4708157
ybiY_ybiW_predicted,0.08333333333333333,11,11,GTAGGTGTCGCTCGCGGAAA,0,4706870
ybiY_ybiW_predicted,0.08333333333333333,11,11,GTAAATTCTACCTAGTGGGT,0,4696574
ybiY_ybiW_predicted,0.08333333333333333,11,11,GGTGCGGGGCAATGGGTTTT,0,4724128
ybiY_ybiW_predicted,0.08333333333333333,11,11,GGGTGGGAGAATTACTAAAT,0,4688919
ybiY_ybiW_predicted,0.08333333333333333,11,11,GGGCGTTCAATCAGTCGTGA,0,4692994
ybiY_ybiW_predicted,0.08333333333333333,11,11,GGCTCTTACCTTGATCAAAA,0,4694860
ybiY_ybiW_predicted,0.08333333333333333,11,11,GGCCTCACACGGACCCTCAG,0,4701237
ybiY_ybiW_predicted,0.08333333333333333,11,11,GGAGAACTGCGGCGCTTTCA,0,4701951
ybiY_ybiW_predicted,0.08333333333333333,11,11,GCTTGGTAGCAACTTTGAGG,0,4727973
ybiY_ybiW_predicted,0.08333333333333333,11,11,GCTCACGGGAATAGGCGAGA,0,4703747
ybiY_ybiW_predicted,0.08333333333333333,11,11,GCGTCCTGCAACTCCTGTCT,0,4692079
ybiY_ybiW_predicted,0.08333333333333333,11,11,GCGATCGGCCGTACGACACC,0,4708874
ybiY_ybiW_predicted,0.08333333333333333,11,11,GCGAAAGCAGGGTTATGGCA,0,4718178
ybiY_ybiW_predicted,0.08333333333333333,11,11,GCCGGCGCATATCTGGATCG,0,4690145
ybiY_ybiW_predicted,0.08333333333333333,11,11,GCAGGTCCTGGACACTGGAG,0,4707126
ybiY_ybiW_predicted,0.08333333333333333,11,11,GCACGATCACGCACCGGGAT,0,4689858
ybiY_ybiW_predicted,0.08333333333333333,11,11,GCAAGTCTAGAACTATGGCA,0,4732549
ybiY_ybiW_predicted,0.08333333333333333,11,11,GCAACCGTTCTTCCATAGCA,0,4718509
ybiY_ybiW_predicted,0.08333333333333333,11,11,GATCGAGTGCATGGAGCCGT,0,4702309
ybiY_ybiW_predicted,0.08333333333333333,11,11,GACGAGATGACGGATCCATG,0,4708333
ybiY_ybiW_predicted,0.08333333333333333,11,11,GACCCGCTACCGGCAGCGAG,0,4708231
ybiY_ybiW_predicted,0.08333333333333333,11,11,GACCAATGACAAGCATGCTC,0,4716033
ybiY_ybiW_predicted,0.08333333333333333,11,11,GACATCCCTCATAAGACCCA,0,4722695
ybiY_ybiW_predicted,0.08333333333333333,11,11,GAAGGCCCTACGTGATTTAC,0,4702810
ybiY_ybiW_predicted,0.08333333333333333,11,11,GAAATTCAAGCTAATTAGGT,0,4700464
ybiY_ybiW_predicted,0.08333333333333333,11,11,GAAAAGACGTATGTTCATGT,0,4725855
ybiY_ybiW_predicted,0.08333333333333333,11,11,CTTCGTCTGACTTGAGGCAT,0,4716367
ybiY_ybiW_predicted,0.08333333333333333,11,11,CTGTGCTAAATTTATAGATT,0,4703521
ybiY_ybiW_predicted,0.08333333333333333,11,11,CTCACACTCGTAATACCAGT,0,4729062
ybiY_ybiW_predicted,0.08333333333333333,11,11,CTATTGAATCGGCCATGTGT,0,4694835
ybiY_ybiW_predicted,0.08333333333333333,11,11,CTAAGAGGACCTTTAGTAAT,0,4716607
ybiY_ybiW_predicted,0.08333333333333333,11,11,CGTTGGGCTGGCATCATGTT,0,4708113
ybiY_ybiW_predicted,0.08333333333333333,11,11,CGGGGTGCCGTCGGAAGCGC,0,4696611
ybiY_ybiW_predicted,0.08333333333333333,11,11,CGGATTTCGTGGGCTGGAGT,0,4693895
ybiY_ybiW_predicted,0.08333333333333333,11,11,CGCCCTTGACCACAGTAGAA,0,4724828
ybiY_ybiW_predicted,0.08333333333333333,11,11,CGCATGGCTGGAACAGATGT,0,4711179
ybiY_ybiW_predicted,0.08333333333333333,11,11,CGCAAAGCAGTGCGGTACTA,0,4711835
ybiY_ybiW_predicted,0.08333333333333333,11,11,CCTTCGTTACAGAGACGGCT,0,4718853
ybiY_ybiW_predicted,0.08333333333333333,11,11,CCGTTATAGCAGAGCATCCT,0,4704073
ybiY_ybiW_predicted,0.08333333333333333,11,11,CCGTGAGCCCGTTAATCAGT,0,4715039
ybiY_ybiW_predicted,0.08333333333333333,11,11,CCGTCATTTGTACTAAGGTC,0,4695728
ybiY_ybiW_predicted,0.08333333333333333,11,11,CCCGGGTAGCCACGAGCGGA,0,4714229
ybiY_ybiW_predicted,0.08333333333333333,11,11,CCCGCGTGTGCCGTTTCTAG,0,4716221
ybiY_ybiW_predicted,0.08333333333333333,11,11,CCCGCGGGTATGGAGTTGGT,0,4688882
ybiY_ybiW_predicted,0.08333333333333333,11,11,CCCCCGCTAGATGTACACCA,0,4692088
ybiY_ybiW_predicted,0.08333333333333333,11,11,CCAGACTCGAAGCGCGTGTT,0,4695029
ybiY_ybiW_predicted,0.08333333333333333,11,11,CATAGGACTCAGAGTATGAG,0,4728010
ybiY_ybiW_predicted,0.08333333333333333,11,11,CACTGCTTTTTCTGAACTTG,0,4709816
ybiY_ybiW_predicted,0.08333333333333333,11,11,CACCCGGTCCACGAGGGCAA,0,4705361
ybiY_ybiW_predicted,0.08333333333333333,11,11,CACAAAGTATTTATATATAC,0,4725122
ybiY_ybiW_predicted,0.08333333333333333,11,11,ATTTTTAGACTGATAGGGTA,0,4698502
ybiY_ybiW_predicted,0.08333333333333333,11,11,ATTGGGTCGTATAGCATGTT,0,4701289
ybiY_ybiW_predicted,0.08333333333333333,11,11,ATGGTACTGGGCGCGCTAAC,0,4693521
ybiY_ybiW_predicted,0.08333333333333333,11,11,ATGCTACTCTCAGTCGGACG,0,4704649
ybiY_ybiW_predicted,0.08333333333333333,11,11,ATCGAACCCGCAGCCCGGAT,0,4703537
ybiY_ybiW_predicted,0.08333333333333333,11,11,ATCGAACACTTTCCATATGG,0,4708064
ybiY_ybiW_predicted,0.08333333333333333,11,11,ATAACAGGAAGACTTGCCTT,0,4724540
ybiY_ybiW_predicted,0.08333333333333333,11,11,AGTAGAGTTCTCGACTCGTG,0,4710329
ybiY_ybiW_predicted,0.08333333333333333,11,11,AGGGTGATTCACAACTTTAG,0,4732389
ybiY_ybiW_predicted,0.08333333333333333,11,11,AGGGACCGTAACGGGGCCAT,0,4704788
ybiY_ybiW_predicted,0.08333333333333333,11,11,AGCTGCCCGCATTTCCATAG,0,4719669
ybiY_ybiW_predicted,0.08333333333333333,11,11,AGCCCTGCTTAACATAATCA,0,4730825
ybiY_ybiW_predicted,0.08333333333333333,11,11,AGACGTCAATCGAATTAAAT,0,4692624
ybiY_ybiW_predicted,0.08333333333333333,11,11,ACTTGTTTTATAGCTTCGAT,0,4699004
ybiY_ybiW_predicted,0.08333333333333333,11,11,ACTGGCTCTTACAGCGAAGG,0,4712804
ybiY_ybiW_predicted,0.08333333333333333,11,11,ACTGCATGGCCACCGGAATT,0,4699690
ybiY_ybiW_predicted,0.08333333333333333,11,11,ACTATAACGAACAAGGCGAG,0,4708652
ybiY_ybiW_predicted,0.08333333333333333,11,11,ACGTGCCAGAACAGCGGATT,0,4726299
ybiY_ybiW_predicted,0.08333333333333333,11,11,ACGCTCGGGCTCGTCACTGT,0,4696246
ybiY_ybiW_predicted,0.08333333333333333,11,11,ACGCGCCCGGGGAGTGAATG,0,4705464
ybiY_ybiW_predicted,0.08333333333333333,11,11,ACCAACATGTCCTAGCGGAC,0,4723658
ybiY_ybiW_predicted,0.08333333333333333,11,11,ACACCGCATCGGACTAGCGA,0,4715658
ybiY_ybiW_predicted,0.08333333333333333,11,11,AATTTACCACGCGTCCGTGA,0,4706150
ybiY_ybiW_predicted,0.08333333333333333,11,11,AATGACTGTAGTTGTCCCAG,0,4706732
ybiY_ybiW_predicted,0.08333333333333333,11,11,AAGAAACCGCCGTCATGAGT,0,4697529
ybiY_ybiW_predicted,0.09090909090909091,10,10,TTTGTGGTTATTAGCATGCC,0,4701418
ybiY_ybiW_predicted,0.09090909090909091,10,10,TTTAGGGCGACGGGTCCGCG,0,4712224
ybiY_ybiW_predicted,0.09090909090909091,10,10,TTGTTATCTGGAGGAGAATG,0,4694840
ybiY_ybiW_predicted,0.09090909090909091,10,10,TTCTCCGGTGGGGAACTCGA,0,4692212
ybiY_ybiW_predicted,0.09090909090909091,10,10,TTAGTTTTGACAGAATGGAG,0,4731407
ybiY_ybiW_predicted,0.09090909090909091,10,10,TGTTGTTCATTTAAAATGAA,0,4710268
ybiY_ybiW_predicted,0.09090909090909091,10,10,TGTTATTCTGCCTACGAGAA,0,4722320
ybiY_ybiW_predicted,0.09090909090909091,10,10,TGTCAGACCGGCCCGATCCT,0,4705301
ybiY_ybiW_predicted,0.09090909090909091,10,10,TGTCAAGATCCAACTAACGT,0,4703469
ybiY_ybiW_predicted,0.09090909090909091,10,10,TGTATTCGCCCGCGGGAGGG,0,4696739
ybiY_ybiW_predicted,0.09090909090909091,10,10,TGTAAAGTTGTCACCAAGTT,0,4730430
ybiY_ybiW_predicted,0.09090909090909091,10,10,TGGGCTCGGGCATGAAACAA,0,4716303
ybiY_ybiW_predicted,0.09090909090909091,10,10,TGGAATATGCGCCATGAAGC,0,4709978
ybiY_ybiW_predicted,0.09090909090909091,10,10,TGCGATAATCTAAGTACGAA,0,4719774
ybiY_ybiW_predicted,0.09090909090909091,10,10,TGACGACCATACAGCGTATG,0,4705022
ybiY_ybiW_predicted,0.09090909090909091,10,10,TCTTCCTCGCGCACAGTTAA,0,4717004
ybiY_ybiW_predicted,0.09090909090909091,10,10,TCTATCTCGATAGGTAATAG,0,4712591
ybiY_ybiW_predicted,0.09090909090909091,10,10,TCGGATATTCGGGCCTGTGA,0,4701556
ybiY_ybiW_predicted,0.09090909090909091,10,10,TATTAAATAAAGAGCATAAC,0,4726910
ybiY_ybiW_predicted,0.09090909090909091,10,10,TATACTCGATGGTGGACAAG,0,4731705
ybiY_ybiW_predicted,0.09090909090909091,10,10,TATAATAACTATGGCCATTG,0,4693442
ybiY_ybiW_predicted,0.09090909090909091,10,10,TATAACCATATACGTTGCAT,0,4708599
ybiY_ybiW_predicted,0.09090909090909091,10,10,TAGGTTAAAAAACGCGCGTC,0,4703691
ybiY_ybiW_predicted,0.09090909090909091,10,10,TAGAACAGAGCTCGTGAAGA,0,4723089
ybiY_ybiW_predicted,0.09090909090909091,10,10,TACGGAGGTCAGGAATCTCA,0,4709088
ybiY_ybiW_predicted,0.09090909090909091,10,10,TAAATCAGCCGTTCCCATCA,0,4721131
ybiY_ybiW_predicted,0.09090909090909091,10,10,GTGTCGGCCCACGTGGTCTT,0,4704507
ybiY_ybiW_predicted,0.09090909090909091,10,10,GTCTTGCTTCGCGCGCGTAT,0,4706320
ybiY_ybiW_predicted,0.09090909090909091,10,10,GTCGTCTAGTGCACAATTTC,0,4693220
ybiY_ybiW_predicted,0.09090909090909091,10,10,GTCCCGCTTATCGTCGCTGA,0,4728370
ybiY_ybiW_predicted,0.09090909090909091,10,10,GGTCCTTTAGGGGTTTCAGA,0,4696191
ybiY_ybiW_predicted,0.09090909090909091,10,10,GGGGCAATGGGGAGACTACA,0,4712367
ybiY_ybiW_predicted,0.09090909090909091,10,10,GGGGACTAACGGTGGGAATT,0,4697147
ybiY_ybiW_predicted,0.09090909090909091,10,10,GGCGCGCAAACGTTCCTGTC,0,4727574
ybiY_ybiW_predicted,0.09090909090909091,10,10,GGCCGTTCGGACAAATTTAT,0,4695117
ybiY_ybiW_predicted,0.09090909090909091,10,10,GGAAACCCATTTATTCATCG,0,4720205
ybiY_ybiW_predicted,0.09090909090909091,10,10,GCTTTGGGGGTGCGCTGGAG,0,4692550
ybiY_ybiW_predicted,0.09090909090909091,10,10,GCTTAGACCTGGTACACTGA,0,4696773
ybiY_ybiW_predicted,0.09090909090909091,10,10,GCGGGCAAGCAAAGGAACCG,0,4715256
ybiY_ybiW_predicted,0.09090909090909091,10,10,GCGCCCTTGCACGCGGCAGC,0,4694992
ybiY_ybiW_predicted,0.09090909090909091,10,10,GCGACTCCGAATTGCACTGG,0,4721129
ybiY_ybiW_predicted,0.09090909090909091,10,10,GCCTCGACCTTTCAAAGGAC,0,4693790
ybiY_ybiW_predicted,0.09090909090909091,10,10,GCCGACGGAACATATGGGAA,0,4696838
ybiY_ybiW_predicted,0.09090909090909091,10,10,GCCATTGTTAGATGCATCTC,0,4702090
ybiY_ybiW_predicted,0.09090909090909091,10,10,GCAAACGAGGGGTCCTGCAA,0,4689690
ybiY_ybiW_predicted,0.09090909090909091,10,10,GAGCATGACCGAGACGGCCA,0,4714693
ybiY_ybiW_predicted,0.09090909090909091,10,10,GACTTCCACCGTGACACGAC,0,4705748
ybiY_ybiW_predicted,0.09090909090909091,10,10,GAACATCAGAATTTGCAACC,0,4692915
ybiY_ybiW_predicted,0.09090909090909091,10,10,GAAAGGTGTAACGGCATGCA,0,4709090
ybiY_ybiW_predicted,0.09090909090909091,10,10,CTTTGGCCCATTCAACACAC,0,4688547
ybiY_ybiW_predicted,0.09090909090909091,10,10,CTGTTCGAAGATATCAATAC,0,4717416
ybiY_ybiW_predicted,0.09090909090909091,10,10,CTGTCGGTTTCTTTGCGCGA,0,4718850
ybiY_ybiW_predicted,0.09090909090909091,10,10,CTGGCCACAAAGGAACACGC,0,4728024
ybiY_ybiW_predicted,0.09090909090909091,10,10,CTGAGCAGCTAATGTGACTG,0,4688806
ybiY_ybiW_predicted,0.09090909090909091,10,10,CTCACAACGTCGCCCATTAC,0,4690323
ybiY_ybiW_predicted,0.09090909090909091,10,10,CTATGCGCTTTTATCCTTCA,0,4711607
ybiY_ybiW_predicted,0.09090909090909091,10,10,CTAGGATCCGGACCGTCAGA,0,4691707
ybiY_ybiW_predicted,0.09090909090909091,10,10,CGTTGCCGTTGAGCGACTAG,0,4730888
ybiY_ybiW_predicted,0.09090909090909091,10,10,CGTTACCATGCCAAACGAAT,0,4729347
ybiY_ybiW_predicted,0.09090909090909091,10,10,CGGGTGCGTAGGTGTGTTAG,0,4726639
ybiY_ybiW_predicted,0.09090909090909091,10,10,CGGGGAGGTCGCTATTTTTG,0,4688610
ybiY_ybiW_predicted,0.09090909090909091,10,10,CGGCTTTACGACTGCGTTTC,0,4720529
ybiY_ybiW_predicted,0.09090909090909091,10,10,CGCTCTGGAGGGATATGATG,0,4701356
ybiY_ybiW_predicted,0.09090909090909091,10,10,CCTGGTGCGACCATGTACAG,0,4706919
ybiY_ybiW_predicted,0.09090909090909091,10,10,CCTAAGATGGGTACTCGTGC,0,4715421
ybiY_ybiW_predicted,0.09090909090909091,10,10,CCGGGTTAACTATACCTAAT,0,4692712
ybiY_ybiW_predicted,0.09090909090909091,10,10,CCGGATGAGTATCGGGCGAT,0,4707730
ybiY_ybiW_predicted,0.09090909090909091,10,10,CCGCAGCTTCGGCGGTGTGT,0,4690154
ybiY_ybiW_predicted,0.09090909090909091,10,10,CCCCCGGTTCCGGCGAATTA,0,4707776
ybiY_ybiW_predicted,0.09090909090909091,10,10,CCCCCAGATCTGCTGATTTT,0,4721119
ybiY_ybiW_predicted,0.09090909090909091,10,10,CCCCAGATACCCTGCTCGCT,0,4722768
ybiY_ybiW_predicted,0.09090909090909091,10,10,CCCAGTGAGGTGAACCTTTC,0,4693179
ybiY_ybiW_predicted,0.09090909090909091,10,10,CCCAGTATTGGTAATTTGGT,0,4716584
ybiY_ybiW_predicted,0.09090909090909091,10,10,CCCAGCGGGAGTCGATACTT,0,4732315
ybiY_ybiW_predicted,0.09090909090909091,10,10,CCAGGCTGATATCCAATTCT,0,4727414
ybiY_ybiW_predicted,0.09090909090909091,10,10,CAGTAAGTTGAGTGCCCGGT,0,4695771
ybiY_ybiW_predicted,0.09090909090909091,10,10,CACATTACGGGCTTTGAAGA,0,4725780
ybiY_ybiW_predicted,0.09090909090909091,10,10,CAATTGTTAATGACGGGTCA,0,4711349
ybiY_ybiW_predicted,0.09090909090909091,10,10,CAATGGGAAAACGTCCGCAT,0,4709004
ybiY_ybiW_predicted,0.09090909090909091,10,10,CAAGTTGCTAACTTTGGAAA,0,4690444
ybiY_ybiW_predicted,0.09090909090909091,10,10,ATTGTCTATAGTCGTACCTA,0,4693174
ybiY_ybiW_predicted,0.09090909090909091,10,10,ATCTTTTGAAAGTCTGTCGC,0,4716168
ybiY_ybiW_predicted,0.09090909090909091,10,10,ATCCTACTCACGAGTACGTA,0,4712371
ybiY_ybiW_predicted,0.09090909090909091,10,10,ATCCGGGTACAGGCGCCGGT,0,4715661
ybiY_ybiW_predicted,0.09090909090909091,10,10,ATAGTCCTATATTGGGACGG,0,4701519
ybiY_ybiW_predicted,0.09090909090909091,10,10,ATAGGTTTCGATAGCACCTC,0,4730440
ybiY_ybiW_predicted,0.09090909090909091,10,10,AGTAGCCGCCTACTGTGCTG,0,4723057
ybiY_ybiW_predicted,0.09090909090909091,10,10,AGGTTGAGATAAGCGCAAAG,0,4702538
ybiY_ybiW_predicted,0.09090909090909091,10,10,AGGGACAGTGCAAACACTGA,0,4732327
ybiY_ybiW_predicted,0.09090909090909091,10,10,AGGCAGTATTGCCGTCGGAC,0,4713331
ybiY_ybiW_predicted,0.09090909090909091,10,10,AGCCGACGCAGTTCTGTGCA,0,4731558
ybiY_ybiW_predicted,0.09090909090909091,10,10,AGCCATCTGTTTAGGGGTTC,0,4703516
ybiY_ybiW_predicted,0.09090909090909091,10,10,AGACGTGCTATAAGTACGTA,0,4729776
ybiY_ybiW_predicted,0.09090909090909091,10,10,AGAAGCGACGGAGAATGGAG,0,4690506
ybiY_ybiW_predicted,0.09090909090909091,10,10,ACTCTTGATAAATGTAATCT,0,4720071
ybiY_ybiW_predicted,0.09090909090909091,10,10,ACTCACCGAACTATTCTGAT,0,4712777
ybiY_ybiW_predicted,0.09090909090909091,10,10,ACGGTTCCGTAAACTACAGA,0,4726886
ybiY_ybiW_predicted,0.09090909090909091,10,10,ACGGTACGCCTTAAATACAG,0,4692527
ybiY_ybiW_predicted,0.09090909090909091,10,10,ACGGCAGCACTTGCGCCATT,0,4723018
ybiY_ybiW_predicted,0.09090909090909091,10,10,ACGACTAGGGAGTACCCTGT,0,4704576
ybiY_ybiW_predicted,0.09090909090909091,10,10,ACGAAGCCACCATAAAACGG,0,4715246
ybiY_ybiW_predicted,0.09090909090909091,10,10,ACCTTTAAGGATGTTCGCTC,0,4707696
ybiY_ybiW_predicted,0.09090909090909091,10,10,ACCCACAACCCATCCTTAAA,0,4725360
ybiY_ybiW_predicted,0.09090909090909091,10,10,ACATTTCTTCGGAGGATCGT,0,4688607
ybiY_ybiW_predicted,0.09090909090909091,10,10,AATGTGCCAGGTGGTTAAGA,0,4725387
ybiY_ybiW_predicted,0.09090909090909091,10,10,AATGTATAACTAATTGGGGT,0,4693262
ybiY_ybiW_predicted,0.09090909090909091,10,10,AATCTGATTCACTGATACAG,0,4702983
ybiY_ybiW_predicted,0.09090909090909091,10,10,AATCTACGAAGATGCCCAGG,0,4706513
ybiY_ybiW_predicted,0.09090909090909091,10,10,AATCGCGAGCGGGAGTCCAT,0,4725878
ybiY_ybiW_predicted,0.09090909090909091,10,10,AATAGGACCGGCCTCAGACA,0,4701288
ybiY_ybiW_predicted,0.09090909090909091,10,10,AATACCGGTCTTCAATTCGA,0,4699783
ybiY_ybiW_predicted,0.09090909090909091,10,10,AAGTCAGTTATTTAGTTCCG,0,4707338
ybiY_ybiW_predicted,0.09090909090909091,10,10,AAGGAGGAATTCAGCTTTCA,0,4690367
ybiY_ybiW_predicted,0.09090909090909091,10,10,AAGCTTTAAGCGGGCGTAGA,0,4724721
ybiY_ybiW_predicted,0.09090909090909091,10,10,AAGCGTCCAGCACCATGTGG,0,4688499
ybiY_ybiW_predicted,0.09090909090909091,10,10,AACTTGGATTACAGGGAAAT,0,4705300
ybiY_ybiW_predicted,0.09090909090909091,10,10,AACTGTCTGATTGGTGCATT,0,4704230
ybiY_ybiW_predicted,0.09090909090909091,10,10,AACCTACGCGTGTGGTCTGC,0,4698352
ybiY_ybiW_predicted,0.1,9,9,TTTTAGAGCCTGGATAAAAG,0,4730610
ybiY_ybiW_predicted,0.1,9,9,TTTTAAGCTGTGAGTTATCG,0,4724076
ybiY_ybiW_predicted,0.1,9,9,TTTGAATCTGCCGGGATTCA,0,4722257
ybiY_ybiW_predicted,0.1,9,9,TTGTCAAGTTCCACAGCCGT,0,4692138
ybiY_ybiW_predicted,0.1,9,9,TTGCGAATTCCGTGAAGGAG,0,4697418
ybiY_ybiW_predicted,0.1,9,9,TTGCATAAAGCGAGGACGGT,0,4708249
ybiY_ybiW_predicted,0.1,9,9,TTGAGCGAGGTCGAGGGACG,0,4728096
ybiY_ybiW_predicted,0.1,9,9,TTGACAGTGCCGTTGTGTAG,0,4708373
ybiY_ybiW_predicted,0.1,9,9,TTCTTCCACGTTAATCAATT,0,4723393
ybiY_ybiW_predicted,0.1,9,9,TTCCAGGATACTAGCAGTTT,0,4697169
ybiY_ybiW_predicted,0.1,9,9,TTATAAGCCCGCCGATGTTC,0,4727202
ybiY_ybiW_predicted,0.1,9,9,TTAGAGTGGTCCTCGTTCAA,0,4726280
ybiY_ybiW_predicted,0.1,9,9,TTACTTACCTCATGGTTTAT,0,4708274
ybiY_ybiW_predicted,0.1,9,9,TTACCTCGTTGGCCTCTGGC,0,4731855
ybiY_ybiW_predicted,0.1,9,9,TGTTTTGCCGTCTCATAAAT,0,4691236
ybiY_ybiW_predicted,0.1,9,9,TGGTGGTGGGTGCCACCGTT,0,4690917
ybiY_ybiW_predicted,0.1,9,9,TGGTCCCAAAGGTGTATTGC,0,4728158
ybiY_ybiW_predicted,0.1,9,9,TGGGGCTACGAAGTAATTAA,0,4689034
ybiY_ybiW_predicted,0.1,9,9,TGGGGAATTGCGAAGCAAGC,0,4716340
ybiY_ybiW_predicted,0.1,9,9,TGGGAGAAGTCATCACGGAA,0,4704113
ybiY_ybiW_predicted,0.1,9,9,TGGCTGCACTCCTATTTCGC,0,4704601
ybiY_ybiW_predicted,0.1,9,9,TGCGTCTGACCCACTCACTT,0,4699556
ybiY_ybiW_predicted,0.1,9,9,TGCATATGACCCAACCCTAA,0,4691243
ybiY_ybiW_predicted,0.1,9,9,TGCAGTGGCGCTGGTCAACG,0,4706159
ybiY_ybiW_predicted,0.1,9,9,TGATGCTCTTCTTCCTCACA,0,4710001
ybiY_ybiW_predicted,0.1,9,9,TGATCTATTAGGCCTCCGAG,0,4708115
ybiY_ybiW_predicted,0.1,9,9,TGAGCGGACGCCAGGAGTTA,0,4713889
ybiY_ybiW_predicted,0.1,9,9,TCTTGCCTCCGAGCAGGCTG,0,4689249
ybiY_ybiW_predicted,0.1,9,9,TCTCCCTGTTAGCCTAGCTA,0,4723459
ybiY_ybiW_predicted,0.1,9,9,TCCGGTTCTTAGTCCCATCG,0,4707142
ybiY_ybiW_predicted,0.1,9,9,TATGCGTAAACAGGCGTAGT,0,4710848
ybiY_ybiW_predicted,0.1,9,9,TATCACGTGGGGCAGCACGA,0,4725019
ybiY_ybiW_predicted,0.1,9,9,TATATGTACCTTTATCTTTG,0,4706174
ybiY_ybiW_predicted,0.1,9,9,TATAATTGCGTGACAAGGTC,0,4690084
ybiY_ybiW_predicted,0.1,9,9,TAGGGCATGAATATCTTAGA,0,4696934
ybiY_ybiW_predicted,0.1,9,9,TAGGAAGTTCCGATTTTGCA,0,4722106
ybiY_ybiW_predicted,0.1,9,9,TAGAAAAGACATCCAGTCCA,0,4704211
ybiY_ybiW_predicted,0.1,9,9,TACCAATGAAAGTACTAGGC,0,4712678
ybiY_ybiW_predicted,0.1,9,9,TACAGAGTAGTCTGGCATTC,0,4692141
ybiY_ybiW_predicted,0.1,9,9,TAATTTCTCAACGCCGACAG,0,4706863
ybiY_ybiW_predicted,0.1,9,9,TAACGAGCCGGGATTTCGAA,0,4716134
ybiY_ybiW_predicted,0.1,9,9,GTTGCGCACATCGCGTCCAC,0,4722327
ybiY_ybiW_predicted,0.1,9,9,GTGTATTTGTCCAACGGGGT,0,4724564
ybiY_ybiW_predicted,0.1,9,9,GTGCGAACTCCCTAGACTCG,0,4693564
ybiY_ybiW_predicted,0.1,9,9,GTGCCTGGGCTCTCAGCTCT,0,4731316
ybiY_ybiW_predicted,0.1,9,9,GTGCACGATCGACATGTCGC,0,4709365
ybiY_ybiW_predicted,0.1,9,9,GTGATTGACTTGTTCAGCCA,0,4711232
ybiY_ybiW_predicted,0.1,9,9,GTCTTAATAGGCAGGCTAAA,0,4691162
ybiY_ybiW_predicted,0.1,9,9,GTATTCCGTTCGACCCTTGC,0,4710604
ybiY_ybiW_predicted,0.1,9,9,GTAGGGCTGTTCGCGGTTAT,0,4729368
ybiY_ybiW_predicted,0.1,9,9,GTAGAATGGAGCCACTGTTC,0,4702225
ybiY_ybiW_predicted,0.1,9,9,GTACCAACAGGGGAAGATGT,0,4701774
ybiY_ybiW_predicted,0.1,9,9,GGTTTTTGCCCGAGTTTATT,0,4717882
ybiY_ybiW_predicted,0.1,9,9,GGTTCCACCCAAGAGCCGTT,0,4701229
ybiY_ybiW_predicted,0.1,9,9,GGTATCGACGGCATCATGTC,0,4717280
ybiY_ybiW_predicted,0.1,9,9,GGGGGGACTTCAATTGAAGG,0,4711686
ybiY_ybiW_predicted,0.1,9,9,GGCTGTAGTGTTTAACTCTT,0,4699058
ybiY_ybiW_predicted,0.1,9,9,GGCGGCTAACTAATGCGTCT,0,4702382
ybiY_ybiW_predicted,0.1,9,9,GGCCGTCTATACGAGAATCC,0,4728083
ybiY_ybiW_predicted,0.1,9,9,GGCCCCGAGGGATCAACCGC,0,4707211
ybiY_ybiW_predicted,0.1,9,9,GGAGTGTTTTCGCTGCTATG,0,4726914
ybiY_ybiW_predicted,0.1,9,9,GGAGGAACACTTTAGATAGA,0,4701861
ybiY_ybiW_predicted,0.1,9,9,GGACTCAAGGATCGACAATA,0,4726671
ybiY_ybiW_predicted,0.1,9,9,GGACGACTAGGGTCTTTGGG,0,4697812
ybiY_ybiW_predicted,0.1,9,9,GGACATTGTTAATATTGCCT,0,4691890
ybiY_ybiW_predicted,0.1,9,9,GGAAGGGACCTTTGTTTCCA,0,4701000
ybiY_ybiW_predicted,0.1,9,9,GCTTCAGCCACGAGGTTCTA,0,4712147
ybiY_ybiW_predicted,0.1,9,9,GCTACTAACTCAAATGCACG,0,4731058
ybiY_ybiW_predicted,0.1,9,9,GCGGTTCGCGGCTTCAAAAT,0,4702872
ybiY_ybiW_predicted,0.1,9,9,GCGGCACATGTAACCTCCCC,0,4728896
ybiY_ybiW_predicted,0.1,9,9,GCGCAAGTCCCGACGGATTG,0,4698531
ybiY_ybiW_predicted,0.1,9,9,GCCTTCCCTGGTCATAAGAC,0,4731910
ybiY_ybiW_predicted,0.1,9,9,GCATTGTCTTCCCTGCTCTC,0,4689331
ybiY_ybiW_predicted,0.1,9,9,GAGGACGTGCTGCTACGCCT,0,4725464
ybiY_ybiW_predicted,0.1,9,9,GAGATACAAGCATGCCTGTT,0,4701358
ybiY_ybiW_predicted,0.1,9,9,GACATTACCGGCACATGTCA,0,4716626
ybiY_ybiW_predicted,0.1,9,9,GACAATCAGGACGTGGAAGG,0,4700203
ybiY_ybiW_predicted,0.1,9,9,GAACGGCTGGCTCAGAAATG,0,4696894
ybiY_ybiW_predicted,0.1,9,9,GAAAGGTGATTAAGGTGACT,0,4707042
ybiY_ybiW_predicted,0.1,9,9,CTTTTCGTGATCATTCCCGA,0,4709850
ybiY_ybiW_predicted,0.1,9,9,CTTTTATCTGCTCTAAGTTC,0,4710534
ybiY_ybiW_predicted,0.1,9,9,CTGGGGAGGATTGGAGCCAA,0,4712362
ybiY_ybiW_predicted,0.1,9,9,CTGGCGGTCGATAGTTGCTC,0,4692969
ybiY_ybiW_predicted,0.1,9,9,CTGCCAGGAGGGGTTATCTT,0,4701856
ybiY_ybiW_predicted,0.1,9,9,CTCTCATTAGGTACCTTCTG,0,4693355
ybiY_ybiW_predicted,0.1,9,9,CTCACAAGAGGACGATGACC,0,4695115
ybiY_ybiW_predicted,0.1,9,9,CTATGTTCGTTGATCCCGAT,0,4699305
ybiY_ybiW_predicted,0.1,9,9,CGTTTAGTGAAAACAGACTT,0,4722169
ybiY_ybiW_predicted,0.1,9,9,CGTTCAATCGCTAACTCTGA,0,4706586
ybiY_ybiW_predicted,0.1,9,9,CGTTAGGCACGACACCTCTC,0,4707160
ybiY_ybiW_predicted,0.1,9,9,CGGGGCCTGAGGCATCCCAA,0,4708676
ybiY_ybiW_predicted,0.1,9,9,CGGCAAGGTAGACCCATGAG,0,4689946
ybiY_ybiW_predicted,0.1,9,9,CGCGGTCTCCGTAAGAGAGT,0,4691251
ybiY_ybiW_predicted,0.1,9,9,CGAGAAGAAGCTTGACCGTT,0,4715262
ybiY_ybiW_predicted,0.1,9,9,CCGTCTCATGAACCGAAGGT,0,4725812
ybiY_ybiW_predicted,0.1,9,9,CCCTAAGGGACCGCTTGCTT,0,4717862
ybiY_ybiW_predicted,0.1,9,9,CCCATTTGGGTGGATGAATA,0,4693753
ybiY_ybiW_predicted,0.1,9,9,CCCATGGTTTGGTCCCTTCA,0,4721504
ybiY_ybiW_predicted,0.1,9,9,CCCATCCGTTCGATTTTCTC,0,4706285
ybiY_ybiW_predicted,0.1,9,9,CCATGCTTCGTCTCGTGCTT,0,4724558
ybiY_ybiW_predicted,0.1,9,9,CCATATTTTACTGTCAATTC,0,4716269
ybiY_ybiW_predicted,0.1,9,9,CCACATATAAGCGCCTCCGT,0,4691030
ybiY_ybiW_predicted,0.1,9,9,CCAATGAGGATCGCAAGCGT,0,4701192
ybiY_ybiW_predicted,0.1,9,9,CATCGCATCACAAGCTAGCA,0,4724868
ybiY_ybiW_predicted,0.1,9,9,CATCCCCTGACGAAGTTGGA,0,4692560
ybiY_ybiW_predicted,0.1,9,9,CAGGAGCTAACCAGCTGTAC,0,4698961
ybiY_ybiW_predicted,0.1,9,9,CAGGAACTTTGTGTTTAAAT,0,4716579
ybiY_ybiW_predicted,0.1,9,9,CAGACCCCCGGGCTGAGCGA,0,4691542
ybiY_ybiW_predicted,0.1,9,9,CACCGCGTTCGTCCTATAAA,0,4726532
ybiY_ybiW_predicted,0.1,9,9,CAAGTTATAATTAGAAACGT,0,4722135
ybiY_ybiW_predicted,0.1,9,9,CAAGTAGCTATGGGAGACGC,0,4724688
ybiY_ybiW_predicted,0.1,9,9,CAACAATGTCTGCGCATCAA,0,4723876
ybiY_ybiW_predicted,0.1,9,9,ATTCGGTGCATACCCTTTGA,0,4718815
ybiY_ybiW_predicted,0.1,9,9,ATTACTGATTACTAAGAAAG,0,4712408
ybiY_ybiW_predicted,0.1,9,9,ATGTGATCCTAAAGCGGGAG,0,4719348
ybiY_ybiW_predicted,0.1,9,9,ATGGGATCTACTGACTCTTT,0,4703722
ybiY_ybiW_predicted,0.1,9,9,ATGGCCTTATGGGTGAGGAC,0,4705148
ybiY_ybiW_predicted,0.1,9,9,ATGAGTGCGCACACCGGTTA,0,4693231
ybiY_ybiW_predicted,0.1,9,9,ATCCGTGATTCGTCTGGGGC,0,4724834
ybiY_ybiW_predicted,0.1,9,9,ATCACGAGCTAGATGATTTA,0,4689256
ybiY_ybiW_predicted,0.1,9,9,ATAAGCCAGAGTTTCTCTCG,0,4704873
ybiY_ybiW_predicted,0.1,9,9,AGTTTGTAGGCGTAACCACT,0,4729310
ybiY_ybiW_predicted,0.1,9,9,AGTTGGCGCGCGGATCGGTT,0,4717113
ybiY_ybiW_predicted,0.1,9,9,AGTGCCCTGCTTGTTAGGCA,0,4713687
ybiY_ybiW_predicted,0.1,9,9,AGTCGGGGTAGGAGACTTCG,0,4722887
ybiY_ybiW_predicted,0.1,9,9,AGTCATCAGGTTGGGTGCTT,0,4689275
ybiY_ybiW_predicted,0.1,9,9,AGTAGAGGTTGGATATAGCG,0,4731060
ybiY_ybiW_predicted,0.1,9,9,AGGGTTTTGTTGTCCAGATC,0,4723391
ybiY_ybiW_predicted,0.1,9,9,AGGCGTTGCTTACGTACAGA,0,4716102
ybiY_ybiW_predicted,0.1,9,9,AGCTTGCGCAGCATGGCGGA,0,4699997
ybiY_ybiW_predicted,0.1,9,9,AGCCTTAAGCCTCATACCTG,0,4730734
ybiY_ybiW_predicted,0.1,9,9,AGCACTCATCAAATGTCCTC,0,4721116
ybiY_ybiW_predicted,0.1,9,9,AGCAACGAGTATCGTGCGGT,0,4726493
ybiY_ybiW_predicted,0.1,9,9,AGATCACTAGGCGTGTCTGA,0,4719507
ybiY_ybiW_predicted,0.1,9,9,AGAGTGCCTTTTACTATCAA,0,4704159
ybiY_ybiW_predicted,0.1,9,9,AGAAGAGCGGTGATCTAATA,0,4695217
ybiY_ybiW_predicted,0.1,9,9,ACTTCGTGCTTCCCCTACTC,0,4713755
ybiY_ybiW_predicted,0.1,9,9,ACTTAACACTGGCTAAACAA,0,4712070
ybiY_ybiW_predicted,0.1,9,9,ACTCGCGGGAATATCACTCC,0,4695061
ybiY_ybiW_predicted,0.1,9,9,ACTCCAAGAAGTCTTTTTTT,0,4715575
ybiY_ybiW_predicted,0.1,9,9,ACGTGCATGAAATCGTGTCG,0,4693623
ybiY_ybiW_predicted,0.1,9,9,ACGTATAAATTACGCCAATG,0,4714994
ybiY_ybiW_predicted,0.1,9,9,ACGCTTATTCGGCGGAGATC,0,4717959
ybiY_ybiW_predicted,0.1,9,9,ACGCCTAAGGTGTCCTGGCG,0,4691018
ybiY_ybiW_predicted,0.1,9,9,ACGATACGCCACAGAGATCG,0,4717781
ybiY_ybiW_predicted,0.1,9,9,ACCGCTTAACTTTAGCTAAT,0,4698041
ybiY_ybiW_predicted,0.1,9,9,ACCACTATCAAGGCTGATTA,0,4701231
ybiY_ybiW_predicted,0.1,9,9,ACCACAGTGAGTCGTATTCT,0,4717893
ybiY_ybiW_predicted,0.1,9,9,ACAGTGGCGAGGTAACTAGC,0,4716861
ybiY_ybiW_predicted,0.1,9,9,ACAGCACGATAAGATGGATG,0,4710838
ybiY_ybiW_predicted,0.1,9,9,ACAGATAGCATCTTACGGTT,0,4728360
ybiY_ybiW_predicted,0.1,9,9,ACAAGTAAACATCCGCAGCA,0,4699832
ybiY_ybiW_predicted,0.1,9,9,AATGTTCTCAAGCAAGGACA,0,4693180
ybiY_ybiW_predicted,0.1,9,9,AATGGGGCTATCCCTGTGGT,0,4718369
ybiY_ybiW_predicted,0.1,9,9,AATCTGGTTGTTCTGTCTGT,0,4718663
ybiY_ybiW_predicted,0.1,9,9,AATCATCAGTTTCGCAATTC,0,4732572
ybiY_ybiW_predicted,0.1,9,9,AAGTATGCGTATAATCAATC,0,4707075
ybiY_ybiW_predicted,0.1,9,9,AAGGATTTTAGACGGCCCAC,0,4728768
ybiY_ybiW_predicted,0.1,9,9,AAGCGGGCAATTCCGGCTAG,0,4724038
ybiY_ybiW_predicted,0.1,9,9,AAGCCCGTACCAGTTACTAA,0,4689630
ybiY_ybiW_predicted,0.1,9,9,AAGACCTGGGTCCTACCCAA,0,4694426
ybiY_ybiW_predicted,0.1,9,9,AAAGTCTATGGAATCTTTAT,0,4714342
ybiY_ybiW_predicted,0.1,9,9,AAAGTAGTTCCAGCTCCTTG,0,4727387
ybiY_ybiW_predicted,0.1,9,9,AAAGGGTGACTGAGCCGCGC,0,4697337
ybiY_ybiW_predicted,0.1111111111111111,8,8,TTTTTTTAAATTGCTGGTCG,0,4718129
ybiY_ybiW_predicted,0.1111111111111111,8,8,TTTTCAATTCAAGAGGATGA,0,4698339
ybiY_ybiW_predicted,0.1111111111111111,8,8,TTTTAACACTGTTTTTTTCG,0,4724139
ybiY_ybiW_predicted,0.1111111111111111,8,8,TTTGCGGGCATTTAAGATTG,0,4707424
ybiY_ybiW_predicted,0.1111111111111111,8,8,TTTGCACAGGGGATCAGTGC,0,4700312
ybiY_ybiW_predicted,0.1111111111111111,8,8,TTTACGGGGTACCTGCGCTA,0,4699330
ybiY_ybiW_predicted,0.1111111111111111,8,8,TTGTTTTAACGATGTGTTGC,0,4713273
ybiY_ybiW_predicted,0.1111111111111111,8,8,TTGCGATTTCATAGGTTGAG,0,4701638
ybiY_ybiW_predicted,0.1111111111111111,8,8,TTCTCGATATTGGCCCAAGA,0,4694665
ybiY_ybiW_predicted,0.1111111111111111,8,8,TGTCACCACCGACGCTCAGT,0,4693770
ybiY_ybiW_predicted,0.1111111111111111,8,8,TGTACGTCGGACTCCAAAAA,0,4727961
ybiY_ybiW_predicted,0.1111111111111111,8,8,TGTACCTCTCCGGTAGATAC,0,4727146
ybiY_ybiW_predicted,0.1111111111111111,8,8,TGGTGTAAAGGGTGGGAGAG,0,4707917
ybiY_ybiW_predicted,0.1111111111111111,8,8,TGGTCCGTAATAGTATGCGG,0,4689383
ybiY_ybiW_predicted,0.1111111111111111,8,8,TGGGTAGACTGAGTCGGCAG,0,4730387
ybiY_ybiW_predicted,0.1111111111111111,8,8,TGGGGTGTCATATGACCCGA,0,4689004
ybiY_ybiW_predicted,0.1111111111111111,8,8,TGGGGGGTGGAAAAGGAGTT,0,4703206
ybiY_ybiW_predicted,0.1111111111111111,8,8,TGGCAAACAAGCACTTGTAT,0,4708964
ybiY_ybiW_predicted,0.1111111111111111,8,8,TGGAACCACCCTTGGGGGTT,0,4694050
ybiY_ybiW_predicted,0.1111111111111111,8,8,TGCAGAGCCAATGTACGAAG,0,4704921
ybiY_ybiW_predicted,0.1111111111111111,8,8,TGAGGATTGAGCGCCCCGTC,0,4724213
ybiY_ybiW_predicted,0.1111111111111111,8,8,TGAGGACTAACCGGATCGAT,0,4714569
ybiY_ybiW_predicted,0.1111111111111111,8,8,TGAAATACTTAGTGTAGCGG,0,4721364
ybiY_ybiW_predicted,0.1111111111111111,8,8,TCTTTCTGATCGTCAGGTGG,0,4691948
ybiY_ybiW_predicted,0.1111111111111111,8,8,TCTTCAACTAGCAGTGCGCT,0,4700877
ybiY_ybiW_predicted,0.1111111111111111,8,8,TCTCAGAGGCCAAATCGAAC,0,4716583
ybiY_ybiW_predicted,0.1111111111111111,8,8,TCTATCTGGTGCAAACGAAA,0,4723778
ybiY_ybiW_predicted,0.1111111111111111,8,8,TCTATATGGGCAGACACCAG,0,4689642
ybiY_ybiW_predicted,0.1111111111111111,8,8,TCTACGCCATCCGTACTAAA,0,4689464
ybiY_ybiW_predicted,0.1111111111111111,8,8,TCGATATCGTCTCCCGTACC,0,4695918
ybiY_ybiW_predicted,0.1111111111111111,8,8,TCCGGCCCAGGTCTACCGAT,0,4730897
ybiY_ybiW_predicted,0.1111111111111111,8,8,TCCCCATACCCACGTCTTGA,0,4690536
ybiY_ybiW_predicted,0.1111111111111111,8,8,TCCAGTACGGCTTGGGGAAG,0,4702153
ybiY_ybiW_predicted,0.1111111111111111,8,8,TCCAGCCCATACTGCGCAAA,0,4692175
ybiY_ybiW_predicted,0.1111111111111111,8,8,TCATTATAGGCGCCTTAGCT,0,4709400
ybiY_ybiW_predicted,0.1111111111111111,8,8,TCATGTCCGTGGCAGCATAC,0,4704539
ybiY_ybiW_predicted,0.1111111111111111,8,8,TCATCTCCGTTACAACTGCC,0,4697064
ybiY_ybiW_predicted,0.1111111111111111,8,8,TCACCCAGGTGTGAGTCCGC,0,4696879
ybiY_ybiW_predicted,0.1111111111111111,8,8,TCAACTGACGCCCGAGGTTC,0,4713503
ybiY_ybiW_predicted,0.1111111111111111,8,8,TATTGGTGTCTAGGCCGAAT,0,4709815
ybiY_ybiW_predicted,0.1111111111111111,8,8,TATCAATTTTTTTTGTCATC,0,4732421
ybiY_ybiW_predicted,0.1111111111111111,8,8,TATAGCTAAGTGGCGCGCAG,0,4709601
ybiY_ybiW_predicted,0.1111111111111111,8,8,TAGGGTGGGACAATCTTATT,0,4694191
ybiY_ybiW_predicted,0.1111111111111111,8,8,TAGATCCCAGACTACCGCCT,0,4690448
ybiY_ybiW_predicted,0.1111111111111111,8,8,TACTGATGGTTCCACGTCAT,0,4693470
ybiY_ybiW_predicted,0.1111111111111111,8,8,TACGTGCTACCCAGGTTTTT,0,4717331
ybiY_ybiW_predicted,0.1111111111111111,8,8,TACGTGCCATCTCATGTGTG,0,4698470
ybiY_ybiW_predicted,0.1111111111111111,8,8,TACGGACACGTCCTGAATGT,0,4689867
ybiY_ybiW_predicted,0.1111111111111111,8,8,TACCCCGCGATCTAACGAAT,0,4716459
ybiY_ybiW_predicted,0.1111111111111111,8,8,TAATTCACACCTGCCATAAT,0,4716403
ybiY_ybiW_predicted,0.1111111111111111,8,8,TAATGGGTGTCACTCCACTC,0,4697956
ybiY_ybiW_predicted,0.1111111111111111,8,8,TAATGGCAACTAGGGGGGGA,0,4702736
ybiY_ybiW_predicted,0.1111111111111111,8,8,TAACGTCTTGTATGCAAGAG,0,4688656
ybiY_ybiW_predicted,0.1111111111111111,8,8,TAACAAAGACGGAAGCAGTC,0,4694661
ybiY_ybiW_predicted,0.1111111111111111,8,8,GTTTAAGCGTTTACTTAACC,0,4712172
ybiY_ybiW_predicted,0.1111111111111111,8,8,GTTCGCAGGCATACGGCTCA,0,4712779
ybiY_ybiW_predicted,0.1111111111111111,8,8,GTGTGAGTTATTCGAAAGAC,0,4698371
ybiY_ybiW_predicted,0.1111111111111111,8,8,GTGGTATCGCCACGATCTGT,0,4730880
ybiY_ybiW_predicted,0.1111111111111111,8,8,GTGGGGCTCTAAGAAGGCAT,0,4730239
ybiY_ybiW_predicted,0.1111111111111111,8,8,GTGGGACGGTACTATCCGGG,0,4708783
ybiY_ybiW_predicted,0.1111111111111111,8,8,GTGGCCCACGAGTGCCTTCA,0,4703809
ybiY_ybiW_predicted,0.1111111111111111,8,8,GTGCTGGTAAAGTCTAAGGG,0,4689089
ybiY_ybiW_predicted,0.1111111111111111,8,8,GTGCAGTCTGGGAAGGGTGA,0,4699154
ybiY_ybiW_predicted,0.1111111111111111,8,8,GTCTGCCAAGCCACCCTCCA,0,4718752
ybiY_ybiW_predicted,0.1111111111111111,8,8,GTCGGTTCTATTCGCCTGAC,0,4703432
ybiY_ybiW_predicted,0.1111111111111111,8,8,GTATTGAAATTGTAGCAAGC,0,4708029
ybiY_ybiW_predicted,0.1111111111111111,8,8,GTATGAGCGGCAGCGTTGGC,0,4706369
ybiY_ybiW_predicted,0.1111111111111111,8,8,GTATGACTACGCCCTACCGA,0,4696578
ybiY_ybiW_predicted,0.1111111111111111,8,8,GTAGCAGAGTTCGGTGCCTA,0,4724606
ybiY_ybiW_predicted,0.1111111111111111,8,8,GTAGAGGCGCGGAACGTTAC,0,4690445
ybiY_ybiW_predicted,0.1111111111111111,8,8,GTACAAGCGTTGGCCCACGC,0,4731166
ybiY_ybiW_predicted,0.1111111111111111,8,8,GGTTATTCCCGCCCATGTCT,0,4694020
ybiY_ybiW_predicted,0.1111111111111111,8,8,GGTGTCAATTGGCCGGAAGG,0,4695625
ybiY_ybiW_predicted,0.1111111111111111,8,8,GGTGAGGCCTATCTGTTACA,0,4707790
ybiY_ybiW_predicted,0.1111111111111111,8,8,GGTCTAGACCCCAGGCGCCA,0,4717472
ybiY_ybiW_predicted,0.1111111111111111,8,8,GGTACGTGTTCCTTCTCCGT,0,4703782
ybiY_ybiW_predicted,0.1111111111111111,8,8,GGTACCGACGTTAAAAGAGG,0,4702511
ybiY_ybiW_predicted,0.1111111111111111,8,8,GGGCTGCTGGAGGCATAGAG,0,4715427
ybiY_ybiW_predicted,0.1111111111111111,8,8,GGGCCGGGCCGGATGCCGTT,0,4700343
ybiY_ybiW_predicted,0.1111111111111111,8,8,GGGCATTTAACCTGGGAGCC,0,4722504
ybiY_ybiW_predicted,0.1111111111111111,8,8,GGGACGCGGACTTACGGATG,0,4708755
ybiY_ybiW_predicted,0.1111111111111111,8,8,GGCTGCCTAAGCTTCCCCTC,0,4721830
ybiY_ybiW_predicted,0.1111111111111111,8,8,GGCGTTGAACTAACTTTTAA,0,4689908
ybiY_ybiW_predicted,0.1111111111111111,8,8,GGCGGTAATCACATGACGAA,0,4713371
ybiY_ybiW_predicted,0.1111111111111111,8,8,GGCGGACCCGCGCCATTCGA,0,4712231
ybiY_ybiW_predicted,0.1111111111111111,8,8,GGCATATGAACCGGAGACCC,0,4720207
ybiY_ybiW_predicted,0.1111111111111111,8,8,GGCACAGCGACCTAGACGGA,0,4691785
ybiY_ybiW_predicted,0.1111111111111111,8,8,GGCAAAGGTGCCGCCTTCCA,0,4692315
ybiY_ybiW_predicted,0.1111111111111111,8,8,GGATTCGTGTGCCGGATAAC,0,4713718
ybiY_ybiW_predicted,0.1111111111111111,8,8,GGATGGAGAAGGGCATGTTA,0,4728260
ybiY_ybiW_predicted,0.1111111111111111,8,8,GGAGCCAGCAGACTCTGACT,0,4700169
ybiY_ybiW_predicted,0.1111111111111111,8,8,GGACCGACGATGGACGTACA,0,4725551
ybiY_ybiW_predicted,0.1111111111111111,8,8,GGACAGAGTCAGATCACAGC,0,4720590
ybiY_ybiW_predicted,0.1111111111111111,8,8,GCTCCATCTGAACCGAGCGC,0,4698211
ybiY_ybiW_predicted,0.1111111111111111,8,8,GCTAAACTGGAATAAGATGC,0,4714789
ybiY_ybiW_predicted,0.1111111111111111,8,8,GCGTGGGACACACTCTTCGG,0,4706548
ybiY_ybiW_predicted,0.1111111111111111,8,8,GCGTGGCATGAGACAAATCT,0,4705432
ybiY_ybiW_predicted,0.1111111111111111,8,8,GCCGGGCGGGCAAACGAGGT,0,4717061
ybiY_ybiW_predicted,0.1111111111111111,8,8,GCCCAATCACAGTGATTATA,0,4718193
ybiY_ybiW_predicted,0.1111111111111111,8,8,GCAGAGTACCAATTTGTGAT,0,4696576
ybiY_ybiW_predicted,0.1111111111111111,8,8,GCAAGTTGGTTGGACTTGGT,0,4698467
ybiY_ybiW_predicted,0.1111111111111111,8,8,GATTGGTACTAGAATGTAAA,0,4694241
ybiY_ybiW_predicted,0.1111111111111111,8,8,GATTGATATTGCATTGTCAA,0,4701646
ybiY_ybiW_predicted,0.1111111111111111,8,8,GATGGGCGGGGTGTCAGGGG,0,4723601
ybiY_ybiW_predicted,0.1111111111111111,8,8,GAGTCCGCTTGGGCAGTATC,0,4699098
ybiY_ybiW_predicted,0.1111111111111111,8,8,GAGGGGGGTCAAGCATATAA,0,4720606
ybiY_ybiW_predicted,0.1111111111111111,8,8,GAGCTATAAAGCAGGGAGTC,0,4689526
ybiY_ybiW_predicted,0.1111111111111111,8,8,GACTTTAGTTCGTTGGTTTG,0,4700003
ybiY_ybiW_predicted,0.1111111111111111,8,8,GACGTGGGTTCTGCGGGGGA,0,4726727
ybiY_ybiW_predicted,0.1111111111111111,8,8,GACGTGCGCACGGAATCTGG,0,4689248
ybiY_ybiW_predicted,0.1111111111111111,8,8,GACCTGAGCAAACGATCTGT,0,4691200
ybiY_ybiW_predicted,0.1111111111111111,8,8,GACCGCGTCGCACAAACATG,0,4699267
ybiY_ybiW_predicted,0.1111111111111111,8,8,GACACCCTGAGTTATTTTTG,0,4688795
ybiY_ybiW_predicted,0.1111111111111111,8,8,GACAAGGCGCAGTTGGTCAG,0,4701734
ybiY_ybiW_predicted,0.1111111111111111,8,8,GAAGCTTAACATGGCCACAA,0,4706602
ybiY_ybiW_predicted,0.1111111111111111,8,8,GAAGCGAAAGGAACCTCTGG,0,4700715
ybiY_ybiW_predicted,0.1111111111111111,8,8,CTTTTCACTGGCAAGTCCCG,0,4727706
ybiY_ybiW_predicted,0.1111111111111111,8,8,CTTGGTGGAAACTCTCCGTT,0,4721902
ybiY_ybiW_predicted,0.1111111111111111,8,8,CTTGGGTCGCGGAGACAGGT,0,4707204
ybiY_ybiW_predicted,0.1111111111111111,8,8,CTTGCCTGTTTAGCGGTTTG,0,4704308
ybiY_ybiW_predicted,0.1111111111111111,8,8,CTTAGGCGCTCAATTTGCAG,0,4700531
ybiY_ybiW_predicted,0.1111111111111111,8,8,CTGTTATTTAATCCCAGTAG,0,4721554
ybiY_ybiW_predicted,0.1111111111111111,8,8,CTGGGGGGAACTTCGGACAG,0,4709322
ybiY_ybiW_predicted,0.1111111111111111,8,8,CTGACTGCGGAAACGCTCGT,0,4694109
ybiY_ybiW_predicted,0.1111111111111111,8,8,CTCTACCTCACGACTCCACG,0,4701127
ybiY_ybiW_predicted,0.1111111111111111,8,8,CTCCTGACCAGGGAACGTCA,0,4704039
ybiY_ybiW_predicted,0.1111111111111111,8,8,CTCAACAAAGGCCTCTAGTA,0,4711595
ybiY_ybiW_predicted,0.1111111111111111,8,8,CTAGAGCTATTTCGCAGTTT,0,4704575
ybiY_ybiW_predicted,0.1111111111111111,8,8,CTAAGGCTGGCGCCAGGTTG,0,4710022
ybiY_ybiW_predicted,0.1111111111111111,8,8,CGTAAACGCAATAGGTTCAC,0,4713403
ybiY_ybiW_predicted,0.1111111111111111,8,8,CGTAAACCAAATGGAATTGT,0,4709580
ybiY_ybiW_predicted,0.1111111111111111,8,8,CGGGGTTGGCGTTTTGACTT,0,4704861
ybiY_ybiW_predicted,0.1111111111111111,8,8,CGGGGTAAGCCTTGTTGTAG,0,4691338
ybiY_ybiW_predicted,0.1111111111111111,8,8,CGGGGGGCAGCGGCCGGTAT,0,4724602
ybiY_ybiW_predicted,0.1111111111111111,8,8,CGGGATACCGGTCAGCCAAC,0,4697720
ybiY_ybiW_predicted,0.1111111111111111,8,8,CGGCCACGGGTCACAGATTG,0,4725554
ybiY_ybiW_predicted,0.1111111111111111,8,8,CGGATCGAGAAGACGCGTTC,0,4722909
ybiY_ybiW_predicted,0.1111111111111111,8,8,CGGAAATGACTCCTTCGGTC,0,4705367
ybiY_ybiW_predicted,0.1111111111111111,8,8,CGCTTGACAGCAGAACATAA,0,4716289
ybiY_ybiW_predicted,0.1111111111111111,8,8,CGCTCTATCGCTCTTGAAGG,0,4725267
ybiY_ybiW_predicted,0.1111111111111111,8,8,CGCTATACTCTCACTGATAG,0,4701959
ybiY_ybiW_predicted,0.1111111111111111,8,8,CGCGATAGGCACCACAAGGG,0,4705355
ybiY_ybiW_predicted,0.1111111111111111,8,8,CGATAAACGGGTGGTGTGAA,0,4725821
ybiY_ybiW_predicted,0.1111111111111111,8,8,CGAGACGGTGATAGGACGAT,0,4706408
ybiY_ybiW_predicted,0.1111111111111111,8,8,CGACTGGCAACATACCTTTC,0,4699617
ybiY_ybiW_predicted,0.1111111111111111,8,8,CGACGTGTATCTAGAAATTT,0,4712959
ybiY_ybiW_predicted,0.1111111111111111,8,8,CGACGCGACACGTTACAGTA,0,4717686
ybiY_ybiW_predicted,0.1111111111111111,8,8,CGAACCGATATTTACTACCA,0,4703607
ybiY_ybiW_predicted,0.1111111111111111,8,8,CGAAAGCGGGGATGACCACG,0,4715012
ybiY_ybiW_predicted,0.1111111111111111,8,8,CCTTTGGTGTGTCTTCGAGC,0,4692601
ybiY_ybiW_predicted,0.1111111111111111,8,8,CCTTGCCAGGTGGATTGAAC,0,4731214
ybiY_ybiW_predicted,0.1111111111111111,8,8,CCTCTACAAGCGGCAGGGCA,0,4720491
ybiY_ybiW_predicted,0.1111111111111111,8,8,CCTATTAGCGTGCAAGCTCA,0,4709540
ybiY_ybiW_predicted,0.1111111111111111,8,8,CCGGATAGCACATTCTTGTA,0,4700561
ybiY_ybiW_predicted,0.1111111111111111,8,8,CCGCGTCTGATAGCTCTCTG,0,4689395
ybiY_ybiW_predicted,0.1111111111111111,8,8,CCGCGAGGCAACCCGCTAGT,0,4710235
ybiY_ybiW_predicted,0.1111111111111111,8,8,CCGATTAAGAGCATGGCGGA,0,4722039
ybiY_ybiW_predicted,0.1111111111111111,8,8,CCCGGAGCGGTACTCGTACT,0,4697528
ybiY_ybiW_predicted,0.1111111111111111,8,8,CCCGGACCAGAATACCGGGG,0,4714008
ybiY_ybiW_predicted,0.1111111111111111,8,8,CCCGACTATGTGCGGCCCGT,0,4723416
ybiY_ybiW_predicted,0.1111111111111111,8,8,CCCCCCAAGATGCAAGCTTC,0,4723112
ybiY_ybiW_predicted,0.1111111111111111,8,8,CCATGGGCGGGGGGCCTCCT,0,4713811
ybiY_ybiW_predicted,0.1111111111111111,8,8,CCATCGTTAATCAAACTTTC,0,4700090
ybiY_ybiW_predicted,0.1111111111111111,8,8,CCAATTATCGCGGCTGTCTA,0,4725055
ybiY_ybiW_predicted,0.1111111111111111,8,8,CCAAACATGGCGGGCAGGCA,0,4725407
ybiY_ybiW_predicted,0.1111111111111111,8,8,CATGGACAAATGCACTACAT,0,4701822
ybiY_ybiW_predicted,0.1111111111111111,8,8,CATGCCTGGGGGGTAGAAGT,0,4726920
ybiY_ybiW_predicted,0.1111111111111111,8,8,CATATTCTGCTGTGTAGATC,0,4709144
ybiY_ybiW_predicted,0.1111111111111111,8,8,CATAGGAGGCAAGAGACAAC,0,4713432
ybiY_ybiW_predicted,0.1111111111111111,8,8,CATAAGCGGCTTCCGCATTA,0,4717581
ybiY_ybiW_predicted,0.1111111111111111,8,8,CAGTTTTTAGATCGACTAAG,0,4695767
ybiY_ybiW_predicted,0.1111111111111111,8,8,CAGTCTGGGTTACGAATATG,0,4711575
ybiY_ybiW_predicted,0.1111111111111111,8,8,CAGTCCTTAACGTACGGAAC,0,4692913
ybiY_ybiW_predicted,0.1111111111111111,8,8,CAGGTTAAGTAAGCAGTTCT,0,4709971
ybiY_ybiW_predicted,0.1111111111111111,8,8,CAGATCACTTGCGTCGGCGT,0,4692995
ybiY_ybiW_predicted,0.1111111111111111,8,8,CACCGGCGACCACGGGACGC,0,4697461
ybiY_ybiW_predicted,0.1111111111111111,8,8,CAATCGGCCGGACGACTTAT,0,4732090
ybiY_ybiW_predicted,0.1111111111111111,8,8,CAATCGATTATGTCAGTTAG,0,4715968
ybiY_ybiW_predicted,0.1111111111111111,8,8,CAATCCGCCTTCAGAACCGG,0,4713783
ybiY_ybiW_predicted,0.1111111111111111,8,8,CAATATCTCCTAGCTCACGA,0,4695032
ybiY_ybiW_predicted,0.1111111111111111,8,8,CAACTAACAAGTCACTACTG,0,4720749
ybiY_ybiW_predicted,0.1111111111111111,8,8,CAACGCAGGGATTGTCCAAT,0,4691710
ybiY_ybiW_predicted,0.1111111111111111,8,8,CAACCGGTTGGCGGTGCAGT,0,4700830
ybiY_ybiW_predicted,0.1111111111111111,8,8,ATTGTCTTGCTAAGGTTTAT,0,4693164
ybiY_ybiW_predicted,0.1111111111111111,8,8,ATTGCAGACCGGATTGACGT,0,4699833
ybiY_ybiW_predicted,0.1111111111111111,8,8,ATTCCTGACCATGCCGGTTC,0,4689503
ybiY_ybiW_predicted,0.1111111111111111,8,8,ATTATCTATAAAATAGAGGA,0,4727882
ybiY_ybiW_predicted,0.1111111111111111,8,8,ATTAGCACCAGACTACATAA,0,4712277
ybiY_ybiW_predicted,0.1111111111111111,8,8,ATGTCACGTTTGACCGGAAC,0,4689836
ybiY_ybiW_predicted,0.1111111111111111,8,8,ATGTAGTGGTTTGTATGTAG,0,4707546
ybiY_ybiW_predicted,0.1111111111111111,8,8,ATGTAGCGGCAGCGTCGAGC,0,4710328
ybiY_ybiW_predicted,0.1111111111111111,8,8,ATGTAACACTCGAGTATCCA,0,4704953
ybiY_ybiW_predicted,0.1111111111111111,8,8,ATGGGCTATGGATCCCGGAC,0,4694790
ybiY_ybiW_predicted,0.1111111111111111,8,8,ATGGCGGCGGAAGCCCAGGT,0,4711240
ybiY_ybiW_predicted,0.1111111111111111,8,8,ATCTCGGGTCCACAGTTTTA,0,4725154
ybiY_ybiW_predicted,0.1111111111111111,8,8,ATCGCGGTATGGGTGATGAT,0,4698960
ybiY_ybiW_predicted,0.1111111111111111,8,8,ATCGCGCGCTCAGGCGAAAA,0,4690017
ybiY_ybiW_predicted,0.1111111111111111,8,8,ATCGAGTAACCTGAAAGGGG,0,4709309
ybiY_ybiW_predicted,0.1111111111111111,8,8,ATCATTACGTCCCGTCATGC,0,4691179
ybiY_ybiW_predicted,0.1111111111111111,8,8,ATCACTGAGGTTGTGAGGGA,0,4695562
ybiY_ybiW_predicted,0.1111111111111111,8,8,ATAGGATAACGACGTGGCCT,0,4720715
ybiY_ybiW_predicted,0.1111111111111111,8,8,ATACCTTCAAGGGCTAGGTT,0,4731519
ybiY_ybiW_predicted,0.1111111111111111,8,8,ATACCTATTTTCCGGTTGTT,0,4699365
ybiY_ybiW_predicted,0.1111111111111111,8,8,ATACCGCCTCACGGCCAGGT,0,4723477
ybiY_ybiW_predicted,0.1111111111111111,8,8,AGTGACCATCAAATTCAACA,0,4725923
ybiY_ybiW_predicted,0.1111111111111111,8,8,AGTATTTGTATCATACGGGT,0,4710821
ybiY_ybiW_predicted,0.1111111111111111,8,8,AGTAGGCGAGAGTCGTAAAC,0,4701978
ybiY_ybiW_predicted,0.1111111111111111,8,8,AGTACCGTGATTGCGGACAA,0,4704934
ybiY_ybiW_predicted,0.1111111111111111,8,8,AGGTCCGGACTTTTTCCCGG,0,4698781
ybiY_ybiW_predicted,0.1111111111111111,8,8,AGGTCAGCCTAAAACGCTCA,0,4691450
ybiY_ybiW_predicted,0.1111111111111111,8,8,AGGACGTTGCATCTTATCGT,0,4691634
ybiY_ybiW_predicted,0.1111111111111111,8,8,AGGAATGTACAGGTGAAATG,0,4704389
ybiY_ybiW_predicted,0.1111111111111111,8,8,AGCATCTGGTACCGAAGATA,0,4713093
ybiY_ybiW_predicted,0.1111111111111111,8,8,AGCATAAGACGAGGTCACCA,0,4692478
ybiY_ybiW_predicted,0.1111111111111111,8,8,AGCAGATAAAGTACAGGAAA,0,4690365
ybiY_ybiW_predicted,0.1111111111111111,8,8,AGCAGAAGGCTGAGTGGAGA,0,4696731
ybiY_ybiW_predicted,0.1111111111111111,8,8,AGCAATCTGTGTGTGCGGCT,0,4720212
ybiY_ybiW_predicted,0.1111111111111111,8,8,AGAGTTACTAGGGAAAAATT,0,4693924
ybiY_ybiW_predicted,0.1111111111111111,8,8,AGACCCGAACTATCCCCGGA,0,4688850
ybiY_ybiW_predicted,0.1111111111111111,8,8,AGACAATTCTGAATCTTATT,0,4694983
ybiY_ybiW_predicted,0.1111111111111111,8,8,AGAACCATACATATTGGCGA,0,4710055
ybiY_ybiW_predicted,0.1111111111111111,8,8,ACTGATCGTGCGACATATTA,0,4716809
ybiY_ybiW_predicted,0.1111111111111111,8,8,ACTGACTGGCCGATTACGCA,0,4727929
ybiY_ybiW_predicted,0.1111111111111111,8,8,ACTCAGCCAGATCAAACCTG,0,4727391
ybiY_ybiW_predicted,0.1111111111111111,8,8,ACTAGCCTTTTTCATTGCTA,0,4695782
ybiY_ybiW_predicted,0.1111111111111111,8,8,ACTAAAGAAAGGTTAAAACA,0,4695636
ybiY_ybiW_predicted,0.1111111111111111,8,8,ACGTATGTCTGAGATAGACA,0,4730488
ybiY_ybiW_predicted,0.1111111111111111,8,8,ACGGTTATAGGACAGGGATA,0,4717418
ybiY_ybiW_predicted,0.1111111111111111,8,8,ACGAGCTTTTCCCTCCCGCG,0,4729198
ybiY_ybiW_predicted,0.1111111111111111,8,8,ACGACTCAAACTTATCTTAA,0,4694654
ybiY_ybiW_predicted,0.1111111111111111,8,8,ACCCTACCTTTCTTCTCGAA,0,4696217
ybiY_ybiW_predicted,0.1111111111111111,8,8,AATAGGGTGCATTAATCGAT,0,4709399
ybiY_ybiW_predicted,0.1111111111111111,8,8,AATACTCGCGCGAAGCCACG,0,4704326
ybiY_ybiW_predicted,0.1111111111111111,8,8,AATACGGAACCGTAAGGCGG,0,4703911
ybiY_ybiW_predicted,0.1111111111111111,8,8,AAGTTCATGACTTACTTTGC,0,4708106
ybiY_ybiW_predicted,0.1111111111111111,8,8,AAGTCGAGGGCGACACAGAC,0,4710023
ybiY_ybiW_predicted,0.1111111111111111,8,8,AAGCGTGATATTATCGTGGC,0,4688627
ybiY_ybiW_predicted,0.1111111111111111,8,8,AACTTTGCGGATAGTGTGGA,0,4693680
ybiY_ybiW_predicted,0.1111111111111111,8,8,AACGCCGGTTGGGAACGTGC,0,4712156
ybiY_ybiW_predicted,0.1111111111111111,8,8,AACCCGTAATAACGTCTATA,0,4701981
ybiY_ybiW_predicted,0.1111111111111111,8,8,AACACTGGACTAGATCTGTC,0,4694703
ybiY_ybiW_predicted,0.1111111111111111,8,8,AACACCAGAGATTGTTCGGA,0,4728946
ybiY_ybiW_predicted,0.1111111111111111,8,8,AAATTGCTACTTTGAATGGT,0,4724722
ybiY_ybiW_predicted,0.1111111111111111,8,8,AAAGTACCTGTTCCTTCGAC,0,4703233
ybiY_ybiW_predicted,0.1111111111111111,8,8,AAACAACCAATCCTATCGTG,0,4713332
ybiY_ybiW_predicted,0.1111111111111111,8,8,AAAATAACGACAAATACCAC,0,4714171
ybiY_ybiW_predicted,0.125,7,7,TTTTGTCACCACGATAACCT,0,4694182
ybiY_ybiW_predicted,0.125,7,7,TTTGGTCATGGTCCCTTCAT,0,4716709
ybiY_ybiW_predicted,0.125,7,7,TTTGGGGGGGTAGTGTTATT,0,4719075
ybiY_ybiW_predicted,0.125,7,7,TTTACGAACGGAGCGCAAGT,0,4711009
ybiY_ybiW_predicted,0.125,7,7,TTGTGGGCGGAGAGATCATG,0,4730118
ybiY_ybiW_predicted,0.125,7,7,TTGTGGGACCGTCATATACC,0,4710559
ybiY_ybiW_predicted,0.125,7,7,TTGGCACATAATTATGCCTG,0,4727355
ybiY_ybiW_predicted,0.125,7,7,TTGCTTCCAGCCCCAAATCC,0,4700449
ybiY_ybiW_predicted,0.125,7,7,TTGAGACTTTGTGAATCAAA,0,4727084
ybiY_ybiW_predicted,0.125,7,7,TTCGTAAGGAAGAAAACGAA,0,4701760
ybiY_ybiW_predicted,0.125,7,7,TTATGTTTTTGTGGACAACA,0,4712898
ybiY_ybiW_predicted,0.125,7,7,TTATAGGGCAAAACACACGA,0,4714266
ybiY_ybiW_predicted,0.125,7,7,TTACGACGGTTGCGAATCGT,0,4731501
ybiY_ybiW_predicted,0.125,7,7,TGTTGCTCGCGTGTTCGTAT,0,4701499
ybiY_ybiW_predicted,0.125,7,7,TGTCGCACATCTCTGCTATA,0,4702692
ybiY_ybiW_predicted,0.125,7,7,TGTCCCGGTACGAGCTGTGA,0,4710657
ybiY_ybiW_predicted,0.125,7,7,TGGGGCGGCTTCAGAAGTAT,0,4706659
ybiY_ybiW_predicted,0.125,7,7,TGGGCGATTACAGGGTTCGA,0,4708577
ybiY_ybiW_predicted,0.125,7,7,TGGCAAAAGGCTATACAGGT,0,4726341
ybiY_ybiW_predicted,0.125,7,7,TGCTCGCCTCTCACCTCGTA,0,4727507
ybiY_ybiW_predicted,0.125,7,7,TGCCAATCAGTGCAACCTGA,0,4694979
ybiY_ybiW_predicted,0.125,7,7,TGATCCGGGTATCTTTGGGT,0,4727965
ybiY_ybiW_predicted,0.125,7,7,TGAAGTGACCCATCTGTGGC,0,4698571
ybiY_ybiW_predicted,0.125,7,7,TCTTTCTGGCCAAACTCGCT,0,4694287
ybiY_ybiW_predicted,0.125,7,7,TCTTGGATTCCGATTCTTCG,0,4705971
ybiY_ybiW_predicted,0.125,7,7,TCTGGACTAGGCCAGGATCT,0,4722094
ybiY_ybiW_predicted,0.125,7,7,TCTGCTATAGAGGTATAATG,0,4692448
ybiY_ybiW_predicted,0.125,7,7,TCTGACCTAGTTAAGTGCTT,0,4696973
ybiY_ybiW_predicted,0.125,7,7,TCGTCGGGTCTCCTCGCATA,0,4723933
ybiY_ybiW_predicted,0.125,7,7,TCGATCTCCGTGGAGCACCT,0,4690772
ybiY_ybiW_predicted,0.125,7,7,TCCCGGACAAATAGGAGTTG,0,4688725
ybiY_ybiW_predicted,0.125,7,7,TCCATGCTTGGGAGAAGAGT,0,4705677
ybiY_ybiW_predicted,0.125,7,7,TCCAGATGGCTACGCCTAGT,0,4732073
ybiY_ybiW_predicted,0.125,7,7,TCCACACTGACTTCAGTGGT,0,4707458
ybiY_ybiW_predicted,0.125,7,7,TCATCGCTGCACTATACTTT,0,4705371
ybiY_ybiW_predicted,0.125,7,7,TCACGTTGGACCACATCGAA,0,4703618
ybiY_ybiW_predicted,0.125,7,7,TCAATGTATAGCACTATGCA,0,4704913
ybiY_ybiW_predicted,0.125,7,7,TCAACTATGCAATTAGGTGG,0,4689894
ybiY_ybiW_predicted,0.125,7,7,TATTCTCAACTAAACAGTTT,0,4704089
ybiY_ybiW_predicted,0.125,7,7,TATTCGAGGAACGCTGTCGG,0,4725699
ybiY_ybiW_predicted,0.125,7,7,TATGTCGTATGTATGTTTTG,0,4719996
ybiY_ybiW_predicted,0.125,7,7,TATAAAAGAAAAACCGGGCT,0,4711584
ybiY_ybiW_predicted,0.125,7,7,TAGGGTCAATACGCAAATGT,0,4698822
ybiY_ybiW_predicted,0.125,7,7,TAGATTTCTGTGAGCATGCT,0,4713024
ybiY_ybiW_predicted,0.125,7,7,TACTCTGGTTAACGAAATCC,0,4696093
ybiY_ybiW_predicted,0.125,7,7,TACTCGGCTATGAGACCTAC,0,4722068
ybiY_ybiW_predicted,0.125,7,7,TACGCATTCTTGGGGTCGCA,0,4732603
ybiY_ybiW_predicted,0.125,7,7,TACCCCGTACTCGTGCGGGT,0,4726667
ybiY_ybiW_predicted,0.125,7,7,TAATTGACACAATGAACCGT,0,4730415
ybiY_ybiW_predicted,0.125,7,7,TAAGTTTTTGGAGTGTCAGC,0,4720734
ybiY_ybiW_predicted,0.125,7,7,TAAGCTGTAATGTTCAGTGC,0,4718093
ybiY_ybiW_predicted,0.125,7,7,TAAGCTGGGAGAATGGGGTC,0,4711735
ybiY_ybiW_predicted,0.125,7,7,TAACGTGATCAGCGTGATTG,0,4722199
ybiY_ybiW_predicted,0.125,7,7,TAAATGTTGAGGCAACCAGT,0,4713237
ybiY_ybiW_predicted,0.125,7,7,GTTTTTGTTTGATCGACGAT,0,4724079
ybiY_ybiW_predicted,0.125,7,7,GTTTCTGTGTGTAGAGCTCT,0,4698551
ybiY_ybiW_predicted,0.125,7,7,GTGTATAAGGGACTGCCACC,0,4720045
ybiY_ybiW_predicted,0.125,7,7,GTGGTTAATCGTCGGGTAGG,0,4697938
ybiY_ybiW_predicted,0.125,7,7,GTGCAATTGGTCTACAATTC,0,4710004
ybiY_ybiW_predicted,0.125,7,7,GTGAGCAGTGGTGTTTATTT,0,4711636
ybiY_ybiW_predicted,0.125,7,7,GTCTTTGGTGGTGGGTTGTG,0,4728728
ybiY_ybiW_predicted,0.125,7,7,GTCGCGGACATGCATGTCAC,0,4692568
ybiY_ybiW_predicted,0.125,7,7,GTCGAACCGGGAAATTCGAA,0,4690985
ybiY_ybiW_predicted,0.125,7,7,GTCCAAAGTACCGATGCGTC,0,4697918
ybiY_ybiW_predicted,0.125,7,7,GTACCTCTAGTGGAACATTA,0,4700000
ybiY_ybiW_predicted,0.125,7,7,GTAACCCACACCGCCCACAC,0,4730861
ybiY_ybiW_predicted,0.125,7,7,GGTTTGGTGGGGCTACGTAG,0,4716987
ybiY_ybiW_predicted,0.125,7,7,GGTTCTTCACATAGAGGCAA,0,4699007
ybiY_ybiW_predicted,0.125,7,7,GGTCGCAACATATGAGAGCT,0,4720858
ybiY_ybiW_predicted,0.125,7,7,GGTCCGTCGGTGTTCCGCCA,0,4723105
ybiY_ybiW_predicted,0.125,7,7,GGTAAGAGTAGGTGATGTCA,0,4703741
ybiY_ybiW_predicted,0.125,7,7,GGGTTATAAGGCATTAGTCA,0,4695712
ybiY_ybiW_predicted,0.125,7,7,GGGGCGTTGGGCCTAACAGC,0,4704535
ybiY_ybiW_predicted,0.125,7,7,GGGCTCTTGTGACCGGCTGT,0,4729620
ybiY_ybiW_predicted,0.125,7,7,GGGAATCATATGAAGTGTTT,0,4730082
ybiY_ybiW_predicted,0.125,7,7,GGGAAAGATCCGAGGATACA,0,4705846
ybiY_ybiW_predicted,0.125,7,7,GGCTTGCCTGGCACCGCCGA,0,4696106
ybiY_ybiW_predicted,0.125,7,7,GGCGAACGTGGCTAGGCTGA,0,4697203
ybiY_ybiW_predicted,0.125,7,7,GGCACATTAGGGGTGCTGTC,0,4716348
ybiY_ybiW_predicted,0.125,7,7,GGCAAGCGTGGTCCACCGCG,0,4690008
ybiY_ybiW_predicted,0.125,7,7,GGATTTTAGCGATATAGCTT,0,4705093
ybiY_ybiW_predicted,0.125,7,7,GGAGTAGTGGCACAGCCTCA,0,4724920
ybiY_ybiW_predicted,0.125,7,7,GGAGGCTCCGGGAGGAGGCA,0,4716716
ybiY_ybiW_predicted,0.125,7,7,GGAGACTCTGGCTCGTGATC,0,4725894
ybiY_ybiW_predicted,0.125,7,7,GGAAGGTATGATCACAATCC,0,4703297
ybiY_ybiW_predicted,0.125,7,7,GCTGTTAGAACCCCGTAAAA,0,4727727
ybiY_ybiW_predicted,0.125,7,7,GCTCGGCATTTTATTCAAGA,0,4696967
ybiY_ybiW_predicted,0.125,7,7,GCTAGCGGATTTGGAAGCTA,0,4704566
ybiY_ybiW_predicted,0.125,7,7,GCGTAGGAGCATTCCCCAAA,0,4709448
ybiY_ybiW_predicted,0.125,7,7,GCGGTAGTAACTGGGATATG,0,4714313
ybiY_ybiW_predicted,0.125,7,7,GCGGGTAGGGACGAACCATT,0,4697955
ybiY_ybiW_predicted,0.125,7,7,GCGGGGGTGCCGTCGCAGGT,0,4721569
ybiY_ybiW_predicted,0.125,7,7,GCGGCGAGTACCTCTCACGT,0,4730219
ybiY_ybiW_predicted,0.125,7,7,GCGGAGGTCCTCGGATAGGT,0,4725096
ybiY_ybiW_predicted,0.125,7,7,GCCTGATCAAAATACCAGGT,0,4724217
ybiY_ybiW_predicted,0.125,7,7,GCCGGGGCCCTTACCGAGTG,0,4730575
ybiY_ybiW_predicted,0.125,7,7,GCCGCCACAACGGCAACAGT,0,4730341
ybiY_ybiW_predicted,0.125,7,7,GCCATAAGGGCCACGCGCCT,0,4689096
ybiY_ybiW_predicted,0.125,7,7,GCAGTACGTAATTTTCATGG,0,4731957
ybiY_ybiW_predicted,0.125,7,7,GCAGGGCCGGGTACGAGGAT,0,4731173
ybiY_ybiW_predicted,0.125,7,7,GCAGCAGTATTTTCTTCTAT,0,4717189
ybiY_ybiW_predicted,0.125,7,7,GCACGTTGATAGTCTTCGGG,0,4722077
ybiY_ybiW_predicted,0.125,7,7,GATGGTTACTGAGGAAGGTA,0,4696167
ybiY_ybiW_predicted,0.125,7,7,GATCCTGGTATAATATGTTC,0,4718067
ybiY_ybiW_predicted,0.125,7,7,GATAGGTGGGAAAATCGTAC,0,4701086
ybiY_ybiW_predicted,0.125,7,7,GAGTCATAAGCCCCAATCTT,0,4708235
ybiY_ybiW_predicted,0.125,7,7,GAGGCATCCAGACTTTAATT,0,4705665
ybiY_ybiW_predicted,0.125,7,7,GAGCTGTGTCTAGAAGTGTA,0,4727791
ybiY_ybiW_predicted,0.125,7,7,GACTATCCACTTCTGCCCTA,0,4707908
ybiY_ybiW_predicted,0.125,7,7,GACTAAGATATTCTGCTACG,0,4726124
ybiY_ybiW_predicted,0.125,7,7,GACGGCGTTATAGGACTCCG,0,4707066
ybiY_ybiW_predicted,0.125,7,7,GACCTCTTTGCCGATTCACC,0,4709462
ybiY_ybiW_predicted,0.125,7,7,GACCGAGAGGGACGTAAGAT,0,4717129
ybiY_ybiW_predicted,0.125,7,7,GACCCGGCGAGTCTGTTTCG,0,4721081
ybiY_ybiW_predicted,0.125,7,7,GAATTTGCCTGGGGTGCAGC,0,4728550
ybiY_ybiW_predicted,0.125,7,7,GAACTGCGTATTGTGTGTTA,0,4702243
ybiY_ybiW_predicted,0.125,7,7,GAACTGAGCCCATTCTCGTG,0,4725099
ybiY_ybiW_predicted,0.125,7,7,GAACACCATTCTATAAGTAT,0,4714630
ybiY_ybiW_predicted,0.125,7,7,GAAAAGGACCTAGGAGACAC,0,4720958
ybiY_ybiW_predicted,0.125,7,7,CTTTTGATGAATTAAGACGG,0,4724652
ybiY_ybiW_predicted,0.125,7,7,CTTGTTGAACAAGTCCTCCA,0,4723637
ybiY_ybiW_predicted,0.125,7,7,CTTGCATCACACCCGAATGC,0,4693516
ybiY_ybiW_predicted,0.125,7,7,CTTCTTTACCGTGGGTCGAG,0,4706997
ybiY_ybiW_predicted,0.125,7,7,CTTATGGAATTTTCGCACCG,0,4700741
ybiY_ybiW_predicted,0.125,7,7,CTGTCGAAGCTCCCTCCCAA,0,4709538
ybiY_ybiW_predicted,0.125,7,7,CTGTACGGTGACCATTACAC,0,4727326
ybiY_ybiW_predicted,0.125,7,7,CTGGTCAGGGTAAGAAAAGT,0,4709679
ybiY_ybiW_predicted,0.125,7,7,CTGCCGCGCCTCCGAGCACA,0,4726530
ybiY_ybiW_predicted,0.125,7,7,CTGATGACAATAGTGTAAGT,0,4716597
ybiY_ybiW_predicted,0.125,7,7,CTGAGGCGCGTTTGCGGTTA,0,4704954
ybiY_ybiW_predicted,0.125,7,7,CTGAGGAGCGAGAATTGCTA,0,4713487
ybiY_ybiW_predicted,0.125,7,7,CTGAAAGGGTCTTCCATAGC,0,4715627
ybiY_ybiW_predicted,0.125,7,7,CTCTTAGAGTAACTGTCGCG,0,4728355
ybiY_ybiW_predicted,0.125,7,7,CTCTATGGGTGCGTCAAAGG,0,4696740
ybiY_ybiW_predicted,0.125,7,7,CTCGCGGCCGAGCTACAGCA,0,4727853
ybiY_ybiW_predicted,0.125,7,7,CTCGCACCAGCGTCAACGTA,0,4696209
ybiY_ybiW_predicted,0.125,7,7,CTCCTTATTTGGTTGCACAG,0,4701950
ybiY_ybiW_predicted,0.125,7,7,CTCCTACTTGGTCCGATTTG,0,4704992
ybiY_ybiW_predicted,0.125,7,7,CTCACTCCAAGAGCGTTAGG,0,4726666
ybiY_ybiW_predicted,0.125,7,7,CTATTGGGTAAAGAGTGGTT,0,4706284
ybiY_ybiW_predicted,0.125,7,7,CTACCTGCGTCCAATATACA,0,4722938
ybiY_ybiW_predicted,0.125,7,7,CTAATCTTATGGAGTACCCC,0,4723853
ybiY_ybiW_predicted,0.125,7,7,CGTGGCGTGGGAAGAAACAT,0,4694104
ybiY_ybiW_predicted,0.125,7,7,CGTATGCATATACATGATTA,0,4688510
ybiY_ybiW_predicted,0.125,7,7,CGGTTTTTAGGTGGCTCCTC,0,4706207
ybiY_ybiW_predicted,0.125,7,7,CGGTGGACGCTTCGGGCGTA,0,4699403
ybiY_ybiW_predicted,0.125,7,7,CGGTCATAGTTGCGTCGGCC,0,4712410
ybiY_ybiW_predicted,0.125,7,7,CGGGCATAGCATTAGATCCG,0,4707847
ybiY_ybiW_predicted,0.125,7,7,CGGGAGTTTGGGATATCGAA,0,4706691
ybiY_ybiW_predicted,0.125,7,7,CGGAAACGGTTGGTGCCCAC,0,4704080
ybiY_ybiW_predicted,0.125,7,7,CGCGGAGCGACGCGACACTA,0,4729950
ybiY_ybiW_predicted,0.125,7,7,CGCAAGCCTTACCTGTTTCC,0,4699780
ybiY_ybiW_predicted,0.125,7,7,CGATCAGCGGAATCGCGTCA,0,4711042
ybiY_ybiW_predicted,0.125,7,7,CGATAGTTTAACGGAAACCA,0,4697448
ybiY_ybiW_predicted,0.125,7,7,CGAGTATATCGGAAATCGCG,0,4709684
ybiY_ybiW_predicted,0.125,7,7,CGAGACCCGGTCTCCATATC,0,4703185
ybiY_ybiW_predicted,0.125,7,7,CGACGCAGATAGGCGTCTTA,0,4721732
ybiY_ybiW_predicted,0.125,7,7,CGACACCGAAGGCCATCTCT,0,4713562
ybiY_ybiW_predicted,0.125,7,7,CGAATGTCTGTTCAGTTGAC,0,4731293
ybiY_ybiW_predicted,0.125,7,7,CCTATGGTGTGTTGAATTTC,0,4694503
ybiY_ybiW_predicted,0.125,7,7,CCGTTGGGGATCCGACGTCA,0,4702774
ybiY_ybiW_predicted,0.125,7,7,CCGTTATGGGCACTGGATCA,0,4716662
ybiY_ybiW_predicted,0.125,7,7,CCGTGAGTGACCTAGTCAAG,0,4725608
ybiY_ybiW_predicted,0.125,7,7,CCGGTTAGTGAGGTGAAAAT,0,4696307
ybiY_ybiW_predicted,0.125,7,7,CCGCGGGACATTACTTCATG,0,4689339
ybiY_ybiW_predicted,0.125,7,7,CCGATTAGTCTTCGGGGTGT,0,4710302
ybiY_ybiW_predicted,0.125,7,7,CCCGGTAATCGTACACCGGT,0,4689202
ybiY_ybiW_predicted,0.125,7,7,CCCGGGATAAGACTAGATGC,0,4706349
ybiY_ybiW_predicted,0.125,7,7,CCCCGGTGATGAACACTGGT,0,4700131
ybiY_ybiW_predicted,0.125,7,7,CCCCGAACTTTTGAGCACAT,0,4723029
ybiY_ybiW_predicted,0.125,7,7,CCCCCGCCAGAATTATCGCA,0,4692417
ybiY_ybiW_predicted,0.125,7,7,CCCCCGAAGCCGTCGCAGGT,0,4721553
ybiY_ybiW_predicted,0.125,7,7,CCCAAGCTTTGGAACAGGAG,0,4719889
ybiY_ybiW_predicted,0.125,7,7,CCATCTCACCGTTTTAAGGT,0,4714325
ybiY_ybiW_predicted,0.125,7,7,CCAGTTAGAGCTCACCTGTT,0,4692722
ybiY_ybiW_predicted,0.125,7,7,CCAGGTTAAGCTGGTTTTTC,0,4722617
ybiY_ybiW_predicted,0.125,7,7,CCAGGATAACGAAAGCGGAT,0,4691854
ybiY_ybiW_predicted,0.125,7,7,CCACCGTGGCCAGAGCGCAG,0,4719002
ybiY_ybiW_predicted,0.125,7,7,CATATGACAGTTAGCGGTGA,0,4715499
ybiY_ybiW_predicted,0.125,7,7,CATAGCATAAGGAACGCGAA,0,4731532
ybiY_ybiW_predicted,0.125,7,7,CAGCCAGTGCGGGGGCGCTT,0,4690854
ybiY_ybiW_predicted,0.125,7,7,CACGCGCCCCACAAGGACAG,0,4729044
ybiY_ybiW_predicted,0.125,7,7,CACATCGGAAGAGGCTGAAT,0,4707476
ybiY_ybiW_predicted,0.125,7,7,CAATCATAAGGAGGGGTCGG,0,4693946
ybiY_ybiW_predicted,0.125,7,7,CAATAATATCTAAATGGCAG,0,4691277
ybiY_ybiW_predicted,0.125,7,7,CAAGGGCATGGCCTTGTGTT,0,4695298
ybiY_ybiW_predicted,0.125,7,7,CAACTCGTTAGCTCTTGCAG,0,4689893
ybiY_ybiW_predicted,0.125,7,7,CAAACGCCGTTTCTTGCTAA,0,4728702
ybiY_ybiW_predicted,0.125,7,7,CAAACAAGCGGCGACTGCTC,0,4698837
ybiY_ybiW_predicted,0.125,7,7,ATTGTCCCCCATGGCACTGC,0,4692017
ybiY_ybiW_predicted,0.125,7,7,ATTCTCAGGTATCTTCTATA,0,4706173
ybiY_ybiW_predicted,0.125,7,7,ATTCGTTCGTTTGAAACCCT,0,4700676
ybiY_ybiW_predicted,0.125,7,7,ATTAATGTACTTGTAGGACG,0,4706655
ybiY_ybiW_predicted,0.125,7,7,ATGTTATTCATCCCTATCCC,0,4705383
ybiY_ybiW_predicted,0.125,7,7,ATGGAGCTGGTTCGCTGCAA,0,4731288
ybiY_ybiW_predicted,0.125,7,7,ATGGACACACTACATTACTA,0,4717222
ybiY_ybiW_predicted,0.125,7,7,ATGAGCGAGGAATAAGGCGA,0,4702144
ybiY_ybiW_predicted,0.125,7,7,ATGAGAGGGTACCTTGTTAT,0,4705842
ybiY_ybiW_predicted,0.125,7,7,ATCTTTCGTTGAATACCTTT,0,4729716
ybiY_ybiW_predicted,0.125,7,7,ATCTTCCCTTACTCAATCAT,0,4699693
ybiY_ybiW_predicted,0.125,7,7,ATCTGATTCGTTCTCTGGCG,0,4717304
ybiY_ybiW_predicted,0.125,7,7,ATCGGCCAGTGTTTGTAACA,0,4701864
ybiY_ybiW_predicted,0.125,7,7,ATCGAGGGGATGCTTTCATT,0,4720277
ybiY_ybiW_predicted,0.125,7,7,ATCCCAGGTAGCTGCACGGC,0,4696975
ybiY_ybiW_predicted,0.125,7,7,ATATTTGCAGACAAAGAGAC,0,4701700
ybiY_ybiW_predicted,0.125,7,7,ATAGCGTTTATCGAACGGTT,0,4717195
ybiY_ybiW_predicted,0.125,7,7,AGTTTGTGTCGGAGTGCCCA,0,4731589
ybiY_ybiW_predicted,0.125,7,7,AGTTGAGTGTGTTAAACTGT,0,4690964
ybiY_ybiW_predicted,0.125,7,7,AGTCGCTCACAAAGATAGTT,0,4699402
ybiY_ybiW_predicted,0.125,7,7,AGTCCAACGTGTTTCCGAAA,0,4708579
ybiY_ybiW_predicted,0.125,7,7,AGGTTAACCAACGTGTAGGT,0,4712082
ybiY_ybiW_predicted,0.125,7,7,AGGTCGCCCCGCGGAAAGTA,0,4697150
ybiY_ybiW_predicted,0.125,7,7,AGGGATCGTATCTGGATGCA,0,4718182
ybiY_ybiW_predicted,0.125,7,7,AGGCTTACCGTAAGTGCGGT,0,4699837
ybiY_ybiW_predicted,0.125,7,7,AGGCATCATGGTCGCGACTA,0,4693746
ybiY_ybiW_predicted,0.125,7,7,AGGATCTTTAGGATAAAGCG,0,4710412
ybiY_ybiW_predicted,0.125,7,7,AGGAGTCTTGGTTCCATCAT,0,4703047
ybiY_ybiW_predicted,0.125,7,7,AGGAGTAACCGGGTCTAATA,0,4693465
ybiY_ybiW_predicted,0.125,7,7,AGGACTGGAGGGGGTCGTAT,0,4707069
ybiY_ybiW_predicted,0.125,7,7,AGGAAGCATGATGAGTCTGC,0,4693703
ybiY_ybiW_predicted,0.125,7,7,AGCTTATTGAGCAGGCCTAA,0,4692488
ybiY_ybiW_predicted,0.125,7,7,AGCTGGTCCGTATTGCCTAC,0,4697391
ybiY_ybiW_predicted,0.125,7,7,AGCTGAATAACTGGAAAATT,0,4706182
ybiY_ybiW_predicted,0.125,7,7,AGCTCCGCGAGCTTCCCAAG,0,4713337
ybiY_ybiW_predicted,0.125,7,7,AGCCACAGACGTATGGTGGC,0,4708952
ybiY_ybiW_predicted,0.125,7,7,AGCATTCGCGAGGCGTGCCT,0,4689752
ybiY_ybiW_predicted,0.125,7,7,AGCATAGTTCTAGTGTGCGC,0,4721585
ybiY_ybiW_predicted,0.125,7,7,AGAGTATAACATATATTATG,0,4731635
ybiY_ybiW_predicted,0.125,7,7,AGAGATCTGAGGCCTAAAGA,0,4692967
ybiY_ybiW_predicted,0.125,7,7,AGACTCACATTCAGTAACAA,0,4691101
ybiY_ybiW_predicted,0.125,7,7,AGACGCATCGCGCATCCGTT,0,4730988
ybiY_ybiW_predicted,0.125,7,7,AGAATACGGATCGTGGGGAT,0,4719111
ybiY_ybiW_predicted,0.125,7,7,AGAAAGCCGTGGGATCGGCG,0,4708600
ybiY_ybiW_predicted,0.125,7,7,ACTTCTTCGGAGCTCACCAT,0,4689145
ybiY_ybiW_predicted,0.125,7,7,ACTCGAGGCTATGATTTATA,0,4712287
ybiY_ybiW_predicted,0.125,7,7,ACTCGAAGGTCTCACCGACT,0,4702506
ybiY_ybiW_predicted,0.125,7,7,ACGCGCTCGCTATCGTCCGT,0,4718044
ybiY_ybiW_predicted,0.125,7,7,ACGCACTTGTCACAGGGCTT,0,4723429
ybiY_ybiW_predicted,0.125,7,7,ACGAGGGATAACGATGGCAG,0,4695453
ybiY_ybiW_predicted,0.125,7,7,ACGAAATCCGTGCCAGACAA,0,4711741
ybiY_ybiW_predicted,0.125,7,7,ACCTTGGTGTGGAATATGAG,0,4713890
ybiY_ybiW_predicted,0.125,7,7,ACCCGTGCAGATCCATTTAT,0,4729476
ybiY_ybiW_predicted,0.125,7,7,ACATGTTAGGTTAGTCCTAG,0,4696714
ybiY_ybiW_predicted,0.125,7,7,ACATGGTGATTACCGTCAAA,0,4716732
ybiY_ybiW_predicted,0.125,7,7,ACATCGGACTACTTAATTGG,0,4720427
ybiY_ybiW_predicted,0.125,7,7,ACAGTCCTTGCCCAGTCCAA,0,4719632
ybiY_ybiW_predicted,0.125,7,7,ACAGGTCCAATGCCTTAGGA,0,4707012
ybiY_ybiW_predicted,0.125,7,7,ACAGATTTCACTTGATCCTT,0,4715079
ybiY_ybiW_predicted,0.125,7,7,ACACTTGGGACTTTAAGTAC,0,4727790
ybiY_ybiW_predicted,0.125,7,7,ACACTCCGGTTTTCTACAGG,0,4696850
ybiY_ybiW_predicted,0.125,7,7,ACACTCCCTAGATTACTTCA,0,4707269
ybiY_ybiW_predicted,0.125,7,7,ACAAGGTCACCCCACTTGCT,0,4703692
ybiY_ybiW_predicted,0.125,7,7,AATTCGGACTCACGTATAAG,0,4706117
ybiY_ybiW_predicted,0.125,7,7,AATGGGCTTCCGTCAGATGT,0,4727839
ybiY_ybiW_predicted,0.125,7,7,AATCCGCCAAAGAAAACTTG,0,4716924
ybiY_ybiW_predicted,0.125,7,7,AATCACGTCAACCTTGTTCA,0,4695303
ybiY_ybiW_predicted,0.125,7,7,AATACGTCTGGTTAGGATAA,0,4688743
ybiY_ybiW_predicted,0.125,7,7,AATAAACCGTAGTCCGCATC,0,4696120
ybiY_ybiW_predicted,0.125,7,7,AAGTGCTCAGTCGCCACGCA,0,4725381
ybiY_ybiW_predicted,0.125,7,7,AAGGACGTTACGCTGATGTA,0,4703864
ybiY_ybiW_predicted,0.125,7,7,AAGGAAAGAGTTACAGTGCA,0,4715874
ybiY_ybiW_predicted,0.125,7,7,AAGCATGTCAATGGTTCCTT,0,4728230
ybiY_ybiW_predicted,0.125,7,7,AAGACGAAGTGAGTGAAGCG,0,4722227
ybiY_ybiW_predicted,0.125,7,7,AAGACCGGTACCATCGGCAA,0,4695729
ybiY_ybiW_predicted,0.125,7,7,AACTGCTAGTTGGATCCGTT,0,4714794
ybiY_ybiW_predicted,0.125,7,7,AACGTGCACTCGTACGCAAT,0,4701292
ybiY_ybiW_predicted,0.125,7,7,AACGACGGCCCGCACGCCTA,0,4722766
ybiY_ybiW_predicted,0.125,7,7,AACCCAAACCCGCCATCAGA,0,4707966
ybiY_ybiW_predicted,0.125,7,7,AAATTCCATCGTCTGTTTTT,0,4689625
ybiY_ybiW_predicted,0.125,7,7,AAATCCTCAAGGGCTTCCGA,0,4691953
ybiY_ybiW_predicted,0.125,7,7,AAAGTACACATCTTAGTGTA,0,4699714
ybiY_ybiW_predicted,0.125,7,7,AAAGGGGGAAAGAGGGGTGA,0,4717898
ybiY_ybiW_predicted,0.125,7,7,AAACTCCACCTCAGGGGAGT,0,4720421
ybiY_ybiW_predicted,0.125,7,7,AAACACTAGCGATAGACAGA,0,4724961
ybiY_ybiW_predicted,0.125,7,7,AAAATACATTCCGTGGCAGA,0,4691551
ybiY_ybiW_predicted,0.125,7,7,AAAAGCACCCCAGGGGCAAG,0,4714997
ybiY_ybiW_predicted,0.125,7,7,AAAACATCCGGGTTAGCAGT,0,4690612
ybiY_ybiW_predicted,0.14285714285714285,6,6,TTTTTGGATTACTTTTTTTT,0,4694878
ybiY_ybiW_predicted,0.14285714285714285,6,6,TTTTTATCTCAATTGCAGTG,0,4719678
ybiY_ybiW_predicted,0.14285714285714285,6,6,TTTTAGTAGAGTGTCGCTAT,0,4719356
ybiY_ybiW_predicted,0.14285714285714285,6,6,TTTGGGTTGGGTCGAGAGTA,0,4732219
ybiY_ybiW_predicted,0.14285714285714285,6,6,TTGTGCTCCGTCTAGAACTC,0,4718994
ybiY_ybiW_predicted,0.14285714285714285,6,6,TTGTCCTCAGGATTGCTCGA,0,4706177
ybiY_ybiW_predicted,0.14285714285714285,6,6,TTGGGCTCGGCATAGGATCA,0,4695355
ybiY_ybiW_predicted,0.14285714285714285,6,6,TTGCCTTGTCGGCGGGTGGA,0,4719707
ybiY_ybiW_predicted,0.14285714285714285,6,6,TTGCAGGGTGGCCGAGCTGT,0,4714847
ybiY_ybiW_predicted,0.14285714285714285,6,6,TTGCAGCTCCTTACAGCACT,0,4717109
ybiY_ybiW_predicted,0.14285714285714285,6,6,TTGCACGGGCGCTACCTTAT,0,4711008
ybiY_ybiW_predicted,0.14285714285714285,6,6,TTCTTAAATCGGGTTGTGAG,0,4732142
ybiY_ybiW_predicted,0.14285714285714285,6,6,TTCCGCTGTGTAGCACCGCT,0,4691215
ybiY_ybiW_predicted,0.14285714285714285,6,6,TTCCCCACATATGAGCGGAT,0,4703175
ybiY_ybiW_predicted,0.14285714285714285,6,6,TTCATGGTGACATGCGCTCC,0,4700403
ybiY_ybiW_predicted,0.14285714285714285,6,6,TTCATAGGAATGAGAATCAG,0,4723117
ybiY_ybiW_predicted,0.14285714285714285,6,6,TTCAGTAGGCTCTGCACCAC,0,4712208
ybiY_ybiW_predicted,0.14285714285714285,6,6,TTCAGATCATCATGAAGGTC,0,4719406
ybiY_ybiW_predicted,0.14285714285714285,6,6,TTAGCGGAGAAGGGCTTCAC,0,4711711
ybiY_ybiW_predicted,0.14285714285714285,6,6,TTACCAGAGGTTTCGGCAGC,0,4691706
ybiY_ybiW_predicted,0.14285714285714285,6,6,TGTTCGAGAGTAGTTCAGCA,0,4720593
ybiY_ybiW_predicted,0.14285714285714285,6,6,TGTTAGGGTGCTTGTATTAG,0,4720068
ybiY_ybiW_predicted,0.14285714285714285,6,6,TGTGACTCGAACTATGTGGT,0,4727862
ybiY_ybiW_predicted,0.14285714285714285,6,6,TGTCGTAATGGAGAGGACTA,0,4696061
ybiY_ybiW_predicted,0.14285714285714285,6,6,TGTCGCCCCTTCTCTTGGCC,0,4722204
ybiY_ybiW_predicted,0.14285714285714285,6,6,TGTCACAGTTACTGTTCCAA,0,4694497
ybiY_ybiW_predicted,0.14285714285714285,6,6,TGTATTAATATGTTTGATAG,0,4709282
ybiY_ybiW_predicted,0.14285714285714285,6,6,TGTACTCGGGATTTTGTGAA,0,4714451
ybiY_ybiW_predicted,0.14285714285714285,6,6,TGTACGCGGGCTAACGGAAG,0,4695479
ybiY_ybiW_predicted,0.14285714285714285,6,6,TGTACCGATCCTAGAGCACT,0,4692484
ybiY_ybiW_predicted,0.14285714285714285,6,6,TGGGGCGGGACAAAAGGACT,0,4725084
ybiY_ybiW_predicted,0.14285714285714285,6,6,TGGGCGCCCGTTTAGGGCCG,0,4711077
ybiY_ybiW_predicted,0.14285714285714285,6,6,TGGGAGATTTGCACAGGCGC,0,4706709
ybiY_ybiW_predicted,0.14285714285714285,6,6,TGGAAAAGGCCGGTTGGTTG,0,4689771
ybiY_ybiW_predicted,0.14285714285714285,6,6,TGCTTGCAGGAATGCGGCAT,0,4714449
ybiY_ybiW_predicted,0.14285714285714285,6,6,TGCGTATTTCGAGTTTTAAA,0,4709911
ybiY_ybiW_predicted,0.14285714285714285,6,6,TGCCGGGGCCTCCCTGCTAT,0,4710042
ybiY_ybiW_predicted,0.14285714285714285,6,6,TGCATTTAACATTCCGCGGC,0,4702767
ybiY_ybiW_predicted,0.14285714285714285,6,6,TGATGTCTGCCAAATCAAAC,0,4711185
ybiY_ybiW_predicted,0.14285714285714285,6,6,TGATCACGGAGTAACGGAGG,0,4725849
ybiY_ybiW_predicted,0.14285714285714285,6,6,TGAGTGGCATGTGTGGTATC,0,4699613
ybiY_ybiW_predicted,0.14285714285714285,6,6,TGAGGCCCCCAGGCAGCCGG,0,4722418
ybiY_ybiW_predicted,0.14285714285714285,6,6,TGACCGTTAAATCCCGTTGT,0,4696117
ybiY_ybiW_predicted,0.14285714285714285,6,6,TGACATCCGGTAACTCGTTA,0,4719192
ybiY_ybiW_predicted,0.14285714285714285,6,6,TCTTCGCCATCTCCCTGTAA,0,4688502
ybiY_ybiW_predicted,0.14285714285714285,6,6,TCTGTCCGCTACGCGTGGTA,0,4728924
ybiY_ybiW_predicted,0.14285714285714285,6,6,TCTGCCTTTGTGTAGGAAGT,0,4716177
ybiY_ybiW_predicted,0.14285714285714285,6,6,TCTGATAGGAGAATTAGGAT,0,4731629
ybiY_ybiW_predicted,0.14285714285714285,6,6,TCTGAGTAGTAGAGTAGCGC,0,4715887
ybiY_ybiW_predicted,0.14285714285714285,6,6,TCTCTCAGGTTCAACATGTA,0,4708701
ybiY_ybiW_predicted,0.14285714285714285,6,6,TCTAGATACTCCTTCACAGC,0,4695722
ybiY_ybiW_predicted,0.14285714285714285,6,6,TCGTTAGGAAACAACTCCGA,0,4701695
ybiY_ybiW_predicted,0.14285714285714285,6,6,TCGTCATTAAATCGAATTCA,0,4716577
ybiY_ybiW_predicted,0.14285714285714285,6,6,TCGGTACAGCGCAATAGCGT,0,4718943
ybiY_ybiW_predicted,0.14285714285714285,6,6,TCGGCGCACCTACGAGAAGA,0,4692180
ybiY_ybiW_predicted,0.14285714285714285,6,6,TCGCATTTTTTCCCGTCTTG,0,4723707
ybiY_ybiW_predicted,0.14285714285714285,6,6,TCGCAGCGCTATTAGGGTGA,0,4694130
ybiY_ybiW_predicted,0.14285714285714285,6,6,TCCTGGTGCAGTCCGAGAAC,0,4708625
ybiY_ybiW_predicted,0.14285714285714285,6,6,TCCGCTTCCACGCAATGATA,0,4707677
ybiY_ybiW_predicted,0.14285714285714285,6,6,TCCCCTGGCGGATCCGGGTC,0,4730902
ybiY_ybiW_predicted,0.14285714285714285,6,6,TCCAAGTTCAGCAATGAGGC,0,4717323
ybiY_ybiW_predicted,0.14285714285714285,6,6,TCATTTACACGGTGTGTAAA,0,4718911
ybiY_ybiW_predicted,0.14285714285714285,6,6,TCATGACAAGATAGCTCGGT,0,4716829
ybiY_ybiW_predicted,0.14285714285714285,6,6,TCAGATGTGTGCGCTTACAG,0,4693677
ybiY_ybiW_predicted,0.14285714285714285,6,6,TCAGAATTGATCGTGAGCCC,0,4714150
ybiY_ybiW_predicted,0.14285714285714285,6,6,TCACGGCGGATCGAGAATTC,0,4689941
ybiY_ybiW_predicted,0.14285714285714285,6,6,TCACCTCTATGCGTGACCGT,0,4724704
ybiY_ybiW_predicted,0.14285714285714285,6,6,TCAAGGCCTACCGCCGGTGT,0,4727012
ybiY_ybiW_predicted,0.14285714285714285,6,6,TCAACCGTACAGTTTATTTG,0,4717021
ybiY_ybiW_predicted,0.14285714285714285,6,6,TATTTTCTTTGTCACGATTT,0,4704563
ybiY_ybiW_predicted,0.14285714285714285,6,6,TATTAGCCCGCGAACCCGAC,0,4692998
ybiY_ybiW_predicted,0.14285714285714285,6,6,TATCAAGAGTGCGAACGGGT,0,4708608
ybiY_ybiW_predicted,0.14285714285714285,6,6,TATACTATAGTTTTTTAGAA,0,4719376
ybiY_ybiW_predicted,0.14285714285714285,6,6,TAGGCCCGGCCGACGCGTAT,0,4728996
ybiY_ybiW_predicted,0.14285714285714285,6,6,TAGGCATAAGCCGGCCGCAT,0,4700902
ybiY_ybiW_predicted,0.14285714285714285,6,6,TAGGAGGGGCCTACGGAGGA,0,4698293
ybiY_ybiW_predicted,0.14285714285714285,6,6,TAGCTGGGCTGGGTGTAATA,0,4711069
ybiY_ybiW_predicted,0.14285714285714285,6,6,TAGCCGTCAGCATTAATTAG,0,4732539
ybiY_ybiW_predicted,0.14285714285714285,6,6,TAGATAGATCTTTTACGGAA,0,4692670
ybiY_ybiW_predicted,0.14285714285714285,6,6,TACGTGACGTGTTCGATCTT,0,4695026
ybiY_ybiW_predicted,0.14285714285714285,6,6,TACGTGACGCCTCTCTGGAA,0,4699289
ybiY_ybiW_predicted,0.14285714285714285,6,6,TACATTATGCTGCTCAACGG,0,4719133
ybiY_ybiW_predicted,0.14285714285714285,6,6,TACAGACTGCCGAACTTCGG,0,4721615
ybiY_ybiW_predicted,0.14285714285714285,6,6,TACACGGTAAGACCCCTGCA,0,4717709
ybiY_ybiW_predicted,0.14285714285714285,6,6,TACAACGAATATTCATCTCT,0,4699805
ybiY_ybiW_predicted,0.14285714285714285,6,6,TAATTCGGAAGTGTTAAGTT,0,4716287
ybiY_ybiW_predicted,0.14285714285714285,6,6,TAATGATTGCATGACCCTGC,0,4709446
ybiY_ybiW_predicted,0.14285714285714285,6,6,TAATCAGCGTAAATCTCACA,0,4718705
ybiY_ybiW_predicted,0.14285714285714285,6,6,TAATAAGAACGGACCTGTTG,0,4688805
ybiY_ybiW_predicted,0.14285714285714285,6,6,TAAGTCGAGAGTAAGTTTTT,0,4712146
ybiY_ybiW_predicted,0.14285714285714285,6,6,TAACGTCAAGCTTCGATGGG,0,4702239
ybiY_ybiW_predicted,0.14285714285714285,6,6,TAACCTTGTGCTCCGCATTT,0,4699331
ybiY_ybiW_predicted,0.14285714285714285,6,6,TAACAAGCTTGTACGACAGG,0,4709699
ybiY_ybiW_predicted,0.14285714285714285,6,6,TAAATAGTGTTTTATATGGT,0,4728502
ybiY_ybiW_predicted,0.14285714285714285,6,6,GTTTTGTCTCGCGACCCCGA,0,4720453
ybiY_ybiW_predicted,0.14285714285714285,6,6,GTTTCAGCTGAGTTGCGGTA,0,4697798
ybiY_ybiW_predicted,0.14285714285714285,6,6,GTTTATAAAGCTTCTCACGC,0,4701044
ybiY_ybiW_predicted,0.14285714285714285,6,6,GTTGGATCGAACTACGCTGG,0,4718192
ybiY_ybiW_predicted,0.14285714285714285,6,6,GTTGCGAACTTGTAGATTCG,0,4694265
ybiY_ybiW_predicted,0.14285714285714285,6,6,GTTCGGGGACGGGTTAGCTA,0,4710241
ybiY_ybiW_predicted,0.14285714285714285,6,6,GTTCCATGTAGTGTCGTCTA,0,4697957
ybiY_ybiW_predicted,0.14285714285714285,6,6,GTTAACCGTTGGATTTGGAT,0,4724192
ybiY_ybiW_predicted,0.14285714285714285,6,6,GTGTCTTCGCCGGGGCACGC,0,4691497
ybiY_ybiW_predicted,0.14285714285714285,6,6,GTGCTTGCGTCAATAGAATG,0,4698986
ybiY_ybiW_predicted,0.14285714285714285,6,6,GTCTGAAAGAGGTTCCGCCC,0,4714460
ybiY_ybiW_predicted,0.14285714285714285,6,6,GTCTCTAACGGGGGTGGCTT,0,4701370
ybiY_ybiW_predicted,0.14285714285714285,6,6,GTCGGCGGAGCCAATCTGCC,0,4691638
ybiY_ybiW_predicted,0.14285714285714285,6,6,GTCCTTATTTTGATCTTTCA,0,4706921
ybiY_ybiW_predicted,0.14285714285714285,6,6,GTCATCCGGGAAGCCAGCTG,0,4698743
ybiY_ybiW_predicted,0.14285714285714285,6,6,GTCATATAAAGGCGCGGCGT,0,4726262
ybiY_ybiW_predicted,0.14285714285714285,6,6,GTATTCCTGGTCCTCTACGT,0,4722841
ybiY_ybiW_predicted,0.14285714285714285,6,6,GTATAGCTCCGCTTGAGCTG,0,4695038
ybiY_ybiW_predicted,0.14285714285714285,6,6,GTAGTTGATGGGCGAGTTGC,0,4693053
ybiY_ybiW_predicted,0.14285714285714285,6,6,GTAGAGGGGTTTAGGCGTGA,0,4724848
ybiY_ybiW_predicted,0.14285714285714285,6,6,GTACCAGATAGGAAATTCCA,0,4727165
ybiY_ybiW_predicted,0.14285714285714285,6,6,GTACATCAAATGGTAGCGCT,0,4717739
ybiY_ybiW_predicted,0.14285714285714285,6,6,GTACAAGAGAAAAGGTCCTA,0,4718565
ybiY_ybiW_predicted,0.14285714285714285,6,6,GTACAACTATATACTTCGTC,0,4716082
ybiY_ybiW_predicted,0.14285714285714285,6,6,GTACAAAGGTACGAACCGCA,0,4724819
ybiY_ybiW_predicted,0.14285714285714285,6,6,GGTTTATATGCGTATGAAGT,0,4707783
ybiY_ybiW_predicted,0.14285714285714285,6,6,GGTGAGCAACAACATTTTCA,0,4730433
ybiY_ybiW_predicted,0.14285714285714285,6,6,GGTCTCGCTACTCATCTGGA,0,4717475
ybiY_ybiW_predicted,0.14285714285714285,6,6,GGTCGGGCTGCGTAGCGACT,0,4692675
ybiY_ybiW_predicted,0.14285714285714285,6,6,GGTCGGAGGTACTAAAACAA,0,4707390
ybiY_ybiW_predicted,0.14285714285714285,6,6,GGTCGCTGCGGCTAACCCGA,0,4709752
ybiY_ybiW_predicted,0.14285714285714285,6,6,GGTCGCCGTTTGATTATGAG,0,4712646
ybiY_ybiW_predicted,0.14285714285714285,6,6,GGTAACCTAATTTGAGTCAG,0,4709074
ybiY_ybiW_predicted,0.14285714285714285,6,6,GGGTTGGGTATGGGTAAGTG,0,4704584
ybiY_ybiW_predicted,0.14285714285714285,6,6,GGGTCACTACGATCCTCCGT,0,4694100
ybiY_ybiW_predicted,0.14285714285714285,6,6,GGGGCCAGTGATCCAAGGTT,0,4703750
ybiY_ybiW_predicted,0.14285714285714285,6,6,GGGCTATTCCATGTCGTGGA,0,4692178
ybiY_ybiW_predicted,0.14285714285714285,6,6,GGGCCTAATTCGCTGTGTCC,0,4724521
ybiY_ybiW_predicted,0.14285714285714285,6,6,GGGCAGGAAAGCGCGCTCAT,0,4696778
ybiY_ybiW_predicted,0.14285714285714285,6,6,GGGATTCCGCGTTGAAGCCT,0,4704116
ybiY_ybiW_predicted,0.14285714285714285,6,6,GGGATGCAATGAGGTACAAA,0,4692305
ybiY_ybiW_predicted,0.14285714285714285,6,6,GGGATAGCACAGCTATATCG,0,4730315
ybiY_ybiW_predicted,0.14285714285714285,6,6,GGGAGTACCCGGGTGTACTA,0,4720235
ybiY_ybiW_predicted,0.14285714285714285,6,6,GGCTTTGAACGCAGGCCCAA,0,4725227
ybiY_ybiW_predicted,0.14285714285714285,6,6,GGCTCTCTATATTATCTGCG,0,4724527
ybiY_ybiW_predicted,0.14285714285714285,6,6,GGCTAAGATGGATAATGAGG,0,4726480
ybiY_ybiW_predicted,0.14285714285714285,6,6,GGCGTTCGTGTTGGTCAAGC,0,4699876
ybiY_ybiW_predicted,0.14285714285714285,6,6,GGCGCCCTCCCATCCAGTGA,0,4704809
ybiY_ybiW_predicted,0.14285714285714285,6,6,GGCGCATCTCGCTACTTGTG,0,4688560
ybiY_ybiW_predicted,0.14285714285714285,6,6,GGCGATCACATATAATCTGA,0,4692075
ybiY_ybiW_predicted,0.14285714285714285,6,6,GGCCCTGTGCCGGTCTAGAC,0,4730586
ybiY_ybiW_predicted,0.14285714285714285,6,6,GGCAGGGGTAGGTCTGTTGT,0,4723357
ybiY_ybiW_predicted,0.14285714285714285,6,6,GGCAGGAACCAGGCTAATTT,0,4719778
ybiY_ybiW_predicted,0.14285714285714285,6,6,GGCACTGATTACCTCATCGT,0,4708507
ybiY_ybiW_predicted,0.14285714285714285,6,6,GGCACATACCAGACGCGATG,0,4727231
ybiY_ybiW_predicted,0.14285714285714285,6,6,GGATGTTTACGTCAGCGAGA,0,4726964
ybiY_ybiW_predicted,0.14285714285714285,6,6,GGATGCATGCGATCATTGAG,0,4701043
ybiY_ybiW_predicted,0.14285714285714285,6,6,GGATCTACAACCGCGGAGGT,0,4695331
ybiY_ybiW_predicted,0.14285714285714285,6,6,GGATAGACCCGTTAATCCGT,0,4711017
ybiY_ybiW_predicted,0.14285714285714285,6,6,GGAGTCTGGCGCCGTAGCTG,0,4694343
ybiY_ybiW_predicted,0.14285714285714285,6,6,GGACCCCAGGGTCCGGTCGT,0,4690546
ybiY_ybiW_predicted,0.14285714285714285,6,6,GGAATCACGCGTTCGGCTCT,0,4699254
ybiY_ybiW_predicted,0.14285714285714285,6,6,GGAACTCGCGGCAGATCCAT,0,4709507
ybiY_ybiW_predicted,0.14285714285714285,6,6,GGAAAGACTGGCGTACATTA,0,4726972
ybiY_ybiW_predicted,0.14285714285714285,6,6,GCTTTCACGCCCCCGATCAC,0,4724665
ybiY_ybiW_predicted,0.14285714285714285,6,6,GCTTGAGATCTTCACGCAAC,0,4706161
ybiY_ybiW_predicted,0.14285714285714285,6,6,GCTGTCTCCGGTTGAGGGCT,0,4713584
ybiY_ybiW_predicted,0.14285714285714285,6,6,GCTGCCAGACCGGGGCTCAT,0,4708746
ybiY_ybiW_predicted,0.14285714285714285,6,6,GCTGACAGACAGCCCCTCGG,0,4688903
ybiY_ybiW_predicted,0.14285714285714285,6,6,GCTCTCTCTCCACCTACAGG,0,4716051
ybiY_ybiW_predicted,0.14285714285714285,6,6,GCTCTCCTGTGGGAGTAGGA,0,4706275
ybiY_ybiW_predicted,0.14285714285714285,6,6,GCTCGCCGTGCGCGGATCCA,0,4707884
ybiY_ybiW_predicted,0.14285714285714285,6,6,GCTATAGGACAAGTCAATGA,0,4715696
ybiY_ybiW_predicted,0.14285714285714285,6,6,GCGTTTCTAGGCGTCCAAGT,0,4720181
ybiY_ybiW_predicted,0.14285714285714285,6,6,GCGTTGCGTGTACACAAGCG,0,4699878
ybiY_ybiW_predicted,0.14285714285714285,6,6,GCGTCGGCACAAAAGCACAA,0,4708180
ybiY_ybiW_predicted,0.14285714285714285,6,6,GCGTCGCCTGGATTAGCGGT,0,4714427
ybiY_ybiW_predicted,0.14285714285714285,6,6,GCGGTGCGCCATCCTGTCAT,0,4688713
ybiY_ybiW_predicted,0.14285714285714285,6,6,GCGGCGGTTGCAGTACGTGT,0,4715911
ybiY_ybiW_predicted,0.14285714285714285,6,6,GCGCTAGCATGCCATATGGA,0,4713898
ybiY_ybiW_predicted,0.14285714285714285,6,6,GCGCGATCAATCGGGTTGTC,0,4711206
ybiY_ybiW_predicted,0.14285714285714285,6,6,GCGCCTTTTGCCGGAGCCAA,0,4689822
ybiY_ybiW_predicted,0.14285714285714285,6,6,GCCTTTACATCCGGAGCATG,0,4698793
ybiY_ybiW_predicted,0.14285714285714285,6,6,GCCTTGAGGATAACTTGGAA,0,4715956
ybiY_ybiW_predicted,0.14285714285714285,6,6,GCCGCGTGGTCCTATTGCGC,0,4698667
ybiY_ybiW_predicted,0.14285714285714285,6,6,GCCGCCTGCACACGTACTGA,0,4715386
ybiY_ybiW_predicted,0.14285714285714285,6,6,GCCCGTGGCCTTCTAGACCG,0,4715233
ybiY_ybiW_predicted,0.14285714285714285,6,6,GCATGAAAACCCAGTCTCGC,0,4707909
ybiY_ybiW_predicted,0.14285714285714285,6,6,GCATCTAGACAGGTAGTCCA,0,4705314
ybiY_ybiW_predicted,0.14285714285714285,6,6,GCATAGCGCGCTTCTTGTTC,0,4699499
ybiY_ybiW_predicted,0.14285714285714285,6,6,GCAGTTGTCCCGGACGTATC,0,4696001
ybiY_ybiW_predicted,0.14285714285714285,6,6,GCAAAATTTATCCGGCAATC,0,4706228
ybiY_ybiW_predicted,0.14285714285714285,6,6,GATGGAGCTGGTGTATTAAT,0,4730685
ybiY_ybiW_predicted,0.14285714285714285,6,6,GATCTCGCTCAAATCTAAGT,0,4730151
ybiY_ybiW_predicted,0.14285714285714285,6,6,GATATTCAGTTAGCAACCGA,0,4699131
ybiY_ybiW_predicted,0.14285714285714285,6,6,GAGGGCAAATAAATTCTATT,0,4715432
ybiY_ybiW_predicted,0.14285714285714285,6,6,GAGGCTTCAGCGGTGCCGGG,0,4704430
ybiY_ybiW_predicted,0.14285714285714285,6,6,GAGCTTTTGTACGGTCGTTC,0,4725959
ybiY_ybiW_predicted,0.14285714285714285,6,6,GAGCTTTCTGGGCAATTGTT,0,4709437
ybiY_ybiW_predicted,0.14285714285714285,6,6,GAGCTCAGCGTGGTATCTGA,0,4699530
ybiY_ybiW_predicted,0.14285714285714285,6,6,GAGCGACCGGCTCCGCACGC,0,4695205
ybiY_ybiW_predicted,0.14285714285714285,6,6,GAGCCGATCTGTACTTTATC,0,4726437
ybiY_ybiW_predicted,0.14285714285714285,6,6,GAGCCATAGGAAGTATCGGC,0,4708861
ybiY_ybiW_predicted,0.14285714285714285,6,6,GACGTGGTTGGGCAGACTCT,0,4726898
ybiY_ybiW_predicted,0.14285714285714285,6,6,GACGGGTGGAAGCCCTTGGG,0,4710470
ybiY_ybiW_predicted,0.14285714285714285,6,6,GAATGGGCAGCCATCATGGT,0,4693634
ybiY_ybiW_predicted,0.14285714285714285,6,6,GAATCCGGCTGAGGAAACAA,0,4693173
ybiY_ybiW_predicted,0.14285714285714285,6,6,GAAGGTATTGAGAACCTCTC,0,4726354
ybiY_ybiW_predicted,0.14285714285714285,6,6,GAAGATCAGTGCGTGCCGTC,0,4728674
ybiY_ybiW_predicted,0.14285714285714285,6,6,GAACTTGGAAATACACTTCA,0,4730588
ybiY_ybiW_predicted,0.14285714285714285,6,6,GAACTGCTAAACATTTTTTA,0,4701633
ybiY_ybiW_predicted,0.14285714285714285,6,6,GAACTCCATCGGTACTTTTC,0,4731565
ybiY_ybiW_predicted,0.14285714285714285,6,6,GAACAGGACGGGGGGACGAC,0,4726331
ybiY_ybiW_predicted,0.14285714285714285,6,6,GAAAAGCTTGACGGTGCAGC,0,4706540
ybiY_ybiW_predicted,0.14285714285714285,6,6,CTTTTGCCTTGTAAGCAGGA,0,4698872
ybiY_ybiW_predicted,0.14285714285714285,6,6,CTTTGGAGGGTGGTTTAACC,0,4729580
ybiY_ybiW_predicted,0.14285714285714285,6,6,CTTTCCCTACCTTAAATGGT,0,4715016
ybiY_ybiW_predicted,0.14285714285714285,6,6,CTTTCCACACAACCGCAGTA,0,4693803
ybiY_ybiW_predicted,0.14285714285714285,6,6,CTGTGATTAGGGTGGGTCAG,0,4721117
ybiY_ybiW_predicted,0.14285714285714285,6,6,CTGGGCGTCGCGGAACACGC,0,4722939
ybiY_ybiW_predicted,0.14285714285714285,6,6,CTGCGCGCGCAAAGCGTAGT,0,4688480
ybiY_ybiW_predicted,0.14285714285714285,6,6,CTCTAATTCTTGTTCCACCG,0,4725988
ybiY_ybiW_predicted,0.14285714285714285,6,6,CTCGCGCCGTTCCGTTACAA,0,4703418
ybiY_ybiW_predicted,0.14285714285714285,6,6,CTCCCTTTCGTTGCTTGACT,0,4699578
ybiY_ybiW_predicted,0.14285714285714285,6,6,CTCATATTTAGGCTGTGTCC,0,4731784
ybiY_ybiW_predicted,0.14285714285714285,6,6,CTCAGTTCCGCGACCGGACG,0,4690991
ybiY_ybiW_predicted,0.14285714285714285,6,6,CTAGCCTTTAGCATGGGAAC,0,4695299
ybiY_ybiW_predicted,0.14285714285714285,6,6,CTACGATAAGCACTTGCTGT,0,4722847
ybiY_ybiW_predicted,0.14285714285714285,6,6,CTACGAGTGTGGAAGCTGGG,0,4713954
ybiY_ybiW_predicted,0.14285714285714285,6,6,CGTTTCGCTGACTGATCTGA,0,4718245
ybiY_ybiW_predicted,0.14285714285714285,6,6,CGTTGTCCAGGACGGTTAAA,0,4716739
ybiY_ybiW_predicted,0.14285714285714285,6,6,CGTCCATTAGTTTTGGTGGT,0,4695419
ybiY_ybiW_predicted,0.14285714285714285,6,6,CGTCATAATAGTTAACCGAT,0,4703078
ybiY_ybiW_predicted,0.14285714285714285,6,6,CGTACTTCTTCTTTCAAAGC,0,4703959
ybiY_ybiW_predicted,0.14285714285714285,6,6,CGGTCGGTGGAAGGTCGCGT,0,4701415
ybiY_ybiW_predicted,0.14285714285714285,6,6,CGGTCGCGTAGAGAATTTCT,0,4697237
ybiY_ybiW_predicted,0.14285714285714285,6,6,CGGGTGCTCGGGCGTCAGTC,0,4716984
ybiY_ybiW_predicted,0.14285714285714285,6,6,CGGGCGAAAAGAGCCTAGGC,0,4692716
ybiY_ybiW_predicted,0.14285714285714285,6,6,CGGCCTCCTCAGCGAATAAC,0,4713113
ybiY_ybiW_predicted,0.14285714285714285,6,6,CGGCAACGTAGGACACATGT,0,4728287
ybiY_ybiW_predicted,0.14285714285714285,6,6,CGCTTTGAACAGATGAGGTA,0,4696035
ybiY_ybiW_predicted,0.14285714285714285,6,6,CGCGTTACGCTCAAACTAAG,0,4728090
ybiY_ybiW_predicted,0.14285714285714285,6,6,CGCGCTCTGGCGTGAGGTGA,0,4729225
ybiY_ybiW_predicted,0.14285714285714285,6,6,CGCAGGGAGACCACGTGTCC,0,4709153
ybiY_ybiW_predicted,0.14285714285714285,6,6,CGCACTCAGGTATGGTCCAC,0,4694668
ybiY_ybiW_predicted,0.14285714285714285,6,6,CGCACCCGTTAAGGGAGGTA,0,4694132
ybiY_ybiW_predicted,0.14285714285714285,6,6,CGCACATAATTCGCGATTTG,0,4702866
ybiY_ybiW_predicted,0.14285714285714285,6,6,CGATCAATAACGTTTATGTC,0,4725578
ybiY_ybiW_predicted,0.14285714285714285,6,6,CGAGACTCTGTGCAAGCCGG,0,4697476
ybiY_ybiW_predicted,0.14285714285714285,6,6,CGACTATTCACTGGGTTTAG,0,4718785
ybiY_ybiW_predicted,0.14285714285714285,6,6,CGACGCACATAGGAAAGGCT,0,4716901
ybiY_ybiW_predicted,0.14285714285714285,6,6,CGACCGTCGGGAGCGGTCGC,0,4723660
ybiY_ybiW_predicted,0.14285714285714285,6,6,CGACCCGTGGATGCTTCACT,0,4701465
ybiY_ybiW_predicted,0.14285714285714285,6,6,CGAATGCGTAGGCAATGCTT,0,4717885
ybiY_ybiW_predicted,0.14285714285714285,6,6,CGAATAATCCGCCGAGCCAT,0,4702240
ybiY_ybiW_predicted,0.14285714285714285,6,6,CGAAGGGTTCATAGCGATCC,0,4699124
ybiY_ybiW_predicted,0.14285714285714285,6,6,CGAACGTACCTGGCACTGGC,0,4721575
ybiY_ybiW_predicted,0.14285714285714285,6,6,CCTTAAAGAGTTTTATCAGT,0,4696311
ybiY_ybiW_predicted,0.14285714285714285,6,6,CCTGGTCATAAGTTGAGTTT,0,4699430
ybiY_ybiW_predicted,0.14285714285714285,6,6,CCTGGGCTTACACGTCAACG,0,4707851
ybiY_ybiW_predicted,0.14285714285714285,6,6,CCTCATCCTCTCAACACCGA,0,4726580
ybiY_ybiW_predicted,0.14285714285714285,6,6,CCTAGCTAATCTTGTCTATT,0,4727466
ybiY_ybiW_predicted,0.14285714285714285,6,6,CCTACGTTATCTGGGGAGCG,0,4694704
ybiY_ybiW_predicted,0.14285714285714285,6,6,CCGTGTATTGGAAAGGTCCG,0,4716969
ybiY_ybiW_predicted,0.14285714285714285,6,6,CCGTGGCCGGATGTGGACGG,0,4699292
ybiY_ybiW_predicted,0.14285714285714285,6,6,CCGTAGCTCCTTCAGATTTT,0,4729156
ybiY_ybiW_predicted,0.14285714285714285,6,6,CCGGCGGATCATTCGGGGTG,0,4714749
ybiY_ybiW_predicted,0.14285714285714285,6,6,CCGGCCGGGGCTGCTGTTAA,0,4703079
ybiY_ybiW_predicted,0.14285714285714285,6,6,CCGAGGCTTCTGCTTAAGTA,0,4689587
ybiY_ybiW_predicted,0.14285714285714285,6,6,CCCTGTCAACTTTGGGGTTG,0,4732614
ybiY_ybiW_predicted,0.14285714285714285,6,6,CCCTAGGAACCACATTAAAC,0,4715505
ybiY_ybiW_predicted,0.14285714285714285,6,6,CCCGTTAGGACCCCCATGAT,0,4702665
ybiY_ybiW_predicted,0.14285714285714285,6,6,CCCATCCAGCATATTGACAA,0,4719073
ybiY_ybiW_predicted,0.14285714285714285,6,6,CCATTAAATTGTCCATCTGA,0,4704351
ybiY_ybiW_predicted,0.14285714285714285,6,6,CCAGTTCATTCTCACGTACT,0,4698436
ybiY_ybiW_predicted,0.14285714285714285,6,6,CCAGGTTCTCGACACTTCAG,0,4726174
ybiY_ybiW_predicted,0.14285714285714285,6,6,CCAGGCGAATAATCGCGGCC,0,4699343
ybiY_ybiW_predicted,0.14285714285714285,6,6,CCACATTCGTGCCAAGGTCG,0,4704081
ybiY_ybiW_predicted,0.14285714285714285,6,6,CCACATGGTTTCTAGGCTTA,0,4710220
ybiY_ybiW_predicted,0.14285714285714285,6,6,CCAAGCTCGTAATGAAGCTA,0,4714010
ybiY_ybiW_predicted,0.14285714285714285,6,6,CATTAATTCGTTCAGCGTAT,0,4708369
ybiY_ybiW_predicted,0.14285714285714285,6,6,CATGTTAGTAGCAAGACTTG,0,4693827
ybiY_ybiW_predicted,0.14285714285714285,6,6,CATGCCGAGGTGTTATTAGA,0,4716363
ybiY_ybiW_predicted,0.14285714285714285,6,6,CATCTACCCGGGAGTAATGA,0,4705327
ybiY_ybiW_predicted,0.14285714285714285,6,6,CATCTAACAAGCCAGGAGTG,0,4691305
ybiY_ybiW_predicted,0.14285714285714285,6,6,CATCCATCCCATTAGCGGGG,0,4718020
ybiY_ybiW_predicted,0.14285714285714285,6,6,CATATGGCCGCTGTTTGCCA,0,4720084
ybiY_ybiW_predicted,0.14285714285714285,6,6,CATAGCTGTCTAGTACCTCA,0,4728522
ybiY_ybiW_predicted,0.14285714285714285,6,6,CATACGCTATACGCAAATTA,0,4722364
ybiY_ybiW_predicted,0.14285714285714285,6,6,CATAATTTTCTCGTCTTGGT,0,4695809
ybiY_ybiW_predicted,0.14285714285714285,6,6,CAGTTCCGATATATCCGTGA,0,4722760
ybiY_ybiW_predicted,0.14285714285714285,6,6,CAGTGGTTAGTGGCACACCA,0,4701287
ybiY_ybiW_predicted,0.14285714285714285,6,6,CAGTCTTACACGGATGCTCA,0,4693381
ybiY_ybiW_predicted,0.14285714285714285,6,6,CAGGTGTGGGTCGAGGCTCT,0,4730204
ybiY_ybiW_predicted,0.14285714285714285,6,6,CAGCTTACCGCGCTTTCACA,0,4699052
ybiY_ybiW_predicted,0.14285714285714285,6,6,CAGCGGGTCAAGACGAACGT,0,4730974
ybiY_ybiW_predicted,0.14285714285714285,6,6,CACTGGTAGCCGGCGCTAAC,0,4732509
ybiY_ybiW_predicted,0.14285714285714285,6,6,CACGTCACAAAAGACAACAC,0,4701286
ybiY_ybiW_predicted,0.14285714285714285,6,6,CACGAGGAACTATTTGCACA,0,4727198
ybiY_ybiW_predicted,0.14285714285714285,6,6,CACCGGTTTTTGAACCTCTG,0,4699523
ybiY_ybiW_predicted,0.14285714285714285,6,6,CAATGTCAATTGTGCCCAGT,0,4705051
ybiY_ybiW_predicted,0.14285714285714285,6,6,CAAGTTAGTTAGAGCCATTT,0,4723021
ybiY_ybiW_predicted,0.14285714285714285,6,6,CAAGATATTCTAGATCGGGA,0,4726840
ybiY_ybiW_predicted,0.14285714285714285,6,6,CAACTCTTAAAGGAGCGCAT,0,4711084
ybiY_ybiW_predicted,0.14285714285714285,6,6,CAACTACTCACTAGACCTGC,0,4695699
ybiY_ybiW_predicted,0.14285714285714285,6,6,CAAAGTCTACCCACTTGAAC,0,4690927
ybiY_ybiW_predicted,0.14285714285714285,6,6,ATTTCGTAGCAGGAATCGCT,0,4708542
ybiY_ybiW_predicted,0.14285714285714285,6,6,ATTGAGATACGAAGATATAT,0,4693579
ybiY_ybiW_predicted,0.14285714285714285,6,6,ATTCTCAGGTTCAAACCGCT,0,4729108
ybiY_ybiW_predicted,0.14285714285714285,6,6,ATTAAAAGGTGAACACGGAC,0,4702324
ybiY_ybiW_predicted,0.14285714285714285,6,6,ATGTTTACCCAGTACCTCGC,0,4695567
ybiY_ybiW_predicted,0.14285714285714285,6,6,ATGTTAGTTCGCAGATATCT,0,4714224
ybiY_ybiW_predicted,0.14285714285714285,6,6,ATGGTCAACTGATCTGTATA,0,4700301
ybiY_ybiW_predicted,0.14285714285714285,6,6,ATGGGAGAAAAGAAGCAGTC,0,4729214
ybiY_ybiW_predicted,0.14285714285714285,6,6,ATGCGCTCTCCATTAACCTG,0,4712273
ybiY_ybiW_predicted,0.14285714285714285,6,6,ATGCCAGGGTCACACGTTTA,0,4725121
ybiY_ybiW_predicted,0.14285714285714285,6,6,ATGCACGGACTAAACTGTCG,0,4688702
ybiY_ybiW_predicted,0.14285714285714285,6,6,ATCTTATCATGGCCCCCGGA,0,4728025
ybiY_ybiW_predicted,0.14285714285714285,6,6,ATCGTCTGGAGTCGGTTTAA,0,4721825
ybiY_ybiW_predicted,0.14285714285714285,6,6,ATCGGATCAGCCGTAACAAT,0,4713708
ybiY_ybiW_predicted,0.14285714285714285,6,6,ATCGCCGAATTAAAGGGCGA,0,4728561
ybiY_ybiW_predicted,0.14285714285714285,6,6,ATCGACGGGGTTTCTCACAG,0,4706979
ybiY_ybiW_predicted,0.14285714285714285,6,6,ATCAGCAACATGGTCAACTA,0,4701354
ybiY_ybiW_predicted,0.14285714285714285,6,6,ATCACTCGTTCAAAAATTCA,0,4689865
ybiY_ybiW_predicted,0.14285714285714285,6,6,ATATTCGTGTTGAGTCTTTT,0,4692793
ybiY_ybiW_predicted,0.14285714285714285,6,6,ATATCTTACGCGAAGGTCTA,0,4693168
ybiY_ybiW_predicted,0.14285714285714285,6,6,ATAGCCGGTAAGTTAGTAGA,0,4702311
ybiY_ybiW_predicted,0.14285714285714285,6,6,ATAGAGCAAGATCACCGCTT,0,4691552
ybiY_ybiW_predicted,0.14285714285714285,6,6,ATACGATTAAGAATCTGGAA,0,4709710
ybiY_ybiW_predicted,0.14285714285714285,6,6,ATACCAACACCGGGGGTAGA,0,4710092
ybiY_ybiW_predicted,0.14285714285714285,6,6,ATACACGGTCCAGTATAATT,0,4720753
ybiY_ybiW_predicted,0.14285714285714285,6,6,ATAATCTAAAAGGGGCAATT,0,4718930
ybiY_ybiW_predicted,0.14285714285714285,6,6,AGTTGGTAACCAGATATGAA,0,4689976
ybiY_ybiW_predicted,0.14285714285714285,6,6,AGTTCAGAGCTTGGGCGGAC,0,4729460
ybiY_ybiW_predicted,0.14285714285714285,6,6,AGTCTCCGCGTACGAAGTCC,0,4694290
ybiY_ybiW_predicted,0.14285714285714285,6,6,AGTATTCATAGAGTGTAGAC,0,4698735
ybiY_ybiW_predicted,0.14285714285714285,6,6,AGGGTTCGTGACCTGGAACT,0,4707540
ybiY_ybiW_predicted,0.14285714285714285,6,6,AGGCTGGAATATACAGAGAT,0,4703164
ybiY_ybiW_predicted,0.14285714285714285,6,6,AGGCTCAGGAACTGTTACCT,0,4696238
ybiY_ybiW_predicted,0.14285714285714285,6,6,AGGCGGAGATGTCATGGAGT,0,4730169
ybiY_ybiW_predicted,0.14285714285714285,6,6,AGGCCGAGGATCTTACTATA,0,4712746
ybiY_ybiW_predicted,0.14285714285714285,6,6,AGGCAGAATGTGCCCCCGGT,0,4699625
ybiY_ybiW_predicted,0.14285714285714285,6,6,AGGCACTCGATTGGGGTCGA,0,4707894
ybiY_ybiW_predicted,0.14285714285714285,6,6,AGGAGGTCGGCCGACTAAGC,0,4705085
ybiY_ybiW_predicted,0.14285714285714285,6,6,AGCTGGTAATCGGGTCCTTA,0,4705580
ybiY_ybiW_predicted,0.14285714285714285,6,6,AGCTCGAAAGCTAAGTTCAT,0,4726122
ybiY_ybiW_predicted,0.14285714285714285,6,6,AGCGAGTTTGGTGCTGCACA,0,4710265
ybiY_ybiW_predicted,0.14285714285714285,6,6,AGACGTCTACCCGCGTGTAG,0,4712952
ybiY_ybiW_predicted,0.14285714285714285,6,6,AGACGCTACAGGCACCCAAA,0,4693042
ybiY_ybiW_predicted,0.14285714285714285,6,6,AGACGCATATTTATGCTTCA,0,4717299
ybiY_ybiW_predicted,0.14285714285714285,6,6,AGACCACGGTTTAGGAGAGA,0,4722149
ybiY_ybiW_predicted,0.14285714285714285,6,6,AGACATGCCCACCATTACGT,0,4730824
ybiY_ybiW_predicted,0.14285714285714285,6,6,AGAAGTTGACTGCCCCCCAA,0,4716693
ybiY_ybiW_predicted,0.14285714285714285,6,6,ACTTTTGGTCGCGGATTTAC,0,4705100
ybiY_ybiW_predicted,0.14285714285714285,6,6,ACTTACCCCACAACGGTGCC,0,4689676
ybiY_ybiW_predicted,0.14285714285714285,6,6,ACTGTGAGGTAGTTCGCTTG,0,4700528
ybiY_ybiW_predicted,0.14285714285714285,6,6,ACTCTTCGGCCTCTCTAGGC,0,4703999
ybiY_ybiW_predicted,0.14285714285714285,6,6,ACTCTCGTTTACAAAGGCGT,0,4699567
ybiY_ybiW_predicted,0.14285714285714285,6,6,ACTATTGTCGGTTGCCTGGC,0,4697003
ybiY_ybiW_predicted,0.14285714285714285,6,6,ACTAGCGATATGCGTGTCTA,0,4715332
ybiY_ybiW_predicted,0.14285714285714285,6,6,ACGGTTGTCCTCAAACGGGA,0,4727464
ybiY_ybiW_predicted,0.14285714285714285,6,6,ACGGCGTGATGCACTAGTGA,0,4694429
ybiY_ybiW_predicted,0.14285714285714285,6,6,ACGAGTAAAGCCACCGGTAC,0,4705924
ybiY_ybiW_predicted,0.14285714285714285,6,6,ACGAGATACATGATGCATTC,0,4729474
ybiY_ybiW_predicted,0.14285714285714285,6,6,ACGACAATGCCAGGTGCCTG,0,4701907
ybiY_ybiW_predicted,0.14285714285714285,6,6,ACGAAGCCCGAAGGGCACTG,0,4714726
ybiY_ybiW_predicted,0.14285714285714285,6,6,ACGAAACTAGGGAAGCGGAT,0,4713147
ybiY_ybiW_predicted,0.14285714285714285,6,6,ACCGTTAGCCCTTTTGCTCA,0,4703949
ybiY_ybiW_predicted,0.14285714285714285,6,6,ACCGGGTGAAACTAGGGCAT,0,4715509
ybiY_ybiW_predicted,0.14285714285714285,6,6,ACCGCCAGCAGGCGACGTAT,0,4732616
ybiY_ybiW_predicted,0.14285714285714285,6,6,ACCCGGATGACAGCATTAGC,0,4702755
ybiY_ybiW_predicted,0.14285714285714285,6,6,ACCCGCGCAGGGCGGAAGGA,0,4690567
ybiY_ybiW_predicted,0.14285714285714285,6,6,ACCCCATTATCTCCAGGAAT,0,4731020
ybiY_ybiW_predicted,0.14285714285714285,6,6,ACCCAAGCCCATCGGGGTGT,0,4716613
ybiY_ybiW_predicted,0.14285714285714285,6,6,ACCAGGTACCGAAAGTATGG,0,4702226
ybiY_ybiW_predicted,0.14285714285714285,6,6,ACCAGACCTGTCCCCTCCTG,0,4714380
ybiY_ybiW_predicted,0.14285714285714285,6,6,ACCACCCTCTAACGCCAATT,0,4728032
ybiY_ybiW_predicted,0.14285714285714285,6,6,ACATTGCAGGAGACGAGCTT,0,4708075
ybiY_ybiW_predicted,0.14285714285714285,6,6,ACATCTACTGACAACGGTAA,0,4701965
ybiY_ybiW_predicted,0.14285714285714285,6,6,ACATCCCCCGAATGCTCTTA,0,4727512
ybiY_ybiW_predicted,0.14285714285714285,6,6,ACAGAGAGGGAATTCCCGGA,0,4703367
ybiY_ybiW_predicted,0.14285714285714285,6,6,ACACGTTTAGCACGCACCGC,0,4717336
ybiY_ybiW_predicted,0.14285714285714285,6,6,ACACGGGCGAAGACCCCTAG,0,4705221
ybiY_ybiW_predicted,0.14285714285714285,6,6,ACAAATCGGGCGAGCGTCGG,0,4730051
ybiY_ybiW_predicted,0.14285714285714285,6,6,ACAAAAACACTAGACTAGCG,0,4693134
ybiY_ybiW_predicted,0.14285714285714285,6,6,AATTGCATAGAGGGAGAAAA,0,4707108
ybiY_ybiW_predicted,0.14285714285714285,6,6,AATTATTGAAGGCTGAACCA,0,4690581
ybiY_ybiW_predicted,0.14285714285714285,6,6,AATCGTGCGGACCTTGTTAG,0,4704756
ybiY_ybiW_predicted,0.14285714285714285,6,6,AATCGCAGATCCGATGGAGA,0,4710314
ybiY_ybiW_predicted,0.14285714285714285,6,6,AATATTGGCAAGTTCCTTAC,0,4690891
ybiY_ybiW_predicted,0.14285714285714285,6,6,AATATCTCTGCCTCTTGGGG,0,4705452
ybiY_ybiW_predicted,0.14285714285714285,6,6,AATAAGCCAGGTAATGTAAT,0,4707208
ybiY_ybiW_predicted,0.14285714285714285,6,6,AAGTACTTTCCGGCATGGTA,0,4723702
ybiY_ybiW_predicted,0.14285714285714285,6,6,AAGGTCTATAAAGTCCTCGG,0,4688590
ybiY_ybiW_predicted,0.14285714285714285,6,6,AAGGCTTGGAAGGTAAGAAC,0,4695382
ybiY_ybiW_predicted,0.14285714285714285,6,6,AAGGCCGTTTCAAGTATGGA,0,4706582
ybiY_ybiW_predicted,0.14285714285714285,6,6,AAGGAAGAACCAAGACATCA,0,4712680
ybiY_ybiW_predicted,0.14285714285714285,6,6,AAGCGCCCAATTCGGGCACG,0,4691548
ybiY_ybiW_predicted,0.14285714285714285,6,6,AAGCGCAGCGTTTGTGAGCT,0,4716510
ybiY_ybiW_predicted,0.14285714285714285,6,6,AAGCCCGTCTGCTGACACAA,0,4699616
ybiY_ybiW_predicted,0.14285714285714285,6,6,AAGCATAACATATTTACGGG,0,4726468
ybiY_ybiW_predicted,0.14285714285714285,6,6,AACTTCAAATTAAAGACCAT,0,4718556
ybiY_ybiW_predicted,0.14285714285714285,6,6,AACTTATAACGGACCTTCGT,0,4720532
ybiY_ybiW_predicted,0.14285714285714285,6,6,AACTGGCTAAACGTATCTTC,0,4691847
ybiY_ybiW_predicted,0.14285714285714285,6,6,AACGGAGTGTTTAAAGTGTG,0,4720414
ybiY_ybiW_predicted,0.14285714285714285,6,6,AACGATGCCTCATGATAGGA,0,4700466
ybiY_ybiW_predicted,0.14285714285714285,6,6,AACAAATGTGTCTCAGGGTT,0,4697507
ybiY_ybiW_predicted,0.14285714285714285,6,6,AAATCGACTCGTTCTTGGGT,0,4721138
ybiY_ybiW_predicted,0.14285714285714285,6,6,AAAGTTTACGGCGCTAGGAG,0,4696128
ybiY_ybiW_predicted,0.14285714285714285,6,6,AAACCGTCCTCTTAGGAGGC,0,4729750
ybiY_ybiW_predicted,0.14285714285714285,6,6,AAAAAAAGCTCAACGCTGTC,0,4698430
ybiY_ybiW_predicted,0.16666666666666666,5,5,TTTTTGCCTGACATAAGCTT,0,4707643
ybiY_ybiW_predicted,0.16666666666666666,5,5,TTTTGTCCTGGCTGTGCAGT,0,4698460
ybiY_ybiW_predicted,0.16666666666666666,5,5,TTTTGACTCCAGGGGACTAC,0,4690284
ybiY_ybiW_predicted,0.16666666666666666,5,5,TTTTACAATTAGGCTACATG,0,4700938
ybiY_ybiW_predicted,0.16666666666666666,5,5,TTTGTTCAAAGCCACGCGGC,0,4698202
ybiY_ybiW_predicted,0.16666666666666666,5,5,TTTGAGCCCAGACGTCTCTG,0,4709444
ybiY_ybiW_predicted,0.16666666666666666,5,5,TTTGAGAATGCCCAGACTGT,0,4719990
ybiY_ybiW_predicted,0.16666666666666666,5,5,TTTCGAAAAGGGGACTCGCG,0,4699725
ybiY_ybiW_predicted,0.16666666666666666,5,5,TTTCAGAAAAGTATGCCCAA,0,4710127
ybiY_ybiW_predicted,0.16666666666666666,5,5,TTTAGTCATCAAGGTCCCTC,0,4694521
ybiY_ybiW_predicted,0.16666666666666666,5,5,TTTAGCCCGTCTCGGGGGAA,0,4732007
ybiY_ybiW_predicted,0.16666666666666666,5,5,TTTAACGTTCCACTGAAAGA,0,4716743
ybiY_ybiW_predicted,0.16666666666666666,5,5,TTTAAACAAGGCCGATCCGG,0,4717086
ybiY_ybiW_predicted,0.16666666666666666,5,5,TTGTGGATTAGCACCCGTCA,0,4724841
ybiY_ybiW_predicted,0.16666666666666666,5,5,TTGTAGGTAAATTCAGGATC,0,4710986
ybiY_ybiW_predicted,0.16666666666666666,5,5,TTGTACCAGTTATTGCACAT,0,4694421
ybiY_ybiW_predicted,0.16666666666666666,5,5,TTGTAAGCATTCATCTTAGC,0,4697893
ybiY_ybiW_predicted,0.16666666666666666,5,5,TTGGTTCAAAAACTATATGG,0,4724513
ybiY_ybiW_predicted,0.16666666666666666,5,5,TTGGTCAAGCTAACCAGTGT,0,4689708
ybiY_ybiW_predicted,0.16666666666666666,5,5,TTGGCTATGGAACGTCGGCT,0,4699226
ybiY_ybiW_predicted,0.16666666666666666,5,5,TTGCGTCATAAGCGTCAATA,0,4695379
ybiY_ybiW_predicted,0.16666666666666666,5,5,TTGCGATCAATAAGGGGAAA,0,4732605
ybiY_ybiW_predicted,0.16666666666666666,5,5,TTGCAGTACCCTCCCGGACT,0,4721502
ybiY_ybiW_predicted,0.16666666666666666,5,5,TTCGGTTCACCAGTTGGAGC,0,4694059
ybiY_ybiW_predicted,0.16666666666666666,5,5,TTCGGTAATTCGGTCGCGGT,0,4706067
ybiY_ybiW_predicted,0.16666666666666666,5,5,TTCGACCAAGTCCGGCATAA,0,4714868
ybiY_ybiW_predicted,0.16666666666666666,5,5,TTCCTAGGACCGTGGGCGCC,0,4716249
ybiY_ybiW_predicted,0.16666666666666666,5,5,TTCCGGACGGAGTCCTAGAA,0,4707572
ybiY_ybiW_predicted,0.16666666666666666,5,5,TTCAGACAGTGGTCTGTCTA,0,4703746
ybiY_ybiW_predicted,0.16666666666666666,5,5,TTCACCACCTAATAATGGCT,0,4725986
ybiY_ybiW_predicted,0.16666666666666666,5,5,TTAGTCATATGTTAAATAGG,0,4723513
ybiY_ybiW_predicted,0.16666666666666666,5,5,TTACTCCAACAAAAGCTCTC,0,4701550
ybiY_ybiW_predicted,0.16666666666666666,5,5,TTAATGCGACTACTACGTCG,0,4708711
ybiY_ybiW_predicted,0.16666666666666666,5,5,TTAAGTAACCGGTAGGGGAC,0,4712706
ybiY_ybiW_predicted,0.16666666666666666,5,5,TTAAAGCTGATCCCATACCA,0,4708852
ybiY_ybiW_predicted,0.16666666666666666,5,5,TGTTTGAAAGCCCGAGAACT,0,4730392
ybiY_ybiW_predicted,0.16666666666666666,5,5,TGTTCTGGGTGGGGTTACCA,0,4716446
ybiY_ybiW_predicted,0.16666666666666666,5,5,TGTTCGAGATCAGAGAATAT,0,4704273
ybiY_ybiW_predicted,0.16666666666666666,5,5,TGTCTTGGGGTCACTGTCAT,0,4696999
ybiY_ybiW_predicted,0.16666666666666666,5,5,TGTCCAGGAAATATAGAAGT,0,4691673
ybiY_ybiW_predicted,0.16666666666666666,5,5,TGTATTAAACATCAGCCTAA,0,4703373
ybiY_ybiW_predicted,0.16666666666666666,5,5,TGTAGGCTCTTGCACGCCCC,0,4697417
ybiY_ybiW_predicted,0.16666666666666666,5,5,TGTACCATATCGTAACGTGT,0,4726305
ybiY_ybiW_predicted,0.16666666666666666,5,5,TGTAAAACGGCATTGCAAAC,0,4711550
ybiY_ybiW_predicted,0.16666666666666666,5,5,TGGTGTGCCAGGCCCAGGAA,0,4706943
ybiY_ybiW_predicted,0.16666666666666666,5,5,TGGGTCTTAGACAACCGACT,0,4732426
ybiY_ybiW_predicted,0.16666666666666666,5,5,TGGGTAACGCGAGTCTCTCA,0,4730107
ybiY_ybiW_predicted,0.16666666666666666,5,5,TGGGGTAACATGATTACACT,0,4699700
ybiY_ybiW_predicted,0.16666666666666666,5,5,TGGGGAGTTGGAGGAACAAA,0,4703222
ybiY_ybiW_predicted,0.16666666666666666,5,5,TGGCTTCCAGCGGTCTTATG,0,4688905
ybiY_ybiW_predicted,0.16666666666666666,5,5,TGGCCGCACCGCTGTGGCTT,0,4698009
ybiY_ybiW_predicted,0.16666666666666666,5,5,TGGCCCAGACAAACATTACA,0,4691934
ybiY_ybiW_predicted,0.16666666666666666,5,5,TGGCAACGGGGCGTGGGATA,0,4712590
ybiY_ybiW_predicted,0.16666666666666666,5,5,TGCTTGGGGTGAAGTTCGAC,0,4693824
ybiY_ybiW_predicted,0.16666666666666666,5,5,TGCTTGGCTTAGAGGTGGAT,0,4725767
ybiY_ybiW_predicted,0.16666666666666666,5,5,TGCTAGGTTTAGGCTTTTAA,0,4730008
ybiY_ybiW_predicted,0.16666666666666666,5,5,TGCCGTGGGTATTCTCGTCG,0,4723888
ybiY_ybiW_predicted,0.16666666666666666,5,5,TGCCCTAGCGCCAGGTCTAC,0,4726633
ybiY_ybiW_predicted,0.16666666666666666,5,5,TGCCCTAAGAAAAAAAGGGT,0,4698462
ybiY_ybiW_predicted,0.16666666666666666,5,5,TGCATGTTTGAGTGCTTGTC,0,4729993
ybiY_ybiW_predicted,0.16666666666666666,5,5,TGCAGGATCGTAATCTTCGG,0,4690986
ybiY_ybiW_predicted,0.16666666666666666,5,5,TGCAGATATTCGTAGTGTAG,0,4708658
ybiY_ybiW_predicted,0.16666666666666666,5,5,TGCAAGGTCCTAATATCGCG,0,4714146
ybiY_ybiW_predicted,0.16666666666666666,5,5,TGATGAGCCGCTAACATTGA,0,4719651
ybiY_ybiW_predicted,0.16666666666666666,5,5,TGATCTTTTTCCACGACTCC,0,4715811
ybiY_ybiW_predicted,0.16666666666666666,5,5,TGAGTTTACTGGTCTTATGT,0,4689835
ybiY_ybiW_predicted,0.16666666666666666,5,5,TGAGGACATGACAAATGGCT,0,4704339
ybiY_ybiW_predicted,0.16666666666666666,5,5,TGAGCCCTATAGGTCCGCAT,0,4732474
ybiY_ybiW_predicted,0.16666666666666666,5,5,TGACGAGCGATTCGTAGGTG,0,4714048
ybiY_ybiW_predicted,0.16666666666666666,5,5,TGAATTACATTCGTCTTCGT,0,4701032
ybiY_ybiW_predicted,0.16666666666666666,5,5,TCTTTGCCAATCGATATGTA,0,4688778
ybiY_ybiW_predicted,0.16666666666666666,5,5,TCTTCGTTTCGTATTCTGGG,0,4724832
ybiY_ybiW_predicted,0.16666666666666666,5,5,TCTCTTTATGCGTAAAGTGG,0,4706343
ybiY_ybiW_predicted,0.16666666666666666,5,5,TCTCGGCCTGAATGGAAGGT,0,4726506
ybiY_ybiW_predicted,0.16666666666666666,5,5,TCTCCGTGTTGCTCGACTGT,0,4730282
ybiY_ybiW_predicted,0.16666666666666666,5,5,TCTCAAGGTACACTGGTACC,0,4728929
ybiY_ybiW_predicted,0.16666666666666666,5,5,TCTACTCTGTTATCGATTAG,0,4719753
ybiY_ybiW_predicted,0.16666666666666666,5,5,TCGTTTCGACATCAGGATTA,0,4731953
ybiY_ybiW_predicted,0.16666666666666666,5,5,TCGTGTTGCCGGCGCTGGGA,0,4712695
ybiY_ybiW_predicted,0.16666666666666666,5,5,TCGTGTGACCCACTAAAGTT,0,4730962
ybiY_ybiW_predicted,0.16666666666666666,5,5,TCGTCGGTTATTAAAGCAAT,0,4725336
ybiY_ybiW_predicted,0.16666666666666666,5,5,TCGGGTCTATACGTGGAGAT,0,4688672
ybiY_ybiW_predicted,0.16666666666666666,5,5,TCGGCTGCGGCAGATTACAG,0,4722966
ybiY_ybiW_predicted,0.16666666666666666,5,5,TCGCGTCTTGGAGGTAGTCA,0,4730385
ybiY_ybiW_predicted,0.16666666666666666,5,5,TCGATCTCTAAAATCGCAAC,0,4717012
ybiY_ybiW_predicted,0.16666666666666666,5,5,TCGACATGAGCCACCGGCCA,0,4719881
ybiY_ybiW_predicted,0.16666666666666666,5,5,TCGACAATTATTGAGGCCAC,0,4724446
ybiY_ybiW_predicted,0.16666666666666666,5,5,TCCTGAGCGCAGGCGCTACA,0,4727336
ybiY_ybiW_predicted,0.16666666666666666,5,5,TCCTCGGACGCAGAGCCGCA,0,4705925
ybiY_ybiW_predicted,0.16666666666666666,5,5,TCCTACAGATCGGGCTTCTG,0,4711761
ybiY_ybiW_predicted,0.16666666666666666,5,5,TCCCGCAACATCTTCGTTGT,0,4722429
ybiY_ybiW_predicted,0.16666666666666666,5,5,TCATGTTACTCTGGGATGTT,0,4711704
ybiY_ybiW_predicted,0.16666666666666666,5,5,TCATGGTCTTGATGTCTCAT,0,4693353
ybiY_ybiW_predicted,0.16666666666666666,5,5,TCATACAGGATGAGAGAGTG,0,4726839
ybiY_ybiW_predicted,0.16666666666666666,5,5,TCAGTCCGGAGACGGTAGAC,0,4689780
ybiY_ybiW_predicted,0.16666666666666666,5,5,TCAGTAGTAACTGACAGCAG,0,4726873
ybiY_ybiW_predicted,0.16666666666666666,5,5,TCAGTAGGCCTCCCCCGGTA,0,4690992
ybiY_ybiW_predicted,0.16666666666666666,5,5,TCACGGACGCTGGTTCCTAC,0,4691276
ybiY_ybiW_predicted,0.16666666666666666,5,5,TCACCTGCGAGATGCGGGAA,0,4693002
ybiY_ybiW_predicted,0.16666666666666666,5,5,TCAAGACGTGGGCCACACTT,0,4711261
ybiY_ybiW_predicted,0.16666666666666666,5,5,TCAAAGTATAAGCGGGGGTC,0,4693624
ybiY_ybiW_predicted,0.16666666666666666,5,5,TATTCACATTTATGCAGGAT,0,4718920
ybiY_ybiW_predicted,0.16666666666666666,5,5,TATGTACTTACGGATAGGAG,0,4692643
ybiY_ybiW_predicted,0.16666666666666666,5,5,TATCAACTGGGCACTGAGAA,0,4702088
ybiY_ybiW_predicted,0.16666666666666666,5,5,TATAGTTTGGATTGCAGCGT,0,4732554
ybiY_ybiW_predicted,0.16666666666666666,5,5,TATAGTGTAAACCCATGCAT,0,4699511
ybiY_ybiW_predicted,0.16666666666666666,5,5,TATAGGGACTAATCGCTGCA,0,4696339
ybiY_ybiW_predicted,0.16666666666666666,5,5,TAGGGTTGGGGTCGCCGCTA,0,4695506
ybiY_ybiW_predicted,0.16666666666666666,5,5,TAGGATTTGTTGGCAACTCT,0,4701364
ybiY_ybiW_predicted,0.16666666666666666,5,5,TAGCGCTCTAAACGACCGGT,0,4723661
ybiY_ybiW_predicted,0.16666666666666666,5,5,TAGAGCAGCCTCCTGAGGCA,0,4712076
ybiY_ybiW_predicted,0.16666666666666666,5,5,TAGAGATCCGTCCTAGCCAA,0,4705786
ybiY_ybiW_predicted,0.16666666666666666,5,5,TACTGGTTACTGGATTAGAA,0,4728853
ybiY_ybiW_predicted,0.16666666666666666,5,5,TACTGCGTGGATCACGGTTA,0,4696954
ybiY_ybiW_predicted,0.16666666666666666,5,5,TACTCCTCCGGGTCATTCAA,0,4693511
ybiY_ybiW_predicted,0.16666666666666666,5,5,TACCGGCCACTCGGGCGGCT,0,4722076
ybiY_ybiW_predicted,0.16666666666666666,5,5,TACACAGTTGCAGTCTGCTC,0,4717974
ybiY_ybiW_predicted,0.16666666666666666,5,5,TACAATGGGTCATTACACTA,0,4701442
ybiY_ybiW_predicted,0.16666666666666666,5,5,TACAATCAACTTGATGCAGT,0,4688495
ybiY_ybiW_predicted,0.16666666666666666,5,5,TAATCCATAGAAAGAGCCAA,0,4705401
ybiY_ybiW_predicted,0.16666666666666666,5,5,TAAGTTTTGCGCGCGCTCGT,0,4732289
ybiY_ybiW_predicted,0.16666666666666666,5,5,TAACCAGCCAGCCAGACGCT,0,4691812
ybiY_ybiW_predicted,0.16666666666666666,5,5,TAAATAAACAGCTCTACGTA,0,4719599
ybiY_ybiW_predicted,0.16666666666666666,5,5,TAAAGGTGGACGTCGTAGTT,0,4718694
ybiY_ybiW_predicted,0.16666666666666666,5,5,TAAACCTCAGCATATGCGTC,0,4709503
ybiY_ybiW_predicted,0.16666666666666666,5,5,GTTTCTCGTGCCGTGTTTTC,0,4692760
ybiY_ybiW_predicted,0.16666666666666666,5,5,GTTTCCTATTCTGACTATAC,0,4726967
ybiY_ybiW_predicted,0.16666666666666666,5,5,GTTTCCGGTAATTCGTTCGA,0,4692494
ybiY_ybiW_predicted,0.16666666666666666,5,5,GTTTAGTCTAGCGCGATCTA,0,4721774
ybiY_ybiW_predicted,0.16666666666666666,5,5,GTTCTTATAGGTGGACAGTT,0,4718479
ybiY_ybiW_predicted,0.16666666666666666,5,5,GTTCCCTTTAGCCGCCCGTT,0,4722884
ybiY_ybiW_predicted,0.16666666666666666,5,5,GTTCATCACGTGAAAGGATG,0,4722126
ybiY_ybiW_predicted,0.16666666666666666,5,5,GTTACGGCCAAAAGAATAGA,0,4722304
ybiY_ybiW_predicted,0.16666666666666666,5,5,GTGTTGAGGGACTGAGGACC,0,4703650
ybiY_ybiW_predicted,0.16666666666666666,5,5,GTGTCATGGTTGGGGTGGCT,0,4703129
ybiY_ybiW_predicted,0.16666666666666666,5,5,GTGTCACTGGATTTGCGATT,0,4691712
ybiY_ybiW_predicted,0.16666666666666666,5,5,GTGGCAAGGGTCAACCCGTA,0,4728244
ybiY_ybiW_predicted,0.16666666666666666,5,5,GTGCTTATGGTAATTCGCTT,0,4705797
ybiY_ybiW_predicted,0.16666666666666666,5,5,GTGCTTACAGTATCTTACAT,0,4706874
ybiY_ybiW_predicted,0.16666666666666666,5,5,GTGATGCTGTAGCCCTAGAA,0,4727200
ybiY_ybiW_predicted,0.16666666666666666,5,5,GTCCTTCAGACGTCCGGCCA,0,4693547
ybiY_ybiW_predicted,0.16666666666666666,5,5,GTCCGTGTAAATAAGGTTGC,0,4728818
ybiY_ybiW_predicted,0.16666666666666666,5,5,GTCCGCGAACCGGGGGTAAT,0,4710859
ybiY_ybiW_predicted,0.16666666666666666,5,5,GTCCACTAGGTACCGCCGGC,0,4712336
ybiY_ybiW_predicted,0.16666666666666666,5,5,GTCAACGGACATGTATCCAC,0,4698875
ybiY_ybiW_predicted,0.16666666666666666,5,5,GTATTGGCCGCGTCATTACC,0,4697999
ybiY_ybiW_predicted,0.16666666666666666,5,5,GTATTGCGCGATTTAATTTT,0,4699882
ybiY_ybiW_predicted,0.16666666666666666,5,5,GTATAGATGAGGGACTTCTA,0,4721001
ybiY_ybiW_predicted,0.16666666666666666,5,5,GTAGTTTCGCCGAGTCCTGG,0,4712993
ybiY_ybiW_predicted,0.16666666666666666,5,5,GTAGCCCGTGAGTCCATAGA,0,4699581
ybiY_ybiW_predicted,0.16666666666666666,5,5,GTACTCTTTACATAGAATAG,0,4693443
ybiY_ybiW_predicted,0.16666666666666666,5,5,GTACGAGGTTGCAGGGTGGA,0,4713541
ybiY_ybiW_predicted,0.16666666666666666,5,5,GTAAGCGTATGCGCCCGACA,0,4728022
ybiY_ybiW_predicted,0.16666666666666666,5,5,GTAACTTCCACGGAGCGTAT,0,4730078
ybiY_ybiW_predicted,0.16666666666666666,5,5,GTAAATTTAAGTGCGTTGTT,0,4709658
ybiY_ybiW_predicted,0.16666666666666666,5,5,GGTTGTGAAGGATCTCCGTA,0,4723109
ybiY_ybiW_predicted,0.16666666666666666,5,5,GGTTGGCTGATCAAGCAACA,0,4691602
ybiY_ybiW_predicted,0.16666666666666666,5,5,GGTGTTTAGGCAAAGGTGTG,0,4723986
ybiY_ybiW_predicted,0.16666666666666666,5,5,GGTGACCGGTTTTGAGGGAG,0,4714575
ybiY_ybiW_predicted,0.16666666666666666,5,5,GGTAAATCTAGGCAACTAAA,0,4703055
ybiY_ybiW_predicted,0.16666666666666666,5,5,GGGTGTGGACGGTCTAAGGG,0,4700307
ybiY_ybiW_predicted,0.16666666666666666,5,5,GGGTCTTGGCACCGATAACT,0,4698346
ybiY_ybiW_predicted,0.16666666666666666,5,5,GGGTCTGTGACCGTTTGACT,0,4730233
ybiY_ybiW_predicted,0.16666666666666666,5,5,GGGTCTATGCCCCTCAGAGA,0,4691954
ybiY_ybiW_predicted,0.16666666666666666,5,5,GGGTCCAATGGAGAAGTCAG,0,4731878
ybiY_ybiW_predicted,0.16666666666666666,5,5,GGGCTTAATCTTGTAGGACC,0,4731846
ybiY_ybiW_predicted,0.16666666666666666,5,5,GGGCCGGATAAGGAGTTTAG,0,4714989
ybiY_ybiW_predicted,0.16666666666666666,5,5,GGGATATCGGAACTCGTCGA,0,4730166
ybiY_ybiW_predicted,0.16666666666666666,5,5,GGGAATACGATAGGCACCCC,0,4714865
ybiY_ybiW_predicted,0.16666666666666666,5,5,GGGAAAGGAGACGAATGTAC,0,4722218
ybiY_ybiW_predicted,0.16666666666666666,5,5,GGCTTTTGTTAACTTCGACT,0,4691565
ybiY_ybiW_predicted,0.16666666666666666,5,5,GGCTTTCCGCGTACCGCTTG,0,4709061
ybiY_ybiW_predicted,0.16666666666666666,5,5,GGCGGTCACTCCGTCCGACC,0,4698874
ybiY_ybiW_predicted,0.16666666666666666,5,5,GGCCGCCGCGACCTAAAGTC,0,4691076
ybiY_ybiW_predicted,0.16666666666666666,5,5,GGCCATGTCCGAATAGTCAT,0,4731584
ybiY_ybiW_predicted,0.16666666666666666,5,5,GGCATGTAGGGCATAAGGCG,0,4690537
ybiY_ybiW_predicted,0.16666666666666666,5,5,GGCAGGTTACATCTAGGGCG,0,4693998
ybiY_ybiW_predicted,0.16666666666666666,5,5,GGCACTTTATACCGTTCTCA,0,4688533
ybiY_ybiW_predicted,0.16666666666666666,5,5,GGAGCACATGTTGCGCCACC,0,4693165
ybiY_ybiW_predicted,0.16666666666666666,5,5,GGAATAGCCGCTACAACCCT,0,4692248
ybiY_ybiW_predicted,0.16666666666666666,5,5,GCTTCGAGTAAGTTTTGTCT,0,4701429
ybiY_ybiW_predicted,0.16666666666666666,5,5,GCTTATAGTGAGCTGATTGG,0,4698888
ybiY_ybiW_predicted,0.16666666666666666,5,5,GCTGGCTGGCTGGCTCGGGT,0,4691407
ybiY_ybiW_predicted,0.16666666666666666,5,5,GCTGAAAAGCCTCATTCCGT,0,4721445
ybiY_ybiW_predicted,0.16666666666666666,5,5,GCTCTGAACGGCACCTTGCA,0,4724636
ybiY_ybiW_predicted,0.16666666666666666,5,5,GCTCGGTGACTGCCATCCCT,0,4705370
ybiY_ybiW_predicted,0.16666666666666666,5,5,GCGGTAGTTCCCTACTGTAG,0,4718139
ybiY_ybiW_predicted,0.16666666666666666,5,5,GCGGGGGAGGCGCGAACACA,0,4716515
ybiY_ybiW_predicted,0.16666666666666666,5,5,GCGGAATCCCTGATCGACAA,0,4723356
ybiY_ybiW_predicted,0.16666666666666666,5,5,GCGCTTCAAGGCCAACCGGG,0,4698015
ybiY_ybiW_predicted,0.16666666666666666,5,5,GCGCGCGGATACACGTTTGG,0,4717262
ybiY_ybiW_predicted,0.16666666666666666,5,5,GCGCAAGTTATTGGTGGATC,0,4690168
ybiY_ybiW_predicted,0.16666666666666666,5,5,GCGACTCCTACAAGCTAGAC,0,4728851
ybiY_ybiW_predicted,0.16666666666666666,5,5,GCCTTATGAGTGGTATACTT,0,4704986
ybiY_ybiW_predicted,0.16666666666666666,5,5,GCCTGGAGGGCATGACGGGG,0,4695147
ybiY_ybiW_predicted,0.16666666666666666,5,5,GCCTGCCTATAGTTGAGTAG,0,4695808
ybiY_ybiW_predicted,0.16666666666666666,5,5,GCCTAGAAACGCGGCAGACT,0,4689459
ybiY_ybiW_predicted,0.16666666666666666,5,5,GCCGTCATGGCTTTGGCCTT,0,4714167
ybiY_ybiW_predicted,0.16666666666666666,5,5,GCCCTAGAAACTTAGGGAAG,0,4698083
ybiY_ybiW_predicted,0.16666666666666666,5,5,GCCCGTCTGAAGATTATAAC,0,4708120
ybiY_ybiW_predicted,0.16666666666666666,5,5,GCCCGGGGTACATGCATCTC,0,4702083
ybiY_ybiW_predicted,0.16666666666666666,5,5,GCCAGCTGCCGAGCAGGGTT,0,4731061
ybiY_ybiW_predicted,0.16666666666666666,5,5,GCATGTGGTCGGGTGTCGAT,0,4708233
ybiY_ybiW_predicted,0.16666666666666666,5,5,GCATAGATAATGACCGCTGC,0,4691139
ybiY_ybiW_predicted,0.16666666666666666,5,5,GCACAGTATGTGATGGTCCC,0,4722445
ybiY_ybiW_predicted,0.16666666666666666,5,5,GCAACCCCGATGGCCCGGTT,0,4721336
ybiY_ybiW_predicted,0.16666666666666666,5,5,GCAACAACTAACGGCACAGG,0,4719334
ybiY_ybiW_predicted,0.16666666666666666,5,5,GCAAATTGTCGCCACCCGAT,0,4732444
ybiY_ybiW_predicted,0.16666666666666666,5,5,GATTTTCTCATCACGCCTCG,0,4732295
ybiY_ybiW_predicted,0.16666666666666666,5,5,GATGGGTGTGAAGCGGCACT,0,4689947
ybiY_ybiW_predicted,0.16666666666666666,5,5,GATGGAGCGCCAGGCAGGGT,0,4706999
ybiY_ybiW_predicted,0.16666666666666666,5,5,GATCCGGTTGTACGCTTGCA,0,4692990
ybiY_ybiW_predicted,0.16666666666666666,5,5,GAGTGGCATATCGGCGGGGA,0,4732673
ybiY_ybiW_predicted,0.16666666666666666,5,5,GAGTCGACTCCGTACCCGGA,0,4708302
ybiY_ybiW_predicted,0.16666666666666666,5,5,GAGGTATACCGTTCAAACGA,0,4728223
ybiY_ybiW_predicted,0.16666666666666666,5,5,GAGGGTCGCGGTCATGGTAC,0,4721707
ybiY_ybiW_predicted,0.16666666666666666,5,5,GAGGAGGGGCGCCAATGTGC,0,4725898
ybiY_ybiW_predicted,0.16666666666666666,5,5,GAGGACACCACGACTCGGTT,0,4717607
ybiY_ybiW_predicted,0.16666666666666666,5,5,GAGCATAGATCAACGGCTAA,0,4708455
ybiY_ybiW_predicted,0.16666666666666666,5,5,GAGCAAGGGTTTCGATAAGG,0,4693791
ybiY_ybiW_predicted,0.16666666666666666,5,5,GACTCTTTTATCTAGGCCCA,0,4708265
ybiY_ybiW_predicted,0.16666666666666666,5,5,GACTCTAAAGCGTGGGCGCA,0,4709009
ybiY_ybiW_predicted,0.16666666666666666,5,5,GACTATTCATACTCGCTCTG,0,4721279
ybiY_ybiW_predicted,0.16666666666666666,5,5,GACTATCGAAACTCTCCGCG,0,4708284
ybiY_ybiW_predicted,0.16666666666666666,5,5,GACGTCGATGCATTAACAAA,0,4717774
ybiY_ybiW_predicted,0.16666666666666666,5,5,GACGCGGCATCGACGCCTCC,0,4718947
ybiY_ybiW_predicted,0.16666666666666666,5,5,GACGAATCGGGGGGACTCAA,0,4705282
ybiY_ybiW_predicted,0.16666666666666666,5,5,GACCTTATAGGGCAAGTTTT,0,4721742
ybiY_ybiW_predicted,0.16666666666666666,5,5,GACCGCCAAGCTCGAGCGGG,0,4691270
ybiY_ybiW_predicted,0.16666666666666666,5,5,GACACTGAGCTAAGTAGCAT,0,4691273
ybiY_ybiW_predicted,0.16666666666666666,5,5,GACAATCGTAGCAGCAGTCA,0,4711760
ybiY_ybiW_predicted,0.16666666666666666,5,5,GAATACCGTCCCTTCAGATT,0,4712459
ybiY_ybiW_predicted,0.16666666666666666,5,5,GAAGGAGGTGCGTCCCAGCT,0,4719874
ybiY_ybiW_predicted,0.16666666666666666,5,5,GAAGCGTATTTCGGGTAGGA,0,4690459
ybiY_ybiW_predicted,0.16666666666666666,5,5,GAACCCTGTCATGGGCGACT,0,4692569
ybiY_ybiW_predicted,0.16666666666666666,5,5,GAACATAAATCTAAGGAAGC,0,4707439
ybiY_ybiW_predicted,0.16666666666666666,5,5,GAACACAAGCGTTTTTGTAG,0,4703449
ybiY_ybiW_predicted,0.16666666666666666,5,5,CTTGTAATCGGGCTGCAGGG,0,4696260
ybiY_ybiW_predicted,0.16666666666666666,5,5,CTTCCGAACCCACGGAGAGC,0,4695551
ybiY_ybiW_predicted,0.16666666666666666,5,5,CTTCATAAACCAGAGCGGAA,0,4720583
ybiY_ybiW_predicted,0.16666666666666666,5,5,CTTATAGAACCGACCCTTTG,0,4709819
ybiY_ybiW_predicted,0.16666666666666666,5,5,CTTAGTATTTATATTAAGCC,0,4698544
ybiY_ybiW_predicted,0.16666666666666666,5,5,CTTACTTGTTGTCAACAAAT,0,4729422
ybiY_ybiW_predicted,0.16666666666666666,5,5,CTGTCCTCCACTAATCGGTT,0,4700478
ybiY_ybiW_predicted,0.16666666666666666,5,5,CTGTCCGTCCTACGGCAGGC,0,4727821
ybiY_ybiW_predicted,0.16666666666666666,5,5,CTGTACCCCATGGTATTTGG,0,4726638
ybiY_ybiW_predicted,0.16666666666666666,5,5,CTGGACAGGACCGTGTGAGT,0,4706922
ybiY_ybiW_predicted,0.16666666666666666,5,5,CTGCTCAGCGTCGCCGTATA,0,4715207
ybiY_ybiW_predicted,0.16666666666666666,5,5,CTGCGCTTGTGTCGAATATC,0,4711469
ybiY_ybiW_predicted,0.16666666666666666,5,5,CTGAGGAGCACGCAACCAGG,0,4705359
ybiY_ybiW_predicted,0.16666666666666666,5,5,CTGAACTGCGATGTTAATTC,0,4707325
ybiY_ybiW_predicted,0.16666666666666666,5,5,CTGAAATTACCGTGCTCTGG,0,4717999
ybiY_ybiW_predicted,0.16666666666666666,5,5,CTCTTCCAGGGAGTGTGATT,0,4719105
ybiY_ybiW_predicted,0.16666666666666666,5,5,CTCTCCGGAGGCAGCGCAGC,0,4708603
ybiY_ybiW_predicted,0.16666666666666666,5,5,CTCCAGTCACAAGCAGCGAT,0,4699881
ybiY_ybiW_predicted,0.16666666666666666,5,5,CTATGCAGGCGACGCCGGAG,0,4728877
ybiY_ybiW_predicted,0.16666666666666666,5,5,CTATACGGCCTACGCACTCT,0,4690840
ybiY_ybiW_predicted,0.16666666666666666,5,5,CTAGTGCTCTTGGCGTGGGG,0,4704212
ybiY_ybiW_predicted,0.16666666666666666,5,5,CTAGGCGTGTACACGCTATT,0,4702082
ybiY_ybiW_predicted,0.16666666666666666,5,5,CTAGCCATCTGAGCGCGAAT,0,4725775
ybiY_ybiW_predicted,0.16666666666666666,5,5,CTACCACGCTCAGGGAGAAT,0,4704501
ybiY_ybiW_predicted,0.16666666666666666,5,5,CTAATATGGCTGTACGTATA,0,4730372
ybiY_ybiW_predicted,0.16666666666666666,5,5,CTAAGCAACTTGTGATCGGA,0,4690467
ybiY_ybiW_predicted,0.16666666666666666,5,5,CTAACTCGGGTATAGCACGC,0,4715664
ybiY_ybiW_predicted,0.16666666666666666,5,5,CGTTTTTCTTCTTGACCAGA,0,4693112
ybiY_ybiW_predicted,0.16666666666666666,5,5,CGTTTTCTAAAACGGAACTT,0,4726537
ybiY_ybiW_predicted,0.16666666666666666,5,5,CGTTGCTGGAGTACGAGGTT,0,4705309
ybiY_ybiW_predicted,0.16666666666666666,5,5,CGTTACTCCATTGGTTTATG,0,4727843
ybiY_ybiW_predicted,0.16666666666666666,5,5,CGTGGTTTTGTGTTTGCGGC,0,4725300
ybiY_ybiW_predicted,0.16666666666666666,5,5,CGTCTAGCGTATTATTGCTT,0,4692905
ybiY_ybiW_predicted,0.16666666666666666,5,5,CGTCGTGAACGCAGAGTACG,0,4695948
ybiY_ybiW_predicted,0.16666666666666666,5,5,CGTCCTCTACTGGCAACTTT,0,4715963
ybiY_ybiW_predicted,0.16666666666666666,5,5,CGTCCCAGGGGCAGCGACGA,0,4725665
ybiY_ybiW_predicted,0.16666666666666666,5,5,CGTATTCTTCGATCCTTATG,0,4691926
ybiY_ybiW_predicted,0.16666666666666666,5,5,CGGGGGTAGCAAAGGCCAGG,0,4699399
ybiY_ybiW_predicted,0.16666666666666666,5,5,CGGGCGGAATTCGAATAGGA,0,4710465
ybiY_ybiW_predicted,0.16666666666666666,5,5,CGGCTGATGCATTTTCAATC,0,4693629
ybiY_ybiW_predicted,0.16666666666666666,5,5,CGGCCCCTGCGAGATTAAGA,0,4724794
ybiY_ybiW_predicted,0.16666666666666666,5,5,CGGAAGTATAGGGCGGGGAT,0,4700604
ybiY_ybiW_predicted,0.16666666666666666,5,5,CGCTGTCTGACTGTCGAAAC,0,4694294
ybiY_ybiW_predicted,0.16666666666666666,5,5,CGCTAGCTGGGCGGATTTCC,0,4692689
ybiY_ybiW_predicted,0.16666666666666666,5,5,CGCGTGTGAGTGCGGATCGG,0,4691104
ybiY_ybiW_predicted,0.16666666666666666,5,5,CGCGTGGGACGACAATTATA,0,4729377
ybiY_ybiW_predicted,0.16666666666666666,5,5,CGCGGCGCGGAACCAGCGGT,0,4692526
ybiY_ybiW_predicted,0.16666666666666666,5,5,CGCGCTAAAAGCGTTTATGT,0,4710643
ybiY_ybiW_predicted,0.16666666666666666,5,5,CGCCTCCAATGCAATGCGTT,0,4694856
ybiY_ybiW_predicted,0.16666666666666666,5,5,CGCCTCAAGGAAAAGTTGGG,0,4689059
ybiY_ybiW_predicted,0.16666666666666666,5,5,CGCCTAGCACAGACAGTCCA,0,4705001
ybiY_ybiW_predicted,0.16666666666666666,5,5,CGCCTACTCTTCACATCCGG,0,4703955
ybiY_ybiW_predicted,0.16666666666666666,5,5,CGCCGGGATAATACGGAGGT,0,4728741
ybiY_ybiW_predicted,0.16666666666666666,5,5,CGCCGAGTCTTATGTAGTAT,0,4689701
ybiY_ybiW_predicted,0.16666666666666666,5,5,CGCCCCTCTCACCCTATGAT,0,4723083
ybiY_ybiW_predicted,0.16666666666666666,5,5,CGCCATGTTTGAAAACCATC,0,4717594
ybiY_ybiW_predicted,0.16666666666666666,5,5,CGCCAGCTGGGCGTCATGAT,0,4710532
ybiY_ybiW_predicted,0.16666666666666666,5,5,CGATAAGGACAGTTATAAAC,0,4698476
ybiY_ybiW_predicted,0.16666666666666666,5,5,CGAGGTACCTGGCGTACTGC,0,4719873
ybiY_ybiW_predicted,0.16666666666666666,5,5,CGAGCAAGTTTAGACCTCGG,0,4692253
ybiY_ybiW_predicted,0.16666666666666666,5,5,CGAGATTCGGGTAATAGGCT,0,4725219
ybiY_ybiW_predicted,0.16666666666666666,5,5,CGAGACGGGATAAGTCGCGT,0,4703882
ybiY_ybiW_predicted,0.16666666666666666,5,5,CGAGAAGGATAATAGAATTC,0,4703369
ybiY_ybiW_predicted,0.16666666666666666,5,5,CGACTATTTGATACAAATGA,0,4698514
ybiY_ybiW_predicted,0.16666666666666666,5,5,CGACGTACGCTCTTGATGGG,0,4714825
ybiY_ybiW_predicted,0.16666666666666666,5,5,CGAATCGAATATGGTACGGG,0,4729229
ybiY_ybiW_predicted,0.16666666666666666,5,5,CGAAGGTGAAGCGGTTTGCT,0,4707076
ybiY_ybiW_predicted,0.16666666666666666,5,5,CGAACTTCTTTTAACATCGT,0,4723445
ybiY_ybiW_predicted,0.16666666666666666,5,5,CCTTCTGTATTCTTTATGCT,0,4696229
ybiY_ybiW_predicted,0.16666666666666666,5,5,CCTTCTGGGGCCTGAACTGG,0,4693436
ybiY_ybiW_predicted,0.16666666666666666,5,5,CCTGCATCGATTTACCTGGA,0,4706764
ybiY_ybiW_predicted,0.16666666666666666,5,5,CCTACCACCACTGTCGGTTC,0,4696044
ybiY_ybiW_predicted,0.16666666666666666,5,5,CCGTTGCATGAACACATCCT,0,4725233
ybiY_ybiW_predicted,0.16666666666666666,5,5,CCGTGAAGCCCCGCATTAGT,0,4723482
ybiY_ybiW_predicted,0.16666666666666666,5,5,CCGGGTAACGAAAGCTAGGG,0,4710337
ybiY_ybiW_predicted,0.16666666666666666,5,5,CCGGAACCTCCGGCCAACGT,0,4702254
ybiY_ybiW_predicted,0.16666666666666666,5,5,CCGCTCGTATGTATGGATAA,0,4729093
ybiY_ybiW_predicted,0.16666666666666666,5,5,CCGCGTAAATCCCGATTAGT,0,4729963
ybiY_ybiW_predicted,0.16666666666666666,5,5,CCGCCGTCTGGATGGAGGGA,0,4688967
ybiY_ybiW_predicted,0.16666666666666666,5,5,CCGCACGAAACACGCGCCCA,0,4688477
ybiY_ybiW_predicted,0.16666666666666666,5,5,CCCTCGGTGGAAGGACGTCG,0,4692968
ybiY_ybiW_predicted,0.16666666666666666,5,5,CCCTAGGCTTGTCCGTGCCT,0,4716024
ybiY_ybiW_predicted,0.16666666666666666,5,5,CCCGGTTGAATTCACCCCAG,0,4693183
ybiY_ybiW_predicted,0.16666666666666666,5,5,CCCGGAGGGCCAACATAGGC,0,4695701
ybiY_ybiW_predicted,0.16666666666666666,5,5,CCCGAAGTCTGGTTTAGTCT,0,4718939
ybiY_ybiW_predicted,0.16666666666666666,5,5,CCCCGGTGGAAAGAGGGTGA,0,4689071
ybiY_ybiW_predicted,0.16666666666666666,5,5,CCCCGCCCAATAACCCCACT,0,4729224
ybiY_ybiW_predicted,0.16666666666666666,5,5,CCCATAATTCATCGCAATAG,0,4732040
ybiY_ybiW_predicted,0.16666666666666666,5,5,CCCAATGCGTCCGGACTACG,0,4722598
ybiY_ybiW_predicted,0.16666666666666666,5,5,CCATCTGATTCAGCTAGTGG,0,4690227
ybiY_ybiW_predicted,0.16666666666666666,5,5,CCATCGGTCCAACTGCTTTT,0,4725852
ybiY_ybiW_predicted,0.16666666666666666,5,5,CCAGTGATGGTAAGAACACT,0,4712402
ybiY_ybiW_predicted,0.16666666666666666,5,5,CCAGGACTGGAGGACACAAA,0,4694001
ybiY_ybiW_predicted,0.16666666666666666,5,5,CCAGACCCACGTCGCACGAA,0,4728475
ybiY_ybiW_predicted,0.16666666666666666,5,5,CCACTTGGCCCCAAAGTTCC,0,4718978
ybiY_ybiW_predicted,0.16666666666666666,5,5,CCAATGTCCGATAGTGTCAT,0,4696322
ybiY_ybiW_predicted,0.16666666666666666,5,5,CCAATGCACCTTCTCGGGGA,0,4704568
ybiY_ybiW_predicted,0.16666666666666666,5,5,CCAAGGCAACGTTAGATGGA,0,4726872
ybiY_ybiW_predicted,0.16666666666666666,5,5,CCAACGACCTATATACACGG,0,4692633
ybiY_ybiW_predicted,0.16666666666666666,5,5,CATTTAATTCGGCCCATATC,0,4705581
ybiY_ybiW_predicted,0.16666666666666666,5,5,CATTACCGGTGAATACTCTC,0,4719666
ybiY_ybiW_predicted,0.16666666666666666,5,5,CATGTGCGAGGCCACGTGTC,0,4731206
ybiY_ybiW_predicted,0.16666666666666666,5,5,CATGGGCAAGCGGAGAGGCC,0,4717255
ybiY_ybiW_predicted,0.16666666666666666,5,5,CATAGCAATTTATGCAAAAA,0,4727571
ybiY_ybiW_predicted,0.16666666666666666,5,5,CATACTTGTACAAGCGATGG,0,4722877
ybiY_ybiW_predicted,0.16666666666666666,5,5,CATACCGGGAGAAGCTGTCG,0,4713849
ybiY_ybiW_predicted,0.16666666666666666,5,5,CATAACTGGACTTCGGTATG,0,4698780
ybiY_ybiW_predicted,0.16666666666666666,5,5,CAGTGGTTGGGAAGCTGTCA,0,4693169
ybiY_ybiW_predicted,0.16666666666666666,5,5,CAGTCGTCCCCAAAACCTCT,0,4728798
ybiY_ybiW_predicted,0.16666666666666666,5,5,CAGTCCTCATATGCACAATA,0,4700814
ybiY_ybiW_predicted,0.16666666666666666,5,5,CAGGTCCAGAAGCAGGTCAC,0,4726759
ybiY_ybiW_predicted,0.16666666666666666,5,5,CAGGGTCGATGCCGTGTGGT,0,4719712
ybiY_ybiW_predicted,0.16666666666666666,5,5,CAGGCGTATTTTTTCGGAGG,0,4713956
ybiY_ybiW_predicted,0.16666666666666666,5,5,CAGGCCACACGACCGCAGCC,0,4709488
ybiY_ybiW_predicted,0.16666666666666666,5,5,CAGCTCGTGTATGCGAACGT,0,4731882
ybiY_ybiW_predicted,0.16666666666666666,5,5,CAGATGATAAGGCCTTGTCG,0,4716323
ybiY_ybiW_predicted,0.16666666666666666,5,5,CAGAGCGTTCACGGACCTAC,0,4722741
ybiY_ybiW_predicted,0.16666666666666666,5,5,CAGACACGGGAGCTCTGATA,0,4691523
ybiY_ybiW_predicted,0.16666666666666666,5,5,CAGAACGATGTTGGTCGCGT,0,4699239
ybiY_ybiW_predicted,0.16666666666666666,5,5,CACTCCCACATGCATGAGTA,0,4730090
ybiY_ybiW_predicted,0.16666666666666666,5,5,CACTACACACTCCGTACAAT,0,4717269
ybiY_ybiW_predicted,0.16666666666666666,5,5,CACGTTGGGTGAGCCAGGGA,0,4712024
ybiY_ybiW_predicted,0.16666666666666666,5,5,CACGTGGTTATGCTCGGCCA,0,4720861
ybiY_ybiW_predicted,0.16666666666666666,5,5,CACCGTAAGTGGTACGCAAG,0,4714599
ybiY_ybiW_predicted,0.16666666666666666,5,5,CACCGGGATAAGAGACTGGA,0,4714107
ybiY_ybiW_predicted,0.16666666666666666,5,5,CACAGCTCAACTTAACTCTA,0,4725118
ybiY_ybiW_predicted,0.16666666666666666,5,5,CACAGCAACAATCTTCTTGC,0,4727101
ybiY_ybiW_predicted,0.16666666666666666,5,5,CAATTGAAAACCCACTCAAG,0,4715188
ybiY_ybiW_predicted,0.16666666666666666,5,5,CAATGCGAGCACTGTAGACG,0,4729789
ybiY_ybiW_predicted,0.16666666666666666,5,5,CAAGTTCTCCACATGTTGTG,0,4689400
ybiY_ybiW_predicted,0.16666666666666666,5,5,CAAGTGACGTTCCCAGGGAG,0,4695208
ybiY_ybiW_predicted,0.16666666666666666,5,5,CAAGATCCACCTGAATAGGT,0,4724536
ybiY_ybiW_predicted,0.16666666666666666,5,5,CAACGGTTCTATCCTCCCGA,0,4723327
ybiY_ybiW_predicted,0.16666666666666666,5,5,CAAATCTGTACCGACCGGTG,0,4728347
ybiY_ybiW_predicted,0.16666666666666666,5,5,CAAAATGATCGCGGACAAAA,0,4720304
ybiY_ybiW_predicted,0.16666666666666666,5,5,ATTTCGCTAAATTTGCCACA,0,4689341
ybiY_ybiW_predicted,0.16666666666666666,5,5,ATTGTCGAAGACGGTTTTAC,0,4692668
ybiY_ybiW_predicted,0.16666666666666666,5,5,ATTGGTGGCACCTCAAAGCC,0,4715825
ybiY_ybiW_predicted,0.16666666666666666,5,5,ATTGGATCGGAGTCCTAAAC,0,4717252
ybiY_ybiW_predicted,0.16666666666666666,5,5,ATTCGGCTCAAACTGATTAC,0,4724169
ybiY_ybiW_predicted,0.16666666666666666,5,5,ATTCCCGTCTATACAGCAGA,0,4702126
ybiY_ybiW_predicted,0.16666666666666666,5,5,ATTCATTCCTGGGGTTGAAT,0,4712847
ybiY_ybiW_predicted,0.16666666666666666,5,5,ATTCATGTTGATAGCTCTTG,0,4717251
ybiY_ybiW_predicted,0.16666666666666666,5,5,ATTATGGTTACTGTAATTCA,0,4693230
ybiY_ybiW_predicted,0.16666666666666666,5,5,ATTAGCTCTAAGAATGCTGA,0,4704184
ybiY_ybiW_predicted,0.16666666666666666,5,5,ATTAGAACTCCTACGCTGCA,0,4708171
ybiY_ybiW_predicted,0.16666666666666666,5,5,ATTACTTCTCATAGCAAGCT,0,4704401
ybiY_ybiW_predicted,0.16666666666666666,5,5,ATTACTCGCATTCTATTTCT,0,4704916
ybiY_ybiW_predicted,0.16666666666666666,5,5,ATGTTGAGAACAACGATGTT,0,4719711
ybiY_ybiW_predicted,0.16666666666666666,5,5,ATGTGACCGTATCTCCAATT,0,4731285
ybiY_ybiW_predicted,0.16666666666666666,5,5,ATGTGACCACGCTCCACGTG,0,4688556
ybiY_ybiW_predicted,0.16666666666666666,5,5,ATGTAATAATTGCCACACAA,0,4703559
ybiY_ybiW_predicted,0.16666666666666666,5,5,ATGGTATGGATGATGTACAA,0,4713001
ybiY_ybiW_predicted,0.16666666666666666,5,5,ATGGGTCCTTTCGGCACTCA,0,4710469
ybiY_ybiW_predicted,0.16666666666666666,5,5,ATGGGTAAGTAAACCGTCGG,0,4700173
ybiY_ybiW_predicted,0.16666666666666666,5,5,ATGGCCGATCCAGGCGCTGA,0,4698049
ybiY_ybiW_predicted,0.16666666666666666,5,5,ATGGCAAAATACGGGTAAGT,0,4711928
ybiY_ybiW_predicted,0.16666666666666666,5,5,ATGCACGCTCTGCACGGCGC,0,4727239
ybiY_ybiW_predicted,0.16666666666666666,5,5,ATGATCATAGTGGTTACACC,0,4696205
ybiY_ybiW_predicted,0.16666666666666666,5,5,ATGAGATCAACTGCGTTGCT,0,4721776
ybiY_ybiW_predicted,0.16666666666666666,5,5,ATGACTACCGTAAACGGCCG,0,4728694
ybiY_ybiW_predicted,0.16666666666666666,5,5,ATCTTGACGGGGTTACCCAG,0,4707831
ybiY_ybiW_predicted,0.16666666666666666,5,5,ATCTATTGGGAGTTTTTTAT,0,4730184
ybiY_ybiW_predicted,0.16666666666666666,5,5,ATCTAGAATTGTATCGTCGG,0,4731410
ybiY_ybiW_predicted,0.16666666666666666,5,5,ATCTACCATTCCACAGGCTT,0,4709613
ybiY_ybiW_predicted,0.16666666666666666,5,5,ATCGGTTTTCTTTTCTACGA,0,4710660
ybiY_ybiW_predicted,0.16666666666666666,5,5,ATCCGCATCTGCGTGGATCA,0,4697232
ybiY_ybiW_predicted,0.16666666666666666,5,5,ATCATCGAACCGAGAGACTA,0,4708758
ybiY_ybiW_predicted,0.16666666666666666,5,5,ATCAATATTTCAGTAGAGTA,0,4695223
ybiY_ybiW_predicted,0.16666666666666666,5,5,ATATTAGCCGTTCAACACGA,0,4689638
ybiY_ybiW_predicted,0.16666666666666666,5,5,ATATTACCGGTCGATAGTTC,0,4697164
ybiY_ybiW_predicted,0.16666666666666666,5,5,ATATCCGAGATAGATCAAAC,0,4693899
ybiY_ybiW_predicted,0.16666666666666666,5,5,ATATCACTTTAGGGGTGGAA,0,4698250
ybiY_ybiW_predicted,0.16666666666666666,5,5,ATAGCGCAGAGTTACTTTCG,0,4701728
ybiY_ybiW_predicted,0.16666666666666666,5,5,ATACGGTTGCTCTTTGTTGG,0,4724241
ybiY_ybiW_predicted,0.16666666666666666,5,5,ATAAAAGATGAAACGCTGGC,0,4723236
ybiY_ybiW_predicted,0.16666666666666666,5,5,AGTTTTCTCTCCTGTTAGCC,0,4720066
ybiY_ybiW_predicted,0.16666666666666666,5,5,AGTTGGCAAGAATTATTGCT,0,4722838
ybiY_ybiW_predicted,0.16666666666666666,5,5,AGTTGATAGTAATTTTCTGT,0,4707119
ybiY_ybiW_predicted,0.16666666666666666,5,5,AGTTCTCTAGAGCGCCATCA,0,4691882
ybiY_ybiW_predicted,0.16666666666666666,5,5,AGTTCGGCACTTGTAGGGGA,0,4714450
ybiY_ybiW_predicted,0.16666666666666666,5,5,AGTTAATACACTTGTTGGGG,0,4716970
ybiY_ybiW_predicted,0.16666666666666666,5,5,AGTGTTCCTAGCCCCCTGTG,0,4728023
ybiY_ybiW_predicted,0.16666666666666666,5,5,AGTGGTAATCAGCAATACGA,0,4693622
ybiY_ybiW_predicted,0.16666666666666666,5,5,AGTGACCTATTTAGTGACCG,0,4712507
ybiY_ybiW_predicted,0.16666666666666666,5,5,AGTCGGTCGTCCCGCGGTGC,0,4722263
ybiY_ybiW_predicted,0.16666666666666666,5,5,AGTCAGTAAAGCCATGTATG,0,4716000
ybiY_ybiW_predicted,0.16666666666666666,5,5,AGTATTAAATAAAAAGTATA,0,4693638
ybiY_ybiW_predicted,0.16666666666666666,5,5,AGTATCGATCTAGAATGCCT,0,4709984
ybiY_ybiW_predicted,0.16666666666666666,5,5,AGGTTTGTCGGTCCCGGTCG,0,4726824
ybiY_ybiW_predicted,0.16666666666666666,5,5,AGGTTTCAGAAAACATTCCG,0,4711745
ybiY_ybiW_predicted,0.16666666666666666,5,5,AGGTTGTGAGAAGCATCCAA,0,4725389
ybiY_ybiW_predicted,0.16666666666666666,5,5,AGGTTACCCGAGCTCTCTTT,0,4725392
ybiY_ybiW_predicted,0.16666666666666666,5,5,AGGTGCCCACGGATACGTAG,0,4726317
ybiY_ybiW_predicted,0.16666666666666666,5,5,AGGTGAACACTTACGCGTCA,0,4727934
ybiY_ybiW_predicted,0.16666666666666666,5,5,AGGGTATTGTCCCTGCACTA,0,4726000
ybiY_ybiW_predicted,0.16666666666666666,5,5,AGGGTAGGGAGAGTAAAATG,0,4719877
ybiY_ybiW_predicted,0.16666666666666666,5,5,AGGGTAGCCCCGGCGTGAGA,0,4722656
ybiY_ybiW_predicted,0.16666666666666666,5,5,AGGGGGAATGTTGGTTGTAT,0,4710639
ybiY_ybiW_predicted,0.16666666666666666,5,5,AGGGCTAAGAACGGACTTGC,0,4704270
ybiY_ybiW_predicted,0.16666666666666666,5,5,AGGGAGTAGGCTGTTTGTCT,0,4693428
ybiY_ybiW_predicted,0.16666666666666666,5,5,AGGCGACGAAATAGCTACTC,0,4730273
ybiY_ybiW_predicted,0.16666666666666666,5,5,AGGCCTGAGGGGGGTATTGC,0,4690369
ybiY_ybiW_predicted,0.16666666666666666,5,5,AGGATGTCGCCGGACAATAC,0,4730867
ybiY_ybiW_predicted,0.16666666666666666,5,5,AGGAGAGATGACCTATGAAT,0,4691098
ybiY_ybiW_predicted,0.16666666666666666,5,5,AGCTCGGTATTTACGGCGAA,0,4724414
ybiY_ybiW_predicted,0.16666666666666666,5,5,AGCGGGGGCCATGGGCCGGC,0,4717153
ybiY_ybiW_predicted,0.16666666666666666,5,5,AGCGCGTCAATGCTTTTACT,0,4717860
ybiY_ybiW_predicted,0.16666666666666666,5,5,AGCCCGGGACTGGATTCCAG,0,4726760
ybiY_ybiW_predicted,0.16666666666666666,5,5,AGCCCCAGGCGAGCTTCGAG,0,4711611
ybiY_ybiW_predicted,0.16666666666666666,5,5,AGCCAAGGGGCGTGCACGCT,0,4730574
ybiY_ybiW_predicted,0.16666666666666666,5,5,AGCAGTGGGGGGACAGATGT,0,4698554
ybiY_ybiW_predicted,0.16666666666666666,5,5,AGATGGAGATTTGCGTCATG,0,4692181
ybiY_ybiW_predicted,0.16666666666666666,5,5,AGATGATTCATGGCGAGGCA,0,4715982
ybiY_ybiW_predicted,0.16666666666666666,5,5,AGAGACCTTTTGAACACGGC,0,4710431
ybiY_ybiW_predicted,0.16666666666666666,5,5,AGACAAGCGGGGCCGCAGAA,0,4700904
ybiY_ybiW_predicted,0.16666666666666666,5,5,AGAAGAGTCAGGCAGCTGAT,0,4694657
ybiY_ybiW_predicted,0.16666666666666666,5,5,AGAACGTCTTGCCGATCATT,0,4695291
ybiY_ybiW_predicted,0.16666666666666666,5,5,ACTTAGACCGTGATATCATT,0,4722508
ybiY_ybiW_predicted,0.16666666666666666,5,5,ACTGGGCCTCGGCATACTTA,0,4711724
ybiY_ybiW_predicted,0.16666666666666666,5,5,ACTATGTCAGCGGATGGTTG,0,4700816
ybiY_ybiW_predicted,0.16666666666666666,5,5,ACTATACGCTCGGCCTCGGC,0,4713822
ybiY_ybiW_predicted,0.16666666666666666,5,5,ACTATAAGGGCTGGATCCAA,0,4698130
ybiY_ybiW_predicted,0.16666666666666666,5,5,ACTAGAACATGCTCAAATCG,0,4700984
ybiY_ybiW_predicted,0.16666666666666666,5,5,ACTACAGGACGGCGGTCCCT,0,4713519
ybiY_ybiW_predicted,0.16666666666666666,5,5,ACGTGTCAAAACAGAGCGTA,0,4700712
ybiY_ybiW_predicted,0.16666666666666666,5,5,ACGTCCGTGAATGATACAGT,0,4695035
ybiY_ybiW_predicted,0.16666666666666666,5,5,ACGTCAGAGTAGTTGCATGA,0,4731184
ybiY_ybiW_predicted,0.16666666666666666,5,5,ACGTAACCGTTCTTGATCGA,0,4693897
ybiY_ybiW_predicted,0.16666666666666666,5,5,ACGGTCTTAGGCGGACCGTG,0,4714372
ybiY_ybiW_predicted,0.16666666666666666,5,5,ACGGTCGGTCACCTCTCTCG,0,4696859
ybiY_ybiW_predicted,0.16666666666666666,5,5,ACGGTCAGAACAGCATTCAC,0,4714170
ybiY_ybiW_predicted,0.16666666666666666,5,5,ACGGCAGTCGGCTTCGTGTG,0,4726804
ybiY_ybiW_predicted,0.16666666666666666,5,5,ACGCGTAATCGGTAGTTTTA,0,4720352
ybiY_ybiW_predicted,0.16666666666666666,5,5,ACGCCGCGGTAGGTAGTACT,0,4701200
ybiY_ybiW_predicted,0.16666666666666666,5,5,ACGCAGTTGTCTAGCCATCC,0,4715954
ybiY_ybiW_predicted,0.16666666666666666,5,5,ACGACCAAGTAGTCCCTGCT,0,4708651
ybiY_ybiW_predicted,0.16666666666666666,5,5,ACGAATCGCGAATATGTTAC,0,4728365
ybiY_ybiW_predicted,0.16666666666666666,5,5,ACGAAGGCACGTGCATGCCA,0,4700007
ybiY_ybiW_predicted,0.16666666666666666,5,5,ACCTTTCGAGATCCAGCAAA,0,4722070
ybiY_ybiW_predicted,0.16666666666666666,5,5,ACCTTAGACATCTTGGGTCG,0,4721869
ybiY_ybiW_predicted,0.16666666666666666,5,5,ACCGTTAGTTCCCGAGCTGA,0,4718023
ybiY_ybiW_predicted,0.16666666666666666,5,5,ACCGTAGAGACCAGTTTATC,0,4728177
ybiY_ybiW_predicted,0.16666666666666666,5,5,ACCGGGTCACGAGTAGGAAC,0,4699827
ybiY_ybiW_predicted,0.16666666666666666,5,5,ACCGGCTCTAATCTGCCGCT,0,4722261
ybiY_ybiW_predicted,0.16666666666666666,5,5,ACCGCTGCCTACATTTATAC,0,4731383
ybiY_ybiW_predicted,0.16666666666666666,5,5,ACCGCATGAATCCGAAAATC,0,4704151
ybiY_ybiW_predicted,0.16666666666666666,5,5,ACCCTTTTCACGACCGCAGG,0,4689766
ybiY_ybiW_predicted,0.16666666666666666,5,5,ACCCGTTTATATACCCCCGT,0,4704307
ybiY_ybiW_predicted,0.16666666666666666,5,5,ACCCCGCGGCTACCCGCTCT,0,4719668
ybiY_ybiW_predicted,0.16666666666666666,5,5,ACCACACGCCGAGCGTATTC,0,4690889
ybiY_ybiW_predicted,0.16666666666666666,5,5,ACATTTTGGCCACGCCCGAG,0,4727163
ybiY_ybiW_predicted,0.16666666666666666,5,5,ACATGTACGGATAGAGCCTT,0,4695966
ybiY_ybiW_predicted,0.16666666666666666,5,5,ACATGGTCTGTGAACTCACA,0,4693745
ybiY_ybiW_predicted,0.16666666666666666,5,5,ACATGGCAAAGTCAACCGTA,0,4711044
ybiY_ybiW_predicted,0.16666666666666666,5,5,ACATAGGATACTTCGAACTT,0,4691610
ybiY_ybiW_predicted,0.16666666666666666,5,5,ACAGGGTTTGGTCCGAAACA,0,4728088
ybiY_ybiW_predicted,0.16666666666666666,5,5,ACACGCAAGGTGGTCAGGGT,0,4730818
ybiY_ybiW_predicted,0.16666666666666666,5,5,ACAATAGCCGTTGTATGACG,0,4697823
ybiY_ybiW_predicted,0.16666666666666666,5,5,AATTCTGGACGGAGCCGGCG,0,4731258
ybiY_ybiW_predicted,0.16666666666666666,5,5,AATTATTATAAAGGTGAGAT,0,4710466
ybiY_ybiW_predicted,0.16666666666666666,5,5,AATCGCTCAAATGATGGATA,0,4732048
ybiY_ybiW_predicted,0.16666666666666666,5,5,AATCGCCTCACCACCTAGTT,0,4707020
ybiY_ybiW_predicted,0.16666666666666666,5,5,AATCATCAGACTGTTAGGAT,0,4730017
ybiY_ybiW_predicted,0.16666666666666666,5,5,AATCACCATACCGTTCGCGC,0,4722493
ybiY_ybiW_predicted,0.16666666666666666,5,5,AATAGTATCGTAGGCCCTTT,0,4699957
ybiY_ybiW_predicted,0.16666666666666666,5,5,AAGTGCACGACGGCGACAAC,0,4702347
ybiY_ybiW_predicted,0.16666666666666666,5,5,AAGTGATAATCCTGGGGGAC,0,4725149
ybiY_ybiW_predicted,0.16666666666666666,5,5,AAGGTAAAGGCGTAATCGGT,0,4724306
ybiY_ybiW_predicted,0.16666666666666666,5,5,AAGGATAATAACCCTTTTAA,0,4732091
ybiY_ybiW_predicted,0.16666666666666666,5,5,AAGCCGATTCAACTCTGTTT,0,4713346
ybiY_ybiW_predicted,0.16666666666666666,5,5,AAGCCCGATAGAAATCCTTT,0,4706060
ybiY_ybiW_predicted,0.16666666666666666,5,5,AAGATGAATGCTTTAAACTC,0,4706938
ybiY_ybiW_predicted,0.16666666666666666,5,5,AAGAAATCACTTGACGGAGA,0,4711175
ybiY_ybiW_predicted,0.16666666666666666,5,5,AACTTCGGCAGTGACGGACA,0,4701357
ybiY_ybiW_predicted,0.16666666666666666,5,5,AACTCGAAAGGTCGGACTTT,0,4723522
ybiY_ybiW_predicted,0.16666666666666666,5,5,AACTATGCAAATATCTCCAG,0,4724086
ybiY_ybiW_predicted,0.16666666666666666,5,5,AACTAAGCCGCTCGCGTCAA,0,4714588
ybiY_ybiW_predicted,0.16666666666666666,5,5,AACGGGCAGGTACCACCCAC,0,4702161
ybiY_ybiW_predicted,0.16666666666666666,5,5,AACGAGGGAACGGCCTAGCA,0,4722447
ybiY_ybiW_predicted,0.16666666666666666,5,5,AACCTCGCAGATTTTTTTCA,0,4730903
ybiY_ybiW_predicted,0.16666666666666666,5,5,AACCATATACATCCGGTAGT,0,4696083
ybiY_ybiW_predicted,0.16666666666666666,5,5,AACAGAGTAAGGCAGCAAGT,0,4729148
ybiY_ybiW_predicted,0.16666666666666666,5,5,AAATGCATGTCTAAGTGATA,0,4703839
ybiY_ybiW_predicted,0.16666666666666666,5,5,AAAGGTATAAAGCGAAAGCT,0,4701230
ybiY_ybiW_predicted,0.16666666666666666,5,5,AAACGCTATCCGTGTAGCCA,0,4716710
ybiY_ybiW_predicted,0.16666666666666666,5,5,AAACGAGAGCCTTGCATTCG,0,4691260
ybiY_ybiW_predicted,0.16666666666666666,5,5,AAACCTGCGCCGAGTCAACG,0,4709991
ybiY_ybiW_predicted,0.16666666666666666,5,5,AAACAATATTGACCTTCCTG,0,4728770
ybiY_ybiW_predicted,0.2,4,4,TTTTTGCGGTATTCGAACCG,0,4690418
ybiY_ybiW_predicted,0.2,4,4,TTTTGCCATTAGAGGAGGGG,0,4719439
ybiY_ybiW_predicted,0.2,4,4,TTTTGATCATTAGTTAAATC,0,4712077
ybiY_ybiW_predicted,0.2,4,4,TTTTCTCCTGCCTATCGATA,0,4711917
ybiY_ybiW_predicted,0.2,4,4,TTTTCAAGCCTCTTGTTTTC,0,4710852
ybiY_ybiW_predicted,0.2,4,4,TTTTACGTTGACACTATATC,0,4689379
ybiY_ybiW_predicted,0.2,4,4,TTTTAAGGACCACCGTACGC,0,4729138
ybiY_ybiW_predicted,0.2,4,4,TTTGTCCTGTAAATAACGTT,0,4711352
ybiY_ybiW_predicted,0.2,4,4,TTTGGTTGAAGGGTAGGGGA,0,4715050
ybiY_ybiW_predicted,0.2,4,4,TTTGCGTTTAGAATAGCTCG,0,4722694
ybiY_ybiW_predicted,0.2,4,4,TTTGATATTGAAGTGATCCT,0,4707113
ybiY_ybiW_predicted,0.2,4,4,TTTGACGGAGGCGGACCATA,0,4688587
ybiY_ybiW_predicted,0.2,4,4,TTTCTCATCCCTTGAGGAGC,0,4731866
ybiY_ybiW_predicted,0.2,4,4,TTTCGGCGTTGTGCAGGCTG,0,4699639
ybiY_ybiW_predicted,0.2,4,4,TTTCCTTGTCTAATAATGGG,0,4697598
ybiY_ybiW_predicted,0.2,4,4,TTTCCGAATTGTAATAAGTT,0,4711616
ybiY_ybiW_predicted,0.2,4,4,TTTATGCGCACCCACGACGT,0,4700150
ybiY_ybiW_predicted,0.2,4,4,TTTATACGTTCCTATCCTCA,0,4697537
ybiY_ybiW_predicted,0.2,4,4,TTTAGGGACGGGGTATTACC,0,4720179
ybiY_ybiW_predicted,0.2,4,4,TTTACCTTTATCAATCCTAC,0,4701744
ybiY_ybiW_predicted,0.2,4,4,TTTACCGGCCCCCTTTGTTC,0,4715013
ybiY_ybiW_predicted,0.2,4,4,TTTAAACGAATCAACGTCAA,0,4721071
ybiY_ybiW_predicted,0.2,4,4,TTGTTGTAGCACAACCTGAG,0,4706829
ybiY_ybiW_predicted,0.2,4,4,TTGTGTTGTGGCCACATGGA,0,4704331
ybiY_ybiW_predicted,0.2,4,4,TTGTGGCACCTCGTATGTCC,0,4719603
ybiY_ybiW_predicted,0.2,4,4,TTGTCCGATGTGAGGACCCG,0,4728744
ybiY_ybiW_predicted,0.2,4,4,TTGTCCAGACCGAACTACGG,0,4724593
ybiY_ybiW_predicted,0.2,4,4,TTGGTCCAGAACAATGTTAA,0,4693894
ybiY_ybiW_predicted,0.2,4,4,TTGGCCAGTGACGCTACGAG,0,4701568
ybiY_ybiW_predicted,0.2,4,4,TTGCGGAAAGTCCAACCCGA,0,4688843
ybiY_ybiW_predicted,0.2,4,4,TTGCCGCCCTAGTGGTTTCA,0,4720169
ybiY_ybiW_predicted,0.2,4,4,TTGATTCGACGCTCGGAAGT,0,4689201
ybiY_ybiW_predicted,0.2,4,4,TTCTTCCGTTTTGGGGGATG,0,4727168
ybiY_ybiW_predicted,0.2,4,4,TTCTGGACAGCACAGCTGAA,0,4718050
ybiY_ybiW_predicted,0.2,4,4,TTCTCGGATTTGTACATCAA,0,4707654
ybiY_ybiW_predicted,0.2,4,4,TTCGCAACCACTGATAAGCC,0,4694133
ybiY_ybiW_predicted,0.2,4,4,TTCGACAACACTCCGCTTTG,0,4718113
ybiY_ybiW_predicted,0.2,4,4,TTCGAACCCCAGGCTGGTTG,0,4712593
ybiY_ybiW_predicted,0.2,4,4,TTCCTCCCGGCCCTGTCACA,0,4699360
ybiY_ybiW_predicted,0.2,4,4,TTCCGGTGTAGTATCTAGCT,0,4698093
ybiY_ybiW_predicted,0.2,4,4,TTCATACACATAGAAATCCT,0,4694850
ybiY_ybiW_predicted,0.2,4,4,TTCAGTGTAGTACACACGAA,0,4708518
ybiY_ybiW_predicted,0.2,4,4,TTCACACATGAATGCTGAAC,0,4689593
ybiY_ybiW_predicted,0.2,4,4,TTATTGTTGTTCGAAGCAAG,0,4717340
ybiY_ybiW_predicted,0.2,4,4,TTATGCACGGGTGCTCAGTA,0,4690410
ybiY_ybiW_predicted,0.2,4,4,TTATCAGCCTTCTACGCCAG,0,4698128
ybiY_ybiW_predicted,0.2,4,4,TTAGGTTTTTTCCTGGGTAG,0,4694102
ybiY_ybiW_predicted,0.2,4,4,TTAGGTTCGTAAAGGAATAA,0,4704191
ybiY_ybiW_predicted,0.2,4,4,TTACTAAGCGGACTAGGAGC,0,4707839
ybiY_ybiW_predicted,0.2,4,4,TTACGCTGATCGGACTCGGC,0,4714054
ybiY_ybiW_predicted,0.2,4,4,TTACGCGTAGGACCATTCGG,0,4700638
ybiY_ybiW_predicted,0.2,4,4,TTACCGCTCTTGTCCGGCGG,0,4719974
ybiY_ybiW_predicted,0.2,4,4,TTACAACAGACGGACATTCC,0,4701046
ybiY_ybiW_predicted,0.2,4,4,TTAATGGTAGTCCATGGTTT,0,4696370
ybiY_ybiW_predicted,0.2,4,4,TTAATCCCCGAAATCACGAG,0,4692929
ybiY_ybiW_predicted,0.2,4,4,TTAAGGGATAATTTCCACCA,0,4729947
ybiY_ybiW_predicted,0.2,4,4,TTAACATTTAGGGCCGGGAC,0,4706146
ybiY_ybiW_predicted,0.2,4,4,TTAAAGCGACTCGCCTCGGC,0,4700068
ybiY_ybiW_predicted,0.2,4,4,TGTTTCCTGGCTGTCTCGAT,0,4697211
ybiY_ybiW_predicted,0.2,4,4,TGTTGGGAACGCTGGGACAG,0,4689818
ybiY_ybiW_predicted,0.2,4,4,TGTTCGGGCCTTGATCTTTT,0,4694136
ybiY_ybiW_predicted,0.2,4,4,TGTGTGTACGCCGAGCTTTC,0,4697023
ybiY_ybiW_predicted,0.2,4,4,TGTGCTGGGTTGCCCCGTCA,0,4691445
ybiY_ybiW_predicted,0.2,4,4,TGTGCGAGTTTAGCCTATAA,0,4695629
ybiY_ybiW_predicted,0.2,4,4,TGTCTAAATGTTTAGTCCAT,0,4696092
ybiY_ybiW_predicted,0.2,4,4,TGTCGGCCGACGATTCTTTA,0,4719151
ybiY_ybiW_predicted,0.2,4,4,TGTCAACCTATTACATGAAT,0,4697332
ybiY_ybiW_predicted,0.2,4,4,TGTAGAACCTTAGGGTGAGC,0,4713232
ybiY_ybiW_predicted,0.2,4,4,TGTACCTACCTCAGGAAGTT,0,4719923
ybiY_ybiW_predicted,0.2,4,4,TGGTCGCGCTGTGATTGACA,0,4728985
ybiY_ybiW_predicted,0.2,4,4,TGGGTTGGGATGGTCTGCGC,0,4714604
ybiY_ybiW_predicted,0.2,4,4,TGGGCTCGGCGTCCCACAAT,0,4690325
ybiY_ybiW_predicted,0.2,4,4,TGGGCAGGTACGTCTTGGCC,0,4692481
ybiY_ybiW_predicted,0.2,4,4,TGGCCATCCACTTATACTTC,0,4700862
ybiY_ybiW_predicted,0.2,4,4,TGGACGTTTTGTCCGTGTCT,0,4689274
ybiY_ybiW_predicted,0.2,4,4,TGCTTGCATCATAGACTCGA,0,4703179
ybiY_ybiW_predicted,0.2,4,4,TGCTTAGGGTTCATCACCGG,0,4703398
ybiY_ybiW_predicted,0.2,4,4,TGCTGTATAGAACTCGCAAG,0,4713781
ybiY_ybiW_predicted,0.2,4,4,TGCTGGTAGCGCTGCCGGGA,0,4721503
ybiY_ybiW_predicted,0.2,4,4,TGCTCCATGCAGAAAAACGC,0,4707813
ybiY_ybiW_predicted,0.2,4,4,TGCTAACGGGCTAGCGTATT,0,4729976
ybiY_ybiW_predicted,0.2,4,4,TGCGTTTCGTAGGTATATCG,0,4712932
ybiY_ybiW_predicted,0.2,4,4,TGCGTTAATCATACTTTGAA,0,4714836
ybiY_ybiW_predicted,0.2,4,4,TGCGGTTCGCTCCTTATCTG,0,4695461
ybiY_ybiW_predicted,0.2,4,4,TGCGCGGACGGGGTTTACAA,0,4729705
ybiY_ybiW_predicted,0.2,4,4,TGCGAAGCATGGGACTAGGT,0,4728209
ybiY_ybiW_predicted,0.2,4,4,TGCGAACCTCGGGAGCGATT,0,4727064
ybiY_ybiW_predicted,0.2,4,4,TGCCTTCTAGGGTGATGGCT,0,4729710
ybiY_ybiW_predicted,0.2,4,4,TGCCTAGCCGATGGCGGACA,0,4716996
ybiY_ybiW_predicted,0.2,4,4,TGCCGGGATCGGACATCGTT,0,4709094
ybiY_ybiW_predicted,0.2,4,4,TGCCACCCTAAGAACCCTCT,0,4726303
ybiY_ybiW_predicted,0.2,4,4,TGCATGCGGGTGAACACCAT,0,4696844
ybiY_ybiW_predicted,0.2,4,4,TGCATACTCTGAGTGCAATA,0,4718121
ybiY_ybiW_predicted,0.2,4,4,TGCAGATGCTGGACGTTGCA,0,4692336
ybiY_ybiW_predicted,0.2,4,4,TGATGAATCTGAGGACGCTA,0,4688942
ybiY_ybiW_predicted,0.2,4,4,TGATCCGGGGTCTAGCGATG,0,4715170
ybiY_ybiW_predicted,0.2,4,4,TGAGGGGGCAGGGTCTATCG,0,4722908
ybiY_ybiW_predicted,0.2,4,4,TGAGGGCCGATCAATCGCAT,0,4715557
ybiY_ybiW_predicted,0.2,4,4,TGAGGCAAGCCGACGTTCTA,0,4692676
ybiY_ybiW_predicted,0.2,4,4,TGAGCGAAGCACCCCGTAAT,0,4710563
ybiY_ybiW_predicted,0.2,4,4,TGAGAGTCCAGACATTCCCC,0,4718957
ybiY_ybiW_predicted,0.2,4,4,TGACTTAATCACGGCGTGGG,0,4703372
ybiY_ybiW_predicted,0.2,4,4,TGACCTGTATAGGGACTCTC,0,4692270
ybiY_ybiW_predicted,0.2,4,4,TGAATATGGAGAGGAGATAC,0,4693639
ybiY_ybiW_predicted,0.2,4,4,TGAACGTATAAGCTAGGGCT,0,4725293
ybiY_ybiW_predicted,0.2,4,4,TGAACCAGCGAAAGAGCTAA,0,4731219
ybiY_ybiW_predicted,0.2,4,4,TCTTTGCTGGACCATGCGAG,0,4716366
ybiY_ybiW_predicted,0.2,4,4,TCTTGATTCAGCGTTTCAAC,0,4721506
ybiY_ybiW_predicted,0.2,4,4,TCTTCTATTGTTCAAAAAGC,0,4718089
ybiY_ybiW_predicted,0.2,4,4,TCTGTTCAGGGATAAGCTTC,0,4720651
ybiY_ybiW_predicted,0.2,4,4,TCTGACCGACTTATTCGTTT,0,4721568
ybiY_ybiW_predicted,0.2,4,4,TCTCTAGAGTAGCTTGCCGG,0,4693081
ybiY_ybiW_predicted,0.2,4,4,TCTCACCTTTGTTTATTCAT,0,4725662
ybiY_ybiW_predicted,0.2,4,4,TCTAGGAAGCATCTCTTGCA,0,4714169
ybiY_ybiW_predicted,0.2,4,4,TCTACTTCTAGGAACCACTT,0,4727019
ybiY_ybiW_predicted,0.2,4,4,TCTAAGTTAGGGAATCGGCT,0,4720451
ybiY_ybiW_predicted,0.2,4,4,TCGTTTGTAATGCGCCACTT,0,4729215
ybiY_ybiW_predicted,0.2,4,4,TCGTTCCTGGAGGGTGTGAT,0,4703368
ybiY_ybiW_predicted,0.2,4,4,TCGTGGGACGTGTAGGGATC,0,4729574
ybiY_ybiW_predicted,0.2,4,4,TCGTCTAAGGTAATTTGGCC,0,4714670
ybiY_ybiW_predicted,0.2,4,4,TCGTAATCGCACGCGCACGC,0,4688660
ybiY_ybiW_predicted,0.2,4,4,TCGGTTGAATCTATGGCCAA,0,4710133
ybiY_ybiW_predicted,0.2,4,4,TCGGCAAGACTTTACTGCCA,0,4704715
ybiY_ybiW_predicted,0.2,4,4,TCGGACATCCGGAAACAAAA,0,4701016
ybiY_ybiW_predicted,0.2,4,4,TCGCTCTTGTTAATCCGGGT,0,4718756
ybiY_ybiW_predicted,0.2,4,4,TCGCGGTGGTAGCCTGGCCC,0,4720557
ybiY_ybiW_predicted,0.2,4,4,TCGCCCCGGCGAAAAACAAA,0,4703704
ybiY_ybiW_predicted,0.2,4,4,TCGCATCTTTGAGTACGCAG,0,4698926
ybiY_ybiW_predicted,0.2,4,4,TCGCAGTCCCGGGTAGATAG,0,4709858
ybiY_ybiW_predicted,0.2,4,4,TCGCAACTGGCCTGGGCGCT,0,4692421
ybiY_ybiW_predicted,0.2,4,4,TCGATCCCAGACTCTTCCTT,0,4691856
ybiY_ybiW_predicted,0.2,4,4,TCGACGGGTCCGCGGGTACA,0,4712864
ybiY_ybiW_predicted,0.2,4,4,TCGACACACATATTTTAGTT,0,4695065
ybiY_ybiW_predicted,0.2,4,4,TCCTTTAGTTGAGGGTAACT,0,4707201
ybiY_ybiW_predicted,0.2,4,4,TCCTGCGAGACTGCCTGTTT,0,4721711
ybiY_ybiW_predicted,0.2,4,4,TCCTAGCTTGCGGGACGTGC,0,4708536
ybiY_ybiW_predicted,0.2,4,4,TCCGTTCCTGGAAAAATGAA,0,4706704
ybiY_ybiW_predicted,0.2,4,4,TCCGGATTTGATCCCCAGAC,0,4698816
ybiY_ybiW_predicted,0.2,4,4,TCCAGGCATTAGGTACCTCA,0,4690925
ybiY_ybiW_predicted,0.2,4,4,TCCAGATGAGGAGGCGGTGT,0,4708684
ybiY_ybiW_predicted,0.2,4,4,TCATTGATTGGTTTATGGTT,0,4694349
ybiY_ybiW_predicted,0.2,4,4,TCATGGGCCAACCCCTGAAG,0,4709738
ybiY_ybiW_predicted,0.2,4,4,TCAGGTATCGCGCGTCAGGT,0,4694798
ybiY_ybiW_predicted,0.2,4,4,TCAGAGATTGCGCTTCGTGT,0,4702285
ybiY_ybiW_predicted,0.2,4,4,TCACCGGTAAGTGCTGATCC,0,4701089
ybiY_ybiW_predicted,0.2,4,4,TCACACTCGATGTAACTGCC,0,4730031
ybiY_ybiW_predicted,0.2,4,4,TCAATGCCTGTTATTTCAAG,0,4699697
ybiY_ybiW_predicted,0.2,4,4,TCAATAAATGGAGGACGCTA,0,4706053
ybiY_ybiW_predicted,0.2,4,4,TCAAGTAGATCGTTCCGCCA,0,4695287
ybiY_ybiW_predicted,0.2,4,4,TCAAGACCGTCCCTAGCTCG,0,4725116
ybiY_ybiW_predicted,0.2,4,4,TCAAATATAGTACTCAGGTC,0,4720008
ybiY_ybiW_predicted,0.2,4,4,TATTTGATGTTGAGACAAGG,0,4724168
ybiY_ybiW_predicted,0.2,4,4,TATTGTGAGCAAGTCTCTCA,0,4699019
ybiY_ybiW_predicted,0.2,4,4,TATTGAAACATATCGAGGTA,0,4691955
ybiY_ybiW_predicted,0.2,4,4,TATTCCGATCGATAGACCTT,0,4706828
ybiY_ybiW_predicted,0.2,4,4,TATTCAAATATTACTCGGTA,0,4728242
ybiY_ybiW_predicted,0.2,4,4,TATGTAGCGATGTGATGCGT,0,4711072
ybiY_ybiW_predicted,0.2,4,4,TATGATCCGGGACGTTGCCA,0,4710345
ybiY_ybiW_predicted,0.2,4,4,TATCTTTTCCGCATGTAGTA,0,4720189
ybiY_ybiW_predicted,0.2,4,4,TATATTTATATTACGACGTA,0,4705711
ybiY_ybiW_predicted,0.2,4,4,TATAGCGGAGAAGCCAATGA,0,4725850
ybiY_ybiW_predicted,0.2,4,4,TATAGCCGCGACACCACCCT,0,4705108
ybiY_ybiW_predicted,0.2,4,4,TATACCGCGCCCCGCTCGAA,0,4728250
ybiY_ybiW_predicted,0.2,4,4,TATAATCGCAGCCGACCTGT,0,4720631
ybiY_ybiW_predicted,0.2,4,4,TAGCGCACCTATGTGTAGAT,0,4720866
ybiY_ybiW_predicted,0.2,4,4,TAGCCTTCCTCTAGTGAGGG,0,4689942
ybiY_ybiW_predicted,0.2,4,4,TAGCCAAGAGTAAAAGTCTC,0,4695737
ybiY_ybiW_predicted,0.2,4,4,TAGCATTTTCTATTAGGTGT,0,4727372
ybiY_ybiW_predicted,0.2,4,4,TAGCATTTGACTGTGTTGAT,0,4717124
ybiY_ybiW_predicted,0.2,4,4,TAGACACCGTTAGTTTACTT,0,4732113
ybiY_ybiW_predicted,0.2,4,4,TACGTGTGGGGTATAAGGAA,0,4697796
ybiY_ybiW_predicted,0.2,4,4,TACCTTCCAGCACCAGCGTT,0,4694286
ybiY_ybiW_predicted,0.2,4,4,TACCAGAGCCTTTCGATCTT,0,4707169
ybiY_ybiW_predicted,0.2,4,4,TAATTACATCAATGGGGGAC,0,4704853
ybiY_ybiW_predicted,0.2,4,4,TAATAATCAAATGAGTGGGT,0,4709442
ybiY_ybiW_predicted,0.2,4,4,TAAGTGGCCTCTAGCGGGAT,0,4724380
ybiY_ybiW_predicted,0.2,4,4,TAAGCCTCGTTCTGCTACAA,0,4710206
ybiY_ybiW_predicted,0.2,4,4,TAACTTATAATTGTTTTGAA,0,4716637
ybiY_ybiW_predicted,0.2,4,4,TAACCTATAGCGAGTAATGG,0,4731267
ybiY_ybiW_predicted,0.2,4,4,TAACCTAACCATCAAAAACA,0,4699892
ybiY_ybiW_predicted,0.2,4,4,TAAACTACCACATCATCAAG,0,4714272
ybiY_ybiW_predicted,0.2,4,4,GTTTTATAACTGAATAGCAA,0,4705197
ybiY_ybiW_predicted,0.2,4,4,GTTTAATATTTGTAGGTTGA,0,4699335
ybiY_ybiW_predicted,0.2,4,4,GTTGGATCTGAGTCACGCTA,0,4720268
ybiY_ybiW_predicted,0.2,4,4,GTTGCTGGGGAGACTCTGTA,0,4702570
ybiY_ybiW_predicted,0.2,4,4,GTTGATCTTGTTGAGCCGTA,0,4705171
ybiY_ybiW_predicted,0.2,4,4,GTTGACGGCTGCAATCGTAT,0,4715699
ybiY_ybiW_predicted,0.2,4,4,GTTCTAGCGGACAATCACGG,0,4724641
ybiY_ybiW_predicted,0.2,4,4,GTTCCATAAATATCGCTAGG,0,4713506
ybiY_ybiW_predicted,0.2,4,4,GTTATGTTCAGTATTCAACG,0,4721574
ybiY_ybiW_predicted,0.2,4,4,GTTATGGTATAAAAGCTGAG,0,4718262
ybiY_ybiW_predicted,0.2,4,4,GTTAATACTGACGAGCGGTT,0,4694323
ybiY_ybiW_predicted,0.2,4,4,GTTAAAGCATCTGAATCGAC,0,4705449
ybiY_ybiW_predicted,0.2,4,4,GTGTTAACGGCGTCGTTTGT,0,4693408
ybiY_ybiW_predicted,0.2,4,4,GTGTGTTTAGACATTGTAAT,0,4722664
ybiY_ybiW_predicted,0.2,4,4,GTGTGATGCTACAATAGAGC,0,4725494
ybiY_ybiW_predicted,0.2,4,4,GTGGGCAGTCTTTATTTTAT,0,4730741
ybiY_ybiW_predicted,0.2,4,4,GTGGACACGCTCTCAGGCGA,0,4719596
ybiY_ybiW_predicted,0.2,4,4,GTGCCTGGGGGGCTCAGTTT,0,4714641
ybiY_ybiW_predicted,0.2,4,4,GTGCCGTTGAGTTACGAGTC,0,4713896
ybiY_ybiW_predicted,0.2,4,4,GTGCCCGCCTAGCGAGCAGT,0,4731274
ybiY_ybiW_predicted,0.2,4,4,GTGATATGGAATGACCTACT,0,4731968
ybiY_ybiW_predicted,0.2,4,4,GTGAGGCCGACATTTGGCTG,0,4719820
ybiY_ybiW_predicted,0.2,4,4,GTGACGGAGTACATCGAAGA,0,4698694
ybiY_ybiW_predicted,0.2,4,4,GTGAATGAACCTGCGCCAGA,0,4707634
ybiY_ybiW_predicted,0.2,4,4,GTGAACTTCCCCGCGCTGAC,0,4708150
ybiY_ybiW_predicted,0.2,4,4,GTCTGTGGACACAGGACTTT,0,4691384
ybiY_ybiW_predicted,0.2,4,4,GTCTACCTCTCCAGTACCCA,0,4697156
ybiY_ybiW_predicted,0.2,4,4,GTCGTATGTCTGAGTTAATT,0,4702112
ybiY_ybiW_predicted,0.2,4,4,GTCGGTACTGATCGACCGAC,0,4700479
ybiY_ybiW_predicted,0.2,4,4,GTCGCGTCGTTGTGTCGCAT,0,4732489
ybiY_ybiW_predicted,0.2,4,4,GTCCCAAGCCTGCATATAGC,0,4712009
ybiY_ybiW_predicted,0.2,4,4,GTCAAAGTCTCGGCCCAAGT,0,4723329
ybiY_ybiW_predicted,0.2,4,4,GTATTCTTTTAATGTGTTAA,0,4707850
ybiY_ybiW_predicted,0.2,4,4,GTATGTGAAGTCAAAGCGTT,0,4721547
ybiY_ybiW_predicted,0.2,4,4,GTATGGATATCAAATTCTAA,0,4706781
ybiY_ybiW_predicted,0.2,4,4,GTATGCCGTTGGGGATAAGG,0,4704060
ybiY_ybiW_predicted,0.2,4,4,GTAGTTATCACTTGTGACAA,0,4696881
ybiY_ybiW_predicted,0.2,4,4,GTAGGCACAAGCCGCGTCAG,0,4714357
ybiY_ybiW_predicted,0.2,4,4,GTAGGAGTCTAACATTTTTA,0,4702233
ybiY_ybiW_predicted,0.2,4,4,GTAGGACTGCCCTGAGAGCA,0,4716022
ybiY_ybiW_predicted,0.2,4,4,GTAGCCTGGGCTACAACGTA,0,4732680
ybiY_ybiW_predicted,0.2,4,4,GTAGAGCGGAGTTCAAGTAA,0,4729844
ybiY_ybiW_predicted,0.2,4,4,GTAGAGCCCTATTCTCATTA,0,4723460
ybiY_ybiW_predicted,0.2,4,4,GTAGAGCACCCGGTTTGAGT,0,4728191
ybiY_ybiW_predicted,0.2,4,4,GTACTTCTTAGAGCTTGGCA,0,4727672
ybiY_ybiW_predicted,0.2,4,4,GTAACGCTGGCAGGCGAGCG,0,4697982
ybiY_ybiW_predicted,0.2,4,4,GTAACCCATTAGTCAGATGT,0,4689388
ybiY_ybiW_predicted,0.2,4,4,GTAAATGTCGCCCGCAGGTT,0,4707688
ybiY_ybiW_predicted,0.2,4,4,GTAAATGTCCCGACCCTGTA,0,4708920
ybiY_ybiW_predicted,0.2,4,4,GTAAAGACTCTCTCTGGATC,0,4698840
ybiY_ybiW_predicted,0.2,4,4,GGTTGTTGAATCACTATTCA,0,4716863
ybiY_ybiW_predicted,0.2,4,4,GGTTCACCTCCGGCAGCGGA,0,4727670
ybiY_ybiW_predicted,0.2,4,4,GGTTAGTGCATGGGCCGGTC,0,4690856
ybiY_ybiW_predicted,0.2,4,4,GGTTACTCACATCTTTCTTT,0,4689019
ybiY_ybiW_predicted,0.2,4,4,GGTGGTTCACGGGTGCGGGT,0,4688486
ybiY_ybiW_predicted,0.2,4,4,GGTGCGTTCTGAGGCAGGCA,0,4718123
ybiY_ybiW_predicted,0.2,4,4,GGTCTTCAGCACGTTGGCCA,0,4693581
ybiY_ybiW_predicted,0.2,4,4,GGTCGATAGAATACGAACAC,0,4722813
ybiY_ybiW_predicted,0.2,4,4,GGTCGAGAAGCTCCCGCTGC,0,4708147
ybiY_ybiW_predicted,0.2,4,4,GGTCCTAACAGCAGGCGGCC,0,4715041
ybiY_ybiW_predicted,0.2,4,4,GGTCCAACTGTAGCTCCAAG,0,4716020
ybiY_ybiW_predicted,0.2,4,4,GGTCAGTCTGCCTGAGGATA,0,4723419
ybiY_ybiW_predicted,0.2,4,4,GGTCACTAACACGCGGTTGT,0,4691288
ybiY_ybiW_predicted,0.2,4,4,GGTACATCTTACCGTGCAAC,0,4718906
ybiY_ybiW_predicted,0.2,4,4,GGTACAATATCCTCGGGACC,0,4703333
ybiY_ybiW_predicted,0.2,4,4,GGGTCTACGATGGCTCTTGG,0,4719053
ybiY_ybiW_predicted,0.2,4,4,GGGTCGGACCACCTGGCTCC,0,4711777
ybiY_ybiW_predicted,0.2,4,4,GGGTCCGATAGCCCTCAATA,0,4721579
ybiY_ybiW_predicted,0.2,4,4,GGGTATGTCGTATCATTGGG,0,4706516
ybiY_ybiW_predicted,0.2,4,4,GGGTAATTAGATCCCTCGAC,0,4689204
ybiY_ybiW_predicted,0.2,4,4,GGGGTGCACAAGTTCTCCAC,0,4731171
ybiY_ybiW_predicted,0.2,4,4,GGGGATTTAGGCATATTCGT,0,4718650
ybiY_ybiW_predicted,0.2,4,4,GGGGAGGGAGTCAGCTTTCT,0,4695446
ybiY_ybiW_predicted,0.2,4,4,GGGCGCGTTGTGCATTACCA,0,4698804
ybiY_ybiW_predicted,0.2,4,4,GGGCATATAATATTTTTTCA,0,4730225
ybiY_ybiW_predicted,0.2,4,4,GGGCAGGTCGCTAAAATAAA,0,4728468
ybiY_ybiW_predicted,0.2,4,4,GGGAGTGACATCCTACAAAG,0,4716608
ybiY_ybiW_predicted,0.2,4,4,GGGAGGCTCTCATGCGTCGG,0,4728676
ybiY_ybiW_predicted,0.2,4,4,GGGACGCTCATTAGTAGCGA,0,4725856
ybiY_ybiW_predicted,0.2,4,4,GGGACGCAGACCCCCTCGAC,0,4691286
ybiY_ybiW_predicted,0.2,4,4,GGGAACTTAAATCGACCGTA,0,4704849
ybiY_ybiW_predicted,0.2,4,4,GGCTTACTAAATTCCAAGAT,0,4696610
ybiY_ybiW_predicted,0.2,4,4,GGCTTAAGGTGATCAGAGAG,0,4700535
ybiY_ybiW_predicted,0.2,4,4,GGCTGTGGTAGGGATCAACG,0,4718246
ybiY_ybiW_predicted,0.2,4,4,GGCTATATACGAGTCTTCTA,0,4730638
ybiY_ybiW_predicted,0.2,4,4,GGCTACTTCTCCATCATGAC,0,4713792
ybiY_ybiW_predicted,0.2,4,4,GGCGTTTTCAGGCGAATCTC,0,4724957
ybiY_ybiW_predicted,0.2,4,4,GGCGTTTGGGAAAGACAATC,0,4726590
ybiY_ybiW_predicted,0.2,4,4,GGCGTGGCTATTTACCCACG,0,4714934
ybiY_ybiW_predicted,0.2,4,4,GGCGGTTTATCGTGTGTGGC,0,4710243
ybiY_ybiW_predicted,0.2,4,4,GGCCTGGGAATTCAGTTCAG,0,4694660
ybiY_ybiW_predicted,0.2,4,4,GGCCAACTTGAGTATGTCTC,0,4719240
ybiY_ybiW_predicted,0.2,4,4,GGCATGTAGTAGTTGGAGTA,0,4731300
ybiY_ybiW_predicted,0.2,4,4,GGCAACCCGAGCGAAGGAAA,0,4726924
ybiY_ybiW_predicted,0.2,4,4,GGATGTGACAGTCCTATGAC,0,4691547
ybiY_ybiW_predicted,0.2,4,4,GGATAAATTGATTGTTCTAA,0,4730432
ybiY_ybiW_predicted,0.2,4,4,GGACCATGTCAGCGGACTGG,0,4723374
ybiY_ybiW_predicted,0.2,4,4,GGACAGGTCGTAACTGTCAC,0,4688524
ybiY_ybiW_predicted,0.2,4,4,GGACACAATCTGCGGTACGG,0,4695245
ybiY_ybiW_predicted,0.2,4,4,GGAATTATCCGAAAACCACC,0,4713728
ybiY_ybiW_predicted,0.2,4,4,GGAATTACAGTTATTGCTAT,0,4695740
ybiY_ybiW_predicted,0.2,4,4,GGAAACCGGGTTTCGTGGAT,0,4730904
ybiY_ybiW_predicted,0.2,4,4,GGAAACCAAACTGCGAATCA,0,4721796
ybiY_ybiW_predicted,0.2,4,4,GCTTTATCAACTCTTACTTT,0,4713804
ybiY_ybiW_predicted,0.2,4,4,GCTTGCGCGGTGTTGGGGAC,0,4725287
ybiY_ybiW_predicted,0.2,4,4,GCTTGAAGTGCCTGCAGACT,0,4700865
ybiY_ybiW_predicted,0.2,4,4,GCTTGAACGCTTAACGGCCC,0,4705722
ybiY_ybiW_predicted,0.2,4,4,GCTTCAGTTTAGCGCTCCGT,0,4726058
ybiY_ybiW_predicted,0.2,4,4,GCTTACGTGATGGGGAAGCA,0,4702864
ybiY_ybiW_predicted,0.2,4,4,GCTTACGGCGGCTAGACTAA,0,4708635
ybiY_ybiW_predicted,0.2,4,4,GCTGTTTCTCGCTACGCGTA,0,4713857
ybiY_ybiW_predicted,0.2,4,4,GCTGGGGCTTAAATAGCGCA,0,4698043
ybiY_ybiW_predicted,0.2,4,4,GCTGGCAAGTGCGCCCTATA,0,4725158
ybiY_ybiW_predicted,0.2,4,4,GCTCTAAGAGAAATTTGGGA,0,4727499
ybiY_ybiW_predicted,0.2,4,4,GCTCACGATCGGTATTATAT,0,4694391
ybiY_ybiW_predicted,0.2,4,4,GCTAGCGCAAGATCAGCAGG,0,4710257
ybiY_ybiW_predicted,0.2,4,4,GCGTGTATGCGGCTTCCAAA,0,4711199
ybiY_ybiW_predicted,0.2,4,4,GCGTGCAACAACTACCTTAA,0,4709967
ybiY_ybiW_predicted,0.2,4,4,GCGTCGGTCCGAGCCCAGGG,0,4726691
ybiY_ybiW_predicted,0.2,4,4,GCGTCGCGCCACACCTGGGG,0,4720213
ybiY_ybiW_predicted,0.2,4,4,GCGTCGCCGCGGTATGCCAA,0,4724630
ybiY_ybiW_predicted,0.2,4,4,GCGTCCCTCTACGACCATGG,0,4730352
ybiY_ybiW_predicted,0.2,4,4,GCGGTGCAACCCGTACGCAT,0,4695739
ybiY_ybiW_predicted,0.2,4,4,GCGGTCTAATACCGCTACAG,0,4731909
ybiY_ybiW_predicted,0.2,4,4,GCGGGCCTGCATCAATCTGT,0,4696052
ybiY_ybiW_predicted,0.2,4,4,GCGGACGGCGCCGAACGGTT,0,4701033
ybiY_ybiW_predicted,0.2,4,4,GCGCGTAAAATGTCGGATTG,0,4698568
ybiY_ybiW_predicted,0.2,4,4,GCGCGGGGCTGCCTTAGACG,0,4723423
ybiY_ybiW_predicted,0.2,4,4,GCGCGGCAGGGCTTTGTAAT,0,4697829
ybiY_ybiW_predicted,0.2,4,4,GCGCGATCTTGGGTAAGTTG,0,4690471
ybiY_ybiW_predicted,0.2,4,4,GCGCGAACACCCGGAGGAGG,0,4717981
ybiY_ybiW_predicted,0.2,4,4,GCGCAGCATCAGCGGCCGGT,0,4709406
ybiY_ybiW_predicted,0.2,4,4,GCGACTCTTAGGGCTAAACC,0,4702224
ybiY_ybiW_predicted,0.2,4,4,GCCTTTCGGTCCATCGCGTC,0,4695206
ybiY_ybiW_predicted,0.2,4,4,GCCTTTCAGTTCCCAACGAG,0,4691019
ybiY_ybiW_predicted,0.2,4,4,GCCGCCGTTGCATTTGGTTG,0,4731673
ybiY_ybiW_predicted,0.2,4,4,GCCGCAGGTCTTCTTGCTTT,0,4693178
ybiY_ybiW_predicted,0.2,4,4,GCCCTGTCCCCGATGGTCCG,0,4728518
ybiY_ybiW_predicted,0.2,4,4,GCCCTACCTCGGGGGCGAGT,0,4692311
ybiY_ybiW_predicted,0.2,4,4,GCCCGCACTGAAAGCGCCCG,0,4693684
ybiY_ybiW_predicted,0.2,4,4,GCCCGAGGGGATGGGAGCAA,0,4707716
ybiY_ybiW_predicted,0.2,4,4,GCCATGCGACGAGACCCTAT,0,4710430
ybiY_ybiW_predicted,0.2,4,4,GCCAGCGTGCTGGTCTCTAG,0,4692041
ybiY_ybiW_predicted,0.2,4,4,GCCACGCAGGAACATATAGG,0,4732251
ybiY_ybiW_predicted,0.2,4,4,GCAGTCGCAACGACCGGTTA,0,4694896
ybiY_ybiW_predicted,0.2,4,4,GCAGTAATCGTCGCCCATTT,0,4719910
ybiY_ybiW_predicted,0.2,4,4,GCAGGGCAACAGTCGGCGTC,0,4727167
ybiY_ybiW_predicted,0.2,4,4,GCAGGATGTTTTAAGGTTCC,0,4708923
ybiY_ybiW_predicted,0.2,4,4,GCAGATTATATAAAAACCTA,0,4695661
ybiY_ybiW_predicted,0.2,4,4,GCACGCAGTGTCACCATTCC,0,4708244
ybiY_ybiW_predicted,0.2,4,4,GCACGCACTTGAAGGGTGAC,0,4696416
ybiY_ybiW_predicted,0.2,4,4,GCAATTTCATCCCGAATGTC,0,4707423
ybiY_ybiW_predicted,0.2,4,4,GCAATGTTATAGGCGGCACA,0,4718218
ybiY_ybiW_predicted,0.2,4,4,GCAATCTATGCATGGCTTTT,0,4730269
ybiY_ybiW_predicted,0.2,4,4,GCAATCGGTCAGGGCTTTAA,0,4689422
ybiY_ybiW_predicted,0.2,4,4,GCAAGCCTAGAGCTCCTCGT,0,4710240
ybiY_ybiW_predicted,0.2,4,4,GCAAGCATGAACGCAAAGCT,0,4720078
ybiY_ybiW_predicted,0.2,4,4,GATGTCAATTGCCTCATGAT,0,4709416
ybiY_ybiW_predicted,0.2,4,4,GATGTAAGCCTTGCGGTTGA,0,4696986
ybiY_ybiW_predicted,0.2,4,4,GATGGCCTGCGCAGCGCCGT,0,4690097
ybiY_ybiW_predicted,0.2,4,4,GATGGCCTAAATCCAGTCAG,0,4722446
ybiY_ybiW_predicted,0.2,4,4,GATCCCTGAGTCAGTTGGAG,0,4711374
ybiY_ybiW_predicted,0.2,4,4,GATATCGGTCCGTGAGTTAC,0,4695881
ybiY_ybiW_predicted,0.2,4,4,GAGGTGCAGGGTGAACGTGC,0,4728806
ybiY_ybiW_predicted,0.2,4,4,GAGGGCATGGGCTTAAACGG,0,4722835
ybiY_ybiW_predicted,0.2,4,4,GAGGGACTACTCCCCTGATC,0,4719744
ybiY_ybiW_predicted,0.2,4,4,GAGGCGCTTCCCGTATCAGG,0,4693320
ybiY_ybiW_predicted,0.2,4,4,GAGCTCAATCCACGGTCATT,0,4690098
ybiY_ybiW_predicted,0.2,4,4,GAGCGCGATACGGTCCCTCG,0,4702541
ybiY_ybiW_predicted,0.2,4,4,GAGCATCATGGGGGCGGTAA,0,4710866
ybiY_ybiW_predicted,0.2,4,4,GAGATTTAGGGTATTGTCGT,0,4718287
ybiY_ybiW_predicted,0.2,4,4,GAGACGGCACGCGCTGGTCC,0,4700129
ybiY_ybiW_predicted,0.2,4,4,GACTGCCGAGTGCTGTGTGT,0,4719223
ybiY_ybiW_predicted,0.2,4,4,GACTGCAACTAGCTGTATCA,0,4691724
ybiY_ybiW_predicted,0.2,4,4,GACTGATGCCGCCCTGTAAA,0,4695184
ybiY_ybiW_predicted,0.2,4,4,GACAGTCGGCCTTAAGTAGT,0,4722536
ybiY_ybiW_predicted,0.2,4,4,GACAGAGGTTACATGCGGCC,0,4712425
ybiY_ybiW_predicted,0.2,4,4,GACAAAATACACCGTTTAGT,0,4714254
ybiY_ybiW_predicted,0.2,4,4,GAATAAGGTATGGTTAAGGG,0,4730686
ybiY_ybiW_predicted,0.2,4,4,GAAGACACCGTCCACCCGGA,0,4688496
ybiY_ybiW_predicted,0.2,4,4,GAACAGATTTGGCGGCCCCA,0,4693563
ybiY_ybiW_predicted,0.2,4,4,GAACAAATTGTTGTGACGGC,0,4710024
ybiY_ybiW_predicted,0.2,4,4,GAAAAGGAAATGTTCGGTGC,0,4691852
ybiY_ybiW_predicted,0.2,4,4,GAAAAATGAATTACCGATGC,0,4691206
ybiY_ybiW_predicted,0.2,4,4,CTTTTTAGGCATTCCGGTCC,0,4712621
ybiY_ybiW_predicted,0.2,4,4,CTTTGGCGGCCATTTTATAT,0,4691663
ybiY_ybiW_predicted,0.2,4,4,CTTTCGGCTCGGAGCGCATA,0,4696898
ybiY_ybiW_predicted,0.2,4,4,CTTTCCGAATCTCCTAATGG,0,4716741
ybiY_ybiW_predicted,0.2,4,4,CTTTACAAATCAGCTTACAC,0,4728258
ybiY_ybiW_predicted,0.2,4,4,CTTGTTGAAACGTGGCCAAA,0,4728281
ybiY_ybiW_predicted,0.2,4,4,CTTGATAAATAACTGTGACA,0,4693749
ybiY_ybiW_predicted,0.2,4,4,CTTGACTTGAGACGGCTGTT,0,4727742
ybiY_ybiW_predicted,0.2,4,4,CTTGAACATGCCACAGACCA,0,4699445
ybiY_ybiW_predicted,0.2,4,4,CTTCTGCCTTTATACGTGGG,0,4695842
ybiY_ybiW_predicted,0.2,4,4,CTTCGTTGGACCCATTTATC,0,4700253
ybiY_ybiW_predicted,0.2,4,4,CTTCGGTTAGTAGCAAATGC,0,4730756
ybiY_ybiW_predicted,0.2,4,4,CTTCGATTTAGTCCTGCGGA,0,4710573
ybiY_ybiW_predicted,0.2,4,4,CTTCGAGAGTCTGAGTAGCG,0,4723875
ybiY_ybiW_predicted,0.2,4,4,CTTAGTATGCCGCCTTGAGT,0,4722130
ybiY_ybiW_predicted,0.2,4,4,CTTAGAGCAACCCCCCGCGT,0,4718691
ybiY_ybiW_predicted,0.2,4,4,CTTACGTAATGGCCCTCTAT,0,4727013
ybiY_ybiW_predicted,0.2,4,4,CTGGGTGTCTTTCATTACGG,0,4716321
ybiY_ybiW_predicted,0.2,4,4,CTGGCAACTTGCACGTCTTA,0,4718491
ybiY_ybiW_predicted,0.2,4,4,CTGCTGGGCGCGTACCTCAC,0,4706867
ybiY_ybiW_predicted,0.2,4,4,CTGAAATAAGTTACGGAAGC,0,4689497
ybiY_ybiW_predicted,0.2,4,4,CTCTTTTATCCCGTTCAGCC,0,4688679
ybiY_ybiW_predicted,0.2,4,4,CTCTTAAGGGCTTCTTATAC,0,4728080
ybiY_ybiW_predicted,0.2,4,4,CTCGTAACTGGCGCCGCAAA,0,4725291
ybiY_ybiW_predicted,0.2,4,4,CTCGGCAGTGAGTTGAATTC,0,4690979
ybiY_ybiW_predicted,0.2,4,4,CTCGCGTAACTTTTAGAAAT,0,4703313
ybiY_ybiW_predicted,0.2,4,4,CTCGAGGGGGTCGTATTCCC,0,4691862
ybiY_ybiW_predicted,0.2,4,4,CTCCGTGTAATTAAGCTAGA,0,4701332
ybiY_ybiW_predicted,0.2,4,4,CTCCGTCATCACCCTGTCCA,0,4716226
ybiY_ybiW_predicted,0.2,4,4,CTCCGGTCGTCAGTCCATCA,0,4721698
ybiY_ybiW_predicted,0.2,4,4,CTCCGGGACAATACTGCGCC,0,4713308
ybiY_ybiW_predicted,0.2,4,4,CTCCCGTGGGCTAGATGGGG,0,4722387
ybiY_ybiW_predicted,0.2,4,4,CTCCAGGGCTTCTGTTGATC,0,4719070
ybiY_ybiW_predicted,0.2,4,4,CTCAGATTCACTTGTCCGGG,0,4712475
ybiY_ybiW_predicted,0.2,4,4,CTCACCGGAAGGAATCAGTT,0,4714073
ybiY_ybiW_predicted,0.2,4,4,CTATTTGCGCAAGTGGGGAT,0,4708442
ybiY_ybiW_predicted,0.2,4,4,CTATGATAAGTAGCGACAAG,0,4726315
ybiY_ybiW_predicted,0.2,4,4,CTATAAGGGACGCCCTGGAC,0,4723053
ybiY_ybiW_predicted,0.2,4,4,CTATAAGAGCCCGAGATCTG,0,4721290
ybiY_ybiW_predicted,0.2,4,4,CTAGGGTGAATTTAAACTAG,0,4706251
ybiY_ybiW_predicted,0.2,4,4,CTAGGGAGCTGAATAAATTC,0,4729275
ybiY_ybiW_predicted,0.2,4,4,CTAGACCCATGGTTTTTGAA,0,4728743
ybiY_ybiW_predicted,0.2,4,4,CTAGAACCACTACGGCGGTT,0,4695653
ybiY_ybiW_predicted,0.2,4,4,CTACGGTATGTCTCAGGACA,0,4720713
ybiY_ybiW_predicted,0.2,4,4,CTACGAGTCATAAGCCGCGA,0,4716144
ybiY_ybiW_predicted,0.2,4,4,CTACCGGTATGAGTGCAACA,0,4715719
ybiY_ybiW_predicted,0.2,4,4,CTAACCCGCACCAGAGGTCA,0,4700600
ybiY_ybiW_predicted,0.2,4,4,CTAAACCCGGTATGCCGGTG,0,4727951
ybiY_ybiW_predicted,0.2,4,4,CTAAAATTCATCCGTTAGGT,0,4718551
ybiY_ybiW_predicted,0.2,4,4,CGTTCACATAGTAGGCACAG,0,4692220
ybiY_ybiW_predicted,0.2,4,4,CGTTAGGTGAGATTGATCCT,0,4720275
ybiY_ybiW_predicted,0.2,4,4,CGTTAGACTAGGTCCGCTTA,0,4690153
ybiY_ybiW_predicted,0.2,4,4,CGTGTATGGAGCGTGAGGTT,0,4725814
ybiY_ybiW_predicted,0.2,4,4,CGTATGGACGACCGTGCTGT,0,4688977
ybiY_ybiW_predicted,0.2,4,4,CGTACTGCGCTACTAGTCAC,0,4712545
ybiY_ybiW_predicted,0.2,4,4,CGTACGCGGTTACGGAAATA,0,4714937
ybiY_ybiW_predicted,0.2,4,4,CGTACACTAGGGGTAATGTG,0,4724671
ybiY_ybiW_predicted,0.2,4,4,CGTACACGTGAAAGTTGGTT,0,4688870
ybiY_ybiW_predicted,0.2,4,4,CGTACAAATTAATACTGGAT,0,4731004
ybiY_ybiW_predicted,0.2,4,4,CGGTTCATGGCTCGTATTAC,0,4706069
ybiY_ybiW_predicted,0.2,4,4,CGGTGGAAGCTCGGGCAAGT,0,4700807
ybiY_ybiW_predicted,0.2,4,4,CGGTCTGAGCGCAAGCAGTA,0,4714212
ybiY_ybiW_predicted,0.2,4,4,CGGTATTGTCATCGTGCGGA,0,4689815
ybiY_ybiW_predicted,0.2,4,4,CGGGTCTATGGCCTTGTGAT,0,4710984
ybiY_ybiW_predicted,0.2,4,4,CGGGGATTTGCTTCCCATTT,0,4707393
ybiY_ybiW_predicted,0.2,4,4,CGGGCGGCTGTCAAATGGTC,0,4712614
ybiY_ybiW_predicted,0.2,4,4,CGGGCCGCCTTCGGTAGTTT,0,4726268
ybiY_ybiW_predicted,0.2,4,4,CGGCGCTTGGTTCCTGGCCT,0,4690462
ybiY_ybiW_predicted,0.2,4,4,CGGCCAACACTCAGTCCTGC,0,4698117
ybiY_ybiW_predicted,0.2,4,4,CGGCATCGAATTAGGCAGTG,0,4701063
ybiY_ybiW_predicted,0.2,4,4,CGGATTTACATCAAAGGTAG,0,4715239
ybiY_ybiW_predicted,0.2,4,4,CGGAGTGTTCAAGATTCAGA,0,4706422
ybiY_ybiW_predicted,0.2,4,4,CGGAGTGGAACTGTAGGAAA,0,4691272
ybiY_ybiW_predicted,0.2,4,4,CGGACTGTCGGTTAGTTTAA,0,4691500
ybiY_ybiW_predicted,0.2,4,4,CGGACATCTTATAGCTGGTC,0,4721699
ybiY_ybiW_predicted,0.2,4,4,CGGAATGTTTCGGCTGAACT,0,4718526
ybiY_ybiW_predicted,0.2,4,4,CGCTAGAGTCTGGTGTGCGC,0,4701197
ybiY_ybiW_predicted,0.2,4,4,CGCGTGCTGCGGCTGCGTTT,0,4695267
ybiY_ybiW_predicted,0.2,4,4,CGCGTCTACGCCAGCTGGCC,0,4714379
ybiY_ybiW_predicted,0.2,4,4,CGCGGGATGTATACCGGATT,0,4731952
ybiY_ybiW_predicted,0.2,4,4,CGCCTAACCGCCTATGACCC,0,4705790
ybiY_ybiW_predicted,0.2,4,4,CGCCGTGATTAAGACACAAG,0,4721293
ybiY_ybiW_predicted,0.2,4,4,CGCCGCCGTATAGGAAACCT,0,4727875
ybiY_ybiW_predicted,0.2,4,4,CGCACGTAGTAACTTATTCA,0,4718515
ybiY_ybiW_predicted,0.2,4,4,CGCACAGGCTCCGTATACAA,0,4732254
ybiY_ybiW_predicted,0.2,4,4,CGCAAATTTGCGAAGGCGGT,0,4707749
ybiY_ybiW_predicted,0.2,4,4,CGATTTCAGAATCAGGCGCT,0,4712512
ybiY_ybiW_predicted,0.2,4,4,CGATGCTGCGTATTGCCAGT,0,4706301
ybiY_ybiW_predicted,0.2,4,4,CGAGTTATTTGAAGGGGGGG,0,4705368
ybiY_ybiW_predicted,0.2,4,4,CGAGCGGACCTGTAAGGGTC,0,4705953
ybiY_ybiW_predicted,0.2,4,4,CGAGACCCCGCCACCAACAT,0,4699234
ybiY_ybiW_predicted,0.2,4,4,CGACTGCTGTCCCCTAGACA,0,4708107
ybiY_ybiW_predicted,0.2,4,4,CGACCGGAGTATGTTCATTT,0,4695247
ybiY_ybiW_predicted,0.2,4,4,CGACCCTCCGATTGCTTGGG,0,4695490
ybiY_ybiW_predicted,0.2,4,4,CGAATGATCTAGCCTATCTA,0,4723182
ybiY_ybiW_predicted,0.2,4,4,CGAAGGTTTGCCAGAATAGA,0,4718264
ybiY_ybiW_predicted,0.2,4,4,CGAACGAGGTTGGTAGATAT,0,4721949
ybiY_ybiW_predicted,0.2,4,4,CCTTTGTCCACCTTGCCGAG,0,4725847
ybiY_ybiW_predicted,0.2,4,4,CCTGGTTAACAGACAATAGT,0,4699049
ybiY_ybiW_predicted,0.2,4,4,CCTGCTAATGGGCATGTAGG,0,4711111
ybiY_ybiW_predicted,0.2,4,4,CCTGCCGTCCCTTGGGGACA,0,4731969
ybiY_ybiW_predicted,0.2,4,4,CCTGCACTCTGTTAAGTAGT,0,4708287
ybiY_ybiW_predicted,0.2,4,4,CCTCCACTGCTATCAAGAAT,0,4713715
ybiY_ybiW_predicted,0.2,4,4,CCTATTAGGTCAGGTGTAGT,0,4695975
ybiY_ybiW_predicted,0.2,4,4,CCTAATCTTAAAGAGTACCC,0,4708747
ybiY_ybiW_predicted,0.2,4,4,CCTAACAATGGTACGAACAT,0,4694757
ybiY_ybiW_predicted,0.2,4,4,CCTAAATGCCGAACCGGTAC,0,4730805
ybiY_ybiW_predicted,0.2,4,4,CCGTGCGTTTATCATGCCGG,0,4726951
ybiY_ybiW_predicted,0.2,4,4,CCGTCACGTTGATCATGACA,0,4706892
ybiY_ybiW_predicted,0.2,4,4,CCGTCACGGGCCTGTTCGAT,0,4708298
ybiY_ybiW_predicted,0.2,4,4,CCGTATCTCCTTCTACGTGG,0,4705911
ybiY_ybiW_predicted,0.2,4,4,CCGTACCGTAAGATGATGGG,0,4702152
ybiY_ybiW_predicted,0.2,4,4,CCGGGTTAATTGCACTCGGT,0,4723465
ybiY_ybiW_predicted,0.2,4,4,CCGGAGAGGCTTGCTCAGAA,0,4724956
ybiY_ybiW_predicted,0.2,4,4,CCGCGAACATCCTTAGCGTA,0,4700987
ybiY_ybiW_predicted,0.2,4,4,CCGCCCGTGCGACTCAATTA,0,4711092
ybiY_ybiW_predicted,0.2,4,4,CCGCCCCCGATTAGCCAGCA,0,4713143
ybiY_ybiW_predicted,0.2,4,4,CCGCCACATCAGCTTACTTT,0,4704157
ybiY_ybiW_predicted,0.2,4,4,CCGCAGGCATCCATAATGTG,0,4722678
ybiY_ybiW_predicted,0.2,4,4,CCGATATCGTCTGTCTAGTA,0,4708241
ybiY_ybiW_predicted,0.2,4,4,CCGAGAAAATCACGGCTGGC,0,4713572
ybiY_ybiW_predicted,0.2,4,4,CCCTTAGGTATGGCACCTTT,0,4731894
ybiY_ybiW_predicted,0.2,4,4,CCCTTAATGTCGGCGTTATC,0,4718066
ybiY_ybiW_predicted,0.2,4,4,CCCTGCCACAGAGAATCATC,0,4722529
ybiY_ybiW_predicted,0.2,4,4,CCCTCAACTCGCATGTAGGA,0,4691094
ybiY_ybiW_predicted,0.2,4,4,CCCGGCGTGCCGCAAACAAA,0,4702077
ybiY_ybiW_predicted,0.2,4,4,CCCGCCAACCCCAGGAACGA,0,4697748
ybiY_ybiW_predicted,0.2,4,4,CCCCTCTCCCCCACAATAAA,0,4718295
ybiY_ybiW_predicted,0.2,4,4,CCCATCAGGGCAGATAACCG,0,4727933
ybiY_ybiW_predicted,0.2,4,4,CCCAGCAGGGGTACTGCATT,0,4694607
ybiY_ybiW_predicted,0.2,4,4,CCATTCACCGAAACTTAGAT,0,4696203
ybiY_ybiW_predicted,0.2,4,4,CCATGCGGAGTCGTGGGTAT,0,4714319
ybiY_ybiW_predicted,0.2,4,4,CCATAGGGCACGACAATGCA,0,4711085
ybiY_ybiW_predicted,0.2,4,4,CCAGTCTGTTGATAGGGGTA,0,4720886
ybiY_ybiW_predicted,0.2,4,4,CCAGGCATGGAAAATTTCTG,0,4704877
ybiY_ybiW_predicted,0.2,4,4,CCAGAAGCTGGCTACTCACG,0,4729183
ybiY_ybiW_predicted,0.2,4,4,CCACTGACAGCTAGGTCCGT,0,4694912
ybiY_ybiW_predicted,0.2,4,4,CCACAGCTCGCAACGAAGAT,0,4708732
ybiY_ybiW_predicted,0.2,4,4,CCAACAAACGTTGGGGAACC,0,4729299
ybiY_ybiW_predicted,0.2,4,4,CCAAATAATTAACACATTGA,0,4691965
ybiY_ybiW_predicted,0.2,4,4,CATTGTTCTTAGCAAGTCTT,0,4722323
ybiY_ybiW_predicted,0.2,4,4,CATTGTGTTCACGTACGAGG,0,4718260
ybiY_ybiW_predicted,0.2,4,4,CATTGGCTCGACAAGACGAA,0,4721669
ybiY_ybiW_predicted,0.2,4,4,CATTCGGCCCCTTTTCGACT,0,4711807
ybiY_ybiW_predicted,0.2,4,4,CATTCAGATACTATCTATTC,0,4711090
ybiY_ybiW_predicted,0.2,4,4,CATGTTTTTCGGATGCCACC,0,4731881
ybiY_ybiW_predicted,0.2,4,4,CATGGTGCCTCACATCGGTT,0,4707210
ybiY_ybiW_predicted,0.2,4,4,CATGGCGATATCGCAGGAGC,0,4701546
ybiY_ybiW_predicted,0.2,4,4,CATGGAATCATTTTATCGGA,0,4721831
ybiY_ybiW_predicted,0.2,4,4,CATGATTAAAGTTCCGAGCA,0,4691020
ybiY_ybiW_predicted,0.2,4,4,CATCTTTCATCCATATATGT,0,4723052
ybiY_ybiW_predicted,0.2,4,4,CATAGTATGTTGGGTGGCGA,0,4695151
ybiY_ybiW_predicted,0.2,4,4,CATAAGCGAATCGGCTTATG,0,4728742
ybiY_ybiW_predicted,0.2,4,4,CAGTTGGTGGTGCCTGGGGA,0,4729575
ybiY_ybiW_predicted,0.2,4,4,CAGTTCGCGAGGTGTAACGT,0,4726507
ybiY_ybiW_predicted,0.2,4,4,CAGTTACAAGTTATCCCCTC,0,4719879
ybiY_ybiW_predicted,0.2,4,4,CAGTGGGTTCTGTCCCTCTA,0,4723328
ybiY_ybiW_predicted,0.2,4,4,CAGTGCAGTCTTGTATCGCG,0,4700562
ybiY_ybiW_predicted,0.2,4,4,CAGTCTTACTGTTTAATGTA,0,4702470
ybiY_ybiW_predicted,0.2,4,4,CAGTCAAAAATAATCCCTCT,0,4704757
ybiY_ybiW_predicted,0.2,4,4,CAGGATCCGCGAGAGTGCGT,0,4717455
ybiY_ybiW_predicted,0.2,4,4,CAGGAGGAGAGAGGGGAGGG,0,4701708
ybiY_ybiW_predicted,0.2,4,4,CAGCATCCCTGGAGCAAATT,0,4722959
ybiY_ybiW_predicted,0.2,4,4,CAGCAGGTACTACAGGCTTT,0,4730551
ybiY_ybiW_predicted,0.2,4,4,CAGAGAAGCATAGGATCCAA,0,4691960
ybiY_ybiW_predicted,0.2,4,4,CAGACTTGGGATTGGGTGTA,0,4693685
ybiY_ybiW_predicted,0.2,4,4,CACTTTGCGTTGCTCCAATT,0,4713064
ybiY_ybiW_predicted,0.2,4,4,CACTCCCATACATACGAGTT,0,4702902
ybiY_ybiW_predicted,0.2,4,4,CACTCAACTTGTGTCCGACA,0,4719509
ybiY_ybiW_predicted,0.2,4,4,CACTAATGGATCGTACGGCT,0,4710517
ybiY_ybiW_predicted,0.2,4,4,CACGGGGATGTGGTCGGCGT,0,4732624
ybiY_ybiW_predicted,0.2,4,4,CACGGAGTATCAACGGGCTC,0,4711417
ybiY_ybiW_predicted,0.2,4,4,CACCTCTTCGGGCATTAAAA,0,4711296
ybiY_ybiW_predicted,0.2,4,4,CACATTCAAAAGAATCTCAC,0,4721057
ybiY_ybiW_predicted,0.2,4,4,CACAATATTAAATTTTCAAG,0,4728021
ybiY_ybiW_predicted,0.2,4,4,CAAGTTTCCGCTGGGGTGCA,0,4727002
ybiY_ybiW_predicted,0.2,4,4,CAAGTAAGTCGGATTGAAAT,0,4695556
ybiY_ybiW_predicted,0.2,4,4,CAAGGCTGTCGTCCGCCCCA,0,4721476
ybiY_ybiW_predicted,0.2,4,4,CAACGTTTGAAGCCAATCTA,0,4724954
ybiY_ybiW_predicted,0.2,4,4,CAACCTTACAGGAAGGCTTC,0,4701868
ybiY_ybiW_predicted,0.2,4,4,CAACCGCGACTGACGGCACT,0,4696124
ybiY_ybiW_predicted,0.2,4,4,CAACAGAGGTGTAAAGTACG,0,4688670
ybiY_ybiW_predicted,0.2,4,4,CAAATGGTTGAGCACGCGAT,0,4728523
ybiY_ybiW_predicted,0.2,4,4,CAAATGGGTCAGTGGGAAAA,0,4700812
ybiY_ybiW_predicted,0.2,4,4,CAAACTTAGCATCCGGGGCA,0,4715849
ybiY_ybiW_predicted,0.2,4,4,ATTTTCCGCTTGGCATGGCA,0,4717221
ybiY_ybiW_predicted,0.2,4,4,ATTTTATGGTCTGCTTTCGG,0,4707483
ybiY_ybiW_predicted,0.2,4,4,ATTTATTTCTAATCTCCTTA,0,4718240
ybiY_ybiW_predicted,0.2,4,4,ATTTATCCCTAAAGCGCCAA,0,4700365
ybiY_ybiW_predicted,0.2,4,4,ATTGTTTGTCTCCCTAGCCT,0,4715587
ybiY_ybiW_predicted,0.2,4,4,ATTGGAAGCTAGTTTTGATT,0,4721905
ybiY_ybiW_predicted,0.2,4,4,ATTGACCCTATCACCAGCAA,0,4703942
ybiY_ybiW_predicted,0.2,4,4,ATTCTGAAACGTATGGGAAA,0,4706442
ybiY_ybiW_predicted,0.2,4,4,ATTAGGCGTAGGTCGTAGGA,0,4696666
ybiY_ybiW_predicted,0.2,4,4,ATTACGAGCGCGCTGCGGGT,0,4730462
ybiY_ybiW_predicted,0.2,4,4,ATTAATCCAACTTTCTTCAC,0,4693570
ybiY_ybiW_predicted,0.2,4,4,ATTAAGGCTGACTGTTCGGG,0,4701494
ybiY_ybiW_predicted,0.2,4,4,ATTAAGACCCCCGTGGATGG,0,4729513
ybiY_ybiW_predicted,0.2,4,4,ATGTTCCTACATTAATGTAG,0,4724571
ybiY_ybiW_predicted,0.2,4,4,ATGTTATTCCGCCCCCATAT,0,4692144
ybiY_ybiW_predicted,0.2,4,4,ATGTTACAATGGGTACGAGT,0,4704221
ybiY_ybiW_predicted,0.2,4,4,ATGTGAAAAGGCGAGCGTGA,0,4697548
ybiY_ybiW_predicted,0.2,4,4,ATGTATCTGGAAACCGCTGT,0,4716582
ybiY_ybiW_predicted,0.2,4,4,ATGGGTGCACCTGAAGGGAC,0,4726132
ybiY_ybiW_predicted,0.2,4,4,ATGGGCGTACCTATTGCGGT,0,4721146
ybiY_ybiW_predicted,0.2,4,4,ATGGCACCAGTATGGTCAGT,0,4708201
ybiY_ybiW_predicted,0.2,4,4,ATGCTTTCGACGGTCCCCAT,0,4691106
ybiY_ybiW_predicted,0.2,4,4,ATGCTCTCGCAATTTTTTTG,0,4718617
ybiY_ybiW_predicted,0.2,4,4,ATGCGGTAAGTATATTGGGG,0,4710508
ybiY_ybiW_predicted,0.2,4,4,ATGCCGCCTTATTCCGACTT,0,4712031
ybiY_ybiW_predicted,0.2,4,4,ATGCAGGTCCAGATATGTCT,0,4696222
ybiY_ybiW_predicted,0.2,4,4,ATGAGCGGAACGTGGGTTGA,0,4702985
ybiY_ybiW_predicted,0.2,4,4,ATGAGAGATCGTGTGATCAC,0,4705209
ybiY_ybiW_predicted,0.2,4,4,ATGACTGTATAATTCGGACT,0,4701681
ybiY_ybiW_predicted,0.2,4,4,ATGACCAGCGATTACTGTCT,0,4700950
ybiY_ybiW_predicted,0.2,4,4,ATCTGTGCCGGGTAAATCCC,0,4688771
ybiY_ybiW_predicted,0.2,4,4,ATCTGCAAGCGTGGGCTTGT,0,4724286
ybiY_ybiW_predicted,0.2,4,4,ATCGTCCTTGTCATTGCTCA,0,4696090
ybiY_ybiW_predicted,0.2,4,4,ATCGTATGGTATCCTTATTG,0,4718273
ybiY_ybiW_predicted,0.2,4,4,ATCGCTCAATATCCATCACG,0,4731966
ybiY_ybiW_predicted,0.2,4,4,ATCGCGGCCCACGGGGTCGT,0,4732681
ybiY_ybiW_predicted,0.2,4,4,ATCCTACCGGTCAGAATTTC,0,4718251
ybiY_ybiW_predicted,0.2,4,4,ATCCCTAGGGTTAGCACAGG,0,4693636
ybiY_ybiW_predicted,0.2,4,4,ATCCCAAGAACTTTAAGGCC,0,4710636
ybiY_ybiW_predicted,0.2,4,4,ATCATAGAAGTCTTTAAAGA,0,4690911
ybiY_ybiW_predicted,0.2,4,4,ATATGTCCTTTGTGTACTCT,0,4718072
ybiY_ybiW_predicted,0.2,4,4,ATATGTAGGCCCTGGGCTCT,0,4715919
ybiY_ybiW_predicted,0.2,4,4,ATATCGGCCGAAAAACTGTG,0,4705333
ybiY_ybiW_predicted,0.2,4,4,ATATACAAGTGGATCTAAAG,0,4697498
ybiY_ybiW_predicted,0.2,4,4,ATATACAACGATCGTTATTA,0,4707846
ybiY_ybiW_predicted,0.2,4,4,ATAGTCGGAGCGTTAAAGGT,0,4715047
ybiY_ybiW_predicted,0.2,4,4,ATAGGTTGGGGGGACACGGA,0,4724274
ybiY_ybiW_predicted,0.2,4,4,ATAGGTGGGTTTTCGTCGAA,0,4704254
ybiY_ybiW_predicted,0.2,4,4,ATAGCCATGTGGCAAGGTAA,0,4716975
ybiY_ybiW_predicted,0.2,4,4,ATAGATTGACGATTGCCTAA,0,4717800
ybiY_ybiW_predicted,0.2,4,4,ATACTTGTATACGGGAATGA,0,4716734
ybiY_ybiW_predicted,0.2,4,4,ATACTACGTAAGGATATGAA,0,4702886
ybiY_ybiW_predicted,0.2,4,4,ATACGAGAGCCCGGGCCTAC,0,4722093
ybiY_ybiW_predicted,0.2,4,4,ATACCTGGCGATCGAGGGAT,0,4693225
ybiY_ybiW_predicted,0.2,4,4,ATACCAGCCCATGAGTCTGA,0,4717191
ybiY_ybiW_predicted,0.2,4,4,ATACACCTTTATGCGCATTA,0,4716449
ybiY_ybiW_predicted,0.2,4,4,ATACACCATTCGTGGGGCGT,0,4720089
ybiY_ybiW_predicted,0.2,4,4,ATAATGCCGAGCTGTACCCA,0,4708822
ybiY_ybiW_predicted,0.2,4,4,ATAATGCAGGTGGTGTATGA,0,4713685
ybiY_ybiW_predicted,0.2,4,4,ATAAATGGGGTACGTCGATA,0,4713958
ybiY_ybiW_predicted,0.2,4,4,ATAAATGCGGTGTGAAGCCC,0,4705946
ybiY_ybiW_predicted,0.2,4,4,AGTTCGGGCGGAGGATAGCG,0,4716609
ybiY_ybiW_predicted,0.2,4,4,AGTTCCCCATCGGGGCCATG,0,4688476
ybiY_ybiW_predicted,0.2,4,4,AGTTCAGAATTAGATTGTTA,0,4691762
ybiY_ybiW_predicted,0.2,4,4,AGTTATGGTTGATTTTGAAC,0,4692234
ybiY_ybiW_predicted,0.2,4,4,AGTGGGCATTAAGCTCAGCA,0,4709747
ybiY_ybiW_predicted,0.2,4,4,AGTGCTACCAGCATTCACAT,0,4692622
ybiY_ybiW_predicted,0.2,4,4,AGTGCACAGTGATTTAGGTG,0,4696115
ybiY_ybiW_predicted,0.2,4,4,AGTCTACTTACACTTGATGG,0,4728869
ybiY_ybiW_predicted,0.2,4,4,AGTCGCTTTATGAAAAAGAT,0,4697630
ybiY_ybiW_predicted,0.2,4,4,AGTCCAGCATAGGATAATGG,0,4711041
ybiY_ybiW_predicted,0.2,4,4,AGTCAGGTAGGCGCTCATTG,0,4696361
ybiY_ybiW_predicted,0.2,4,4,AGTATAAACTAAAACAATAT,0,4698564
ybiY_ybiW_predicted,0.2,4,4,AGGTTTCCACGCTGTCATGG,0,4719639
ybiY_ybiW_predicted,0.2,4,4,AGGTTCCCTACGACGGATCT,0,4700759
ybiY_ybiW_predicted,0.2,4,4,AGGTTATAGGGGGGCTTGAA,0,4715492
ybiY_ybiW_predicted,0.2,4,4,AGGTTAGCCACAACGCCCGT,0,4730691
ybiY_ybiW_predicted,0.2,4,4,AGGTTACGTGGGTGTAAACC,0,4709306
ybiY_ybiW_predicted,0.2,4,4,AGGTGGGAGTGAATGTAAAC,0,4715429
ybiY_ybiW_predicted,0.2,4,4,AGGTGAATTGAAGTTCAGGT,0,4704282
ybiY_ybiW_predicted,0.2,4,4,AGGTCGCGTTTGCGACTTGG,0,4691873
ybiY_ybiW_predicted,0.2,4,4,AGGGTTACCGTGCGGTGTGT,0,4716736
ybiY_ybiW_predicted,0.2,4,4,AGGGTCACTCGTGGCTCCCA,0,4720707
ybiY_ybiW_predicted,0.2,4,4,AGGGCGATGTGTTTATTCAG,0,4717630
ybiY_ybiW_predicted,0.2,4,4,AGGGACTTATGCAGCATGGA,0,4702952
ybiY_ybiW_predicted,0.2,4,4,AGGGAAGTAGATGATGTCAA,0,4710227
ybiY_ybiW_predicted,0.2,4,4,AGGCTAGGTTAGGGTCATTT,0,4721559
ybiY_ybiW_predicted,0.2,4,4,AGGCGAAAGGGTGTTACCTT,0,4721741
ybiY_ybiW_predicted,0.2,4,4,AGGCATAGGCTATCTCGTGG,0,4722386
ybiY_ybiW_predicted,0.2,4,4,AGGCAGGGCGTCAGCACTGA,0,4700697
ybiY_ybiW_predicted,0.2,4,4,AGGATTCGAGTAATAGGTTG,0,4714055
ybiY_ybiW_predicted,0.2,4,4,AGGATTATGGGATGGTCGGC,0,4708232
ybiY_ybiW_predicted,0.2,4,4,AGGAGTGGGCGATAAAGGGT,0,4718693
ybiY_ybiW_predicted,0.2,4,4,AGGAAGAGCGGTGAACTGGC,0,4718042
ybiY_ybiW_predicted,0.2,4,4,AGCTGAAACAGTCTCGCTCC,0,4701756
ybiY_ybiW_predicted,0.2,4,4,AGCTCATCACGTACCCAGGA,0,4692796
ybiY_ybiW_predicted,0.2,4,4,AGCGCGATTCGCCAAAGGTT,0,4699009
ybiY_ybiW_predicted,0.2,4,4,AGCCTACGACCGTTAGCGGG,0,4688860
ybiY_ybiW_predicted,0.2,4,4,AGCCGCTCCCGCTCCGCAAG,0,4697864
ybiY_ybiW_predicted,0.2,4,4,AGCACCACTTGACGTGAGAT,0,4718477
ybiY_ybiW_predicted,0.2,4,4,AGCACAGATTGTCTCGCAAG,0,4696634
ybiY_ybiW_predicted,0.2,4,4,AGATGGGATCATTTGCGTAA,0,4704087
ybiY_ybiW_predicted,0.2,4,4,AGATCGTTATGGTGGATGCA,0,4707151
ybiY_ybiW_predicted,0.2,4,4,AGATCAATATAAGGTTGGGA,0,4726350
ybiY_ybiW_predicted,0.2,4,4,AGAGTTTGATATTGATATAA,0,4699236
ybiY_ybiW_predicted,0.2,4,4,AGAGCTCTACCTCGAATTAG,0,4714903
ybiY_ybiW_predicted,0.2,4,4,AGAGCCAAGTAACGGGTATG,0,4723152
ybiY_ybiW_predicted,0.2,4,4,AGAGAACACATGTAGTAGAA,0,4717256
ybiY_ybiW_predicted,0.2,4,4,AGACTCCAGGGCCCAGGAAT,0,4694129
ybiY_ybiW_predicted,0.2,4,4,AGACTAATTATTTACAAGCG,0,4701490
ybiY_ybiW_predicted,0.2,4,4,AGACGGATCCTTGCCTGATA,0,4722770
ybiY_ybiW_predicted,0.2,4,4,AGACCGCTACTTAATTAAGA,0,4724051
ybiY_ybiW_predicted,0.2,4,4,AGACCCCATGTTAGCCTCTT,0,4716922
ybiY_ybiW_predicted,0.2,4,4,AGACCAGATCGGGTGGCTGG,0,4706354
ybiY_ybiW_predicted,0.2,4,4,AGAAGAAGGAGAGGCTTCCT,0,4720856
ybiY_ybiW_predicted,0.2,4,4,AGAAAATGGAATGGAGCGTT,0,4725516
ybiY_ybiW_predicted,0.2,4,4,ACTTAAGCGGCCTGGCCAAG,0,4728927
ybiY_ybiW_predicted,0.2,4,4,ACTGTTTGAGGGCCTGGCGC,0,4722442
ybiY_ybiW_predicted,0.2,4,4,ACTGCAAATATTGTGGGCGC,0,4704255
ybiY_ybiW_predicted,0.2,4,4,ACTCTGGTTTCGTTAAGACA,0,4713599
ybiY_ybiW_predicted,0.2,4,4,ACTCGTTCCGCCTGATGCGC,0,4698931
ybiY_ybiW_predicted,0.2,4,4,ACTAGATGTTCAGTAGTTCG,0,4696521
ybiY_ybiW_predicted,0.2,4,4,ACTACATCACGCATGCCGTC,0,4732306
ybiY_ybiW_predicted,0.2,4,4,ACTACAGTTTTAAGGGAAGT,0,4696812
ybiY_ybiW_predicted,0.2,4,4,ACGTCAAAAGGAGCCCGCTG,0,4696947
ybiY_ybiW_predicted,0.2,4,4,ACGGAGCAGGTCCATAGTCA,0,4719783
ybiY_ybiW_predicted,0.2,4,4,ACGCTCTATACGGCCGTAGC,0,4711207
ybiY_ybiW_predicted,0.2,4,4,ACGCCAGGGCTCTGCTTAGC,0,4722856
ybiY_ybiW_predicted,0.2,4,4,ACGCAGGACCCACTTACGAG,0,4726399
ybiY_ybiW_predicted,0.2,4,4,ACGATTCATAATAATAATTT,0,4698664
ybiY_ybiW_predicted,0.2,4,4,ACGAGGTATAGCACTCACGT,0,4712544
ybiY_ybiW_predicted,0.2,4,4,ACGACGAGGAGTTGATTGAA,0,4725999
ybiY_ybiW_predicted,0.2,4,4,ACGACCCGGCGCGAGGCCAT,0,4712421
ybiY_ybiW_predicted,0.2,4,4,ACCTGTCTATTCGGGGTTAG,0,4704402
ybiY_ybiW_predicted,0.2,4,4,ACCTAGTGTAACCGCATTGA,0,4704509
ybiY_ybiW_predicted,0.2,4,4,ACCGTTCGTAGCCCTCGAAT,0,4710377
ybiY_ybiW_predicted,0.2,4,4,ACCGGCTGACAGTCCAGTCT,0,4702510
ybiY_ybiW_predicted,0.2,4,4,ACCCTGCAAACTAGGACGGC,0,4699294
ybiY_ybiW_predicted,0.2,4,4,ACCCGTTCTTCCTGCTGATA,0,4719443
ybiY_ybiW_predicted,0.2,4,4,ACCAGATAGCTGGTCCCGGC,0,4721520
ybiY_ybiW_predicted,0.2,4,4,ACCAAGTTTTGCTTCCACTA,0,4707067
ybiY_ybiW_predicted,0.2,4,4,ACCAAAGGCGCGTAAAAGTC,0,4722679
ybiY_ybiW_predicted,0.2,4,4,ACATTCTGGGGCATCGACAA,0,4717025
ybiY_ybiW_predicted,0.2,4,4,ACATAAGGATCAAACCGCAG,0,4720018
ybiY_ybiW_predicted,0.2,4,4,ACAGTCGGGTCATTCTGGCA,0,4695810
ybiY_ybiW_predicted,0.2,4,4,ACAGCCCCTACGATCACCTG,0,4728747
ybiY_ybiW_predicted,0.2,4,4,ACAGAACTCCTTTGCCCTGG,0,4724450
ybiY_ybiW_predicted,0.2,4,4,ACACTCTCCCCTTCTCGCGG,0,4689420
ybiY_ybiW_predicted,0.2,4,4,ACACTCTAGGTAGATTAATT,0,4722652
ybiY_ybiW_predicted,0.2,4,4,ACACGTCCACTTTTCCTGCT,0,4721769
ybiY_ybiW_predicted,0.2,4,4,ACACCGCTTCAACTCCACCG,0,4707008
ybiY_ybiW_predicted,0.2,4,4,ACAATCGGAAGAACAGTTGA,0,4708123
ybiY_ybiW_predicted,0.2,4,4,ACAAGGGAAACAAAGTGGCT,0,4689672
ybiY_ybiW_predicted,0.2,4,4,ACAAGCATTACTCTAAGGAG,0,4727856
ybiY_ybiW_predicted,0.2,4,4,ACAACTTGCGCTTCGGTTTT,0,4714819
ybiY_ybiW_predicted,0.2,4,4,AATTTCAGCGTCCGCGGATG,0,4704824
ybiY_ybiW_predicted,0.2,4,4,AATTGCCGATCTATCGACGA,0,4720706
ybiY_ybiW_predicted,0.2,4,4,AATTCGGGCTTATGTCCGTG,0,4699971
ybiY_ybiW_predicted,0.2,4,4,AATTATAGGGATACTAATTA,0,4726336
ybiY_ybiW_predicted,0.2,4,4,AATGGTGAGGGCTTTCGAGG,0,4699059
ybiY_ybiW_predicted,0.2,4,4,AATGGGCGTGTCCAATCCCC,0,4711762
ybiY_ybiW_predicted,0.2,4,4,AATGATAATAGTGTTGACTG,0,4727917
ybiY_ybiW_predicted,0.2,4,4,AATCGGCCATTGTAGCAAGC,0,4717859
ybiY_ybiW_predicted,0.2,4,4,AATCGCTCACTCCTGTCCCA,0,4705861
ybiY_ybiW_predicted,0.2,4,4,AATCCTGCGTCCTCCCGTTA,0,4731473
ybiY_ybiW_predicted,0.2,4,4,AATCCAGGGAGAATTCCGTT,0,4727709
ybiY_ybiW_predicted,0.2,4,4,AATAGTGGGGGTGTGAGACG,0,4713850
ybiY_ybiW_predicted,0.2,4,4,AAGTTCTTCGCCGGTACGAA,0,4709661
ybiY_ybiW_predicted,0.2,4,4,AAGTTCCTATAAGTTATACC,0,4696579
ybiY_ybiW_predicted,0.2,4,4,AAGTTCAACTTGCTCTGTGT,0,4691553
ybiY_ybiW_predicted,0.2,4,4,AAGTGCTCTTCAAGGATTTC,0,4719975
ybiY_ybiW_predicted,0.2,4,4,AAGTCGCCGGTACTCTTATG,0,4704400
ybiY_ybiW_predicted,0.2,4,4,AAGGTTTTGCTGCTACTCCT,0,4712334
ybiY_ybiW_predicted,0.2,4,4,AAGGCTCTCACGCTTCTTGC,0,4689139
ybiY_ybiW_predicted,0.2,4,4,AAGGCGTGCTCGCATGTTGC,0,4700735
ybiY_ybiW_predicted,0.2,4,4,AAGGCAAATGAGATCGCGTT,0,4716392
ybiY_ybiW_predicted,0.2,4,4,AAGGAGGTAGGTTCGTGATA,0,4689902
ybiY_ybiW_predicted,0.2,4,4,AAGCTACCGCGACCACAAAC,0,4695968
ybiY_ybiW_predicted,0.2,4,4,AAGCGTACTACATGCGGGGG,0,4723075
ybiY_ybiW_predicted,0.2,4,4,AAGCGAAGTATTGGAGACAT,0,4717209
ybiY_ybiW_predicted,0.2,4,4,AAGCCTGTCGCCATGAGGAA,0,4689585
ybiY_ybiW_predicted,0.2,4,4,AACTTCGCAGAGCCAGGGCT,0,4707738
ybiY_ybiW_predicted,0.2,4,4,AACTTCCGTTGAGGCTGCCA,0,4721363
ybiY_ybiW_predicted,0.2,4,4,AACTAGCCGGCCCTCTGAGC,0,4693413
ybiY_ybiW_predicted,0.2,4,4,AACGTGTCAACGTTGTGGAG,0,4728265
ybiY_ybiW_predicted,0.2,4,4,AACCGCCAATAAGAGATGCT,0,4716979
ybiY_ybiW_predicted,0.2,4,4,AACCCCGTAGAAACGCGCTC,0,4705378
ybiY_ybiW_predicted,0.2,4,4,AACATTGGGTGACGGTACGA,0,4729000
ybiY_ybiW_predicted,0.2,4,4,AAATGGGTAAAATCTATGTG,0,4715237
ybiY_ybiW_predicted,0.2,4,4,AAAGGTCATATGGCAGTCGT,0,4717844
ybiY_ybiW_predicted,0.2,4,4,AAAGCTAAGGAGCCACTCAA,0,4699047
ybiY_ybiW_predicted,0.2,4,4,AAAGCCGTGTGGTGAGATGT,0,4702109
ybiY_ybiW_predicted,0.2,4,4,AAAGCAGTGTGGTCTAATAA,0,4691855
ybiY_ybiW_predicted,0.2,4,4,AAACTGTACCCGCTAATCAG,0,4700189
ybiY_ybiW_predicted,0.2,4,4,AAACGATAGTGACTCTCTAA,0,4716822
ybiY_ybiW_predicted,0.2,4,4,AAACCGAGGGGCTCCCGCGA,0,4694805
ybiY_ybiW_predicted,0.2,4,4,AAACATTAGTTCTGTACTGG,0,4711931
ybiY_ybiW_predicted,0.2,4,4,AAACATATTGTCGCAACCTA,0,4703309
ybiY_ybiW_predicted,0.2,4,4,AAAATAATCTGCTGGTAGCG,0,4688813
ybiY_ybiW_predicted,0.25,3,3,TTTTTGCCGTACGCTTGATG,0,4706722
ybiY_ybiW_predicted,0.25,3,3,TTTTTGCAGTGTTCCTCAGT,0,4718579
ybiY_ybiW_predicted,0.25,3,3,TTTTAGGGGAAGACGAAGCG,0,4700949
ybiY_ybiW_predicted,0.25,3,3,TTTGTTCAATTGTACGCCCT,0,4731476
ybiY_ybiW_predicted,0.25,3,3,TTTGGTTCACCTTACATATA,0,4712914
ybiY_ybiW_predicted,0.25,3,3,TTTGGTGCCTAAAGGTGATA,0,4694519
ybiY_ybiW_predicted,0.25,3,3,TTTGGGTGGAATTGAACTTG,0,4710151
ybiY_ybiW_predicted,0.25,3,3,TTTGCGCCGTAACGTGTACG,0,4715069
ybiY_ybiW_predicted,0.25,3,3,TTTGATAGTGTCAGTGGAAA,0,4717159
ybiY_ybiW_predicted,0.25,3,3,TTTCAAAAATATGTCAGATG,0,4696171
ybiY_ybiW_predicted,0.25,3,3,TTTATTGTGGATGGCGCTGA,0,4704114
ybiY_ybiW_predicted,0.25,3,3,TTTATATTCTAATTTGAGAT,0,4731510
ybiY_ybiW_predicted,0.25,3,3,TTTAGTTGGAGCCTTGGGTC,0,4727265
ybiY_ybiW_predicted,0.25,3,3,TTTAGAGACTGGGTTTTATT,0,4727820
ybiY_ybiW_predicted,0.25,3,3,TTTACGCAACACACTGCGAT,0,4700864
ybiY_ybiW_predicted,0.25,3,3,TTTACAACGATTACGGGCGT,0,4700123
ybiY_ybiW_predicted,0.25,3,3,TTGTACCGGCCACACTTGGG,0,4717226
ybiY_ybiW_predicted,0.25,3,3,TTGGTGATTGTAATTTGCGG,0,4704361
ybiY_ybiW_predicted,0.25,3,3,TTGGTCTCCAGTCGATTAAA,0,4723377
ybiY_ybiW_predicted,0.25,3,3,TTGGTACAACTCGGACCGCC,0,4715113
ybiY_ybiW_predicted,0.25,3,3,TTGCGCTAGTCCGGCAAACC,0,4689200
ybiY_ybiW_predicted,0.25,3,3,TTGCGCCGCAAAGATTCGTA,0,4714144
ybiY_ybiW_predicted,0.25,3,3,TTGCCGACTTCGTGTTGGTT,0,4695931
ybiY_ybiW_predicted,0.25,3,3,TTGCCCCCCACTCTCCTCAA,0,4701053
ybiY_ybiW_predicted,0.25,3,3,TTGCACTGCACAGAATCAGT,0,4728712
ybiY_ybiW_predicted,0.25,3,3,TTGATCAGGATGCATGCGTA,0,4710125
ybiY_ybiW_predicted,0.25,3,3,TTGAGTCCAGCGAGTTGCAA,0,4709992
ybiY_ybiW_predicted,0.25,3,3,TTGACACGACACGGAAGGCC,0,4712827
ybiY_ybiW_predicted,0.25,3,3,TTCTGTCTGGGGAGTTGTGT,0,4723187
ybiY_ybiW_predicted,0.25,3,3,TTCTGTAAGGGGGCACCTGG,0,4708989
ybiY_ybiW_predicted,0.25,3,3,TTCTGGGGAACGAACGCTCA,0,4717921
ybiY_ybiW_predicted,0.25,3,3,TTCTGCTTCTTAATCACGTT,0,4702318
ybiY_ybiW_predicted,0.25,3,3,TTCTGCCACTACTTCCCGTG,0,4728841
ybiY_ybiW_predicted,0.25,3,3,TTCTAGTTTGCCCGGTTTTT,0,4697920
ybiY_ybiW_predicted,0.25,3,3,TTCTACTGGATATGCCTTTG,0,4690221
ybiY_ybiW_predicted,0.25,3,3,TTCGTGCCATCTCCCGTAGA,0,4709508
ybiY_ybiW_predicted,0.25,3,3,TTCGTAAATTACTAATGCCA,0,4706525
ybiY_ybiW_predicted,0.25,3,3,TTCGCTCGTGGTTTCACTAT,0,4704690
ybiY_ybiW_predicted,0.25,3,3,TTCGAGAGAGCGTTGTCCTT,0,4712575
ybiY_ybiW_predicted,0.25,3,3,TTCCGGGAAGCGTAGATAGT,0,4729786
ybiY_ybiW_predicted,0.25,3,3,TTCCCTGCCGAACCCCTTTC,0,4693561
ybiY_ybiW_predicted,0.25,3,3,TTCCCACTGCGTCGAGTGTT,0,4701523
ybiY_ybiW_predicted,0.25,3,3,TTCCAACTTACGTCCACCAT,0,4709783
ybiY_ybiW_predicted,0.25,3,3,TTCAGCGACGCCCTGGCTTT,0,4711959
ybiY_ybiW_predicted,0.25,3,3,TTCACGGACGTGTTGATCGC,0,4723025
ybiY_ybiW_predicted,0.25,3,3,TTCACCATTTTAGGGACGGT,0,4696312
ybiY_ybiW_predicted,0.25,3,3,TTATGTACCATTATCATCAC,0,4727379
ybiY_ybiW_predicted,0.25,3,3,TTATATAGACGGGCATAGTG,0,4697471
ybiY_ybiW_predicted,0.25,3,3,TTATAGTGAATGCGCCTACG,0,4711124
ybiY_ybiW_predicted,0.25,3,3,TTATACACCCACGTTTGGTT,0,4710019
ybiY_ybiW_predicted,0.25,3,3,TTAGTCGCTTTCGCACGGGA,0,4714149
ybiY_ybiW_predicted,0.25,3,3,TTAGTATGCCAGCAGTATCG,0,4698792
ybiY_ybiW_predicted,0.25,3,3,TTAGCAGGACGGTACGAGTA,0,4721365
ybiY_ybiW_predicted,0.25,3,3,TTACTCAGGTTTTCGAACGC,0,4691736
ybiY_ybiW_predicted,0.25,3,3,TTACTAGCAGTGTCGGCGAC,0,4713868
ybiY_ybiW_predicted,0.25,3,3,TTACCGTCTCCCACGCCACC,0,4718174
ybiY_ybiW_predicted,0.25,3,3,TTAATACAATTTCCTTGTCC,0,4720867
ybiY_ybiW_predicted,0.25,3,3,TTAACGGTTTAATCGGTCTT,0,4705626
ybiY_ybiW_predicted,0.25,3,3,TTAACCAATAGTGGGCGTTA,0,4693876
ybiY_ybiW_predicted,0.25,3,3,TTAACATGGTGCAATAAGTT,0,4721182
ybiY_ybiW_predicted,0.25,3,3,TTAAATACTCTCAGGGTGGC,0,4694424
ybiY_ybiW_predicted,0.25,3,3,TGTTTGCTGTTCGGAATGGG,0,4721283
ybiY_ybiW_predicted,0.25,3,3,TGTTTCCGTGTTCGTTCCAA,0,4727297
ybiY_ybiW_predicted,0.25,3,3,TGTTCTAGTTTTGGTAGCAT,0,4711634
ybiY_ybiW_predicted,0.25,3,3,TGTTACCTGCGTAAAACAAG,0,4689454
ybiY_ybiW_predicted,0.25,3,3,TGTGTCTGCCTTTTGCCCCG,0,4693429
ybiY_ybiW_predicted,0.25,3,3,TGTGGTGTTGTCATGTTAAT,0,4723633
ybiY_ybiW_predicted,0.25,3,3,TGTGCGATGATTTATTCGCA,0,4689626
ybiY_ybiW_predicted,0.25,3,3,TGTGACTGGGTCATAGGCCA,0,4702830
ybiY_ybiW_predicted,0.25,3,3,TGTCTTTTACGCAAGTACAA,0,4702564
ybiY_ybiW_predicted,0.25,3,3,TGTCGGTCTGAGAGACTTCC,0,4710709
ybiY_ybiW_predicted,0.25,3,3,TGTCCTACCTATCTACATGT,0,4697200
ybiY_ybiW_predicted,0.25,3,3,TGTATGCTTCTGTACGTCCA,0,4700999
ybiY_ybiW_predicted,0.25,3,3,TGTAAGAGACTACCCATGCA,0,4701952
ybiY_ybiW_predicted,0.25,3,3,TGGTTCGACTGGCAGAAGAG,0,4717558
ybiY_ybiW_predicted,0.25,3,3,TGGGTGGCGTCAAATTCAGC,0,4703743
ybiY_ybiW_predicted,0.25,3,3,TGGGTGATTCCGACGTTCAC,0,4730940
ybiY_ybiW_predicted,0.25,3,3,TGGGGCGGCACCCTTGACGA,0,4702594
ybiY_ybiW_predicted,0.25,3,3,TGGGCTAGTCCCCGGAATAA,0,4717236
ybiY_ybiW_predicted,0.25,3,3,TGGGCCATTTTGCCGAAGGG,0,4722763
ybiY_ybiW_predicted,0.25,3,3,TGGCTGAAAGATGTGCGATC,0,4711348
ybiY_ybiW_predicted,0.25,3,3,TGGATGGTCGTGCATTACCA,0,4704832
ybiY_ybiW_predicted,0.25,3,3,TGGAGGGTCAACCGACCAAT,0,4707256
ybiY_ybiW_predicted,0.25,3,3,TGGAGCGACCAGTAATGACA,0,4711697
ybiY_ybiW_predicted,0.25,3,3,TGGAGAAGGGCTACTTGGAT,0,4716477
ybiY_ybiW_predicted,0.25,3,3,TGGAGAAAGAAGATATTTAA,0,4688874
ybiY_ybiW_predicted,0.25,3,3,TGGACGGGGCAATCTGAGCC,0,4701479
ybiY_ybiW_predicted,0.25,3,3,TGCTTTTCGCGTAATCCTAT,0,4713026
ybiY_ybiW_predicted,0.25,3,3,TGCTTCTACTCGGAGAAACC,0,4688889
ybiY_ybiW_predicted,0.25,3,3,TGCTCGGGGCACGTAGCAAC,0,4718466
ybiY_ybiW_predicted,0.25,3,3,TGCGTTAAAAACCCTTATAA,0,4731668
ybiY_ybiW_predicted,0.25,3,3,TGCGTGGAATAAGGTAGTCC,0,4718784
ybiY_ybiW_predicted,0.25,3,3,TGCGGTTAGGGGTAAACGAT,0,4722713
ybiY_ybiW_predicted,0.25,3,3,TGCGGGACCAAATTTCATCT,0,4701017
ybiY_ybiW_predicted,0.25,3,3,TGCGCTTGTTTGATGCCGAC,0,4707044
ybiY_ybiW_predicted,0.25,3,3,TGCCAGTTGGGCAAGTGGAA,0,4719806
ybiY_ybiW_predicted,0.25,3,3,TGCCACTGTCAGCTATGCGT,0,4712955
ybiY_ybiW_predicted,0.25,3,3,TGCATTTCTGTGCGTTAGTG,0,4726849
ybiY_ybiW_predicted,0.25,3,3,TGCATGTGCTGAAACACATA,0,4725303
ybiY_ybiW_predicted,0.25,3,3,TGCAGTGGCCCCCGTCTCTT,0,4703207
ybiY_ybiW_predicted,0.25,3,3,TGCACTATCTAAAGGGTAGG,0,4705963
ybiY_ybiW_predicted,0.25,3,3,TGCAACCAGCTTGCGGGGTG,0,4699455
ybiY_ybiW_predicted,0.25,3,3,TGCAAATCTGCAACGGTACA,0,4697205
ybiY_ybiW_predicted,0.25,3,3,TGATTCCCGGGTTGTAAGTA,0,4732381
ybiY_ybiW_predicted,0.25,3,3,TGATCTCGGACTAGGAAAGA,0,4707172
ybiY_ybiW_predicted,0.25,3,3,TGAGTCTAAGGTCCACCCGT,0,4721843
ybiY_ybiW_predicted,0.25,3,3,TGAGCGTACGCCTGTAGCCC,0,4699418
ybiY_ybiW_predicted,0.25,3,3,TGAGACTTTCAGGGGGTCCC,0,4692805
ybiY_ybiW_predicted,0.25,3,3,TGACTCAGCCGCAGCCATTA,0,4707091
ybiY_ybiW_predicted,0.25,3,3,TGACACTTTAATAAGATGAG,0,4689116
ybiY_ybiW_predicted,0.25,3,3,TGAAGACAGTCTCAGTAGAC,0,4700771
ybiY_ybiW_predicted,0.25,3,3,TGAACGCGTCACAAATTCGA,0,4726966
ybiY_ybiW_predicted,0.25,3,3,TGAAAAGTCGTTGTTTATGG,0,4707477
ybiY_ybiW_predicted,0.25,3,3,TGAAAACTCACGTGACAGCC,0,4714474
ybiY_ybiW_predicted,0.25,3,3,TCTTTATGGCTGGCGATTAC,0,4725354
ybiY_ybiW_predicted,0.25,3,3,TCTTGTTCAGATATGTAGGG,0,4704260
ybiY_ybiW_predicted,0.25,3,3,TCTTGTCTTCGCTACCAGTA,0,4695481
ybiY_ybiW_predicted,0.25,3,3,TCTTGGGCGCAGGCCTTGGA,0,4716350
ybiY_ybiW_predicted,0.25,3,3,TCTTAATTTTACGTGCAGTC,0,4712110
ybiY_ybiW_predicted,0.25,3,3,TCTTAAGCGTGCCTATGCTA,0,4702489
ybiY_ybiW_predicted,0.25,3,3,TCTGTCAGTATTAGTGGTTT,0,4728804
ybiY_ybiW_predicted,0.25,3,3,TCTGTATCGGATTCACAAAT,0,4705400
ybiY_ybiW_predicted,0.25,3,3,TCTGGGCCTTCCGGCACACC,0,4697496
ybiY_ybiW_predicted,0.25,3,3,TCTGCAATAGCGTTAAGACG,0,4718503
ybiY_ybiW_predicted,0.25,3,3,TCTGACCAGAGGGCAGGACC,0,4700337
ybiY_ybiW_predicted,0.25,3,3,TCTGAATATAAAGATCTTGA,0,4698173
ybiY_ybiW_predicted,0.25,3,3,TCTGAAGGGTAGGAACCGCA,0,4691451
ybiY_ybiW_predicted,0.25,3,3,TCTCGGGCGCGCCGAGCCAC,0,4704327
ybiY_ybiW_predicted,0.25,3,3,TCTCATCACTCCACCCCGAA,0,4724058
ybiY_ybiW_predicted,0.25,3,3,TCTCAGAGCGTAGGCCCGTA,0,4690222
ybiY_ybiW_predicted,0.25,3,3,TCTCAACCCCTCACCAGCTC,0,4728926
ybiY_ybiW_predicted,0.25,3,3,TCTATATTTGAAGAAAAATG,0,4689915
ybiY_ybiW_predicted,0.25,3,3,TCTAATCTCCGAAGTGTGGA,0,4688677
ybiY_ybiW_predicted,0.25,3,3,TCGTCAGTTACACAGCGCTA,0,4730087
ybiY_ybiW_predicted,0.25,3,3,TCGTATCTACACCTGCGGTC,0,4713303
ybiY_ybiW_predicted,0.25,3,3,TCGGTTAGTGGTGGCTTGAA,0,4725515
ybiY_ybiW_predicted,0.25,3,3,TCGGGATAACTCTTTCCCGT,0,4694701
ybiY_ybiW_predicted,0.25,3,3,TCGGCTAGAGAGAGACAACG,0,4704763
ybiY_ybiW_predicted,0.25,3,3,TCGGCGCAATGTACGTTCGT,0,4692965
ybiY_ybiW_predicted,0.25,3,3,TCGCTTATTTACCTTCTTCC,0,4719313
ybiY_ybiW_predicted,0.25,3,3,TCGCTGGCTCCAGTGAATTT,0,4689473
ybiY_ybiW_predicted,0.25,3,3,TCGCTCACATCGCGTGCTGT,0,4730757
ybiY_ybiW_predicted,0.25,3,3,TCGCTACCTAGCCCAACACA,0,4730158
ybiY_ybiW_predicted,0.25,3,3,TCGCGGTGTCGGGAGGAATG,0,4689832
ybiY_ybiW_predicted,0.25,3,3,TCGCATTTCTTTGGAATACA,0,4708686
ybiY_ybiW_predicted,0.25,3,3,TCGCAAACATGCTTCTCGAG,0,4711770
ybiY_ybiW_predicted,0.25,3,3,TCGAACCGAACATGGGCGGG,0,4726689
ybiY_ybiW_predicted,0.25,3,3,TCCTCGCCCAAAAATAGGAA,0,4707273
ybiY_ybiW_predicted,0.25,3,3,TCCCGATATAAACTTCTCTC,0,4718649
ybiY_ybiW_predicted,0.25,3,3,TCCCCACAGATATAGGTGGC,0,4688631
ybiY_ybiW_predicted,0.25,3,3,TCCCAAAGCGGACGGTAGTG,0,4702042
ybiY_ybiW_predicted,0.25,3,3,TCCATTGAGCACTCAGCCTG,0,4705527
ybiY_ybiW_predicted,0.25,3,3,TCCACAACTATCCAGAACAT,0,4725577
ybiY_ybiW_predicted,0.25,3,3,TCCAAGCGTTACAATGGAAC,0,4691806
ybiY_ybiW_predicted,0.25,3,3,TCCAAGCCAACTACCCTCGG,0,4713769
ybiY_ybiW_predicted,0.25,3,3,TCCAAAAGAAGGGGTCGATG,0,4693652
ybiY_ybiW_predicted,0.25,3,3,TCATGTTATCTACACAATAA,0,4722926
ybiY_ybiW_predicted,0.25,3,3,TCATGCTCCGTGGTACATGT,0,4689693
ybiY_ybiW_predicted,0.25,3,3,TCATGCCCACATTGTACCTC,0,4695142
ybiY_ybiW_predicted,0.25,3,3,TCATCTCATCGGCGTCGGCC,0,4706729
ybiY_ybiW_predicted,0.25,3,3,TCATCCGGGTAAAATCGGGA,0,4721251
ybiY_ybiW_predicted,0.25,3,3,TCAGTACTTTCATTTTGATT,0,4720594
ybiY_ybiW_predicted,0.25,3,3,TCAGGAAGCATGTTAGAATG,0,4701762
ybiY_ybiW_predicted,0.25,3,3,TCACTTTTCATATGTAAGAG,0,4716208
ybiY_ybiW_predicted,0.25,3,3,TCACTGGGTCACTAAGGGTT,0,4715584
ybiY_ybiW_predicted,0.25,3,3,TCACTGCAGACCTACTTCTC,0,4726913
ybiY_ybiW_predicted,0.25,3,3,TCACGGCAGAGTGTACTGCG,0,4711016
ybiY_ybiW_predicted,0.25,3,3,TCACCGTGGCTTTACCCACG,0,4693103
ybiY_ybiW_predicted,0.25,3,3,TCACCCTTCACTAGGCCTAA,0,4720029
ybiY_ybiW_predicted,0.25,3,3,TCAAGTTTACTCGTATTGCA,0,4727750
ybiY_ybiW_predicted,0.25,3,3,TCAAGTGAATGTATAAATCT,0,4710141
ybiY_ybiW_predicted,0.25,3,3,TCAAGCTAGTGCGTCTAACC,0,4725243
ybiY_ybiW_predicted,0.25,3,3,TCAACATCAGCGCTCGCTGC,0,4710857
ybiY_ybiW_predicted,0.25,3,3,TCAAAGACATTGTTTCCCGT,0,4707830
ybiY_ybiW_predicted,0.25,3,3,TATTTCTGCCGTCTCGCTGC,0,4701431
ybiY_ybiW_predicted,0.25,3,3,TATTTAAGTGCGATTTCGGT,0,4731035
ybiY_ybiW_predicted,0.25,3,3,TATTGTTGACGCTTATTCCA,0,4704536
ybiY_ybiW_predicted,0.25,3,3,TATTGTAAAGATATCTGGCA,0,4696363
ybiY_ybiW_predicted,0.25,3,3,TATTAAGTTCAGAGAACGTA,0,4716972
ybiY_ybiW_predicted,0.25,3,3,TATGTTTCACTTTCACGCCC,0,4694418
ybiY_ybiW_predicted,0.25,3,3,TATGTCCCATCGAGCACTAT,0,4697388
ybiY_ybiW_predicted,0.25,3,3,TATGTAAAGCAATCTATAAT,0,4705467
ybiY_ybiW_predicted,0.25,3,3,TATGGCCGCCGGACATTGTG,0,4697234
ybiY_ybiW_predicted,0.25,3,3,TATGCTCGTTGGAGAGCCAC,0,4729103
ybiY_ybiW_predicted,0.25,3,3,TATGAAACCGTCTGTTTGCA,0,4710169
ybiY_ybiW_predicted,0.25,3,3,TATCGAGAAGTGTGGCCCGT,0,4718961
ybiY_ybiW_predicted,0.25,3,3,TATCGACTGATTGCATGGTA,0,4709876
ybiY_ybiW_predicted,0.25,3,3,TATCGAAAGCACGCTAACAT,0,4708296
ybiY_ybiW_predicted,0.25,3,3,TATCACCAAACGCAGGCCAT,0,4698285
ybiY_ybiW_predicted,0.25,3,3,TATAGTAACGTTGCTCCGGT,0,4729058
ybiY_ybiW_predicted,0.25,3,3,TAGGTTTTCTTAGTTAGCGG,0,4692608
ybiY_ybiW_predicted,0.25,3,3,TAGGTTGTGGCAAAGAGGAA,0,4688588
ybiY_ybiW_predicted,0.25,3,3,TAGGTAATGTTCTGGTGTGT,0,4708967
ybiY_ybiW_predicted,0.25,3,3,TAGGCAGTCACAGTACGTTT,0,4697357
ybiY_ybiW_predicted,0.25,3,3,TAGGATGTCGTAGAAATATC,0,4696886
ybiY_ybiW_predicted,0.25,3,3,TAGGAGCGCTACATAAAGAC,0,4711404
ybiY_ybiW_predicted,0.25,3,3,TAGCTTTACGCGATTTGATG,0,4694197
ybiY_ybiW_predicted,0.25,3,3,TAGCTTCACCGCGTGGCGAT,0,4688662
ybiY_ybiW_predicted,0.25,3,3,TAGCGGGGCGTGTGGTGCAG,0,4719405
ybiY_ybiW_predicted,0.25,3,3,TAGCCGGTGTCAGAGACTGA,0,4725094
ybiY_ybiW_predicted,0.25,3,3,TAGATTCCATCCTGCGATTG,0,4708668
ybiY_ybiW_predicted,0.25,3,3,TAGATCTGCTAATGCAAGGG,0,4707093
ybiY_ybiW_predicted,0.25,3,3,TAGACTTCGGTTGCATATCA,0,4693041
ybiY_ybiW_predicted,0.25,3,3,TAGACGTCGTATCATTGACC,0,4693836
ybiY_ybiW_predicted,0.25,3,3,TAGACAAGGAAACAATTATG,0,4691342
ybiY_ybiW_predicted,0.25,3,3,TAGAACCCTGGTTTCCACCC,0,4691637
ybiY_ybiW_predicted,0.25,3,3,TACTTCGATGAGGATGTGTA,0,4696943
ybiY_ybiW_predicted,0.25,3,3,TACTGCTCGTGGCACGTCGC,0,4726792
ybiY_ybiW_predicted,0.25,3,3,TACTATTATAGCACTCGCTC,0,4714576
ybiY_ybiW_predicted,0.25,3,3,TACTATGTTTCGCTTTGTTA,0,4729241
ybiY_ybiW_predicted,0.25,3,3,TACTAATCCCGGCGTAGTTC,0,4706813
ybiY_ybiW_predicted,0.25,3,3,TACGTGGTGGGATAGGGCAT,0,4722965
ybiY_ybiW_predicted,0.25,3,3,TACGGGATAAACAGTCGCTT,0,4692934
ybiY_ybiW_predicted,0.25,3,3,TACCGCTGATCTACAACTCA,0,4724787
ybiY_ybiW_predicted,0.25,3,3,TACCCCCTCAAGACGTTGGC,0,4706935
ybiY_ybiW_predicted,0.25,3,3,TACCAGGCAATCCATGCTGC,0,4709667
ybiY_ybiW_predicted,0.25,3,3,TACAGGTTTTCGGTCTAGTT,0,4710021
ybiY_ybiW_predicted,0.25,3,3,TACAGACCCGTGATCCCTTC,0,4710378
ybiY_ybiW_predicted,0.25,3,3,TACACGATCCCGGAGCTGCG,0,4705465
ybiY_ybiW_predicted,0.25,3,3,TAAGGTTGCGTTTTTAACCC,0,4709614
ybiY_ybiW_predicted,0.25,3,3,TAAGGCACGGCCCAAGGGAT,0,4706839
ybiY_ybiW_predicted,0.25,3,3,TAAGCGTTAGTCTCTGGTAC,0,4706711
ybiY_ybiW_predicted,0.25,3,3,TAAGAAACGTCACAGCCACA,0,4696185
ybiY_ybiW_predicted,0.25,3,3,TAAGAAAAATTCTATAATCG,0,4688722
ybiY_ybiW_predicted,0.25,3,3,TAACTGCCCGCGTTTCCATA,0,4731753
ybiY_ybiW_predicted,0.25,3,3,TAACGGGACCGGTACTCTGT,0,4713875
ybiY_ybiW_predicted,0.25,3,3,TAAACAGTTGTCAAGCCCCC,0,4693587
ybiY_ybiW_predicted,0.25,3,3,TAAAAGCTATTTAAACATTA,0,4702052
ybiY_ybiW_predicted,0.25,3,3,GTTTTGGGCGATGATTGTCT,0,4719814
ybiY_ybiW_predicted,0.25,3,3,GTTTTCATAGAGGGCTTCTA,0,4726073
ybiY_ybiW_predicted,0.25,3,3,GTTGGGCTTCTTTTATGCGT,0,4705845
ybiY_ybiW_predicted,0.25,3,3,GTTGCGGAGGGCCTGCCGCT,0,4729746
ybiY_ybiW_predicted,0.25,3,3,GTTCTGTTCTATTGAAACAA,0,4715289
ybiY_ybiW_predicted,0.25,3,3,GTTCTATGAACACCCCACGC,0,4712325
ybiY_ybiW_predicted,0.25,3,3,GTTCGGGCTCGAAACATCAT,0,4714742
ybiY_ybiW_predicted,0.25,3,3,GTTCCCCCAAACCAATATAG,0,4711280
ybiY_ybiW_predicted,0.25,3,3,GTTCCCACCTCACATGCGCG,0,4715568
ybiY_ybiW_predicted,0.25,3,3,GTTCACGGGCCATTTGTTTA,0,4702937
ybiY_ybiW_predicted,0.25,3,3,GTTATCGCTAACGCGTGACG,0,4701195
ybiY_ybiW_predicted,0.25,3,3,GTTATAGTTTCTAAAGGAAG,0,4724551
ybiY_ybiW_predicted,0.25,3,3,GTTACGCCAAGGTAGGTATT,0,4695390
ybiY_ybiW_predicted,0.25,3,3,GTTACAGCAGAGCCAAGCCC,0,4725337
ybiY_ybiW_predicted,0.25,3,3,GTGTGTAAATAACCCTAAAC,0,4702471
ybiY_ybiW_predicted,0.25,3,3,GTGTGGCAGCGCCTGAATAG,0,4704022
ybiY_ybiW_predicted,0.25,3,3,GTGTCCATGGGGTTAAGACT,0,4690791
ybiY_ybiW_predicted,0.25,3,3,GTGTATAAATTCTGAATTTC,0,4704200
ybiY_ybiW_predicted,0.25,3,3,GTGGTTTAGTATTCGGGTAC,0,4694683
ybiY_ybiW_predicted,0.25,3,3,GTGGTCGGGCATGGCAGTTA,0,4731469
ybiY_ybiW_predicted,0.25,3,3,GTGGTACATACACGTTGTGG,0,4718003
ybiY_ybiW_predicted,0.25,3,3,GTGGGGCCAATTTTCACTGA,0,4726513
ybiY_ybiW_predicted,0.25,3,3,GTGGCTCGGAGGACGTCAAG,0,4722241
ybiY_ybiW_predicted,0.25,3,3,GTGCTTACGTTTCACTAGCA,0,4709214
ybiY_ybiW_predicted,0.25,3,3,GTGCTGGTTCCAACCCATGA,0,4718821
ybiY_ybiW_predicted,0.25,3,3,GTGCTATAGGGGTCGCGGCG,0,4700276
ybiY_ybiW_predicted,0.25,3,3,GTGCGGAAGCGGCGTTTGCA,0,4712126
ybiY_ybiW_predicted,0.25,3,3,GTGCACACTGGCTAGTAAAA,0,4715867
ybiY_ybiW_predicted,0.25,3,3,GTGATGGAGCATTTTCGTTG,0,4691893
ybiY_ybiW_predicted,0.25,3,3,GTGATAGCGCGCTCCCGAGG,0,4701057
ybiY_ybiW_predicted,0.25,3,3,GTGAGATCCCGACTAAAGTG,0,4720085
ybiY_ybiW_predicted,0.25,3,3,GTGAATTGACGCTGGACCTT,0,4725871
ybiY_ybiW_predicted,0.25,3,3,GTCTTCAACAGCGGTGTTGT,0,4701810
ybiY_ybiW_predicted,0.25,3,3,GTCTCTGTGAGGAGGTAAGC,0,4726557
ybiY_ybiW_predicted,0.25,3,3,GTCTATGGGCAGGCGCACTA,0,4712137
ybiY_ybiW_predicted,0.25,3,3,GTCGGTATCCGGCTTTAGAG,0,4728665
ybiY_ybiW_predicted,0.25,3,3,GTCCTCAGCCGTCCTGCGGC,0,4698207
ybiY_ybiW_predicted,0.25,3,3,GTCCGCGTCATAGCAACTCA,0,4722274
ybiY_ybiW_predicted,0.25,3,3,GTCATAAGTACAATGGTGAT,0,4705816
ybiY_ybiW_predicted,0.25,3,3,GTCAGGGCTCTACAGGCAGG,0,4702708
ybiY_ybiW_predicted,0.25,3,3,GTCAGCTCCATGCGTCCCGT,0,4729970
ybiY_ybiW_predicted,0.25,3,3,GTCAGATGAGTATATCGCTA,0,4703074
ybiY_ybiW_predicted,0.25,3,3,GTCAAGGCAGTTGAGGCTAA,0,4697410
ybiY_ybiW_predicted,0.25,3,3,GTATGTTCAGAATCGGAAGC,0,4705907
ybiY_ybiW_predicted,0.25,3,3,GTATGGTAGGGGAAGCGCAG,0,4715955
ybiY_ybiW_predicted,0.25,3,3,GTATGGGCGCCCCCCAGGTT,0,4695770
ybiY_ybiW_predicted,0.25,3,3,GTATGGCTTGGTTCACGATC,0,4700214
ybiY_ybiW_predicted,0.25,3,3,GTATACCCGCTTCGCTCTGC,0,4691976
ybiY_ybiW_predicted,0.25,3,3,GTAGCGGAGAGGGGATGTGT,0,4723258
ybiY_ybiW_predicted,0.25,3,3,GTACTGTGGTGCAAAAGAAC,0,4713463
ybiY_ybiW_predicted,0.25,3,3,GTACTACAGCAAAGGCTCAT,0,4713690
ybiY_ybiW_predicted,0.25,3,3,GTACGATCAAATAGGCGCAT,0,4689317
ybiY_ybiW_predicted,0.25,3,3,GTACATAGAGAAGCTCTCCG,0,4724543
ybiY_ybiW_predicted,0.25,3,3,GTAAGTGCTGTTCGAATTAA,0,4729987
ybiY_ybiW_predicted,0.25,3,3,GTAAGCGAAGGCCAAAGCAT,0,4693263
ybiY_ybiW_predicted,0.25,3,3,GTAAGACAGGGCCTTGTTGC,0,4705530
ybiY_ybiW_predicted,0.25,3,3,GTAACGTCACCCGTCCGTGA,0,4730478
ybiY_ybiW_predicted,0.25,3,3,GTAACCGGCCGCTATGGTCC,0,4715502
ybiY_ybiW_predicted,0.25,3,3,GGTTTAGTCCGGTCCCGGCA,0,4691555
ybiY_ybiW_predicted,0.25,3,3,GGTTCTCTAGGTCTATGTAC,0,4696207
ybiY_ybiW_predicted,0.25,3,3,GGTTCGACCCACCGCGCGGC,0,4695806
ybiY_ybiW_predicted,0.25,3,3,GGTTCAACTCTCCAGGGTCG,0,4703693
ybiY_ybiW_predicted,0.25,3,3,GGTTAACGCTCCGCCTTTAA,0,4725467
ybiY_ybiW_predicted,0.25,3,3,GGTGGTTTGGCCAATGACGT,0,4715442
ybiY_ybiW_predicted,0.25,3,3,GGTGCGAGCGGTTGACATGT,0,4688732
ybiY_ybiW_predicted,0.25,3,3,GGTCCGTGGCCTGTAGATAG,0,4714579
ybiY_ybiW_predicted,0.25,3,3,GGTCCGAAAGATATATTCAG,0,4705564
ybiY_ybiW_predicted,0.25,3,3,GGTCAAGCCTTGCAAACTCA,0,4701199
ybiY_ybiW_predicted,0.25,3,3,GGTCAACTGATACAAATACG,0,4694804
ybiY_ybiW_predicted,0.25,3,3,GGTATGGTCACCGCCTTACA,0,4732242
ybiY_ybiW_predicted,0.25,3,3,GGGTTGAAAGTGGGCACGAA,0,4696012
ybiY_ybiW_predicted,0.25,3,3,GGGTGGCTTTTCAGAGGATA,0,4722344
ybiY_ybiW_predicted,0.25,3,3,GGGTGCTGAGTTGCAGATGA,0,4691640
ybiY_ybiW_predicted,0.25,3,3,GGGTCGTAGAAAGCATGCCT,0,4706278
ybiY_ybiW_predicted,0.25,3,3,GGGTACCTGACCTGTGGAAC,0,4702741
ybiY_ybiW_predicted,0.25,3,3,GGGGTAAGAATACAGAGGCT,0,4704358
ybiY_ybiW_predicted,0.25,3,3,GGGGAAGCGGCAAAGGGACC,0,4688616
ybiY_ybiW_predicted,0.25,3,3,GGGCTTGCCAGGCTGGGGAC,0,4706466
ybiY_ybiW_predicted,0.25,3,3,GGGCTTCGTTATGCAGGGAA,0,4688715
ybiY_ybiW_predicted,0.25,3,3,GGGCTATGTACTACATTGTC,0,4715953
ybiY_ybiW_predicted,0.25,3,3,GGGCGGTTTATCCGCCTATC,0,4730512
ybiY_ybiW_predicted,0.25,3,3,GGGCGACCTTGCTGAAGGAA,0,4702068
ybiY_ybiW_predicted,0.25,3,3,GGGCCATCCCGGACACGTTA,0,4732206
ybiY_ybiW_predicted,0.25,3,3,GGGATAAGGATTGCCATTGG,0,4716035
ybiY_ybiW_predicted,0.25,3,3,GGGAGTCAGGTTTAATTCAA,0,4692110
ybiY_ybiW_predicted,0.25,3,3,GGGAGTAAACTCGACACATT,0,4692295
ybiY_ybiW_predicted,0.25,3,3,GGGAGGAAAGCATGCTGTCT,0,4720237
ybiY_ybiW_predicted,0.25,3,3,GGGACTCAGGTCCACCCAAC,0,4700525
ybiY_ybiW_predicted,0.25,3,3,GGGAAGTATCGCCGCTCACC,0,4722451
ybiY_ybiW_predicted,0.25,3,3,GGCTTTAAAACAGTCAGGTC,0,4720859
ybiY_ybiW_predicted,0.25,3,3,GGCTTGAAGTCAAAGCTCGA,0,4706554
ybiY_ybiW_predicted,0.25,3,3,GGCTGTCGGATTGAAGAACT,0,4710605
ybiY_ybiW_predicted,0.25,3,3,GGCTGTCCCAGCGTAGAGCC,0,4726786
ybiY_ybiW_predicted,0.25,3,3,GGCTGTCAAGAAGCTAGTGA,0,4717737
ybiY_ybiW_predicted,0.25,3,3,GGCTAGTTGTCCACTTGAAT,0,4721262
ybiY_ybiW_predicted,0.25,3,3,GGCGTGATGTGTCGTGAAGA,0,4694423
ybiY_ybiW_predicted,0.25,3,3,GGCGGGCAGCGGATTGCGTA,0,4722047
ybiY_ybiW_predicted,0.25,3,3,GGCGGCTCGCGGAACCGGTG,0,4704519
ybiY_ybiW_predicted,0.25,3,3,GGCGCGGAGAACACATCGAT,0,4724817
ybiY_ybiW_predicted,0.25,3,3,GGCGCGACCGGTGTATTTGT,0,4702561
ybiY_ybiW_predicted,0.25,3,3,GGCGCAGGTATGCGATACTA,0,4729864
ybiY_ybiW_predicted,0.25,3,3,GGCGATCGATAATGAGATGA,0,4696062
ybiY_ybiW_predicted,0.25,3,3,GGCGAGTAACTACCTTCGAC,0,4693694
ybiY_ybiW_predicted,0.25,3,3,GGCCGGGTCACTCCTAGATG,0,4704425
ybiY_ybiW_predicted,0.25,3,3,GGCCCATTAAGTTCGTCTAA,0,4689618
ybiY_ybiW_predicted,0.25,3,3,GGCCCAGCCCCGGATCCATA,0,4725793
ybiY_ybiW_predicted,0.25,3,3,GGATTTGGGAGCTTGATGCC,0,4710053
ybiY_ybiW_predicted,0.25,3,3,GGATGGTATACTCCGCCCGT,0,4694530
ybiY_ybiW_predicted,0.25,3,3,GGATACCGCCATAGATCCTC,0,4724877
ybiY_ybiW_predicted,0.25,3,3,GGATACCGAACGAAGTCTAA,0,4727043
ybiY_ybiW_predicted,0.25,3,3,GGATAATTCGCATTGGTGAA,0,4730446
ybiY_ybiW_predicted,0.25,3,3,GGAGTGTGGCAAAATACGAT,0,4698209
ybiY_ybiW_predicted,0.25,3,3,GGAGTGGTTGGGATTCTAGG,0,4698693
ybiY_ybiW_predicted,0.25,3,3,GGAGTGCGGGAGGGTCGGTT,0,4712869
ybiY_ybiW_predicted,0.25,3,3,GGAGGGCGAGGCTGTAAGAC,0,4696159
ybiY_ybiW_predicted,0.25,3,3,GGAGGCTACTTATATAGCCT,0,4692671
ybiY_ybiW_predicted,0.25,3,3,GGAGCTACCCGGTGGTGAAG,0,4700636
ybiY_ybiW_predicted,0.25,3,3,GGAGCGCTTTTTGCTAGTGT,0,4718261
ybiY_ybiW_predicted,0.25,3,3,GGAGACATCCTTCTGGACAT,0,4723373
ybiY_ybiW_predicted,0.25,3,3,GGACGTGTAAGATAGAATAA,0,4725162
ybiY_ybiW_predicted,0.25,3,3,GGACGATTCACGGCCAACCT,0,4712167
ybiY_ybiW_predicted,0.25,3,3,GGACCCGTAGCGCAGCCTAA,0,4730995
ybiY_ybiW_predicted,0.25,3,3,GGACACACAGCACAGTCAAA,0,4688606
ybiY_ybiW_predicted,0.25,3,3,GGAATCGGGGCATATACGCT,0,4729343
ybiY_ybiW_predicted,0.25,3,3,GGAATCACTAGAAACTTCAT,0,4720962
ybiY_ybiW_predicted,0.25,3,3,GGAATACGACATTAAACAAC,0,4723045
ybiY_ybiW_predicted,0.25,3,3,GGAATAATACAGAGGAATAA,0,4701369
ybiY_ybiW_predicted,0.25,3,3,GGAAGTGCGTTGTTGCCCAA,0,4690413
ybiY_ybiW_predicted,0.25,3,3,GGAAGCGATACTTGCTACAT,0,4709165
ybiY_ybiW_predicted,0.25,3,3,GGAACTCACAATATTGGGTT,0,4725490
ybiY_ybiW_predicted,0.25,3,3,GGAAATACGCAGGGGCGGAT,0,4699478
ybiY_ybiW_predicted,0.25,3,3,GCTTGCAGAGAAATAAGAGT,0,4707982
ybiY_ybiW_predicted,0.25,3,3,GCTTCTCGGCTGAAAGATCT,0,4726048
ybiY_ybiW_predicted,0.25,3,3,GCTGGTTATCAGGTAAATTA,0,4725535
ybiY_ybiW_predicted,0.25,3,3,GCTGGAGAGGGCAGGACATT,0,4731788
ybiY_ybiW_predicted,0.25,3,3,GCTGATTCACGCCAAGGTGA,0,4689929
ybiY_ybiW_predicted,0.25,3,3,GCTGAAGGCTATTATTGTGA,0,4698810
ybiY_ybiW_predicted,0.25,3,3,GCTCTCGTCGGCAGAGCCTC,0,4730019
ybiY_ybiW_predicted,0.25,3,3,GCTCTAATCCCGCTCCTGTG,0,4691049
ybiY_ybiW_predicted,0.25,3,3,GCTCAACCCTGGCCACTCGA,0,4715698
ybiY_ybiW_predicted,0.25,3,3,GCTATAATCAACTAATGTCA,0,4709610
ybiY_ybiW_predicted,0.25,3,3,GCTAGCGATAGCGCGGATCT,0,4695036
ybiY_ybiW_predicted,0.25,3,3,GCTAACGCCGGGGCGAGAAA,0,4708654
ybiY_ybiW_predicted,0.25,3,3,GCTAAACTTAGAAGATCGTT,0,4709113
ybiY_ybiW_predicted,0.25,3,3,GCGTTTACAACGCATTCTGT,0,4713430
ybiY_ybiW_predicted,0.25,3,3,GCGGGTGATCAGCCGCAGGT,0,4691083
ybiY_ybiW_predicted,0.25,3,3,GCGGCATCTGTAAATGGTCA,0,4695374
ybiY_ybiW_predicted,0.25,3,3,GCGGCAATTTTGCTTTCCTC,0,4718144
ybiY_ybiW_predicted,0.25,3,3,GCGCTCGGATACAACCGACG,0,4699587
ybiY_ybiW_predicted,0.25,3,3,GCGCGGATCGAAGTGTTGGT,0,4714454
ybiY_ybiW_predicted,0.25,3,3,GCGCACTACGTACGCTGAAG,0,4693908
ybiY_ybiW_predicted,0.25,3,3,GCGATTCGTCGGAGCTTAAG,0,4724603
ybiY_ybiW_predicted,0.25,3,3,GCGATAGGAGAAAGCCAGCT,0,4696969
ybiY_ybiW_predicted,0.25,3,3,GCGAGCGTTATAACAGGTCC,0,4703476
ybiY_ybiW_predicted,0.25,3,3,GCGACCCGTAAATGCGATTC,0,4695467
ybiY_ybiW_predicted,0.25,3,3,GCCTGGGGGGTCCCGCTCCT,0,4708700
ybiY_ybiW_predicted,0.25,3,3,GCCTCGGCCGATCAAGACTC,0,4710027
ybiY_ybiW_predicted,0.25,3,3,GCCTAAAAGGGGTTTATAAA,0,4689164
ybiY_ybiW_predicted,0.25,3,3,GCCGTTCACTAATCTACTAC,0,4721407
ybiY_ybiW_predicted,0.25,3,3,GCCGTCCCTGAGCATCCGTC,0,4716682
ybiY_ybiW_predicted,0.25,3,3,GCCGGTGTTTGTAGGTATCA,0,4713554
ybiY_ybiW_predicted,0.25,3,3,GCCGGGTATGTTCAGCGGGT,0,4718068
ybiY_ybiW_predicted,0.25,3,3,GCCCTGGGTCCCATTAACGT,0,4717620
ybiY_ybiW_predicted,0.25,3,3,GCCCGGTTTATCGTGCATCA,0,4716317
ybiY_ybiW_predicted,0.25,3,3,GCCCGGTGAACTTAAAAGTC,0,4703107
ybiY_ybiW_predicted,0.25,3,3,GCCCGCTGTTTTAAATTTTC,0,4704752
ybiY_ybiW_predicted,0.25,3,3,GCCCAGTTAGTACTCCAATT,0,4730099
ybiY_ybiW_predicted,0.25,3,3,GCCATTATCTTCCACTTGGC,0,4700011
ybiY_ybiW_predicted,0.25,3,3,GCCATGCCTATACCTACTCA,0,4732182
ybiY_ybiW_predicted,0.25,3,3,GCCAGTTGGCCACCATTGTG,0,4716879
ybiY_ybiW_predicted,0.25,3,3,GCCAGAAGCCTATAAAAGGC,0,4729325
ybiY_ybiW_predicted,0.25,3,3,GCCACGCCAGGTCTGAATGG,0,4692320
ybiY_ybiW_predicted,0.25,3,3,GCCAAATATCAATATCCAGT,0,4708954
ybiY_ybiW_predicted,0.25,3,3,GCATTGCCTGGCCATGTGAC,0,4714012
ybiY_ybiW_predicted,0.25,3,3,GCATTGACTGCGATTCACTG,0,4713241
ybiY_ybiW_predicted,0.25,3,3,GCATTCGCGTCACGGGTAAG,0,4723464
ybiY_ybiW_predicted,0.25,3,3,GCATGGAGGATTGATCGAGT,0,4700909
ybiY_ybiW_predicted,0.25,3,3,GCATGCCATCTTTCGGCCAG,0,4730843
ybiY_ybiW_predicted,0.25,3,3,GCATGCAGTGACCGCAATGT,0,4712376
ybiY_ybiW_predicted,0.25,3,3,GCATGAGCCACATCTAGGAA,0,4727948
ybiY_ybiW_predicted,0.25,3,3,GCATACATATAGTACTTGCA,0,4696393
ybiY_ybiW_predicted,0.25,3,3,GCAGGGTGCTCCTGGGGGAT,0,4694799
ybiY_ybiW_predicted,0.25,3,3,GCAGGGTACCTCTCGGGTAC,0,4729356
ybiY_ybiW_predicted,0.25,3,3,GCAGAGGGTTGATTTATTCC,0,4709977
ybiY_ybiW_predicted,0.25,3,3,GCACTCTAAAGCAGGATAAT,0,4722325
ybiY_ybiW_predicted,0.25,3,3,GCACGATATAAGCGACTTCG,0,4704220
ybiY_ybiW_predicted,0.25,3,3,GCACCTTTAAATTAAACCTT,0,4692769
ybiY_ybiW_predicted,0.25,3,3,GCACCGCTGACCTACGCCGA,0,4709346
ybiY_ybiW_predicted,0.25,3,3,GCACCAGTGCCAGCGTCCGT,0,4717585
ybiY_ybiW_predicted,0.25,3,3,GCACATGCCGGGATTTGTCT,0,4729152
ybiY_ybiW_predicted,0.25,3,3,GCAAGGTGAAGTGACCACGG,0,4721874
ybiY_ybiW_predicted,0.25,3,3,GCAACTCATCGCGAGTTCTC,0,4720760
ybiY_ybiW_predicted,0.25,3,3,GATTTCAAAAGGACATGGCG,0,4705317
ybiY_ybiW_predicted,0.25,3,3,GATTGGGCCTCCGATTGTAG,0,4707428
ybiY_ybiW_predicted,0.25,3,3,GATTATTATAAAGGATGGCG,0,4715868
ybiY_ybiW_predicted,0.25,3,3,GATTACAGCAAAAGTTAATT,0,4723753
ybiY_ybiW_predicted,0.25,3,3,GATGTGCTATACGTTTAAGT,0,4732552
ybiY_ybiW_predicted,0.25,3,3,GATGGGCATTTGCGCGCGCA,0,4714866
ybiY_ybiW_predicted,0.25,3,3,GATGCGCATGGAAGGCTTGT,0,4724669
ybiY_ybiW_predicted,0.25,3,3,GATCTCAGAGGCATAGACCT,0,4700719
ybiY_ybiW_predicted,0.25,3,3,GATCCATGGCCCCGCCTAGA,0,4699043
ybiY_ybiW_predicted,0.25,3,3,GATATCTCGTAGTAGGCTTC,0,4711604
ybiY_ybiW_predicted,0.25,3,3,GATACTTCTTCGAATGCCGT,0,4714516
ybiY_ybiW_predicted,0.25,3,3,GATAACGGGTGGCAAGTGGA,0,4690926
ybiY_ybiW_predicted,0.25,3,3,GATAACCCGCCGTGTAAGCC,0,4727912
ybiY_ybiW_predicted,0.25,3,3,GAGTCCTGGATGGATTGCAA,0,4705329
ybiY_ybiW_predicted,0.25,3,3,GAGGGTTAATCATTAAGACT,0,4714187
ybiY_ybiW_predicted,0.25,3,3,GAGGGTGTCCACAGAAGACT,0,4693478
ybiY_ybiW_predicted,0.25,3,3,GAGGGGGGCTCGCTTGCGGT,0,4696596
ybiY_ybiW_predicted,0.25,3,3,GAGGCGGTCAAAGTAATAAC,0,4721278
ybiY_ybiW_predicted,0.25,3,3,GAGGCGAATGGGTATCCTCT,0,4708024
ybiY_ybiW_predicted,0.25,3,3,GAGGAGACAGGCGACCGGAG,0,4701757
ybiY_ybiW_predicted,0.25,3,3,GAGCGGGACCGATTAAACCG,0,4695282
ybiY_ybiW_predicted,0.25,3,3,GAGCGCACAGCACGTTGGTT,0,4708719
ybiY_ybiW_predicted,0.25,3,3,GAGCCAGGTAAGGTCGCGGC,0,4693079
ybiY_ybiW_predicted,0.25,3,3,GAGCACTGAACAATGGGTCT,0,4705201
ybiY_ybiW_predicted,0.25,3,3,GAGAGGCAAGTTTTGGCGAT,0,4694065
ybiY_ybiW_predicted,0.25,3,3,GAGAGAGTATTACTGGCCGT,0,4703463
ybiY_ybiW_predicted,0.25,3,3,GAGAAAGACTGGGATGGCCG,0,4729777
ybiY_ybiW_predicted,0.25,3,3,GACTCATTGGGGCAAGCCGG,0,4726130
ybiY_ybiW_predicted,0.25,3,3,GACTAGTGCAACCTACCGGC,0,4704995
ybiY_ybiW_predicted,0.25,3,3,GACTACCCCTATAGTAAATG,0,4705263
ybiY_ybiW_predicted,0.25,3,3,GACGTACTCCGCCTCAGGCC,0,4716529
ybiY_ybiW_predicted,0.25,3,3,GACGCGTATTATATTAGGGG,0,4715388
ybiY_ybiW_predicted,0.25,3,3,GACGATATTCTAGAGCACCT,0,4726558
ybiY_ybiW_predicted,0.25,3,3,GACGAGGACGACCGAAGGCC,0,4695921
ybiY_ybiW_predicted,0.25,3,3,GACGAGCAAGAACACTTGAC,0,4720024
ybiY_ybiW_predicted,0.25,3,3,GACCTTGTTATTGGAACTGA,0,4690721
ybiY_ybiW_predicted,0.25,3,3,GACCTGGGTAAAGGCAAAAC,0,4695034
ybiY_ybiW_predicted,0.25,3,3,GACCTAGGCTCTTCCGTGAT,0,4727211
ybiY_ybiW_predicted,0.25,3,3,GACCGCTAGCCCTGCGTTAC,0,4722511
ybiY_ybiW_predicted,0.25,3,3,GACATGGCCCTGTGGTTGAA,0,4726255
ybiY_ybiW_predicted,0.25,3,3,GACATACCTACAGGACTGAG,0,4721472
ybiY_ybiW_predicted,0.25,3,3,GACAGTCCTAGGTAATTCTT,0,4694819
ybiY_ybiW_predicted,0.25,3,3,GAATTAACTGTATATTCGCC,0,4700212
ybiY_ybiW_predicted,0.25,3,3,GAATAAGATCCCTTCTACAC,0,4724275
ybiY_ybiW_predicted,0.25,3,3,GAAGTGGTTGTATAGTTACG,0,4715000
ybiY_ybiW_predicted,0.25,3,3,GAAGTGGGCCGAAATGCGAC,0,4713063
ybiY_ybiW_predicted,0.25,3,3,GAAGATTGCGGTTACGTAAG,0,4728566
ybiY_ybiW_predicted,0.25,3,3,GAAGAACGTCAGAAAGGTTT,0,4696058
ybiY_ybiW_predicted,0.25,3,3,GAACTGCGATGCACGTAGTA,0,4722520
ybiY_ybiW_predicted,0.25,3,3,GAACGTTCACAGCCCATGTG,0,4707185
ybiY_ybiW_predicted,0.25,3,3,GAACGCGATGCCTCGAATCA,0,4725667
ybiY_ybiW_predicted,0.25,3,3,GAACGACATGTCCATTTCGC,0,4723678
ybiY_ybiW_predicted,0.25,3,3,GAACACATAGTTAAGATGTT,0,4697235
ybiY_ybiW_predicted,0.25,3,3,GAACAATGTCACCCAAGTGG,0,4692039
ybiY_ybiW_predicted,0.25,3,3,GAACAAGAAGGACAGTCTCC,0,4717050
ybiY_ybiW_predicted,0.25,3,3,GAAATTTCACCCCGGCTAGG,0,4732216
ybiY_ybiW_predicted,0.25,3,3,GAAAGCTAAGGGATCTATGA,0,4710309
ybiY_ybiW_predicted,0.25,3,3,GAAAATACTATGCGGCAGTA,0,4721185
ybiY_ybiW_predicted,0.25,3,3,GAAAAAGACACGATTCGGAG,0,4713844
ybiY_ybiW_predicted,0.25,3,3,CTTTTTCCTCGTTCGGCCAC,0,4732169
ybiY_ybiW_predicted,0.25,3,3,CTTTGTGGAGTAACCCAAGA,0,4699673
ybiY_ybiW_predicted,0.25,3,3,CTTTGGTATGACTGCGCTTT,0,4697338
ybiY_ybiW_predicted,0.25,3,3,CTTTGCTTGGCCACGAGGGG,0,4715382
ybiY_ybiW_predicted,0.25,3,3,CTTTATGTGTACAGTCAACG,0,4694268
ybiY_ybiW_predicted,0.25,3,3,CTTGTGTGGGCCTCCATAGG,0,4725156
ybiY_ybiW_predicted,0.25,3,3,CTTGGGCAACCTGCGCCCTC,0,4721696
ybiY_ybiW_predicted,0.25,3,3,CTTGGCCTCGTGCCAGTGAG,0,4719549
ybiY_ybiW_predicted,0.25,3,3,CTTGCTTATGCGCTTAAGGT,0,4706887
ybiY_ybiW_predicted,0.25,3,3,CTTGCAAGCCTGCCCCATAC,0,4702780
ybiY_ybiW_predicted,0.25,3,3,CTTGAGCCTCATACGGACGC,0,4700139
ybiY_ybiW_predicted,0.25,3,3,CTTATCTATTAGCGCTATCT,0,4714251
ybiY_ybiW_predicted,0.25,3,3,CTTACTGAATATAGAGCAGT,0,4693363
ybiY_ybiW_predicted,0.25,3,3,CTTAAAGTGTAATACACCAT,0,4692518
ybiY_ybiW_predicted,0.25,3,3,CTTAAACGGCCGGTAGCTTA,0,4706735
ybiY_ybiW_predicted,0.25,3,3,CTGTTATGAGGCCGTCATTG,0,4728965
ybiY_ybiW_predicted,0.25,3,3,CTGTGGGGCTCCGATGCGAA,0,4723253
ybiY_ybiW_predicted,0.25,3,3,CTGTGAAGTGATCGATTGTG,0,4707349
ybiY_ybiW_predicted,0.25,3,3,CTGTATCGGAATTGGCTTCT,0,4689452
ybiY_ybiW_predicted,0.25,3,3,CTGTACAGAGATCCAAGGCA,0,4691341
ybiY_ybiW_predicted,0.25,3,3,CTGGTCTCTTTTTATTCGGA,0,4721337
ybiY_ybiW_predicted,0.25,3,3,CTGGGCGTCTAATTGAGAAC,0,4705673
ybiY_ybiW_predicted,0.25,3,3,CTGGCTACCCGGCGACACGT,0,4732140
ybiY_ybiW_predicted,0.25,3,3,CTGGAGGGGCTTAAGGATAC,0,4691980
ybiY_ybiW_predicted,0.25,3,3,CTGGACCCGTTACCACATCT,0,4689022
ybiY_ybiW_predicted,0.25,3,3,CTGCTTGGGCACAGCTCTAG,0,4706786
ybiY_ybiW_predicted,0.25,3,3,CTGCTGGACGCTACATTTTC,0,4721775
ybiY_ybiW_predicted,0.25,3,3,CTGCTACCTGCGCGACCATA,0,4727178
ybiY_ybiW_predicted,0.25,3,3,CTGCCCGATACGTGGAAAAC,0,4693949
ybiY_ybiW_predicted,0.25,3,3,CTGCATGGACCCACACAGCG,0,4693612
ybiY_ybiW_predicted,0.25,3,3,CTGCATAGATCTTGATCCGG,0,4701909
ybiY_ybiW_predicted,0.25,3,3,CTGATCACGCTTCTCCCTAC,0,4723358
ybiY_ybiW_predicted,0.25,3,3,CTGAGAACTTGTGCTTTTAG,0,4712526
ybiY_ybiW_predicted,0.25,3,3,CTGACCACGCGCATCTGGAT,0,4698674
ybiY_ybiW_predicted,0.25,3,3,CTCTGTTGTGTTGTAGCGGG,0,4721951
ybiY_ybiW_predicted,0.25,3,3,CTCTATTTGAATACCTATTT,0,4695820
ybiY_ybiW_predicted,0.25,3,3,CTCTACCCTGCCCGCGTGAA,0,4732247
ybiY_ybiW_predicted,0.25,3,3,CTCGTCGGAATAGACCGATC,0,4702041
ybiY_ybiW_predicted,0.25,3,3,CTCGTCAATCGCGCGTCTTG,0,4723365
ybiY_ybiW_predicted,0.25,3,3,CTCGGCGGCTTGTGAGGACG,0,4722269
ybiY_ybiW_predicted,0.25,3,3,CTCGGCGAGACCCGGGGTTC,0,4718236
ybiY_ybiW_predicted,0.25,3,3,CTCGCCCGTATATAAAAAGT,0,4720266
ybiY_ybiW_predicted,0.25,3,3,CTCGCAGAATTCAGACAGTT,0,4719547
ybiY_ybiW_predicted,0.25,3,3,CTCCTTCGCCTTATCTATCA,0,4709686
ybiY_ybiW_predicted,0.25,3,3,CTCCTAAATAACCTAGGTCA,0,4707128
ybiY_ybiW_predicted,0.25,3,3,CTCCCATAGCAGGTAACCTC,0,4729712
ybiY_ybiW_predicted,0.25,3,3,CTCATGGGCCTCTGTCATGC,0,4715176
ybiY_ybiW_predicted,0.25,3,3,CTCATGCGCTCCGGCCTTTG,0,4716849
ybiY_ybiW_predicted,0.25,3,3,CTCAACGCTTTAGTAGGACA,0,4730092
ybiY_ybiW_predicted,0.25,3,3,CTATGTTGTGGCGATGAGCT,0,4720492
ybiY_ybiW_predicted,0.25,3,3,CTATCTTACTTGCTGAAGGG,0,4698691
ybiY_ybiW_predicted,0.25,3,3,CTATCGCTAAATTTATCCCC,0,4708342
ybiY_ybiW_predicted,0.25,3,3,CTATCCAGGAATGTGGGTCT,0,4729581
ybiY_ybiW_predicted,0.25,3,3,CTATACGTGATTGAGCCGTC,0,4727014
ybiY_ybiW_predicted,0.25,3,3,CTAGTAGATGTATTACTCGT,0,4696269
ybiY_ybiW_predicted,0.25,3,3,CTAGGTTAAGCTACATACGC,0,4708655
ybiY_ybiW_predicted,0.25,3,3,CTAGGGTTAGTATGGTGTTG,0,4728572
ybiY_ybiW_predicted,0.25,3,3,CTAGGGGGACCACCAGCTAT,0,4704025
ybiY_ybiW_predicted,0.25,3,3,CTAGCCACGACGACTCATCA,0,4690406
ybiY_ybiW_predicted,0.25,3,3,CTAGAACATAAACACGCAAG,0,4710638
ybiY_ybiW_predicted,0.25,3,3,CTACTCGCAAAGGCCGCTCA,0,4714525
ybiY_ybiW_predicted,0.25,3,3,CTACGGGTCAAATACGCGAC,0,4701152
ybiY_ybiW_predicted,0.25,3,3,CTACATCAGCATCTGCTGAT,0,4710763
ybiY_ybiW_predicted,0.25,3,3,CTACAGGATGAAACGTCATT,0,4718141
ybiY_ybiW_predicted,0.25,3,3,CTAAACCGCTACCGGGCCAT,0,4731587
ybiY_ybiW_predicted,0.25,3,3,CGTTTGGGGTACGTCGCGAG,0,4704002
ybiY_ybiW_predicted,0.25,3,3,CGTTTGATACCGGTGTTACA,0,4711884
ybiY_ybiW_predicted,0.25,3,3,CGTTTCTGAACGGGATTCAT,0,4705099
ybiY_ybiW_predicted,0.25,3,3,CGTTCCGATGTGGCAGGCTT,0,4720014
ybiY_ybiW_predicted,0.25,3,3,CGTTCAACGCGAATATCGTA,0,4725981
ybiY_ybiW_predicted,0.25,3,3,CGTGGAAGACTATTCCACTA,0,4715036
ybiY_ybiW_predicted,0.25,3,3,CGTCAGAATGGGTCGTTTCG,0,4712517
ybiY_ybiW_predicted,0.25,3,3,CGTCACGAGAGTATGGTGCT,0,4708537
ybiY_ybiW_predicted,0.25,3,3,CGTATAGTGGACAAGCTTAT,0,4710771
ybiY_ybiW_predicted,0.25,3,3,CGTAGAACGGAATGACCCCT,0,4717202
ybiY_ybiW_predicted,0.25,3,3,CGTAATTGTAGACACACGAG,0,4697536
ybiY_ybiW_predicted,0.25,3,3,CGGTTTTAGGCAAGGGAGAC,0,4729812
ybiY_ybiW_predicted,0.25,3,3,CGGTTGGCAGGGCATCGCTT,0,4690526
ybiY_ybiW_predicted,0.25,3,3,CGGTTCCAGTGGTTCCAACT,0,4708498
ybiY_ybiW_predicted,0.25,3,3,CGGTGGTACTGAGACACGAA,0,4697669
ybiY_ybiW_predicted,0.25,3,3,CGGTGACGATTGGTCTTCTC,0,4729979
ybiY_ybiW_predicted,0.25,3,3,CGGTATGGGGGGTTCCCCAT,0,4702257
ybiY_ybiW_predicted,0.25,3,3,CGGTAGCCCCGGAAACTGCA,0,4713068
ybiY_ybiW_predicted,0.25,3,3,CGGTACCACTGAATTACGCA,0,4713569
ybiY_ybiW_predicted,0.25,3,3,CGGGGTTATGCTTTTAGAGC,0,4697422
ybiY_ybiW_predicted,0.25,3,3,CGGGGACGGTTGTGAAACGG,0,4722882
ybiY_ybiW_predicted,0.25,3,3,CGGCTGTGAGCGCTGTAGAC,0,4709536
ybiY_ybiW_predicted,0.25,3,3,CGGCTCTTCCACAATGGTAA,0,4705669
ybiY_ybiW_predicted,0.25,3,3,CGGCGGCATAGGCCTGACAG,0,4715172
ybiY_ybiW_predicted,0.25,3,3,CGGCGACGAACCATACAGGA,0,4721152
ybiY_ybiW_predicted,0.25,3,3,CGGCCGTGTCGGGCCATGCT,0,4698086
ybiY_ybiW_predicted,0.25,3,3,CGGATCCGTGATACTGGCGG,0,4703138
ybiY_ybiW_predicted,0.25,3,3,CGGAGACAACGCAGGGCCGA,0,4714020
ybiY_ybiW_predicted,0.25,3,3,CGGACTTTGGAGTAGGATGC,0,4692587
ybiY_ybiW_predicted,0.25,3,3,CGGACAAGTAGAATATTGAC,0,4707235
ybiY_ybiW_predicted,0.25,3,3,CGGAACCTAGAACGAAGTAT,0,4698789
ybiY_ybiW_predicted,0.25,3,3,CGCTTAGCTGATTACTATAA,0,4695222
ybiY_ybiW_predicted,0.25,3,3,CGCTATTTCTAGCAAAAATG,0,4689714
ybiY_ybiW_predicted,0.25,3,3,CGCTATGGCTATGCAAGTCT,0,4705410
ybiY_ybiW_predicted,0.25,3,3,CGCGTGGAGTGCTACAAAAC,0,4732723
ybiY_ybiW_predicted,0.25,3,3,CGCGGCCAGGTATATTGCGC,0,4717584
ybiY_ybiW_predicted,0.25,3,3,CGCGGATGGTTAGGCCGCTT,0,4695747
ybiY_ybiW_predicted,0.25,3,3,CGCGCCACAGTGCCATATTA,0,4689992
ybiY_ybiW_predicted,0.25,3,3,CGCCATTTATTAAGAGAAGT,0,4705114
ybiY_ybiW_predicted,0.25,3,3,CGCCAGTAATCGGGGTCCTT,0,4691015
ybiY_ybiW_predicted,0.25,3,3,CGCCAGGAAACATCTACTCT,0,4705503
ybiY_ybiW_predicted,0.25,3,3,CGCAGTACCCACAGAAGATT,0,4704399
ybiY_ybiW_predicted,0.25,3,3,CGCACCGACGGGCGGACCCT,0,4702715
ybiY_ybiW_predicted,0.25,3,3,CGCAACGAACATATGAAGTT,0,4705667
ybiY_ybiW_predicted,0.25,3,3,CGCAAATGCCTACCGGATTT,0,4692303
ybiY_ybiW_predicted,0.25,3,3,CGCAAATACGTCGGGTGCAA,0,4691580
ybiY_ybiW_predicted,0.25,3,3,CGCAAAGCCAATCTGTTAGG,0,4714217
ybiY_ybiW_predicted,0.25,3,3,CGATTTGGCCGCTACATGGA,0,4702055
ybiY_ybiW_predicted,0.25,3,3,CGATTGATCGCATGGTGGAG,0,4698529
ybiY_ybiW_predicted,0.25,3,3,CGAGGTGGCTGATAGAGCTC,0,4713230
ybiY_ybiW_predicted,0.25,3,3,CGAGATGAGTGTTACCTAAT,0,4708461
ybiY_ybiW_predicted,0.25,3,3,CGAGATCGGTGGGGTCTCAG,0,4694061
ybiY_ybiW_predicted,0.25,3,3,CGAGATATTTTTCCCTCCCA,0,4731964
ybiY_ybiW_predicted,0.25,3,3,CGAGATAATAGAACGGTTGT,0,4703985
ybiY_ybiW_predicted,0.25,3,3,CGACTCATCCTTGAGGTAAC,0,4694057
ybiY_ybiW_predicted,0.25,3,3,CGACTAAGAATGCGTCCAGT,0,4700973
ybiY_ybiW_predicted,0.25,3,3,CGAAGGAGTTAGTGCTTCTA,0,4691387
ybiY_ybiW_predicted,0.25,3,3,CGAACGGGATCGTAACATAC,0,4717292
ybiY_ybiW_predicted,0.25,3,3,CGAACACAATATATAGACAC,0,4711966
ybiY_ybiW_predicted,0.25,3,3,CCTTGTCCACCGTAGACCGT,0,4696852
ybiY_ybiW_predicted,0.25,3,3,CCTTATAGGTCCTGTACTAT,0,4732771
ybiY_ybiW_predicted,0.25,3,3,CCTTAGGCCCCTTTTTTTGC,0,4718057
ybiY_ybiW_predicted,0.25,3,3,CCTTAATGTGGGTACAGACA,0,4698269
ybiY_ybiW_predicted,0.25,3,3,CCTGTTAACTGATGAAGTGT,0,4696490
ybiY_ybiW_predicted,0.25,3,3,CCTGCTACAAGGTATTTTCC,0,4693337
ybiY_ybiW_predicted,0.25,3,3,CCTGCCTCCTCGTGTAGTGT,0,4727394
ybiY_ybiW_predicted,0.25,3,3,CCTGCCGAGCGAGAAGTACA,0,4725312
ybiY_ybiW_predicted,0.25,3,3,CCTGCCAGGAAACAAAGTTA,0,4707795
ybiY_ybiW_predicted,0.25,3,3,CCTGATTATGGTAATAAATC,0,4715200
ybiY_ybiW_predicted,0.25,3,3,CCTCGACACGTAACTGCAGC,0,4695073
ybiY_ybiW_predicted,0.25,3,3,CCTCCGTAGTCCCAGCCATA,0,4732485
ybiY_ybiW_predicted,0.25,3,3,CCTCAAGGGGTAACGTCCTG,0,4693923
ybiY_ybiW_predicted,0.25,3,3,CCTATCGTTAATTTTTGTGG,0,4697785
ybiY_ybiW_predicted,0.25,3,3,CCTACTTCGCACCAATCGAA,0,4719911
ybiY_ybiW_predicted,0.25,3,3,CCTAAGGTTAAGCTGCTTCA,0,4705010
ybiY_ybiW_predicted,0.25,3,3,CCGTCGAAACAGGAGGTTCA,0,4701087
ybiY_ybiW_predicted,0.25,3,3,CCGTATGAGGTTCCATTCCT,0,4728138
ybiY_ybiW_predicted,0.25,3,3,CCGGTCGCTACAGGGCCTGT,0,4712312
ybiY_ybiW_predicted,0.25,3,3,CCGGTCAGATTCCGTTGTGG,0,4731929
ybiY_ybiW_predicted,0.25,3,3,CCGCAGACACATCTATCGGA,0,4706201
ybiY_ybiW_predicted,0.25,3,3,CCCTTTCGTGGAACGTAGTC,0,4698311
ybiY_ybiW_predicted,0.25,3,3,CCCTGTCTCTGAATGGGTAA,0,4697341
ybiY_ybiW_predicted,0.25,3,3,CCCTGCGTGCCACCCGCGCT,0,4714906
ybiY_ybiW_predicted,0.25,3,3,CCCTGAATCATAGGTGTTTC,0,4711434
ybiY_ybiW_predicted,0.25,3,3,CCCTCGCACAGCTAATAGCA,0,4702143
ybiY_ybiW_predicted,0.25,3,3,CCCTCGATACTTTTAGTTAA,0,4701980
ybiY_ybiW_predicted,0.25,3,3,CCCTCACCAGTTATCCGAAG,0,4717150
ybiY_ybiW_predicted,0.25,3,3,CCCGTGAAGCTTGTCGAACG,0,4703440
ybiY_ybiW_predicted,0.25,3,3,CCCGCTGGTTGGCGAGCCAC,0,4728706
ybiY_ybiW_predicted,0.25,3,3,CCCCGTCGGACACTCAAGAG,0,4712588
ybiY_ybiW_predicted,0.25,3,3,CCCCCGTCTCCAAAAACGTA,0,4731980
ybiY_ybiW_predicted,0.25,3,3,CCCACTGAGTGTCTATAAGT,0,4704862
ybiY_ybiW_predicted,0.25,3,3,CCCAAGCCTGTAAACAGCGT,0,4691161
ybiY_ybiW_predicted,0.25,3,3,CCCAACTGGTCCAGATTTAT,0,4718271
ybiY_ybiW_predicted,0.25,3,3,CCATCTTTTGATAACGGATA,0,4713353
ybiY_ybiW_predicted,0.25,3,3,CCATCTCCCGAATCGCAAAC,0,4700427
ybiY_ybiW_predicted,0.25,3,3,CCAGTGGAATCACAAGATTT,0,4697842
ybiY_ybiW_predicted,0.25,3,3,CCAGTCAATTGTTCAAACCA,0,4712904
ybiY_ybiW_predicted,0.25,3,3,CCAGGCCCGCTGTTTCCATC,0,4723050
ybiY_ybiW_predicted,0.25,3,3,CCACTTCCTAGAGACAGAGT,0,4719080
ybiY_ybiW_predicted,0.25,3,3,CCACTGTTTTGCAACTCCCT,0,4706750
ybiY_ybiW_predicted,0.25,3,3,CCACGTGGCGGCATTTAGGG,0,4701604
ybiY_ybiW_predicted,0.25,3,3,CCACGACTACTGCTCGTGTT,0,4694709
ybiY_ybiW_predicted,0.25,3,3,CCACGAAAGGGAGACGAAAG,0,4719914
ybiY_ybiW_predicted,0.25,3,3,CCACCACTACGAGCCTCTTG,0,4709478
ybiY_ybiW_predicted,0.25,3,3,CCAATTGAAATTCAGTTACG,0,4731010
ybiY_ybiW_predicted,0.25,3,3,CCAATCAGTGCCTCTGGGAA,0,4706185
ybiY_ybiW_predicted,0.25,3,3,CCAAGAGCGATAGCGTGGAG,0,4698278
ybiY_ybiW_predicted,0.25,3,3,CCAACGGCTTCTAGTTTGCT,0,4723519
ybiY_ybiW_predicted,0.25,3,3,CCAACGCCATCGCATCCAAG,0,4716080
ybiY_ybiW_predicted,0.25,3,3,CCAACCACGTGACATGATTG,0,4719786
ybiY_ybiW_predicted,0.25,3,3,CATTGCGAGCCGAGCCCCGA,0,4691029
ybiY_ybiW_predicted,0.25,3,3,CATTGACATTGTATTTAAGT,0,4695006
ybiY_ybiW_predicted,0.25,3,3,CATTGACACACTAGAATCCT,0,4721565
ybiY_ybiW_predicted,0.25,3,3,CATTCTTGCCTAGTAGTTTT,0,4724018
ybiY_ybiW_predicted,0.25,3,3,CATTATTTAAAAGTAACATG,0,4729137
ybiY_ybiW_predicted,0.25,3,3,CATGTAGGGGCGACAGGGCG,0,4699624
ybiY_ybiW_predicted,0.25,3,3,CATCGGAAAATGGCGAGCCG,0,4692351
ybiY_ybiW_predicted,0.25,3,3,CATCCTTGGTGGTCAGAGTG,0,4705053
ybiY_ybiW_predicted,0.25,3,3,CATCATAGGTCGGCTCACAT,0,4712169
ybiY_ybiW_predicted,0.25,3,3,CATAGCCCTACCCCATCCAG,0,4725362
ybiY_ybiW_predicted,0.25,3,3,CATAGACACCACTTTGGCCT,0,4711474
ybiY_ybiW_predicted,0.25,3,3,CATACCCGCACGTTATGTCA,0,4710101
ybiY_ybiW_predicted,0.25,3,3,CATAATTCTCCTCTATCGGA,0,4697826
ybiY_ybiW_predicted,0.25,3,3,CATAAAATGCTCATGGAAGC,0,4732258
ybiY_ybiW_predicted,0.25,3,3,CATAAAAATACATTGTGTGA,0,4701366
ybiY_ybiW_predicted,0.25,3,3,CAGTTGGTGGATTTCTAATA,0,4697922
ybiY_ybiW_predicted,0.25,3,3,CAGTGGGGTTGGTTCTTTGG,0,4693752
ybiY_ybiW_predicted,0.25,3,3,CAGTGATGCCAGGGATGTTG,0,4692955
ybiY_ybiW_predicted,0.25,3,3,CAGTCGTTTAAGCGAAAGCG,0,4704950
ybiY_ybiW_predicted,0.25,3,3,CAGTACTCCCGATGTTGTAT,0,4699638
ybiY_ybiW_predicted,0.25,3,3,CAGGTTGATATGTGACTAGG,0,4714211
ybiY_ybiW_predicted,0.25,3,3,CAGGTGGCCCGAGTGACTTA,0,4719972
ybiY_ybiW_predicted,0.25,3,3,CAGGTAACAGAAGTCAATTG,0,4699372
ybiY_ybiW_predicted,0.25,3,3,CAGGCCAATATCTTGTAGCA,0,4704012
ybiY_ybiW_predicted,0.25,3,3,CAGGATCACCTAAGTTGGGT,0,4706611
ybiY_ybiW_predicted,0.25,3,3,CAGGAGGGTAGGAATATTTT,0,4696660
ybiY_ybiW_predicted,0.25,3,3,CAGCTCGCTGACCAATCACA,0,4720972
ybiY_ybiW_predicted,0.25,3,3,CAGCTCACAACGACAGCATT,0,4704117
ybiY_ybiW_predicted,0.25,3,3,CAGCATAGCGTGGTGGGGTG,0,4692451
ybiY_ybiW_predicted,0.25,3,3,CAGCAAACACTCCCTAACAT,0,4731810
ybiY_ybiW_predicted,0.25,3,3,CAGATTTCTTACTCTGCGCA,0,4694307
ybiY_ybiW_predicted,0.25,3,3,CAGATACAATTGCCTAACGT,0,4703837
ybiY_ybiW_predicted,0.25,3,3,CAGACACACGTACATATGGA,0,4702993
ybiY_ybiW_predicted,0.25,3,3,CAGAAGAGGTCAAACGGGCT,0,4688803
ybiY_ybiW_predicted,0.25,3,3,CACTTCTCTGCCCTTAGCAT,0,4719719
ybiY_ybiW_predicted,0.25,3,3,CACTTAATCACATTGAAGAC,0,4704614
ybiY_ybiW_predicted,0.25,3,3,CACTGGGGCGATTAGGTTTG,0,4715343
ybiY_ybiW_predicted,0.25,3,3,CACTGATCACTCGTCCGGAA,0,4722410
ybiY_ybiW_predicted,0.25,3,3,CACTCATTCGCGCGGTAGCA,0,4705779
ybiY_ybiW_predicted,0.25,3,3,CACTAGCATGATGGGTTCTT,0,4695496
ybiY_ybiW_predicted,0.25,3,3,CACTAACTCCTGTGTCCGGA,0,4702895
ybiY_ybiW_predicted,0.25,3,3,CACGATAACGTGCACGGGAC,0,4705226
ybiY_ybiW_predicted,0.25,3,3,CACGACGACGGTTAGATCGT,0,4700009
ybiY_ybiW_predicted,0.25,3,3,CACCGGAGTAGTCTTACTAA,0,4705280
ybiY_ybiW_predicted,0.25,3,3,CACCCCATGTAGAACGGCGG,0,4712187
ybiY_ybiW_predicted,0.25,3,3,CACATTTGCACTTAGTAATG,0,4716518
ybiY_ybiW_predicted,0.25,3,3,CACATGACCATCTGAGCTGG,0,4715542
ybiY_ybiW_predicted,0.25,3,3,CACATCGATTCTATGAGGGG,0,4695769
ybiY_ybiW_predicted,0.25,3,3,CACAGACATCACGGACTTCT,0,4696413
ybiY_ybiW_predicted,0.25,3,3,CACAACGCCGTGACTCCTTA,0,4720094
ybiY_ybiW_predicted,0.25,3,3,CACAACACCCTATTTCTTGC,0,4722408
ybiY_ybiW_predicted,0.25,3,3,CAATTGCTGATTCTCTGGCT,0,4717253
ybiY_ybiW_predicted,0.25,3,3,CAATCTGTCGAGATTACGGC,0,4691975
ybiY_ybiW_predicted,0.25,3,3,CAATCGTTATGGGTTCTAAC,0,4719925
ybiY_ybiW_predicted,0.25,3,3,CAAGGTACGGGTTGGGCCAT,0,4729054
ybiY_ybiW_predicted,0.25,3,3,CAAGGCCTTAAGTTACAAGA,0,4710437
ybiY_ybiW_predicted,0.25,3,3,CAAGCACTATCAACGTGTCA,0,4696290
ybiY_ybiW_predicted,0.25,3,3,CAAGCAACTCAGGGAATTTG,0,4732158
ybiY_ybiW_predicted,0.25,3,3,CAAGAAGAACAGATTAGATC,0,4694060
ybiY_ybiW_predicted,0.25,3,3,CAACTGCCTATCTCCTAAGA,0,4694262
ybiY_ybiW_predicted,0.25,3,3,CAACGTCGCGGACACTCAGC,0,4724503
ybiY_ybiW_predicted,0.25,3,3,CAACCGCTTGGTGAATGAAT,0,4724251
ybiY_ybiW_predicted,0.25,3,3,CAACAGTTATCCAACTTACA,0,4731931
ybiY_ybiW_predicted,0.25,3,3,CAAATCGCGCCAGAGGGAGA,0,4700570
ybiY_ybiW_predicted,0.25,3,3,CAAATCCCAACTGATCCCAA,0,4725235
ybiY_ybiW_predicted,0.25,3,3,CAAATATTTAAATCTATAAA,0,4695086
ybiY_ybiW_predicted,0.25,3,3,CAAAGCCTAGAAGAGAATTG,0,4717753
ybiY_ybiW_predicted,0.25,3,3,ATTTCTTCTATAAGACTTCG,0,4725268
ybiY_ybiW_predicted,0.25,3,3,ATTTCAGCGGGTGGATGGCG,0,4716476
ybiY_ybiW_predicted,0.25,3,3,ATTTAGGACAGTGTGCAGAT,0,4693583
ybiY_ybiW_predicted,0.25,3,3,ATTGTCTAACCCAGTCTGTG,0,4707004
ybiY_ybiW_predicted,0.25,3,3,ATTGTCGGACGCAGCAGAGG,0,4721197
ybiY_ybiW_predicted,0.25,3,3,ATTGTCCAGGAGCATGCAGG,0,4728646
ybiY_ybiW_predicted,0.25,3,3,ATTGGGATACCACGAGTTAA,0,4714797
ybiY_ybiW_predicted,0.25,3,3,ATTGCGGGGTCTCCAACTAG,0,4722641
ybiY_ybiW_predicted,0.25,3,3,ATTGCACGTATACAATTCAA,0,4700302
ybiY_ybiW_predicted,0.25,3,3,ATTGACAGATCGTCTTACTC,0,4693205
ybiY_ybiW_predicted,0.25,3,3,ATTCTCGTGGTAGGGCAACC,0,4719804
ybiY_ybiW_predicted,0.25,3,3,ATTCGTACGCCACGAATTGA,0,4690745
ybiY_ybiW_predicted,0.25,3,3,ATTCGGGGTGAATCGCGAAG,0,4710565
ybiY_ybiW_predicted,0.25,3,3,ATTCCTCTGCGGAGCTCTGC,0,4693885
ybiY_ybiW_predicted,0.25,3,3,ATTCCCTCATGGGTTACATT,0,4689094
ybiY_ybiW_predicted,0.25,3,3,ATTCATTGCGAAAAAACAGT,0,4692610
ybiY_ybiW_predicted,0.25,3,3,ATTATGTCGTCCGGGTCGTA,0,4712480
ybiY_ybiW_predicted,0.25,3,3,ATTAGCTTAGTGAGTCAATT,0,4725805
ybiY_ybiW_predicted,0.25,3,3,ATTAGCACTCTTTACCTCGA,0,4699627
ybiY_ybiW_predicted,0.25,3,3,ATTAAGAAAGCGAGGTCAGC,0,4718929
ybiY_ybiW_predicted,0.25,3,3,ATTAAAGGTCATTCTTTGTC,0,4693418
ybiY_ybiW_predicted,0.25,3,3,ATGTTGCGTCTGGCTTTTGA,0,4728568
ybiY_ybiW_predicted,0.25,3,3,ATGTTCTATAGACTTATCGA,0,4724568
ybiY_ybiW_predicted,0.25,3,3,ATGTGGCATTTAGGGTTGCA,0,4697535
ybiY_ybiW_predicted,0.25,3,3,ATGTCTTCTTTGTGCGTTTA,0,4725015
ybiY_ybiW_predicted,0.25,3,3,ATGTCAGTTCACCTTCAGTT,0,4716137
ybiY_ybiW_predicted,0.25,3,3,ATGTATGTGGTAGTCTCTGC,0,4719544
ybiY_ybiW_predicted,0.25,3,3,ATGGGGGCCAGCGTGTATTG,0,4699050
ybiY_ybiW_predicted,0.25,3,3,ATGGATCGTGTATACTCATT,0,4693221
ybiY_ybiW_predicted,0.25,3,3,ATGGAATAGACAGCCATCCT,0,4713767
ybiY_ybiW_predicted,0.25,3,3,ATGCTTTACAAGTTGCTCGT,0,4700217
ybiY_ybiW_predicted,0.25,3,3,ATGCCTTAGCTGGTCAACGA,0,4693011
ybiY_ybiW_predicted,0.25,3,3,ATGCCTGTTGAGTGCGAACC,0,4690276
ybiY_ybiW_predicted,0.25,3,3,ATGCCCTGTCTGTACACGGG,0,4725298
ybiY_ybiW_predicted,0.25,3,3,ATGCCCAAGGGCACACCTTT,0,4716717
ybiY_ybiW_predicted,0.25,3,3,ATGCATACGTTTGGGCCGAT,0,4716207
ybiY_ybiW_predicted,0.25,3,3,ATGCATAAATTTGTAAGGAA,0,4708609
ybiY_ybiW_predicted,0.25,3,3,ATGATTCAGCGTTACGGACT,0,4699726
ybiY_ybiW_predicted,0.25,3,3,ATGATCATGATCATCTCCGT,0,4724581
ybiY_ybiW_predicted,0.25,3,3,ATGAGCTCTGATGGGCATGC,0,4718015
ybiY_ybiW_predicted,0.25,3,3,ATGACTATGTCCAAATTGCT,0,4721560
ybiY_ybiW_predicted,0.25,3,3,ATGAATGGGGTTCCGAAAAC,0,4716885
ybiY_ybiW_predicted,0.25,3,3,ATCTTTGCTAGTTTCGCGAG,0,4701459
ybiY_ybiW_predicted,0.25,3,3,ATCTGTTCATTTAGGTCGAG,0,4707568
ybiY_ybiW_predicted,0.25,3,3,ATCTGCTCCACTTCTTGCAA,0,4692347
ybiY_ybiW_predicted,0.25,3,3,ATCTCTGTTGCTCCTTAGGG,0,4696405
ybiY_ybiW_predicted,0.25,3,3,ATCTCGGTAGTTTCACCTGT,0,4722298
ybiY_ybiW_predicted,0.25,3,3,ATCGTGGGGCACGTTCGCGA,0,4692583
ybiY_ybiW_predicted,0.25,3,3,ATCGTGCACTCCTTGTGCTG,0,4721562
ybiY_ybiW_predicted,0.25,3,3,ATCGCGATCCCACCCGTACA,0,4717105
ybiY_ybiW_predicted,0.25,3,3,ATCGACAATAAGGGGCTGTA,0,4721576
ybiY_ybiW_predicted,0.25,3,3,ATCGAATGTACTATCCGGAG,0,4695353
ybiY_ybiW_predicted,0.25,3,3,ATCGAACCTCTCCGGACATC,0,4699359
ybiY_ybiW_predicted,0.25,3,3,ATCCGGTTGTAGGTCTTTCC,0,4693669
ybiY_ybiW_predicted,0.25,3,3,ATCCGATAGCTCCTAGTCTG,0,4694736
ybiY_ybiW_predicted,0.25,3,3,ATCCCTGGACTTACAAGCCG,0,4723995
ybiY_ybiW_predicted,0.25,3,3,ATCCAATTAGAGACGCCGCT,0,4722595
ybiY_ybiW_predicted,0.25,3,3,ATCACGCGCCCCCTCACTCT,0,4730632
ybiY_ybiW_predicted,0.25,3,3,ATCACGATTCCACCGCGGAT,0,4717364
ybiY_ybiW_predicted,0.25,3,3,ATATTAGTCTAACGAATTCG,0,4718995
ybiY_ybiW_predicted,0.25,3,3,ATATGATCAAGTGCGGCTGA,0,4701201
ybiY_ybiW_predicted,0.25,3,3,ATATATGGAGACCTCTGGGA,0,4718980
ybiY_ybiW_predicted,0.25,3,3,ATAGTTACATAACGAGTCAG,0,4703018
ybiY_ybiW_predicted,0.25,3,3,ATAGGACACCGCAATTTGCA,0,4731398
ybiY_ybiW_predicted,0.25,3,3,ATAGCGTCGTAGAGCGTAGG,0,4689143
ybiY_ybiW_predicted,0.25,3,3,ATACCTTGATGTTATGTCGG,0,4725286
ybiY_ybiW_predicted,0.25,3,3,ATAATCGCTATAAACTGAGA,0,4702337
ybiY_ybiW_predicted,0.25,3,3,ATAAGTTCTGTAGGAAGGAT,0,4709036
ybiY_ybiW_predicted,0.25,3,3,ATAAGTACTATAAGCTCCAA,0,4698630
ybiY_ybiW_predicted,0.25,3,3,ATAAGGCTCCGCATGGACAG,0,4692485
ybiY_ybiW_predicted,0.25,3,3,ATAAACGGGTTGCTCGCATC,0,4710468
ybiY_ybiW_predicted,0.25,3,3,AGTTTCACCCACCCCTCAAA,0,4696022
ybiY_ybiW_predicted,0.25,3,3,AGTTGTAGTGGAGTGCTTTC,0,4731111
ybiY_ybiW_predicted,0.25,3,3,AGTTGTACGTGTGTTAGTGT,0,4692155
ybiY_ybiW_predicted,0.25,3,3,AGTTCCGTGGTCTGTTAGAC,0,4715506
ybiY_ybiW_predicted,0.25,3,3,AGTTAGCAGCAGCTGAAAGT,0,4710509
ybiY_ybiW_predicted,0.25,3,3,AGTGTGCAATCCCGCGTAGC,0,4724238
ybiY_ybiW_predicted,0.25,3,3,AGTGTAACCCGGCGATATTC,0,4707229
ybiY_ybiW_predicted,0.25,3,3,AGTGCCACCCATATGGTAGG,0,4723110
ybiY_ybiW_predicted,0.25,3,3,AGTGATGTGTCCGGTGTTTT,0,4692427
ybiY_ybiW_predicted,0.25,3,3,AGTGAGCACACTTCTTTTTG,0,4717111
ybiY_ybiW_predicted,0.25,3,3,AGTGACGCTCGGGACGTGGA,0,4712697
ybiY_ybiW_predicted,0.25,3,3,AGTCTTCGCGATAATGAGAT,0,4731674
ybiY_ybiW_predicted,0.25,3,3,AGTCTACAGGCGCCCACCTT,0,4700188
ybiY_ybiW_predicted,0.25,3,3,AGTCGTTTTAAGTGTATTAG,0,4723323
ybiY_ybiW_predicted,0.25,3,3,AGTCATGGAGTTGATATCTT,0,4697898
ybiY_ybiW_predicted,0.25,3,3,AGTCATCCTAGAACGCGGTG,0,4699333
ybiY_ybiW_predicted,0.25,3,3,AGTCAGGTGCGAATTGGGGA,0,4697746
ybiY_ybiW_predicted,0.25,3,3,AGTCAGGACTAACCACTGAC,0,4715428
ybiY_ybiW_predicted,0.25,3,3,AGTATTTGAGAAGAGTGCGA,0,4702874
ybiY_ybiW_predicted,0.25,3,3,AGTAGTAGCACGTCGATGCA,0,4712128
ybiY_ybiW_predicted,0.25,3,3,AGTACCTTTTAGGCCTCCGC,0,4702269
ybiY_ybiW_predicted,0.25,3,3,AGGTGTGGACATGTAAGCGA,0,4701674
ybiY_ybiW_predicted,0.25,3,3,AGGTGGTTGAGGTTTATGTA,0,4721340
ybiY_ybiW_predicted,0.25,3,3,AGGTGATGGTGACCAACCCA,0,4712794
ybiY_ybiW_predicted,0.25,3,3,AGGTCAGCTGAAGACCGGAA,0,4732510
ybiY_ybiW_predicted,0.25,3,3,AGGTACCGAGGTGGCCACCA,0,4710000
ybiY_ybiW_predicted,0.25,3,3,AGGGTATCTGCACAAAGTGG,0,4699127
ybiY_ybiW_predicted,0.25,3,3,AGGGGTGCTTCAAAGATGTT,0,4690002
ybiY_ybiW_predicted,0.25,3,3,AGGGGGGTGATGACGATCGA,0,4692806
ybiY_ybiW_predicted,0.25,3,3,AGGGCCGGCATGGTATTAGG,0,4728232
ybiY_ybiW_predicted,0.25,3,3,AGGCTTTTTACGTTAAGTCT,0,4691927
ybiY_ybiW_predicted,0.25,3,3,AGGCTGTACGCAGCTCGTGC,0,4690910
ybiY_ybiW_predicted,0.25,3,3,AGGCTGCGGATTGGGCGCGT,0,4723606
ybiY_ybiW_predicted,0.25,3,3,AGGCGGTCGAGATTGGCGGC,0,4706996
ybiY_ybiW_predicted,0.25,3,3,AGGCCGCCAGTCCGATGACA,0,4698744
ybiY_ybiW_predicted,0.25,3,3,AGGATTTCCGTGGCGTATCA,0,4725188
ybiY_ybiW_predicted,0.25,3,3,AGGATGAAACATACGCGTAG,0,4712155
ybiY_ybiW_predicted,0.25,3,3,AGGATCGAGCTTCCAAATAG,0,4709552
ybiY_ybiW_predicted,0.25,3,3,AGGAGTCAATAAAGCCATAA,0,4689586
ybiY_ybiW_predicted,0.25,3,3,AGGAGTAACTCACTAGCGTC,0,4693444
ybiY_ybiW_predicted,0.25,3,3,AGGAATACGCCATGGGGACT,0,4701129
ybiY_ybiW_predicted,0.25,3,3,AGGAAGAAAAAGTTCGAATG,0,4700333
ybiY_ybiW_predicted,0.25,3,3,AGCTGGTGTTGCTTCGGATT,0,4689557
ybiY_ybiW_predicted,0.25,3,3,AGCTGCAGGGTGAGGCTTTT,0,4719079
ybiY_ybiW_predicted,0.25,3,3,AGCTGATAATTCTTGGGTCA,0,4688888
ybiY_ybiW_predicted,0.25,3,3,AGCTAGTTCGCCATGTTCCC,0,4695946
ybiY_ybiW_predicted,0.25,3,3,AGCGTCGTCAGGTAATACGA,0,4730899
ybiY_ybiW_predicted,0.25,3,3,AGCGTCGGGGGCGTTCTCGT,0,4704767
ybiY_ybiW_predicted,0.25,3,3,AGCGGTTACCAATTAGCAGA,0,4732095
ybiY_ybiW_predicted,0.25,3,3,AGCGATTTCGGTTCTGCAGG,0,4729583
ybiY_ybiW_predicted,0.25,3,3,AGCGAAACCCTTGCATTATG,0,4722174
ybiY_ybiW_predicted,0.25,3,3,AGCCTGATCTGTAGCCCTCG,0,4690364
ybiY_ybiW_predicted,0.25,3,3,AGCCGTGGATACCGGCCATC,0,4718582
ybiY_ybiW_predicted,0.25,3,3,AGCCCGGAGTCCGCGGGAAG,0,4723206
ybiY_ybiW_predicted,0.25,3,3,AGCATAGCGTACTCGATTGT,0,4711594
ybiY_ybiW_predicted,0.25,3,3,AGCACTTAACAGGGGGACTC,0,4710556
ybiY_ybiW_predicted,0.25,3,3,AGCACCTCAGTTAGCATTCC,0,4703515
ybiY_ybiW_predicted,0.25,3,3,AGATTTAAAGTGGACATAGC,0,4690230
ybiY_ybiW_predicted,0.25,3,3,AGATTCTCGCGGGATTGCTG,0,4721532
ybiY_ybiW_predicted,0.25,3,3,AGATTATTACGTCCTGCACG,0,4710978
ybiY_ybiW_predicted,0.25,3,3,AGATCGAGAGGCCGAAGAAC,0,4719802
ybiY_ybiW_predicted,0.25,3,3,AGAGCGCACACCGTGAAGGC,0,4727052
ybiY_ybiW_predicted,0.25,3,3,AGAAGTCTTACAATTGAGTG,0,4716599
ybiY_ybiW_predicted,0.25,3,3,AGAACTGGTACCTGAAACGC,0,4695995
ybiY_ybiW_predicted,0.25,3,3,AGAAAAGTTGAATCTAGCTT,0,4688984
ybiY_ybiW_predicted,0.25,3,3,ACTTTGGTCCCTTATCTGGA,0,4696282
ybiY_ybiW_predicted,0.25,3,3,ACTTTCCTATGGTCAAACGG,0,4714011
ybiY_ybiW_predicted,0.25,3,3,ACTGTTGATGGCAAGTTGTA,0,4721284
ybiY_ybiW_predicted,0.25,3,3,ACTGTTCAATGGCGGGTAAG,0,4725736
ybiY_ybiW_predicted,0.25,3,3,ACTGTATTTGTAGTTGCCCA,0,4709368
ybiY_ybiW_predicted,0.25,3,3,ACTGATCCTGTCCTGCGCGA,0,4703009
ybiY_ybiW_predicted,0.25,3,3,ACTCTTGGATAGAGCTCTTA,0,4703525
ybiY_ybiW_predicted,0.25,3,3,ACTCTTATTATCCTCCCTTG,0,4727418
ybiY_ybiW_predicted,0.25,3,3,ACTCTCGCCGGTCGCTATTA,0,4705415
ybiY_ybiW_predicted,0.25,3,3,ACTCGCTAAAAGGATGATGA,0,4700677
ybiY_ybiW_predicted,0.25,3,3,ACTCGATATCGACAGGGTAG,0,4730803
ybiY_ybiW_predicted,0.25,3,3,ACTATCTGGGCGGTCCACTC,0,4693503
ybiY_ybiW_predicted,0.25,3,3,ACGTGATTAGACAGCGAGGC,0,4729338
ybiY_ybiW_predicted,0.25,3,3,ACGTGACCCGAACCGAAAGG,0,4691695
ybiY_ybiW_predicted,0.25,3,3,ACGGGTAGGTGGGCAGATCA,0,4710533
ybiY_ybiW_predicted,0.25,3,3,ACGGCTTGGGGTATGTAAGT,0,4689640
ybiY_ybiW_predicted,0.25,3,3,ACGGCTGCCGTAGTTCATGC,0,4723701
ybiY_ybiW_predicted,0.25,3,3,ACGGCGCGGTCCTGCTATTA,0,4710389
ybiY_ybiW_predicted,0.25,3,3,ACGCTCTATCCCACGTTAGT,0,4711073
ybiY_ybiW_predicted,0.25,3,3,ACGCTCAGGAGAAGGACGCA,0,4722930
ybiY_ybiW_predicted,0.25,3,3,ACGCGCTTGAACTACTCCGG,0,4726096
ybiY_ybiW_predicted,0.25,3,3,ACGAGCATATGGACTAAGCC,0,4688878
ybiY_ybiW_predicted,0.25,3,3,ACGAGCAGTCGTCATGGCGG,0,4704499
ybiY_ybiW_predicted,0.25,3,3,ACGACGGAACAACTGGAATG,0,4698410
ybiY_ybiW_predicted,0.25,3,3,ACGAACCGCTTCGCGGGTAT,0,4688729
ybiY_ybiW_predicted,0.25,3,3,ACCTTGTACATTATAGGACA,0,4717560
ybiY_ybiW_predicted,0.25,3,3,ACCTGGACTGATTGTCGTCG,0,4704010
ybiY_ybiW_predicted,0.25,3,3,ACCTGAATCCCCTGGACTGC,0,4705699
ybiY_ybiW_predicted,0.25,3,3,ACCGTGAACTAGAGTTGAAG,0,4701524
ybiY_ybiW_predicted,0.25,3,3,ACCCGCGGTTGGTCGTTACA,0,4722775
ybiY_ybiW_predicted,0.25,3,3,ACCCGCGCGATTTGCGCTAA,0,4707397
ybiY_ybiW_predicted,0.25,3,3,ACCCATACACTCTTGTGAGA,0,4723887
ybiY_ybiW_predicted,0.25,3,3,ACCCAAACAAACGCACGCGA,0,4688818
ybiY_ybiW_predicted,0.25,3,3,ACCACAAAGATTTTCGGGCT,0,4730211
ybiY_ybiW_predicted,0.25,3,3,ACCAACGGCCCGTCTAACGA,0,4716224
ybiY_ybiW_predicted,0.25,3,3,ACATTCGGAGGAAAGTGCCA,0,4723526
ybiY_ybiW_predicted,0.25,3,3,ACATTACGCATTGCTGCGCT,0,4725269
ybiY_ybiW_predicted,0.25,3,3,ACATCAATTCGACGCTCTCT,0,4727034
ybiY_ybiW_predicted,0.25,3,3,ACAGAGTCGCTCCGGTGTAA,0,4709750
ybiY_ybiW_predicted,0.25,3,3,ACAGAGGCTCAGCATGATCC,0,4710597
ybiY_ybiW_predicted,0.25,3,3,ACACGTGCCTCATTGGGTCA,0,4702024
ybiY_ybiW_predicted,0.25,3,3,ACACGTAACTGTCGTAGTAA,0,4697503
ybiY_ybiW_predicted,0.25,3,3,ACACCGATATATACCCTTTC,0,4725259
ybiY_ybiW_predicted,0.25,3,3,ACACATCTTATAAATTTAAC,0,4697016
ybiY_ybiW_predicted,0.25,3,3,ACACAGCAAGCTCGGAATAA,0,4719244
ybiY_ybiW_predicted,0.25,3,3,ACACACAAGAGGAGCTGCGA,0,4703751
ybiY_ybiW_predicted,0.25,3,3,ACAATGCGTCAACGGAGGCC,0,4707425
ybiY_ybiW_predicted,0.25,3,3,ACAAGTCGGGACCGCGCTAC,0,4693626
ybiY_ybiW_predicted,0.25,3,3,ACAACAGTGCAGCTGTGAAA,0,4716869
ybiY_ybiW_predicted,0.25,3,3,ACAAATTGACAATGCCGATT,0,4720755
ybiY_ybiW_predicted,0.25,3,3,ACAAACCGCGGTGGGGTTTG,0,4692571
ybiY_ybiW_predicted,0.25,3,3,AATTGGCTATCGAATCTAGG,0,4710208
ybiY_ybiW_predicted,0.25,3,3,AATTGGCGCAAGGGATTCTC,0,4727726
ybiY_ybiW_predicted,0.25,3,3,AATTCTTGGTAGCCACTGCT,0,4714945
ybiY_ybiW_predicted,0.25,3,3,AATTCGATCGAACCGCCATG,0,4717650
ybiY_ybiW_predicted,0.25,3,3,AATTCACAGTGGCCCGCTCT,0,4697866
ybiY_ybiW_predicted,0.25,3,3,AATTCAAACCTATTGCCGTT,0,4713304
ybiY_ybiW_predicted,0.25,3,3,AATTATGGCCGGACGTATGA,0,4710270
ybiY_ybiW_predicted,0.25,3,3,AATGTTTGTCTCTCAGGTCG,0,4688654
ybiY_ybiW_predicted,0.25,3,3,AATGTTAGCCGTATTACGCG,0,4699582
ybiY_ybiW_predicted,0.25,3,3,AATGTGTTTACGAGTACTAT,0,4727908
ybiY_ybiW_predicted,0.25,3,3,AATGCGTACTTGAGCTAAAC,0,4713719
ybiY_ybiW_predicted,0.25,3,3,AATGATATCGTAACCCAGTC,0,4726176
ybiY_ybiW_predicted,0.25,3,3,AATGAATTTTCTATACCCGA,0,4726990
ybiY_ybiW_predicted,0.25,3,3,AATCTGTCGTATCATACGGT,0,4721962
ybiY_ybiW_predicted,0.25,3,3,AATCTGGGGATGGGCCACGT,0,4730464
ybiY_ybiW_predicted,0.25,3,3,AATCTGGCGTGGACACTCAC,0,4710165
ybiY_ybiW_predicted,0.25,3,3,AATCGGGCTACTCCGCTTAG,0,4695295
ybiY_ybiW_predicted,0.25,3,3,AATCGGAGGACAAACCTAAA,0,4717078
ybiY_ybiW_predicted,0.25,3,3,AATCGGACCATACCGCATAA,0,4718097
ybiY_ybiW_predicted,0.25,3,3,AATCGCCCGACAGAGAGGGT,0,4721210
ybiY_ybiW_predicted,0.25,3,3,AATCCTAGCGCTGCCAAGTA,0,4705587
ybiY_ybiW_predicted,0.25,3,3,AATCAGCGTTGGTTTATACG,0,4710663
ybiY_ybiW_predicted,0.25,3,3,AATATACGATGTAAGTCACA,0,4690453
ybiY_ybiW_predicted,0.25,3,3,AATAGGGCTGGCGGTCGGTA,0,4702379
ybiY_ybiW_predicted,0.25,3,3,AATACCGCCCCACGACCGAA,0,4717891
ybiY_ybiW_predicted,0.25,3,3,AATAATCTCAAAAAACTGGC,0,4725566
ybiY_ybiW_predicted,0.25,3,3,AATAACTGCAGTACGGAGCA,0,4703659
ybiY_ybiW_predicted,0.25,3,3,AAGTTTGGGACGAGTGCCAT,0,4707693
ybiY_ybiW_predicted,0.25,3,3,AAGTGGACTCTATGTCAGCA,0,4704023
ybiY_ybiW_predicted,0.25,3,3,AAGTCTCCCGGGACCATAAC,0,4727762
ybiY_ybiW_predicted,0.25,3,3,AAGGTTGATGCCGGGCGTTT,0,4713434
ybiY_ybiW_predicted,0.25,3,3,AAGGTACTCGTTGGCCAGCG,0,4689939
ybiY_ybiW_predicted,0.25,3,3,AAGGCTCCCTCGCTCCTCAC,0,4726963
ybiY_ybiW_predicted,0.25,3,3,AAGGCAGTGTACTAACGTTC,0,4703723
ybiY_ybiW_predicted,0.25,3,3,AAGGAATTGCTAGCAGTAGA,0,4709604
ybiY_ybiW_predicted,0.25,3,3,AAGCGGACGAGCCGGACACC,0,4702745
ybiY_ybiW_predicted,0.25,3,3,AAGAGGAAATGGTGTGAGTT,0,4704955
ybiY_ybiW_predicted,0.25,3,3,AAGAGACTAAGCATAATTAG,0,4716111
ybiY_ybiW_predicted,0.25,3,3,AAGAGACACTCGAGGAACTC,0,4714471
ybiY_ybiW_predicted,0.25,3,3,AACTTGCAGCCCTTAGTGTC,0,4703083
ybiY_ybiW_predicted,0.25,3,3,AACTGCCCCTTATATGGCGA,0,4717550
ybiY_ybiW_predicted,0.25,3,3,AACTCGGGCCACGGTGTCAC,0,4714151
ybiY_ybiW_predicted,0.25,3,3,AACTAGGGCTGTTACTACAT,0,4732584
ybiY_ybiW_predicted,0.25,3,3,AACTAGACGTTACAGCTAAC,0,4711734
ybiY_ybiW_predicted,0.25,3,3,AACTAAGATTTTCAGAAGAA,0,4694409
ybiY_ybiW_predicted,0.25,3,3,AACGTGTTTCGCGTCTGGGA,0,4718647
ybiY_ybiW_predicted,0.25,3,3,AACGTCCGCCTAGAATGCAT,0,4720065
ybiY_ybiW_predicted,0.25,3,3,AACGGTTAGAGTATGAGGTT,0,4690851
ybiY_ybiW_predicted,0.25,3,3,AACGGGCATGCTGGGACTAG,0,4704394
ybiY_ybiW_predicted,0.25,3,3,AACGCGACGGGCTTTTCTTG,0,4691392
ybiY_ybiW_predicted,0.25,3,3,AACCTAAGGGGGGCGTACCG,0,4712228
ybiY_ybiW_predicted,0.25,3,3,AACCGCATCGACTTGTCCGT,0,4700656
ybiY_ybiW_predicted,0.25,3,3,AACATGCCTGGGATTGCGGA,0,4688653
ybiY_ybiW_predicted,0.25,3,3,AACATAGTCGGCACGCAAAG,0,4728593
ybiY_ybiW_predicted,0.25,3,3,AACAGTCAGGTCCCCACGTT,0,4729790
ybiY_ybiW_predicted,0.25,3,3,AACAGTATATCCGGGTGTAT,0,4725575
ybiY_ybiW_predicted,0.25,3,3,AACACCTATTATGAGATAGT,0,4693166
ybiY_ybiW_predicted,0.25,3,3,AAATTGGCTAGGTTTAAGTG,0,4712349
ybiY_ybiW_predicted,0.25,3,3,AAATGAGGTAAAGGGCGGAA,0,4723785
ybiY_ybiW_predicted,0.25,3,3,AAATGAATGAGGACCCTGAT,0,4694808
ybiY_ybiW_predicted,0.25,3,3,AAAGTCACAGACCAGCCAAG,0,4726834
ybiY_ybiW_predicted,0.25,3,3,AAAGTACACACAGGGTAGCT,0,4712946
ybiY_ybiW_predicted,0.25,3,3,AAAGGGCCGAGGCGACAAAC,0,4702701
ybiY_ybiW_predicted,0.25,3,3,AAAGCGCCACGAACCGCTTG,0,4721797
ybiY_ybiW_predicted,0.25,3,3,AAAGCGAGAGGGCCAGATGA,0,4710490
ybiY_ybiW_predicted,0.25,3,3,AAAGCACATGCCGATACAGT,0,4708524
ybiY_ybiW_predicted,0.25,3,3,AAAGAATGATCAACAAATAG,0,4724429
ybiY_ybiW_predicted,0.25,3,3,AAACGGTACGAGTGCCAGTA,0,4712821
ybiY_ybiW_predicted,0.25,3,3,AAAATCGAGCGGCCGGGGTT,0,4716771
ybiY_ybiW_predicted,0.25,3,3,AAAATAATGACTGCCTTCCC,0,4705777
ybiY_ybiW_predicted,0.25,3,3,AAAAAGTTTAAGCGAAGAAG,0,4696399
ybiY_ybiW_predicted,0.25,3,3,AAAAAAGGTACGTGTCAGGA,0,4725056
ybiY_ybiW_predicted,0.3333333333333333,2,2,TTTTTCAATATAATGCGAAC,0,4722219
ybiY_ybiW_predicted,0.3333333333333333,2,2,TTTTGCAGCGGGTTATATCG,0,4713576
ybiY_ybiW_predicted,0.3333333333333333,2,2,TTTTGAGGAGGCCCGGGCCC,0,4689109
ybiY_ybiW_predicted,0.3333333333333333,2,2,TTTTGACTAAAATGCTACAT,0,4696256
ybiY_ybiW_predicted,0.3333333333333333,2,2,TTTGGGGTGCTCGAGGTTCT,0,4708602
ybiY_ybiW_predicted,0.3333333333333333,2,2,TTTGGGCCAGGAGTCGGGGT,0,4730373
ybiY_ybiW_predicted,0.3333333333333333,2,2,TTTGATGAACCTGGGGATAT,0,4729243
ybiY_ybiW_predicted,0.3333333333333333,2,2,TTTCTTACTATTCATAGTAC,0,4704583
ybiY_ybiW_predicted,0.3333333333333333,2,2,TTTCTCTAGCTTCGACAAGT,0,4697206
ybiY_ybiW_predicted,0.3333333333333333,2,2,TTTCTAATACTATTGTTCTT,0,4712564
ybiY_ybiW_predicted,0.3333333333333333,2,2,TTTCGAACAAGCGGTTTAAG,0,4716084
ybiY_ybiW_predicted,0.3333333333333333,2,2,TTTCAAGCCTCGGCGCCGTA,0,4724348
ybiY_ybiW_predicted,0.3333333333333333,2,2,TTTAGAGCGCGAAGCGTAAA,0,4691863
ybiY_ybiW_predicted,0.3333333333333333,2,2,TTTACTGCGTTCCTAGGGCG,0,4696276
ybiY_ybiW_predicted,0.3333333333333333,2,2,TTTAATCTGTTTGGCATTGT,0,4715227
ybiY_ybiW_predicted,0.3333333333333333,2,2,TTGTTTTTAGTACCGGGTAA,0,4710839
ybiY_ybiW_predicted,0.3333333333333333,2,2,TTGTTCCATCATTACAGACC,0,4711318
ybiY_ybiW_predicted,0.3333333333333333,2,2,TTGTCCATTAGAGGGGGGCG,0,4730945
ybiY_ybiW_predicted,0.3333333333333333,2,2,TTGGTGAGAATGATGGATCA,0,4713104
ybiY_ybiW_predicted,0.3333333333333333,2,2,TTGGTCGTAGCACATACGCA,0,4723910
ybiY_ybiW_predicted,0.3333333333333333,2,2,TTGGGTGAATTGTGTAGGCC,0,4724672
ybiY_ybiW_predicted,0.3333333333333333,2,2,TTGGGGTCTGTCGAACGCTT,0,4708855
ybiY_ybiW_predicted,0.3333333333333333,2,2,TTGGCGACCCCTGTAGGCTC,0,4716180
ybiY_ybiW_predicted,0.3333333333333333,2,2,TTGGCAGATAGTCATAACCC,0,4711006
ybiY_ybiW_predicted,0.3333333333333333,2,2,TTGCTTCAAGCTGACTCCAT,0,4694614
ybiY_ybiW_predicted,0.3333333333333333,2,2,TTGCTGGGACAAGAGGAGTT,0,4700533
ybiY_ybiW_predicted,0.3333333333333333,2,2,TTGCGGCCTTACTTTTTGGG,0,4723064
ybiY_ybiW_predicted,0.3333333333333333,2,2,TTGCCCCGCGGATCATGTTC,0,4721126
ybiY_ybiW_predicted,0.3333333333333333,2,2,TTGCCAGGTCGAAACATTGA,0,4694053
ybiY_ybiW_predicted,0.3333333333333333,2,2,TTGCAAAGCTGGGCTGTCGT,0,4726278
ybiY_ybiW_predicted,0.3333333333333333,2,2,TTGATTGTGCCCCCTCGAGT,0,4694755
ybiY_ybiW_predicted,0.3333333333333333,2,2,TTGATTGGACATCTCGAAAG,0,4722393
ybiY_ybiW_predicted,0.3333333333333333,2,2,TTGATGCCGATTTTAGCTGG,0,4702663
ybiY_ybiW_predicted,0.3333333333333333,2,2,TTGATAAAAGGCAATGAGTA,0,4705647
ybiY_ybiW_predicted,0.3333333333333333,2,2,TTGAGGCGGGCAGCGCCCTT,0,4702758
ybiY_ybiW_predicted,0.3333333333333333,2,2,TTGAGGAAACCGCCAAACAG,0,4708023
ybiY_ybiW_predicted,0.3333333333333333,2,2,TTGAGCAAAAACTTCTTAAT,0,4701831
ybiY_ybiW_predicted,0.3333333333333333,2,2,TTGACCGTTCCGCGTTCATT,0,4716153
ybiY_ybiW_predicted,0.3333333333333333,2,2,TTCTCTCTTCGGGTTTGGGC,0,4705396
ybiY_ybiW_predicted,0.3333333333333333,2,2,TTCTAGTACCGGAAGACTCC,0,4722782
ybiY_ybiW_predicted,0.3333333333333333,2,2,TTCGTTTTGGCCTAAGCCAC,0,4705270
ybiY_ybiW_predicted,0.3333333333333333,2,2,TTCGTCAGTCCGCTGCAAAA,0,4718702
ybiY_ybiW_predicted,0.3333333333333333,2,2,TTCGGCTAAAACACACTTGC,0,4690378
ybiY_ybiW_predicted,0.3333333333333333,2,2,TTCGCTAGTTTTTTGGAAAG,0,4727712
ybiY_ybiW_predicted,0.3333333333333333,2,2,TTCGACGTACCGTCGGACGT,0,4691242
ybiY_ybiW_predicted,0.3333333333333333,2,2,TTCCTAATTTCCTTACGGGT,0,4723530
ybiY_ybiW_predicted,0.3333333333333333,2,2,TTCCGCGGGATGCTATCAGG,0,4688839
ybiY_ybiW_predicted,0.3333333333333333,2,2,TTCCCTGACGTCTGTATCAA,0,4696674
ybiY_ybiW_predicted,0.3333333333333333,2,2,TTCAGACTGACTTTGCTTAG,0,4704324
ybiY_ybiW_predicted,0.3333333333333333,2,2,TTCAAGTCAGAGGAGCTGAA,0,4699790
ybiY_ybiW_predicted,0.3333333333333333,2,2,TTCAACCTCCGCTGGTTTTA,0,4699756
ybiY_ybiW_predicted,0.3333333333333333,2,2,TTATTTCCCCAGGCGTAAAT,0,4706308
ybiY_ybiW_predicted,0.3333333333333333,2,2,TTATGACCAATAGAGCGTTA,0,4720986
ybiY_ybiW_predicted,0.3333333333333333,2,2,TTATGACATCCATCAATAAT,0,4694234
ybiY_ybiW_predicted,0.3333333333333333,2,2,TTATCTGTAGGAATAGGCCA,0,4691109
ybiY_ybiW_predicted,0.3333333333333333,2,2,TTATCAGTGCAGAGAGATGC,0,4688912
ybiY_ybiW_predicted,0.3333333333333333,2,2,TTATCACATCCTTTACTGTC,0,4702936
ybiY_ybiW_predicted,0.3333333333333333,2,2,TTATAGCTGCCTGTCCTGCG,0,4711654
ybiY_ybiW_predicted,0.3333333333333333,2,2,TTATACGCTCGTTGGGCGAT,0,4700939
ybiY_ybiW_predicted,0.3333333333333333,2,2,TTATAATATAGCTGTATGTG,0,4728820
ybiY_ybiW_predicted,0.3333333333333333,2,2,TTATAAAGCGTCTTCGAATA,0,4726728
ybiY_ybiW_predicted,0.3333333333333333,2,2,TTAGTACGGATAAGAGGTTG,0,4698953
ybiY_ybiW_predicted,0.3333333333333333,2,2,TTAGGTTGCGTACGTGTACC,0,4723583
ybiY_ybiW_predicted,0.3333333333333333,2,2,TTAGGACCGGACCGGAGACT,0,4728963
ybiY_ybiW_predicted,0.3333333333333333,2,2,TTAGCACGTCGGAGTAATGT,0,4730145
ybiY_ybiW_predicted,0.3333333333333333,2,2,TTAGAATCTTTGTTGTTGAC,0,4701423
ybiY_ybiW_predicted,0.3333333333333333,2,2,TTACCTAAGAGGTCACAAGA,0,4729238
ybiY_ybiW_predicted,0.3333333333333333,2,2,TTACCAGTGATATTTTTTAA,0,4723016
ybiY_ybiW_predicted,0.3333333333333333,2,2,TTACAGAGCCCGCACAATCG,0,4730294
ybiY_ybiW_predicted,0.3333333333333333,2,2,TTAATGTGCTACGGGCCTTC,0,4698569
ybiY_ybiW_predicted,0.3333333333333333,2,2,TTAATGCAAAAGATCCGGGG,0,4705393
ybiY_ybiW_predicted,0.3333333333333333,2,2,TTAATCTTTGCGATAAAGGG,0,4720129
ybiY_ybiW_predicted,0.3333333333333333,2,2,TTAATACGTGAATACGGGGC,0,4697597
ybiY_ybiW_predicted,0.3333333333333333,2,2,TTAAGAGCTCAGATCAACGC,0,4721908
ybiY_ybiW_predicted,0.3333333333333333,2,2,TTAAACGTCGCTCGTTACTG,0,4703545
ybiY_ybiW_predicted,0.3333333333333333,2,2,TGTTTTGGTTAATGAGATGG,0,4700566
ybiY_ybiW_predicted,0.3333333333333333,2,2,TGTTTTAATAATGATTACGC,0,4694467
ybiY_ybiW_predicted,0.3333333333333333,2,2,TGTTTCTACAGGTTGAATTT,0,4730254
ybiY_ybiW_predicted,0.3333333333333333,2,2,TGTTGCTTGGATATGACGCA,0,4724783
ybiY_ybiW_predicted,0.3333333333333333,2,2,TGTTCTAGACGTTAGCAAAT,0,4729181
ybiY_ybiW_predicted,0.3333333333333333,2,2,TGTTCCGTCCGACCTAGAAG,0,4716140
ybiY_ybiW_predicted,0.3333333333333333,2,2,TGTGTTTTGCCATTATAGAG,0,4708966
ybiY_ybiW_predicted,0.3333333333333333,2,2,TGTGGTGAATTGAACACCAT,0,4704821
ybiY_ybiW_predicted,0.3333333333333333,2,2,TGTGGCGGGCCATCGGTTTC,0,4692532
ybiY_ybiW_predicted,0.3333333333333333,2,2,TGTGAACGGATCCACGGATC,0,4716976
ybiY_ybiW_predicted,0.3333333333333333,2,2,TGTCTAAGCTAAACAACAGG,0,4728521
ybiY_ybiW_predicted,0.3333333333333333,2,2,TGTCAAATTGTATGAGGAAC,0,4722937
ybiY_ybiW_predicted,0.3333333333333333,2,2,TGTAGTTGCCATGATGGAGG,0,4731421
ybiY_ybiW_predicted,0.3333333333333333,2,2,TGTAGGCTGACATATACTCG,0,4727380
ybiY_ybiW_predicted,0.3333333333333333,2,2,TGTAGCTTCGACATACGAGC,0,4721871
ybiY_ybiW_predicted,0.3333333333333333,2,2,TGTAAGGATAAGGACGGGAT,0,4688768
ybiY_ybiW_predicted,0.3333333333333333,2,2,TGGTTTCTTGGTAATTTCGT,0,4690886
ybiY_ybiW_predicted,0.3333333333333333,2,2,TGGTGCGTCCCCAGCCTGGT,0,4716485
ybiY_ybiW_predicted,0.3333333333333333,2,2,TGGTCCTGTTTGAAATATAG,0,4708254
ybiY_ybiW_predicted,0.3333333333333333,2,2,TGGTAAACTGACATCACACC,0,4702383
ybiY_ybiW_predicted,0.3333333333333333,2,2,TGGGTTTATTTCTTACCTTC,0,4719117
ybiY_ybiW_predicted,0.3333333333333333,2,2,TGGGTGAAGATCTCAGGGTG,0,4720073
ybiY_ybiW_predicted,0.3333333333333333,2,2,TGGGTAGCCGTGCAGACCGG,0,4703780
ybiY_ybiW_predicted,0.3333333333333333,2,2,TGGGGGAGGTAGGCTGGCGA,0,4721735
ybiY_ybiW_predicted,0.3333333333333333,2,2,TGGGCTCAGATCCCACGAAG,0,4718788
ybiY_ybiW_predicted,0.3333333333333333,2,2,TGGGCCGGACGAGAGATCAA,0,4716917
ybiY_ybiW_predicted,0.3333333333333333,2,2,TGGGCACGATATGCTAAGGC,0,4696208
ybiY_ybiW_predicted,0.3333333333333333,2,2,TGGGACACTGGTTTCCCTCC,0,4713478
ybiY_ybiW_predicted,0.3333333333333333,2,2,TGGCTCGCCGTAAATATTTT,0,4714245
ybiY_ybiW_predicted,0.3333333333333333,2,2,TGGCCTCTGAACCGTTCCCC,0,4726901
ybiY_ybiW_predicted,0.3333333333333333,2,2,TGGCCTCATATTCCACTTGG,0,4714334
ybiY_ybiW_predicted,0.3333333333333333,2,2,TGGCCGCCTAAATACACCGG,0,4690888
ybiY_ybiW_predicted,0.3333333333333333,2,2,TGGCATCGTAATATTTTTAT,0,4694212
ybiY_ybiW_predicted,0.3333333333333333,2,2,TGGATAACGGCTCAATCCAT,0,4715075
ybiY_ybiW_predicted,0.3333333333333333,2,2,TGGAGATCCATGTTGATACG,0,4691385
ybiY_ybiW_predicted,0.3333333333333333,2,2,TGGACGCCCGGTCCTCCTGT,0,4693934
ybiY_ybiW_predicted,0.3333333333333333,2,2,TGCTTTACTTGCGTTCTAGA,0,4717843
ybiY_ybiW_predicted,0.3333333333333333,2,2,TGCTCGGCTTGCCGGGACTG,0,4704118
ybiY_ybiW_predicted,0.3333333333333333,2,2,TGCTATGCCAGAGGCCAATG,0,4696675
ybiY_ybiW_predicted,0.3333333333333333,2,2,TGCTAACCCCTCGTTCGGAT,0,4707078
ybiY_ybiW_predicted,0.3333333333333333,2,2,TGCTAACACTCCTTAAGATA,0,4707544
ybiY_ybiW_predicted,0.3333333333333333,2,2,TGCGTTGGTAATGGCCCATT,0,4692292
ybiY_ybiW_predicted,0.3333333333333333,2,2,TGCGTAGTATTATGAGTAGG,0,4717074
ybiY_ybiW_predicted,0.3333333333333333,2,2,TGCGCTAATCTCGTTGGACG,0,4702301
ybiY_ybiW_predicted,0.3333333333333333,2,2,TGCCGTCGCTTGGTATCTAG,0,4696583
ybiY_ybiW_predicted,0.3333333333333333,2,2,TGCCCGGGGTTGTCAACAAC,0,4721868
ybiY_ybiW_predicted,0.3333333333333333,2,2,TGCCCCTGCATTGCCAATCT,0,4719390
ybiY_ybiW_predicted,0.3333333333333333,2,2,TGCATGCACAGGTCACTCAT,0,4722667
ybiY_ybiW_predicted,0.3333333333333333,2,2,TGCATGAGGTGAGGGTATAC,0,4698543
ybiY_ybiW_predicted,0.3333333333333333,2,2,TGCAGCGCGCTGCCCAATCA,0,4691808
ybiY_ybiW_predicted,0.3333333333333333,2,2,TGCAGCGCGAAACTTATCGG,0,4696847
ybiY_ybiW_predicted,0.3333333333333333,2,2,TGCAGACTTGTGTCCGGCGG,0,4723664
ybiY_ybiW_predicted,0.3333333333333333,2,2,TGCACACGCTTTCTATGGCT,0,4716751
ybiY_ybiW_predicted,0.3333333333333333,2,2,TGCACACCATAGCCTGTTCA,0,4699295
ybiY_ybiW_predicted,0.3333333333333333,2,2,TGCAACATCCATATCTTCAA,0,4701047
ybiY_ybiW_predicted,0.3333333333333333,2,2,TGCAAAATAGATCACAGCCT,0,4716811
ybiY_ybiW_predicted,0.3333333333333333,2,2,TGATAGCATACGGGCTGCCA,0,4698156
ybiY_ybiW_predicted,0.3333333333333333,2,2,TGATACGGACAGCTGGAGCT,0,4723890
ybiY_ybiW_predicted,0.3333333333333333,2,2,TGAGGTCCATGTACGCGACA,0,4716217
ybiY_ybiW_predicted,0.3333333333333333,2,2,TGAGCTTATAGGACATTGTC,0,4718941
ybiY_ybiW_predicted,0.3333333333333333,2,2,TGAGCCTAAATTAGATATAA,0,4700160
ybiY_ybiW_predicted,0.3333333333333333,2,2,TGAGCCGTCAATTTATGTAC,0,4721921
ybiY_ybiW_predicted,0.3333333333333333,2,2,TGACTATCATCCTGTGATGA,0,4701202
ybiY_ybiW_predicted,0.3333333333333333,2,2,TGACGTCACGTCCCAGGTGC,0,4711927
ybiY_ybiW_predicted,0.3333333333333333,2,2,TGACCTCGACATAGAAGTTT,0,4730209
ybiY_ybiW_predicted,0.3333333333333333,2,2,TGACCCAAGGGTTTGTTATA,0,4729709
ybiY_ybiW_predicted,0.3333333333333333,2,2,TGACAGGGACGAGATTCCGG,0,4722886
ybiY_ybiW_predicted,0.3333333333333333,2,2,TGAATAATTCCAACTTCTGA,0,4708925
ybiY_ybiW_predicted,0.3333333333333333,2,2,TGAAGTAGTCTCTGGTCATG,0,4690603
ybiY_ybiW_predicted,0.3333333333333333,2,2,TGAAGAGGACGTAAGCACGC,0,4711260
ybiY_ybiW_predicted,0.3333333333333333,2,2,TGAAAGGATTATTATCAATG,0,4689302
ybiY_ybiW_predicted,0.3333333333333333,2,2,TGAAACTCTACACTTGTTTC,0,4690119
ybiY_ybiW_predicted,0.3333333333333333,2,2,TGAAACCTAGGGCAATGATA,0,4708277
ybiY_ybiW_predicted,0.3333333333333333,2,2,TCTTTGTGATAGACCAAGTC,0,4701133
ybiY_ybiW_predicted,0.3333333333333333,2,2,TCTTTAGTAATAGGGTGTGC,0,4705588
ybiY_ybiW_predicted,0.3333333333333333,2,2,TCTTTACGGTTACCCTAGTC,0,4707533
ybiY_ybiW_predicted,0.3333333333333333,2,2,TCTTGCCACACGCTATAAGT,0,4704181
ybiY_ybiW_predicted,0.3333333333333333,2,2,TCTTGAATGAATTAGGAACG,0,4714261
ybiY_ybiW_predicted,0.3333333333333333,2,2,TCTTAAAGGTCTTTTTCGAA,0,4716314
ybiY_ybiW_predicted,0.3333333333333333,2,2,TCTGGTCCACCTCGTAGTCA,0,4729807
ybiY_ybiW_predicted,0.3333333333333333,2,2,TCTGGGGTCTCCTAAAGGGG,0,4705337
ybiY_ybiW_predicted,0.3333333333333333,2,2,TCTCGACCGGAGGTCGGCGG,0,4729408
ybiY_ybiW_predicted,0.3333333333333333,2,2,TCTCCCTACTTACGCTTTGC,0,4706658
ybiY_ybiW_predicted,0.3333333333333333,2,2,TCTCAACTCCTAGTATGGCT,0,4716506
ybiY_ybiW_predicted,0.3333333333333333,2,2,TCTCAACGCGTTCAGGAGAA,0,4707218
ybiY_ybiW_predicted,0.3333333333333333,2,2,TCTATTCATGTTATGATTAG,0,4693122
ybiY_ybiW_predicted,0.3333333333333333,2,2,TCTACTAAGTTTTACGGCGA,0,4702434
ybiY_ybiW_predicted,0.3333333333333333,2,2,TCTACGTGCTAACGCGTGGG,0,4707737
ybiY_ybiW_predicted,0.3333333333333333,2,2,TCTACATCGATGAGTCCGTC,0,4701742
ybiY_ybiW_predicted,0.3333333333333333,2,2,TCGTTCTCGTTCTGTTGGGT,0,4707017
ybiY_ybiW_predicted,0.3333333333333333,2,2,TCGTATTAACCTGCGGGTAG,0,4718135
ybiY_ybiW_predicted,0.3333333333333333,2,2,TCGGTTTAATTAGTAAGGAT,0,4712321
ybiY_ybiW_predicted,0.3333333333333333,2,2,TCGGTCTCACTACGTTAAGC,0,4699978
ybiY_ybiW_predicted,0.3333333333333333,2,2,TCGGTAAATTATCAGCTCAA,0,4706482
ybiY_ybiW_predicted,0.3333333333333333,2,2,TCGGGAAATTGGACTCCTAC,0,4723015
ybiY_ybiW_predicted,0.3333333333333333,2,2,TCGGCCGGCTCTCGGAACTT,0,4713579
ybiY_ybiW_predicted,0.3333333333333333,2,2,TCGGACTACGTGTGATCACT,0,4719233
ybiY_ybiW_predicted,0.3333333333333333,2,2,TCGGAAAATTGAGGTAAGGT,0,4698332
ybiY_ybiW_predicted,0.3333333333333333,2,2,TCGCGAATCAAGTTCGAAAC,0,4720505
ybiY_ybiW_predicted,0.3333333333333333,2,2,TCGCCCCTCCACGAGGATGC,0,4725982
ybiY_ybiW_predicted,0.3333333333333333,2,2,TCGAGTGCCTGGTAGGGTAT,0,4688485
ybiY_ybiW_predicted,0.3333333333333333,2,2,TCGAGTACGTCAGGGCGCTT,0,4691239
ybiY_ybiW_predicted,0.3333333333333333,2,2,TCGAATACCGGACGGTGCTG,0,4724978
ybiY_ybiW_predicted,0.3333333333333333,2,2,TCGAAGCGACTTAGTGATGC,0,4702028
ybiY_ybiW_predicted,0.3333333333333333,2,2,TCCTTGCTCGGCATCCCGCA,0,4716639
ybiY_ybiW_predicted,0.3333333333333333,2,2,TCCTTCTGCTGTTGGGGGAT,0,4698068
ybiY_ybiW_predicted,0.3333333333333333,2,2,TCCTTAGGGCGAGGACGTGG,0,4701303
ybiY_ybiW_predicted,0.3333333333333333,2,2,TCCTGCTGAACCATGTCTAA,0,4712037
ybiY_ybiW_predicted,0.3333333333333333,2,2,TCCGTTCTTACTTGCAGGCT,0,4725241
ybiY_ybiW_predicted,0.3333333333333333,2,2,TCCGGGGGTACAGGAAGGGT,0,4710274
ybiY_ybiW_predicted,0.3333333333333333,2,2,TCCGGCATTTACATAGGTCA,0,4711344
ybiY_ybiW_predicted,0.3333333333333333,2,2,TCCGCTAAGGGGCAGGAGTA,0,4714288
ybiY_ybiW_predicted,0.3333333333333333,2,2,TCCCGTGATCGTCTGTGCAT,0,4730679
ybiY_ybiW_predicted,0.3333333333333333,2,2,TCCCGGGCATAGTTTCGCCT,0,4692016
ybiY_ybiW_predicted,0.3333333333333333,2,2,TCCCCGCTTGCAATTAGATG,0,4693310
ybiY_ybiW_predicted,0.3333333333333333,2,2,TCCCACTGCCCTCACGCTGA,0,4700775
ybiY_ybiW_predicted,0.3333333333333333,2,2,TCCAGTATTTAGGGTAAATC,0,4704026
ybiY_ybiW_predicted,0.3333333333333333,2,2,TCCAGCACGAGCAACCTCTT,0,4705586
ybiY_ybiW_predicted,0.3333333333333333,2,2,TCCACCGGCCTTAGTATTCT,0,4689987
ybiY_ybiW_predicted,0.3333333333333333,2,2,TCCACAATTTCGTTTAACTC,0,4727315
ybiY_ybiW_predicted,0.3333333333333333,2,2,TCATCTCACCCCCCACACGA,0,4723102
ybiY_ybiW_predicted,0.3333333333333333,2,2,TCATAGAGCGAGCGCTATAA,0,4699313
ybiY_ybiW_predicted,0.3333333333333333,2,2,TCAGTTAGTTAAGTCTACCA,0,4708539
ybiY_ybiW_predicted,0.3333333333333333,2,2,TCAGTGACTGATCTAACATA,0,4718674
ybiY_ybiW_predicted,0.3333333333333333,2,2,TCAGTCGGCCGAATTGCCAT,0,4705502
ybiY_ybiW_predicted,0.3333333333333333,2,2,TCAGGACCCGTGTACGTATA,0,4705063
ybiY_ybiW_predicted,0.3333333333333333,2,2,TCAGCGATATTATTCGCCGC,0,4732472
ybiY_ybiW_predicted,0.3333333333333333,2,2,TCAGCCCTGCGCCCAGCCTA,0,4717553
ybiY_ybiW_predicted,0.3333333333333333,2,2,TCACGGACCTGAAGCTAAGT,0,4709374
ybiY_ybiW_predicted,0.3333333333333333,2,2,TCACGATCCGGTTATGTTTG,0,4696273
ybiY_ybiW_predicted,0.3333333333333333,2,2,TCACCGGTTTATGTGATCAA,0,4697362
ybiY_ybiW_predicted,0.3333333333333333,2,2,TCAAGTGAGACCTAAAATTG,0,4706920
ybiY_ybiW_predicted,0.3333333333333333,2,2,TCAAGTCAATATGCGCCTCC,0,4730689
ybiY_ybiW_predicted,0.3333333333333333,2,2,TCAACGTCCCGCTGCAATGT,0,4720815
ybiY_ybiW_predicted,0.3333333333333333,2,2,TCAACAATGTTACATAATTG,0,4731502
ybiY_ybiW_predicted,0.3333333333333333,2,2,TCAAAGCGAGGCAATGACTG,0,4728154
ybiY_ybiW_predicted,0.3333333333333333,2,2,TATTTGGGGGGTCTATTCAT,0,4731939
ybiY_ybiW_predicted,0.3333333333333333,2,2,TATTTGCATTACCGCAACTA,0,4712168
ybiY_ybiW_predicted,0.3333333333333333,2,2,TATTTGAAGTAACTGATTAG,0,4716681
ybiY_ybiW_predicted,0.3333333333333333,2,2,TATTGGCCTGACAAGGTGAA,0,4693440
ybiY_ybiW_predicted,0.3333333333333333,2,2,TATTGCGATCGATTACCGCG,0,4719633
ybiY_ybiW_predicted,0.3333333333333333,2,2,TATTCTTTCCTCTGGGTCGT,0,4689028
ybiY_ybiW_predicted,0.3333333333333333,2,2,TATTCTGAGGTTTGCTACCT,0,4701914
ybiY_ybiW_predicted,0.3333333333333333,2,2,TATTCGAAAACAACAAGCAT,0,4695884
ybiY_ybiW_predicted,0.3333333333333333,2,2,TATTAGCGAGCATTGATGAA,0,4728019
ybiY_ybiW_predicted,0.3333333333333333,2,2,TATGTGTCAGCTCACTTGGA,0,4717240
ybiY_ybiW_predicted,0.3333333333333333,2,2,TATGCTTTCGTTAGTAGGAC,0,4700981
ybiY_ybiW_predicted,0.3333333333333333,2,2,TATCCGGGACATGGCGTTAG,0,4693228
ybiY_ybiW_predicted,0.3333333333333333,2,2,TATCAGTATAGTCCAAGTTT,0,4702106
ybiY_ybiW_predicted,0.3333333333333333,2,2,TATATGCGGCGCTACTTAAC,0,4732515
ybiY_ybiW_predicted,0.3333333333333333,2,2,TATATGATCTGGACCGGAGT,0,4709457
ybiY_ybiW_predicted,0.3333333333333333,2,2,TATAGTGCCCATTGTGGGAT,0,4705760
ybiY_ybiW_predicted,0.3333333333333333,2,2,TATAGTGCCAGTTATAGCGT,0,4724879
ybiY_ybiW_predicted,0.3333333333333333,2,2,TATAGGTGAGGTATGGTGGC,0,4700137
ybiY_ybiW_predicted,0.3333333333333333,2,2,TATAGCCTGCTTCAACTGCG,0,4710263
ybiY_ybiW_predicted,0.3333333333333333,2,2,TATAGCCCCCAGGTCCCTTT,0,4707065
ybiY_ybiW_predicted,0.3333333333333333,2,2,TATACGCGATAAGGCTTAAC,0,4706481
ybiY_ybiW_predicted,0.3333333333333333,2,2,TATACAAAATACTGGGAACC,0,4713124
ybiY_ybiW_predicted,0.3333333333333333,2,2,TATAAGGTCACATTGCGGAT,0,4729957
ybiY_ybiW_predicted,0.3333333333333333,2,2,TAGTGAAAGTATCACCCCGA,0,4714553
ybiY_ybiW_predicted,0.3333333333333333,2,2,TAGGTTTCGGTACTCTAGTT,0,4708712
ybiY_ybiW_predicted,0.3333333333333333,2,2,TAGGTGGATTCCATACGACC,0,4728369
ybiY_ybiW_predicted,0.3333333333333333,2,2,TAGGGGTCGGCACGGATTGT,0,4688586
ybiY_ybiW_predicted,0.3333333333333333,2,2,TAGGCGCCCCTAAAGACCGG,0,4689896
ybiY_ybiW_predicted,0.3333333333333333,2,2,TAGGACCCACCCTTCCGCTT,0,4721573
ybiY_ybiW_predicted,0.3333333333333333,2,2,TAGCTTCGCCCCTCCACGGC,0,4695124
ybiY_ybiW_predicted,0.3333333333333333,2,2,TAGCTCCTCCGCCTCCGTTT,0,4691878
ybiY_ybiW_predicted,0.3333333333333333,2,2,TAGCGTTGGAGATAGGCAGT,0,4690160
ybiY_ybiW_predicted,0.3333333333333333,2,2,TAGCGCAAATACTAGGGCTA,0,4708718
ybiY_ybiW_predicted,0.3333333333333333,2,2,TAGCCTGCCCTGCGGCCGCC,0,4725755
ybiY_ybiW_predicted,0.3333333333333333,2,2,TAGCCGAGGCTTCATGGACG,0,4731292
ybiY_ybiW_predicted,0.3333333333333333,2,2,TAGCATTTGCCTATTAGATT,0,4701617
ybiY_ybiW_predicted,0.3333333333333333,2,2,TAGATGAGGGGAAACTTGCT,0,4712426
ybiY_ybiW_predicted,0.3333333333333333,2,2,TAGATCCGTGTGCGGGACGA,0,4709963
ybiY_ybiW_predicted,0.3333333333333333,2,2,TAGATATCATATTCCAGATT,0,4699061
ybiY_ybiW_predicted,0.3333333333333333,2,2,TAGACCACAGGCCAGTATCG,0,4694037
ybiY_ybiW_predicted,0.3333333333333333,2,2,TAGACATGTTATTTATGGCA,0,4728787
ybiY_ybiW_predicted,0.3333333333333333,2,2,TAGAAGTTAATTGACTTGTG,0,4720503
ybiY_ybiW_predicted,0.3333333333333333,2,2,TACTGGATGGCACGGGAATA,0,4707088
ybiY_ybiW_predicted,0.3333333333333333,2,2,TACTCTCATCAAGGCTGTAT,0,4729973
ybiY_ybiW_predicted,0.3333333333333333,2,2,TACTCTAGCAGAGAATCCCA,0,4707972
ybiY_ybiW_predicted,0.3333333333333333,2,2,TACTCGCGTTATTCGGTCTT,0,4696951
ybiY_ybiW_predicted,0.3333333333333333,2,2,TACGCTACTGCGATGGTCCT,0,4731468
ybiY_ybiW_predicted,0.3333333333333333,2,2,TACCTGACGTGCCCGGGAAG,0,4700907
ybiY_ybiW_predicted,0.3333333333333333,2,2,TACCGCTCGGCCAGGAGTGT,0,4691437
ybiY_ybiW_predicted,0.3333333333333333,2,2,TACCAGATGTTTCTTAAGTC,0,4709348
ybiY_ybiW_predicted,0.3333333333333333,2,2,TACATTTTGTTTGGGACCTT,0,4689241
ybiY_ybiW_predicted,0.3333333333333333,2,2,TACAGTTCAAGTCCGAGCCA,0,4727023
ybiY_ybiW_predicted,0.3333333333333333,2,2,TACACCGTTACGGGGCGTCA,0,4712586
ybiY_ybiW_predicted,0.3333333333333333,2,2,TACAATCAGCTATCTCGCCA,0,4692609
ybiY_ybiW_predicted,0.3333333333333333,2,2,TACAAGCTTGGTAGCATGGT,0,4701480
ybiY_ybiW_predicted,0.3333333333333333,2,2,TAATGCTAAGTCCCGAAGTG,0,4699534
ybiY_ybiW_predicted,0.3333333333333333,2,2,TAATCAGTTTCTACTGATCT,0,4694541
ybiY_ybiW_predicted,0.3333333333333333,2,2,TAATCAGATTGTTCCCGCCC,0,4707534
ybiY_ybiW_predicted,0.3333333333333333,2,2,TAAGTGCTATTATTGCGTTA,0,4728271
ybiY_ybiW_predicted,0.3333333333333333,2,2,TAAGGTAGGCCATGCAGCGA,0,4724619
ybiY_ybiW_predicted,0.3333333333333333,2,2,TAAGCGGACACTTTAGTGAC,0,4698928
ybiY_ybiW_predicted,0.3333333333333333,2,2,TAAGCATACCACCACCACGT,0,4702882
ybiY_ybiW_predicted,0.3333333333333333,2,2,TAAGAGACCCCGTCTCGATT,0,4691589
ybiY_ybiW_predicted,0.3333333333333333,2,2,TAACTAGAGGATGACGTCAA,0,4697821
ybiY_ybiW_predicted,0.3333333333333333,2,2,TAACAGCCTTGCGGAGCACA,0,4709799
ybiY_ybiW_predicted,0.3333333333333333,2,2,TAAATGTTATAAGGTTTGAA,0,4711803
ybiY_ybiW_predicted,0.3333333333333333,2,2,TAAATGCTCGTAGCCCTCAA,0,4728239
ybiY_ybiW_predicted,0.3333333333333333,2,2,TAAAGAAAGCAATGGCAGAG,0,4709058
ybiY_ybiW_predicted,0.3333333333333333,2,2,TAAACCTTATTCACCGCCGC,0,4721195
ybiY_ybiW_predicted,0.3333333333333333,2,2,GTTTTATTATAAAAGACATA,0,4710602
ybiY_ybiW_predicted,0.3333333333333333,2,2,GTTTGGCCGAGGAACTGTGA,0,4702303
ybiY_ybiW_predicted,0.3333333333333333,2,2,GTTTCAAACGCTAATAATCC,0,4700096
ybiY_ybiW_predicted,0.3333333333333333,2,2,GTTTAATTTGCCCTTGACGA,0,4722816
ybiY_ybiW_predicted,0.3333333333333333,2,2,GTTTAAATCACGATTGCACA,0,4696504
ybiY_ybiW_predicted,0.3333333333333333,2,2,GTTTAAAATCGTCATAGTGA,0,4727475
ybiY_ybiW_predicted,0.3333333333333333,2,2,GTTGCTGACGACGCACAAGC,0,4731902
ybiY_ybiW_predicted,0.3333333333333333,2,2,GTTGACTTCTTGTAGTGCTA,0,4713012
ybiY_ybiW_predicted,0.3333333333333333,2,2,GTTCTCAAATGCACTCAGCA,0,4720603
ybiY_ybiW_predicted,0.3333333333333333,2,2,GTTCTAGGGGACGTATCAAG,0,4731242
ybiY_ybiW_predicted,0.3333333333333333,2,2,GTTCGGATCTTCTACCCAGC,0,4710861
ybiY_ybiW_predicted,0.3333333333333333,2,2,GTTCCGAGCACTTGTTCTGA,0,4697220
ybiY_ybiW_predicted,0.3333333333333333,2,2,GTTATTTGGACGCTGCTTTA,0,4710104
ybiY_ybiW_predicted,0.3333333333333333,2,2,GTTATTCCGTGCACCGCACA,0,4726692
ybiY_ybiW_predicted,0.3333333333333333,2,2,GTTATGCGGTCTCGTCAGAT,0,4697799
ybiY_ybiW_predicted,0.3333333333333333,2,2,GTTATGCATTTGTGGAAGTC,0,4699315
ybiY_ybiW_predicted,0.3333333333333333,2,2,GTTATATTGACGCGCAGACT,0,4689675
ybiY_ybiW_predicted,0.3333333333333333,2,2,GTTAGCGACGGGGTCGCTTG,0,4708214
ybiY_ybiW_predicted,0.3333333333333333,2,2,GTTACTTTCCTGAAACGCGA,0,4716328
ybiY_ybiW_predicted,0.3333333333333333,2,2,GTTACGTTGGACGATTGCCG,0,4696616
ybiY_ybiW_predicted,0.3333333333333333,2,2,GTTACGGGGAAGATAGTGGC,0,4720125
ybiY_ybiW_predicted,0.3333333333333333,2,2,GTTAATGCTAGGAACCAGCG,0,4715208
ybiY_ybiW_predicted,0.3333333333333333,2,2,GTTAAGTGATATCAGCCTTC,0,4721443
ybiY_ybiW_predicted,0.3333333333333333,2,2,GTTAAAATTTAGTTTCATGT,0,4710072
ybiY_ybiW_predicted,0.3333333333333333,2,2,GTGGTCGAGGTGGGGCCACG,0,4698788
ybiY_ybiW_predicted,0.3333333333333333,2,2,GTGGTCCTACGCTGGGGTAA,0,4707357
ybiY_ybiW_predicted,0.3333333333333333,2,2,GTGGTCCATCTGCAACTGTG,0,4697170
ybiY_ybiW_predicted,0.3333333333333333,2,2,GTGGTAATCGTGCTAGTGTA,0,4709250
ybiY_ybiW_predicted,0.3333333333333333,2,2,GTGGGTCGCCAGACATGCCG,0,4704983
ybiY_ybiW_predicted,0.3333333333333333,2,2,GTGGGCTTAGTTGAAGAGGG,0,4691403
ybiY_ybiW_predicted,0.3333333333333333,2,2,GTGGGATTCTTACCCGGAAT,0,4719523
ybiY_ybiW_predicted,0.3333333333333333,2,2,GTGGGAGAGCCTACGGCGTC,0,4708395
ybiY_ybiW_predicted,0.3333333333333333,2,2,GTGGCATGCAATTACGTAAA,0,4692673
ybiY_ybiW_predicted,0.3333333333333333,2,2,GTGGACGCGTAGTGTATTGC,0,4713228
ybiY_ybiW_predicted,0.3333333333333333,2,2,GTGGAAGGCGCTGGTTGCGC,0,4709006
ybiY_ybiW_predicted,0.3333333333333333,2,2,GTGCCGTGTTCAGTGCAATC,0,4717437
ybiY_ybiW_predicted,0.3333333333333333,2,2,GTGATTGTTATAGCTCTCGT,0,4722889
ybiY_ybiW_predicted,0.3333333333333333,2,2,GTGATGCCTCTCCGGGTGTG,0,4723181
ybiY_ybiW_predicted,0.3333333333333333,2,2,GTGAGAGTTCGGAGCCATTT,0,4710002
ybiY_ybiW_predicted,0.3333333333333333,2,2,GTGACATACAGCGCGACTTC,0,4715226
ybiY_ybiW_predicted,0.3333333333333333,2,2,GTGAAAGTTTGCCGGACGAG,0,4720947
ybiY_ybiW_predicted,0.3333333333333333,2,2,GTCTTACGGGCACGCAGAAC,0,4709964
ybiY_ybiW_predicted,0.3333333333333333,2,2,GTCTTAAAGCTTTGCATTTG,0,4689380
ybiY_ybiW_predicted,0.3333333333333333,2,2,GTCTGGTAGTGGCTCCTGGA,0,4697020
ybiY_ybiW_predicted,0.3333333333333333,2,2,GTCTCCCTCTGTCCCGCGCT,0,4705205
ybiY_ybiW_predicted,0.3333333333333333,2,2,GTCTCCCAGCAACGTAGTTG,0,4725339
ybiY_ybiW_predicted,0.3333333333333333,2,2,GTCGTGCAACCGCACCTTTG,0,4719084
ybiY_ybiW_predicted,0.3333333333333333,2,2,GTCGTCGGAGGAAGAGCCTA,0,4725826
ybiY_ybiW_predicted,0.3333333333333333,2,2,GTCGTAAAGAATCTTAGACG,0,4719665
ybiY_ybiW_predicted,0.3333333333333333,2,2,GTCGGGGTCATGGCCGGGCA,0,4728205
ybiY_ybiW_predicted,0.3333333333333333,2,2,GTCGCTGTTCACATTACATA,0,4693197
ybiY_ybiW_predicted,0.3333333333333333,2,2,GTCGCTCGGGTGTTCACTAA,0,4714421
ybiY_ybiW_predicted,0.3333333333333333,2,2,GTCGATCGACTTTGCGTCCA,0,4731366
ybiY_ybiW_predicted,0.3333333333333333,2,2,GTCGAGTTCTGGTGCACGTT,0,4713316
ybiY_ybiW_predicted,0.3333333333333333,2,2,GTCGAATACATCGCTGTGAG,0,4694246
ybiY_ybiW_predicted,0.3333333333333333,2,2,GTCCTCTCGTGACTACACGG,0,4731129
ybiY_ybiW_predicted,0.3333333333333333,2,2,GTCCAGCCCTCACGCAGTAT,0,4690887
ybiY_ybiW_predicted,0.3333333333333333,2,2,GTCCACAAGACCAGTACTCT,0,4702298
ybiY_ybiW_predicted,0.3333333333333333,2,2,GTCAAACTTGCATGCATACT,0,4720428
ybiY_ybiW_predicted,0.3333333333333333,2,2,GTCAAACGAATGGACGTGCC,0,4727413
ybiY_ybiW_predicted,0.3333333333333333,2,2,GTATTTGTGCCCGCTGTCCT,0,4703384
ybiY_ybiW_predicted,0.3333333333333333,2,2,GTATTCTGACAGTAGCGGAC,0,4713368
ybiY_ybiW_predicted,0.3333333333333333,2,2,GTATGGGTTCAAAGCCGTAT,0,4691329
ybiY_ybiW_predicted,0.3333333333333333,2,2,GTATGGGACATCCCTTGCAG,0,4701544
ybiY_ybiW_predicted,0.3333333333333333,2,2,GTATGCCACGTTATGCAAAA,0,4704647
ybiY_ybiW_predicted,0.3333333333333333,2,2,GTATGCACGTTACGGAGTTA,0,4731063
ybiY_ybiW_predicted,0.3333333333333333,2,2,GTATGAGAGAGCTCGCGTGT,0,4707320
ybiY_ybiW_predicted,0.3333333333333333,2,2,GTATCATGCATGGGCCTATT,0,4729140
ybiY_ybiW_predicted,0.3333333333333333,2,2,GTATAAGTATGACCAAGGCT,0,4709877
ybiY_ybiW_predicted,0.3333333333333333,2,2,GTAGAGGCCAAGATAGAATT,0,4692466
ybiY_ybiW_predicted,0.3333333333333333,2,2,GTAGAGCTCCATTCAATGGT,0,4693955
ybiY_ybiW_predicted,0.3333333333333333,2,2,GTAGAAGACATGTATGGATC,0,4698133
ybiY_ybiW_predicted,0.3333333333333333,2,2,GTACTGCCTGTTGACTGGCC,0,4690914
ybiY_ybiW_predicted,0.3333333333333333,2,2,GTACGCGCCGTGTTTGTCCA,0,4698244
ybiY_ybiW_predicted,0.3333333333333333,2,2,GTACGCATGGGCAGATACGT,0,4702496
ybiY_ybiW_predicted,0.3333333333333333,2,2,GTACCCAAGCATGCATGCAA,0,4708297
ybiY_ybiW_predicted,0.3333333333333333,2,2,GTACCATAGATCAGGGTACA,0,4726670
ybiY_ybiW_predicted,0.3333333333333333,2,2,GTAAGAGCTACGGGGTTACT,0,4699156
ybiY_ybiW_predicted,0.3333333333333333,2,2,GTAACCCTTCTGTCCGCTTT,0,4730715
ybiY_ybiW_predicted,0.3333333333333333,2,2,GTAAAGCTTAGTCGGCCTCT,0,4713633
ybiY_ybiW_predicted,0.3333333333333333,2,2,GTAAACCATTTCAGCCATCA,0,4719234
ybiY_ybiW_predicted,0.3333333333333333,2,2,GTAAAATATCAAAATTGGGA,0,4692733
ybiY_ybiW_predicted,0.3333333333333333,2,2,GGTTTGATAGAGGATCGCAA,0,4691485
ybiY_ybiW_predicted,0.3333333333333333,2,2,GGTTTCTTTCCAATACGCAA,0,4705068
ybiY_ybiW_predicted,0.3333333333333333,2,2,GGTTTATACCGGTTTGCCAC,0,4731597
ybiY_ybiW_predicted,0.3333333333333333,2,2,GGTTTACGTCGAAATATCGA,0,4713683
ybiY_ybiW_predicted,0.3333333333333333,2,2,GGTTGTTTCTTACTTAAGCG,0,4720121
ybiY_ybiW_predicted,0.3333333333333333,2,2,GGTTGTTGAATAATCACTAT,0,4709338
ybiY_ybiW_predicted,0.3333333333333333,2,2,GGTTGGTGGTCCTGTGCCAG,0,4688840
ybiY_ybiW_predicted,0.3333333333333333,2,2,GGTTGCATATGAAATGGGAT,0,4726959
ybiY_ybiW_predicted,0.3333333333333333,2,2,GGTTGAGAAAGGGTCATCTA,0,4714936
ybiY_ybiW_predicted,0.3333333333333333,2,2,GGTTCTTCGGTAAGCAACAT,0,4717482
ybiY_ybiW_predicted,0.3333333333333333,2,2,GGTTAAAATCGGGTGATCCC,0,4713130
ybiY_ybiW_predicted,0.3333333333333333,2,2,GGTGGTCTCTATATCCATCA,0,4692602
ybiY_ybiW_predicted,0.3333333333333333,2,2,GGTGGGCTTGGATGGTCATG,0,4712645
ybiY_ybiW_predicted,0.3333333333333333,2,2,GGTGGCAGTGCCACCTCGGG,0,4732261
ybiY_ybiW_predicted,0.3333333333333333,2,2,GGTGCGGTTAACCAGGGTTG,0,4729089
ybiY_ybiW_predicted,0.3333333333333333,2,2,GGTGCGGACAAATAGATGCA,0,4728321
ybiY_ybiW_predicted,0.3333333333333333,2,2,GGTGAGTTCGGACAGAGGGG,0,4697911
ybiY_ybiW_predicted,0.3333333333333333,2,2,GGTGAGGTATTAGTGAGTGG,0,4724453
ybiY_ybiW_predicted,0.3333333333333333,2,2,GGTGAGCTTTGCAGTGTCAT,0,4732039
ybiY_ybiW_predicted,0.3333333333333333,2,2,GGTCTTATATTCAATAGGGA,0,4708901
ybiY_ybiW_predicted,0.3333333333333333,2,2,GGTCTGGATATGAAATCACG,0,4710178
ybiY_ybiW_predicted,0.3333333333333333,2,2,GGTCGTGCTGTCATGTCTTC,0,4704158
ybiY_ybiW_predicted,0.3333333333333333,2,2,GGTCGGTGCTGCTAATCGCG,0,4709542
ybiY_ybiW_predicted,0.3333333333333333,2,2,GGTCCGTCCTCTCACTGCCT,0,4715229
ybiY_ybiW_predicted,0.3333333333333333,2,2,GGTCATCGGTGCGTCCCTTT,0,4718490
ybiY_ybiW_predicted,0.3333333333333333,2,2,GGTATTGGGTGTCATGACGT,0,4715501
ybiY_ybiW_predicted,0.3333333333333333,2,2,GGTAGGCGCATAAGTCCATG,0,4730281
ybiY_ybiW_predicted,0.3333333333333333,2,2,GGTACGTTCGCACTTCGTTA,0,4708365
ybiY_ybiW_predicted,0.3333333333333333,2,2,GGTACGCTTCCAATGGGGAC,0,4717849
ybiY_ybiW_predicted,0.3333333333333333,2,2,GGTACCTTCGGTTCTGGGTT,0,4700374
ybiY_ybiW_predicted,0.3333333333333333,2,2,GGTAATCTTGACGGCTGTTA,0,4691400
ybiY_ybiW_predicted,0.3333333333333333,2,2,GGTAACCCGGCAAATGTCGG,0,4728530
ybiY_ybiW_predicted,0.3333333333333333,2,2,GGGTTTACGTCAAAGAGAAT,0,4722961
ybiY_ybiW_predicted,0.3333333333333333,2,2,GGGTTAGTACGCTCTTCGCT,0,4731124
ybiY_ybiW_predicted,0.3333333333333333,2,2,GGGTCACGGAGGGAATCAGT,0,4715269
ybiY_ybiW_predicted,0.3333333333333333,2,2,GGGTATATCGTGACAGTGGA,0,4700462
ybiY_ybiW_predicted,0.3333333333333333,2,2,GGGTACTTTCTTCCTGCGGA,0,4705152
ybiY_ybiW_predicted,0.3333333333333333,2,2,GGGGTCCGCATAGAACAGAT,0,4692996
ybiY_ybiW_predicted,0.3333333333333333,2,2,GGGGTCACGGGCAGCGGCTG,0,4731140
ybiY_ybiW_predicted,0.3333333333333333,2,2,GGGGGTAATGGAACATAAGA,0,4726038
ybiY_ybiW_predicted,0.3333333333333333,2,2,GGGGCGGGGATGTTATACTT,0,4702805
ybiY_ybiW_predicted,0.3333333333333333,2,2,GGGGCGGGATCCCATTACGC,0,4696782
ybiY_ybiW_predicted,0.3333333333333333,2,2,GGGGCATGCCCGTAGGAACA,0,4729381
ybiY_ybiW_predicted,0.3333333333333333,2,2,GGGGACTTAGTTTGTGTCAA,0,4704778
ybiY_ybiW_predicted,0.3333333333333333,2,2,GGGGAAGATGAACACAGCGG,0,4731505
ybiY_ybiW_predicted,0.3333333333333333,2,2,GGGCGCTTACTTTCCGTGGA,0,4717469
ybiY_ybiW_predicted,0.3333333333333333,2,2,GGGCGCCCGACCTCGGAGGT,0,4706537
ybiY_ybiW_predicted,0.3333333333333333,2,2,GGGCCTCTTGTGGATTCACA,0,4705781
ybiY_ybiW_predicted,0.3333333333333333,2,2,GGGCCGGGAACCTAAATACA,0,4702512
ybiY_ybiW_predicted,0.3333333333333333,2,2,GGGCATTCACGCAAATGACC,0,4704512
ybiY_ybiW_predicted,0.3333333333333333,2,2,GGGCAGACAGAGATGCTTTT,0,4692592
ybiY_ybiW_predicted,0.3333333333333333,2,2,GGGCAACCTGGATAGTTTTA,0,4699782
ybiY_ybiW_predicted,0.3333333333333333,2,2,GGGATTTGAACCAAAGTTAT,0,4708620
ybiY_ybiW_predicted,0.3333333333333333,2,2,GGGATTCCACTAACACATTC,0,4721925
ybiY_ybiW_predicted,0.3333333333333333,2,2,GGGATCACGGACGGTGACAG,0,4725978
ybiY_ybiW_predicted,0.3333333333333333,2,2,GGGAGCTGATCCTTATCGGA,0,4710662
ybiY_ybiW_predicted,0.3333333333333333,2,2,GGGACTTGCGATGAAATTTT,0,4720203
ybiY_ybiW_predicted,0.3333333333333333,2,2,GGGACTTGATTCAGCACAAT,0,4711954
ybiY_ybiW_predicted,0.3333333333333333,2,2,GGGACTGTTGTTGCCGCTTA,0,4700716
ybiY_ybiW_predicted,0.3333333333333333,2,2,GGGACCTGGTAGGGGAGCTC,0,4698658
ybiY_ybiW_predicted,0.3333333333333333,2,2,GGGAATCACGTCTTATTGAT,0,4719725
ybiY_ybiW_predicted,0.3333333333333333,2,2,GGGAACTTGCGGTCGCCGCG,0,4725402
ybiY_ybiW_predicted,0.3333333333333333,2,2,GGGAAAGTACGATCATCGAG,0,4708337
ybiY_ybiW_predicted,0.3333333333333333,2,2,GGCTCTATAGAGGTAATACG,0,4726056
ybiY_ybiW_predicted,0.3333333333333333,2,2,GGCTCGGAAGGGTTTCCTTA,0,4726996
ybiY_ybiW_predicted,0.3333333333333333,2,2,GGCTCCGCATCCACGCACGA,0,4696708
ybiY_ybiW_predicted,0.3333333333333333,2,2,GGCGTCAGAGCACATATCTA,0,4708344
ybiY_ybiW_predicted,0.3333333333333333,2,2,GGCGGTCGGACGTGCGGCCA,0,4728489
ybiY_ybiW_predicted,0.3333333333333333,2,2,GGCGGTATAGTCCGGGCCAC,0,4722319
ybiY_ybiW_predicted,0.3333333333333333,2,2,GGCGGGCGGTGTCCCAGGAA,0,4732454
ybiY_ybiW_predicted,0.3333333333333333,2,2,GGCGCGTCAGCGATGTAAGG,0,4713325
ybiY_ybiW_predicted,0.3333333333333333,2,2,GGCCTTGGTCCTTGTTAGAG,0,4707536
ybiY_ybiW_predicted,0.3333333333333333,2,2,GGCCCATTAAAGGTTCGGCG,0,4712071
ybiY_ybiW_predicted,0.3333333333333333,2,2,GGCCCAGCCCTGTTAAGGAC,0,4720350
ybiY_ybiW_predicted,0.3333333333333333,2,2,GGCCAGGGAAGCGTTGTGGA,0,4724208
ybiY_ybiW_predicted,0.3333333333333333,2,2,GGCCACGAGCACTATCCGTC,0,4724259
ybiY_ybiW_predicted,0.3333333333333333,2,2,GGCATTATCGCAGTCCTCTC,0,4705744
ybiY_ybiW_predicted,0.3333333333333333,2,2,GGCATGAAGAAGTGGACCTC,0,4723420
ybiY_ybiW_predicted,0.3333333333333333,2,2,GGCATCCGCGTGTACGATAT,0,4696703
ybiY_ybiW_predicted,0.3333333333333333,2,2,GGCAGTCATAAAGGCCAGGT,0,4729079
ybiY_ybiW_predicted,0.3333333333333333,2,2,GGCAGGGTCGGATGTGGGTA,0,4720267
ybiY_ybiW_predicted,0.3333333333333333,2,2,GGCAGGGAATGATAGACAAT,0,4699119
ybiY_ybiW_predicted,0.3333333333333333,2,2,GGCAGATTGGTCCGACCGGG,0,4711419
ybiY_ybiW_predicted,0.3333333333333333,2,2,GGCAGAGTAGAGGCTGGTCC,0,4696400
ybiY_ybiW_predicted,0.3333333333333333,2,2,GGCACCTGAACGCCTATTAT,0,4693135
ybiY_ybiW_predicted,0.3333333333333333,2,2,GGCAATCTTTCTTCGTGTGG,0,4719865
ybiY_ybiW_predicted,0.3333333333333333,2,2,GGATTATTTCCTCATCAATT,0,4718510
ybiY_ybiW_predicted,0.3333333333333333,2,2,GGATTACCCTTTGTCGTCGG,0,4720220
ybiY_ybiW_predicted,0.3333333333333333,2,2,GGATGCTAGTGACTTGTGCT,0,4690697
ybiY_ybiW_predicted,0.3333333333333333,2,2,GGATCTAGATCAAGCATGGT,0,4730517
ybiY_ybiW_predicted,0.3333333333333333,2,2,GGATCGAACATAACTGATGG,0,4701680
ybiY_ybiW_predicted,0.3333333333333333,2,2,GGATATAGTACTCCAGGTCG,0,4716126
ybiY_ybiW_predicted,0.3333333333333333,2,2,GGAGTTGGGTCAAGTCGATA,0,4702076
ybiY_ybiW_predicted,0.3333333333333333,2,2,GGAGTGCTAAGGTGCCCTTT,0,4718983
ybiY_ybiW_predicted,0.3333333333333333,2,2,GGAGTGATTATAAATATGGT,0,4716001
ybiY_ybiW_predicted,0.3333333333333333,2,2,GGAGTAAGGGAAGGGTCTTA,0,4723934
ybiY_ybiW_predicted,0.3333333333333333,2,2,GGACTTTGGTAATAGACGCA,0,4722265
ybiY_ybiW_predicted,0.3333333333333333,2,2,GGACTTATTCGTAGAGTCAA,0,4708969
ybiY_ybiW_predicted,0.3333333333333333,2,2,GGACGGCCTGGCACACCACA,0,4706676
ybiY_ybiW_predicted,0.3333333333333333,2,2,GGACGGCCCGGGAGAAACAC,0,4708628
ybiY_ybiW_predicted,0.3333333333333333,2,2,GGACATACTTTGGGCCAGTG,0,4706577
ybiY_ybiW_predicted,0.3333333333333333,2,2,GGAAGGTCTACGTGAAAGGT,0,4702262
ybiY_ybiW_predicted,0.3333333333333333,2,2,GGAAACAACCATCTTATCGC,0,4714442
ybiY_ybiW_predicted,0.3333333333333333,2,2,GCTTGGATGCTAAACACCGT,0,4689260
ybiY_ybiW_predicted,0.3333333333333333,2,2,GCTTCGCAGAGTTCAGAGAC,0,4693627
ybiY_ybiW_predicted,0.3333333333333333,2,2,GCTTCCTTCTCGTGAATACA,0,4692177
ybiY_ybiW_predicted,0.3333333333333333,2,2,GCTGGAGAGAACCGCTTTTT,0,4710069
ybiY_ybiW_predicted,0.3333333333333333,2,2,GCTGCTATTCATGGACCAGG,0,4717561
ybiY_ybiW_predicted,0.3333333333333333,2,2,GCTCTGTCGATTATATGGGT,0,4719247
ybiY_ybiW_predicted,0.3333333333333333,2,2,GCTCTCGGTGTGAGGTGGGA,0,4716021
ybiY_ybiW_predicted,0.3333333333333333,2,2,GCTCGCTTCGGGAAGAGACA,0,4696523
ybiY_ybiW_predicted,0.3333333333333333,2,2,GCTCGAGAGGCACTGTTTGG,0,4692548
ybiY_ybiW_predicted,0.3333333333333333,2,2,GCTCCAACTTGCGACAGACA,0,4699731
ybiY_ybiW_predicted,0.3333333333333333,2,2,GCTCATGTTGCTCTACGGTT,0,4727852
ybiY_ybiW_predicted,0.3333333333333333,2,2,GCTAGCTGAAGGCTCGTTCT,0,4694700
ybiY_ybiW_predicted,0.3333333333333333,2,2,GCTAGCGCCCTGACAAACAA,0,4712552
ybiY_ybiW_predicted,0.3333333333333333,2,2,GCTAGACCTTCCCGCGATAC,0,4699298
ybiY_ybiW_predicted,0.3333333333333333,2,2,GCTACCGCGCTTGGTTCTCG,0,4730483
ybiY_ybiW_predicted,0.3333333333333333,2,2,GCTAACCAGCATATGCCACT,0,4708851
ybiY_ybiW_predicted,0.3333333333333333,2,2,GCGTTTGGGGGGTCGATTCA,0,4692090
ybiY_ybiW_predicted,0.3333333333333333,2,2,GCGTTCATGGTATCTATGTC,0,4727309
ybiY_ybiW_predicted,0.3333333333333333,2,2,GCGTTCATCGAAGTGCGTTC,0,4706296
ybiY_ybiW_predicted,0.3333333333333333,2,2,GCGTGTGGGCTGGGTAACGG,0,4716250
ybiY_ybiW_predicted,0.3333333333333333,2,2,GCGTGCCCATAAGACCCCAT,0,4711714
ybiY_ybiW_predicted,0.3333333333333333,2,2,GCGTGAAGCTAAAGCACAGT,0,4688821
ybiY_ybiW_predicted,0.3333333333333333,2,2,GCGGGGCCAAACTCCTAGGC,0,4701854
ybiY_ybiW_predicted,0.3333333333333333,2,2,GCGGAATTGCTCTGCCGGAG,0,4725571
ybiY_ybiW_predicted,0.3333333333333333,2,2,GCGCTCTGCTCAGTAGTTCT,0,4695600
ybiY_ybiW_predicted,0.3333333333333333,2,2,GCGCTATGCGGATCTTTGAA,0,4724285
ybiY_ybiW_predicted,0.3333333333333333,2,2,GCGCTACTCTTATGTTTTCA,0,4704084
ybiY_ybiW_predicted,0.3333333333333333,2,2,GCGCGTGGAGTACGGATTAT,0,4704027
ybiY_ybiW_predicted,0.3333333333333333,2,2,GCGCCTGCAGATGTCAATGA,0,4722910
ybiY_ybiW_predicted,0.3333333333333333,2,2,GCGCATATGACACAACGGCT,0,4726669
ybiY_ybiW_predicted,0.3333333333333333,2,2,GCGCAACCTCAACAGTTATC,0,4730185
ybiY_ybiW_predicted,0.3333333333333333,2,2,GCGATGGTGACGAATCTTCG,0,4716260
ybiY_ybiW_predicted,0.3333333333333333,2,2,GCGAGTGTCTAAGCCCTGGT,0,4708141
ybiY_ybiW_predicted,0.3333333333333333,2,2,GCGACGGCGAAATACCATCG,0,4712428
ybiY_ybiW_predicted,0.3333333333333333,2,2,GCGACAAAAAGGGAGCGAAA,0,4705438
ybiY_ybiW_predicted,0.3333333333333333,2,2,GCGAAGTGCAATCTACCAAG,0,4702623
ybiY_ybiW_predicted,0.3333333333333333,2,2,GCGAAACATCTGGACTTTGG,0,4708370
ybiY_ybiW_predicted,0.3333333333333333,2,2,GCCTTGCTCACAGAAACCGT,0,4720639
ybiY_ybiW_predicted,0.3333333333333333,2,2,GCCTGATTAGACATAGAGAT,0,4693565
ybiY_ybiW_predicted,0.3333333333333333,2,2,GCCTACGGACTAATATGAAC,0,4698773
ybiY_ybiW_predicted,0.3333333333333333,2,2,GCCGTTAAGAAAGGTAGTTA,0,4700239
ybiY_ybiW_predicted,0.3333333333333333,2,2,GCCGTCGGAATCATTAGTTA,0,4719652
ybiY_ybiW_predicted,0.3333333333333333,2,2,GCCGTCACCCGCACTACTAT,0,4694843
ybiY_ybiW_predicted,0.3333333333333333,2,2,GCCGGAGACCTACCGATGCA,0,4717991
ybiY_ybiW_predicted,0.3333333333333333,2,2,GCCGCGCGCTGAGCACGTCC,0,4715308
ybiY_ybiW_predicted,0.3333333333333333,2,2,GCCGCATCGGTGCCAAGCTT,0,4729409
ybiY_ybiW_predicted,0.3333333333333333,2,2,GCCCTCGAAATAGTCGAACA,0,4711789
ybiY_ybiW_predicted,0.3333333333333333,2,2,GCCCGGCGAGGTGATCGTGA,0,4713384
ybiY_ybiW_predicted,0.3333333333333333,2,2,GCCCGAGATTGAGCACGCAA,0,4704321
ybiY_ybiW_predicted,0.3333333333333333,2,2,GCCCCGAAACGCTGGTGATA,0,4705551
ybiY_ybiW_predicted,0.3333333333333333,2,2,GCCCAACTAAACCCTTCGGC,0,4711949
ybiY_ybiW_predicted,0.3333333333333333,2,2,GCCATTCGCCGATATAGGTC,0,4691916
ybiY_ybiW_predicted,0.3333333333333333,2,2,GCCATATTATGCCCATTCGA,0,4705315
ybiY_ybiW_predicted,0.3333333333333333,2,2,GCCACCTAACATCCGGACTC,0,4711784
ybiY_ybiW_predicted,0.3333333333333333,2,2,GCCACCGCGTTCGATCTGGC,0,4698044
ybiY_ybiW_predicted,0.3333333333333333,2,2,GCATTATATAAACTTCTCAA,0,4703681
ybiY_ybiW_predicted,0.3333333333333333,2,2,GCATCCGCGGTGAACTAAGC,0,4711304
ybiY_ybiW_predicted,0.3333333333333333,2,2,GCAGTTAGCGTTATCACTGT,0,4690138
ybiY_ybiW_predicted,0.3333333333333333,2,2,GCAGTGAGTCTGGAGACACG,0,4730240
ybiY_ybiW_predicted,0.3333333333333333,2,2,GCAGTCTATACCGCGAGACC,0,4700196
ybiY_ybiW_predicted,0.3333333333333333,2,2,GCAGTCCCGTAGTGGCGTAT,0,4720480
ybiY_ybiW_predicted,0.3333333333333333,2,2,GCAGGGTGCCATCTCTCACA,0,4718484
ybiY_ybiW_predicted,0.3333333333333333,2,2,GCAGGAAGAGAACGAATAAA,0,4718270
ybiY_ybiW_predicted,0.3333333333333333,2,2,GCAGCGTGCCTCCGCTGCTG,0,4689782
ybiY_ybiW_predicted,0.3333333333333333,2,2,GCAGCGCCGACAAGTGAACA,0,4698065
ybiY_ybiW_predicted,0.3333333333333333,2,2,GCACGGGAGGATGAGATCTA,0,4694645
ybiY_ybiW_predicted,0.3333333333333333,2,2,GCACATGACAAGCTAAGTAT,0,4698749
ybiY_ybiW_predicted,0.3333333333333333,2,2,GCACACGGAAAGTGGTCATG,0,4718787
ybiY_ybiW_predicted,0.3333333333333333,2,2,GCACAATGGTTGTATTTGGA,0,4720148
ybiY_ybiW_predicted,0.3333333333333333,2,2,GCACAATCCAGGTTGAATAC,0,4720170
ybiY_ybiW_predicted,0.3333333333333333,2,2,GCAATTATGCACGACTCGTC,0,4696172
ybiY_ybiW_predicted,0.3333333333333333,2,2,GCAAGTCATTTTTTGTTCCT,0,4721353
ybiY_ybiW_predicted,0.3333333333333333,2,2,GCAAGCGAGTGACGGCTCGT,0,4700559
ybiY_ybiW_predicted,0.3333333333333333,2,2,GCAACGTAACATCTGAGTGA,0,4727032
ybiY_ybiW_predicted,0.3333333333333333,2,2,GCAACCTAAGATGTGTAAGT,0,4712577
ybiY_ybiW_predicted,0.3333333333333333,2,2,GCAAAAGGACGCCCCGTACC,0,4699722
ybiY_ybiW_predicted,0.3333333333333333,2,2,GATTTGGGGCGTAGCGGCAG,0,4702445
ybiY_ybiW_predicted,0.3333333333333333,2,2,GATTGGGGACCTTATTGCTG,0,4707321
ybiY_ybiW_predicted,0.3333333333333333,2,2,GATTGGCAAGAGCACTTATA,0,4700637
ybiY_ybiW_predicted,0.3333333333333333,2,2,GATTCCGACTCATCACGGAA,0,4699003
ybiY_ybiW_predicted,0.3333333333333333,2,2,GATTACTGGGAACGCTCGGC,0,4694438
ybiY_ybiW_predicted,0.3333333333333333,2,2,GATTAACTCTCGCGCGAGTA,0,4706314
ybiY_ybiW_predicted,0.3333333333333333,2,2,GATGGGTCCGCGCACTTGGA,0,4722592
ybiY_ybiW_predicted,0.3333333333333333,2,2,GATGGGCTGAGCCTCTGAAA,0,4710272
ybiY_ybiW_predicted,0.3333333333333333,2,2,GATGCTCGGCCCCGGGGCTA,0,4730846
ybiY_ybiW_predicted,0.3333333333333333,2,2,GATGACTTTGCTTATAGCGA,0,4697499
ybiY_ybiW_predicted,0.3333333333333333,2,2,GATCTAGTCACGGGTGGTAC,0,4699975
ybiY_ybiW_predicted,0.3333333333333333,2,2,GATCGGAGTTCAAGTGCAGA,0,4731974
ybiY_ybiW_predicted,0.3333333333333333,2,2,GATCACGTCAGTGGTTGAAT,0,4711165
ybiY_ybiW_predicted,0.3333333333333333,2,2,GATCACAGACATCGCCAAAC,0,4692149
ybiY_ybiW_predicted,0.3333333333333333,2,2,GATCAAACAGTAAATGATCT,0,4704638
ybiY_ybiW_predicted,0.3333333333333333,2,2,GATATGCAGGCACGTCGACA,0,4714259
ybiY_ybiW_predicted,0.3333333333333333,2,2,GATATCTATAAATCGTACGC,0,4728537
ybiY_ybiW_predicted,0.3333333333333333,2,2,GATAGTCCGAGACTGGGCTC,0,4695563
ybiY_ybiW_predicted,0.3333333333333333,2,2,GATACGTAAGCCCTGGTCTC,0,4692290
ybiY_ybiW_predicted,0.3333333333333333,2,2,GAGTTCGCGCGGTAAGAATA,0,4703873
ybiY_ybiW_predicted,0.3333333333333333,2,2,GAGTCGGGGTTACGACTTAC,0,4728811
ybiY_ybiW_predicted,0.3333333333333333,2,2,GAGTAGCGCGCGAGGGCAAT,0,4694988
ybiY_ybiW_predicted,0.3333333333333333,2,2,GAGGTTGGTCAATATCACGT,0,4709219
ybiY_ybiW_predicted,0.3333333333333333,2,2,GAGGTCGTAAGAGTGCAACT,0,4703464
ybiY_ybiW_predicted,0.3333333333333333,2,2,GAGGTCCGACGTGAGGATCC,0,4723813
ybiY_ybiW_predicted,0.3333333333333333,2,2,GAGGGTTCCACGATGCGGGA,0,4713689
ybiY_ybiW_predicted,0.3333333333333333,2,2,GAGGGACAACTATATTTGTA,0,4705700
ybiY_ybiW_predicted,0.3333333333333333,2,2,GAGGAACTTAGTCTAGCCCA,0,4732642
ybiY_ybiW_predicted,0.3333333333333333,2,2,GAGCTTGAACAACAAAGTCT,0,4690563
ybiY_ybiW_predicted,0.3333333333333333,2,2,GAGCGCCTTGGCGCTTGCCC,0,4719519
ybiY_ybiW_predicted,0.3333333333333333,2,2,GAGATGTGGGGATAATGACG,0,4705021
ybiY_ybiW_predicted,0.3333333333333333,2,2,GAGATGGATACTCTTCGAAA,0,4689501
ybiY_ybiW_predicted,0.3333333333333333,2,2,GAGATATAACGGTGGTCTTG,0,4700872
ybiY_ybiW_predicted,0.3333333333333333,2,2,GAGAGTATTTGCGTCCCTCT,0,4711303
ybiY_ybiW_predicted,0.3333333333333333,2,2,GACTTGCGCATTGGGGCATC,0,4713806
ybiY_ybiW_predicted,0.3333333333333333,2,2,GACTTCATACGGCTTTAAAC,0,4711045
ybiY_ybiW_predicted,0.3333333333333333,2,2,GACTTAAGAGGTGTACCCCC,0,4712343
ybiY_ybiW_predicted,0.3333333333333333,2,2,GACTGTACGTACTGATTCAT,0,4717468
ybiY_ybiW_predicted,0.3333333333333333,2,2,GACGGTGACGACATGGGACT,0,4700883
ybiY_ybiW_predicted,0.3333333333333333,2,2,GACGGCATCCGCCTCACAAT,0,4723184
ybiY_ybiW_predicted,0.3333333333333333,2,2,GACGCGAGTTGCCGGGTACG,0,4714900
ybiY_ybiW_predicted,0.3333333333333333,2,2,GACCTTCGGTGACATAACAC,0,4696279
ybiY_ybiW_predicted,0.3333333333333333,2,2,GACCTTCCTGTGGAAGGATC,0,4692214
ybiY_ybiW_predicted,0.3333333333333333,2,2,GACCTGAAGGGTTCTGATGC,0,4708854
ybiY_ybiW_predicted,0.3333333333333333,2,2,GACCGCGGCTCTCATGGTTA,0,4696577
ybiY_ybiW_predicted,0.3333333333333333,2,2,GACCCCTTACAACTTTAGGT,0,4718163
ybiY_ybiW_predicted,0.3333333333333333,2,2,GACCCCCCGCGCGCAGCCCT,0,4715249
ybiY_ybiW_predicted,0.3333333333333333,2,2,GACCCACGCTGACACTGATT,0,4698897
ybiY_ybiW_predicted,0.3333333333333333,2,2,GACAGGGTCCGCAATTCCTT,0,4713451
ybiY_ybiW_predicted,0.3333333333333333,2,2,GACAGGCGATGACAAGATGC,0,4731072
ybiY_ybiW_predicted,0.3333333333333333,2,2,GACACGGGGTCTGCTCACCT,0,4691743
ybiY_ybiW_predicted,0.3333333333333333,2,2,GAATTCACAGGATAGTCTCG,0,4730651
ybiY_ybiW_predicted,0.3333333333333333,2,2,GAATCTCAGAACAAAGGTTC,0,4724658
ybiY_ybiW_predicted,0.3333333333333333,2,2,GAAGGGCGGGGGTAGCAACT,0,4707919
ybiY_ybiW_predicted,0.3333333333333333,2,2,GAAGGATTGGGTCTCGGAGG,0,4699023
ybiY_ybiW_predicted,0.3333333333333333,2,2,GAAGCGCATGGCCAGAGGAG,0,4714207
ybiY_ybiW_predicted,0.3333333333333333,2,2,GAAGCGAAGCTGTGGGTGCA,0,4715369
ybiY_ybiW_predicted,0.3333333333333333,2,2,GAAGCCCCACGGCTCTGCAG,0,4701931
ybiY_ybiW_predicted,0.3333333333333333,2,2,GAACTAGACCAACCTGACAC,0,4695235
ybiY_ybiW_predicted,0.3333333333333333,2,2,GAACTACGATATGCTCCGTA,0,4701549
ybiY_ybiW_predicted,0.3333333333333333,2,2,GAACGCGCTGGTACACTTAC,0,4696534
ybiY_ybiW_predicted,0.3333333333333333,2,2,GAACCGGTTGGCGCAGCTCG,0,4731365
ybiY_ybiW_predicted,0.3333333333333333,2,2,GAACAGGCTCACAGCGGTGT,0,4717647
ybiY_ybiW_predicted,0.3333333333333333,2,2,GAACAATCATGCCCAGGCCT,0,4729774
ybiY_ybiW_predicted,0.3333333333333333,2,2,GAACAAATTACCCGCGAAGT,0,4700114
ybiY_ybiW_predicted,0.3333333333333333,2,2,GAAATCAAAGGATACATACG,0,4717930
ybiY_ybiW_predicted,0.3333333333333333,2,2,GAAACGCTTGCAAAGTCTCA,0,4722437
ybiY_ybiW_predicted,0.3333333333333333,2,2,GAAAACGGATGTCGGTGCAT,0,4690157
ybiY_ybiW_predicted,0.3333333333333333,2,2,CTTTTTAGTTACGTGCCTAT,0,4715290
ybiY_ybiW_predicted,0.3333333333333333,2,2,CTTTTGGCACGCGCAACAGG,0,4698090
ybiY_ybiW_predicted,0.3333333333333333,2,2,CTTTTGCGAGAATAACACTT,0,4718185
ybiY_ybiW_predicted,0.3333333333333333,2,2,CTTTCCATCGGTCAGGTGGT,0,4701770
ybiY_ybiW_predicted,0.3333333333333333,2,2,CTTTATTGTGACGTATACAT,0,4721066
ybiY_ybiW_predicted,0.3333333333333333,2,2,CTTTAAGAGAATGGTTGTAT,0,4697981
ybiY_ybiW_predicted,0.3333333333333333,2,2,CTTGTTTACAGTGCCGACAT,0,4718411
ybiY_ybiW_predicted,0.3333333333333333,2,2,CTTGTTAAAAATTCTGAATC,0,4730852
ybiY_ybiW_predicted,0.3333333333333333,2,2,CTTGGCTTGCCGTCTGAATG,0,4702667
ybiY_ybiW_predicted,0.3333333333333333,2,2,CTTGCCGGATCGAGCCCTCT,0,4724001
ybiY_ybiW_predicted,0.3333333333333333,2,2,CTTGAGAGTAGATATTGTTA,0,4718305
ybiY_ybiW_predicted,0.3333333333333333,2,2,CTTCTGCGAGCAGGCTCTGC,0,4716521
ybiY_ybiW_predicted,0.3333333333333333,2,2,CTTCCGATCCTATGTAACAA,0,4729793
ybiY_ybiW_predicted,0.3333333333333333,2,2,CTTATCTTGCTGGTATTGGA,0,4715946
ybiY_ybiW_predicted,0.3333333333333333,2,2,CTTAGGGTATAGCGGGTTAT,0,4705054
ybiY_ybiW_predicted,0.3333333333333333,2,2,CTTACTGCGTATAATAACGA,0,4688563
ybiY_ybiW_predicted,0.3333333333333333,2,2,CTTAAGGGTCGGCTTCTATT,0,4705525
ybiY_ybiW_predicted,0.3333333333333333,2,2,CTTAAATGTGGGCTACCCCT,0,4713788
ybiY_ybiW_predicted,0.3333333333333333,2,2,CTGTTGGGGCCGATTGGGCG,0,4700945
ybiY_ybiW_predicted,0.3333333333333333,2,2,CTGTTGCAAGGGTACCAATG,0,4698379
ybiY_ybiW_predicted,0.3333333333333333,2,2,CTGTCGTTCGGACAGGAGTC,0,4724478
ybiY_ybiW_predicted,0.3333333333333333,2,2,CTGTATATGACTGGGAAGGG,0,4694046
ybiY_ybiW_predicted,0.3333333333333333,2,2,CTGTAGCAACCTCAGGTTGC,0,4697984
ybiY_ybiW_predicted,0.3333333333333333,2,2,CTGTACTAAAAAGTCCCTAA,0,4699011
ybiY_ybiW_predicted,0.3333333333333333,2,2,CTGTAAAGCTAAGCAGCATA,0,4715511
ybiY_ybiW_predicted,0.3333333333333333,2,2,CTGGTCGTGCACCACGCGCA,0,4722467
ybiY_ybiW_predicted,0.3333333333333333,2,2,CTGGGTGAGCACAACTCGAT,0,4708963
ybiY_ybiW_predicted,0.3333333333333333,2,2,CTGGGAAAATAATCGCGGGC,0,4719166
ybiY_ybiW_predicted,0.3333333333333333,2,2,CTGGAACAACTGCCAAGGAT,0,4727483
ybiY_ybiW_predicted,0.3333333333333333,2,2,CTGCGGCTTCCACGAATGGA,0,4719677
ybiY_ybiW_predicted,0.3333333333333333,2,2,CTGCATACCGCATCTATCCA,0,4707318
ybiY_ybiW_predicted,0.3333333333333333,2,2,CTGATAGAATTGTCGGGAGC,0,4725452
ybiY_ybiW_predicted,0.3333333333333333,2,2,CTGATACTAGCCGTGCGTAG,0,4715921
ybiY_ybiW_predicted,0.3333333333333333,2,2,CTGAGGCGTTCAAATGGCAG,0,4732172
ybiY_ybiW_predicted,0.3333333333333333,2,2,CTGACTCAAACACTGCGTAT,0,4709067
ybiY_ybiW_predicted,0.3333333333333333,2,2,CTGACCGATTGTTATCTATT,0,4718611
ybiY_ybiW_predicted,0.3333333333333333,2,2,CTGAATAGTTTGAGGGTAAG,0,4731708
ybiY_ybiW_predicted,0.3333333333333333,2,2,CTGAACGAGTACGGCCTTTC,0,4697831
ybiY_ybiW_predicted,0.3333333333333333,2,2,CTGAAATCGTACTATCCGGT,0,4705214
ybiY_ybiW_predicted,0.3333333333333333,2,2,CTCTTGTTGCGGAAGGGGCT,0,4721492
ybiY_ybiW_predicted,0.3333333333333333,2,2,CTCTTGCGCTCGCAATCGAT,0,4715827
ybiY_ybiW_predicted,0.3333333333333333,2,2,CTCTGGTATCGGGTAGCAGT,0,4700257
ybiY_ybiW_predicted,0.3333333333333333,2,2,CTCTGCAGTAGGGTAGGGCC,0,4698771
ybiY_ybiW_predicted,0.3333333333333333,2,2,CTCTGAGCACTACTTATCGT,0,4720890
ybiY_ybiW_predicted,0.3333333333333333,2,2,CTCTCCAACAGGCACGAAGT,0,4697361
ybiY_ybiW_predicted,0.3333333333333333,2,2,CTCTAGCAGTCACTCCCCCG,0,4708056
ybiY_ybiW_predicted,0.3333333333333333,2,2,CTCTACAATCCCAGCTTGCC,0,4716912
ybiY_ybiW_predicted,0.3333333333333333,2,2,CTCGTAGCACGGTTCTGGGT,0,4719129
ybiY_ybiW_predicted,0.3333333333333333,2,2,CTCGCAGCCTCTAGGCGGTC,0,4708332
ybiY_ybiW_predicted,0.3333333333333333,2,2,CTCGAGTAGGGTGCATCGCC,0,4706604
ybiY_ybiW_predicted,0.3333333333333333,2,2,CTCGAATTCAGGGTGCTATC,0,4721311
ybiY_ybiW_predicted,0.3333333333333333,2,2,CTCCCCCAAGTGTGACTATT,0,4721245
ybiY_ybiW_predicted,0.3333333333333333,2,2,CTCCATAAACGTTATCGGTA,0,4716774
ybiY_ybiW_predicted,0.3333333333333333,2,2,CTCATAAGACGGATAAGGAG,0,4725004
ybiY_ybiW_predicted,0.3333333333333333,2,2,CTCAGTAAGCATGGCAAGAG,0,4716906
ybiY_ybiW_predicted,0.3333333333333333,2,2,CTCAGGGTTTTACGGAGTGA,0,4710324
ybiY_ybiW_predicted,0.3333333333333333,2,2,CTCAGGGTTGCAGAACAAGC,0,4731128
ybiY_ybiW_predicted,0.3333333333333333,2,2,CTCACTGAGTACCCGAGTTT,0,4719580
ybiY_ybiW_predicted,0.3333333333333333,2,2,CTCACATGCCGGGAAGTCCT,0,4717030
ybiY_ybiW_predicted,0.3333333333333333,2,2,CTATTCTGTGTTTCACCTTT,0,4699245
ybiY_ybiW_predicted,0.3333333333333333,2,2,CTATGGCGCTATGGTAGTGA,0,4693821
ybiY_ybiW_predicted,0.3333333333333333,2,2,CTATCCTGTAGTGGAAGCTC,0,4719846
ybiY_ybiW_predicted,0.3333333333333333,2,2,CTATATGAGGAGTTACCTTA,0,4725089
ybiY_ybiW_predicted,0.3333333333333333,2,2,CTATACGTAATGCATAAGGG,0,4689973
ybiY_ybiW_predicted,0.3333333333333333,2,2,CTATAACCCTAAGTCGATAC,0,4701798
ybiY_ybiW_predicted,0.3333333333333333,2,2,CTAGTGACACTGGGGTGATC,0,4711690
ybiY_ybiW_predicted,0.3333333333333333,2,2,CTAGGTAACGTCAACGGCTG,0,4691885
ybiY_ybiW_predicted,0.3333333333333333,2,2,CTAGGGAATACGATTATCAA,0,4717145
ybiY_ybiW_predicted,0.3333333333333333,2,2,CTAGGAACGCTCACTCACGG,0,4704320
ybiY_ybiW_predicted,0.3333333333333333,2,2,CTAGCGTCAGAGCTCTACGC,0,4727318
ybiY_ybiW_predicted,0.3333333333333333,2,2,CTACTGGATGCTAGTGTAGT,0,4718628
ybiY_ybiW_predicted,0.3333333333333333,2,2,CTACTGCTGAGCTAGGCGAT,0,4689741
ybiY_ybiW_predicted,0.3333333333333333,2,2,CTACGCAGTGTTAGCGGCAT,0,4719818
ybiY_ybiW_predicted,0.3333333333333333,2,2,CTACCCAGGGTTACTAGGAT,0,4712682
ybiY_ybiW_predicted,0.3333333333333333,2,2,CTACAGTAGGTCTCTCCTTA,0,4729188
ybiY_ybiW_predicted,0.3333333333333333,2,2,CTACAAAACGTACGCCCCCT,0,4731183
ybiY_ybiW_predicted,0.3333333333333333,2,2,CTAATGGGACGTACCATGTA,0,4729636
ybiY_ybiW_predicted,0.3333333333333333,2,2,CTAAGTCATTTGGTTCTGAC,0,4697502
ybiY_ybiW_predicted,0.3333333333333333,2,2,CTAAGACGGACCAACACCAT,0,4702378
ybiY_ybiW_predicted,0.3333333333333333,2,2,CTAACCCTTAGTAATGGCCA,0,4718826
ybiY_ybiW_predicted,0.3333333333333333,2,2,CTAAACCGAGACTCTAAAGT,0,4691575
ybiY_ybiW_predicted,0.3333333333333333,2,2,CTAAAACCGCGCTGCAATGT,0,4689692
ybiY_ybiW_predicted,0.3333333333333333,2,2,CGTTTCAAATCTACTGAGGG,0,4703513
ybiY_ybiW_predicted,0.3333333333333333,2,2,CGTTGACACCCCGGTGTTGG,0,4723097
ybiY_ybiW_predicted,0.3333333333333333,2,2,CGTTCTTGCATTTCCCACAC,0,4710288
ybiY_ybiW_predicted,0.3333333333333333,2,2,CGTTAATTGGCTAATGATAA,0,4708540
ybiY_ybiW_predicted,0.3333333333333333,2,2,CGTGGTCTTATATCACGGAT,0,4699691
ybiY_ybiW_predicted,0.3333333333333333,2,2,CGTGGTCTCATCGACGACCC,0,4708217
ybiY_ybiW_predicted,0.3333333333333333,2,2,CGTGGATTGTACAGTTCTAT,0,4725998
ybiY_ybiW_predicted,0.3333333333333333,2,2,CGTGCGGGCTACAAGTTAAT,0,4723286
ybiY_ybiW_predicted,0.3333333333333333,2,2,CGTGAAGGGCTACCAAACAT,0,4706183
ybiY_ybiW_predicted,0.3333333333333333,2,2,CGTCTTAGCCTTTCCCCTGC,0,4693504
ybiY_ybiW_predicted,0.3333333333333333,2,2,CGTCTAGCACAACGGGGGTA,0,4693328
ybiY_ybiW_predicted,0.3333333333333333,2,2,CGTCGCCGCTTTTACGTACA,0,4720298
ybiY_ybiW_predicted,0.3333333333333333,2,2,CGTCCGCAGATCCCCAGCCC,0,4727114
ybiY_ybiW_predicted,0.3333333333333333,2,2,CGTCCATCATGCCTCCATTT,0,4708763
ybiY_ybiW_predicted,0.3333333333333333,2,2,CGTATGAGGCATCAGGTAGG,0,4726988
ybiY_ybiW_predicted,0.3333333333333333,2,2,CGTATCGTTGAATGAGCGGC,0,4701051
ybiY_ybiW_predicted,0.3333333333333333,2,2,CGTATCACAGGCTCTATGTG,0,4705364
ybiY_ybiW_predicted,0.3333333333333333,2,2,CGTAGCCGGTGTAACCCTAA,0,4726333
ybiY_ybiW_predicted,0.3333333333333333,2,2,CGTAAGGGGCATTGTTTTCT,0,4709575
ybiY_ybiW_predicted,0.3333333333333333,2,2,CGGTGGCACATACCTTTGGC,0,4717080
ybiY_ybiW_predicted,0.3333333333333333,2,2,CGGTCTAATCTGTAATATTC,0,4720021
ybiY_ybiW_predicted,0.3333333333333333,2,2,CGGTCGTACACTGCGGTAAG,0,4726422
ybiY_ybiW_predicted,0.3333333333333333,2,2,CGGTCCCGCCTGCCCACCGG,0,4717883
ybiY_ybiW_predicted,0.3333333333333333,2,2,CGGTCAACAGGGAGCGTCTT,0,4691603
ybiY_ybiW_predicted,0.3333333333333333,2,2,CGGTAGGGTCGCCTGACATT,0,4729965
ybiY_ybiW_predicted,0.3333333333333333,2,2,CGGGTATGTAAGCGAGCATA,0,4707107
ybiY_ybiW_predicted,0.3333333333333333,2,2,CGGGCATCATCGTGTAGCAT,0,4714367
ybiY_ybiW_predicted,0.3333333333333333,2,2,CGGGAGTCCGGTTATCAAAA,0,4715987
ybiY_ybiW_predicted,0.3333333333333333,2,2,CGGGAGGACGCAGGGAAGTA,0,4690707
ybiY_ybiW_predicted,0.3333333333333333,2,2,CGGGACCAAGCCTGACGGGA,0,4705254
ybiY_ybiW_predicted,0.3333333333333333,2,2,CGGCTGAAATGGTTACATAG,0,4690996
ybiY_ybiW_predicted,0.3333333333333333,2,2,CGGCTCGGCGTACATCAGAG,0,4704683
ybiY_ybiW_predicted,0.3333333333333333,2,2,CGGCGCAACAGACCGGCGCC,0,4698045
ybiY_ybiW_predicted,0.3333333333333333,2,2,CGGCGATCTTAAAGATAAAA,0,4709134
ybiY_ybiW_predicted,0.3333333333333333,2,2,CGGCCTGGCGCTGATGATTA,0,4728274
ybiY_ybiW_predicted,0.3333333333333333,2,2,CGGCCGGGGAGATCTTCCCA,0,4727470
ybiY_ybiW_predicted,0.3333333333333333,2,2,CGGCACTCTCCTGCATTGAC,0,4705121
ybiY_ybiW_predicted,0.3333333333333333,2,2,CGGCAAGCACCCACAATGCG,0,4713787
ybiY_ybiW_predicted,0.3333333333333333,2,2,CGGACCCGTTCTCCCCGACT,0,4702397
ybiY_ybiW_predicted,0.3333333333333333,2,2,CGGAAAGGTTGTGCTTCTAG,0,4708061
ybiY_ybiW_predicted,0.3333333333333333,2,2,CGCTGGCACAGGTACGCCCA,0,4699344
ybiY_ybiW_predicted,0.3333333333333333,2,2,CGCTCGGTTCCGACAGAGTG,0,4699648
ybiY_ybiW_predicted,0.3333333333333333,2,2,CGCTAGGAGGCTATATTGCA,0,4714968
ybiY_ybiW_predicted,0.3333333333333333,2,2,CGCTAACTCTCTAATTACGG,0,4706925
ybiY_ybiW_predicted,0.3333333333333333,2,2,CGCGTTCTGCGGGGCTCCGC,0,4698392
ybiY_ybiW_predicted,0.3333333333333333,2,2,CGCGGTGTTACGGGTGGGTT,0,4704298
ybiY_ybiW_predicted,0.3333333333333333,2,2,CGCGGGTACATCACATTGTC,0,4706672
ybiY_ybiW_predicted,0.3333333333333333,2,2,CGCGCTATAGATATGCACGT,0,4726673
ybiY_ybiW_predicted,0.3333333333333333,2,2,CGCGAGAAATTTGTTCAAAG,0,4721444
ybiY_ybiW_predicted,0.3333333333333333,2,2,CGCCTTGCATATGAAAGCGG,0,4695412
ybiY_ybiW_predicted,0.3333333333333333,2,2,CGCCGGGGTCATCCCCGCAG,0,4723684
ybiY_ybiW_predicted,0.3333333333333333,2,2,CGCCGAGGTCGTTGGCCACA,0,4721108
ybiY_ybiW_predicted,0.3333333333333333,2,2,CGCCCAGGTGATACCCGGGA,0,4700308
ybiY_ybiW_predicted,0.3333333333333333,2,2,CGCCACACTAAATGCCCCGC,0,4710553
ybiY_ybiW_predicted,0.3333333333333333,2,2,CGCCACACAAACCCGGCGCC,0,4712688
ybiY_ybiW_predicted,0.3333333333333333,2,2,CGCATAGCTTGATGGAAGCA,0,4704570
ybiY_ybiW_predicted,0.3333333333333333,2,2,CGCACCAGTTTGTATCCTCT,0,4688965
ybiY_ybiW_predicted,0.3333333333333333,2,2,CGCACACCAGGGTCGGGATA,0,4695776
ybiY_ybiW_predicted,0.3333333333333333,2,2,CGCACAAGGGTATAGCTCCT,0,4732154
ybiY_ybiW_predicted,0.3333333333333333,2,2,CGCAAGCGAGAGCGGGGAAT,0,4716679
ybiY_ybiW_predicted,0.3333333333333333,2,2,CGATTTCATCTTGGGGGTTA,0,4697263
ybiY_ybiW_predicted,0.3333333333333333,2,2,CGATTGTTCATCAGATAAAA,0,4730735
ybiY_ybiW_predicted,0.3333333333333333,2,2,CGATTCTGCAAACATTTTAG,0,4698265
ybiY_ybiW_predicted,0.3333333333333333,2,2,CGATCGCGACAAACCTAGTG,0,4698340
ybiY_ybiW_predicted,0.3333333333333333,2,2,CGATAGAGTAAAGTTAGGCT,0,4728749
ybiY_ybiW_predicted,0.3333333333333333,2,2,CGAGTTGCAGTCGTTAGGGT,0,4701670
ybiY_ybiW_predicted,0.3333333333333333,2,2,CGAGCGTGCTCGCTCGACTT,0,4731419
ybiY_ybiW_predicted,0.3333333333333333,2,2,CGAGAGCCGGGTACTAAGCT,0,4717046
ybiY_ybiW_predicted,0.3333333333333333,2,2,CGAGAAGTCATCCTGGTGAT,0,4705523
ybiY_ybiW_predicted,0.3333333333333333,2,2,CGAGAAAAAAGTCGCTAATA,0,4717088
ybiY_ybiW_predicted,0.3333333333333333,2,2,CGACTTGGCAGTGTAGAAGG,0,4696942
ybiY_ybiW_predicted,0.3333333333333333,2,2,CGACTCCAAGGCAGGCGTAT,0,4693983
ybiY_ybiW_predicted,0.3333333333333333,2,2,CGACGTCTAGTCACTCGATG,0,4700596
ybiY_ybiW_predicted,0.3333333333333333,2,2,CGAAGGGACCCCTTCTTCAC,0,4691643
ybiY_ybiW_predicted,0.3333333333333333,2,2,CGAAGGCTTTTTGGTGGTTA,0,4715737
ybiY_ybiW_predicted,0.3333333333333333,2,2,CGAAGGCCAAGCCGCTTTCA,0,4730511
ybiY_ybiW_predicted,0.3333333333333333,2,2,CGAAGAAGAAAGGGAAGCTA,0,4719611
ybiY_ybiW_predicted,0.3333333333333333,2,2,CGAACACGTTTTGTTAAAAA,0,4725341
ybiY_ybiW_predicted,0.3333333333333333,2,2,CCTTTTAACGAAACGTCTTC,0,4689620
ybiY_ybiW_predicted,0.3333333333333333,2,2,CCTTTAGTCGGTTCCAACTT,0,4693907
ybiY_ybiW_predicted,0.3333333333333333,2,2,CCTTTACGGTAGTTTCCCGG,0,4704988
ybiY_ybiW_predicted,0.3333333333333333,2,2,CCTTGCTATCACCTCGGGAC,0,4710376
ybiY_ybiW_predicted,0.3333333333333333,2,2,CCTTCGACCTGCTTTCCGAA,0,4695293
ybiY_ybiW_predicted,0.3333333333333333,2,2,CCTGTTCGGTGCCTCGTCTA,0,4719679
ybiY_ybiW_predicted,0.3333333333333333,2,2,CCTGCGTACGAGCTGATTGT,0,4712961
ybiY_ybiW_predicted,0.3333333333333333,2,2,CCTGACCAGGCGTCGGTGGG,0,4691099
ybiY_ybiW_predicted,0.3333333333333333,2,2,CCTCTTGCTTCACAGGATCC,0,4717854
ybiY_ybiW_predicted,0.3333333333333333,2,2,CCTCTATTACCTATCTGCTC,0,4711066
ybiY_ybiW_predicted,0.3333333333333333,2,2,CCTCGTTGACGGATAATATC,0,4695774
ybiY_ybiW_predicted,0.3333333333333333,2,2,CCTCGCTCGCCGGGAGCTTC,0,4714858
ybiY_ybiW_predicted,0.3333333333333333,2,2,CCTCGCTACGGTGCAAAAGT,0,4709240
ybiY_ybiW_predicted,0.3333333333333333,2,2,CCTCCCCATCTTCGGGGAGC,0,4716730
ybiY_ybiW_predicted,0.3333333333333333,2,2,CCTCATGTTAGGCATCATTG,0,4692718
ybiY_ybiW_predicted,0.3333333333333333,2,2,CCTCATCCTCTTCTGATCGA,0,4717415
ybiY_ybiW_predicted,0.3333333333333333,2,2,CCTATGGAATGCCGGCTGTG,0,4729678
ybiY_ybiW_predicted,0.3333333333333333,2,2,CCTAGTTATCCCGGGAATGA,0,4717696
ybiY_ybiW_predicted,0.3333333333333333,2,2,CCTAGGTATAGGTGGAGAAT,0,4729216
ybiY_ybiW_predicted,0.3333333333333333,2,2,CCTACTACTCAAGTTCTTAC,0,4730949
ybiY_ybiW_predicted,0.3333333333333333,2,2,CCTACCTTAATGATCTATGG,0,4726576
ybiY_ybiW_predicted,0.3333333333333333,2,2,CCTAATCCTATTTCATTGGA,0,4701002
ybiY_ybiW_predicted,0.3333333333333333,2,2,CCGTTAGGGAATCCACCACG,0,4713501
ybiY_ybiW_predicted,0.3333333333333333,2,2,CCGTCACCACACGTCTGCCA,0,4700810
ybiY_ybiW_predicted,0.3333333333333333,2,2,CCGTAGGAATCCTAGGAAAC,0,4728683
ybiY_ybiW_predicted,0.3333333333333333,2,2,CCGTAGCTCCCCAGGCAAGT,0,4707180
ybiY_ybiW_predicted,0.3333333333333333,2,2,CCGGTGGGCCGCGCCCGGAA,0,4730826
ybiY_ybiW_predicted,0.3333333333333333,2,2,CCGGGTTTACTCGCTTGAGC,0,4689980
ybiY_ybiW_predicted,0.3333333333333333,2,2,CCGGCTAGGACAGGCAGTGT,0,4692924
ybiY_ybiW_predicted,0.3333333333333333,2,2,CCGGAGGTCCCACCAAAAGG,0,4701232
ybiY_ybiW_predicted,0.3333333333333333,2,2,CCGCTTTTACTGGAATTTGC,0,4728341
ybiY_ybiW_predicted,0.3333333333333333,2,2,CCGCGCGTCGTGGGCAGCTA,0,4692528
ybiY_ybiW_predicted,0.3333333333333333,2,2,CCGCGCCGCTGGTAGCGATA,0,4718366
ybiY_ybiW_predicted,0.3333333333333333,2,2,CCGCCTTGTCCAAACCGGTT,0,4708994
ybiY_ybiW_predicted,0.3333333333333333,2,2,CCGCCTACGGCTACATCGGC,0,4712418
ybiY_ybiW_predicted,0.3333333333333333,2,2,CCGCCCGAGTTCCGCAAGAG,0,4706175
ybiY_ybiW_predicted,0.3333333333333333,2,2,CCGCCAGAGACAATTTTCAT,0,4707000
ybiY_ybiW_predicted,0.3333333333333333,2,2,CCGCACCGGCCCGATTCCGC,0,4725876
ybiY_ybiW_predicted,0.3333333333333333,2,2,CCGCAACACGTTATTACGTG,0,4691974
ybiY_ybiW_predicted,0.3333333333333333,2,2,CCGACTCACCCAATTCTACA,0,4698121
ybiY_ybiW_predicted,0.3333333333333333,2,2,CCGACCCGACGGCCGTGTTT,0,4699414
ybiY_ybiW_predicted,0.3333333333333333,2,2,CCCTTTAGGTGCCGAGGAGA,0,4708341
ybiY_ybiW_predicted,0.3333333333333333,2,2,CCCTGGGTGGCTCATGTTGC,0,4727720
ybiY_ybiW_predicted,0.3333333333333333,2,2,CCCTGGGCGCGCGCAGAACA,0,4729839
ybiY_ybiW_predicted,0.3333333333333333,2,2,CCCTGACAGACCGATTACGC,0,4695545
ybiY_ybiW_predicted,0.3333333333333333,2,2,CCCTCAGCATAGCATGCGCT,0,4695628
ybiY_ybiW_predicted,0.3333333333333333,2,2,CCCGCGGACAGCAGCTCGGG,0,4714929
ybiY_ybiW_predicted,0.3333333333333333,2,2,CCCGCATCGCCCCCCTATAA,0,4708623
ybiY_ybiW_predicted,0.3333333333333333,2,2,CCCGAGGTAGTGCGCGTAAC,0,4713960
ybiY_ybiW_predicted,0.3333333333333333,2,2,CCCCTGATTTTGGATTGTAC,0,4720930
ybiY_ybiW_predicted,0.3333333333333333,2,2,CCCCTCCATCTAGTACAGGC,0,4691920
ybiY_ybiW_predicted,0.3333333333333333,2,2,CCCCCTTCCCAGGCTGAAAA,0,4723326
ybiY_ybiW_predicted,0.3333333333333333,2,2,CCCCCGAAAAAATGGACCAG,0,4703361
ybiY_ybiW_predicted,0.3333333333333333,2,2,CCCCATTCCCCCGATTTTCT,0,4728611
ybiY_ybiW_predicted,0.3333333333333333,2,2,CCCCAGTCGCAGTGATTGTA,0,4710474
ybiY_ybiW_predicted,0.3333333333333333,2,2,CCCCAGAGTCCGTTGGCACA,0,4688928
ybiY_ybiW_predicted,0.3333333333333333,2,2,CCCATTTCAACAGCGCTCGG,0,4694678
ybiY_ybiW_predicted,0.3333333333333333,2,2,CCCATGGTCCCGTCTTCCTA,0,4717936
ybiY_ybiW_predicted,0.3333333333333333,2,2,CCCATCGCGACAAATGGGTA,0,4715026
ybiY_ybiW_predicted,0.3333333333333333,2,2,CCCATATGCGTGTTGACGAA,0,4725234
ybiY_ybiW_predicted,0.3333333333333333,2,2,CCCAGTCCTCCACGTCGCGT,0,4708308
ybiY_ybiW_predicted,0.3333333333333333,2,2,CCCAGTAGGCCAAAGGTTAG,0,4726120
ybiY_ybiW_predicted,0.3333333333333333,2,2,CCCACAATGCCAGGCAGGCT,0,4688724
ybiY_ybiW_predicted,0.3333333333333333,2,2,CCATTTCGGATATATGCCAG,0,4721864
ybiY_ybiW_predicted,0.3333333333333333,2,2,CCATTGTCCCGCTCGAGGTC,0,4722671
ybiY_ybiW_predicted,0.3333333333333333,2,2,CCATGAGGGATCGGCAAGCT,0,4714243
ybiY_ybiW_predicted,0.3333333333333333,2,2,CCATCTCAAACTCGAACGAT,0,4704219
ybiY_ybiW_predicted,0.3333333333333333,2,2,CCATCCACCCAGGGGATATG,0,4698429
ybiY_ybiW_predicted,0.3333333333333333,2,2,CCAGTTGTTTTACCTCTGAA,0,4730709
ybiY_ybiW_predicted,0.3333333333333333,2,2,CCAGTGGCTTTGACACGGCA,0,4711076
ybiY_ybiW_predicted,0.3333333333333333,2,2,CCAGTGATTCGTGGAGCGAT,0,4705018
ybiY_ybiW_predicted,0.3333333333333333,2,2,CCAGCTTTGGAAGTTCCCGT,0,4727543
ybiY_ybiW_predicted,0.3333333333333333,2,2,CCAGCTATTAACTCCGCCCG,0,4720671
ybiY_ybiW_predicted,0.3333333333333333,2,2,CCAGCGTCCAGATACAGCCT,0,4717926
ybiY_ybiW_predicted,0.3333333333333333,2,2,CCAGACGTTTAATTTCATCA,0,4728506
ybiY_ybiW_predicted,0.3333333333333333,2,2,CCAGAATGATTTTCCTTACA,0,4693647
ybiY_ybiW_predicted,0.3333333333333333,2,2,CCAGAAATGACCACCTCGTA,0,4729704
ybiY_ybiW_predicted,0.3333333333333333,2,2,CCACGCGGTCAAGCTGGTAA,0,4716195
ybiY_ybiW_predicted,0.3333333333333333,2,2,CCACGATATGTGACCTGACA,0,4715333
ybiY_ybiW_predicted,0.3333333333333333,2,2,CCACCTGGCATCTCGCGGCA,0,4696861
ybiY_ybiW_predicted,0.3333333333333333,2,2,CCACCGTTCAGGACCTCTGG,0,4689148
ybiY_ybiW_predicted,0.3333333333333333,2,2,CCACACAAACCATCTTGCGT,0,4709589
ybiY_ybiW_predicted,0.3333333333333333,2,2,CCAATTTCCTAAACTATTGG,0,4717689
ybiY_ybiW_predicted,0.3333333333333333,2,2,CCAAGCTACTTGAGCGGCCC,0,4704783
ybiY_ybiW_predicted,0.3333333333333333,2,2,CCAACCCTATAAGCGTAACA,0,4709235
ybiY_ybiW_predicted,0.3333333333333333,2,2,CATTCAACTAGGCATCCGCA,0,4702545
ybiY_ybiW_predicted,0.3333333333333333,2,2,CATGTTGTGTTACTATAACA,0,4718450
ybiY_ybiW_predicted,0.3333333333333333,2,2,CATGTATCCCTTGAACAGTC,0,4698918
ybiY_ybiW_predicted,0.3333333333333333,2,2,CATGTAACGGACAGGTCTAA,0,4715569
ybiY_ybiW_predicted,0.3333333333333333,2,2,CATGGGCCTGTGTCTCTTGC,0,4721805
ybiY_ybiW_predicted,0.3333333333333333,2,2,CATGGGCACCTAGTTCGCGA,0,4707779
ybiY_ybiW_predicted,0.3333333333333333,2,2,CATGGACATTGACTTTGCAT,0,4709321
ybiY_ybiW_predicted,0.3333333333333333,2,2,CATGCCATGATAACTCAGCT,0,4692625
ybiY_ybiW_predicted,0.3333333333333333,2,2,CATCCGCGATTAGGGCGAAT,0,4698641
ybiY_ybiW_predicted,0.3333333333333333,2,2,CATCCCACAGAATCTTAGTG,0,4717741
ybiY_ybiW_predicted,0.3333333333333333,2,2,CATATCGCAAGACTTCGCGA,0,4720568
ybiY_ybiW_predicted,0.3333333333333333,2,2,CATATCACCAGATCCAAAAC,0,4713408
ybiY_ybiW_predicted,0.3333333333333333,2,2,CATAGTATCGGGTAGTAAAG,0,4704952
ybiY_ybiW_predicted,0.3333333333333333,2,2,CATAATTAGGCCACTGTGGT,0,4726459
ybiY_ybiW_predicted,0.3333333333333333,2,2,CATAAGCCCGTACGGGTGCC,0,4716973
ybiY_ybiW_predicted,0.3333333333333333,2,2,CAGTTTTTCGATCTGTCGGA,0,4694403
ybiY_ybiW_predicted,0.3333333333333333,2,2,CAGTGGGTGCTGCACCCCCC,0,4701528
ybiY_ybiW_predicted,0.3333333333333333,2,2,CAGGGTTCCAGCAGTTGGAG,0,4716533
ybiY_ybiW_predicted,0.3333333333333333,2,2,CAGGGCAAGCAGTCGATCGT,0,4703217
ybiY_ybiW_predicted,0.3333333333333333,2,2,CAGGGATTACCGAATTGGGC,0,4708351
ybiY_ybiW_predicted,0.3333333333333333,2,2,CAGCTTCCACCGCCGCACTT,0,4723696
ybiY_ybiW_predicted,0.3333333333333333,2,2,CAGCTCCTTATCTCGTTCGT,0,4691838
ybiY_ybiW_predicted,0.3333333333333333,2,2,CAGCGTAAGTCACCCTCCTT,0,4709823
ybiY_ybiW_predicted,0.3333333333333333,2,2,CAGCGACGGGCCAGTCCGGG,0,4722206
ybiY_ybiW_predicted,0.3333333333333333,2,2,CAGCCGGCATTACGCAATTG,0,4713215
ybiY_ybiW_predicted,0.3333333333333333,2,2,CAGCCGCCAAATCACCGGGT,0,4704784
ybiY_ybiW_predicted,0.3333333333333333,2,2,CAGATGCACACCTCGGCCCG,0,4698880
ybiY_ybiW_predicted,0.3333333333333333,2,2,CAGAGGGTACCTATAGAATA,0,4704266
ybiY_ybiW_predicted,0.3333333333333333,2,2,CAGAGGGACTGGATACTATG,0,4718757
ybiY_ybiW_predicted,0.3333333333333333,2,2,CAGACCAGTTCGTACAGACT,0,4711818
ybiY_ybiW_predicted,0.3333333333333333,2,2,CAGAAATTGCAACGCGCGAC,0,4696121
ybiY_ybiW_predicted,0.3333333333333333,2,2,CACGTGGTTATCGAATAGCA,0,4730823
ybiY_ybiW_predicted,0.3333333333333333,2,2,CACGCGGGGTGTCTTTTTGC,0,4729128
ybiY_ybiW_predicted,0.3333333333333333,2,2,CACGAAGTGGATCCGGCTGA,0,4713349
ybiY_ybiW_predicted,0.3333333333333333,2,2,CACCGATATTTACTTCACTC,0,4730804
ybiY_ybiW_predicted,0.3333333333333333,2,2,CACCACACCAAGCGAATCGA,0,4708863
ybiY_ybiW_predicted,0.3333333333333333,2,2,CACATGATGCTGGAGGTTCT,0,4716787
ybiY_ybiW_predicted,0.3333333333333333,2,2,CACATATATATGCACAAGGT,0,4704831
ybiY_ybiW_predicted,0.3333333333333333,2,2,CACAGTGAATGTCTCAATGT,0,4701421
ybiY_ybiW_predicted,0.3333333333333333,2,2,CACAGCCGGGGGCACATTGT,0,4706455
ybiY_ybiW_predicted,0.3333333333333333,2,2,CACACCTTGTAAGGCTATCC,0,4706211
ybiY_ybiW_predicted,0.3333333333333333,2,2,CACAACGCTTCATGACTGTA,0,4708891
ybiY_ybiW_predicted,0.3333333333333333,2,2,CAATTTGGCCCTGACGCAGG,0,4730207
ybiY_ybiW_predicted,0.3333333333333333,2,2,CAATTGGCGCCAACTTGGGT,0,4715296
ybiY_ybiW_predicted,0.3333333333333333,2,2,CAATGGATTCGTAACTATTG,0,4724342
ybiY_ybiW_predicted,0.3333333333333333,2,2,CAATCAGCACAACTGGCATA,0,4723245
ybiY_ybiW_predicted,0.3333333333333333,2,2,CAATATGGTAGAGACGGTTT,0,4727345
ybiY_ybiW_predicted,0.3333333333333333,2,2,CAATACTACAGAAATTGATT,0,4721734
ybiY_ybiW_predicted,0.3333333333333333,2,2,CAATACCTGGGGTATATGAG,0,4705142
ybiY_ybiW_predicted,0.3333333333333333,2,2,CAAGGGGTCGGGTTCGTGGT,0,4728903
ybiY_ybiW_predicted,0.3333333333333333,2,2,CAAGGCCTCCGGAGCACCGT,0,4704001
ybiY_ybiW_predicted,0.3333333333333333,2,2,CAAGGAGCACGTGTTATGCA,0,4726008
ybiY_ybiW_predicted,0.3333333333333333,2,2,CAAGAACCGTGGGGACACAT,0,4714556
ybiY_ybiW_predicted,0.3333333333333333,2,2,CAAGAAATCCGAAGCCGAGA,0,4729300
ybiY_ybiW_predicted,0.3333333333333333,2,2,CAACTCCTTGCTTATTCTTA,0,4724919
ybiY_ybiW_predicted,0.3333333333333333,2,2,CAACGTTTGCACCACCCCCT,0,4699999
ybiY_ybiW_predicted,0.3333333333333333,2,2,CAACGGTCGGTCACGATACT,0,4715034
ybiY_ybiW_predicted,0.3333333333333333,2,2,CAACGGTCACGGTCATTTGG,0,4729452
ybiY_ybiW_predicted,0.3333333333333333,2,2,CAACGCGCAGGATGCAAATG,0,4728788
ybiY_ybiW_predicted,0.3333333333333333,2,2,CAACGAACGTTAGAGGATGT,0,4700484
ybiY_ybiW_predicted,0.3333333333333333,2,2,CAACCCGAACGGGCGAACAA,0,4719252
ybiY_ybiW_predicted,0.3333333333333333,2,2,CAACCAGGGGGTGTCTCGTT,0,4696974
ybiY_ybiW_predicted,0.3333333333333333,2,2,CAACACTAAGACGCTTTAAC,0,4718623
ybiY_ybiW_predicted,0.3333333333333333,2,2,CAAATTTGGGGGGGGGCGAG,0,4727664
ybiY_ybiW_predicted,0.3333333333333333,2,2,CAAATTGCCAAATTGTAAGA,0,4718281
ybiY_ybiW_predicted,0.3333333333333333,2,2,CAAATTGACTGGTTTTGTAT,0,4705020
ybiY_ybiW_predicted,0.3333333333333333,2,2,CAAAGCTTGTATCATCAGGT,0,4705657
ybiY_ybiW_predicted,0.3333333333333333,2,2,CAAACTCGAAGAGTTTGCAG,0,4708868
ybiY_ybiW_predicted,0.3333333333333333,2,2,CAAACGAACCATTGTTGGGC,0,4708208
ybiY_ybiW_predicted,0.3333333333333333,2,2,CAAAATGAATCTATCCCTCA,0,4709999
ybiY_ybiW_predicted,0.3333333333333333,2,2,CAAAAAGCGTCTATGCACCA,0,4713025
ybiY_ybiW_predicted,0.3333333333333333,2,2,ATTTGTCCCGGTAGTATCGA,0,4698106
ybiY_ybiW_predicted,0.3333333333333333,2,2,ATTTCAAGTATCCACGTTGC,0,4730862
ybiY_ybiW_predicted,0.3333333333333333,2,2,ATTTAACTTAGTCGGCCACC,0,4698349
ybiY_ybiW_predicted,0.3333333333333333,2,2,ATTGTGCGGTATCCATGATG,0,4711946
ybiY_ybiW_predicted,0.3333333333333333,2,2,ATTGGGAGATGATTCGGAAA,0,4719453
ybiY_ybiW_predicted,0.3333333333333333,2,2,ATTCGGAACAGGTTCGAACT,0,4702005
ybiY_ybiW_predicted,0.3333333333333333,2,2,ATTCCTCGAGATGTTTAACG,0,4717597
ybiY_ybiW_predicted,0.3333333333333333,2,2,ATTCCGAGGATGGACCACTC,0,4731055
ybiY_ybiW_predicted,0.3333333333333333,2,2,ATTCAATGACTTAGGGAGGC,0,4695731
ybiY_ybiW_predicted,0.3333333333333333,2,2,ATTATGTGGATCTTAAATCT,0,4696680
ybiY_ybiW_predicted,0.3333333333333333,2,2,ATTAGTCTCGTCCAGGCAAT,0,4698157
ybiY_ybiW_predicted,0.3333333333333333,2,2,ATTAGTATTTAGGCTTGGGT,0,4707569
ybiY_ybiW_predicted,0.3333333333333333,2,2,ATTACTACGGTAAAGCCTAT,0,4701140
ybiY_ybiW_predicted,0.3333333333333333,2,2,ATTACATGTATCAGGCTCTG,0,4710981
ybiY_ybiW_predicted,0.3333333333333333,2,2,ATTAATCCGCTCGGAATCTG,0,4720995
ybiY_ybiW_predicted,0.3333333333333333,2,2,ATTAAGCTGAATGGTGGGCG,0,4723118
ybiY_ybiW_predicted,0.3333333333333333,2,2,ATGTTCGGCATTTGTGACAA,0,4688589
ybiY_ybiW_predicted,0.3333333333333333,2,2,ATGTGAGACATTGGAGCGGC,0,4698515
ybiY_ybiW_predicted,0.3333333333333333,2,2,ATGTCTCGTCACACGATAAG,0,4723693
ybiY_ybiW_predicted,0.3333333333333333,2,2,ATGTCGTAGAGCGCGGAGTA,0,4698137
ybiY_ybiW_predicted,0.3333333333333333,2,2,ATGTAGGTGTTGTTTTGGTA,0,4689698
ybiY_ybiW_predicted,0.3333333333333333,2,2,ATGTAAACGACCTTCAACTT,0,4715375
ybiY_ybiW_predicted,0.3333333333333333,2,2,ATGGGTCACCGTGAATCGTA,0,4710375
ybiY_ybiW_predicted,0.3333333333333333,2,2,ATGGGACATGATTCAATTGA,0,4705277
ybiY_ybiW_predicted,0.3333333333333333,2,2,ATGGCACATTCAGCCGCAAT,0,4724313
ybiY_ybiW_predicted,0.3333333333333333,2,2,ATGCTGTCCAGGGGCTGAGG,0,4702921
ybiY_ybiW_predicted,0.3333333333333333,2,2,ATGCTGATCGGAGGGGGGGG,0,4730172
ybiY_ybiW_predicted,0.3333333333333333,2,2,ATGCTCGCGGCGTTCTACGA,0,4731665
ybiY_ybiW_predicted,0.3333333333333333,2,2,ATGCTCACCGGTAGTTTCAC,0,4706448
ybiY_ybiW_predicted,0.3333333333333333,2,2,ATGCGTCCGGGGACATCGGG,0,4715989
ybiY_ybiW_predicted,0.3333333333333333,2,2,ATGCGAATTTTATTACGTTA,0,4716466
ybiY_ybiW_predicted,0.3333333333333333,2,2,ATGCCGAATAGGTCACCAGT,0,4712854
ybiY_ybiW_predicted,0.3333333333333333,2,2,ATGCCAAATCCCTGGAAGGC,0,4716507
ybiY_ybiW_predicted,0.3333333333333333,2,2,ATGCATACAGTAGAAGAGGT,0,4726475
ybiY_ybiW_predicted,0.3333333333333333,2,2,ATGCACGTTCGTTCACTGTA,0,4709395
ybiY_ybiW_predicted,0.3333333333333333,2,2,ATGCAAAAACGAGATCTACT,0,4701362
ybiY_ybiW_predicted,0.3333333333333333,2,2,ATGATTCAAAGAAAGAGCTT,0,4716678
ybiY_ybiW_predicted,0.3333333333333333,2,2,ATGATCTCAAAAAAAGGAGG,0,4703209
ybiY_ybiW_predicted,0.3333333333333333,2,2,ATGATAAGGCACACTAAGCC,0,4728112
ybiY_ybiW_predicted,0.3333333333333333,2,2,ATGAGGCTTTAATTGAGTGT,0,4703988
ybiY_ybiW_predicted,0.3333333333333333,2,2,ATGACTTGGTCTCTTGCAGT,0,4731008
ybiY_ybiW_predicted,0.3333333333333333,2,2,ATCTGTGTTACTTCCCCTCG,0,4718769
ybiY_ybiW_predicted,0.3333333333333333,2,2,ATCTGCGCTCCATGCATGCT,0,4700177
ybiY_ybiW_predicted,0.3333333333333333,2,2,ATCTGCCTCGGCGCCCGGCG,0,4727393
ybiY_ybiW_predicted,0.3333333333333333,2,2,ATCTCGAGGACTTGAACTAG,0,4721064
ybiY_ybiW_predicted,0.3333333333333333,2,2,ATCTATCGGGTATGGAGGGG,0,4725686
ybiY_ybiW_predicted,0.3333333333333333,2,2,ATCTAAAACGCCTGTCTCGT,0,4692808
ybiY_ybiW_predicted,0.3333333333333333,2,2,ATCGCTACCGGGAACTGGTA,0,4722849
ybiY_ybiW_predicted,0.3333333333333333,2,2,ATCGATGCCTGTCCTTCGGC,0,4701293
ybiY_ybiW_predicted,0.3333333333333333,2,2,ATCGACGATCCGCGAAAGAC,0,4698656
ybiY_ybiW_predicted,0.3333333333333333,2,2,ATCCTCGCGAGTGGATTAGC,0,4701732
ybiY_ybiW_predicted,0.3333333333333333,2,2,ATCCGTGTTTTCCACTGTTT,0,4730531
ybiY_ybiW_predicted,0.3333333333333333,2,2,ATCCGATTATAAGGATTGAG,0,4730152
ybiY_ybiW_predicted,0.3333333333333333,2,2,ATCCCCTGGTCGGTGCGCTA,0,4690507
ybiY_ybiW_predicted,0.3333333333333333,2,2,ATCCCCCCTGGATTAGTGGA,0,4693236
ybiY_ybiW_predicted,0.3333333333333333,2,2,ATCAAGGTACAGTGGGTGTA,0,4695928
ybiY_ybiW_predicted,0.3333333333333333,2,2,ATCAACTGGCTGCATAGCTT,0,4705137
ybiY_ybiW_predicted,0.3333333333333333,2,2,ATATTCCGCGGCGGAAGGGG,0,4727385
ybiY_ybiW_predicted,0.3333333333333333,2,2,ATATGCTCATCGCCAAGATT,0,4693971
ybiY_ybiW_predicted,0.3333333333333333,2,2,ATATCGTCACCTGCGCGAAA,0,4732709
ybiY_ybiW_predicted,0.3333333333333333,2,2,ATATACCTCATCGCGACTGT,0,4723942
ybiY_ybiW_predicted,0.3333333333333333,2,2,ATATAACTTGAATGGCGGTA,0,4725701
ybiY_ybiW_predicted,0.3333333333333333,2,2,ATAGTGTCCACAGAGATGCC,0,4703620
ybiY_ybiW_predicted,0.3333333333333333,2,2,ATAGCTAGTATTCGTGGGCA,0,4726773
ybiY_ybiW_predicted,0.3333333333333333,2,2,ATACTCCCTGGTGTTCCCGC,0,4726662
ybiY_ybiW_predicted,0.3333333333333333,2,2,ATACCACGTGTGTACGTCTC,0,4726297
ybiY_ybiW_predicted,0.3333333333333333,2,2,ATACAAACTGAGATGTCTTA,0,4701234
ybiY_ybiW_predicted,0.3333333333333333,2,2,ATAAGACAAAAAGGAGGCCC,0,4700405
ybiY_ybiW_predicted,0.3333333333333333,2,2,ATAACGGGGTGGTTCAAAGA,0,4695149
ybiY_ybiW_predicted,0.3333333333333333,2,2,ATAAACTATATAGGTGCTGA,0,4725186
ybiY_ybiW_predicted,0.3333333333333333,2,2,AGTTTCTCTAGCAACTAATT,0,4689056
ybiY_ybiW_predicted,0.3333333333333333,2,2,AGTTTCTAGCGGCAGTGACA,0,4731305
ybiY_ybiW_predicted,0.3333333333333333,2,2,AGTTGGTTTAGTTCTCTGGG,0,4696706
ybiY_ybiW_predicted,0.3333333333333333,2,2,AGTTGAGGCAAGCGTAACAC,0,4698240
ybiY_ybiW_predicted,0.3333333333333333,2,2,AGTTCGGCTCACAGGGAGTA,0,4700223
ybiY_ybiW_predicted,0.3333333333333333,2,2,AGTTCGGCAGCGTGCGAGAA,0,4723084
ybiY_ybiW_predicted,0.3333333333333333,2,2,AGTTCGCTAACACCATCTCA,0,4725865
ybiY_ybiW_predicted,0.3333333333333333,2,2,AGTTCCTTCGATGACGTGCG,0,4694868
ybiY_ybiW_predicted,0.3333333333333333,2,2,AGTTATAGATACGCATCGGA,0,4726179
ybiY_ybiW_predicted,0.3333333333333333,2,2,AGTTAGAGGCGGCTACGTCA,0,4723821
ybiY_ybiW_predicted,0.3333333333333333,2,2,AGTTAATGACCAGTAAATAA,0,4709056
ybiY_ybiW_predicted,0.3333333333333333,2,2,AGTTAAGCAAGCCGCCGAGT,0,4694797
ybiY_ybiW_predicted,0.3333333333333333,2,2,AGTGGCAACCCATGCAACAT,0,4703660
ybiY_ybiW_predicted,0.3333333333333333,2,2,AGTGGACCATATCATAACCA,0,4722170
ybiY_ybiW_predicted,0.3333333333333333,2,2,AGTCTGTGGGGTAAGAAAGA,0,4715267
ybiY_ybiW_predicted,0.3333333333333333,2,2,AGTCTCCGCGCCAACACATA,0,4717254
ybiY_ybiW_predicted,0.3333333333333333,2,2,AGTCTACCCAGCGAGCCATA,0,4692684
ybiY_ybiW_predicted,0.3333333333333333,2,2,AGTCGGTAGTCACGGAGTAT,0,4694073
ybiY_ybiW_predicted,0.3333333333333333,2,2,AGTCGGAACTCGTCGTTTCG,0,4715203
ybiY_ybiW_predicted,0.3333333333333333,2,2,AGTCGCGTCGGAACTCTAAT,0,4722643
ybiY_ybiW_predicted,0.3333333333333333,2,2,AGTCCAAGCCTTTGTAACGG,0,4702991
ybiY_ybiW_predicted,0.3333333333333333,2,2,AGTCATTTCGCTCGATCCCA,0,4706440
ybiY_ybiW_predicted,0.3333333333333333,2,2,AGTCAAATCATTTGGTGCTT,0,4731608
ybiY_ybiW_predicted,0.3333333333333333,2,2,AGTATGATACGCCTAGCTCG,0,4730807
ybiY_ybiW_predicted,0.3333333333333333,2,2,AGTATCGGTACACATGCGAT,0,4693244
ybiY_ybiW_predicted,0.3333333333333333,2,2,AGTATCGAAGCTCGGACTGC,0,4697015
ybiY_ybiW_predicted,0.3333333333333333,2,2,AGTAGGTCTGAACGTGTGTT,0,4692565
ybiY_ybiW_predicted,0.3333333333333333,2,2,AGTACTGTTGGATCCTCGAA,0,4726168
ybiY_ybiW_predicted,0.3333333333333333,2,2,AGTAATCGAGAATAGGGGGT,0,4720531
ybiY_ybiW_predicted,0.3333333333333333,2,2,AGGTGAAAGAACTAATTGTC,0,4692872
ybiY_ybiW_predicted,0.3333333333333333,2,2,AGGTCTGACCAACTATGGTT,0,4714263
ybiY_ybiW_predicted,0.3333333333333333,2,2,AGGTCCATGTCGCAACTTAT,0,4693750
ybiY_ybiW_predicted,0.3333333333333333,2,2,AGGTCCATAGAGTGTTGTGT,0,4708753
ybiY_ybiW_predicted,0.3333333333333333,2,2,AGGTAGTATCAGCGTCATAA,0,4721280
ybiY_ybiW_predicted,0.3333333333333333,2,2,AGGTAGTAACTTGTCATGTG,0,4692604
ybiY_ybiW_predicted,0.3333333333333333,2,2,AGGTACCAGATCGCCTTATA,0,4707552
ybiY_ybiW_predicted,0.3333333333333333,2,2,AGGTACAGAAGTCATGTAGA,0,4717931
ybiY_ybiW_predicted,0.3333333333333333,2,2,AGGGTTACGCCGGGCTAGAG,0,4698736
ybiY_ybiW_predicted,0.3333333333333333,2,2,AGGGTGCTGATTCGTCGGAC,0,4713369
ybiY_ybiW_predicted,0.3333333333333333,2,2,AGGGGGGACACCAAATGACA,0,4726588
ybiY_ybiW_predicted,0.3333333333333333,2,2,AGGGCACATTTGACATGTCT,0,4694554
ybiY_ybiW_predicted,0.3333333333333333,2,2,AGGGAAGGGGCGGGACCGGC,0,4720703
ybiY_ybiW_predicted,0.3333333333333333,2,2,AGGCTGTGTTTGGTAGTTAT,0,4709608
ybiY_ybiW_predicted,0.3333333333333333,2,2,AGGCTGGGTAGATTACACGA,0,4719776
ybiY_ybiW_predicted,0.3333333333333333,2,2,AGGCTGCCACACAACTTTGG,0,4701613
ybiY_ybiW_predicted,0.3333333333333333,2,2,AGGCTAACCGCATTTCACCT,0,4689209
ybiY_ybiW_predicted,0.3333333333333333,2,2,AGGCGTCGATTAGAAACGCA,0,4727919
ybiY_ybiW_predicted,0.3333333333333333,2,2,AGGCGCTGAGACAAACGGAG,0,4711378
ybiY_ybiW_predicted,0.3333333333333333,2,2,AGGCGCAAGCCCCTGCGATA,0,4707391
ybiY_ybiW_predicted,0.3333333333333333,2,2,AGGCCAATCGGTTCCCCCCT,0,4717193
ybiY_ybiW_predicted,0.3333333333333333,2,2,AGGACGGAACTGCGATTGGA,0,4695305
ybiY_ybiW_predicted,0.3333333333333333,2,2,AGGACCCTGCACCGCGTACT,0,4710858
ybiY_ybiW_predicted,0.3333333333333333,2,2,AGGACAAGAACCTGCGTCAA,0,4699258
ybiY_ybiW_predicted,0.3333333333333333,2,2,AGGAAGTAACTGGCCATATG,0,4713756
ybiY_ybiW_predicted,0.3333333333333333,2,2,AGGAAAAATGCGGTATTACT,0,4727829
ybiY_ybiW_predicted,0.3333333333333333,2,2,AGCTTCTCCGGGCGGGGCAT,0,4689106
ybiY_ybiW_predicted,0.3333333333333333,2,2,AGCTTCAAATAAACGGGTCT,0,4717845
ybiY_ybiW_predicted,0.3333333333333333,2,2,AGCTGGTAGTGAGAGCTGTA,0,4719047
ybiY_ybiW_predicted,0.3333333333333333,2,2,AGCTGGATCGGGGAACACAG,0,4729329
ybiY_ybiW_predicted,0.3333333333333333,2,2,AGCTCCAAAAAGGAATCGAC,0,4689474
ybiY_ybiW_predicted,0.3333333333333333,2,2,AGCTAGACGGCGCCCGCGGA,0,4712275
ybiY_ybiW_predicted,0.3333333333333333,2,2,AGCTAAGTGTATTTGCGCAT,0,4730752
ybiY_ybiW_predicted,0.3333333333333333,2,2,AGCTAAATCATTCACGTTTC,0,4692298
ybiY_ybiW_predicted,0.3333333333333333,2,2,AGCGTTACTGGATTTTCAGA,0,4701021
ybiY_ybiW_predicted,0.3333333333333333,2,2,AGCGTCTTACTTCGGTTGCA,0,4704366
ybiY_ybiW_predicted,0.3333333333333333,2,2,AGCGGTCCCGGGTAGGCGGA,0,4704930
ybiY_ybiW_predicted,0.3333333333333333,2,2,AGCGGGCATTTTATTTTATA,0,4725289
ybiY_ybiW_predicted,0.3333333333333333,2,2,AGCGGAACGCGAGGGGACCC,0,4718857
ybiY_ybiW_predicted,0.3333333333333333,2,2,AGCGCGTCGCGGAGTGTACT,0,4703535
ybiY_ybiW_predicted,0.3333333333333333,2,2,AGCGCGAGTGGTCACATCGT,0,4722146
ybiY_ybiW_predicted,0.3333333333333333,2,2,AGCGCCGCGTGCTAGCTTGA,0,4699908
ybiY_ybiW_predicted,0.3333333333333333,2,2,AGCGCACTTCTTTATAGCGG,0,4697469
ybiY_ybiW_predicted,0.3333333333333333,2,2,AGCGATGGTCATAGCTTAAC,0,4689300
ybiY_ybiW_predicted,0.3333333333333333,2,2,AGCGATCGCTCATGTAAGTG,0,4727966
ybiY_ybiW_predicted,0.3333333333333333,2,2,AGCCTGTGTAAGAGCACCAC,0,4700304
ybiY_ybiW_predicted,0.3333333333333333,2,2,AGCCTGCCTCTGAGCACACA,0,4731972
ybiY_ybiW_predicted,0.3333333333333333,2,2,AGCCTCTCTCTTTTCTGAAG,0,4731760
ybiY_ybiW_predicted,0.3333333333333333,2,2,AGCCTCACATATCCATTATC,0,4692621
ybiY_ybiW_predicted,0.3333333333333333,2,2,AGCCCGTGAAGCGTAGTTCA,0,4697843
ybiY_ybiW_predicted,0.3333333333333333,2,2,AGCAAGCTCCGGACCATCTC,0,4691689
ybiY_ybiW_predicted,0.3333333333333333,2,2,AGATTCCACATGGCACCGTC,0,4723712
ybiY_ybiW_predicted,0.3333333333333333,2,2,AGATGACTATGATCAAGATT,0,4692042
ybiY_ybiW_predicted,0.3333333333333333,2,2,AGATGACCGGATTGTAAACT,0,4691674
ybiY_ybiW_predicted,0.3333333333333333,2,2,AGATCCTTGGGAAAACTTCA,0,4702939
ybiY_ybiW_predicted,0.3333333333333333,2,2,AGATATGGCTTCCTGTATAG,0,4702920
ybiY_ybiW_predicted,0.3333333333333333,2,2,AGAGTCCATTCTTAACCGAC,0,4699281
ybiY_ybiW_predicted,0.3333333333333333,2,2,AGAGCTTCGTCTGTAGCTAT,0,4728027
ybiY_ybiW_predicted,0.3333333333333333,2,2,AGAGCTCCTTCGTCGTTATG,0,4700728
ybiY_ybiW_predicted,0.3333333333333333,2,2,AGAGCAGCGCCTAGCGGGGC,0,4698123
ybiY_ybiW_predicted,0.3333333333333333,2,2,AGAGATTCTAAGCGACAAAC,0,4729935
ybiY_ybiW_predicted,0.3333333333333333,2,2,AGAGACTCGCGGCCGAGGTG,0,4724779
ybiY_ybiW_predicted,0.3333333333333333,2,2,AGAGACACGCGGTTAGTACT,0,4694125
ybiY_ybiW_predicted,0.3333333333333333,2,2,AGAGAAGTACGAAATATGTT,0,4707317
ybiY_ybiW_predicted,0.3333333333333333,2,2,AGAGAACCGTACCAACTAAA,0,4718460
ybiY_ybiW_predicted,0.3333333333333333,2,2,AGACGGGCCACTTATCTCTG,0,4721164
ybiY_ybiW_predicted,0.3333333333333333,2,2,AGACCTCTATTAACGTGCAC,0,4691609
ybiY_ybiW_predicted,0.3333333333333333,2,2,AGACCGGTGGCCCGCGGTTT,0,4708690
ybiY_ybiW_predicted,0.3333333333333333,2,2,AGAATAATGTGCTTGCCATC,0,4701730
ybiY_ybiW_predicted,0.3333333333333333,2,2,ACTTTTTTGACCGTCCGCTT,0,4705052
ybiY_ybiW_predicted,0.3333333333333333,2,2,ACTTTCTGTGTGGGGATCTT,0,4714580
ybiY_ybiW_predicted,0.3333333333333333,2,2,ACTTGGTGAATCGCTGTTAA,0,4704165
ybiY_ybiW_predicted,0.3333333333333333,2,2,ACTTGGCGTAGGATAATTGG,0,4712209
ybiY_ybiW_predicted,0.3333333333333333,2,2,ACTTGGAGATAACGTGTCAA,0,4701296
ybiY_ybiW_predicted,0.3333333333333333,2,2,ACTTGATGGAATGTCTCCCA,0,4695652
ybiY_ybiW_predicted,0.3333333333333333,2,2,ACTTCCAAGTACGGAGTTAT,0,4724873
ybiY_ybiW_predicted,0.3333333333333333,2,2,ACTTCACGCCTTGAGATTCT,0,4717108
ybiY_ybiW_predicted,0.3333333333333333,2,2,ACTTAGGCTAGGGATTGAGT,0,4721724
ybiY_ybiW_predicted,0.3333333333333333,2,2,ACTTAGAGCATGCAAAACTT,0,4727665
ybiY_ybiW_predicted,0.3333333333333333,2,2,ACTTACCAATCCGCTGGTTA,0,4727267
ybiY_ybiW_predicted,0.3333333333333333,2,2,ACTTACACCGATTCGCGGGT,0,4721065
ybiY_ybiW_predicted,0.3333333333333333,2,2,ACTGTATTAAGCAGTAATCT,0,4729116
ybiY_ybiW_predicted,0.3333333333333333,2,2,ACTGCGTGTTCGGCCGGAAT,0,4718600
ybiY_ybiW_predicted,0.3333333333333333,2,2,ACTGCATGGGTCACCTGTGT,0,4719113
ybiY_ybiW_predicted,0.3333333333333333,2,2,ACTGATATTTATGGAGACGC,0,4712068
ybiY_ybiW_predicted,0.3333333333333333,2,2,ACTGACGTTGTCAGGACGCA,0,4728732
ybiY_ybiW_predicted,0.3333333333333333,2,2,ACTCGTTTTCGTTTCGGGTA,0,4725140
ybiY_ybiW_predicted,0.3333333333333333,2,2,ACTCGCGGGGTTACCCCATC,0,4705841
ybiY_ybiW_predicted,0.3333333333333333,2,2,ACTCACTGTTTTAGAGCAAG,0,4701596
ybiY_ybiW_predicted,0.3333333333333333,2,2,ACTATGTACTAGATGTCCTA,0,4729276
ybiY_ybiW_predicted,0.3333333333333333,2,2,ACTAGGCACACTTAAGATAT,0,4710882
ybiY_ybiW_predicted,0.3333333333333333,2,2,ACTACCGTTTGCACCATGAC,0,4714426
ybiY_ybiW_predicted,0.3333333333333333,2,2,ACTACATAGATTAGCTTTAT,0,4728567
ybiY_ybiW_predicted,0.3333333333333333,2,2,ACGTTTACGGGTGTCCGCGT,0,4717928
ybiY_ybiW_predicted,0.3333333333333333,2,2,ACGTTCTCTGAATGTTCCAT,0,4694794
ybiY_ybiW_predicted,0.3333333333333333,2,2,ACGTTAAATGCGGAACATTA,0,4705731
ybiY_ybiW_predicted,0.3333333333333333,2,2,ACGTAGGCTTCGGAGCCGAT,0,4695970
ybiY_ybiW_predicted,0.3333333333333333,2,2,ACGTACTTGGACGGAAATAG,0,4708467
ybiY_ybiW_predicted,0.3333333333333333,2,2,ACGGTGAGACGCGCCAGTAC,0,4701776
ybiY_ybiW_predicted,0.3333333333333333,2,2,ACGGGGCAATCCGACACTAT,0,4715530
ybiY_ybiW_predicted,0.3333333333333333,2,2,ACGGGGACTCGACGAAACGT,0,4730482
ybiY_ybiW_predicted,0.3333333333333333,2,2,ACGGGACGAATTCGATAATG,0,4722560
ybiY_ybiW_predicted,0.3333333333333333,2,2,ACGGGAATTCGCGAAATAAA,0,4721862
ybiY_ybiW_predicted,0.3333333333333333,2,2,ACGGCTCGTGAGGGTTTCAA,0,4732447
ybiY_ybiW_predicted,0.3333333333333333,2,2,ACGGCCTGGATGTCAATTGT,0,4699008
ybiY_ybiW_predicted,0.3333333333333333,2,2,ACGGAATTGCTGCGGGCATG,0,4707270
ybiY_ybiW_predicted,0.3333333333333333,2,2,ACGCTTGAGACTTTGAAGTC,0,4689978
ybiY_ybiW_predicted,0.3333333333333333,2,2,ACGCTAGAGGACAGGTATAT,0,4694895
ybiY_ybiW_predicted,0.3333333333333333,2,2,ACGCGGGCATGGAAGTAAGT,0,4717119
ybiY_ybiW_predicted,0.3333333333333333,2,2,ACGCGGATAACCAAATAGTA,0,4694632
ybiY_ybiW_predicted,0.3333333333333333,2,2,ACGCCCTAAGGCTCGATTGT,0,4727874
ybiY_ybiW_predicted,0.3333333333333333,2,2,ACGCAGCAGGTCAAACTGCA,0,4698852
ybiY_ybiW_predicted,0.3333333333333333,2,2,ACGCAATAACCTCGCTACAA,0,4726660
ybiY_ybiW_predicted,0.3333333333333333,2,2,ACGAGGGTCTGGGGCTTCGA,0,4711736
ybiY_ybiW_predicted,0.3333333333333333,2,2,ACGAGAAGTACATCACAGAG,0,4707480
ybiY_ybiW_predicted,0.3333333333333333,2,2,ACGACCGCGATTACTACTCG,0,4690308
ybiY_ybiW_predicted,0.3333333333333333,2,2,ACCTTGGGCCTCGCTTCTTC,0,4714635
ybiY_ybiW_predicted,0.3333333333333333,2,2,ACCTTGCTTGTACGTATCCG,0,4723838
ybiY_ybiW_predicted,0.3333333333333333,2,2,ACCTGGCACACCCATGAAGT,0,4713807
ybiY_ybiW_predicted,0.3333333333333333,2,2,ACCTCAACGCATCACGTTCC,0,4721738
ybiY_ybiW_predicted,0.3333333333333333,2,2,ACCTAGGCGAACAATGTATT,0,4693543
ybiY_ybiW_predicted,0.3333333333333333,2,2,ACCGTCGAGGCCTCCAAGGT,0,4708594
ybiY_ybiW_predicted,0.3333333333333333,2,2,ACCGGGAACTTATGCTTAGG,0,4730565
ybiY_ybiW_predicted,0.3333333333333333,2,2,ACCGGAGCTATACCCGATGT,0,4726783
ybiY_ybiW_predicted,0.3333333333333333,2,2,ACCGCTTAAAGGAGGCTTTC,0,4731523
ybiY_ybiW_predicted,0.3333333333333333,2,2,ACCCTGTCAACCAGATTCAG,0,4707761
ybiY_ybiW_predicted,0.3333333333333333,2,2,ACCCATGGAGGGTTTAATTA,0,4725476
ybiY_ybiW_predicted,0.3333333333333333,2,2,ACCACTGGGGCCATGGAATT,0,4724519
ybiY_ybiW_predicted,0.3333333333333333,2,2,ACCACTACAGTCATCTTCAC,0,4722423
ybiY_ybiW_predicted,0.3333333333333333,2,2,ACATGGCTTTTGTAGAATTG,0,4715426
ybiY_ybiW_predicted,0.3333333333333333,2,2,ACAGTTCTCTAGTCTGGTCA,0,4699852
ybiY_ybiW_predicted,0.3333333333333333,2,2,ACAGTGTCAAGGACCTTCTT,0,4712322
ybiY_ybiW_predicted,0.3333333333333333,2,2,ACAGTGCGCTCGGAATTATG,0,4719422
ybiY_ybiW_predicted,0.3333333333333333,2,2,ACAGGGGAGGAAAACGTATG,0,4714321
ybiY_ybiW_predicted,0.3333333333333333,2,2,ACAGCTTATTAGTGTTTTAT,0,4715272
ybiY_ybiW_predicted,0.3333333333333333,2,2,ACAGCGTTAGACTGTGACAC,0,4727179
ybiY_ybiW_predicted,0.3333333333333333,2,2,ACAGCATGGGTTTAGAGCCT,0,4723666
ybiY_ybiW_predicted,0.3333333333333333,2,2,ACACTGCGTCTCAGAATTTA,0,4697358
ybiY_ybiW_predicted,0.3333333333333333,2,2,ACACGTACACCTAGACAGGG,0,4722754
ybiY_ybiW_predicted,0.3333333333333333,2,2,ACACGGAAGGGGCTCCAGCG,0,4704155
ybiY_ybiW_predicted,0.3333333333333333,2,2,ACACCCTCGCAGAAACGAGA,0,4691058
ybiY_ybiW_predicted,0.3333333333333333,2,2,ACACCATTGGTATACCACAC,0,4703995
ybiY_ybiW_predicted,0.3333333333333333,2,2,ACACAGGGGAACGTTTTCAA,0,4714310
ybiY_ybiW_predicted,0.3333333333333333,2,2,ACACACATCAAAACCAGAGT,0,4719239
ybiY_ybiW_predicted,0.3333333333333333,2,2,ACAATTAAAGGCCTGGAAGC,0,4724312
ybiY_ybiW_predicted,0.3333333333333333,2,2,ACAATGCATGCGGCCCGGAT,0,4718364
ybiY_ybiW_predicted,0.3333333333333333,2,2,ACAAGGCTTGGCCTGGACCA,0,4730950
ybiY_ybiW_predicted,0.3333333333333333,2,2,ACAACTCGAGTAATGCCTTA,0,4709511
ybiY_ybiW_predicted,0.3333333333333333,2,2,ACAACGTCGGCGTTGTACCC,0,4710342
ybiY_ybiW_predicted,0.3333333333333333,2,2,ACAACAAATCACAACTAGCT,0,4728570
ybiY_ybiW_predicted,0.3333333333333333,2,2,ACAAATTTTCCCATGCGTTT,0,4715029
ybiY_ybiW_predicted,0.3333333333333333,2,2,AATTGCCGAGTTCACGAAGC,0,4726637
ybiY_ybiW_predicted,0.3333333333333333,2,2,AATTCGTTATTTGGGTGTGG,0,4730353
ybiY_ybiW_predicted,0.3333333333333333,2,2,AATTCGGTAGGGCGGTCCCA,0,4694054
ybiY_ybiW_predicted,0.3333333333333333,2,2,AATTCGCGCGCTTCGCGCTA,0,4703210
ybiY_ybiW_predicted,0.3333333333333333,2,2,AATTCCTGTAGATACTGTTA,0,4703234
ybiY_ybiW_predicted,0.3333333333333333,2,2,AATTAGGGTACGTTAGACTT,0,4714267
ybiY_ybiW_predicted,0.3333333333333333,2,2,AATTACTACCTCACACTTTG,0,4705860
ybiY_ybiW_predicted,0.3333333333333333,2,2,AATGGTTCGGTGGGAACCGG,0,4696004
ybiY_ybiW_predicted,0.3333333333333333,2,2,AATGGTGTAGGACAGTCGAG,0,4703012
ybiY_ybiW_predicted,0.3333333333333333,2,2,AATGGCAACTTTGCAAAATT,0,4717627
ybiY_ybiW_predicted,0.3333333333333333,2,2,AATGGAAGGTTTTATTTATG,0,4708786
ybiY_ybiW_predicted,0.3333333333333333,2,2,AATGAGGTTATCAGAGTGGC,0,4705375
ybiY_ybiW_predicted,0.3333333333333333,2,2,AATCTGCTTGATGGCACATT,0,4725603
ybiY_ybiW_predicted,0.3333333333333333,2,2,AATCGATGTAGGCCGAAGCT,0,4722004
ybiY_ybiW_predicted,0.3333333333333333,2,2,AATATGTTATGCGCGCAACG,0,4706178
ybiY_ybiW_predicted,0.3333333333333333,2,2,AATATATTTTTTCGTCCGTG,0,4714102
ybiY_ybiW_predicted,0.3333333333333333,2,2,AATATATAGCTGACGTACTA,0,4730919
ybiY_ybiW_predicted,0.3333333333333333,2,2,AATACGTCAAATTCTCAACC,0,4697813
ybiY_ybiW_predicted,0.3333333333333333,2,2,AATACGAGCTCCTGCACCAT,0,4724626
ybiY_ybiW_predicted,0.3333333333333333,2,2,AATAACAGCTCAGAAATGGT,0,4731254
ybiY_ybiW_predicted,0.3333333333333333,2,2,AATAAATGGGAGGCTGCCAG,0,4701698
ybiY_ybiW_predicted,0.3333333333333333,2,2,AATAAACATGACTCGGAGTG,0,4693082
ybiY_ybiW_predicted,0.3333333333333333,2,2,AAGTGCGATCGTCCGATGCT,0,4727226
ybiY_ybiW_predicted,0.3333333333333333,2,2,AAGTGAATGCCAAGTGTTGT,0,4724056
ybiY_ybiW_predicted,0.3333333333333333,2,2,AAGTATTTTCTTTTGTGTTA,0,4731202
ybiY_ybiW_predicted,0.3333333333333333,2,2,AAGTAGAGGCTGACAGCTCT,0,4721740
ybiY_ybiW_predicted,0.3333333333333333,2,2,AAGGTGAACAGCCCCTAAGT,0,4692432
ybiY_ybiW_predicted,0.3333333333333333,2,2,AAGGGTAAGTAGGCTGGTAC,0,4707641
ybiY_ybiW_predicted,0.3333333333333333,2,2,AAGGCGCTCTAATAGTGTAA,0,4729063
ybiY_ybiW_predicted,0.3333333333333333,2,2,AAGGCCCTAAACCTACCCAT,0,4693632
ybiY_ybiW_predicted,0.3333333333333333,2,2,AAGGCACACTCCTCCGCGGA,0,4698004
ybiY_ybiW_predicted,0.3333333333333333,2,2,AAGGATGCCAACATCACGCA,0,4724129
ybiY_ybiW_predicted,0.3333333333333333,2,2,AAGCTGGCGTTACAGCTAGA,0,4703082
ybiY_ybiW_predicted,0.3333333333333333,2,2,AAGCTCTCAACAGCCGTCTG,0,4701312
ybiY_ybiW_predicted,0.3333333333333333,2,2,AAGCTAGGCTTCAGCTCAGT,0,4722672
ybiY_ybiW_predicted,0.3333333333333333,2,2,AAGCGGCAGCATGATTGGGC,0,4712423
ybiY_ybiW_predicted,0.3333333333333333,2,2,AAGATGCTTCTTCGTCATCT,0,4694052
ybiY_ybiW_predicted,0.3333333333333333,2,2,AAGACGTTGATGCGGGTAAA,0,4693218
ybiY_ybiW_predicted,0.3333333333333333,2,2,AAGACAGTGGCAATGTAGTA,0,4705151
ybiY_ybiW_predicted,0.3333333333333333,2,2,AAGAAGGCATGTAGGGTATC,0,4701055
ybiY_ybiW_predicted,0.3333333333333333,2,2,AACTTGAGCCAGCGGTGCTA,0,4704632
ybiY_ybiW_predicted,0.3333333333333333,2,2,AACTTACTTCCTCATTCCGT,0,4694734
ybiY_ybiW_predicted,0.3333333333333333,2,2,AACTGCCTCTAGCCGCTTCT,0,4707361
ybiY_ybiW_predicted,0.3333333333333333,2,2,AACTACGCCTGGCGAAATCA,0,4694305
ybiY_ybiW_predicted,0.3333333333333333,2,2,AACGTATTCGCTAGTAGATC,0,4707527
ybiY_ybiW_predicted,0.3333333333333333,2,2,AACGTATCCATTCTCTATTA,0,4697764
ybiY_ybiW_predicted,0.3333333333333333,2,2,AACGGTCGATTCCTTCTCCG,0,4719023
ybiY_ybiW_predicted,0.3333333333333333,2,2,AACGGCCTTCGTATTGAATA,0,4720700
ybiY_ybiW_predicted,0.3333333333333333,2,2,AACGACAGATATTTTCCCAC,0,4732255
ybiY_ybiW_predicted,0.3333333333333333,2,2,AACCTTTACCGCGCCCCGTT,0,4716255
ybiY_ybiW_predicted,0.3333333333333333,2,2,AACCTTCGCTACCTTGAGTC,0,4705952
ybiY_ybiW_predicted,0.3333333333333333,2,2,AACCCTGCATTCCCAAGCTG,0,4696108
ybiY_ybiW_predicted,0.3333333333333333,2,2,AACCCACCCCCAGACAAAAT,0,4697029
ybiY_ybiW_predicted,0.3333333333333333,2,2,AACCAACATACCCCGTTCTG,0,4718709
ybiY_ybiW_predicted,0.3333333333333333,2,2,AACATCGTCCGGCTACACTA,0,4719654
ybiY_ybiW_predicted,0.3333333333333333,2,2,AACAGACTCTGTCAACGAAA,0,4707277
ybiY_ybiW_predicted,0.3333333333333333,2,2,AACACCAGCTACAATTAATT,0,4694236
ybiY_ybiW_predicted,0.3333333333333333,2,2,AAATGGTACTCGGGTATACT,0,4704386
ybiY_ybiW_predicted,0.3333333333333333,2,2,AAATGGACATGATGCGAGTT,0,4718537
ybiY_ybiW_predicted,0.3333333333333333,2,2,AAATGCTACGCTATTTTGTA,0,4703359
ybiY_ybiW_predicted,0.3333333333333333,2,2,AAATCGCTGCACGGGGACTC,0,4689419
ybiY_ybiW_predicted,0.3333333333333333,2,2,AAAGTTGTTTCGGCTGCACC,0,4697755
ybiY_ybiW_predicted,0.3333333333333333,2,2,AAAGCTTTAGTGGCATGGAC,0,4703728
ybiY_ybiW_predicted,0.3333333333333333,2,2,AAAGACCCATTAATTACCTT,0,4710143
ybiY_ybiW_predicted,0.3333333333333333,2,2,AAACCGTTCTGGCGTAGTCA,0,4711204
ybiY_ybiW_predicted,0.3333333333333333,2,2,AAACCGCCCATAGGGGTGTA,0,4730202
ybiY_ybiW_predicted,0.3333333333333333,2,2,AAACAGTTGGGTATGAAGGA,0,4710519
ybiY_ybiW_predicted,0.3333333333333333,2,2,AAACAGTCCTCTTTATATCG,0,4705206
ybiY_ybiW_predicted,0.3333333333333333,2,2,AAAATTTGGTTTTCTAAAAC,0,4729065
ybiY_ybiW_predicted,0.3333333333333333,2,2,AAAATGGCGCGCTGCCTGGG,0,4713605
ybiY_ybiW_predicted,0.3333333333333333,2,2,AAAAGGTACAAGCCGATCGA,0,4702878
ybiY_ybiW_predicted,0.3333333333333333,2,2,AAAACCCCACGAAAAGGTGA,0,4702048
ybiY_ybiW_predicted,0.5,1,1,TTTTGGTGCCCAGATTGGGA,0,4716473
ybiY_ybiW_predicted,0.5,1,1,TTTTGGATGTAGCCTAAAGT,0,4709741
ybiY_ybiW_predicted,0.5,1,1,TTTTGCGTAACCAAGGACTG,0,4706776
ybiY_ybiW_predicted,0.5,1,1,TTTTGCCATCAACGAGCTCA,0,4719933
ybiY_ybiW_predicted,0.5,1,1,TTTTCCGGCTGCGACTTTAC,0,4702590
ybiY_ybiW_predicted,0.5,1,1,TTTTAAAGTGTGCCCTCATG,0,4712754
ybiY_ybiW_predicted,0.5,1,1,TTTGTTTGATGCGATAATAT,0,4700610
ybiY_ybiW_predicted,0.5,1,1,TTTGTGTTTGGCTACAAGGT,0,4710020
ybiY_ybiW_predicted,0.5,1,1,TTTGGTCTGAAGAACGCTAT,0,4694623
ybiY_ybiW_predicted,0.5,1,1,TTTGGAGTATGTAACACGCA,0,4693520
ybiY_ybiW_predicted,0.5,1,1,TTTGCCAAATGGTCTAGCCC,0,4717691
ybiY_ybiW_predicted,0.5,1,1,TTTGATCTACATCCCCAACT,0,4692250
ybiY_ybiW_predicted,0.5,1,1,TTTGACTGGTTATGATATAG,0,4689187
ybiY_ybiW_predicted,0.5,1,1,TTTCGTTTAGCTTCATGTTT,0,4721367
ybiY_ybiW_predicted,0.5,1,1,TTTCGTTGAATGGGACCGGA,0,4693188
ybiY_ybiW_predicted,0.5,1,1,TTTCCGCCGGGCAGGCTCAA,0,4703961
ybiY_ybiW_predicted,0.5,1,1,TTTATGAATTAATCACGTCC,0,4722723
ybiY_ybiW_predicted,0.5,1,1,TTTAGCTTCGAGTCAACACT,0,4698395
ybiY_ybiW_predicted,0.5,1,1,TTTAAAGCAGCTCATAAAGG,0,4697429
ybiY_ybiW_predicted,0.5,1,1,TTGTTTATTGACTCGTATAT,0,4721641
ybiY_ybiW_predicted,0.5,1,1,TTGTGTGGCACTGTTGACAA,0,4727504
ybiY_ybiW_predicted,0.5,1,1,TTGTGGGCCTTTAGCTCGAA,0,4711990
ybiY_ybiW_predicted,0.5,1,1,TTGTGCTTTACCAATCATGT,0,4697667
ybiY_ybiW_predicted,0.5,1,1,TTGTCTGAATGTCGCGTTCA,0,4711203
ybiY_ybiW_predicted,0.5,1,1,TTGTCGGCACCAAGCCTCGT,0,4710392
ybiY_ybiW_predicted,0.5,1,1,TTGTCATCTTAGTAGTAGAG,0,4723650
ybiY_ybiW_predicted,0.5,1,1,TTGTCAGCTGAAAAATATCG,0,4725493
ybiY_ybiW_predicted,0.5,1,1,TTGTACCGAAGGATGTTAGT,0,4710278
ybiY_ybiW_predicted,0.5,1,1,TTGGTGTTATAAACCTTAGC,0,4689372
ybiY_ybiW_predicted,0.5,1,1,TTGGTAGGAATCTCAGTTTC,0,4720135
ybiY_ybiW_predicted,0.5,1,1,TTGGCACTGACCTTAGACTG,0,4695410
ybiY_ybiW_predicted,0.5,1,1,TTGGACCAGGGGCAATGGTG,0,4706552
ybiY_ybiW_predicted,0.5,1,1,TTGCGTCAAGGGCTTCCCGA,0,4708380
ybiY_ybiW_predicted,0.5,1,1,TTGCGGATCGTTGGGGGCAA,0,4689340
ybiY_ybiW_predicted,0.5,1,1,TTGCGAGAGCCAGTGCTCCC,0,4729375
ybiY_ybiW_predicted,0.5,1,1,TTGCATGGCAGCGGAGACCC,0,4709623
ybiY_ybiW_predicted,0.5,1,1,TTGATTCGTTCTTTAGGGAC,0,4727981
ybiY_ybiW_predicted,0.5,1,1,TTGATGGTTGAGACCTTTGG,0,4727676
ybiY_ybiW_predicted,0.5,1,1,TTGAGGTAAGTCCTGGATAA,0,4722739
ybiY_ybiW_predicted,0.5,1,1,TTGACATATAGATACACGTA,0,4696107
ybiY_ybiW_predicted,0.5,1,1,TTGAATGGACGAATTGTTCG,0,4695393
ybiY_ybiW_predicted,0.5,1,1,TTGAAGTAACGGCCTGAGAC,0,4728964
ybiY_ybiW_predicted,0.5,1,1,TTGAAGACTGTGCTGGTCCG,0,4693341
ybiY_ybiW_predicted,0.5,1,1,TTCTTCGCCTTAGACCAAGC,0,4717376
ybiY_ybiW_predicted,0.5,1,1,TTCTGCAATGCGGTCGCCAA,0,4726246
ybiY_ybiW_predicted,0.5,1,1,TTCTCGTGTTGTGCATATTA,0,4730396
ybiY_ybiW_predicted,0.5,1,1,TTCTCAGGCAGGTACAAGCC,0,4693323
ybiY_ybiW_predicted,0.5,1,1,TTCGTAGACGAGTTAGGCAT,0,4689027
ybiY_ybiW_predicted,0.5,1,1,TTCGGGGGGTTCAGTCCGTT,0,4718112
ybiY_ybiW_predicted,0.5,1,1,TTCGGGGCTCGGGGTCACGG,0,4713404
ybiY_ybiW_predicted,0.5,1,1,TTCGCTAACGGATTGCAGTA,0,4711436
ybiY_ybiW_predicted,0.5,1,1,TTCGCGCTGAGGCCTGGTCA,0,4701240
ybiY_ybiW_predicted,0.5,1,1,TTCGCCTATTTTGCAGTGGT,0,4722202
ybiY_ybiW_predicted,0.5,1,1,TTCGATGGTTCATTGCGCGG,0,4696971
ybiY_ybiW_predicted,0.5,1,1,TTCGAACCACAGAACTGGGC,0,4717510
ybiY_ybiW_predicted,0.5,1,1,TTCCTCGCGTTGCCTATCGC,0,4690330
ybiY_ybiW_predicted,0.5,1,1,TTCCCTTCTGCGGGTATCGC,0,4730965
ybiY_ybiW_predicted,0.5,1,1,TTCCCGCTATGGTCAGTCAT,0,4715667
ybiY_ybiW_predicted,0.5,1,1,TTCCAGCCAATTACTTTGCG,0,4699051
ybiY_ybiW_predicted,0.5,1,1,TTCATTTCCAGCATCACTTC,0,4721312
ybiY_ybiW_predicted,0.5,1,1,TTCATTGGTAGGATTTTGGA,0,4714503
ybiY_ybiW_predicted,0.5,1,1,TTCATGACGCATCGCTCTTA,0,4711450
ybiY_ybiW_predicted,0.5,1,1,TTCATAGTTCCGCAGGTAGT,0,4730249
ybiY_ybiW_predicted,0.5,1,1,TTCAGGCCGCCTCCCCCTAC,0,4722464
ybiY_ybiW_predicted,0.5,1,1,TTCAGCCGGACCCGGCGCGT,0,4717801
ybiY_ybiW_predicted,0.5,1,1,TTCAGCAGAATCGGATCCGT,0,4716714
ybiY_ybiW_predicted,0.5,1,1,TTCAACGAGAGTGCTTCACT,0,4710066
ybiY_ybiW_predicted,0.5,1,1,TTCAAAGTAAACAGCCTGCA,0,4691532
ybiY_ybiW_predicted,0.5,1,1,TTATTTGGAGCGACCAGCCC,0,4697719
ybiY_ybiW_predicted,0.5,1,1,TTATTCCCGATGGTACTATG,0,4726869
ybiY_ybiW_predicted,0.5,1,1,TTAGGGAATTCTTCTAGACT,0,4715858
ybiY_ybiW_predicted,0.5,1,1,TTAGGCCCAGATACACGGTT,0,4694230
ybiY_ybiW_predicted,0.5,1,1,TTAGGATTCACGATGACCGT,0,4697475
ybiY_ybiW_predicted,0.5,1,1,TTAGCGCTAAACGGTAAGCC,0,4716178
ybiY_ybiW_predicted,0.5,1,1,TTAGCAATACAGATGCTGAA,0,4693147
ybiY_ybiW_predicted,0.5,1,1,TTACTCGTATTTCACTCCCA,0,4701474
ybiY_ybiW_predicted,0.5,1,1,TTACGTCCCTCACGTGAGTA,0,4721714
ybiY_ybiW_predicted,0.5,1,1,TTACGGGATCTAATGGTAAC,0,4728648
ybiY_ybiW_predicted,0.5,1,1,TTACGAGGGTCGGAGAACTC,0,4729174
ybiY_ybiW_predicted,0.5,1,1,TTACACCTGCCTGGTAAGCT,0,4722593
ybiY_ybiW_predicted,0.5,1,1,TTAATGCAGTGCGGTGAGTA,0,4710617
ybiY_ybiW_predicted,0.5,1,1,TTAATATCACATACAGTCTC,0,4725610
ybiY_ybiW_predicted,0.5,1,1,TTAAGCGGACGAACGCTCCA,0,4703417
ybiY_ybiW_predicted,0.5,1,1,TTAACTTGCCAACCGATGTA,0,4712539
ybiY_ybiW_predicted,0.5,1,1,TTAACCTCGGCACCTTTAGC,0,4715614
ybiY_ybiW_predicted,0.5,1,1,TTAAATGTCCCAAGACTTAT,0,4720567
ybiY_ybiW_predicted,0.5,1,1,TTAAAGCCGAGGCCGCGCCA,0,4700448
ybiY_ybiW_predicted,0.5,1,1,TGTTTTTTATAGTCGTTTCA,0,4691935
ybiY_ybiW_predicted,0.5,1,1,TGTTTTGTACGTGTCTTCAT,0,4725521
ybiY_ybiW_predicted,0.5,1,1,TGTTTTCCTTACTCCGCAGC,0,4719025
ybiY_ybiW_predicted,0.5,1,1,TGTTTGAGATGCTGCGCATC,0,4715498
ybiY_ybiW_predicted,0.5,1,1,TGTTTCCCGTGGTGTTTACT,0,4708933
ybiY_ybiW_predicted,0.5,1,1,TGTTTCACCCTTCACCGAAG,0,4702453
ybiY_ybiW_predicted,0.5,1,1,TGTTCTAAACTACTCCGGGT,0,4718700
ybiY_ybiW_predicted,0.5,1,1,TGTTCCTATCGCACCGGGGG,0,4692814
ybiY_ybiW_predicted,0.5,1,1,TGTTAATTTAAGTTTTAGAC,0,4722799
ybiY_ybiW_predicted,0.5,1,1,TGTTAAGGATATCAATTGGG,0,4696780
ybiY_ybiW_predicted,0.5,1,1,TGTGTACTCATCAGGCCATC,0,4712644
ybiY_ybiW_predicted,0.5,1,1,TGTGTACAACAGGCCCCTTT,0,4717527
ybiY_ybiW_predicted,0.5,1,1,TGTGGACGAGGCCATTCACA,0,4704372
ybiY_ybiW_predicted,0.5,1,1,TGTGCCTCGAGTTTAACATG,0,4712476
ybiY_ybiW_predicted,0.5,1,1,TGTGACAACGATTCGCAAGG,0,4696493
ybiY_ybiW_predicted,0.5,1,1,TGTCTTTAGCGGTATCAGCT,0,4707448
ybiY_ybiW_predicted,0.5,1,1,TGTCTTGGTCGAAACGCTGA,0,4712407
ybiY_ybiW_predicted,0.5,1,1,TGTCCGCAGGAGTCCGCAGT,0,4705475
ybiY_ybiW_predicted,0.5,1,1,TGTAGTACCAAAAGAACTTT,0,4707452
ybiY_ybiW_predicted,0.5,1,1,TGTAGCTTGACCAATCTGTA,0,4691772
ybiY_ybiW_predicted,0.5,1,1,TGTACGTGTCATGATCGTGT,0,4710711
ybiY_ybiW_predicted,0.5,1,1,TGTACCTTCGTGATTGTAAT,0,4701559
ybiY_ybiW_predicted,0.5,1,1,TGTAAGTTCCTACTTCGTGC,0,4712780
ybiY_ybiW_predicted,0.5,1,1,TGTAACAGGCCCAAGGCGCA,0,4706662
ybiY_ybiW_predicted,0.5,1,1,TGGTTTTTCTGGAATATCCA,0,4699412
ybiY_ybiW_predicted,0.5,1,1,TGGTTAGGAGCAACAGCCAC,0,4729459
ybiY_ybiW_predicted,0.5,1,1,TGGTGGCGGCGATACGCCCA,0,4698503
ybiY_ybiW_predicted,0.5,1,1,TGGTATTTACGCTGTGAGAC,0,4694883
ybiY_ybiW_predicted,0.5,1,1,TGGGTTGCCGATCGCTCCGG,0,4698276
ybiY_ybiW_predicted,0.5,1,1,TGGGTGAAAACAATACGGGG,0,4698006
ybiY_ybiW_predicted,0.5,1,1,TGGGTATTTGCGTGTCAGAT,0,4689598
ybiY_ybiW_predicted,0.5,1,1,TGGGTACTAGGGAGAATGAA,0,4717863
ybiY_ybiW_predicted,0.5,1,1,TGGGGGGTTGATTTAGATTG,0,4721534
ybiY_ybiW_predicted,0.5,1,1,TGGGACCCGCCTTGCGGTGA,0,4713229
ybiY_ybiW_predicted,0.5,1,1,TGGCGTAGGGGGTCTGTGTT,0,4728533
ybiY_ybiW_predicted,0.5,1,1,TGGCGCCATACATACGATCC,0,4730007
ybiY_ybiW_predicted,0.5,1,1,TGGCAGGGGAAGGCGCAGAG,0,4711918
ybiY_ybiW_predicted,0.5,1,1,TGGATGTTGACGGCGATCGA,0,4727090
ybiY_ybiW_predicted,0.5,1,1,TGGATGGCCGGAGGAGACTC,0,4708975
ybiY_ybiW_predicted,0.5,1,1,TGGACTAGGGCGACTGCTGC,0,4723367
ybiY_ybiW_predicted,0.5,1,1,TGCTTTACTTGGGGCTGGGA,0,4705087
ybiY_ybiW_predicted,0.5,1,1,TGCTTGCTGGTACAATCCAG,0,4704559
ybiY_ybiW_predicted,0.5,1,1,TGCTGTTTACAACGGAAGCG,0,4707083
ybiY_ybiW_predicted,0.5,1,1,TGCTCTTCTCTTCAGTTGGA,0,4691621
ybiY_ybiW_predicted,0.5,1,1,TGCGTGTACCTAACCCAACA,0,4723372
ybiY_ybiW_predicted,0.5,1,1,TGCGTATTCGGGGATGAGTG,0,4725628
ybiY_ybiW_predicted,0.5,1,1,TGCGTAAGTACCCGGGCATG,0,4714340
ybiY_ybiW_predicted,0.5,1,1,TGCGGTTTTAATCCTCGTAA,0,4727480
ybiY_ybiW_predicted,0.5,1,1,TGCGGCCACAAGATCGACTC,0,4701992
ybiY_ybiW_predicted,0.5,1,1,TGCGCTTTACCTTCGTTACC,0,4704753
ybiY_ybiW_predicted,0.5,1,1,TGCGAGGCGGGCGGGAGCAG,0,4694616
ybiY_ybiW_predicted,0.5,1,1,TGCCTGACGTCTGACGGTAG,0,4722611
ybiY_ybiW_predicted,0.5,1,1,TGCCTGAACCCGCGGCCGCA,0,4693110
ybiY_ybiW_predicted,0.5,1,1,TGCCGGCACAGCTCCACAGA,0,4722883
ybiY_ybiW_predicted,0.5,1,1,TGCCCATGTTTCGAGGACTT,0,4711219
ybiY_ybiW_predicted,0.5,1,1,TGCCACCTAGTGGCCCCATG,0,4693074
ybiY_ybiW_predicted,0.5,1,1,TGCATGACTCCAGACGATTC,0,4688701
ybiY_ybiW_predicted,0.5,1,1,TGCATATTCCGCAGGCAGGT,0,4725222
ybiY_ybiW_predicted,0.5,1,1,TGCATACATATTCGCTACTC,0,4702861
ybiY_ybiW_predicted,0.5,1,1,TGCAGGGCCATTCGTGCTGC,0,4723244
ybiY_ybiW_predicted,0.5,1,1,TGCAGCGTTTAAAACGGGTA,0,4728606
ybiY_ybiW_predicted,0.5,1,1,TGCAGCCATGAATTATAGGC,0,4708548
ybiY_ybiW_predicted,0.5,1,1,TGCAGAACATTACACTGTGC,0,4688791
ybiY_ybiW_predicted,0.5,1,1,TGCACTAGGTAAGGGGACTG,0,4721923
ybiY_ybiW_predicted,0.5,1,1,TGCAAGTGGAGACTCGTATA,0,4690283
ybiY_ybiW_predicted,0.5,1,1,TGATTTTGGGGATAGACGTT,0,4719333
ybiY_ybiW_predicted,0.5,1,1,TGATGTCTGCACAGGTGTCC,0,4707705
ybiY_ybiW_predicted,0.5,1,1,TGATGTCAGTGCCTTAATCT,0,4691666
ybiY_ybiW_predicted,0.5,1,1,TGATGAGCTTTGTACCTCTC,0,4716576
ybiY_ybiW_predicted,0.5,1,1,TGATCGTGGGTCATGAATGA,0,4700327
ybiY_ybiW_predicted,0.5,1,1,TGATATCTTTAAGTATCGGC,0,4690500
ybiY_ybiW_predicted,0.5,1,1,TGAGTTAGGGTGTTCTTCAT,0,4716394
ybiY_ybiW_predicted,0.5,1,1,TGAGTCACACCACGGATTCT,0,4721073
ybiY_ybiW_predicted,0.5,1,1,TGAGGGGTATTATACCATGT,0,4717445
ybiY_ybiW_predicted,0.5,1,1,TGAGACCGTTCCGATCGGGT,0,4699851
ybiY_ybiW_predicted,0.5,1,1,TGACTTTTATTTGAGAGAAT,0,4732729
ybiY_ybiW_predicted,0.5,1,1,TGACTGGGGCGAAACGAGTT,0,4730894
ybiY_ybiW_predicted,0.5,1,1,TGACTGCTCGGCGTCGGAGC,0,4731327
ybiY_ybiW_predicted,0.5,1,1,TGACCCGTAATCCGTAAGTT,0,4731761
ybiY_ybiW_predicted,0.5,1,1,TGACCCCTTTTAGACGCATT,0,4718208
ybiY_ybiW_predicted,0.5,1,1,TGACAGTACTCGGTAGCAAG,0,4705251
ybiY_ybiW_predicted,0.5,1,1,TGACAGGTGGCAGCGAAAAG,0,4724733
ybiY_ybiW_predicted,0.5,1,1,TGACAGGGATAGGGAGAATT,0,4729541
ybiY_ybiW_predicted,0.5,1,1,TGAATGAGGGTACGATTTTA,0,4703615
ybiY_ybiW_predicted,0.5,1,1,TGAATCAATCCTAGCGCATT,0,4732010
ybiY_ybiW_predicted,0.5,1,1,TGAATACGTGGCCATAGCCC,0,4720535
ybiY_ybiW_predicted,0.5,1,1,TGAAGGGGAACTGGCGCTGA,0,4718964
ybiY_ybiW_predicted,0.5,1,1,TGAAGGGCGAAACAAAATGT,0,4726814
ybiY_ybiW_predicted,0.5,1,1,TGAACAGTGAGTGTGGAAAT,0,4692052
ybiY_ybiW_predicted,0.5,1,1,TGAAATGATGTAGTCTCAGA,0,4718214
ybiY_ybiW_predicted,0.5,1,1,TCTTTCGCAGAACTAATTGA,0,4710273
ybiY_ybiW_predicted,0.5,1,1,TCTTGTGCTGTTCTTACGTT,0,4701247
ybiY_ybiW_predicted,0.5,1,1,TCTTGGTTTTCCATAGTCTC,0,4694131
ybiY_ybiW_predicted,0.5,1,1,TCTTGCATATTTGTGGTGGA,0,4702955
ybiY_ybiW_predicted,0.5,1,1,TCTTATTGATTACCGAACCG,0,4712379
ybiY_ybiW_predicted,0.5,1,1,TCTTATACCGGTATTCTTTG,0,4704090
ybiY_ybiW_predicted,0.5,1,1,TCTGTTAAGTCCCTGTTGCA,0,4706091
ybiY_ybiW_predicted,0.5,1,1,TCTGATAGGGTTCCCTGGAC,0,4717020
ybiY_ybiW_predicted,0.5,1,1,TCTGACGTCAAGGCTAACAC,0,4696235
ybiY_ybiW_predicted,0.5,1,1,TCTCGGATGCATATCATGTG,0,4711876
ybiY_ybiW_predicted,0.5,1,1,TCTCCATGTTGACATTTTGA,0,4702148
ybiY_ybiW_predicted,0.5,1,1,TCTCAGCCGCCACGTCAGGT,0,4695695
ybiY_ybiW_predicted,0.5,1,1,TCTATTCCGGCTCTGCGGGG,0,4712874
ybiY_ybiW_predicted,0.5,1,1,TCTAGTTTGAAAGCTTACAA,0,4714582
ybiY_ybiW_predicted,0.5,1,1,TCTAGAACCGTTTCGTAGGT,0,4690780
ybiY_ybiW_predicted,0.5,1,1,TCTAAGGTACCCGTCATGAT,0,4728200
ybiY_ybiW_predicted,0.5,1,1,TCTAAATGTATCCGGAGCGT,0,4692900
ybiY_ybiW_predicted,0.5,1,1,TCGTTACCTTAGCTCCCGAG,0,4711610
ybiY_ybiW_predicted,0.5,1,1,TCGTGTCGTTGCTATGCCTG,0,4713694
ybiY_ybiW_predicted,0.5,1,1,TCGTGACTTCGTGGTCGCGT,0,4698610
ybiY_ybiW_predicted,0.5,1,1,TCGTCTCGTGCTGTCATTGA,0,4698010
ybiY_ybiW_predicted,0.5,1,1,TCGTCGTCAACGGGCCAGGG,0,4728698
ybiY_ybiW_predicted,0.5,1,1,TCGTCGCTGGTCCGCGGAGG,0,4728547
ybiY_ybiW_predicted,0.5,1,1,TCGTCCCAACCTAATCCCAC,0,4730356
ybiY_ybiW_predicted,0.5,1,1,TCGTCAAGTTGGCCAGGTAC,0,4696166
ybiY_ybiW_predicted,0.5,1,1,TCGTACTCAACCTACGCGGC,0,4710708
ybiY_ybiW_predicted,0.5,1,1,TCGGTGGAAGGATATCAGTT,0,4722597
ybiY_ybiW_predicted,0.5,1,1,TCGGGTCCAAGACGTTCTTA,0,4711660
ybiY_ybiW_predicted,0.5,1,1,TCGGGCTGTGCGCAAGGGCC,0,4721877
ybiY_ybiW_predicted,0.5,1,1,TCGGGCCGAACGCACCTTAA,0,4698272
ybiY_ybiW_predicted,0.5,1,1,TCGGGCATGATGTTCGTTAC,0,4691797
ybiY_ybiW_predicted,0.5,1,1,TCGGATATCAAGGGAATCGT,0,4728878
ybiY_ybiW_predicted,0.5,1,1,TCGGAGCAGTGAGCGTTGGC,0,4710054
ybiY_ybiW_predicted,0.5,1,1,TCGCTGCAGGTCGCTTATAG,0,4701005
ybiY_ybiW_predicted,0.5,1,1,TCGCGTGCTCTTGATTGCCT,0,4721395
ybiY_ybiW_predicted,0.5,1,1,TCGCGCATTTAGACACGGTA,0,4704687
ybiY_ybiW_predicted,0.5,1,1,TCGCCTTTCGGACCTAGGTA,0,4718997
ybiY_ybiW_predicted,0.5,1,1,TCGCAGTCGTGTAGAATAAT,0,4711157
ybiY_ybiW_predicted,0.5,1,1,TCGCACCTCACCAGTCCTGG,0,4722198
ybiY_ybiW_predicted,0.5,1,1,TCGCAAAGTCATCGCCTGAT,0,4725363
ybiY_ybiW_predicted,0.5,1,1,TCGATCCGACTGATCGTGGC,0,4717313
ybiY_ybiW_predicted,0.5,1,1,TCGAGTAGAATCTGATAGAC,0,4717580
ybiY_ybiW_predicted,0.5,1,1,TCGAGCCACAGATCAGGTTA,0,4712713
ybiY_ybiW_predicted,0.5,1,1,TCGACTTAATAGAGCAAATG,0,4696465
ybiY_ybiW_predicted,0.5,1,1,TCGACCTGAAATTGTATCCA,0,4702654
ybiY_ybiW_predicted,0.5,1,1,TCGACCGTTTAACAGCTGTA,0,4691308
ybiY_ybiW_predicted,0.5,1,1,TCGAATTAGTGAGGTTTTCA,0,4702321
ybiY_ybiW_predicted,0.5,1,1,TCGAAACCCTCGAGGCAAGT,0,4710867
ybiY_ybiW_predicted,0.5,1,1,TCCTTTAGATAAGTCCCTCA,0,4713263
ybiY_ybiW_predicted,0.5,1,1,TCCTTAAAGTTGGAGCTCGC,0,4721697
ybiY_ybiW_predicted,0.5,1,1,TCCTGGTCACGTGGTCTCTC,0,4689923
ybiY_ybiW_predicted,0.5,1,1,TCCTCGGCCATTCAACTACA,0,4722286
ybiY_ybiW_predicted,0.5,1,1,TCCTCGACGACGCTGGCGAT,0,4719057
ybiY_ybiW_predicted,0.5,1,1,TCCTCCGGGTAACGAGATCC,0,4713278
ybiY_ybiW_predicted,0.5,1,1,TCCGTTTCGATACCTAGGGA,0,4691925
ybiY_ybiW_predicted,0.5,1,1,TCCGTCTGAGTGAGCGCCTT,0,4701525
ybiY_ybiW_predicted,0.5,1,1,TCCGTATTCTAGGTATGCGT,0,4727439
ybiY_ybiW_predicted,0.5,1,1,TCCGTATCTCCTAGAACGGG,0,4690289
ybiY_ybiW_predicted,0.5,1,1,TCCGTAAATTTTCACAGCCA,0,4718506
ybiY_ybiW_predicted,0.5,1,1,TCCGGGAAGGCGCCCCAATT,0,4709465
ybiY_ybiW_predicted,0.5,1,1,TCCGAGCACCTATATCCAGG,0,4713987
ybiY_ybiW_predicted,0.5,1,1,TCCGACGGGGATAATGGTTC,0,4725658
ybiY_ybiW_predicted,0.5,1,1,TCCCTTGCTCACCCCCGTGA,0,4716724
ybiY_ybiW_predicted,0.5,1,1,TCCCTGTTGCATGGCGCCCC,0,4704265
ybiY_ybiW_predicted,0.5,1,1,TCCCTCTGATACCCAGTAGG,0,4715010
ybiY_ybiW_predicted,0.5,1,1,TCCCGTACTTCACTATGCCT,0,4717701
ybiY_ybiW_predicted,0.5,1,1,TCCCGCCGGTAACGGTGCGG,0,4729107
ybiY_ybiW_predicted,0.5,1,1,TCCCGAATCATCTGGCATCT,0,4691025
ybiY_ybiW_predicted,0.5,1,1,TCCCCGGCCATCCCAAACTT,0,4705750
ybiY_ybiW_predicted,0.5,1,1,TCCCATAGGACTACGCCCAT,0,4691756
ybiY_ybiW_predicted,0.5,1,1,TCCATTTTTCAATTAGGATC,0,4701258
ybiY_ybiW_predicted,0.5,1,1,TCCACTTACGATGCAATTTC,0,4696377
ybiY_ybiW_predicted,0.5,1,1,TCCACTCGGCTACCCGTACT,0,4715088
ybiY_ybiW_predicted,0.5,1,1,TCCACCAGTATACATGTACA,0,4727452
ybiY_ybiW_predicted,0.5,1,1,TCCACAGTTAATATTTAGCC,0,4700252
ybiY_ybiW_predicted,0.5,1,1,TCCAAGCCAAACCCCCCGCC,0,4714618
ybiY_ybiW_predicted,0.5,1,1,TCCAAAAAGTCCACAGGCCT,0,4721860
ybiY_ybiW_predicted,0.5,1,1,TCATTGTCACGTAGCCTTCT,0,4698632
ybiY_ybiW_predicted,0.5,1,1,TCATCACATCTGGGCGGCTG,0,4689731
ybiY_ybiW_predicted,0.5,1,1,TCATATATAGTAGCAGTCCT,0,4710246
ybiY_ybiW_predicted,0.5,1,1,TCATACTTGGGATGGAAAGG,0,4715807
ybiY_ybiW_predicted,0.5,1,1,TCATACGTGTGGGCTTAACT,0,4696237
ybiY_ybiW_predicted,0.5,1,1,TCAGTGTTCGTAACACACGG,0,4707910
ybiY_ybiW_predicted,0.5,1,1,TCAGTGTTAGGGTCTAGACC,0,4717115
ybiY_ybiW_predicted,0.5,1,1,TCAGTGCTATAACGGCAAAC,0,4696112
ybiY_ybiW_predicted,0.5,1,1,TCAGTCATTTGGGTCAACCT,0,4717103
ybiY_ybiW_predicted,0.5,1,1,TCAGTACGTTTAAAAGGGTC,0,4715173
ybiY_ybiW_predicted,0.5,1,1,TCAGTACGAGCTGAGCAACA,0,4729073
ybiY_ybiW_predicted,0.5,1,1,TCAGGTTTTTATTAATTTAT,0,4692916
ybiY_ybiW_predicted,0.5,1,1,TCAGGGGCTCACGCACGGGT,0,4727497
ybiY_ybiW_predicted,0.5,1,1,TCAGGGGCCGCCATTTCCGT,0,4730717
ybiY_ybiW_predicted,0.5,1,1,TCAGGAGGGATCCGACAGGA,0,4725018
ybiY_ybiW_predicted,0.5,1,1,TCAGAACTCTGACTACGAAA,0,4721473
ybiY_ybiW_predicted,0.5,1,1,TCACTTGATTTATGAAAGAA,0,4731683
ybiY_ybiW_predicted,0.5,1,1,TCACTACTCTGCTACCGACA,0,4709085
ybiY_ybiW_predicted,0.5,1,1,TCACGAGTAAGTGATCAAGA,0,4696547
ybiY_ybiW_predicted,0.5,1,1,TCACCTCTGATCAACGTATC,0,4722087
ybiY_ybiW_predicted,0.5,1,1,TCAATTGCTGAATACAAGAG,0,4700109
ybiY_ybiW_predicted,0.5,1,1,TCAATTATTACGTGGGAGTA,0,4706127
ybiY_ybiW_predicted,0.5,1,1,TCAATCGGACGGACGTAGGG,0,4725447
ybiY_ybiW_predicted,0.5,1,1,TCAAGTGTGGCGGTGTTAGG,0,4711353
ybiY_ybiW_predicted,0.5,1,1,TCAAGGCTGAGGACTAGAAA,0,4711850
ybiY_ybiW_predicted,0.5,1,1,TCAACAGCCTAGTGGAATCT,0,4717663
ybiY_ybiW_predicted,0.5,1,1,TCAAATTTGTGAAACTAAAA,0,4706416
ybiY_ybiW_predicted,0.5,1,1,TCAAAGCCGTTGGGGTCAAT,0,4698059
ybiY_ybiW_predicted,0.5,1,1,TCAAAGAAACGAGAGACGAC,0,4699646
ybiY_ybiW_predicted,0.5,1,1,TATTTTTGCCTGTTACTATT,0,4692498
ybiY_ybiW_predicted,0.5,1,1,TATTTTATCAGTATATCATA,0,4695214
ybiY_ybiW_predicted,0.5,1,1,TATTTAGATTGATGCTATAC,0,4722576
ybiY_ybiW_predicted,0.5,1,1,TATTGGGTGCCCGCGAATGT,0,4724899
ybiY_ybiW_predicted,0.5,1,1,TATTGGGCAGTTTTTAGGGA,0,4701371
ybiY_ybiW_predicted,0.5,1,1,TATTGGGACTGCGAGGTAAT,0,4730692
ybiY_ybiW_predicted,0.5,1,1,TATTGCATCGGTTCCACAAG,0,4726980
ybiY_ybiW_predicted,0.5,1,1,TATTCTGGGCATAAAAGCAA,0,4693098
ybiY_ybiW_predicted,0.5,1,1,TATTACCAATGTTGTGGTAC,0,4711187
ybiY_ybiW_predicted,0.5,1,1,TATGTTTCACGTGTGGGATA,0,4703377
ybiY_ybiW_predicted,0.5,1,1,TATGTTAGGAGCGATGGCGT,0,4720294
ybiY_ybiW_predicted,0.5,1,1,TATGTATATTGGACTATTAC,0,4712929
ybiY_ybiW_predicted,0.5,1,1,TATGCGGATCGTGTCTAGTC,0,4729988
ybiY_ybiW_predicted,0.5,1,1,TATGCCCGGGAGTCTTACGT,0,4693357
ybiY_ybiW_predicted,0.5,1,1,TATGAGTTGGAGTTCGGGAA,0,4724088
ybiY_ybiW_predicted,0.5,1,1,TATGACGCTTGGTGTCTCAT,0,4724780
ybiY_ybiW_predicted,0.5,1,1,TATCTTCCGCTAGCCGGGGC,0,4709691
ybiY_ybiW_predicted,0.5,1,1,TATCTCGCCGTGGCGAAATC,0,4706267
ybiY_ybiW_predicted,0.5,1,1,TATCTAGCGATCCGTCCAGC,0,4724880
ybiY_ybiW_predicted,0.5,1,1,TATCGCCGGAAACACGTACT,0,4722276
ybiY_ybiW_predicted,0.5,1,1,TATCCACACCGGCAGCCCCT,0,4726572
ybiY_ybiW_predicted,0.5,1,1,TATCATTACGACAATCCAGT,0,4731017
ybiY_ybiW_predicted,0.5,1,1,TATCACTCCGGGCCGGTAAT,0,4710558
ybiY_ybiW_predicted,0.5,1,1,TATCACGGCATAAGTTTGTG,0,4730079
ybiY_ybiW_predicted,0.5,1,1,TATATCTTTTTATACCATGG,0,4726352
ybiY_ybiW_predicted,0.5,1,1,TATAGAGTCGCGGCCCGACG,0,4711355
ybiY_ybiW_predicted,0.5,1,1,TATACTGAAATTTAGACGTT,0,4700492
ybiY_ybiW_predicted,0.5,1,1,TATAATACTGGGACTTTGGC,0,4725709
ybiY_ybiW_predicted,0.5,1,1,TATAAGGAAGGATTAGTTGC,0,4724224
ybiY_ybiW_predicted,0.5,1,1,TATAAGAAGGAAAGGGTACG,0,4719608
ybiY_ybiW_predicted,0.5,1,1,TAGGTTCCAGGGGGGCTTTA,0,4713964
ybiY_ybiW_predicted,0.5,1,1,TAGGTTCAGTACTAACCGAT,0,4731199
ybiY_ybiW_predicted,0.5,1,1,TAGGTGGAGTCACGGCCTAA,0,4697749
ybiY_ybiW_predicted,0.5,1,1,TAGGGTAGATTTGTACCCGA,0,4711831
ybiY_ybiW_predicted,0.5,1,1,TAGGGGGAAGCTCCGGGCGA,0,4706698
ybiY_ybiW_predicted,0.5,1,1,TAGGGAGGATACTATGTTGC,0,4715691
ybiY_ybiW_predicted,0.5,1,1,TAGGCACTTAAACCATATAA,0,4706270
ybiY_ybiW_predicted,0.5,1,1,TAGGATGGGAATGAGAATCG,0,4689999
ybiY_ybiW_predicted,0.5,1,1,TAGGATCTGTCGTCTTCTTT,0,4716339
ybiY_ybiW_predicted,0.5,1,1,TAGGAGTAGTGCCCGGGGAC,0,4721833
ybiY_ybiW_predicted,0.5,1,1,TAGGAGGGAAGATACTAAGG,0,4732067
ybiY_ybiW_predicted,0.5,1,1,TAGGAGCGACGATGCAAGTA,0,4700265
ybiY_ybiW_predicted,0.5,1,1,TAGCTTTGGGGTTGCAGTTT,0,4695471
ybiY_ybiW_predicted,0.5,1,1,TAGCTTAAAATATGGACGAC,0,4704543
ybiY_ybiW_predicted,0.5,1,1,TAGCTCCACAATACAGAATC,0,4690135
ybiY_ybiW_predicted,0.5,1,1,TAGCGGTGTTCAGGTCCGTA,0,4688658
ybiY_ybiW_predicted,0.5,1,1,TAGCACATACGTTCGTATGT,0,4726006
ybiY_ybiW_predicted,0.5,1,1,TAGATAGGGGTTGGAGGCCG,0,4704876
ybiY_ybiW_predicted,0.5,1,1,TAGATACCTGCACCTACGGA,0,4725035
ybiY_ybiW_predicted,0.5,1,1,TAGATACAGACGTTTTACGG,0,4712280
ybiY_ybiW_predicted,0.5,1,1,TAGAGTAGCATGTAATATCA,0,4713111
ybiY_ybiW_predicted,0.5,1,1,TAGAGGCGGCTAAGTAAACC,0,4689412
ybiY_ybiW_predicted,0.5,1,1,TAGAGGAGGGCCAGGCATTT,0,4719676
ybiY_ybiW_predicted,0.5,1,1,TAGACGTATTCTTTTACGAG,0,4700891
ybiY_ybiW_predicted,0.5,1,1,TAGACAACTTCGTGGCAGTC,0,4713513
ybiY_ybiW_predicted,0.5,1,1,TAGAATTAGTTCCTCACATC,0,4691813
ybiY_ybiW_predicted,0.5,1,1,TACTTTCTCATAACGTTATT,0,4717246
ybiY_ybiW_predicted,0.5,1,1,TACTTGATCCCCTGGTGCCG,0,4729297
ybiY_ybiW_predicted,0.5,1,1,TACTGTAATTCCGCTCCCCG,0,4716149
ybiY_ybiW_predicted,0.5,1,1,TACTGGCGTATACCTAGAAA,0,4725455
ybiY_ybiW_predicted,0.5,1,1,TACGTACTTGGTGTGTATGA,0,4714436
ybiY_ybiW_predicted,0.5,1,1,TACGGATTTAAAGACTGTCC,0,4717692
ybiY_ybiW_predicted,0.5,1,1,TACGAACCTCAGACATGAGT,0,4691754
ybiY_ybiW_predicted,0.5,1,1,TACCGAACTCACCGACCGGC,0,4690456
ybiY_ybiW_predicted,0.5,1,1,TACCCTCGCCAGGTTTACAA,0,4713893
ybiY_ybiW_predicted,0.5,1,1,TACCACGAGAACGTCTGAGA,0,4699724
ybiY_ybiW_predicted,0.5,1,1,TACCACCCGGCGACTCCTCT,0,4721249
ybiY_ybiW_predicted,0.5,1,1,TACATGAAGGCCCGGCTATT,0,4701989
ybiY_ybiW_predicted,0.5,1,1,TACAGGGGTGGGACAGGTTT,0,4723474
ybiY_ybiW_predicted,0.5,1,1,TACAGGCAATGTAGCTGGGC,0,4721393
ybiY_ybiW_predicted,0.5,1,1,TACACTGCAAGCGAAATCCG,0,4690511
ybiY_ybiW_predicted,0.5,1,1,TACACTCCAGGAAAACGAAT,0,4700095
ybiY_ybiW_predicted,0.5,1,1,TAATGGAGGCACGCACTAGT,0,4695967
ybiY_ybiW_predicted,0.5,1,1,TAATCCCGGAGCGCGCATCC,0,4695880
ybiY_ybiW_predicted,0.5,1,1,TAATCAAAGCATTTCCATTT,0,4696784
ybiY_ybiW_predicted,0.5,1,1,TAATATATGACGTGTCAGCG,0,4729755
ybiY_ybiW_predicted,0.5,1,1,TAAGGGTTACTCACCCCTTT,0,4689772
ybiY_ybiW_predicted,0.5,1,1,TAAGCATCCGGTCCTTAGAG,0,4720145
ybiY_ybiW_predicted,0.5,1,1,TAAGAGCGCGCGCAGAATCA,0,4704405
ybiY_ybiW_predicted,0.5,1,1,TAACTTTTATGGGGCTCCAG,0,4717427
ybiY_ybiW_predicted,0.5,1,1,TAACGTCATTCAAATTATGC,0,4730075
ybiY_ybiW_predicted,0.5,1,1,TAACGGGCGACAGGTTACGA,0,4722333
ybiY_ybiW_predicted,0.5,1,1,TAACGCGATTTGATTAGCGG,0,4689418
ybiY_ybiW_predicted,0.5,1,1,TAACCAGTCGTGGTAGGATC,0,4721098
ybiY_ybiW_predicted,0.5,1,1,TAAAGGAGCGATCCTAACGT,0,4689458
ybiY_ybiW_predicted,0.5,1,1,TAAAGGACCCTGCGCTGGCT,0,4699087
ybiY_ybiW_predicted,0.5,1,1,TAAACTTAATCTGAATAGGA,0,4705092
ybiY_ybiW_predicted,0.5,1,1,TAAACGATATTGCGGCCGAT,0,4703315
ybiY_ybiW_predicted,0.5,1,1,TAAAAACTTTTCGGACGCAA,0,4724627
ybiY_ybiW_predicted,0.5,1,1,GTTTTTAATGGGTCGGCATT,0,4709419
ybiY_ybiW_predicted,0.5,1,1,GTTTGCGATATGAACGTGCT,0,4694115
ybiY_ybiW_predicted,0.5,1,1,GTTTCTAGTGCATGATGCCA,0,4706927
ybiY_ybiW_predicted,0.5,1,1,GTTTCCTGCTATGATCTTGA,0,4716492
ybiY_ybiW_predicted,0.5,1,1,GTTTATATAACATCGGTCGT,0,4701298
ybiY_ybiW_predicted,0.5,1,1,GTTTACTGAATACCTGATCG,0,4726129
ybiY_ybiW_predicted,0.5,1,1,GTTTAATGGCCATCTCCCGT,0,4691143
ybiY_ybiW_predicted,0.5,1,1,GTTGGGCCATCTTCGGTTTC,0,4689266
ybiY_ybiW_predicted,0.5,1,1,GTTGACTTTGATTTGTCCCG,0,4715809
ybiY_ybiW_predicted,0.5,1,1,GTTGAACCCACTGCTTCACG,0,4709359
ybiY_ybiW_predicted,0.5,1,1,GTTCTCGGACGGGATCGAAC,0,4699509
ybiY_ybiW_predicted,0.5,1,1,GTTCTAAGTGACAGGTAACT,0,4721172
ybiY_ybiW_predicted,0.5,1,1,GTTCGATGTCTGGCTTAATC,0,4718525
ybiY_ybiW_predicted,0.5,1,1,GTTCATATCTAACGCCAGAC,0,4714292
ybiY_ybiW_predicted,0.5,1,1,GTTCAGCGCACCCACGAAAT,0,4698154
ybiY_ybiW_predicted,0.5,1,1,GTTCACCGTTCAGTAAAATC,0,4691117
ybiY_ybiW_predicted,0.5,1,1,GTTATATAAGCTCGCACTCA,0,4702987
ybiY_ybiW_predicted,0.5,1,1,GTTAGAACTGCCAAATTTTG,0,4727710
ybiY_ybiW_predicted,0.5,1,1,GTTACGAAGTGGATCTTGAA,0,4718181
ybiY_ybiW_predicted,0.5,1,1,GTTAACGCAATTCATGTTGT,0,4708944
ybiY_ybiW_predicted,0.5,1,1,GTTAAATCAAATCAGGACTT,0,4730437
ybiY_ybiW_predicted,0.5,1,1,GTGTTGAGGAACTGATAAGT,0,4701939
ybiY_ybiW_predicted,0.5,1,1,GTGTCTAGATGCCATTTATC,0,4726720
ybiY_ybiW_predicted,0.5,1,1,GTGTAGTTCACTTGACGCGT,0,4713236
ybiY_ybiW_predicted,0.5,1,1,GTGTAGCAAGAAGCAATGCA,0,4717043
ybiY_ybiW_predicted,0.5,1,1,GTGTAGAGCCTCGACATGCA,0,4689739
ybiY_ybiW_predicted,0.5,1,1,GTGTACTACAATAGATGGTA,0,4718827
ybiY_ybiW_predicted,0.5,1,1,GTGGTTGGCGACTAAAGCCT,0,4730070
ybiY_ybiW_predicted,0.5,1,1,GTGGTGTTATGCGTATGTGT,0,4714867
ybiY_ybiW_predicted,0.5,1,1,GTGGTGCAGGGCGAGTGTAT,0,4708760
ybiY_ybiW_predicted,0.5,1,1,GTGGTCGTTTACTGTAGGAT,0,4722253
ybiY_ybiW_predicted,0.5,1,1,GTGGTAGGTCTGTGCGATAT,0,4714173
ybiY_ybiW_predicted,0.5,1,1,GTGGGACTTCCCGAGCTCCT,0,4703346
ybiY_ybiW_predicted,0.5,1,1,GTGGCCTACACCAATCGTCC,0,4719550
ybiY_ybiW_predicted,0.5,1,1,GTGGCCACAGGTCTTAATGG,0,4730203
ybiY_ybiW_predicted,0.5,1,1,GTGGCAAGAGTTAGATGCCC,0,4708791
ybiY_ybiW_predicted,0.5,1,1,GTGGAGTCGTACAACGTCCG,0,4690010
ybiY_ybiW_predicted,0.5,1,1,GTGGAGTACAAAAGAAGCTC,0,4708133
ybiY_ybiW_predicted,0.5,1,1,GTGCGTCTTGATTACTGGCA,0,4699806
ybiY_ybiW_predicted,0.5,1,1,GTGCGGGTACGAACTGTATT,0,4707155
ybiY_ybiW_predicted,0.5,1,1,GTGCGGAGACGTGTATTAAA,0,4715727
ybiY_ybiW_predicted,0.5,1,1,GTGCCTTAGCACTTTGCCTA,0,4719809
ybiY_ybiW_predicted,0.5,1,1,GTGCCGTGCGCCCAGTTCTA,0,4720914
ybiY_ybiW_predicted,0.5,1,1,GTGCCCTCCTCTAATAGGTG,0,4696076
ybiY_ybiW_predicted,0.5,1,1,GTGCCAATAAAGCTGGCGCT,0,4714801
ybiY_ybiW_predicted,0.5,1,1,GTGCAGGTGACAAGGTGGGT,0,4696945
ybiY_ybiW_predicted,0.5,1,1,GTGCAGGTCGAAAGGAGTTG,0,4699877
ybiY_ybiW_predicted,0.5,1,1,GTGCACCGCAGCCCGACCCT,0,4701463
ybiY_ybiW_predicted,0.5,1,1,GTGCAATCAGTAGATGCTCT,0,4689336
ybiY_ybiW_predicted,0.5,1,1,GTGCAATACCATGATGAATT,0,4720673
ybiY_ybiW_predicted,0.5,1,1,GTGATTATGCAGTTTATAGT,0,4720134
ybiY_ybiW_predicted,0.5,1,1,GTGATCTCTGTAGCAAGCAG,0,4692775
ybiY_ybiW_predicted,0.5,1,1,GTGATAAGGTCAACGCTTGG,0,4705174
ybiY_ybiW_predicted,0.5,1,1,GTGAGTAGCCCCCCTAGCTA,0,4709517
ybiY_ybiW_predicted,0.5,1,1,GTGAGGTTTGTTACCCCATA,0,4688802
ybiY_ybiW_predicted,0.5,1,1,GTGAGGCGAAAACTAACATT,0,4695221
ybiY_ybiW_predicted,0.5,1,1,GTGAGCTACAATTCAAGGGT,0,4714699
ybiY_ybiW_predicted,0.5,1,1,GTGAGCCGCCCGGTTTTTGG,0,4724905
ybiY_ybiW_predicted,0.5,1,1,GTGACGAGACCAGCACAAAG,0,4717519
ybiY_ybiW_predicted,0.5,1,1,GTGACCATCCGCACTTTCGT,0,4707205
ybiY_ybiW_predicted,0.5,1,1,GTGAAGTCCTCCCCAAAACC,0,4702516
ybiY_ybiW_predicted,0.5,1,1,GTGAAGCTGTCAATGGTCCA,0,4712094
ybiY_ybiW_predicted,0.5,1,1,GTCTTTTCAAGGTGGAGGAA,0,4708403
ybiY_ybiW_predicted,0.5,1,1,GTCTTGAAGGGGTTTACGAC,0,4724845
ybiY_ybiW_predicted,0.5,1,1,GTCTTCTGAATCCTCGTTTC,0,4701393
ybiY_ybiW_predicted,0.5,1,1,GTCTGGTCAGCTAAGGACTT,0,4706733
ybiY_ybiW_predicted,0.5,1,1,GTCTGCACCATCAGCGGCAA,0,4717729
ybiY_ybiW_predicted,0.5,1,1,GTCTGAGACCAAGTACCTAG,0,4709537
ybiY_ybiW_predicted,0.5,1,1,GTCTCGGAGATGAGCCGTAG,0,4690288
ybiY_ybiW_predicted,0.5,1,1,GTCTCCTGATAATCGGCGTA,0,4691652
ybiY_ybiW_predicted,0.5,1,1,GTCTCAAGCACGGCCGTGGG,0,4723141
ybiY_ybiW_predicted,0.5,1,1,GTCTATGAACTATTGTCGGG,0,4704884
ybiY_ybiW_predicted,0.5,1,1,GTCTACCAGATCTGTACTTG,0,4699667
ybiY_ybiW_predicted,0.5,1,1,GTCGTTCGCGGTAAGCCATA,0,4725565
ybiY_ybiW_predicted,0.5,1,1,GTCGTGCTAAATCTGCATAC,0,4727798
ybiY_ybiW_predicted,0.5,1,1,GTCGTCGATTTGTTAGATTG,0,4710983
ybiY_ybiW_predicted,0.5,1,1,GTCGGTTGACCTTTGATGGG,0,4708360
ybiY_ybiW_predicted,0.5,1,1,GTCGGAGAGGTAACTCGCGT,0,4707120
ybiY_ybiW_predicted,0.5,1,1,GTCGCTCATCAACAAGTATC,0,4728449
ybiY_ybiW_predicted,0.5,1,1,GTCGCGGTAGCGGACGAGGG,0,4692629
ybiY_ybiW_predicted,0.5,1,1,GTCGCGGGGTCGTTCACCAC,0,4695819
ybiY_ybiW_predicted,0.5,1,1,GTCCTAATTTTACGTCTTAC,0,4717660
ybiY_ybiW_predicted,0.5,1,1,GTCATATATGGCAGCTCGTG,0,4713490
ybiY_ybiW_predicted,0.5,1,1,GTCAGTCTATTGTCTCCTCT,0,4726182
ybiY_ybiW_predicted,0.5,1,1,GTCAGCAAGGCTCTGCATAC,0,4725394
ybiY_ybiW_predicted,0.5,1,1,GTCAGATATATCATTGAACT,0,4707407
ybiY_ybiW_predicted,0.5,1,1,GTCACGGTTCGAGCATGTCG,0,4726272
ybiY_ybiW_predicted,0.5,1,1,GTCACAATCCGCAACATAAA,0,4691394
ybiY_ybiW_predicted,0.5,1,1,GTCAAGTAGATATACTAAGA,0,4718217
ybiY_ybiW_predicted,0.5,1,1,GTCAAGGGATTTAATCGTAC,0,4726573
ybiY_ybiW_predicted,0.5,1,1,GTCAAAGCACTCAGCTCCTC,0,4717947
ybiY_ybiW_predicted,0.5,1,1,GTCAAAACGTAGGGACACGT,0,4728193
ybiY_ybiW_predicted,0.5,1,1,GTATTGTACCAAAAGCCAAG,0,4717032
ybiY_ybiW_predicted,0.5,1,1,GTATGACTTCTCGATCGGAT,0,4698438
ybiY_ybiW_predicted,0.5,1,1,GTATCTTACATAAAAGGAGG,0,4710876
ybiY_ybiW_predicted,0.5,1,1,GTATCACCACGCGTTAACCT,0,4725932
ybiY_ybiW_predicted,0.5,1,1,GTATATAAGTATGCAACTCA,0,4730477
ybiY_ybiW_predicted,0.5,1,1,GTATAAGGGTATCATCCAAC,0,4728602
ybiY_ybiW_predicted,0.5,1,1,GTATAAGGCCAGTGCTGGAG,0,4688559
ybiY_ybiW_predicted,0.5,1,1,GTAGTTTTGGGTCGTGAGAA,0,4689135
ybiY_ybiW_predicted,0.5,1,1,GTAGTCCTTCAATTTCCGCA,0,4722488
ybiY_ybiW_predicted,0.5,1,1,GTAGGATGCGATTCTGGAGG,0,4715151
ybiY_ybiW_predicted,0.5,1,1,GTAGCGTCGTAACACGCTCT,0,4723561
ybiY_ybiW_predicted,0.5,1,1,GTACTTTAGTGAACACATGC,0,4715324
ybiY_ybiW_predicted,0.5,1,1,GTACGGACTTTGGGATTTTC,0,4709422
ybiY_ybiW_predicted,0.5,1,1,GTACGACAAGCTCGTGCAAC,0,4707965
ybiY_ybiW_predicted,0.5,1,1,GTACAGCGGATCTGGTGATT,0,4707291
ybiY_ybiW_predicted,0.5,1,1,GTAAGAGCGTTGTCGCAATT,0,4705964
ybiY_ybiW_predicted,0.5,1,1,GTAACATCGTCGGACCAGTA,0,4721851
ybiY_ybiW_predicted,0.5,1,1,GTAACAATAACGAGGGCCGG,0,4693311
ybiY_ybiW_predicted,0.5,1,1,GTAAATATGGGTCTGATCAC,0,4707635
ybiY_ybiW_predicted,0.5,1,1,GGTTTTTTGTTAGGCGGCTC,0,4719387
ybiY_ybiW_predicted,0.5,1,1,GGTTTGAATTAAGCCTGAGC,0,4694729
ybiY_ybiW_predicted,0.5,1,1,GGTTGTCCGAACACGCCAAC,0,4700968
ybiY_ybiW_predicted,0.5,1,1,GGTTCTTGGTGCCCTGCTAT,0,4704395
ybiY_ybiW_predicted,0.5,1,1,GGTTCTCAGCGCTGTGCTTC,0,4721812
ybiY_ybiW_predicted,0.5,1,1,GGTTCGCTTGTGTACTTTCT,0,4719558
ybiY_ybiW_predicted,0.5,1,1,GGTTCATGTGTGTCCTGCAG,0,4698534
ybiY_ybiW_predicted,0.5,1,1,GGTTCACACCTCGTAAGTTT,0,4728847
ybiY_ybiW_predicted,0.5,1,1,GGTTACCTGACTGGGTCCTA,0,4730062
ybiY_ybiW_predicted,0.5,1,1,GGTTACATCAGAGTATCCAG,0,4689391
ybiY_ybiW_predicted,0.5,1,1,GGTGTTATGATAAGCCTAAT,0,4710637
ybiY_ybiW_predicted,0.5,1,1,GGTGGACTGCCGTCACCCAA,0,4699493
ybiY_ybiW_predicted,0.5,1,1,GGTGCGTTCCATACTCCCTC,0,4710863
ybiY_ybiW_predicted,0.5,1,1,GGTCCAGGGTACTCCTGCAG,0,4708374
ybiY_ybiW_predicted,0.5,1,1,GGTCATTGCACAGCTACAAT,0,4710108
ybiY_ybiW_predicted,0.5,1,1,GGTCATTAGATTAATGTGCG,0,4729521
ybiY_ybiW_predicted,0.5,1,1,GGTCATCACCCTAGGTTGGT,0,4704051
ybiY_ybiW_predicted,0.5,1,1,GGTCAGCTCGCTATGGAGGT,0,4718046
ybiY_ybiW_predicted,0.5,1,1,GGTCACCATTCGAGAGAACC,0,4699522
ybiY_ybiW_predicted,0.5,1,1,GGTATTCGTTGGCCAACGTC,0,4689410
ybiY_ybiW_predicted,0.5,1,1,GGTAGCGGCCTTCTCTTCCA,0,4720787
ybiY_ybiW_predicted,0.5,1,1,GGTAGAGGGCTATGGCGGGC,0,4695309
ybiY_ybiW_predicted,0.5,1,1,GGTACCAATGAGATGTACCG,0,4690223
ybiY_ybiW_predicted,0.5,1,1,GGTACAAAAGCTCGTAGGCC,0,4695561
ybiY_ybiW_predicted,0.5,1,1,GGTAATATTTCAGTCTCTTC,0,4715122
ybiY_ybiW_predicted,0.5,1,1,GGTAATAATTAGTTCACTCT,0,4694238
ybiY_ybiW_predicted,0.5,1,1,GGGTTCGAACGCAATGCCAG,0,4731266
ybiY_ybiW_predicted,0.5,1,1,GGGTTCAGCTGCTCTCCGAT,0,4702053
ybiY_ybiW_predicted,0.5,1,1,GGGTCGGTGACTAAGAAAAT,0,4689955
ybiY_ybiW_predicted,0.5,1,1,GGGTCATTGACGGGCCGAAT,0,4720708
ybiY_ybiW_predicted,0.5,1,1,GGGTATCGGTAAGAGATTAT,0,4708279
ybiY_ybiW_predicted,0.5,1,1,GGGGTACAGAATTCACAGAT,0,4708896
ybiY_ybiW_predicted,0.5,1,1,GGGGGCTGCACACCCTTTGC,0,4728508
ybiY_ybiW_predicted,0.5,1,1,GGGGCTGAACCGACCGGTAT,0,4698549
ybiY_ybiW_predicted,0.5,1,1,GGGGCATTACTCTCACCTAT,0,4708118
ybiY_ybiW_predicted,0.5,1,1,GGGGCAGAGGATGCGCACGA,0,4694522
ybiY_ybiW_predicted,0.5,1,1,GGGGATTTCGCTACCATGCC,0,4713686
ybiY_ybiW_predicted,0.5,1,1,GGGGAGCTTCCGCGGTATAA,0,4714876
ybiY_ybiW_predicted,0.5,1,1,GGGGAAAATAGGAGCTCCGG,0,4725189
ybiY_ybiW_predicted,0.5,1,1,GGGCTTTACGCGGTGCTGGT,0,4727352
ybiY_ybiW_predicted,0.5,1,1,GGGCGGTACAGATGCTTGAG,0,4696476
ybiY_ybiW_predicted,0.5,1,1,GGGCCTACTACTCTCACGAC,0,4706459
ybiY_ybiW_predicted,0.5,1,1,GGGCCGCATAGGGCTAGGCG,0,4714848
ybiY_ybiW_predicted,0.5,1,1,GGGCATCGTCGTCGAAGTGT,0,4718098
ybiY_ybiW_predicted,0.5,1,1,GGGCAGCCAGTGACCATCAT,0,4732457
ybiY_ybiW_predicted,0.5,1,1,GGGCACCGAGGGACCTAAGA,0,4701747
ybiY_ybiW_predicted,0.5,1,1,GGGCACCGACTAATTCGGCG,0,4722586
ybiY_ybiW_predicted,0.5,1,1,GGGAGGTAGTGAAAAGGCTC,0,4715717
ybiY_ybiW_predicted,0.5,1,1,GGGACTATCAGGACTCAAAT,0,4688657
ybiY_ybiW_predicted,0.5,1,1,GGGACAGCTAACTTCCAGTA,0,4723268
ybiY_ybiW_predicted,0.5,1,1,GGGAATAACGCTTGCTCGGT,0,4693831
ybiY_ybiW_predicted,0.5,1,1,GGGAAGAATGCAGTCAGCCA,0,4717969
ybiY_ybiW_predicted,0.5,1,1,GGGAACACTTCCTTCTTGCA,0,4702770
ybiY_ybiW_predicted,0.5,1,1,GGCTTGGCCTTTGCTGGAGA,0,4702043
ybiY_ybiW_predicted,0.5,1,1,GGCTTCCCCCCGCGGAGTTA,0,4729621
ybiY_ybiW_predicted,0.5,1,1,GGCTGCCAGAATTTGCTTTG,0,4690414
ybiY_ybiW_predicted,0.5,1,1,GGCTCTCTTCAAGTGACGCT,0,4691605
ybiY_ybiW_predicted,0.5,1,1,GGCTACTGTCGGATGGCGGA,0,4693274
ybiY_ybiW_predicted,0.5,1,1,GGCTACTGGCTCAAATACGA,0,4704588
ybiY_ybiW_predicted,0.5,1,1,GGCGTTCCTTGGGCTTAAAT,0,4727195
ybiY_ybiW_predicted,0.5,1,1,GGCGTCAACCTTTATTCAGT,0,4722750
ybiY_ybiW_predicted,0.5,1,1,GGCGGTGATGGGGACATTTA,0,4709417
ybiY_ybiW_predicted,0.5,1,1,GGCGGAGCTAGATGGACGAA,0,4726881
ybiY_ybiW_predicted,0.5,1,1,GGCGGAATTAACCGGAACAC,0,4698375
ybiY_ybiW_predicted,0.5,1,1,GGCGCTTCTTACCCACCGGC,0,4728070
ybiY_ybiW_predicted,0.5,1,1,GGCGCTGGTAATTATTGAGT,0,4688516
ybiY_ybiW_predicted,0.5,1,1,GGCGCTACGCTAAGATATTT,0,4721145
ybiY_ybiW_predicted,0.5,1,1,GGCCTTCACGCAAGGATTAC,0,4712242
ybiY_ybiW_predicted,0.5,1,1,GGCCTCGAGGTACTACGCCA,0,4721201
ybiY_ybiW_predicted,0.5,1,1,GGCCTCGAAGCAGCCTGTTT,0,4694712
ybiY_ybiW_predicted,0.5,1,1,GGCCTCAGGTGTGAGAACGG,0,4708238
ybiY_ybiW_predicted,0.5,1,1,GGCCGTCATCGTTCTCTCCG,0,4723082
ybiY_ybiW_predicted,0.5,1,1,GGCCGACATGGCCTGGGCAT,0,4721253
ybiY_ybiW_predicted,0.5,1,1,GGCCCGAAGAATGCCTTCGT,0,4702969
ybiY_ybiW_predicted,0.5,1,1,GGCCATACGATAAGGGATTC,0,4724538
ybiY_ybiW_predicted,0.5,1,1,GGCCACCTGTGGTGAACAGT,0,4692627
ybiY_ybiW_predicted,0.5,1,1,GGCAGTGGCACTATACCAAT,0,4732199
ybiY_ybiW_predicted,0.5,1,1,GGCAGGTGTGACCTATAACG,0,4715659
ybiY_ybiW_predicted,0.5,1,1,GGCAGATCACGACGTGCTTT,0,4718936
ybiY_ybiW_predicted,0.5,1,1,GGCACGGCTCCCGCTCAAGA,0,4695558
ybiY_ybiW_predicted,0.5,1,1,GGCACCGAGGTCCTAAGCTA,0,4718522
ybiY_ybiW_predicted,0.5,1,1,GGCAACCCTTAAACGCCTTG,0,4728730
ybiY_ybiW_predicted,0.5,1,1,GGATTTGAGCTGAGAAGTGG,0,4699538
ybiY_ybiW_predicted,0.5,1,1,GGATTCCCAGGCCATTTGAT,0,4704404
ybiY_ybiW_predicted,0.5,1,1,GGATTACAAATAGTGCGCTA,0,4705224
ybiY_ybiW_predicted,0.5,1,1,GGATGTCTCCCTAACCTCGG,0,4705621
ybiY_ybiW_predicted,0.5,1,1,GGATGCTACGGCAAATATCG,0,4696976
ybiY_ybiW_predicted,0.5,1,1,GGATGCCTAACTTCCAATTT,0,4697177
ybiY_ybiW_predicted,0.5,1,1,GGATGACCTACAGCTTCTAC,0,4718610
ybiY_ybiW_predicted,0.5,1,1,GGATCGTAATTACTAGCGAG,0,4706180
ybiY_ybiW_predicted,0.5,1,1,GGATCGTAAGCAGTATGGTT,0,4703791
ybiY_ybiW_predicted,0.5,1,1,GGATATGGAAGCCGCACGTG,0,4707371
ybiY_ybiW_predicted,0.5,1,1,GGATAGTGCCCCTCATAGTA,0,4717914
ybiY_ybiW_predicted,0.5,1,1,GGATAATTCGTCTAGCTCCC,0,4722002
ybiY_ybiW_predicted,0.5,1,1,GGATAAATTCGTCAAAGGGG,0,4702890
ybiY_ybiW_predicted,0.5,1,1,GGAGTATGGAAGGTCTTAAT,0,4705232
ybiY_ybiW_predicted,0.5,1,1,GGAGTAGCCTTTACCAGGGC,0,4697758
ybiY_ybiW_predicted,0.5,1,1,GGAGTAAACTAAGGTTTTAT,0,4724382
ybiY_ybiW_predicted,0.5,1,1,GGAGGTACAGGGAAACCTAC,0,4721705
ybiY_ybiW_predicted,0.5,1,1,GGAGGTAAAGTTTAACCGGA,0,4728761
ybiY_ybiW_predicted,0.5,1,1,GGAGCGCCAGAGTCTGCTAC,0,4727154
ybiY_ybiW_predicted,0.5,1,1,GGAGATTTTCTTGATATACA,0,4727427
ybiY_ybiW_predicted,0.5,1,1,GGAGAGGCTGAGACCACAGG,0,4692050
ybiY_ybiW_predicted,0.5,1,1,GGAGAACAAGTCTCGGTTCT,0,4698609
ybiY_ybiW_predicted,0.5,1,1,GGACTTCGGAGGATTACCGC,0,4709394
ybiY_ybiW_predicted,0.5,1,1,GGACTGCGCCATGTACTACA,0,4689174
ybiY_ybiW_predicted,0.5,1,1,GGACTCTGTCTCGATTGTAC,0,4713520
ybiY_ybiW_predicted,0.5,1,1,GGACGTGGTAACGAAGTGAA,0,4713377
ybiY_ybiW_predicted,0.5,1,1,GGACGGGGGCTACCGGCACT,0,4731782
ybiY_ybiW_predicted,0.5,1,1,GGACGCGGGAATCATGCCTA,0,4689619
ybiY_ybiW_predicted,0.5,1,1,GGACCTTTACAACACTGCAC,0,4691302
ybiY_ybiW_predicted,0.5,1,1,GGACCACATGCCTGGTCAAG,0,4690162
ybiY_ybiW_predicted,0.5,1,1,GGACATGATTACGCTATTAA,0,4713206
ybiY_ybiW_predicted,0.5,1,1,GGACAAGGTTGGCAGCAGAG,0,4707542
ybiY_ybiW_predicted,0.5,1,1,GGAATTGAGCTGACTTGTTC,0,4706881
ybiY_ybiW_predicted,0.5,1,1,GGAATTAAATTAATAAACTG,0,4715473
ybiY_ybiW_predicted,0.5,1,1,GGAAGGGGAAGGGTGCACAT,0,4713046
ybiY_ybiW_predicted,0.5,1,1,GGAAGGCACGACCCCAAACC,0,4717363
ybiY_ybiW_predicted,0.5,1,1,GGAAGAGCCGACCCATACTG,0,4708575
ybiY_ybiW_predicted,0.5,1,1,GGAAACAGGGGGCCAATAGA,0,4689837
ybiY_ybiW_predicted,0.5,1,1,GCTTTTCGCATGCACTAGAT,0,4692695
ybiY_ybiW_predicted,0.5,1,1,GCTTTATCACGAACCTTCCT,0,4690892
ybiY_ybiW_predicted,0.5,1,1,GCTTGGAAAGGCTGGATAAT,0,4707009
ybiY_ybiW_predicted,0.5,1,1,GCTTGCGTGGTATTTTACGT,0,4716873
ybiY_ybiW_predicted,0.5,1,1,GCTGTTAGTGTTGAGATGTT,0,4705279
ybiY_ybiW_predicted,0.5,1,1,GCTGGTAATCTAGTTGTCAT,0,4718677
ybiY_ybiW_predicted,0.5,1,1,GCTGCCAAGCCGCCCTAGCT,0,4692324
ybiY_ybiW_predicted,0.5,1,1,GCTGACGGGCCACCTACTGC,0,4698195
ybiY_ybiW_predicted,0.5,1,1,GCTCTTTGTACTCATAATCC,0,4725615
ybiY_ybiW_predicted,0.5,1,1,GCTCTGCATTGCTCATAGTG,0,4699954
ybiY_ybiW_predicted,0.5,1,1,GCTCTATGGCTAACGAGCGT,0,4725388
ybiY_ybiW_predicted,0.5,1,1,GCTCCTAGCTCCATTGTAGA,0,4696726
ybiY_ybiW_predicted,0.5,1,1,GCTCCAGTCACCAGCCTCAG,0,4697078
ybiY_ybiW_predicted,0.5,1,1,GCTCCAGGGATTAGTTTCTC,0,4720299
ybiY_ybiW_predicted,0.5,1,1,GCTCCACGCAGTCCGGGAAT,0,4704650
ybiY_ybiW_predicted,0.5,1,1,GCTCAGTCGTAGAAAACAGC,0,4713030
ybiY_ybiW_predicted,0.5,1,1,GCTCAGTATTCGCGACGGTT,0,4707687
ybiY_ybiW_predicted,0.5,1,1,GCTCAACTCACTCACGAGGA,0,4701750
ybiY_ybiW_predicted,0.5,1,1,GCTATTCTGGTACGAGGCCC,0,4705684
ybiY_ybiW_predicted,0.5,1,1,GCTATCAAATGGTGCGCAAT,0,4700496
ybiY_ybiW_predicted,0.5,1,1,GCTAGCGGGGGCAACGGCTA,0,4719784
ybiY_ybiW_predicted,0.5,1,1,GCTAGCCGGCTACCACTCCG,0,4712370
ybiY_ybiW_predicted,0.5,1,1,GCTAGCAAAGTCGCGTTGCT,0,4691167
ybiY_ybiW_predicted,0.5,1,1,GCTAACGCCCCGCTGTCACG,0,4695088
ybiY_ybiW_predicted,0.5,1,1,GCGTGATTAAAGTGGACTTG,0,4718924
ybiY_ybiW_predicted,0.5,1,1,GCGTACTTAAAGTTAGCAAG,0,4719058
ybiY_ybiW_predicted,0.5,1,1,GCGTAAATTCGGTCCCGTAG,0,4714021
ybiY_ybiW_predicted,0.5,1,1,GCGGGCTGGACCGGCGCTCG,0,4728145
ybiY_ybiW_predicted,0.5,1,1,GCGGCAATCCAACGTTCGTT,0,4724137
ybiY_ybiW_predicted,0.5,1,1,GCGGAACATACGCCACTTCA,0,4724324
ybiY_ybiW_predicted,0.5,1,1,GCGCTGTTGAATTCATGAAA,0,4706559
ybiY_ybiW_predicted,0.5,1,1,GCGCTCTAACCCCCGGTACA,0,4712751
ybiY_ybiW_predicted,0.5,1,1,GCGCTAAGAAATCGGGCGCG,0,4720221
ybiY_ybiW_predicted,0.5,1,1,GCGCGTATAAGCCTGTGAAC,0,4697297
ybiY_ybiW_predicted,0.5,1,1,GCGCGGACTGAGGGTCATGA,0,4690479
ybiY_ybiW_predicted,0.5,1,1,GCGCCATGGACTGGGCCTGT,0,4692355
ybiY_ybiW_predicted,0.5,1,1,GCGATTGCAGTTCGTCCCGA,0,4706906
ybiY_ybiW_predicted,0.5,1,1,GCGATCAGCTATCGTCAGTT,0,4693438
ybiY_ybiW_predicted,0.5,1,1,GCGAGGAGAAGGGACCGGGA,0,4697553
ybiY_ybiW_predicted,0.5,1,1,GCGAGACTGCCATCGTGTGT,0,4693224
ybiY_ybiW_predicted,0.5,1,1,GCGAGACTGATTTGGGCGGC,0,4721873
ybiY_ybiW_predicted,0.5,1,1,GCGACCGAATTGCAGTGTGT,0,4695486
ybiY_ybiW_predicted,0.5,1,1,GCGAAACTAGAACATACAGC,0,4724842
ybiY_ybiW_predicted,0.5,1,1,GCCTGTGAAGGTATGGGACA,0,4689570
ybiY_ybiW_predicted,0.5,1,1,GCCTGGAAAAGTTCTCTTGG,0,4725014
ybiY_ybiW_predicted,0.5,1,1,GCCTGCTTCGGAACAGCTCA,0,4732517
ybiY_ybiW_predicted,0.5,1,1,GCCTCGTCGCGGGCAATCCC,0,4725124
ybiY_ybiW_predicted,0.5,1,1,GCCTCAGGTGGTAGTGTTCG,0,4706322
ybiY_ybiW_predicted,0.5,1,1,GCCTATGCCGTACTAAAGGT,0,4717623
ybiY_ybiW_predicted,0.5,1,1,GCCTAGTACCAGAACTTAAC,0,4695925
ybiY_ybiW_predicted,0.5,1,1,GCCTAGCGGCATGTTCCCCA,0,4700836
ybiY_ybiW_predicted,0.5,1,1,GCCTACTGCTAGTCTCTTCC,0,4704577
ybiY_ybiW_predicted,0.5,1,1,GCCTACCTCATTCGGTCGAT,0,4692768
ybiY_ybiW_predicted,0.5,1,1,GCCGTTGTTATTAACACTCG,0,4715995
ybiY_ybiW_predicted,0.5,1,1,GCCGTGTAGTAGTTGTTTAG,0,4708316
ybiY_ybiW_predicted,0.5,1,1,GCCGTCGGTAGACTATGAGC,0,4730475
ybiY_ybiW_predicted,0.5,1,1,GCCGGTCTTTTGATGAATCC,0,4708824
ybiY_ybiW_predicted,0.5,1,1,GCCGGGCACTTCAATTCGTA,0,4693001
ybiY_ybiW_predicted,0.5,1,1,GCCGCGCTCATTGTGCAGTG,0,4722801
ybiY_ybiW_predicted,0.5,1,1,GCCGAAGCAGATACGATCCC,0,4712902
ybiY_ybiW_predicted,0.5,1,1,GCCCTTTTCTTGAACTTCTA,0,4720027
ybiY_ybiW_predicted,0.5,1,1,GCCCTGTGCCACTTATCGCG,0,4716097
ybiY_ybiW_predicted,0.5,1,1,GCCCGATACAGCCTTGTGCG,0,4698973
ybiY_ybiW_predicted,0.5,1,1,GCCCATGGCGTTTTGGCGTC,0,4704562
ybiY_ybiW_predicted,0.5,1,1,GCCCATCTTCCTGAATCATG,0,4727350
ybiY_ybiW_predicted,0.5,1,1,GCCCAATATTATTGATAGTT,0,4701432
ybiY_ybiW_predicted,0.5,1,1,GCCATTTAATTTTCTAAAAT,0,4698238
ybiY_ybiW_predicted,0.5,1,1,GCCATTAGAGACTCTGAATC,0,4719884
ybiY_ybiW_predicted,0.5,1,1,GCCAGTCTTTGATCAGACCA,0,4723786
ybiY_ybiW_predicted,0.5,1,1,GCCAGCCCCGGTGCCAATAA,0,4730407
ybiY_ybiW_predicted,0.5,1,1,GCCAATTGGAAGGCCCGGAC,0,4690372
ybiY_ybiW_predicted,0.5,1,1,GCCAAGCCACCGTGTGAGAA,0,4708387
ybiY_ybiW_predicted,0.5,1,1,GCATTTAGCCATGCCCCCGG,0,4702481
ybiY_ybiW_predicted,0.5,1,1,GCATTGCCATGATGGCGTTA,0,4719309
ybiY_ybiW_predicted,0.5,1,1,GCATTCCAGTAGGCGTATGG,0,4698718
ybiY_ybiW_predicted,0.5,1,1,GCATTCATTTTGGACTCTAC,0,4701378
ybiY_ybiW_predicted,0.5,1,1,GCATGCAAACTCAATCATTC,0,4732405
ybiY_ybiW_predicted,0.5,1,1,GCATCACCTGTAGCAGGCTA,0,4696038
ybiY_ybiW_predicted,0.5,1,1,GCATATTGAACTGTTAGGGG,0,4711639
ybiY_ybiW_predicted,0.5,1,1,GCAGTTACAGCGACTTTCAC,0,4704770
ybiY_ybiW_predicted,0.5,1,1,GCAGGGGGAGACCCGAGGGC,0,4700908
ybiY_ybiW_predicted,0.5,1,1,GCAGCTCACAACAGGTCAAG,0,4721626
ybiY_ybiW_predicted,0.5,1,1,GCACTCTAACAGCCTGTTTC,0,4696589
ybiY_ybiW_predicted,0.5,1,1,GCACGTCCTGAACTCGGTCA,0,4692779
ybiY_ybiW_predicted,0.5,1,1,GCACGGTGCGGCTGGGTTGA,0,4731599
ybiY_ybiW_predicted,0.5,1,1,GCACGCTCTTGATGGTCAAT,0,4732710
ybiY_ybiW_predicted,0.5,1,1,GCACCGCCACCCTCTACGGG,0,4701860
ybiY_ybiW_predicted,0.5,1,1,GCACCGCAGATGCTAAATTC,0,4716228
ybiY_ybiW_predicted,0.5,1,1,GCACCATAGCCCGGGAGGTT,0,4712014
ybiY_ybiW_predicted,0.5,1,1,GCACAGGCGCCGGTGAAGTA,0,4716617
ybiY_ybiW_predicted,0.5,1,1,GCACACTGCGTCCCTCTAAG,0,4702844
ybiY_ybiW_predicted,0.5,1,1,GCAATTTGGTACTGAAAAAA,0,4716910
ybiY_ybiW_predicted,0.5,1,1,GCAATCTCGCGATTGCCCTC,0,4706460
ybiY_ybiW_predicted,0.5,1,1,GCAATCATCTACAGTGGAAT,0,4723947
ybiY_ybiW_predicted,0.5,1,1,GCAAGTAATGTAGAGTCAAT,0,4721845
ybiY_ybiW_predicted,0.5,1,1,GCAAGCACGTGAGAATCAAT,0,4695313
ybiY_ybiW_predicted,0.5,1,1,GCAAGAGAGAACTGCTCCAG,0,4724507
ybiY_ybiW_predicted,0.5,1,1,GCAAGAACCACGTTGCACCC,0,4706316
ybiY_ybiW_predicted,0.5,1,1,GCAACCTTGCGGTCCTCACC,0,4694531
ybiY_ybiW_predicted,0.5,1,1,GCAACCCCTTGTATCTGGCA,0,4712661
ybiY_ybiW_predicted,0.5,1,1,GCAAAGGATGTTGTTAGGCG,0,4731413
ybiY_ybiW_predicted,0.5,1,1,GCAAAGACACGCCATCCCCC,0,4725200
ybiY_ybiW_predicted,0.5,1,1,GATTTGCCATTCGTGCCCTC,0,4709172
ybiY_ybiW_predicted,0.5,1,1,GATTGTGGCCTCGTCGCCGG,0,4722738
ybiY_ybiW_predicted,0.5,1,1,GATTCCGCCGTGTGAATAGC,0,4708145
ybiY_ybiW_predicted,0.5,1,1,GATTAGTCTAACGTTGCGTA,0,4721127
ybiY_ybiW_predicted,0.5,1,1,GATTAATGGTGCGGCGTAGT,0,4700077
ybiY_ybiW_predicted,0.5,1,1,GATGTACGCTATACTCGATA,0,4690915
ybiY_ybiW_predicted,0.5,1,1,GATGGCCTCGAAAGGTACTG,0,4732066
ybiY_ybiW_predicted,0.5,1,1,GATGGATAAGCCTCTGGGCG,0,4693657
ybiY_ybiW_predicted,0.5,1,1,GATGGACAGCTAGTCGTACA,0,4701015
ybiY_ybiW_predicted,0.5,1,1,GATGCAAGAGCCGAAGCAGT,0,4693658
ybiY_ybiW_predicted,0.5,1,1,GATGATTGACTCGAGTCGCA,0,4716744
ybiY_ybiW_predicted,0.5,1,1,GATGATATCTTTCCCTTTAG,0,4710298
ybiY_ybiW_predicted,0.5,1,1,GATGACGGAATTGAATCGCC,0,4727235
ybiY_ybiW_predicted,0.5,1,1,GATCTTTAGATAAACATGGG,0,4726074
ybiY_ybiW_predicted,0.5,1,1,GATCGACCGAAGGCAGTCAT,0,4698298
ybiY_ybiW_predicted,0.5,1,1,GATCCGTAGCAACTTGCTCA,0,4731769
ybiY_ybiW_predicted,0.5,1,1,GATCCGGGGCTATTTCCTCT,0,4714205
ybiY_ybiW_predicted,0.5,1,1,GATCACCATGACACGTTAGA,0,4722751
ybiY_ybiW_predicted,0.5,1,1,GATATGTGTCAGTGTTCAAC,0,4706641
ybiY_ybiW_predicted,0.5,1,1,GATATGCCAATTCGAGTATT,0,4728263
ybiY_ybiW_predicted,0.5,1,1,GATAGGATTGAGTACTACTC,0,4710568
ybiY_ybiW_predicted,0.5,1,1,GATAGCCCCGGACGGGAGTT,0,4704874
ybiY_ybiW_predicted,0.5,1,1,GATAGACTCTCCTTCGATTT,0,4689649
ybiY_ybiW_predicted,0.5,1,1,GATAACCCTACTGTCGCAGG,0,4712625
ybiY_ybiW_predicted,0.5,1,1,GATAACACACGTTCCGGCCA,0,4697532
ybiY_ybiW_predicted,0.5,1,1,GAGTTGCTGGCACCCCTCCC,0,4704108
ybiY_ybiW_predicted,0.5,1,1,GAGTGTTTGATTGCCTCCTC,0,4725292
ybiY_ybiW_predicted,0.5,1,1,GAGTGGTGGGCGCGGCACTT,0,4715261
ybiY_ybiW_predicted,0.5,1,1,GAGTGGCCAGATGTTTATCA,0,4698922
ybiY_ybiW_predicted,0.5,1,1,GAGTCCTCAGAGGGCTTCCG,0,4708557
ybiY_ybiW_predicted,0.5,1,1,GAGTATGACTGTCTTGTAGC,0,4696672
ybiY_ybiW_predicted,0.5,1,1,GAGTACACGAGGGTTAGAAA,0,4725102
ybiY_ybiW_predicted,0.5,1,1,GAGGTGATTCGCACCGCCCC,0,4717121
ybiY_ybiW_predicted,0.5,1,1,GAGGGGGTCGTCACATATGC,0,4699512
ybiY_ybiW_predicted,0.5,1,1,GAGGGCGAGAGGGTGTCCGA,0,4703188
ybiY_ybiW_predicted,0.5,1,1,GAGGATTGTTGAATTGTCAT,0,4689950
ybiY_ybiW_predicted,0.5,1,1,GAGGATATGGAACGCACAGT,0,4708883
ybiY_ybiW_predicted,0.5,1,1,GAGCTCACCGAAGAACCTTA,0,4727468
ybiY_ybiW_predicted,0.5,1,1,GAGCTAGGGTCCACGGGGCA,0,4713320
ybiY_ybiW_predicted,0.5,1,1,GAGCTAGAATCTGGTCAAGT,0,4731224
ybiY_ybiW_predicted,0.5,1,1,GAGCGTACATACTTACCGAG,0,4717412
ybiY_ybiW_predicted,0.5,1,1,GAGCGGCGCACCGGTATCCG,0,4707433
ybiY_ybiW_predicted,0.5,1,1,GAGCGGAAGGACCGGCATAC,0,4714142
ybiY_ybiW_predicted,0.5,1,1,GAGCCTCCCCACCAGACGGA,0,4699969
ybiY_ybiW_predicted,0.5,1,1,GAGCCGTCTCTCGGCTAGTG,0,4724616
ybiY_ybiW_predicted,0.5,1,1,GAGCCGACACGCGAAGCTAA,0,4702327
ybiY_ybiW_predicted,0.5,1,1,GAGCCCCCGGTGTAGGGTTT,0,4701056
ybiY_ybiW_predicted,0.5,1,1,GAGCCAATCCTGACCTCAGT,0,4727346
ybiY_ybiW_predicted,0.5,1,1,GAGCATTAATTACAGGTCTA,0,4716729
ybiY_ybiW_predicted,0.5,1,1,GAGCACCACTTTTTGCGAGC,0,4710777
ybiY_ybiW_predicted,0.5,1,1,GAGAGCGTTTTCCCGAACAA,0,4693780
ybiY_ybiW_predicted,0.5,1,1,GAGAAGGTCTGCTTTAGCCT,0,4715205
ybiY_ybiW_predicted,0.5,1,1,GAGAAATCGGCACTATATAC,0,4723395
ybiY_ybiW_predicted,0.5,1,1,GACTTTAAAACTTTCCCCCT,0,4711283
ybiY_ybiW_predicted,0.5,1,1,GACTGGTAAAGTTAGCTTTC,0,4725457
ybiY_ybiW_predicted,0.5,1,1,GACGTTGTCCGAAGCTAATG,0,4689554
ybiY_ybiW_predicted,0.5,1,1,GACGTCCTATTGCTTGCGCC,0,4723689
ybiY_ybiW_predicted,0.5,1,1,GACGTCACCTGGGCACTCAT,0,4693008
ybiY_ybiW_predicted,0.5,1,1,GACGGAACATCGGGATATCA,0,4725159
ybiY_ybiW_predicted,0.5,1,1,GACGCTTTCGTGATGTGCAA,0,4700934
ybiY_ybiW_predicted,0.5,1,1,GACGACGGCTTTGGCCAACC,0,4711780
ybiY_ybiW_predicted,0.5,1,1,GACGACACCTTGTGCGGTTG,0,4722359
ybiY_ybiW_predicted,0.5,1,1,GACGAAGGGGCAAACGTAAA,0,4717758
ybiY_ybiW_predicted,0.5,1,1,GACCCTACCTTAGGGCGGTG,0,4708689
ybiY_ybiW_predicted,0.5,1,1,GACCAATGTCGGGATCTAGC,0,4714984
ybiY_ybiW_predicted,0.5,1,1,GACATAATGAAACATGCGCG,0,4705219
ybiY_ybiW_predicted,0.5,1,1,GACAGGTAAGCCTAACTTGG,0,4724823
ybiY_ybiW_predicted,0.5,1,1,GACAACGAAGAGCTAGAAGC,0,4695130
ybiY_ybiW_predicted,0.5,1,1,GAATTACTACACATCGCGCA,0,4731682
ybiY_ybiW_predicted,0.5,1,1,GAATTACCACTTCCTCGAGT,0,4720458
ybiY_ybiW_predicted,0.5,1,1,GAATCGGTTTTGCTCGAAAT,0,4699481
ybiY_ybiW_predicted,0.5,1,1,GAATATGCTATAGAGCGACA,0,4710694
ybiY_ybiW_predicted,0.5,1,1,GAATAGGACCACGACTTGAA,0,4714216
ybiY_ybiW_predicted,0.5,1,1,GAAGTGTGCGGCCGCTACAT,0,4695604
ybiY_ybiW_predicted,0.5,1,1,GAAGTGGAGCCTGTAAAAGT,0,4709693
ybiY_ybiW_predicted,0.5,1,1,GAAGGGTCTAAGCCGAGCTC,0,4719840
ybiY_ybiW_predicted,0.5,1,1,GAAGATGCAAGTATTAGCAT,0,4694900
ybiY_ybiW_predicted,0.5,1,1,GAACTATGGATCTCGTGGGT,0,4712368
ybiY_ybiW_predicted,0.5,1,1,GAACTACGTGTGGGCAGGTA,0,4701608
ybiY_ybiW_predicted,0.5,1,1,GAACGTTCGGATCACAAACT,0,4689090
ybiY_ybiW_predicted,0.5,1,1,GAACCTTCCTGAACATGTCT,0,4716968
ybiY_ybiW_predicted,0.5,1,1,GAACATTCGGTAGGTGTCTA,0,4705007
ybiY_ybiW_predicted,0.5,1,1,GAACATCCAATGTTAGCGCG,0,4693382
ybiY_ybiW_predicted,0.5,1,1,GAAATAGATGGTCTGCGCAG,0,4731295
ybiY_ybiW_predicted,0.5,1,1,GAAAGTCCAAGCTTCGAATA,0,4705945
ybiY_ybiW_predicted,0.5,1,1,GAAAATCTGAGTCGGCTCCA,0,4726936
ybiY_ybiW_predicted,0.5,1,1,CTTTTGTTGGGAGTAGCACT,0,4702093
ybiY_ybiW_predicted,0.5,1,1,CTTTTCCGCTAACCTTGAAA,0,4723968
ybiY_ybiW_predicted,0.5,1,1,CTTTGTCACTACGACAATGC,0,4697413
ybiY_ybiW_predicted,0.5,1,1,CTTTGAAAGTCACTTGCGGA,0,4724805
ybiY_ybiW_predicted,0.5,1,1,CTTTCTTGCGAGGCGAAAGG,0,4713138
ybiY_ybiW_predicted,0.5,1,1,CTTTCCGAAGCTGTATCTAT,0,4728206
ybiY_ybiW_predicted,0.5,1,1,CTTTCATTTATTAAGGTTCG,0,4730009
ybiY_ybiW_predicted,0.5,1,1,CTTTAAGGTCGTCCGCGGGC,0,4707994
ybiY_ybiW_predicted,0.5,1,1,CTTGGTTGAACCGTAATGTT,0,4707565
ybiY_ybiW_predicted,0.5,1,1,CTTGGTATGAGCCATCAGTT,0,4713891
ybiY_ybiW_predicted,0.5,1,1,CTTGAACGCCCATACGCATA,0,4706312
ybiY_ybiW_predicted,0.5,1,1,CTTGAAAAAGTGATTAGTTG,0,4716935
ybiY_ybiW_predicted,0.5,1,1,CTTCTGCCGTGACCATTGGC,0,4710609
ybiY_ybiW_predicted,0.5,1,1,CTTCGGGGTACCCATGAGTT,0,4719564
ybiY_ybiW_predicted,0.5,1,1,CTTCGGAGGAAGTACTGGGA,0,4692507
ybiY_ybiW_predicted,0.5,1,1,CTTCCTGTTAGTGGCCGTGA,0,4726123
ybiY_ybiW_predicted,0.5,1,1,CTTCCGCATGTTACACGACA,0,4709091
ybiY_ybiW_predicted,0.5,1,1,CTTCCCGCGGTACTTCAGTC,0,4731310
ybiY_ybiW_predicted,0.5,1,1,CTTAATCAATTCACGCTGCG,0,4718935
ybiY_ybiW_predicted,0.5,1,1,CTTAAGGGTGCCTTCCACTC,0,4724085
ybiY_ybiW_predicted,0.5,1,1,CTGTTCGGGCACCCGTCATT,0,4705094
ybiY_ybiW_predicted,0.5,1,1,CTGTGGTGACCCTCTGTCCC,0,4719264
ybiY_ybiW_predicted,0.5,1,1,CTGTCCCAGAGGCAGAACAT,0,4698260
ybiY_ybiW_predicted,0.5,1,1,CTGTCATCCCGTTCTCATTC,0,4725747
ybiY_ybiW_predicted,0.5,1,1,CTGTATAGCCAGCACGCGAG,0,4713971
ybiY_ybiW_predicted,0.5,1,1,CTGTACTGTAGAACGATATG,0,4714383
ybiY_ybiW_predicted,0.5,1,1,CTGGGGGTTTACGCGCGCTG,0,4724613
ybiY_ybiW_predicted,0.5,1,1,CTGGGGGACAAGTAGGCAGT,0,4731927
ybiY_ybiW_predicted,0.5,1,1,CTGGGAGTAGACTGACGCTA,0,4698661
ybiY_ybiW_predicted,0.5,1,1,CTGGCGAGGGGATGAAGAGC,0,4688770
ybiY_ybiW_predicted,0.5,1,1,CTGGACGTTGATGTGCTCCT,0,4702633
ybiY_ybiW_predicted,0.5,1,1,CTGGAAGTACCGGGGCTGTT,0,4715797
ybiY_ybiW_predicted,0.5,1,1,CTGCTATACCAGGTAGGTCC,0,4690468
ybiY_ybiW_predicted,0.5,1,1,CTGCGGAGGGGTCTGGCTAG,0,4707173
ybiY_ybiW_predicted,0.5,1,1,CTGCGATTGGACACTAGAAC,0,4717954
ybiY_ybiW_predicted,0.5,1,1,CTGATTCACTCGCGCGAAAG,0,4716698
ybiY_ybiW_predicted,0.5,1,1,CTGATCTGGGAGTAGGTTAA,0,4696535
ybiY_ybiW_predicted,0.5,1,1,CTGAGTTATATGGATTGATT,0,4708452
ybiY_ybiW_predicted,0.5,1,1,CTGAGGTTTAGCAATCCGGC,0,4702130
ybiY_ybiW_predicted,0.5,1,1,CTGAGGCACTGATTTTGTCG,0,4726953
ybiY_ybiW_predicted,0.5,1,1,CTGAGCCGGCACTTGTGAGT,0,4701841
ybiY_ybiW_predicted,0.5,1,1,CTGAGAACACGACCGAGGGC,0,4711755
ybiY_ybiW_predicted,0.5,1,1,CTGAAGCGTGTTGTTCCTCT,0,4713729
ybiY_ybiW_predicted,0.5,1,1,CTGAAGAGGAGCCTTTACGG,0,4729019
ybiY_ybiW_predicted,0.5,1,1,CTGAACTCCCCGGGTGAGTC,0,4690094
ybiY_ybiW_predicted,0.5,1,1,CTGAAACATGTCTACCTCAA,0,4704239
ybiY_ybiW_predicted,0.5,1,1,CTCTTTGTATGCCCGGAATC,0,4710236
ybiY_ybiW_predicted,0.5,1,1,CTCTGGCAATGTCTTCCAAG,0,4690923
ybiY_ybiW_predicted,0.5,1,1,CTCTGCGATCGATACTATTT,0,4696365
ybiY_ybiW_predicted,0.5,1,1,CTCTCTATATAAGCCTGCAT,0,4727406
ybiY_ybiW_predicted,0.5,1,1,CTCTCCTTCACTCGTGGCTC,0,4688867
ybiY_ybiW_predicted,0.5,1,1,CTCTCCACAATCCAGGTATC,0,4699227
ybiY_ybiW_predicted,0.5,1,1,CTCTCAGTAGCAGGCCCCTG,0,4699054
ybiY_ybiW_predicted,0.5,1,1,CTCTAGCGAAAAGGCCAGGT,0,4716719
ybiY_ybiW_predicted,0.5,1,1,CTCGGTGCCATATGATTGTG,0,4721132
ybiY_ybiW_predicted,0.5,1,1,CTCGGTCCCACGGTGGCGGG,0,4689469
ybiY_ybiW_predicted,0.5,1,1,CTCGGGTTGCGAGTCGGCCT,0,4689632
ybiY_ybiW_predicted,0.5,1,1,CTCGGGCGAACTTTTATTCG,0,4725005
ybiY_ybiW_predicted,0.5,1,1,CTCGGGACGATCGTGAGGGG,0,4730244
ybiY_ybiW_predicted,0.5,1,1,CTCGCTTAGGAGGAGCTAGG,0,4696366
ybiY_ybiW_predicted,0.5,1,1,CTCGCGACCTATATTTAACT,0,4698548
ybiY_ybiW_predicted,0.5,1,1,CTCGCCAATGTGTTTTTTTT,0,4726612
ybiY_ybiW_predicted,0.5,1,1,CTCCTCGGAGGCGCGTATTG,0,4715336
ybiY_ybiW_predicted,0.5,1,1,CTCCGATCTCATACGAAAGG,0,4706318
ybiY_ybiW_predicted,0.5,1,1,CTCCCGCGCTACCCATGTAG,0,4719777
ybiY_ybiW_predicted,0.5,1,1,CTCCCGCCATGTATCACGAC,0,4700171
ybiY_ybiW_predicted,0.5,1,1,CTCATCCGGTCATACCTTAT,0,4696802
ybiY_ybiW_predicted,0.5,1,1,CTCAGACTCGAGTGGCTGAC,0,4697474
ybiY_ybiW_predicted,0.5,1,1,CTCAGACACAGAATTCACAA,0,4721174
ybiY_ybiW_predicted,0.5,1,1,CTCACGTAACAATCCTTAGA,0,4694264
ybiY_ybiW_predicted,0.5,1,1,CTCACGAATAGTGCCTTGCA,0,4728961
ybiY_ybiW_predicted,0.5,1,1,CTCAATATAGATGCCTGCAC,0,4689734
ybiY_ybiW_predicted,0.5,1,1,CTATGGTAGCTGTGCGAGTG,0,4727365
ybiY_ybiW_predicted,0.5,1,1,CTATATTATCGTCCGCCCGC,0,4730129
ybiY_ybiW_predicted,0.5,1,1,CTATAATAGACTCCATCCTG,0,4708368
ybiY_ybiW_predicted,0.5,1,1,CTAGTCGGGCGGGCGTTACT,0,4723203
ybiY_ybiW_predicted,0.5,1,1,CTAGGGAACCGGTTCAGGAT,0,4722634
ybiY_ybiW_predicted,0.5,1,1,CTAGAGGTGCGCTTCCCAGG,0,4711244
ybiY_ybiW_predicted,0.5,1,1,CTAGACCCACCGGCAGGCAT,0,4723780
ybiY_ybiW_predicted,0.5,1,1,CTACTAGCGAGCTTAAGAGG,0,4690853
ybiY_ybiW_predicted,0.5,1,1,CTACTAATGAATTGAAAATG,0,4692160
ybiY_ybiW_predicted,0.5,1,1,CTACTAACGACGCTGTGATT,0,4717267
ybiY_ybiW_predicted,0.5,1,1,CTACGTACCTATGCATACAG,0,4725448
ybiY_ybiW_predicted,0.5,1,1,CTACGGAAAACCCCGCCGGT,0,4690822
ybiY_ybiW_predicted,0.5,1,1,CTACCGCGGGATCCATCCAG,0,4713643
ybiY_ybiW_predicted,0.5,1,1,CTACCCCGAGAGTAGAAATA,0,4711357
ybiY_ybiW_predicted,0.5,1,1,CTACACACCAGTCCCCGTAC,0,4697333
ybiY_ybiW_predicted,0.5,1,1,CTAATAATGCGGTTAGATGT,0,4707751
ybiY_ybiW_predicted,0.5,1,1,CTAAGCCAGATGTGGAAGAT,0,4732483
ybiY_ybiW_predicted,0.5,1,1,CTAAGATAAACTCACTACAC,0,4718825
ybiY_ybiW_predicted,0.5,1,1,CGTTTGAATGTCAGTCAGCC,0,4709706
ybiY_ybiW_predicted,0.5,1,1,CGTTTCAGATGCTGCCGATT,0,4718017
ybiY_ybiW_predicted,0.5,1,1,CGTTTAGGTTACAATTTTCA,0,4697771
ybiY_ybiW_predicted,0.5,1,1,CGTTGTTTACATTCGATCGA,0,4711863
ybiY_ybiW_predicted,0.5,1,1,CGTTGGCAACATTCAGAGTA,0,4692482
ybiY_ybiW_predicted,0.5,1,1,CGTTGGAATGCAGGCGACTC,0,4715758
ybiY_ybiW_predicted,0.5,1,1,CGTTGCAAGACAGTAACTTA,0,4711817
ybiY_ybiW_predicted,0.5,1,1,CGTTGATTATAGTAAAGCAG,0,4727945
ybiY_ybiW_predicted,0.5,1,1,CGTTCTGCATAAATCGTTCC,0,4704818
ybiY_ybiW_predicted,0.5,1,1,CGTTCCAGTGAATGTACAAA,0,4708607
ybiY_ybiW_predicted,0.5,1,1,CGTTATGGCGTTGAGTACGG,0,4701585
ybiY_ybiW_predicted,0.5,1,1,CGTGGGAATGATACCTACGT,0,4700831
ybiY_ybiW_predicted,0.5,1,1,CGTGCGCTCCAAATCCTGAC,0,4713109
ybiY_ybiW_predicted,0.5,1,1,CGTGAGACGACGCCATTGGT,0,4732795
ybiY_ybiW_predicted,0.5,1,1,CGTGAAGTTTGAGCAGCGAA,0,4703793
ybiY_ybiW_predicted,0.5,1,1,CGTCTTTATTAGGATAATTC,0,4728615
ybiY_ybiW_predicted,0.5,1,1,CGTCTCGGTATGGGGTGACC,0,4714948
ybiY_ybiW_predicted,0.5,1,1,CGTCTATTGGAAACGGGCCT,0,4730530
ybiY_ybiW_predicted,0.5,1,1,CGTCTAGTATCTCCACCCCA,0,4712679
ybiY_ybiW_predicted,0.5,1,1,CGTCGAAAGACGTTCTTTAC,0,4731847
ybiY_ybiW_predicted,0.5,1,1,CGTCCTTTCCGTATCACCCT,0,4727389
ybiY_ybiW_predicted,0.5,1,1,CGTCCTCATCGCTGACCATA,0,4697688
ybiY_ybiW_predicted,0.5,1,1,CGTCCCAGCGATCTATTGCA,0,4706190
ybiY_ybiW_predicted,0.5,1,1,CGTCATTTGACCTGGGGGTA,0,4707450
ybiY_ybiW_predicted,0.5,1,1,CGTCATTCGGCCTTTCAAGG,0,4712324
ybiY_ybiW_predicted,0.5,1,1,CGTATGCAGTAAGTCTGCGT,0,4716145
ybiY_ybiW_predicted,0.5,1,1,CGTAGATCGTCTGAGGATCA,0,4714075
ybiY_ybiW_predicted,0.5,1,1,CGTACTTCCTTTCGGAAGCA,0,4732649
ybiY_ybiW_predicted,0.5,1,1,CGTACTGGCGGGTTGCTCGC,0,4706297
ybiY_ybiW_predicted,0.5,1,1,CGTACGTCGTGCGCAACCCG,0,4699361
ybiY_ybiW_predicted,0.5,1,1,CGTAAGACTATCGGTACCGT,0,4713848
ybiY_ybiW_predicted,0.5,1,1,CGTAACACGGAAATTGGGTC,0,4690924
ybiY_ybiW_predicted,0.5,1,1,CGTAAATAGGTATAGCCATT,0,4702037
ybiY_ybiW_predicted,0.5,1,1,CGTAAACCTGCTAGAGTCTT,0,4711925
ybiY_ybiW_predicted,0.5,1,1,CGGTTATTGTACAAGGAAAC,0,4719880
ybiY_ybiW_predicted,0.5,1,1,CGGTTAGCCTCTTGACACAA,0,4698463
ybiY_ybiW_predicted,0.5,1,1,CGGTGGTTAACAGTTCTTAA,0,4692538
ybiY_ybiW_predicted,0.5,1,1,CGGTGGTCCACTGCACTACG,0,4692151
ybiY_ybiW_predicted,0.5,1,1,CGGTCGGTATATCGTTAGGG,0,4698501
ybiY_ybiW_predicted,0.5,1,1,CGGTCCTGCGGAATCAGGAT,0,4721035
ybiY_ybiW_predicted,0.5,1,1,CGGTCACTTTGAAATTTATC,0,4729372
ybiY_ybiW_predicted,0.5,1,1,CGGTACTTCGTGGCTCGATA,0,4712551
ybiY_ybiW_predicted,0.5,1,1,CGGTAAAGCCTATCGCAGGT,0,4718070
ybiY_ybiW_predicted,0.5,1,1,CGGTAAAAAGCCTTTTCTAG,0,4704235
ybiY_ybiW_predicted,0.5,1,1,CGGGTGATCGAGACATGGTC,0,4728542
ybiY_ybiW_predicted,0.5,1,1,CGGGGCGTGTGATTAGTGCT,0,4694711
ybiY_ybiW_predicted,0.5,1,1,CGGCTTCCTACAAAGCTTAG,0,4728780
ybiY_ybiW_predicted,0.5,1,1,CGGCTACCCGCGCAATCATT,0,4689031
ybiY_ybiW_predicted,0.5,1,1,CGGCCTGGGGGAGATAGTTC,0,4689684
ybiY_ybiW_predicted,0.5,1,1,CGGCCTGGATCCGAAGGCGG,0,4690266
ybiY_ybiW_predicted,0.5,1,1,CGGCAGACCGTCTCCTCGCG,0,4725343
ybiY_ybiW_predicted,0.5,1,1,CGGCAGAAGGTGTGTATTAT,0,4720405
ybiY_ybiW_predicted,0.5,1,1,CGGCAGAACGGGATAGTAAC,0,4732790
ybiY_ybiW_predicted,0.5,1,1,CGGATTTGTGTGTGGTGTTG,0,4722839
ybiY_ybiW_predicted,0.5,1,1,CGGATTATTGACGTCTATAG,0,4692223
ybiY_ybiW_predicted,0.5,1,1,CGGATGTAAGGGCTTAGAGG,0,4724840
ybiY_ybiW_predicted,0.5,1,1,CGGATCCGTATGAGACAATA,0,4731805
ybiY_ybiW_predicted,0.5,1,1,CGGAGGAAGATGGATGTCCA,0,4730342
ybiY_ybiW_predicted,0.5,1,1,CGGAGACCCAAGCTGCACGC,0,4714256
ybiY_ybiW_predicted,0.5,1,1,CGGACTGAAGCATTAGAACT,0,4703947
ybiY_ybiW_predicted,0.5,1,1,CGGAAGAACCATCTCGCCAG,0,4694113
ybiY_ybiW_predicted,0.5,1,1,CGGAAATACCGCGCTGCTAT,0,4728201
ybiY_ybiW_predicted,0.5,1,1,CGCTGCGGCTAGTTCGCCAG,0,4693530
ybiY_ybiW_predicted,0.5,1,1,CGCTGATAACTTCGCGGAGT,0,4712721
ybiY_ybiW_predicted,0.5,1,1,CGCTCTTTCACTTGGTAACC,0,4722102
ybiY_ybiW_predicted,0.5,1,1,CGCTCTAAAAGAGAGACCGG,0,4731420
ybiY_ybiW_predicted,0.5,1,1,CGCTCGTACGTTGGCCTGGT,0,4689945
ybiY_ybiW_predicted,0.5,1,1,CGCTCGCAATGAAGATGCAC,0,4691473
ybiY_ybiW_predicted,0.5,1,1,CGCTCATGCCCTACGAATAA,0,4707878
ybiY_ybiW_predicted,0.5,1,1,CGCTCAGGTTGGCTTAAGTG,0,4699668
ybiY_ybiW_predicted,0.5,1,1,CGCTCAGGCGTTTGCCTATG,0,4705138
ybiY_ybiW_predicted,0.5,1,1,CGCTACCGATTGTTAGCGAT,0,4697519
ybiY_ybiW_predicted,0.5,1,1,CGCGTCGGCGAGCTGCTGCA,0,4701095
ybiY_ybiW_predicted,0.5,1,1,CGCGTACCAAATGTGTTAAG,0,4727663
ybiY_ybiW_predicted,0.5,1,1,CGCGTACATTCTAAACCAGG,0,4715914
ybiY_ybiW_predicted,0.5,1,1,CGCGGTTTGAAGTTTGCAAC,0,4728980
ybiY_ybiW_predicted,0.5,1,1,CGCGGTGCTGTCCACGCTAG,0,4719667
ybiY_ybiW_predicted,0.5,1,1,CGCGGGGTAGACTTCACGGA,0,4719670
ybiY_ybiW_predicted,0.5,1,1,CGCGCTAGAGGTGAGGTTTA,0,4713784
ybiY_ybiW_predicted,0.5,1,1,CGCGCTACCACATCACTGAG,0,4722891
ybiY_ybiW_predicted,0.5,1,1,CGCGCGTTGGTACCCGGATC,0,4696006
ybiY_ybiW_predicted,0.5,1,1,CGCGCGCCGGAGGCTTTAGT,0,4692087
ybiY_ybiW_predicted,0.5,1,1,CGCGCAGGCAGGTACCTCGT,0,4725527
ybiY_ybiW_predicted,0.5,1,1,CGCGAGCATTAATGCCTAAT,0,4723235
ybiY_ybiW_predicted,0.5,1,1,CGCGAGACGGGCCGACAGTG,0,4708245
ybiY_ybiW_predicted,0.5,1,1,CGCGAGAAGGGTAGTATGCT,0,4710099
ybiY_ybiW_predicted,0.5,1,1,CGCCTCGATGAATAATTTCA,0,4712309
ybiY_ybiW_predicted,0.5,1,1,CGCCGAACCGATTGACGAGT,0,4719720
ybiY_ybiW_predicted,0.5,1,1,CGCCCTCAGGGTGGCGGCAG,0,4714112
ybiY_ybiW_predicted,0.5,1,1,CGCCCCCTCAGGTGCCTTAG,0,4727980
ybiY_ybiW_predicted,0.5,1,1,CGCCCCCGGACTCGGTGACC,0,4711258
ybiY_ybiW_predicted,0.5,1,1,CGCCATTCCGGCGGGGCATT,0,4723073
ybiY_ybiW_predicted,0.5,1,1,CGCCAGGAGCCGCGCACGTG,0,4726782
ybiY_ybiW_predicted,0.5,1,1,CGCCAGCCTGTAGCGCATTC,0,4725153
ybiY_ybiW_predicted,0.5,1,1,CGCATTCAGGTTCCGGATTC,0,4706989
ybiY_ybiW_predicted,0.5,1,1,CGCATGGACCAGCCCTCGAC,0,4724815
ybiY_ybiW_predicted,0.5,1,1,CGCAGTGGTGACCTCTGGTT,0,4699063
ybiY_ybiW_predicted,0.5,1,1,CGCAATGTTCAGCCTCGGTA,0,4717009
ybiY_ybiW_predicted,0.5,1,1,CGCAAGGGGCAACCTTAAGT,0,4712652
ybiY_ybiW_predicted,0.5,1,1,CGATTTTCTGTGATCATGTA,0,4722857
ybiY_ybiW_predicted,0.5,1,1,CGATTGGTGATCAAGCTGGA,0,4719816
ybiY_ybiW_predicted,0.5,1,1,CGATTATGTCTAAATGCGCC,0,4725277
ybiY_ybiW_predicted,0.5,1,1,CGATCTACGCGCCTTCTGTG,0,4728346
ybiY_ybiW_predicted,0.5,1,1,CGATCCTCATCCGTAACAGT,0,4724027
ybiY_ybiW_predicted,0.5,1,1,CGATAGCTTCCTGGATCCTA,0,4691774
ybiY_ybiW_predicted,0.5,1,1,CGATAACGTGGCTATGCAGC,0,4705903
ybiY_ybiW_predicted,0.5,1,1,CGAGTAATCACGGCTGAAAC,0,4706542
ybiY_ybiW_predicted,0.5,1,1,CGAGGAAAGATTAGATGGCT,0,4718511
ybiY_ybiW_predicted,0.5,1,1,CGAGCTTCGTGTACGAGCTA,0,4717658
ybiY_ybiW_predicted,0.5,1,1,CGAGCGTCTAGTACGGTTTT,0,4705311
ybiY_ybiW_predicted,0.5,1,1,CGAGAGAACTGGGGATGCTG,0,4725361
ybiY_ybiW_predicted,0.5,1,1,CGAGACGGTGCGGATTGTTT,0,4708149
ybiY_ybiW_predicted,0.5,1,1,CGAGAAAATCGCCATCGTGT,0,4700375
ybiY_ybiW_predicted,0.5,1,1,CGACTAATTGAGCATACCCG,0,4727849
ybiY_ybiW_predicted,0.5,1,1,CGACGTTTGTCATTGTGTTA,0,4711834
ybiY_ybiW_predicted,0.5,1,1,CGACCAGTGGGCGTAAGAAT,0,4727985
ybiY_ybiW_predicted,0.5,1,1,CGAATTTTGTACGATATATC,0,4731687
ybiY_ybiW_predicted,0.5,1,1,CGAATTGCTATGAACTGGAC,0,4708339
ybiY_ybiW_predicted,0.5,1,1,CGAATCCCTGTAAACAGCCT,0,4731284
ybiY_ybiW_predicted,0.5,1,1,CGAACTTGGTGTGAGTGTTT,0,4732115
ybiY_ybiW_predicted,0.5,1,1,CGAACTGGAAGCGCTCTTAC,0,4713336
ybiY_ybiW_predicted,0.5,1,1,CGAACCGTGATCTTTCGGAG,0,4710202
ybiY_ybiW_predicted,0.5,1,1,CGAACACGGATGAATTTCTG,0,4696661
ybiY_ybiW_predicted,0.5,1,1,CGAAATAAGGACGTGTTTGT,0,4713808
ybiY_ybiW_predicted,0.5,1,1,CCTTTTTAACACCAGATCTT,0,4721888
ybiY_ybiW_predicted,0.5,1,1,CCTTTGCGCTCCGGAGCTCA,0,4722440
ybiY_ybiW_predicted,0.5,1,1,CCTTTCCCGAGATGGCAATT,0,4700868
ybiY_ybiW_predicted,0.5,1,1,CCTTGGGAAACACTTCGCAG,0,4712478
ybiY_ybiW_predicted,0.5,1,1,CCTTGAGTGACGGGCTTCTC,0,4726494
ybiY_ybiW_predicted,0.5,1,1,CCTTCGTAGAGACTTGTCGT,0,4704052
ybiY_ybiW_predicted,0.5,1,1,CCTGTGGTTTTTGTAGCCGA,0,4710452
ybiY_ybiW_predicted,0.5,1,1,CCTGGGATCATGGAATCACA,0,4707817
ybiY_ybiW_predicted,0.5,1,1,CCTGGAAGGCTATCTGAGCT,0,4710501
ybiY_ybiW_predicted,0.5,1,1,CCTGACGAAACGACTAGGAG,0,4696232
ybiY_ybiW_predicted,0.5,1,1,CCTGAAATGGCTCTAGAGCT,0,4732613
ybiY_ybiW_predicted,0.5,1,1,CCTGAAAACGCCCCGGGAAT,0,4727471
ybiY_ybiW_predicted,0.5,1,1,CCTCTAACCGGCGCTCCATT,0,4719324
ybiY_ybiW_predicted,0.5,1,1,CCTCCTGGGACACATTACCA,0,4696821
ybiY_ybiW_predicted,0.5,1,1,CCTCCATGCGCTTGACCTTT,0,4719478
ybiY_ybiW_predicted,0.5,1,1,CCTCATGTTTGCTGGACGAA,0,4726472
ybiY_ybiW_predicted,0.5,1,1,CCTATTAATCGGCAGCTCTT,0,4689216
ybiY_ybiW_predicted,0.5,1,1,CCTAGGACCATCTTAGCCTA,0,4725733
ybiY_ybiW_predicted,0.5,1,1,CCTAGCAGGGTCCAGGTAGA,0,4702716
ybiY_ybiW_predicted,0.5,1,1,CCTAATGTACCGATTCCTTT,0,4723939
ybiY_ybiW_predicted,0.5,1,1,CCGTTACTGTACTTGGACAG,0,4696890
ybiY_ybiW_predicted,0.5,1,1,CCGTGAACGGGGCGTTGGGA,0,4715235
ybiY_ybiW_predicted,0.5,1,1,CCGTCGCGGATCGCCTAGAG,0,4716474
ybiY_ybiW_predicted,0.5,1,1,CCGGTGAGTTCTCATGACCC,0,4723759
ybiY_ybiW_predicted,0.5,1,1,CCGGGGACATGTGCCCCTGT,0,4719019
ybiY_ybiW_predicted,0.5,1,1,CCGGACCGGTAACATTGGCC,0,4730554
ybiY_ybiW_predicted,0.5,1,1,CCGCGCAACCCGAACCATGT,0,4693826
ybiY_ybiW_predicted,0.5,1,1,CCGCGCAAAGGAACGAAGAG,0,4697225
ybiY_ybiW_predicted,0.5,1,1,CCGCGAACCCCAGTGGTTAA,0,4731851
ybiY_ybiW_predicted,0.5,1,1,CCGCCCGCGCGAACCCACGC,0,4725495
ybiY_ybiW_predicted,0.5,1,1,CCGCACCTTTCCTAATTTTG,0,4724632
ybiY_ybiW_predicted,0.5,1,1,CCGATTGAGGGGTCTCACCA,0,4725469
ybiY_ybiW_predicted,0.5,1,1,CCGATGTACCAGTTCCAGGC,0,4709743
ybiY_ybiW_predicted,0.5,1,1,CCGATAGGTACTAAGACGCT,0,4690023
ybiY_ybiW_predicted,0.5,1,1,CCGATAATGCATGACCTGTC,0,4694962
ybiY_ybiW_predicted,0.5,1,1,CCGACGTGAAGACACTGCGC,0,4722797
ybiY_ybiW_predicted,0.5,1,1,CCGACGGCTGCGTAGATATT,0,4700815
ybiY_ybiW_predicted,0.5,1,1,CCGACCGTGGATTACCGCGT,0,4730383
ybiY_ybiW_predicted,0.5,1,1,CCGACCGAGCTCGCATGGTT,0,4707274
ybiY_ybiW_predicted,0.5,1,1,CCCTTGGGGGCCAGAGGGCT,0,4712520
ybiY_ybiW_predicted,0.5,1,1,CCCTTGGATTATACGTCTCG,0,4705240
ybiY_ybiW_predicted,0.5,1,1,CCCTTGCGTGATGCCGACGA,0,4701299
ybiY_ybiW_predicted,0.5,1,1,CCCTGTCTCTCTCCCTTAAG,0,4696109
ybiY_ybiW_predicted,0.5,1,1,CCCTGGGCTGCCGATAACAA,0,4705638
ybiY_ybiW_predicted,0.5,1,1,CCCTACTTTGGATGTTTCGA,0,4720173
ybiY_ybiW_predicted,0.5,1,1,CCCGTGTTCGTTGGACGGGA,0,4706983
ybiY_ybiW_predicted,0.5,1,1,CCCGTGAGGTAAGGTACACC,0,4730370
ybiY_ybiW_predicted,0.5,1,1,CCCGGTTGTTTTCGTAAGAC,0,4693696
ybiY_ybiW_predicted,0.5,1,1,CCCGGGCCTTGTTTACACTT,0,4706868
ybiY_ybiW_predicted,0.5,1,1,CCCGAAATTAGAATCGTTTG,0,4726470
ybiY_ybiW_predicted,0.5,1,1,CCCCTGTCTCACGATGTCCA,0,4705302
ybiY_ybiW_predicted,0.5,1,1,CCCCTAATTACGATGCTTTC,0,4725532
ybiY_ybiW_predicted,0.5,1,1,CCCCGCTAGGTGCATTCGCG,0,4692375
ybiY_ybiW_predicted,0.5,1,1,CCCCGCGATGGGGTACCGTG,0,4716045
ybiY_ybiW_predicted,0.5,1,1,CCCCGAGGAAGCAGTCCCTC,0,4721451
ybiY_ybiW_predicted,0.5,1,1,CCCCCCGTACCCTGGCCAGG,0,4708257
ybiY_ybiW_predicted,0.5,1,1,CCCCAGGCTCCTCGAGTTAC,0,4717237
ybiY_ybiW_predicted,0.5,1,1,CCCCAGCCACCTCGACATGA,0,4699125
ybiY_ybiW_predicted,0.5,1,1,CCCATTTTGAGGGGTGGCCT,0,4713209
ybiY_ybiW_predicted,0.5,1,1,CCCATTTGTTTCTCAACGGG,0,4730228
ybiY_ybiW_predicted,0.5,1,1,CCCATCGTGTAACTCGGCGA,0,4717383
ybiY_ybiW_predicted,0.5,1,1,CCCATCATCATATAAGCGCC,0,4717263
ybiY_ybiW_predicted,0.5,1,1,CCCAGTTCTGCCATGTGACC,0,4703305
ybiY_ybiW_predicted,0.5,1,1,CCCAGTTACAGTGGTTGCTT,0,4726342
ybiY_ybiW_predicted,0.5,1,1,CCCACGTTCGAGCTGTCGTG,0,4722246
ybiY_ybiW_predicted,0.5,1,1,CCCACGTTAAGTGAAGGTCA,0,4705805
ybiY_ybiW_predicted,0.5,1,1,CCCACGCCAATGTCCCGGCA,0,4719752
ybiY_ybiW_predicted,0.5,1,1,CCCACCCCGGGGGTCATTAT,0,4694788
ybiY_ybiW_predicted,0.5,1,1,CCCACAGGGTTGTAACTTTG,0,4712034
ybiY_ybiW_predicted,0.5,1,1,CCCAATGTTAGAAGCCCACA,0,4717156
ybiY_ybiW_predicted,0.5,1,1,CCATTGGCGCTCCGACGTCG,0,4689261
ybiY_ybiW_predicted,0.5,1,1,CCATTATAAATTTGAGAACA,0,4701350
ybiY_ybiW_predicted,0.5,1,1,CCATTAAGTCCTACTGATAT,0,4710570
ybiY_ybiW_predicted,0.5,1,1,CCATGTGAGGGTGATTATAC,0,4698774
ybiY_ybiW_predicted,0.5,1,1,CCATGTCGATCGTATTCTGA,0,4694267
ybiY_ybiW_predicted,0.5,1,1,CCATGTACCGATCTGACCCC,0,4690770
ybiY_ybiW_predicted,0.5,1,1,CCATGGCATTCTCCTTCACG,0,4698539
ybiY_ybiW_predicted,0.5,1,1,CCATCTAGGCGGGAGCCGCA,0,4706968
ybiY_ybiW_predicted,0.5,1,1,CCATCGTTCTACATTCTTGC,0,4715660
ybiY_ybiW_predicted,0.5,1,1,CCATCGCCAAAGCGAAACGC,0,4714463
ybiY_ybiW_predicted,0.5,1,1,CCATCGCAACCCATGCTGAA,0,4723444
ybiY_ybiW_predicted,0.5,1,1,CCATCCGCTTGGGGCCAGTA,0,4728801
ybiY_ybiW_predicted,0.5,1,1,CCATCATACCCTACGGGCGT,0,4717924
ybiY_ybiW_predicted,0.5,1,1,CCATCAGATCCTTACGACTT,0,4717139
ybiY_ybiW_predicted,0.5,1,1,CCATAGCAAGGCCTCGTTCG,0,4698703
ybiY_ybiW_predicted,0.5,1,1,CCATACCCGAACAAATCCTA,0,4718944
ybiY_ybiW_predicted,0.5,1,1,CCATACCACAGGGGCCTTTG,0,4689558
ybiY_ybiW_predicted,0.5,1,1,CCAGTTTACGGTCATCAAAA,0,4704412
ybiY_ybiW_predicted,0.5,1,1,CCAGGGGCGTCTGCGGTGTC,0,4706215
ybiY_ybiW_predicted,0.5,1,1,CCAGGATGGCGGGTTTATCT,0,4691306
ybiY_ybiW_predicted,0.5,1,1,CCAGCTCGATAAAGACACAT,0,4723686
ybiY_ybiW_predicted,0.5,1,1,CCAGATTTTATACACTAGAA,0,4718889
ybiY_ybiW_predicted,0.5,1,1,CCAGAGTCTCCTTGATCGGC,0,4729109
ybiY_ybiW_predicted,0.5,1,1,CCAGAGGCTATAGTAAATAT,0,4729991
ybiY_ybiW_predicted,0.5,1,1,CCAGACGCAGCCTATGATAA,0,4716322
ybiY_ybiW_predicted,0.5,1,1,CCACTTAAGGGCGCAGATCA,0,4704500
ybiY_ybiW_predicted,0.5,1,1,CCACTGTTCTCCAGTTACGA,0,4689877
ybiY_ybiW_predicted,0.5,1,1,CCACGGAGGGTGTTGTTAGG,0,4718886
ybiY_ybiW_predicted,0.5,1,1,CCACCTTGTGTGCACACTGT,0,4714174
ybiY_ybiW_predicted,0.5,1,1,CCAATCAGGAGTAAGCATCA,0,4725872
ybiY_ybiW_predicted,0.5,1,1,CCAATAGCTAAGCAATTTGT,0,4727593
ybiY_ybiW_predicted,0.5,1,1,CCAAGTCTTTAATAGGTCTA,0,4706950
ybiY_ybiW_predicted,0.5,1,1,CCAAGGTCGCGGCTTTTACA,0,4731507
ybiY_ybiW_predicted,0.5,1,1,CCAAACTTGGCTAAGACCCC,0,4729091
ybiY_ybiW_predicted,0.5,1,1,CATTGTTACGGTGGGCAGGT,0,4720504
ybiY_ybiW_predicted,0.5,1,1,CATTGGTCAAAAGTGCGCTT,0,4693242
ybiY_ybiW_predicted,0.5,1,1,CATTGCCGGTTATCCCTGAA,0,4725207
ybiY_ybiW_predicted,0.5,1,1,CATTCTGCGGCTCATTTCGC,0,4711010
ybiY_ybiW_predicted,0.5,1,1,CATTCATGCGACTGCAATGT,0,4701820
ybiY_ybiW_predicted,0.5,1,1,CATTAGAAACATTTAGACAA,0,4721878
ybiY_ybiW_predicted,0.5,1,1,CATTAAAGAAGATGTAAGTA,0,4704523
ybiY_ybiW_predicted,0.5,1,1,CATGTTTGTGTGCACCCGGT,0,4727047
ybiY_ybiW_predicted,0.5,1,1,CATGTCTCGGCGACGGAGAG,0,4714888
ybiY_ybiW_predicted,0.5,1,1,CATGTCAGGAAACAATCGGG,0,4698078
ybiY_ybiW_predicted,0.5,1,1,CATGTACTTGGGCTTAGGGA,0,4702549
ybiY_ybiW_predicted,0.5,1,1,CATGGGGGCCTTCGCCTATC,0,4714873
ybiY_ybiW_predicted,0.5,1,1,CATGGCGCAGGCATATTGTA,0,4691164
ybiY_ybiW_predicted,0.5,1,1,CATGGACATATATAGCCAAG,0,4718137
ybiY_ybiW_predicted,0.5,1,1,CATGAAAATTCAAAGGCAGT,0,4711312
ybiY_ybiW_predicted,0.5,1,1,CATCTGTCAATGATTGCAAG,0,4707945
ybiY_ybiW_predicted,0.5,1,1,CATCTCGCTCGTTCGGGACA,0,4720633
ybiY_ybiW_predicted,0.5,1,1,CATCTACAGAGCGCTACTAT,0,4707040
ybiY_ybiW_predicted,0.5,1,1,CATCGTCCAATATTATCTGG,0,4706473
ybiY_ybiW_predicted,0.5,1,1,CATCCGACGTTGTTTCAGTG,0,4724374
ybiY_ybiW_predicted,0.5,1,1,CATCCCTCGCCCTAATAGGT,0,4690513
ybiY_ybiW_predicted,0.5,1,1,CATCAAAGTGCACCGGGCGT,0,4715912
ybiY_ybiW_predicted,0.5,1,1,CATAGAGGGGGCAACCGATA,0,4711273
ybiY_ybiW_predicted,0.5,1,1,CATACTAACGACATTTCGTG,0,4728886
ybiY_ybiW_predicted,0.5,1,1,CATACGGTGGCAGCTAATCT,0,4719503
ybiY_ybiW_predicted,0.5,1,1,CATACGGGTATGGCTCCGAA,0,4689527
ybiY_ybiW_predicted,0.5,1,1,CATAATCGTCCCCCGTGTCC,0,4706998
ybiY_ybiW_predicted,0.5,1,1,CATAAGCGGGAGTCCCATCA,0,4731297
ybiY_ybiW_predicted,0.5,1,1,CATAACATTGTTATTACTTG,0,4711324
ybiY_ybiW_predicted,0.5,1,1,CAGTTACCATTTATATTTGA,0,4730014
ybiY_ybiW_predicted,0.5,1,1,CAGTGAGGATCTTTCTGAAG,0,4697961
ybiY_ybiW_predicted,0.5,1,1,CAGTGAGACTTTCGTGCTTG,0,4713444
ybiY_ybiW_predicted,0.5,1,1,CAGTCTGACAACGCGCTGTT,0,4722851
ybiY_ybiW_predicted,0.5,1,1,CAGTCGTGCCCTAGTCGCAA,0,4708643
ybiY_ybiW_predicted,0.5,1,1,CAGTCCCCGCGTCTCGACTG,0,4694911
ybiY_ybiW_predicted,0.5,1,1,CAGTATCATGATTGTAAGAG,0,4704238
ybiY_ybiW_predicted,0.5,1,1,CAGTATATACGTGTCCTCAC,0,4715391
ybiY_ybiW_predicted,0.5,1,1,CAGGTGGCCATTGTCAAGGT,0,4719848
ybiY_ybiW_predicted,0.5,1,1,CAGGTCCAGGGCTAGCGTCC,0,4718374
ybiY_ybiW_predicted,0.5,1,1,CAGGGGCGTCCATCATTGCG,0,4714863
ybiY_ybiW_predicted,0.5,1,1,CAGGATTTGAGTACGTTCCT,0,4727591
ybiY_ybiW_predicted,0.5,1,1,CAGGAACTGCGCCTGTATGA,0,4721313
ybiY_ybiW_predicted,0.5,1,1,CAGCGAGGAACAATAGGGCA,0,4726695
ybiY_ybiW_predicted,0.5,1,1,CAGCCGCTGGAAGGATTAGT,0,4729529
ybiY_ybiW_predicted,0.5,1,1,CAGCATGTTGATTTTCGGAT,0,4715318
ybiY_ybiW_predicted,0.5,1,1,CAGATTTGGGCTAGCACAGC,0,4707396
ybiY_ybiW_predicted,0.5,1,1,CAGATACTCTACTATTCAGT,0,4728558
ybiY_ybiW_predicted,0.5,1,1,CAGACTTAACCCACGGCAGT,0,4702271
ybiY_ybiW_predicted,0.5,1,1,CAGACACCACGTGCACCATT,0,4696727
ybiY_ybiW_predicted,0.5,1,1,CAGAACTCCAGATAGCGAGG,0,4691761
ybiY_ybiW_predicted,0.5,1,1,CAGAAAGCTAGAGAACGGGG,0,4706587
ybiY_ybiW_predicted,0.5,1,1,CAGAAACCTTGGGGAGGAGC,0,4704948
ybiY_ybiW_predicted,0.5,1,1,CACTTCAATGGTCAGGATCT,0,4709366
ybiY_ybiW_predicted,0.5,1,1,CACTTATGGTGGGCAATTTC,0,4727173
ybiY_ybiW_predicted,0.5,1,1,CACTTACGCTGGCTCAATAT,0,4714428
ybiY_ybiW_predicted,0.5,1,1,CACTGGCCCCTATATACGAC,0,4691713
ybiY_ybiW_predicted,0.5,1,1,CACTGGACTTGGGATAGAAG,0,4712472
ybiY_ybiW_predicted,0.5,1,1,CACTCTTGAAATCCAGGTAC,0,4717887
ybiY_ybiW_predicted,0.5,1,1,CACTCGTTTGGTTGAGCGTC,0,4688864
ybiY_ybiW_predicted,0.5,1,1,CACTCAAGAATTAATTATAG,0,4692446
ybiY_ybiW_predicted,0.5,1,1,CACTAGGTACGCAATGCTTG,0,4725150
ybiY_ybiW_predicted,0.5,1,1,CACTACAACCATGTGCAACC,0,4721093
ybiY_ybiW_predicted,0.5,1,1,CACTAATATTACCAGAACAT,0,4716491
ybiY_ybiW_predicted,0.5,1,1,CACTAAAGTAGCGCCTTCTC,0,4712878
ybiY_ybiW_predicted,0.5,1,1,CACGTCGATTTTGGCGCTGA,0,4699539
ybiY_ybiW_predicted,0.5,1,1,CACGTCCCAAGGCCCGGGGT,0,4709145
ybiY_ybiW_predicted,0.5,1,1,CACGGTGCGACTTGAGTCTC,0,4715861
ybiY_ybiW_predicted,0.5,1,1,CACGGTACCGGGTGGAAGAA,0,4704092
ybiY_ybiW_predicted,0.5,1,1,CACGGCCGCAGAGAGGAAAT,0,4708900
ybiY_ybiW_predicted,0.5,1,1,CACGGATTTTCTCAGTGAGG,0,4715716
ybiY_ybiW_predicted,0.5,1,1,CACGCAGCGTTTTAGCATCA,0,4705411
ybiY_ybiW_predicted,0.5,1,1,CACCGGGACTGGTACATCGC,0,4716036
ybiY_ybiW_predicted,0.5,1,1,CACCGCGTGAGCGGCCTATT,0,4694845
ybiY_ybiW_predicted,0.5,1,1,CACCCTGGATATCGGAGTTT,0,4694664
ybiY_ybiW_predicted,0.5,1,1,CACCCGCCGAGAAATAGCCT,0,4691837
ybiY_ybiW_predicted,0.5,1,1,CACCCCCCGATTTTCGCACC,0,4697480
ybiY_ybiW_predicted,0.5,1,1,CACCAGAAGGTGCCGCCCCT,0,4726434
ybiY_ybiW_predicted,0.5,1,1,CACATGCGCCTGGGCGCGCG,0,4708521
ybiY_ybiW_predicted,0.5,1,1,CACATCGCAGAGCGGCTTTG,0,4731839
ybiY_ybiW_predicted,0.5,1,1,CACAGGGTAGGGACGCCCAA,0,4719574
ybiY_ybiW_predicted,0.5,1,1,CACAGACTGCTCTAGTATTG,0,4718899
ybiY_ybiW_predicted,0.5,1,1,CACACTGTGTCGTCAATTCA,0,4689282
ybiY_ybiW_predicted,0.5,1,1,CAATTCGGGATGTCAACAGG,0,4711138
ybiY_ybiW_predicted,0.5,1,1,CAATTCCTTAACATGCGGTA,0,4711547
ybiY_ybiW_predicted,0.5,1,1,CAATTAAATGTCACACGCTG,0,4726274
ybiY_ybiW_predicted,0.5,1,1,CAATGGAGCCTTATCTGGGT,0,4706746
ybiY_ybiW_predicted,0.5,1,1,CAATGCATAGAAGATTAAAT,0,4701644
ybiY_ybiW_predicted,0.5,1,1,CAATCTGCAGGGGGTAGTTG,0,4696748
ybiY_ybiW_predicted,0.5,1,1,CAATCACATAGGATGATCCT,0,4722842
ybiY_ybiW_predicted,0.5,1,1,CAATAGGTGAGGGGGCCATA,0,4725708
ybiY_ybiW_predicted,0.5,1,1,CAATAGCTTATTTGTGCTGC,0,4698794
ybiY_ybiW_predicted,0.5,1,1,CAATACTGGTGCAGCAGTTG,0,4710239
ybiY_ybiW_predicted,0.5,1,1,CAAGTAGGCCGAAGCCTTTA,0,4731951
ybiY_ybiW_predicted,0.5,1,1,CAAGCTTTATCGGTGGTGTA,0,4689623
ybiY_ybiW_predicted,0.5,1,1,CAAGCTCACGAGGTACGCGA,0,4703892
ybiY_ybiW_predicted,0.5,1,1,CAAGCATAGATGGGGAACAC,0,4726362
ybiY_ybiW_predicted,0.5,1,1,CAACGTAAGTATAGGGGGAA,0,4699447
ybiY_ybiW_predicted,0.5,1,1,CAACAGGGGTGGTGATTGTC,0,4731196
ybiY_ybiW_predicted,0.5,1,1,CAAATGAGAGCATCTATCAA,0,4700159
ybiY_ybiW_predicted,0.5,1,1,CAAAGTATAACTCCCGAACC,0,4692385
ybiY_ybiW_predicted,0.5,1,1,CAAAGCACATAACGCGAAGC,0,4698891
ybiY_ybiW_predicted,0.5,1,1,CAAAGACGGAGGTCGATGCT,0,4689097
ybiY_ybiW_predicted,0.5,1,1,CAAACATGTTTACTTTAAGA,0,4731530
ybiY_ybiW_predicted,0.5,1,1,CAAACACGTAGTTCAACCTG,0,4725997
ybiY_ybiW_predicted,0.5,1,1,ATTTTTGTTCCGAACCCCTT,0,4703087
ybiY_ybiW_predicted,0.5,1,1,ATTTTGCTATGTATATACCA,0,4700614
ybiY_ybiW_predicted,0.5,1,1,ATTTTCGTAGGGACCATCCC,0,4711615
ybiY_ybiW_predicted,0.5,1,1,ATTTGAGCTAGCACTGGTAG,0,4707671
ybiY_ybiW_predicted,0.5,1,1,ATTTCAAATTAAGCGATTGG,0,4716728
ybiY_ybiW_predicted,0.5,1,1,ATTTATTGAGCAGCCAAACC,0,4726471
ybiY_ybiW_predicted,0.5,1,1,ATTTATCCATGACCTTACTA,0,4719175
ybiY_ybiW_predicted,0.5,1,1,ATTTAGGTTCACTACTAGAC,0,4710603
ybiY_ybiW_predicted,0.5,1,1,ATTTACACGGATGAGCATCT,0,4688512
ybiY_ybiW_predicted,0.5,1,1,ATTGTTTTGTCCACAGACGG,0,4730361
ybiY_ybiW_predicted,0.5,1,1,ATTGTGTGAGAATAAATGAC,0,4699035
ybiY_ybiW_predicted,0.5,1,1,ATTGTAACATCACTCAGCTA,0,4695672
ybiY_ybiW_predicted,0.5,1,1,ATTGCCAAGATGCGTGGATA,0,4730978
ybiY_ybiW_predicted,0.5,1,1,ATTGAGTGTAAGCGTAGAGC,0,4691044
ybiY_ybiW_predicted,0.5,1,1,ATTCTTGCATATTCATTAAG,0,4702911
ybiY_ybiW_predicted,0.5,1,1,ATTCTTACGCTAGTGAAAGT,0,4700279
ybiY_ybiW_predicted,0.5,1,1,ATTCTGGGTTGGCTCAAATG,0,4725050
ybiY_ybiW_predicted,0.5,1,1,ATTCGGATAGGCTTTTAAGT,0,4697934
ybiY_ybiW_predicted,0.5,1,1,ATTCCAAGGCGCTTGCAAGG,0,4710993
ybiY_ybiW_predicted,0.5,1,1,ATTCAGTTACTGTTCCGAAT,0,4710576
ybiY_ybiW_predicted,0.5,1,1,ATTCACGATGTGCCAGTATC,0,4709157
ybiY_ybiW_predicted,0.5,1,1,ATTAGCCCTCCGGACTAAGC,0,4690789
ybiY_ybiW_predicted,0.5,1,1,ATTAGCAAGAAAGACCGCCG,0,4708823
ybiY_ybiW_predicted,0.5,1,1,ATTACGGCCGCGCATCTTAG,0,4709466
ybiY_ybiW_predicted,0.5,1,1,ATTACATGGGATACCTCCCA,0,4705435
ybiY_ybiW_predicted,0.5,1,1,ATTAATTCTACTAATCGCCG,0,4721018
ybiY_ybiW_predicted,0.5,1,1,ATTAAGTCCGGCAGATTAGT,0,4728517
ybiY_ybiW_predicted,0.5,1,1,ATTAAGATTGTGCTTCACAT,0,4714602
ybiY_ybiW_predicted,0.5,1,1,ATTAAACATCTGTACATGTA,0,4727048
ybiY_ybiW_predicted,0.5,1,1,ATGTTGAGTATAGCCGGGAT,0,4722376
ybiY_ybiW_predicted,0.5,1,1,ATGTTCTCGGGTTTATGCCT,0,4688994
ybiY_ybiW_predicted,0.5,1,1,ATGTTCACACGGGCTCTACG,0,4708626
ybiY_ybiW_predicted,0.5,1,1,ATGTCTTTATAGGGTGACGG,0,4689966
ybiY_ybiW_predicted,0.5,1,1,ATGTCTGACTAGCACATCGA,0,4729336
ybiY_ybiW_predicted,0.5,1,1,ATGTCATTTTGCCGTCCTTA,0,4702244
ybiY_ybiW_predicted,0.5,1,1,ATGTATCCCAACCACACGTA,0,4727848
ybiY_ybiW_predicted,0.5,1,1,ATGGTTAAATGGCACGGTAT,0,4730602
ybiY_ybiW_predicted,0.5,1,1,ATGGGCCGCATTCGAATCAC,0,4693872
ybiY_ybiW_predicted,0.5,1,1,ATGGGATGGCCTAGTTTGGG,0,4708688
ybiY_ybiW_predicted,0.5,1,1,ATGGAGTTTGCTGTGGTTAC,0,4704946
ybiY_ybiW_predicted,0.5,1,1,ATGCTTGGCCCCTTTATTGG,0,4694615
ybiY_ybiW_predicted,0.5,1,1,ATGCTAGGGATTAAAGCATA,0,4719838
ybiY_ybiW_predicted,0.5,1,1,ATGCGCGGTGAACAGCTGGG,0,4728895
ybiY_ybiW_predicted,0.5,1,1,ATGCGACAGGGATAATATAA,0,4712509
ybiY_ybiW_predicted,0.5,1,1,ATGCCTGACCAAGTCGTGGT,0,4699963
ybiY_ybiW_predicted,0.5,1,1,ATGCCGCTGTAGTATTACTG,0,4699217
ybiY_ybiW_predicted,0.5,1,1,ATGCATCATTCGTACAGTAC,0,4718697
ybiY_ybiW_predicted,0.5,1,1,ATGCAGGCACAAGGCAATAT,0,4689687
ybiY_ybiW_predicted,0.5,1,1,ATGATTCGTTGGAGTATCGA,0,4698063
ybiY_ybiW_predicted,0.5,1,1,ATGATCTGCTCTTCACAGTT,0,4730580
ybiY_ybiW_predicted,0.5,1,1,ATGATCCTATTGGACCAAAA,0,4713507
ybiY_ybiW_predicted,0.5,1,1,ATGAGATGGCCCGGCTGTGC,0,4690116
ybiY_ybiW_predicted,0.5,1,1,ATGAGAGGAAACAGTTTCGT,0,4689621
ybiY_ybiW_predicted,0.5,1,1,ATGACCGTGGCCTGATTGCT,0,4715155
ybiY_ybiW_predicted,0.5,1,1,ATGAATTTGGAATCGGTTTG,0,4713179
ybiY_ybiW_predicted,0.5,1,1,ATGAAAATGCGTCCAGTTAT,0,4713036
ybiY_ybiW_predicted,0.5,1,1,ATGAAAACATTCGAGTAATA,0,4703180
ybiY_ybiW_predicted,0.5,1,1,ATCTGCATTTCCGACAATCA,0,4720718
ybiY_ybiW_predicted,0.5,1,1,ATCTCTATTGCCTTGCGAGC,0,4700485
ybiY_ybiW_predicted,0.5,1,1,ATCTCAGTTCAAACACTCTC,0,4727698
ybiY_ybiW_predicted,0.5,1,1,ATCTATTGCAATGCATAAGT,0,4722176
ybiY_ybiW_predicted,0.5,1,1,ATCGTTAAATTTCGCGTGCG,0,4708031
ybiY_ybiW_predicted,0.5,1,1,ATCGTACATTGGTAGTTTCT,0,4693396
ybiY_ybiW_predicted,0.5,1,1,ATCGGTCTAAGTTGGCGTAT,0,4697163
ybiY_ybiW_predicted,0.5,1,1,ATCGGTCGGGCTGGGGGTCA,0,4721533
ybiY_ybiW_predicted,0.5,1,1,ATCGGTACTTCCCTCTGCTA,0,4730050
ybiY_ybiW_predicted,0.5,1,1,ATCGGGTCACCGAGCTCAAT,0,4704760
ybiY_ybiW_predicted,0.5,1,1,ATCGCTATGACCCCGGATTA,0,4730813
ybiY_ybiW_predicted,0.5,1,1,ATCGCCGGTGCAAAGCATAA,0,4697923
ybiY_ybiW_predicted,0.5,1,1,ATCGCACTAAACGACAATCT,0,4700607
ybiY_ybiW_predicted,0.5,1,1,ATCGATCGAGCCTAGCATTG,0,4705838
ybiY_ybiW_predicted,0.5,1,1,ATCGACAAAGGTTCTCACAA,0,4721189
ybiY_ybiW_predicted,0.5,1,1,ATCCTGGTATCTCTAGATAC,0,4697425
ybiY_ybiW_predicted,0.5,1,1,ATCCTAAAGGTGCACTTTTT,0,4709184
ybiY_ybiW_predicted,0.5,1,1,ATCCGCCGACTTGATCGGTG,0,4713600
ybiY_ybiW_predicted,0.5,1,1,ATCCGCATCCTACGCCGCGG,0,4692810
ybiY_ybiW_predicted,0.5,1,1,ATCCGAAGGTGAGACACGCA,0,4726836
ybiY_ybiW_predicted,0.5,1,1,ATCCCCGTCAATGGGAATAG,0,4731352
ybiY_ybiW_predicted,0.5,1,1,ATCCAGTCAAAATTCGCCAA,0,4704202
ybiY_ybiW_predicted,0.5,1,1,ATCCAACATTTCTAGATTTG,0,4708561
ybiY_ybiW_predicted,0.5,1,1,ATCCAAAGTTACGACATTCA,0,4726788
ybiY_ybiW_predicted,0.5,1,1,ATCATCTGTAACCATGCGTT,0,4689550
ybiY_ybiW_predicted,0.5,1,1,ATCATACATTTACTTCGGCA,0,4697125
ybiY_ybiW_predicted,0.5,1,1,ATCAGGTCGTGCACAATCGG,0,4724776
ybiY_ybiW_predicted,0.5,1,1,ATCAGCTGGGTCGTTACCAA,0,4690451
ybiY_ybiW_predicted,0.5,1,1,ATCAGCCCGACTTCGGTCCT,0,4718202
ybiY_ybiW_predicted,0.5,1,1,ATCAGCCAATTTGTACTGTC,0,4703805
ybiY_ybiW_predicted,0.5,1,1,ATCAGATCTGGGGGCGCCAC,0,4698605
ybiY_ybiW_predicted,0.5,1,1,ATCACTGCCATGTGCTTATA,0,4731903
ybiY_ybiW_predicted,0.5,1,1,ATCACGGTCCAGAGGCAGCA,0,4702110
ybiY_ybiW_predicted,0.5,1,1,ATCAATAAGCTGTATCACCT,0,4708130
ybiY_ybiW_predicted,0.5,1,1,ATCAAAGATTCTCGGGGTCT,0,4719001
ybiY_ybiW_predicted,0.5,1,1,ATATTTTTTGTCGAAGCTAG,0,4702695
ybiY_ybiW_predicted,0.5,1,1,ATATTGTCGGATTTTCTGTA,0,4717137
ybiY_ybiW_predicted,0.5,1,1,ATATTAAAGGACTACAACTC,0,4707842
ybiY_ybiW_predicted,0.5,1,1,ATATGTCTGCTGTGAGGACG,0,4723119
ybiY_ybiW_predicted,0.5,1,1,ATATGCAGACCATCATAAAA,0,4725642
ybiY_ybiW_predicted,0.5,1,1,ATATGATCATCCATTTGTCT,0,4701846
ybiY_ybiW_predicted,0.5,1,1,ATATCTCTGCATGCCAAGGT,0,4704172
ybiY_ybiW_predicted,0.5,1,1,ATATCTCCGTTCATGCGACG,0,4708528
ybiY_ybiW_predicted,0.5,1,1,ATATAGTCAGCGAATCCCCA,0,4726645
ybiY_ybiW_predicted,0.5,1,1,ATAGTGTCGATCTGCGTATT,0,4716206
ybiY_ybiW_predicted,0.5,1,1,ATAGTCTTTCGTAACACTCC,0,4725236
ybiY_ybiW_predicted,0.5,1,1,ATAGGGTAACGAACCAGTCC,0,4693462
ybiY_ybiW_predicted,0.5,1,1,ATAGCGCGACCATGTTTGAA,0,4709907
ybiY_ybiW_predicted,0.5,1,1,ATACTTGTAGTGACAGAACC,0,4729933
ybiY_ybiW_predicted,0.5,1,1,ATACTGTTTTGGTCGCTGGT,0,4711271
ybiY_ybiW_predicted,0.5,1,1,ATACGTGTCGCGATCGTGGG,0,4724482
ybiY_ybiW_predicted,0.5,1,1,ATACGATGCTGCATTGATTC,0,4730737
ybiY_ybiW_predicted,0.5,1,1,ATACAGCCTGAAACCTTCAC,0,4690370
ybiY_ybiW_predicted,0.5,1,1,ATACAGCCATCACGTGGCTT,0,4691961
ybiY_ybiW_predicted,0.5,1,1,ATACAACCGAACCTGTGGTA,0,4691309
ybiY_ybiW_predicted,0.5,1,1,ATAATTTGACTTACGCTGCG,0,4723752
ybiY_ybiW_predicted,0.5,1,1,ATAATCGTGTATGCTGGCCC,0,4723861
ybiY_ybiW_predicted,0.5,1,1,ATAATCGGTGCTAGCGCCCT,0,4717244
ybiY_ybiW_predicted,0.5,1,1,ATAATACGCTGGGTACGCAT,0,4709744
ybiY_ybiW_predicted,0.5,1,1,ATAAGGACATTGGCCTCCGT,0,4712067
ybiY_ybiW_predicted,0.5,1,1,ATAAAGCTGTGGACTTGACC,0,4726050
ybiY_ybiW_predicted,0.5,1,1,ATAAAAGTTAATATTAAGTA,0,4692513
ybiY_ybiW_predicted,0.5,1,1,AGTTTTACCAGATCCAGCCG,0,4728681
ybiY_ybiW_predicted,0.5,1,1,AGTTTCGACTTGGTCATAAT,0,4725449
ybiY_ybiW_predicted,0.5,1,1,AGTTTATTAGGGGTCGAGCA,0,4694831
ybiY_ybiW_predicted,0.5,1,1,AGTTGTTCGTCCACAATATA,0,4707962
ybiY_ybiW_predicted,0.5,1,1,AGTTGTAGTAAAGACGACCG,0,4692211
ybiY_ybiW_predicted,0.5,1,1,AGTTGACCAATCGTTACAGC,0,4710607
ybiY_ybiW_predicted,0.5,1,1,AGTTCTCGTCTGCTTCCTCC,0,4692310
ybiY_ybiW_predicted,0.5,1,1,AGTTCTACGCGGACTACCAT,0,4720901
ybiY_ybiW_predicted,0.5,1,1,AGTTAAGCGCAGACGGAACT,0,4710801
ybiY_ybiW_predicted,0.5,1,1,AGTGTAACATCACATCTTCA,0,4723904
ybiY_ybiW_predicted,0.5,1,1,AGTGGTTTTTAAAGACCGTA,0,4713876
ybiY_ybiW_predicted,0.5,1,1,AGTGGTTAGCCCTCCTACTA,0,4711024
ybiY_ybiW_predicted,0.5,1,1,AGTGGTACTTTAGGTAGTAC,0,4710003
ybiY_ybiW_predicted,0.5,1,1,AGTGGGTGGGACTGGACCGG,0,4695924
ybiY_ybiW_predicted,0.5,1,1,AGTGCCTGGGGCGCGCTAAT,0,4716043
ybiY_ybiW_predicted,0.5,1,1,AGTGCCATCCGAAACATGTT,0,4714612
ybiY_ybiW_predicted,0.5,1,1,AGTGCACTGGCGCCGCGGCC,0,4694195
ybiY_ybiW_predicted,0.5,1,1,AGTGATGCCGCAGATTCGCT,0,4692265
ybiY_ybiW_predicted,0.5,1,1,AGTGACACACGAAGCTTACA,0,4690950
ybiY_ybiW_predicted,0.5,1,1,AGTCGAGCCCGGTATGCTTA,0,4699799
ybiY_ybiW_predicted,0.5,1,1,AGTCCCTGCCTTATTCATCC,0,4715666
ybiY_ybiW_predicted,0.5,1,1,AGTCCAAGAGAATCTGCTCC,0,4712139
ybiY_ybiW_predicted,0.5,1,1,AGTCACGCACCCACTGACTC,0,4707202
ybiY_ybiW_predicted,0.5,1,1,AGTATAGACTTGCGTGATTT,0,4691284
ybiY_ybiW_predicted,0.5,1,1,AGTATACGCAATTAGCCCAA,0,4730841
ybiY_ybiW_predicted,0.5,1,1,AGTAGGAATATCGCTTTGCA,0,4691783
ybiY_ybiW_predicted,0.5,1,1,AGTACTTGGTGCTAAACATT,0,4702606
ybiY_ybiW_predicted,0.5,1,1,AGTACCGTGTCCTGCACCGT,0,4700297
ybiY_ybiW_predicted,0.5,1,1,AGTACATAGTCAAGGGGGCG,0,4726452
ybiY_ybiW_predicted,0.5,1,1,AGGTTGGTGACCCGATATAA,0,4710864
ybiY_ybiW_predicted,0.5,1,1,AGGTTAAATCGTATTGGGAC,0,4704388
ybiY_ybiW_predicted,0.5,1,1,AGGTGTTTTTTCTCAGTGAC,0,4728854
ybiY_ybiW_predicted,0.5,1,1,AGGTGAGTAAAGTTTCTTAT,0,4728110
ybiY_ybiW_predicted,0.5,1,1,AGGTGACCCGGCCGTTCTGT,0,4723183
ybiY_ybiW_predicted,0.5,1,1,AGGTCTGAGTCAACGGATTT,0,4720322
ybiY_ybiW_predicted,0.5,1,1,AGGTATTAGTGCTTCTATCT,0,4730147
ybiY_ybiW_predicted,0.5,1,1,AGGTAGTCTTATTCGCATTC,0,4716864
ybiY_ybiW_predicted,0.5,1,1,AGGTAGCTGTTTGTCAATAG,0,4719981
ybiY_ybiW_predicted,0.5,1,1,AGGTACAGTACCAAGTCCGT,0,4709873
ybiY_ybiW_predicted,0.5,1,1,AGGGTTCATTAAGTGTAATG,0,4712719
ybiY_ybiW_predicted,0.5,1,1,AGGGTTATACTAACGGCCTG,0,4689397
ybiY_ybiW_predicted,0.5,1,1,AGGGTCTCTGCAACCATTCC,0,4689449
ybiY_ybiW_predicted,0.5,1,1,AGGGGTTAAGGGCGCGAGAG,0,4719238
ybiY_ybiW_predicted,0.5,1,1,AGGGGCCAACGACTCCGTAT,0,4711295
ybiY_ybiW_predicted,0.5,1,1,AGGGGACCATCGCAAGTCTT,0,4689142
ybiY_ybiW_predicted,0.5,1,1,AGGGATCAAACAATCCTTAT,0,4701862
ybiY_ybiW_predicted,0.5,1,1,AGGGACCTCGTCGGACAGAA,0,4726170
ybiY_ybiW_predicted,0.5,1,1,AGGCTTCATGCCGGTCATAG,0,4724887
ybiY_ybiW_predicted,0.5,1,1,AGGCTATTTAATGTGTCCGC,0,4688644
ybiY_ybiW_predicted,0.5,1,1,AGGCGTCGGTCAGCCCTACT,0,4704122
ybiY_ybiW_predicted,0.5,1,1,AGGCCATGAGCCCCCGGAAT,0,4704864
ybiY_ybiW_predicted,0.5,1,1,AGGCCACCCTACCTTGAATG,0,4719508
ybiY_ybiW_predicted,0.5,1,1,AGGCAGATGTCCGGTACTAA,0,4699182
ybiY_ybiW_predicted,0.5,1,1,AGGCACCCGGTGCGGTATCT,0,4688498
ybiY_ybiW_predicted,0.5,1,1,AGGACTAAAGGATGTACGGG,0,4723521
ybiY_ybiW_predicted,0.5,1,1,AGGACGGGCGCAGTTTGTAA,0,4726575
ybiY_ybiW_predicted,0.5,1,1,AGGACGCATACCTCTCCACA,0,4693562
ybiY_ybiW_predicted,0.5,1,1,AGGAAGACAGTGATGTGGAT,0,4715970
ybiY_ybiW_predicted,0.5,1,1,AGCTTGTGGGACATCTACCC,0,4710575
ybiY_ybiW_predicted,0.5,1,1,AGCTTGATGTTACATGAGGA,0,4699406
ybiY_ybiW_predicted,0.5,1,1,AGCTTCGTTGTCTTGCTGGT,0,4690366
ybiY_ybiW_predicted,0.5,1,1,AGCTGTGGGTCCTAAAAACA,0,4716918
ybiY_ybiW_predicted,0.5,1,1,AGCTGGTAAACAAGAAGGTC,0,4703378
ybiY_ybiW_predicted,0.5,1,1,AGCTGATGACTTAGCGAAGT,0,4721638
ybiY_ybiW_predicted,0.5,1,1,AGCTAGCGTCCCGTGTAAGT,0,4694098
ybiY_ybiW_predicted,0.5,1,1,AGCTACCTTATTTGTCCCAG,0,4719940
ybiY_ybiW_predicted,0.5,1,1,AGCTACAGAGTGGACTACCG,0,4700294
ybiY_ybiW_predicted,0.5,1,1,AGCTAAGCGCTAAAATGGGA,0,4729455
ybiY_ybiW_predicted,0.5,1,1,AGCGGTATCCTATATACTTG,0,4720481
ybiY_ybiW_predicted,0.5,1,1,AGCGGGATATAATTGTCAGT,0,4726450
ybiY_ybiW_predicted,0.5,1,1,AGCGGAGAAGGATGAAGATA,0,4728220
ybiY_ybiW_predicted,0.5,1,1,AGCGCTAGGGAGGAGGATGA,0,4702507
ybiY_ybiW_predicted,0.5,1,1,AGCGCAAACTCACGGTTCAA,0,4731962
ybiY_ybiW_predicted,0.5,1,1,AGCCTCTGTCCGAAGATTCA,0,4694686
ybiY_ybiW_predicted,0.5,1,1,AGCCGTAGCCCTGGTCGGAC,0,4732256
ybiY_ybiW_predicted,0.5,1,1,AGCCGCAATTTGCCGTATTT,0,4714546
ybiY_ybiW_predicted,0.5,1,1,AGCCATAGGGTCTCGAACAA,0,4688515
ybiY_ybiW_predicted,0.5,1,1,AGCCAAAAGGCGAGTGTGAT,0,4730614
ybiY_ybiW_predicted,0.5,1,1,AGCATAGAAATCTCCTTTTA,0,4722099
ybiY_ybiW_predicted,0.5,1,1,AGCAGCCCTTCAATAACCGA,0,4713749
ybiY_ybiW_predicted,0.5,1,1,AGCACTGCCGGCCTGAGAAA,0,4689478
ybiY_ybiW_predicted,0.5,1,1,AGCAAGGCTGGCAAACCATC,0,4707133
ybiY_ybiW_predicted,0.5,1,1,AGCAACGGGGGACTCGGTGA,0,4698689
ybiY_ybiW_predicted,0.5,1,1,AGATTATGCGCAGAGGGCAA,0,4698546
ybiY_ybiW_predicted,0.5,1,1,AGATCAGTCATCCAGTGGAT,0,4729722
ybiY_ybiW_predicted,0.5,1,1,AGATATGGTACGCTACATTA,0,4700105
ybiY_ybiW_predicted,0.5,1,1,AGAGGGAACAAGACATTTAT,0,4703416
ybiY_ybiW_predicted,0.5,1,1,AGAGGACTTCGTGGATTTGA,0,4691887
ybiY_ybiW_predicted,0.5,1,1,AGAGCGACGTACTGGGGGTG,0,4704733
ybiY_ybiW_predicted,0.5,1,1,AGAGCAAATCGTCACCAGAA,0,4691957
ybiY_ybiW_predicted,0.5,1,1,AGAGACGTCAGTCTTTCCGT,0,4696018
ybiY_ybiW_predicted,0.5,1,1,AGACTGGTACTCCCCAACTA,0,4730720
ybiY_ybiW_predicted,0.5,1,1,AGACTACTTTGCGTTCGTAT,0,4714202
ybiY_ybiW_predicted,0.5,1,1,AGACCTGCCCGCCAGGGATT,0,4712331
ybiY_ybiW_predicted,0.5,1,1,AGACCGTAATTCAATTTTGG,0,4706145
ybiY_ybiW_predicted,0.5,1,1,AGACCGCTCCAGTTAGTCGT,0,4721800
ybiY_ybiW_predicted,0.5,1,1,AGACCCGGTTGTTAGACATT,0,4714019
ybiY_ybiW_predicted,0.5,1,1,AGACCAGCAATGGAGTGAGG,0,4694675
ybiY_ybiW_predicted,0.5,1,1,AGAATTTGAATACAATCCCT,0,4725677
ybiY_ybiW_predicted,0.5,1,1,AGAATTACTATCTACTTTGG,0,4705304
ybiY_ybiW_predicted,0.5,1,1,AGAATATGGTCTGCAGCACA,0,4726789
ybiY_ybiW_predicted,0.5,1,1,AGAAGCTTGTTGCGGGTGAT,0,4700092
ybiY_ybiW_predicted,0.5,1,1,AGAAGCCAAATGTTGGGGCT,0,4712647
ybiY_ybiW_predicted,0.5,1,1,AGAAATGCGACTTTTCCCCA,0,4708314
ybiY_ybiW_predicted,0.5,1,1,ACTTTCCGGAAATGTAAGAT,0,4729245
ybiY_ybiW_predicted,0.5,1,1,ACTTGTGGTATGAGATTATG,0,4730148
ybiY_ybiW_predicted,0.5,1,1,ACTTGTAAGTACTTATGTGT,0,4692453
ybiY_ybiW_predicted,0.5,1,1,ACTTGGCGACCATTGCGGGT,0,4724449
ybiY_ybiW_predicted,0.5,1,1,ACTTATAAGAGCGCTCATGT,0,4719684
ybiY_ybiW_predicted,0.5,1,1,ACTTAGTCATACTCAGTGAG,0,4696494
ybiY_ybiW_predicted,0.5,1,1,ACTTAGTATTGGCCGTTACA,0,4717140
ybiY_ybiW_predicted,0.5,1,1,ACTGTAGCGCCAATCAAAGG,0,4717442
ybiY_ybiW_predicted,0.5,1,1,ACTGGTGTAGCGGAAACCTT,0,4713899
ybiY_ybiW_predicted,0.5,1,1,ACTGGCCGACGGTCCCCGAC,0,4724448
ybiY_ybiW_predicted,0.5,1,1,ACTGCTGTGACGGCACTTAG,0,4714535
ybiY_ybiW_predicted,0.5,1,1,ACTGCGTTAGTACAAAATAA,0,4729962
ybiY_ybiW_predicted,0.5,1,1,ACTGCCCGGTCTGTATGCCC,0,4692210
ybiY_ybiW_predicted,0.5,1,1,ACTGCACAGCGCCTGGCTTA,0,4723405
ybiY_ybiW_predicted,0.5,1,1,ACTGAACCATGCTCACTCCG,0,4703328
ybiY_ybiW_predicted,0.5,1,1,ACTCTTTTTTGCATAAAACC,0,4705117
ybiY_ybiW_predicted,0.5,1,1,ACTCTGGTGGCTGCATTCTC,0,4717234
ybiY_ybiW_predicted,0.5,1,1,ACTCTGCCGCGCATCTCTTA,0,4714864
ybiY_ybiW_predicted,0.5,1,1,ACTCTAAGTTCACGGATGAA,0,4719062
ybiY_ybiW_predicted,0.5,1,1,ACTCGTGCTCGCTACAAAGT,0,4718984
ybiY_ybiW_predicted,0.5,1,1,ACTCGCCTCGTAGCACCGCC,0,4728076
ybiY_ybiW_predicted,0.5,1,1,ACTCCATCGGGCGCCAGGGT,0,4721625
ybiY_ybiW_predicted,0.5,1,1,ACTCAGATCCGACGCACGAT,0,4695581
ybiY_ybiW_predicted,0.5,1,1,ACTCAGAGGGATGACAAGCA,0,4709855
ybiY_ybiW_predicted,0.5,1,1,ACTCAACGTTGGTAACTCTT,0,4717884
ybiY_ybiW_predicted,0.5,1,1,ACTATTTTGGTGTTGTTTAT,0,4727386
ybiY_ybiW_predicted,0.5,1,1,ACTATTCGAGTCGATGACAA,0,4718007
ybiY_ybiW_predicted,0.5,1,1,ACTATGTGTAGACCCGCATA,0,4709825
ybiY_ybiW_predicted,0.5,1,1,ACTATAGGTAGTCCCCGGCG,0,4691188
ybiY_ybiW_predicted,0.5,1,1,ACTAGTTTACTGGATGACCA,0,4696189
ybiY_ybiW_predicted,0.5,1,1,ACTAGTGTGCGGTCGATTAT,0,4709496
ybiY_ybiW_predicted,0.5,1,1,ACTAGCGAAGCAACATTCAA,0,4697590
ybiY_ybiW_predicted,0.5,1,1,ACTAACTGGCGTGAAGTTCT,0,4706179
ybiY_ybiW_predicted,0.5,1,1,ACGTTGCAGGACGCCAGTGT,0,4711930
ybiY_ybiW_predicted,0.5,1,1,ACGTTGACTGGCATCCTCGA,0,4700336
ybiY_ybiW_predicted,0.5,1,1,ACGTTCTGTGGCCGGTAATA,0,4694079
ybiY_ybiW_predicted,0.5,1,1,ACGTTCTAGATCCGTATCTG,0,4693816
ybiY_ybiW_predicted,0.5,1,1,ACGTGTAAGCATCGAGCGGT,0,4726582
ybiY_ybiW_predicted,0.5,1,1,ACGTGAACCTGCTATAATAG,0,4717295
ybiY_ybiW_predicted,0.5,1,1,ACGTCTGGTTTCGAGAGTGC,0,4689032
ybiY_ybiW_predicted,0.5,1,1,ACGTCTAGGACTGGCGACAA,0,4711593
ybiY_ybiW_predicted,0.5,1,1,ACGTCCCTTGTGTACTCTAC,0,4693832
ybiY_ybiW_predicted,0.5,1,1,ACGTCAAATTTGTTCCCAAA,0,4717384
ybiY_ybiW_predicted,0.5,1,1,ACGTATAGTGGGTTGTCGCT,0,4701609
ybiY_ybiW_predicted,0.5,1,1,ACGTAGCTCAAAAGTCAACT,0,4723067
ybiY_ybiW_predicted,0.5,1,1,ACGGTGGATGTGCGATTCAG,0,4690803
ybiY_ybiW_predicted,0.5,1,1,ACGGTGCAAATGATGGTTCT,0,4698623
ybiY_ybiW_predicted,0.5,1,1,ACGGTGAAGTCCCGCGCTAT,0,4731005
ybiY_ybiW_predicted,0.5,1,1,ACGGTCGTCAGGAATGAACA,0,4710138
ybiY_ybiW_predicted,0.5,1,1,ACGGGTAAGCTGTTAGGGCT,0,4720946
ybiY_ybiW_predicted,0.5,1,1,ACGGGGTTTATGGTGGATAT,0,4731935
ybiY_ybiW_predicted,0.5,1,1,ACGGCTTTACAGGGTCAGTA,0,4712832
ybiY_ybiW_predicted,0.5,1,1,ACGGCTACTGATGCACATAA,0,4727183
ybiY_ybiW_predicted,0.5,1,1,ACGGCATATATAAACGTGAT,0,4704310
ybiY_ybiW_predicted,0.5,1,1,ACGGCAGCGGGACACTCCCC,0,4731343
ybiY_ybiW_predicted,0.5,1,1,ACGCTGGCATTGGGTTTATG,0,4722771
ybiY_ybiW_predicted,0.5,1,1,ACGCCTAGCGCGGAGGCCTA,0,4695120
ybiY_ybiW_predicted,0.5,1,1,ACGCATGCGTCGTCCTGTAC,0,4703085
ybiY_ybiW_predicted,0.5,1,1,ACGCAGGGTAGTCCGATAAC,0,4703653
ybiY_ybiW_predicted,0.5,1,1,ACGCAGCTTTGAATTCGTCA,0,4705741
ybiY_ybiW_predicted,0.5,1,1,ACGCAGCTCGTTGACACTTC,0,4709988
ybiY_ybiW_predicted,0.5,1,1,ACGATGACGTGCAAGTCGTC,0,4707857
ybiY_ybiW_predicted,0.5,1,1,ACGAGAACCCATGAAGACGA,0,4699647
ybiY_ybiW_predicted,0.5,1,1,ACGACCTGGTCGAAATTGGT,0,4717392
ybiY_ybiW_predicted,0.5,1,1,ACGACACCAGCACGCGCAGG,0,4689738
ybiY_ybiW_predicted,0.5,1,1,ACCTGTTGATTATTCTCATA,0,4729719
ybiY_ybiW_predicted,0.5,1,1,ACCTGCTCGATGAGCTAAGA,0,4723938
ybiY_ybiW_predicted,0.5,1,1,ACCTGATATGGAACGCACCT,0,4701985
ybiY_ybiW_predicted,0.5,1,1,ACCTCTGTGTGAGTGTCGGC,0,4718848
ybiY_ybiW_predicted,0.5,1,1,ACCTCTCGTGCATCATCTGA,0,4713791
ybiY_ybiW_predicted,0.5,1,1,ACCTCGGCGCCCCCGTCTAT,0,4715880
ybiY_ybiW_predicted,0.5,1,1,ACCTCAATCGGTCGTTTACT,0,4709659
ybiY_ybiW_predicted,0.5,1,1,ACCTAGGTATTCTTTAGCTG,0,4719761
ybiY_ybiW_predicted,0.5,1,1,ACCTAGCACACGCAGCATGA,0,4690009
ybiY_ybiW_predicted,0.5,1,1,ACCGTTTCTACGCGCACCCG,0,4713033
ybiY_ybiW_predicted,0.5,1,1,ACCGTTCAATACCCGGTGCT,0,4696127
ybiY_ybiW_predicted,0.5,1,1,ACCGTGGTATTGGTATACTC,0,4724837
ybiY_ybiW_predicted,0.5,1,1,ACCGTGACTAGCCTCGTTTA,0,4718039
ybiY_ybiW_predicted,0.5,1,1,ACCGGGACCTGGGGAGGCCA,0,4690606
ybiY_ybiW_predicted,0.5,1,1,ACCGGCAGACAACCCTTAGA,0,4693867
ybiY_ybiW_predicted,0.5,1,1,ACCGGCAAATAAGCTCACAC,0,4710854
ybiY_ybiW_predicted,0.5,1,1,ACCGGACGACCTCGCGGAGT,0,4688917
ybiY_ybiW_predicted,0.5,1,1,ACCGCCGGCCGATAACGAGC,0,4704465
ybiY_ybiW_predicted,0.5,1,1,ACCGAGCCCACTACTAACGT,0,4695574
ybiY_ybiW_predicted,0.5,1,1,ACCGAACGCTCGTCAAGGAC,0,4711563
ybiY_ybiW_predicted,0.5,1,1,ACCCTTTAAGGCGGAGGCGT,0,4716588
ybiY_ybiW_predicted,0.5,1,1,ACCCTTCGACGCAAGGGTCC,0,4730153
ybiY_ybiW_predicted,0.5,1,1,ACCCTGTCTGTGTCCATCAA,0,4698175
ybiY_ybiW_predicted,0.5,1,1,ACCCTGATTTTGTTGATGCG,0,4726379
ybiY_ybiW_predicted,0.5,1,1,ACCCCTTATTAAGGTCTGTG,0,4689743
ybiY_ybiW_predicted,0.5,1,1,ACCCCTCAATTTGGCCTCGG,0,4693939
ybiY_ybiW_predicted,0.5,1,1,ACCCCGCTCTGGTGCATCCG,0,4711645
ybiY_ybiW_predicted,0.5,1,1,ACCCAGCGTTTCATCTCTCA,0,4694401
ybiY_ybiW_predicted,0.5,1,1,ACCATTGAAATAATCGGTCC,0,4717293
ybiY_ybiW_predicted,0.5,1,1,ACCATCGCAGACGCTGGGGG,0,4709973
ybiY_ybiW_predicted,0.5,1,1,ACCAGGTCGGGCTAGGCATT,0,4716073
ybiY_ybiW_predicted,0.5,1,1,ACCACTACACTAGGTTGTAT,0,4722407
ybiY_ybiW_predicted,0.5,1,1,ACCACGTAGCGCCATTATTG,0,4713555
ybiY_ybiW_predicted,0.5,1,1,ACCACGGGCTGTGTCGAGGT,0,4695489
ybiY_ybiW_predicted,0.5,1,1,ACATTTGTTTACGCGTTTAT,0,4716866
ybiY_ybiW_predicted,0.5,1,1,ACATTTAGGCTAGACGCCCC,0,4710432
ybiY_ybiW_predicted,0.5,1,1,ACATTGCCGTTGAAATATAC,0,4714998
ybiY_ybiW_predicted,0.5,1,1,ACATTCTAGGACCCACATGC,0,4728812
ybiY_ybiW_predicted,0.5,1,1,ACATTCCGGTGGTACAGGAA,0,4724639
ybiY_ybiW_predicted,0.5,1,1,ACATGTCGCTCTGGTGGGAC,0,4697937
ybiY_ybiW_predicted,0.5,1,1,ACATGATACTGGACCACGGT,0,4727802
ybiY_ybiW_predicted,0.5,1,1,ACATGACGGGGCATGAACCG,0,4712578
ybiY_ybiW_predicted,0.5,1,1,ACATCTCTTGATAATCCTTT,0,4723905
ybiY_ybiW_predicted,0.5,1,1,ACATCCCCGGTGTCCGCGTT,0,4727546
ybiY_ybiW_predicted,0.5,1,1,ACATAGCCCTCGAGACGTAA,0,4718822
ybiY_ybiW_predicted,0.5,1,1,ACAGTTGTTCAATCTCATAT,0,4713504
ybiY_ybiW_predicted,0.5,1,1,ACAGTGCATTGTTCACACGT,0,4703981
ybiY_ybiW_predicted,0.5,1,1,ACAGGTCTCTGGAGTACGAG,0,4717366
ybiY_ybiW_predicted,0.5,1,1,ACAGGCGAGGTATTACAGAG,0,4716258
ybiY_ybiW_predicted,0.5,1,1,ACAGGACTGAAATCTGAACA,0,4694618
ybiY_ybiW_predicted,0.5,1,1,ACAGGAAGCTGATACGCCGT,0,4719304
ybiY_ybiW_predicted,0.5,1,1,ACAGCGTTTCCTCTATAAAG,0,4716723
ybiY_ybiW_predicted,0.5,1,1,ACAGCGCCTCGCTGCAAATA,0,4705399
ybiY_ybiW_predicted,0.5,1,1,ACAGATGCCAGGAACATCTA,0,4694832
ybiY_ybiW_predicted,0.5,1,1,ACAGAATAGGGGTCCTCAGC,0,4694068
ybiY_ybiW_predicted,0.5,1,1,ACACGTCTAGCCACACGGAG,0,4703108
ybiY_ybiW_predicted,0.5,1,1,ACACGGACGCCGGCCGGGGA,0,4711772
ybiY_ybiW_predicted,0.5,1,1,ACACGCGGCAGTGTGTAGAT,0,4696839
ybiY_ybiW_predicted,0.5,1,1,ACACCTGTGCACTTACCTTA,0,4725854
ybiY_ybiW_predicted,0.5,1,1,ACACCATTGCCCGGGACAAA,0,4730210
ybiY_ybiW_predicted,0.5,1,1,ACACAAATGAATATCCTACC,0,4703610
ybiY_ybiW_predicted,0.5,1,1,ACAATTCTATTTACTAGATC,0,4721523
ybiY_ybiW_predicted,0.5,1,1,ACAATGGTCCTGCGCGTAAA,0,4699737
ybiY_ybiW_predicted,0.5,1,1,ACAAGTCCGTCTGGAGACGC,0,4689551
ybiY_ybiW_predicted,0.5,1,1,ACAAGGTCTGGCTGGGTGAA,0,4695215
ybiY_ybiW_predicted,0.5,1,1,ACAAGCTTACCGCTCTTCAA,0,4700076
ybiY_ybiW_predicted,0.5,1,1,ACAACTCCGCAACTGGGACG,0,4695126
ybiY_ybiW_predicted,0.5,1,1,ACAAATTTTCGATATCTCGG,0,4727652
ybiY_ybiW_predicted,0.5,1,1,ACAAATCTGTGAAAATCAAC,0,4706510
ybiY_ybiW_predicted,0.5,1,1,ACAAAGCACTACGCGAACTA,0,4727017
ybiY_ybiW_predicted,0.5,1,1,AATTTGTACCAAATCTCTTC,0,4710097
ybiY_ybiW_predicted,0.5,1,1,AATTTGCAAATTCGACATTC,0,4715169
ybiY_ybiW_predicted,0.5,1,1,AATTTCCCCCAGAGCATGTA,0,4731506
ybiY_ybiW_predicted,0.5,1,1,AATTTATCGCGTGTGCCTCG,0,4717728
ybiY_ybiW_predicted,0.5,1,1,AATTGTCATTTGCGGCAAAA,0,4730265
ybiY_ybiW_predicted,0.5,1,1,AATTGTCATTTCCACAAGGG,0,4688585
ybiY_ybiW_predicted,0.5,1,1,AATTCGAGCTTTGTAGCTCT,0,4699338
ybiY_ybiW_predicted,0.5,1,1,AATTCATTTTTAAAGGTGTT,0,4691950
ybiY_ybiW_predicted,0.5,1,1,AATTATGTGAACCCCTGGTT,0,4705644
ybiY_ybiW_predicted,0.5,1,1,AATTAGTTGACATTTGCCAG,0,4707403
ybiY_ybiW_predicted,0.5,1,1,AATTACTACGTCTTTGGTCT,0,4702089
ybiY_ybiW_predicted,0.5,1,1,AATGTTGGTTATAACGGTCT,0,4700972
ybiY_ybiW_predicted,0.5,1,1,AATGTGGTGCGCAACGTTCT,0,4692227
ybiY_ybiW_predicted,0.5,1,1,AATGTCTGGACCTCTCGCGT,0,4717089
ybiY_ybiW_predicted,0.5,1,1,AATGTCGCTTACAATCGACG,0,4719687
ybiY_ybiW_predicted,0.5,1,1,AATGTCCCACGGTCTCCGGA,0,4691760
ybiY_ybiW_predicted,0.5,1,1,AATGTCATAAGCGTAACATG,0,4717714
ybiY_ybiW_predicted,0.5,1,1,AATGTAGGCATGTGTTGGTT,0,4720141
ybiY_ybiW_predicted,0.5,1,1,AATGGTGGACTACTGGCAAC,0,4693356
ybiY_ybiW_predicted,0.5,1,1,AATGCACCCGTCCGGAAGGT,0,4720556
ybiY_ybiW_predicted,0.5,1,1,AATGAGCTCAGAGTAAAGCG,0,4715033
ybiY_ybiW_predicted,0.5,1,1,AATGACGTAAGTAACGTGCA,0,4714262
ybiY_ybiW_predicted,0.5,1,1,AATGACCTGGAATGATGAAG,0,4707510
ybiY_ybiW_predicted,0.5,1,1,AATCGTCGGACGGCTGAGTG,0,4714435
ybiY_ybiW_predicted,0.5,1,1,AATCGGGGGCATCATGGTCA,0,4713453
ybiY_ybiW_predicted,0.5,1,1,AATCGGGAGCTAAATCTGTG,0,4706205
ybiY_ybiW_predicted,0.5,1,1,AATCGCAAATAGTGCGGAAG,0,4705322
ybiY_ybiW_predicted,0.5,1,1,AATCGATTCAATAATCGCGG,0,4698702
ybiY_ybiW_predicted,0.5,1,1,AATCGAGCAGAAAATGGTAT,0,4715436
ybiY_ybiW_predicted,0.5,1,1,AATATATAGCAACTCGGCAT,0,4697335
ybiY_ybiW_predicted,0.5,1,1,AATAGGCATAGCCCAATCAC,0,4692120
ybiY_ybiW_predicted,0.5,1,1,AATACTCTTGTAGCGTTTCA,0,4700721
ybiY_ybiW_predicted,0.5,1,1,AATACCCGCTTATTTAAATC,0,4728306
ybiY_ybiW_predicted,0.5,1,1,AATAATACCAAGTGAGGAAT,0,4706151
ybiY_ybiW_predicted,0.5,1,1,AATAATAACGCGTAATCAGG,0,4688762
ybiY_ybiW_predicted,0.5,1,1,AAGTTTGATAGGTGGCATTG,0,4718372
ybiY_ybiW_predicted,0.5,1,1,AAGTTGTGACAGCACCTAAA,0,4699441
ybiY_ybiW_predicted,0.5,1,1,AAGTCGTATGGCGATAGGAT,0,4697860
ybiY_ybiW_predicted,0.5,1,1,AAGTCGATGCGATAGGGTGA,0,4719417
ybiY_ybiW_predicted,0.5,1,1,AAGTATGGTTAGTACCCGGT,0,4699397
ybiY_ybiW_predicted,0.5,1,1,AAGTATAAGTCGCCTACTAA,0,4706557
ybiY_ybiW_predicted,0.5,1,1,AAGTAAATTACTTGCGTGAT,0,4732332
ybiY_ybiW_predicted,0.5,1,1,AAGTAAACCCTTTTGTGTTC,0,4727377
ybiY_ybiW_predicted,0.5,1,1,AAGGTGAGTCGGTGAACGGG,0,4728673
ybiY_ybiW_predicted,0.5,1,1,AAGGGTGCGTCTCCAAGCCC,0,4713586
ybiY_ybiW_predicted,0.5,1,1,AAGGGGGCAGACAGTGTGGA,0,4724611
ybiY_ybiW_predicted,0.5,1,1,AAGGGATAAGGGTTCGTAGA,0,4694581
ybiY_ybiW_predicted,0.5,1,1,AAGGCGCTTGCGCGGCGCAT,0,4709168
ybiY_ybiW_predicted,0.5,1,1,AAGGCAGATACATCGTTACT,0,4716070
ybiY_ybiW_predicted,0.5,1,1,AAGGAGAGCCAGCTCGGGAT,0,4695790
ybiY_ybiW_predicted,0.5,1,1,AAGGAGACGTCGGTTAAGAC,0,4694193
ybiY_ybiW_predicted,0.5,1,1,AAGCTTCAAGTCTATGTTAA,0,4722150
ybiY_ybiW_predicted,0.5,1,1,AAGCTAAACGCGGGGTGCGG,0,4705837
ybiY_ybiW_predicted,0.5,1,1,AAGCGTGCGACGTAAAGGCA,0,4695001
ybiY_ybiW_predicted,0.5,1,1,AAGCGTATGTAATGAAGCCA,0,4704300
ybiY_ybiW_predicted,0.5,1,1,AAGCGACCACAGCATTTATG,0,4705545
ybiY_ybiW_predicted,0.5,1,1,AAGCCTTGGAGATGCTCTGT,0,4704043
ybiY_ybiW_predicted,0.5,1,1,AAGCAAGTGTGATGTACGTG,0,4710095
ybiY_ybiW_predicted,0.5,1,1,AAGATTGAGAACGCTTACAT,0,4695773
ybiY_ybiW_predicted,0.5,1,1,AAGAGAGGCCTCGATGTACA,0,4727368
ybiY_ybiW_predicted,0.5,1,1,AAGAGAACGTTCGATGCTGA,0,4717328
ybiY_ybiW_predicted,0.5,1,1,AAGACTCGCGATAGAAAAAG,0,4730338
ybiY_ybiW_predicted,0.5,1,1,AAGAAGTACTGGAGTTCTGT,0,4718532
ybiY_ybiW_predicted,0.5,1,1,AACTTGGGAGACTCGCATAC,0,4689732
ybiY_ybiW_predicted,0.5,1,1,AACTGCAGTATTCAGTGGCA,0,4693797
ybiY_ybiW_predicted,0.5,1,1,AACTGATGTGCTTAGTTAGG,0,4700650
ybiY_ybiW_predicted,0.5,1,1,AACTCCTTTGGAAAGACCTT,0,4713456
ybiY_ybiW_predicted,0.5,1,1,AACTCCATAGAGACCGGGGG,0,4707771
ybiY_ybiW_predicted,0.5,1,1,AACGTCTAGAAGATGAATTT,0,4722518
ybiY_ybiW_predicted,0.5,1,1,AACGTATTTGGGCGGGTCGG,0,4720292
ybiY_ybiW_predicted,0.5,1,1,AACGGTTGACGTAAACGGAT,0,4689016
ybiY_ybiW_predicted,0.5,1,1,AACGGTTATTCGAGGCTGAT,0,4695559
ybiY_ybiW_predicted,0.5,1,1,AACGGGTAGCGGGTAATATG,0,4716638
ybiY_ybiW_predicted,0.5,1,1,AACGCGCTGACGTAAGACTA,0,4713570
ybiY_ybiW_predicted,0.5,1,1,AACGCCGCAAAGTCGAACAA,0,4728870
ybiY_ybiW_predicted,0.5,1,1,AACGATTCTCTGGTTTAAAT,0,4694277
ybiY_ybiW_predicted,0.5,1,1,AACGATGCGAGGAGGGGCGA,0,4709556
ybiY_ybiW_predicted,0.5,1,1,AACGACTATTGGCTCGCGGA,0,4711939
ybiY_ybiW_predicted,0.5,1,1,AACGACCGACGATTCGTGAC,0,4720334
ybiY_ybiW_predicted,0.5,1,1,AACCTTACTGGGCGATATGA,0,4726982
ybiY_ybiW_predicted,0.5,1,1,AACCGTGAGTTAACGGCGTA,0,4725152
ybiY_ybiW_predicted,0.5,1,1,AACCGTCCCAATTCTCCTTT,0,4730994
ybiY_ybiW_predicted,0.5,1,1,AACCCTGGCGCCTGGGCCAG,0,4689298
ybiY_ybiW_predicted,0.5,1,1,AACCCTCGGTACGTTCATTA,0,4723586
ybiY_ybiW_predicted,0.5,1,1,AACCCGTTGGCCTAACACGC,0,4697327
ybiY_ybiW_predicted,0.5,1,1,AACCCGCTACGTCACTCTCT,0,4703219
ybiY_ybiW_predicted,0.5,1,1,AACCATGCGGATATGGTGTC,0,4705951
ybiY_ybiW_predicted,0.5,1,1,AACCAGATCACATGGGCTTT,0,4705668
ybiY_ybiW_predicted,0.5,1,1,AACATATCCGTGGTTGTCGT,0,4730967
ybiY_ybiW_predicted,0.5,1,1,AACAGCATTGTGATACGGCA,0,4726250
ybiY_ybiW_predicted,0.5,1,1,AACAGATTATACCATGCCTG,0,4729619
ybiY_ybiW_predicted,0.5,1,1,AACAATCCTCTGGAGCCGCT,0,4716263
ybiY_ybiW_predicted,0.5,1,1,AACAACTCTTGTCGGTACTT,0,4699959
ybiY_ybiW_predicted,0.5,1,1,AACAAACCGGCAGCAACATC,0,4692541
ybiY_ybiW_predicted,0.5,1,1,AAATTTTTTAGAGGCACCTA,0,4714358
ybiY_ybiW_predicted,0.5,1,1,AAATTTGCTGTTCGGGAGCA,0,4707652
ybiY_ybiW_predicted,0.5,1,1,AAATGGCAACTACGGAAGCA,0,4720471
ybiY_ybiW_predicted,0.5,1,1,AAATCGTTAGGGCGAAAGGG,0,4699322
ybiY_ybiW_predicted,0.5,1,1,AAATCGATGCGGCGAAGCGT,0,4715891
ybiY_ybiW_predicted,0.5,1,1,AAATCAGATCCAGCGCCCAT,0,4697411
ybiY_ybiW_predicted,0.5,1,1,AAATCACAAAGCACTTGTGG,0,4717652
ybiY_ybiW_predicted,0.5,1,1,AAATACTGCTCTCTTGAATG,0,4695064
ybiY_ybiW_predicted,0.5,1,1,AAATAACGACTAGACAGGGT,0,4706453
ybiY_ybiW_predicted,0.5,1,1,AAAGTAGCATCAAGCAAAGT,0,4699139
ybiY_ybiW_predicted,0.5,1,1,AAAGGTTGGACGCAAAGCAG,0,4704129
ybiY_ybiW_predicted,0.5,1,1,AAAGGTGTACCGTGGGGTCG,0,4704328
ybiY_ybiW_predicted,0.5,1,1,AAAGGGTGGACGCACTTGTA,0,4729520
ybiY_ybiW_predicted,0.5,1,1,AAAGGATCTTGCCCGATTTT,0,4704319
ybiY_ybiW_predicted,0.5,1,1,AAAGATTTATCATCTGGGGT,0,4723178
ybiY_ybiW_predicted,0.5,1,1,AAAGATAGGCCTTTTCGAAT,0,4705666
ybiY_ybiW_predicted,0.5,1,1,AAAGACCCCCCGGGACACTT,0,4711687
ybiY_ybiW_predicted,0.5,1,1,AAACTCAAAGTCTTGTGCGA,0,4712604
ybiY_ybiW_predicted,0.5,1,1,AAACGGGTAGCTTATGAAAA,0,4697256
ybiY_ybiW_predicted,0.5,1,1,AAACGGCTGCCTAAGGTGTT,0,4689778
ybiY_ybiW_predicted,0.5,1,1,AAACGCTGTTCTCCCGACCA,0,4691917
ybiY_ybiW_predicted,0.5,1,1,AAACCTGCCCCTTTACGTTC,0,4715337
ybiY_ybiW_predicted,0.5,1,1,AAACATCTTTGGCTTCCATC,0,4709482
ybiY_ybiW_predicted,0.5,1,1,AAACAGGCTGCAAACTTCGT,0,4709426
ybiY_ybiW_predicted,0.5,1,1,AAACAAGAGATAGAGTTCAT,0,4724489
ybiY_ybiW_predicted,0.5,1,1,AAACAAAGCCCTCAATATGT,0,4692997
ybiY_ybiW_predicted,0.5,1,1,AAAATACGAAAAGGGCTGGA,0,4706980
ybiY_ybiW_predicted,0.5,1,1,AAAAGGGGGTAGGGCACTGT,0,4708340
ybiY_ybiW_predicted,0.5,1,1,AAAAGAAGTTTAGCCCGATC,0,4715624
ybiY_ybiW_predicted,0.5,1,1,AAAAGAAACAGCCGGGTCCT,0,4693595
ybiY_ybiW_predicted,0.5,1,1,AAAACTAGGGACTCCCGGCA,0,4714679
ybiY_ybiW_predicted,84.0,83,0,AGAGTGATCTGTCTGAAAGG,83,4722975
ybiY_ybiW_predicted,64.0,63,0,AAGGAGTGAGGGTATTGGGC,63,4692841
ybiY_ybiW_predicted,56.0,55,0,CCTGTCAGGGTCTTGTGTTT,55,4721023
ybiY_ybiW_predicted,55.0,54,0,AGTATGTTTCCAGAGCTGGG,54,4728400
ybiY_ybiW_predicted,54.0,53,0,GTATTACCAGCTACATACGT,53,4726230
ybiY_ybiW_predicted,54.0,53,0,GATCTTTGTTAAGAGTATAA,53,4722989
ybiY_ybiW_predicted,51.0,50,0,CTCGTGATGCCAGGGCAGCA,50,4707617
ybiY_ybiW_predicted,40.0,39,0,ACTGTAAACTCATCAGATCA,39,4704732
ybiY_ybiW_predicted,38.0,37,0,TCGTGAGGCGTCTGCGATTC,37,4709942
ybiY_ybiW_predicted,34.0,33,0,TAACATTATGTGCGGTGTGC,33,4692852
ybiY_ybiW_predicted,34.0,33,0,ATGTTGTTGATGTCGAGGGC,33,4721011
ybiY_ybiW_predicted,33.0,32,0,GCACCCGGTTGAGGCCCCGG,32,4721022
ybiY_ybiW_predicted,32.0,31,0,CTCGCTGGCGATGCCAGAGA,31,4697292
ybiY_ybiW_predicted,32.0,31,0,CACACCCTGGTTCTGTCGCT,31,4708097
ybiY_ybiW_predicted,32.0,31,0,ATCGGAGGTAATCCCCACAT,31,4709948
ybiY_ybiW_predicted,31.0,30,0,CCGGGACCGATCCACCAGCT,30,4706097
ybiY_ybiW_predicted,30.0,29,0,TGCAACGAAAGTCCCACGAG,29,4724104
ybiY_ybiW_predicted,28.0,27,0,TCGAAGATCTTTCCCTAAGC,27,4701943
ybiY_ybiW_predicted,28.0,27,0,CAGGCAGTTCCCAATTTCAG,27,4690072
ybiY_ybiW_predicted,28.0,27,0,AGATTCAGTTTTTATGATGC,27,4697285
ybiY_ybiW_predicted,27.0,26,0,GTCTCCAGGATTTCCTACAT,26,4713995
ybiY_ybiW_predicted,27.0,26,0,GAGCCTATTGGTTCAGAACC,26,4707929
ybiY_ybiW_predicted,26.0,25,0,TTCCCGCGTCGCTGCAGTCC,25,4707931
ybiY_ybiW_predicted,26.0,25,0,GGTGAAGAGACCCGGGCTAG,25,4709043
ybiY_ybiW_predicted,26.0,25,0,CATCCCTCCTGGCGCAACAT,25,4701932
ybiY_ybiW_predicted,26.0,25,0,CATATTGGAGGTAGAATGCA,25,4723563
ybiY_ybiW_predicted,26.0,25,0,ATACGGTACCTGTAGGAAGC,25,4711145
ybiY_ybiW_predicted,24.0,23,0,GCTGAGTACGCCAGAGTAAT,23,4702186
ybiY_ybiW_predicted,24.0,23,0,AATTGCTGGGTAATATTACT,23,4710951
ybiY_ybiW_predicted,23.0,22,0,TGGCCTTTATGGTAACGTTA,22,4708811
ybiY_ybiW_predicted,23.0,22,0,TGCGCACCGTTCTGGAATTA,22,4726147
ybiY_ybiW_predicted,23.0,22,0,GGGTCTCCTCCCATTAGAAC,22,4709951
ybiY_ybiW_predicted,23.0,22,0,AACTCGTCTGTGGTTAGAAG,22,4728418
ybiY_ybiW_predicted,22.0,21,0,TGGAAGACTGGCACGGGCTT,21,4713660
ybiY_ybiW_predicted,21.0,20,0,TTGCCGCCAACAGCAGTGCA,20,4729680
ybiY_ybiW_predicted,21.0,20,0,GGGTACGAACCCTGCTGACA,20,4694244
ybiY_ybiW_predicted,21.0,20,0,GGGCGTTCCTGAGCATGAAA,20,4709935
ybiY_ybiW_predicted,21.0,20,0,ACGTCCTGGCATGGAGGTGG,20,4721380
ybiY_ybiW_predicted,20.0,19,0,TTCCCGCACCATCGGGAACT,19,4720808
ybiY_ybiW_predicted,20.0,19,0,ATTATCGACCCCAGGGGACA,19,4726191
ybiY_ybiW_predicted,20.0,19,0,ACCTCACTTCAAATAGGACC,19,4710168
ybiY_ybiW_predicted,19.0,18,0,TCCCGGAGGATTACGGGAAA,18,4717682
ybiY_ybiW_predicted,19.0,18,0,TATGGACCCGTGGCACACAG,18,4715778
ybiY_ybiW_predicted,19.0,18,0,CTTTACTCACCGCAGCTCTC,18,4729686
ybiY_ybiW_predicted,19.0,18,0,ATACGCAGATTAATGTCGCC,18,4732252
ybiY_ybiW_predicted,18.0,17,0,TTGCCTGTTCTCCATGAGAG,17,4690815
ybiY_ybiW_predicted,18.0,17,0,TCAGTCCAATGCTCAATGGG,17,4722977
ybiY_ybiW_predicted,18.0,17,0,CGTGCATTTATAATTGCGTA,17,4692339
ybiY_ybiW_predicted,18.0,17,0,CGTCTTATAGGGCTTCACGC,17,4692399
ybiY_ybiW_predicted,18.0,17,0,CGCAATGCCCAAATGCACGC,17,4722852
ybiY_ybiW_predicted,18.0,17,0,CCTACTCTTCCTCCGACCCT,17,4703609
ybiY_ybiW_predicted,18.0,17,0,CCGGTGTTACGGTTTTCTAT,17,4724120
ybiY_ybiW_predicted,18.0,17,0,AACCGTGACGTCGGTGCGCT,17,4717818
ybiY_ybiW_predicted,17.0,16,0,GTATCGGAACCAGGATGTTT,16,4728408
ybiY_ybiW_predicted,17.0,16,0,CGGACAGAGTGGGCTCGAAT,16,4726156
ybiY_ybiW_predicted,17.0,16,0,ACGATTGCTTAGCATAAAGC,16,4721965
ybiY_ybiW_predicted,17.0,16,0,ACCGCACTGGGTAAGGCCGG,16,4719772
ybiY_ybiW_predicted,16.0,15,0,TTGTACTCATACTATGCGTC,15,4731667
ybiY_ybiW_predicted,16.0,15,0,GTGTGCTGTTACAATTCCAT,15,4723552
ybiY_ybiW_predicted,16.0,15,0,GGGGTAATTGTGGCGGAAAT,15,4717703
ybiY_ybiW_predicted,16.0,15,0,GGGCCGTTAAATACTAATGA,15,4729886
ybiY_ybiW_predicted,16.0,15,0,GGCACTGTGTGCGCACGCCA,15,4729687
ybiY_ybiW_predicted,16.0,15,0,GCGCCTCCGGGAGGGGCGCA,15,4732005
ybiY_ybiW_predicted,16.0,15,0,GAGTGTCCCTGGTAGCAGTG,15,4722973
ybiY_ybiW_predicted,16.0,15,0,GACCGTAGGCTAAGACCAGA,15,4719319
ybiY_ybiW_predicted,16.0,15,0,CTTCGTATTTGTAACTCCGC,15,4725408
ybiY_ybiW_predicted,16.0,15,0,CTGACTCAGTCGGCTCGGCA,15,4727590
ybiY_ybiW_predicted,16.0,15,0,ACGACATGGTACGACAGGCT,15,4720259
ybiY_ybiW_predicted,15.0,14,0,TTTTGAGGTTCCGACGGTGC,14,4703191
ybiY_ybiW_predicted,15.0,14,0,TTGTTAGGTTCCTAAACTGT,14,4697104
ybiY_ybiW_predicted,15.0,14,0,TGCCGCGGTGCCGCCATCAA,14,4725586
ybiY_ybiW_predicted,15.0,14,0,GTTATGGCCTAACATGGATA,14,4713997
ybiY_ybiW_predicted,15.0,14,0,GCCATGAAAAGCAGCTTTTA,14,4720399
ybiY_ybiW_predicted,15.0,14,0,GATTATTCGGGACGGGCGAA,14,4727089
ybiY_ybiW_predicted,15.0,14,0,GAGGTGGAAAGTCTACATCT,14,4706124
ybiY_ybiW_predicted,15.0,14,0,CTATCCCTGAAATTGAACAA,14,4710741
ybiY_ybiW_predicted,15.0,14,0,CGGACCGACCAGGTGACGCA,14,4728527
ybiY_ybiW_predicted,15.0,14,0,CCGTCACTACGCGGGCAGGC,14,4726217
ybiY_ybiW_predicted,15.0,14,0,ATTATGAGTAGTGCCCGTGC,14,4706043
ybiY_ybiW_predicted,15.0,14,0,ACTCCAGGAGGGAGGTCCGA,14,4698213
ybiY_ybiW_predicted,14.0,13,0,TTCAATATCTGGGATAGGCA,13,4721720
ybiY_ybiW_predicted,14.0,13,0,TATACGACCTTTTCGATTTA,13,4731400
ybiY_ybiW_predicted,14.0,13,0,GATATACTACCGCCCAGGGA,13,4690199
ybiY_ybiW_predicted,14.0,13,0,CTACTGGTCATTAATAGGGG,13,4697284
ybiY_ybiW_predicted,14.0,13,0,CGGCAGACTGGTCAATACAA,13,4704150
ybiY_ybiW_predicted,14.0,13,0,CCATACTTCTTGCTGACGTG,13,4725379
ybiY_ybiW_predicted,13.0,12,0,TTGGACAGTACGTTCAGCGT,12,4715463
ybiY_ybiW_predicted,13.0,12,0,TTATGCCCCTGGCCGACCGT,12,4717976
ybiY_ybiW_predicted,13.0,12,0,GTCGGGAGCCAAGCGTCTAT,12,4713173
ybiY_ybiW_predicted,13.0,12,0,GCACAATGAAGAGTTCGCTA,12,4708319
ybiY_ybiW_predicted,13.0,12,0,GATTCGGTCTGAGTAAACCT,12,4721632
ybiY_ybiW_predicted,13.0,12,0,GACGTGACTCGGGCGATGCC,12,4695920
ybiY_ybiW_predicted,13.0,12,0,CTCTCGATAACCATAGAATA,12,4694587
ybiY_ybiW_predicted,13.0,12,0,CATAAGCTTTAGGAGACACC,12,4717964
ybiY_ybiW_predicted,13.0,12,0,CACCGCGTGAGTTTGAATGC,12,4699931
ybiY_ybiW_predicted,13.0,12,0,ATGGAAAAACATACCTGGCA,12,4695039
ybiY_ybiW_predicted,13.0,12,0,ATCAAAGTGTCCTGGATTAA,12,4707785
ybiY_ybiW_predicted,13.0,12,0,AGGGGTTCCGGCCAATGGGC,12,4725093
ybiY_ybiW_predicted,13.0,12,0,AGCATGGCGTTGTCGGACCA,12,4728789
ybiY_ybiW_predicted,13.0,12,0,ACCGGGTCAATCAGCCCAGC,12,4711640
ybiY_ybiW_predicted,12.0,11,0,TTTTAAATTTCCCCCAGTCA,11,4722987
ybiY_ybiW_predicted,12.0,11,0,TTCGCCGGGAGCATGAGGTT,11,4716066
ybiY_ybiW_predicted,12.0,11,0,TTAGTATCAATCACAACAAA,11,4721623
ybiY_ybiW_predicted,12.0,11,0,GTCTAGAGAAATATATTTTA,11,4711513
ybiY_ybiW_predicted,12.0,11,0,GAAGAGCGTAAAGGCATTTG,11,4707079
ybiY_ybiW_predicted,12.0,11,0,CTCTCGTCTTTTGATTGTAA,11,4705164
ybiY_ybiW_predicted,12.0,11,0,CTCGTACGTACTTCTGTCAG,11,4718377
ybiY_ybiW_predicted,12.0,11,0,CTAGTTCGTCGGGCCGTCCA,11,4689052
ybiY_ybiW_predicted,12.0,11,0,CATCCTTTCTAGTGAATGGT,11,4722398
ybiY_ybiW_predicted,12.0,11,0,CATCAATACTAATGGATGTC,11,4709946
ybiY_ybiW_predicted,12.0,11,0,CACACGGTGCTAAGCGTGAG,11,4691705
ybiY_ybiW_predicted,12.0,11,0,ATGTAGTTACAGAATGTGGT,11,4719483
ybiY_ybiW_predicted,12.0,11,0,ATAGGTCCTACATAATATAC,11,4709068
ybiY_ybiW_predicted,12.0,11,0,AGGTCAGGATAGTAGGGGAT,11,4716683
ybiY_ybiW_predicted,12.0,11,0,AGCTTGACGATTGCTCGGCG,11,4719282
ybiY_ybiW_predicted,12.0,11,0,ACTAGCTCCGGATGAGTTTT,11,4720774
ybiY_ybiW_predicted,12.0,11,0,ACAACTTCAAGATTCAATGG,11,4688629
ybiY_ybiW_predicted,12.0,11,0,AATGCACGTGAACTTTCACG,11,4690073
ybiY_ybiW_predicted,12.0,11,0,AATCTAACTAAAATAATCGC,11,4715027
ybiY_ybiW_predicted,12.0,11,0,AACCCTGCTCACCAGTTTTA,11,4718291
ybiY_ybiW_predicted,11.0,10,0,TTCGCCTACCTCTGTGTTCC,10,4706801
ybiY_ybiW_predicted,11.0,10,0,TGCTAATGTGCTCGTTTGCG,10,4697384
ybiY_ybiW_predicted,11.0,10,0,TGAGTAGCACCTGATAGGGG,10,4698910
ybiY_ybiW_predicted,11.0,10,0,TCCAGGATCGAGAGTGCAAT,10,4727115
ybiY_ybiW_predicted,11.0,10,0,GGGATTTATCCTGCTCATGT,10,4731544
ybiY_ybiW_predicted,11.0,10,0,GAGGATAGCCGAGAAATGGT,10,4712497
ybiY_ybiW_predicted,11.0,10,0,CTTTCATCGGAGATTGTAAT,10,4724831
ybiY_ybiW_predicted,11.0,10,0,CGAGTTCAGCAGGAAGTATA,10,4727484
ybiY_ybiW_predicted,11.0,10,0,CAAAGCGGCAGGCGGCCCCA,10,4723417
ybiY_ybiW_predicted,11.0,10,0,AGGGTGGTCACGCGAACACC,10,4723324
ybiY_ybiW_predicted,11.0,10,0,ACAATTGGTACAATCGCCTT,10,4719706
ybiY_ybiW_predicted,11.0,10,0,AAAGCCGAATAAATCTGTTC,10,4724142
ybiY_ybiW_predicted,10.0,9,0,TGATAAACGCTCATTGCACC,9,4703938
ybiY_ybiW_predicted,10.0,9,0,TCGCGTTCGTCCGATAGTGC,9,4725991
ybiY_ybiW_predicted,10.0,9,0,TCCATCGTTATGCAGACATT,9,4697889
ybiY_ybiW_predicted,10.0,9,0,GTCGTAACGTATATCGCTGG,9,4698706
ybiY_ybiW_predicted,10.0,9,0,GGCACCAACCACTGGATTTA,9,4691292
ybiY_ybiW_predicted,10.0,9,0,GGAGAAAGGCAGCTTTATCT,9,4700377
ybiY_ybiW_predicted,10.0,9,0,GCAAACGTGTGCGGACTGGT,9,4713657
ybiY_ybiW_predicted,10.0,9,0,GAAGAGCAGCAGAATGTCAT,9,4725438
ybiY_ybiW_predicted,10.0,9,0,CTTCATCCCGCCAATCTCAA,9,4724112
ybiY_ybiW_predicted,10.0,9,0,CTGCTGCCTTTAGATGCTGG,9,4689138
ybiY_ybiW_predicted,10.0,9,0,CGCATAGACCTTGGGACTAA,9,4695934
ybiY_ybiW_predicted,10.0,9,0,CCTCGGCAGCCCGCGTGTGA,9,4689108
ybiY_ybiW_predicted,10.0,9,0,CATGTGTATGACTACCAATA,9,4725131
ybiY_ybiW_predicted,10.0,9,0,CAGATGCCGTTTATAAAAAG,9,4713926
ybiY_ybiW_predicted,10.0,9,0,AGCTTCTGATTCGAACTCGT,9,4694171
ybiY_ybiW_predicted,10.0,9,0,AGATCCGGAGTGTGATTCGT,9,4693628
ybiY_ybiW_predicted,10.0,9,0,ACAGAAGATCGTGGATGCTT,9,4709138
ybiY_ybiW_predicted,10.0,9,0,AAGTTAACTGGCACGGTACG,9,4702655
ybiY_ybiW_predicted,10.0,9,0,AAGCACCGCCTGAGCTGGTC,9,4708815
ybiY_ybiW_predicted,10.0,9,0,AAGAGAGGTGTGATTCATCT,9,4690390
ybiY_ybiW_predicted,10.0,9,0,AACGGATAGGCAGGCCTTGC,9,4720387
ybiY_ybiW_predicted,10.0,9,0,AACCAGCCCCCATAGTTTGA,9,4716141
ybiY_ybiW_predicted,9.0,8,0,TTTGACGCAAAAATCTGCAT,8,4729545
ybiY_ybiW_predicted,9.0,8,0,TGCCATGCGGAATATCGGAA,8,4704741
ybiY_ybiW_predicted,9.0,8,0,TAAAAGCCAGGTGGATTAGA,8,4712732
ybiY_ybiW_predicted,9.0,8,0,GTGTGCTGTGCATCGAAGCA,8,4718745
ybiY_ybiW_predicted,9.0,8,0,GGGGGATGTACCCTTAGTAG,8,4692367
ybiY_ybiW_predicted,9.0,8,0,GGGCCGGATGAGGGTTCCGA,8,4727117
ybiY_ybiW_predicted,9.0,8,0,GGCGCAGCTAATAGCTACTA,8,4720597
ybiY_ybiW_predicted,9.0,8,0,GGAGAATGGGGGGGGTTAAA,8,4692225
ybiY_ybiW_predicted,9.0,8,0,GCGTTACCGTCACTAATCGA,8,4719257
ybiY_ybiW_predicted,9.0,8,0,GCGGGCATTAGTACCTCTTC,8,4694162
ybiY_ybiW_predicted,9.0,8,0,GCGCTCAGTAGGACATATCG,8,4692838
ybiY_ybiW_predicted,9.0,8,0,GATTAGAGGGTATGCTGCTA,8,4716985
ybiY_ybiW_predicted,9.0,8,0,GAAAATGTGTTCATATCGCT,8,4714879
ybiY_ybiW_predicted,9.0,8,0,GAAAATATTAAGCGATGGTT,8,4721358
ybiY_ybiW_predicted,9.0,8,0,CTTCCTCGTACTGAATATTA,8,4726449
ybiY_ybiW_predicted,9.0,8,0,CTGGCGTAACGGTTCGCATA,8,4725160
ybiY_ybiW_predicted,9.0,8,0,CTGCTATATCTGGCCCCTGT,8,4693927
ybiY_ybiW_predicted,9.0,8,0,CTGCACTCATTTTGACATCT,8,4691078
ybiY_ybiW_predicted,9.0,8,0,CTCTGTTTCCGGTCAAACTT,8,4713620
ybiY_ybiW_predicted,9.0,8,0,CGTTAACAGTGATGAGATTA,8,4719493
ybiY_ybiW_predicted,9.0,8,0,CGTCCTTTGCCGTCTCCTCG,8,4708366
ybiY_ybiW_predicted,9.0,8,0,CGTAGTTCGCCGAGTTTTGT,8,4716611
ybiY_ybiW_predicted,9.0,8,0,CGGCCACGTGATCCGTTGGC,8,4720832
ybiY_ybiW_predicted,9.0,8,0,CGGAAGGGTATTTATCTACT,8,4731437
ybiY_ybiW_predicted,9.0,8,0,CGAGCCCGCATAATAGAATT,8,4715143
ybiY_ybiW_predicted,9.0,8,0,CCGGACACTCCGCCGTCTTC,8,4719361
ybiY_ybiW_predicted,9.0,8,0,CCCTTGTTTGTCGTGCTCGA,8,4710738
ybiY_ybiW_predicted,9.0,8,0,CATCTCGTCAATCACAAAGC,8,4713276
ybiY_ybiW_predicted,9.0,8,0,CAATAAGTATCCGTAAGTGG,8,4718595
ybiY_ybiW_predicted,9.0,8,0,CAAGGTTATATGGGTGGCCC,8,4696000
ybiY_ybiW_predicted,9.0,8,0,ATTGGGGGCGTTGACTATAG,8,4693724
ybiY_ybiW_predicted,9.0,8,0,ATGCTCGCACATTACTTCTA,8,4713924
ybiY_ybiW_predicted,9.0,8,0,ATACGGCGGCAGCGTCCCGG,8,4730778
ybiY_ybiW_predicted,9.0,8,0,AGTGTGGTAATTTATTTCCT,8,4720797
ybiY_ybiW_predicted,9.0,8,0,AGAGACGACGATTGTTTGGT,8,4699363
ybiY_ybiW_predicted,9.0,8,0,ACTACCAACTCTGTGATGAC,8,4701759
ybiY_ybiW_predicted,9.0,8,0,ACATGTAGAATTTCGCAGTG,8,4727128
ybiY_ybiW_predicted,9.0,8,0,ACAAATTCCTGTTAGGCAAC,8,4730036
ybiY_ybiW_predicted,9.0,8,0,AAACCCTTCCTACGTGATTA,8,4706869
ybiY_ybiW_predicted,9.0,8,0,AAAATTTGGGACGAAAGGAT,8,4697711
ybiY_ybiW_predicted,8.0,7,0,TTTTGAGCACGATCGTTACC,7,4689345
ybiY_ybiW_predicted,8.0,7,0,TTCATCATTCCGGTTATTCA,7,4725410
ybiY_ybiW_predicted,8.0,7,0,TTAGGTGTCAAATAGCCACA,7,4701554
ybiY_ybiW_predicted,8.0,7,0,TGTGGAAAAGTAGCCGCATT,7,4705173
ybiY_ybiW_predicted,8.0,7,0,TGTAGTCCCCACGATGGGGG,7,4711465
ybiY_ybiW_predicted,8.0,7,0,TCTTCGCCTACGAGCCAGAA,7,4699433
ybiY_ybiW_predicted,8.0,7,0,TCCCTTCCTAGCGAGCATGA,7,4703585
ybiY_ybiW_predicted,8.0,7,0,TCATCCCCATGGTCTGTCAC,7,4706788
ybiY_ybiW_predicted,8.0,7,0,TATTTGAGTGTCACTTCCAA,7,4691782
ybiY_ybiW_predicted,8.0,7,0,TATTCCATTTTCTGCCGATA,7,4720093
ybiY_ybiW_predicted,8.0,7,0,TACTAGGGCAGGCTTGCATG,7,4727713
ybiY_ybiW_predicted,8.0,7,0,TACGGTACCGTCACTAGAAA,7,4711298
ybiY_ybiW_predicted,8.0,7,0,TACGATGCGTATCGATAGCT,7,4709920
ybiY_ybiW_predicted,8.0,7,0,TAATGAGTCTTCAGAAGCCG,7,4721497
ybiY_ybiW_predicted,8.0,7,0,TAATAATATTGGACCTGACC,7,4696656
ybiY_ybiW_predicted,8.0,7,0,GTTTTGTGAGCTACTATGGA,7,4725430
ybiY_ybiW_predicted,8.0,7,0,GTTGATTTGCACGAGCCACA,7,4710511
ybiY_ybiW_predicted,8.0,7,0,GTGTATTACAGCCGACATGA,7,4725067
ybiY_ybiW_predicted,8.0,7,0,GGTTTTATACCCGCCGGGAA,7,4702044
ybiY_ybiW_predicted,8.0,7,0,GGCTTGGTTAGATAGTGCAA,7,4693322
ybiY_ybiW_predicted,8.0,7,0,GCTCCGCCATGCGCCAATAA,7,4725851
ybiY_ybiW_predicted,8.0,7,0,GCGGTTTGAAAATGCCCGGA,7,4725190
ybiY_ybiW_predicted,8.0,7,0,GCGATTCGCACAGGGGAAAT,7,4728179
ybiY_ybiW_predicted,8.0,7,0,GCCTAGGGGGTTTGTAATAC,7,4718258
ybiY_ybiW_predicted,8.0,7,0,GCCGAGCCAAAGGGACCGAC,7,4725609
ybiY_ybiW_predicted,8.0,7,0,GCACCATTAGCGGCCCGGTA,7,4690982
ybiY_ybiW_predicted,8.0,7,0,GATTCGCGCGTCAAATGGGT,7,4704644
ybiY_ybiW_predicted,8.0,7,0,GATGCTCTCATTGAGCATTT,7,4718703
ybiY_ybiW_predicted,8.0,7,0,GAATGGCTCCCCAGACTGAT,7,4697960
ybiY_ybiW_predicted,8.0,7,0,CTTAAGCACTACCGAGCTTA,7,4691235
ybiY_ybiW_predicted,8.0,7,0,CTCCGGGGGACTTTGCTTAT,7,4691113
ybiY_ybiW_predicted,8.0,7,0,CTATGGTTTCCAGCTAAGTA,7,4729884
ybiY_ybiW_predicted,8.0,7,0,CTACCACTCTCACTAGATAC,7,4715793
ybiY_ybiW_predicted,8.0,7,0,CCTGGCAGGCTGGAGGTTTC,7,4694466
ybiY_ybiW_predicted,8.0,7,0,CCCAGGAAGACACGGCGTAT,7,4715808
ybiY_ybiW_predicted,8.0,7,0,CATCATCGCTACACTATTAC,7,4717653
ybiY_ybiW_predicted,8.0,7,0,CACGCGGGTCACTTGGACAC,7,4694249
ybiY_ybiW_predicted,8.0,7,0,CACGATTCTGAAATCACTGG,7,4725777
ybiY_ybiW_predicted,8.0,7,0,CAATGCTGTATGCTCGTAAA,7,4692156
ybiY_ybiW_predicted,8.0,7,0,ATGATCTCCAGAGCAGATTA,7,4716644
ybiY_ybiW_predicted,8.0,7,0,ATCGTTTAATTCGCTTAGCC,7,4700828
ybiY_ybiW_predicted,8.0,7,0,ATAGCTGCTTCGTGGGTGGT,7,4715924
ybiY_ybiW_predicted,8.0,7,0,AGATATGAACCTAAACCAAT,7,4726446
ybiY_ybiW_predicted,8.0,7,0,ACGGGCGAAGAGAGAGAACT,7,4715962
ybiY_ybiW_predicted,8.0,7,0,AATTGTTGTCGTACAAATGA,7,4704432
ybiY_ybiW_predicted,8.0,7,0,AATCCGGGTTGACAGACCTC,7,4707365
ybiY_ybiW_predicted,8.0,7,0,AATCCGCCAAGCGAATTTGG,7,4711388
ybiY_ybiW_predicted,8.0,7,0,AAATTGGCGGAAATCCGGCG,7,4706443
ybiY_ybiW_predicted,7.0,6,0,TTCGTCCACCCCAGGCGAGT,6,4719167
ybiY_ybiW_predicted,7.0,6,0,TTCATGCGCGAGCATACACC,6,4703231
ybiY_ybiW_predicted,7.0,6,0,TGTATTACAATAATGCCGTA,6,4689147
ybiY_ybiW_predicted,7.0,6,0,TGGCGCCCGCGGTGTGATTT,6,4713102
ybiY_ybiW_predicted,7.0,6,0,TCGATTTAATCACCCATATA,6,4690363
ybiY_ybiW_predicted,7.0,6,0,TCCTTACTTGAAGCGGAGCA,6,4729320
ybiY_ybiW_predicted,7.0,6,0,TCCGAGATTAATACTCAAAC,6,4719573
ybiY_ybiW_predicted,7.0,6,0,TCCCCTCGTTAATTCAGATG,6,4724419
ybiY_ybiW_predicted,7.0,6,0,TCAGAATCAGCAATTAATTT,6,4695590
ybiY_ybiW_predicted,7.0,6,0,TAGCTCATGCTTAGAGTGTT,6,4710428
ybiY_ybiW_predicted,7.0,6,0,GTCGGGTCATATTCCGGAGT,6,4719326
ybiY_ybiW_predicted,7.0,6,0,GTCAAAAACGCCTACAACTA,6,4732473
ybiY_ybiW_predicted,7.0,6,0,GTACTGAGATGCTACCAGAT,6,4700487
ybiY_ybiW_predicted,7.0,6,0,GGTTAAGACGCTCTTGGTGA,6,4712245
ybiY_ybiW_predicted,7.0,6,0,GGGCGGCGAGGTGCGCATGG,6,4719906
ybiY_ybiW_predicted,7.0,6,0,GGCTATAAGATTGGGCCACT,6,4702191
ybiY_ybiW_predicted,7.0,6,0,GGAAACGATAAAGCGCGGGT,6,4722927
ybiY_ybiW_predicted,7.0,6,0,GCGTTCTGACGAAGCTAACC,6,4732742
ybiY_ybiW_predicted,7.0,6,0,GCCTCCACGTCATACCACTC,6,4708154
ybiY_ybiW_predicted,7.0,6,0,GACCAGGGGTGGTTAAAATT,6,4690225
ybiY_ybiW_predicted,7.0,6,0,GAAAGTGAGTAGCACTGTAA,6,4696335
ybiY_ybiW_predicted,7.0,6,0,CTTTCAGGCCCAAGTGGCGT,6,4694652
ybiY_ybiW_predicted,7.0,6,0,CTAGTAGTCCTCTTGTCATT,6,4704728
ybiY_ybiW_predicted,7.0,6,0,CTAGGTTCGGCGGAAGAGCT,6,4704546
ybiY_ybiW_predicted,7.0,6,0,CTACAGAGGCGGCTTATATA,6,4706082
ybiY_ybiW_predicted,7.0,6,0,CGTCCTCCCTAAGCTGATTC,6,4727522
ybiY_ybiW_predicted,7.0,6,0,CGTATCGGAAACCCCATTGG,6,4722267
ybiY_ybiW_predicted,7.0,6,0,CGGGTATATGTTTCGGGCCA,6,4722367
ybiY_ybiW_predicted,7.0,6,0,CGAGAGCCTTAATCTCCTTG,6,4701933
ybiY_ybiW_predicted,7.0,6,0,CCTCCTGCTTTGCCTACTCG,6,4698345
ybiY_ybiW_predicted,7.0,6,0,CCGGAACGTGGTTACACGCG,6,4730006
ybiY_ybiW_predicted,7.0,6,0,CCAAGTGTCTGAACCGGGCT,6,4699366
ybiY_ybiW_predicted,7.0,6,0,CCAACCAAATTGACTCCGCG,6,4699982
ybiY_ybiW_predicted,7.0,6,0,CATTCCTATGGTGGTTCCTG,6,4698772
ybiY_ybiW_predicted,7.0,6,0,CATAGGCTCGTCCTGCTCAG,6,4711591
ybiY_ybiW_predicted,7.0,6,0,CAGGGATCCTTGGATGATTG,6,4689092
ybiY_ybiW_predicted,7.0,6,0,ATGACTCGATAAAGTCTGCC,6,4689026
ybiY_ybiW_predicted,7.0,6,0,ATCTACTCATTCTAATTTAA,6,4719029
ybiY_ybiW_predicted,7.0,6,0,ATACCCAGGTACAAGTGGCA,6,4692850
ybiY_ybiW_predicted,7.0,6,0,AGTGCAGCAGACTGTAGAAC,6,4718557
ybiY_ybiW_predicted,7.0,6,0,AGCACATGGGGTATGTGAGG,6,4731555
ybiY_ybiW_predicted,7.0,6,0,AGAATATATAGCGCCGTAAC,6,4696047
ybiY_ybiW_predicted,7.0,6,0,AGAACGAGGGTATGTTTTTA,6,4700364
ybiY_ybiW_predicted,7.0,6,0,ACCCAACCAGTTGGCCTCAT,6,4731374
ybiY_ybiW_predicted,7.0,6,0,AAGGGTGTCACATGGAGCAG,6,4708856
ybiY_ybiW_predicted,7.0,6,0,AACGTGTACTGGATTCTGGT,6,4706546
ybiY_ybiW_predicted,7.0,6,0,AACATCATATCGATGGTGCT,6,4718797
ybiY_ybiW_predicted,6.0,5,0,TTCTACACACTTCGTGAGTT,5,4702643
ybiY_ybiW_predicted,6.0,5,0,TTCGTTTTTTCTGCCAGTGG,5,4693764
ybiY_ybiW_predicted,6.0,5,0,TTCAGAGCTATGTAACCCCC,5,4689238
ybiY_ybiW_predicted,6.0,5,0,TGTTACGGTGGATGAGTATG,5,4719327
ybiY_ybiW_predicted,6.0,5,0,TGTATTATCGGCGTAAAGGT,5,4700946
ybiY_ybiW_predicted,6.0,5,0,TCCTCGTCATAGGGACGGAC,5,4716172
ybiY_ybiW_predicted,6.0,5,0,TATTACTACGGCATACGAGC,5,4731418
ybiY_ybiW_predicted,6.0,5,0,TATCGTCATCGATGGCAACA,5,4723762
ybiY_ybiW_predicted,6.0,5,0,TACTCTGCCAGGAGGATCGT,5,4727298
ybiY_ybiW_predicted,6.0,5,0,TACCGCATGTACGACCGGAA,5,4707112
ybiY_ybiW_predicted,6.0,5,0,GTGGTTAAGTAACTTCGCGA,5,4732629
ybiY_ybiW_predicted,6.0,5,0,GTCGCTGCAGACCGCAGTAC,5,4697124
ybiY_ybiW_predicted,6.0,5,0,GGTATCTCCTCCGGGTGGAG,5,4726119
ybiY_ybiW_predicted,6.0,5,0,GCCGTCAGCGATGCTAATGT,5,4696212
ybiY_ybiW_predicted,6.0,5,0,GCCACTTCTGGTATTGAAAT,5,4724839
ybiY_ybiW_predicted,6.0,5,0,GCATTTGGATTCGTAGCAAA,5,4713614
ybiY_ybiW_predicted,6.0,5,0,GATGTAGTACGCTCAGGGTT,5,4717794
ybiY_ybiW_predicted,6.0,5,0,GATCTGATAAGTTATATCTT,5,4729689
ybiY_ybiW_predicted,6.0,5,0,GATCAGTTCTTTTGACGACG,5,4690277
ybiY_ybiW_predicted,6.0,5,0,CTGTCTGTGACACACATCAG,5,4690540
ybiY_ybiW_predicted,6.0,5,0,CGGTTGTTCTCTCCCTAACG,5,4728113
ybiY_ybiW_predicted,6.0,5,0,CGCATGTTTGTACAAAATGA,5,4690585
ybiY_ybiW_predicted,6.0,5,0,CCTCGTAGCCTTTCCGATGT,5,4714499
ybiY_ybiW_predicted,6.0,5,0,CCCCCATACACTTCAGATTA,5,4705124
ybiY_ybiW_predicted,6.0,5,0,CCAAAGGCCTGGAAAGAGTA,5,4710802
ybiY_ybiW_predicted,6.0,5,0,CATGCACACCGCCGCTCGCA,5,4720885
ybiY_ybiW_predicted,6.0,5,0,CAGTGGGCAAAACCCTCGAA,5,4705070
ybiY_ybiW_predicted,6.0,5,0,CACGGCTTTAAATCAACCAG,5,4721013
ybiY_ybiW_predicted,6.0,5,0,ATCCGTGATGACGGGTTTTA,5,4700991
ybiY_ybiW_predicted,6.0,5,0,ATATTCACGTCTGGCTTGAC,5,4726577
ybiY_ybiW_predicted,6.0,5,0,ATAGGGCCTTACGGCAAACT,5,4727027
ybiY_ybiW_predicted,6.0,5,0,AGGTTTCGTCCAAGAGTCGG,5,4710495
ybiY_ybiW_predicted,6.0,5,0,AGAACTCACGCCCGCATCTG,5,4693681
ybiY_ybiW_predicted,6.0,5,0,ACGGGACATTGAGCTGTTGC,5,4713900
ybiY_ybiW_predicted,6.0,5,0,ACGGAGGTCAAGGTGATCGT,5,4696823
ybiY_ybiW_predicted,6.0,5,0,ACATGGGCGCGAGCATTCTT,5,4729458
ybiY_ybiW_predicted,6.0,5,0,ACAAATGGATTTAGTGGTTG,5,4711390
ybiY_ybiW_predicted,6.0,5,0,AATTTACGCTTCTCAGAACA,5,4689956
ybiY_ybiW_predicted,6.0,5,0,AATACGAGACTCTCCCCTAG,5,4689430
ybiY_ybiW_predicted,6.0,5,0,AACGGGCTAAGACTTGTGTA,5,4722037
ybiY_ybiW_predicted,6.0,5,0,AAAATTCTGAAAAAAATCCG,5,4689271
ybiY_ybiW_predicted,5.0,4,0,TTTCTCTAAGTATATGGCCC,4,4708307
ybiY_ybiW_predicted,5.0,4,0,TTTCGGATATCTCGCTAGTT,4,4702490
ybiY_ybiW_predicted,5.0,4,0,TTAACATGTTGTAACTCCTC,4,4714975
ybiY_ybiW_predicted,5.0,4,0,TGTGAGGGCACTGGTGTCTA,4,4701982
ybiY_ybiW_predicted,5.0,4,0,TGGTCCTCCGACGAATATAG,4,4693695
ybiY_ybiW_predicted,5.0,4,0,TGCTTCATATGGTAACGCTC,4,4694308
ybiY_ybiW_predicted,5.0,4,0,TGCATCCCTGAGAACGGGCG,4,4710770
ybiY_ybiW_predicted,5.0,4,0,TGATTGAATAGGCGTTGAGC,4,4720362
ybiY_ybiW_predicted,5.0,4,0,TGAACCCTTCTGGTAGCCGG,4,4730564
ybiY_ybiW_predicted,5.0,4,0,TCAAAGCTCACCCGTGTCGC,4,4717377
ybiY_ybiW_predicted,5.0,4,0,TCAAACGCTTCCCGAATAAT,4,4723967
ybiY_ybiW_predicted,5.0,4,0,TATTAGGCTTATGCAACCCT,4,4728155
ybiY_ybiW_predicted,5.0,4,0,TATCTACACAAGGCTTGTCA,4,4723508
ybiY_ybiW_predicted,5.0,4,0,TACTGCACCAAGATGGATTC,4,4704516
ybiY_ybiW_predicted,5.0,4,0,TACGAGACAGTCCCTAGTTC,4,4730855
ybiY_ybiW_predicted,5.0,4,0,TAACGTCGGCCAGGACACCT,4,4714852
ybiY_ybiW_predicted,5.0,4,0,GTTCAAGCCCTCGGGATTTA,4,4706865
ybiY_ybiW_predicted,5.0,4,0,GTTAACATGGCAATACTGAG,4,4714976
ybiY_ybiW_predicted,5.0,4,0,GGTAAATCTGGGTCGTACGT,4,4714680
ybiY_ybiW_predicted,5.0,4,0,GGCAGGCAATATCTCCAAAG,4,4725182
ybiY_ybiW_predicted,5.0,4,0,GGATCGGTAATCACTTATAC,4,4732226
ybiY_ybiW_predicted,5.0,4,0,GGAGCGGAGACGAAGTTTCC,4,4707283
ybiY_ybiW_predicted,5.0,4,0,GGACGCGCCCATGTTGCGGA,4,4722243
ybiY_ybiW_predicted,5.0,4,0,GCTCAGACTCGAATGTACAC,4,4719027
ybiY_ybiW_predicted,5.0,4,0,GCCCGCTCGGTTAACCCAAT,4,4710283
ybiY_ybiW_predicted,5.0,4,0,GCCCATAACTCGCTGGCGAC,4,4728078
ybiY_ybiW_predicted,5.0,4,0,GATACAACGGAATCATGGAC,4,4688863
ybiY_ybiW_predicted,5.0,4,0,CTTTGAAGCCATTCTCGTGC,4,4708421
ybiY_ybiW_predicted,5.0,4,0,CTGGCACCGCAGATCTTCGC,4,4727534
ybiY_ybiW_predicted,5.0,4,0,CGGAGACGTGGCGCCGTCCA,4,4701929
ybiY_ybiW_predicted,5.0,4,0,CGGAGAAGGGTCTTTTCGGT,4,4689354
ybiY_ybiW_predicted,5.0,4,0,CGCGGAACAGAGTCCTTTTC,4,4724678
ybiY_ybiW_predicted,5.0,4,0,CCTATAAATTGTGTCGCTCC,4,4698109
ybiY_ybiW_predicted,5.0,4,0,CCGTAAGGGGGGCGCCGGAC,4,4701175
ybiY_ybiW_predicted,5.0,4,0,CCCCAAGGTCGCGTATTATT,4,4732221
ybiY_ybiW_predicted,5.0,4,0,CCAACCAGATTGCGTTTAGA,4,4700921
ybiY_ybiW_predicted,5.0,4,0,CAGAAACGCGCCAACATGCA,4,4716898
ybiY_ybiW_predicted,5.0,4,0,CACCAGGGGCTAATTCTCGC,4,4730611
ybiY_ybiW_predicted,5.0,4,0,CAAGCCACTTCATGCAACGG,4,4715633
ybiY_ybiW_predicted,5.0,4,0,CAAACGGCTAACAAGCGCTT,4,4692480
ybiY_ybiW_predicted,5.0,4,0,ATTCTTTAAGTCGCTCCGCT,4,4723195
ybiY_ybiW_predicted,5.0,4,0,ATTCAAGCGAGCGTCGGCTA,4,4719644
ybiY_ybiW_predicted,5.0,4,0,ATGGTCACCAGACATCGCCA,4,4718550
ybiY_ybiW_predicted,5.0,4,0,ATGGGTAACCTAGGGATACT,4,4707921
ybiY_ybiW_predicted,5.0,4,0,ATGGCTTATACCCTGCGCGC,4,4698120
ybiY_ybiW_predicted,5.0,4,0,ATGCCCTTAATAGATATCCG,4,4723797
ybiY_ybiW_predicted,5.0,4,0,ATGCACTTGAACGTGTCCCT,4,4726093
ybiY_ybiW_predicted,5.0,4,0,ATGCAACCGTAGGTGTGGAA,4,4730656
ybiY_ybiW_predicted,5.0,4,0,ATCGGAACCTGCACTGCTGC,4,4718055
ybiY_ybiW_predicted,5.0,4,0,ATAGAAGTTGATGGGTGTAA,4,4703116
ybiY_ybiW_predicted,5.0,4,0,AGGTTCTGAACTGTTTTTTA,4,4695685
ybiY_ybiW_predicted,5.0,4,0,AGGGTGCTACATGAGCCAGT,4,4724196
ybiY_ybiW_predicted,5.0,4,0,AGGGGTTAGCTACCACCTCT,4,4714390
ybiY_ybiW_predicted,5.0,4,0,AGGGCATTGTTCTGGGTTGT,4,4725123
ybiY_ybiW_predicted,5.0,4,0,ACTCGCAGGATGACTCGCCC,4,4710936
ybiY_ybiW_predicted,5.0,4,0,ACTACGGCTAGATGTCCATC,4,4709313
ybiY_ybiW_predicted,5.0,4,0,ACCGTTCATGTAGGGGTCTC,4,4725809
ybiY_ybiW_predicted,5.0,4,0,ACCCCCGCACGGTTCTGCGA,4,4712148
ybiY_ybiW_predicted,5.0,4,0,AATTTCCCTAACAACCCTAT,4,4719554
ybiY_ybiW_predicted,5.0,4,0,AATTGTGTTGGGAGCACCTG,4,4701765
ybiY_ybiW_predicted,5.0,4,0,AATGGGCCTGTCAGGCTTAC,4,4704461
ybiY_ybiW_predicted,5.0,4,0,AATGAGTTGCACGGGTAGTT,4,4723600
ybiY_ybiW_predicted,5.0,4,0,AAATTACAGGAACAGGTTCC,4,4709402
ybiY_ybiW_predicted,4.0,3,0,TTTTGATACTCAGATCCTTG,3,4721976
ybiY_ybiW_predicted,4.0,3,0,TTCGCAAAAAAAGATTGCGC,3,4715755
ybiY_ybiW_predicted,4.0,3,0,TTCCCAATATAGTCAGCGCG,3,4727138
ybiY_ybiW_predicted,4.0,3,0,TGTACGGGAGAGGAACTTAG,3,4689343
ybiY_ybiW_predicted,4.0,3,0,TGGGGTTGCCTTTTTATTAC,3,4700527
ybiY_ybiW_predicted,4.0,3,0,TGGGACCTCGCATCCACCAC,3,4705305
ybiY_ybiW_predicted,4.0,3,0,TGGACAACGTGGTTGTTCCC,3,4714681
ybiY_ybiW_predicted,4.0,3,0,TGCGGTTGTAAAAGCGTCCC,3,4727314
ybiY_ybiW_predicted,4.0,3,0,TGCGGCTCCCAAATGCAGCT,3,4714490
ybiY_ybiW_predicted,4.0,3,0,TATGGCGAAAGCCACCGAGT,3,4706588
ybiY_ybiW_predicted,4.0,3,0,TAGGACCTCGCCCCCCCTCT,3,4690713
ybiY_ybiW_predicted,4.0,3,0,TAGACAAGTTAGCTATTACC,3,4690065
ybiY_ybiW_predicted,4.0,3,0,TACAGTTATCCAAGAAATCA,3,4697159
ybiY_ybiW_predicted,4.0,3,0,TAACAAGGCCTCTTCGTCTT,3,4697634
ybiY_ybiW_predicted,4.0,3,0,TAAAAATGTTAGGAAAGGCC,3,4727530
ybiY_ybiW_predicted,4.0,3,0,GTTGTCCGCGCCCGTGACTT,3,4697547
ybiY_ybiW_predicted,4.0,3,0,GGTCTTACGTGCACCTCAGC,3,4697446
ybiY_ybiW_predicted,4.0,3,0,GGCGTGTTAAGACATCCTAC,3,4712903
ybiY_ybiW_predicted,4.0,3,0,GCGGCTAGTGCGAGGTAGCG,3,4722305
ybiY_ybiW_predicted,4.0,3,0,GCGACGTAGTCCCGCATCGT,3,4712792
ybiY_ybiW_predicted,4.0,3,0,GCCATTAGAATGTCGGTGCT,3,4719498
ybiY_ybiW_predicted,4.0,3,0,GCCAGCTGCAGGCACCTCAT,3,4716677
ybiY_ybiW_predicted,4.0,3,0,GATTTGACGACATGTAGCGT,3,4700142
ybiY_ybiW_predicted,4.0,3,0,GAGGGGGTACTTTGTTTTTA,3,4694697
ybiY_ybiW_predicted,4.0,3,0,GACGGCGACGTCCGGGTAAG,3,4702543
ybiY_ybiW_predicted,4.0,3,0,GAACATCTTTCCCAGGCCAT,3,4701460
ybiY_ybiW_predicted,4.0,3,0,GAAACAGCGCATCCCAGAAT,3,4706037
ybiY_ybiW_predicted,4.0,3,0,CTTTCTCTCACCATCTCGCT,3,4716337
ybiY_ybiW_predicted,4.0,3,0,CTTAAACATATGGGTTAGAT,3,4718879
ybiY_ybiW_predicted,4.0,3,0,CTCCTCTTCAATGTTCGGAT,3,4719339
ybiY_ybiW_predicted,4.0,3,0,CTAGTTGTCAGACTCCCGTA,3,4713949
ybiY_ybiW_predicted,4.0,3,0,CTAGCTACGAATAGCTCGTA,3,4715139
ybiY_ybiW_predicted,4.0,3,0,CGTTATCACGACGGAGTCAC,3,4690987
ybiY_ybiW_predicted,4.0,3,0,CGGGCGAGTGTTCGGAGGAA,3,4710102
ybiY_ybiW_predicted,4.0,3,0,CGCTACGTGGAGTGCCGTGA,3,4719295
ybiY_ybiW_predicted,4.0,3,0,CGACGACTTCCAGCCGGTAA,3,4729706
ybiY_ybiW_predicted,4.0,3,0,CCTGGTGAAAAAACTTTGCA,3,4697093
ybiY_ybiW_predicted,4.0,3,0,CCTAAAGGGCCAAGCTAGGA,3,4690388
ybiY_ybiW_predicted,4.0,3,0,CATAAAGGAAGGGAAATAAG,3,4718566
ybiY_ybiW_predicted,4.0,3,0,CAGCCCTTTAGGCTTACCAT,3,4730653
ybiY_ybiW_predicted,4.0,3,0,CAATGACTGACTGTTTGGAT,3,4704491
ybiY_ybiW_predicted,4.0,3,0,CAAACAAAGGTGATATACTT,3,4703117
ybiY_ybiW_predicted,4.0,3,0,ATTTGGCAGCACAAGCCAAC,3,4693568
ybiY_ybiW_predicted,4.0,3,0,ATCTCGGGAGAACATTCACA,3,4696064
ybiY_ybiW_predicted,4.0,3,0,ATATTTGTGTATCGTGAAAA,3,4695807
ybiY_ybiW_predicted,4.0,3,0,ATACAGTGGGGGAGCTTTTT,3,4716234
ybiY_ybiW_predicted,4.0,3,0,AGGCTGGATGAACCGTCCTT,3,4711598
ybiY_ybiW_predicted,4.0,3,0,AGCGTTGGGACATCTGATAG,3,4725165
ybiY_ybiW_predicted,4.0,3,0,AGACAGGGACCTCGCTTTTA,3,4708280
ybiY_ybiW_predicted,4.0,3,0,AGAACCGATGCCGGTTATCA,3,4713922
ybiY_ybiW_predicted,4.0,3,0,ACTCTGTTCACTTACGCTTG,3,4718790
ybiY_ybiW_predicted,4.0,3,0,ACCCCCAGAGAGTTGGAGAT,3,4704070
ybiY_ybiW_predicted,4.0,3,0,ACCAATGTCTCCCGCGAAGG,3,4703436
ybiY_ybiW_predicted,4.0,3,0,ACAGCACAAGTGTATGTCGG,3,4715895
ybiY_ybiW_predicted,4.0,3,0,AAGAATTACCTTTCGTACTC,3,4724876
ybiY_ybiW_predicted,4.0,3,0,AAAGGATACCGTCGGACCGT,3,4725255
ybiY_ybiW_predicted,3.0,2,0,TTTTGCCTGTATATAATGGC,2,4723461
ybiY_ybiW_predicted,3.0,2,0,TTTCAACTGTTGGTTTTCCA,2,4720108
ybiY_ybiW_predicted,3.0,2,0,TTCTCCTTACTTCGTGAGCA,2,4705835
ybiY_ybiW_predicted,3.0,2,0,TTCCTGACTACATCGTACTG,2,4723507
ybiY_ybiW_predicted,3.0,2,0,TTCCAGGCCGGAAACGTTCG,2,4722203
ybiY_ybiW_predicted,3.0,2,0,TGTCGTGTTGAGCCAATTCG,2,4719450
ybiY_ybiW_predicted,3.0,2,0,TGCCGCACCAGTGACTAGAC,2,4706355
ybiY_ybiW_predicted,3.0,2,0,TCTTGCCAGGCAAGACATTG,2,4695678
ybiY_ybiW_predicted,3.0,2,0,TCTGTGCAGTGCTATGGGCT,2,4721044
ybiY_ybiW_predicted,3.0,2,0,TCCGCTCAATTGGCCGGAAA,2,4730557
ybiY_ybiW_predicted,3.0,2,0,GTAGATTAGTCTAAATGATA,2,4721883
ybiY_ybiW_predicted,3.0,2,0,GGGTAACTCCTGTTCGCATT,2,4688620
ybiY_ybiW_predicted,3.0,2,0,GGACGCATACGGCGGGCTCC,2,4709261
ybiY_ybiW_predicted,3.0,2,0,GGACCGTCCTCATTGGTTCT,2,4723137
ybiY_ybiW_predicted,3.0,2,0,GATGCCCGTATCGAACCTGT,2,4692338
ybiY_ybiW_predicted,3.0,2,0,GATCTACCAGCACAACTCGA,2,4724512
ybiY_ybiW_predicted,3.0,2,0,GAGCTGTGCGGAATGCAGGG,2,4716574
ybiY_ybiW_predicted,3.0,2,0,GACACTACCAGGTTCCATCC,2,4706495
ybiY_ybiW_predicted,3.0,2,0,CTTTGTTGCTCTGACGCTCA,2,4709700
ybiY_ybiW_predicted,3.0,2,0,CTGTTTCTAGTGTGTAACCA,2,4730680
ybiY_ybiW_predicted,3.0,2,0,CTCAGCGCTACGGGCCAGCA,2,4731494
ybiY_ybiW_predicted,3.0,2,0,CGGCTGTTATATTACAAGTT,2,4698659
ybiY_ybiW_predicted,3.0,2,0,CGGATACACGGACACGAGCC,2,4718956
ybiY_ybiW_predicted,3.0,2,0,CGCTCCCGCCCCTATCAGGA,2,4704813
ybiY_ybiW_predicted,3.0,2,0,CCTCGGTAAATTACAAAAAG,2,4731433
ybiY_ybiW_predicted,3.0,2,0,CCCGGGGTGTGGCATGTGCG,2,4712867
ybiY_ybiW_predicted,3.0,2,0,CCATTGGCGTTATTGTAAGA,2,4713170
ybiY_ybiW_predicted,3.0,2,0,CCACAGTAACATGCAAGTTT,2,4720642
ybiY_ybiW_predicted,3.0,2,0,CCAAGGCGTGTGGTGTTGAC,2,4688915
ybiY_ybiW_predicted,3.0,2,0,CACAATCTCGTACAGGTTCT,2,4700251
ybiY_ybiW_predicted,3.0,2,0,ATTGGCTGCTTATGCTATAT,2,4697478
ybiY_ybiW_predicted,3.0,2,0,ATGTGCCAGTCCTTTCTATT,2,4692723
ybiY_ybiW_predicted,3.0,2,0,ATGAACATGATTTTTTGCTT,2,4704448
ybiY_ybiW_predicted,3.0,2,0,ATCCTCCGTAAACTCTTTTG,2,4717695
ybiY_ybiW_predicted,3.0,2,0,ATAGTTACCGCCGCGCTCGC,2,4717491
ybiY_ybiW_predicted,3.0,2,0,ATAAGGTGTCCATCCTCTCT,2,4721683
ybiY_ybiW_predicted,3.0,2,0,AGTTTCCCCATGGTCGGGTT,2,4708322
ybiY_ybiW_predicted,3.0,2,0,AGCTCCGTTAACCGTGCCCT,2,4710017
ybiY_ybiW_predicted,3.0,2,0,AGAGCACACTCTCAAGTCTT,2,4705178
ybiY_ybiW_predicted,3.0,2,0,ACTGGCAGATCCTGCGGATG,2,4708495
ybiY_ybiW_predicted,3.0,2,0,ACTACCTGGAGATATCCCCT,2,4699199
ybiY_ybiW_predicted,3.0,2,0,ACGTTATATTCTTAAAGCGC,2,4698790
ybiY_ybiW_predicted,3.0,2,0,ACCAGGGTCTGTACGTCCAT,2,4697022
ybiY_ybiW_predicted,3.0,2,0,AATGGCATAGGCCCTACAGC,2,4728128
ybiY_ybiW_predicted,3.0,2,0,AAATAATAAAGGAGCCTCCT,2,4689146
ybiY_ybiW_predicted,2.0,1,0,TTTAAGCGGATCTCCTCGTC,1,4700401
ybiY_ybiW_predicted,2.0,1,0,TTCGTTCCAGAGGTACCCTG,1,4727316
ybiY_ybiW_predicted,2.0,1,0,TTATGTAAGTGGCACATGTA,1,4691440
ybiY_ybiW_predicted,2.0,1,0,TGTCTCCATCCGCTACGGTA,1,4730647
ybiY_ybiW_predicted,2.0,1,0,TGGCGGCCGGTAAACTGGTT,1,4719340
ybiY_ybiW_predicted,2.0,1,0,TCGCGCATCTACATCTCCAT,1,4730046
ybiY_ybiW_predicted,2.0,1,0,TCCTACGCCCATCTCATTCC,1,4704581
ybiY_ybiW_predicted,2.0,1,0,TCCCGAAGATTAACGTGTAT,1,4715804
ybiY_ybiW_predicted,2.0,1,0,TCCCATGACGTGTCAATTTA,1,4716888
ybiY_ybiW_predicted,2.0,1,0,TCACGATGTTGAAGCTTGTA,1,4730467
ybiY_ybiW_predicted,2.0,1,0,TATAGCTCCTCTGCGATGGG,1,4690818
ybiY_ybiW_predicted,2.0,1,0,TACGCATTCGGCACGTTGAA,1,4690735
ybiY_ybiW_predicted,2.0,1,0,GTTTATATTGTGTGCCACGC,1,4721052
ybiY_ybiW_predicted,2.0,1,0,GTTGAGGACTATCTGAGAGA,1,4701829
ybiY_ybiW_predicted,2.0,1,0,GTAAGTGGGTAAGGGGCGGT,1,4722602
ybiY_ybiW_predicted,2.0,1,0,GGTACACTGAACTTTAGTGA,1,4711189
ybiY_ybiW_predicted,2.0,1,0,GGCCCCCAAGAAATACTCCG,1,4725274
ybiY_ybiW_predicted,2.0,1,0,GGAATAACACCTCGCTGGGG,1,4724479
ybiY_ybiW_predicted,2.0,1,0,GCCTAACCGAATAGACGATT,1,4707043
ybiY_ybiW_predicted,2.0,1,0,GCCGAGTCGTGTTATTCAGC,1,4704746
ybiY_ybiW_predicted,2.0,1,0,GCCACTTAAACCTGTCGGCC,1,4716919
ybiY_ybiW_predicted,2.0,1,0,GCAAGGTCCGAAAGTGGCTC,1,4696015
ybiY_ybiW_predicted,2.0,1,0,GCAACTATCATTTTTGGAAA,1,4731651
ybiY_ybiW_predicted,2.0,1,0,GAGCCTCGGATGTACGAATA,1,4725994
ybiY_ybiW_predicted,2.0,1,0,GAGCCGTTGGCCAAGCCATC,1,4707430
ybiY_ybiW_predicted,2.0,1,0,CTCCGACGGAGCAACGAGGT,1,4706093
ybiY_ybiW_predicted,2.0,1,0,CTCCATTCGGGTGCATCTGA,1,4730556
ybiY_ybiW_predicted,2.0,1,0,CGTGGCAGCGTCAAACTGGG,1,4730672
ybiY_ybiW_predicted,2.0,1,0,CGGTGATCCCTCACCAGCTG,1,4702366
ybiY_ybiW_predicted,2.0,1,0,CGGGGACCAGTGGGTAACTT,1,4689546
ybiY_ybiW_predicted,2.0,1,0,CGGACTTTAACCCCGGATAG,1,4699264
ybiY_ybiW_predicted,2.0,1,0,CGCTAGCTAGCTATGGAGTC,1,4693045
ybiY_ybiW_predicted,2.0,1,0,CCGGTTCCCTCACTTCTTCC,1,4706147
ybiY_ybiW_predicted,2.0,1,0,CCCCTGGTGTTTGCCCTCAC,1,4708420
ybiY_ybiW_predicted,2.0,1,0,CCCCTGCATTTATATCAGTA,1,4698796
ybiY_ybiW_predicted,2.0,1,0,CAGGGTCGATGCGTGGTAAT,1,4713409
ybiY_ybiW_predicted,2.0,1,0,CACTTCTGTAAGACCGATAT,1,4701520
ybiY_ybiW_predicted,2.0,1,0,ATCTGTGGTTCACATCTTGG,1,4710176
ybiY_ybiW_predicted,2.0,1,0,AGTTCCGGGTGTGGACAACG,1,4722561
ybiY_ybiW_predicted,2.0,1,0,AGTGCTCGCGGTTATTTGGG,1,4712972
ybiY_ybiW_predicted,2.0,1,0,AGTGCGCTCGGGTGAACTGG,1,4712345
ybiY_ybiW_predicted,2.0,1,0,AGTGCGCGAACCTCCTCAAA,1,4712138
ybiY_ybiW_predicted,2.0,1,0,ACTGCGTAGGCGGGGAGAGA,1,4731301
ybiY_ybiW_predicted,2.0,1,0,ACGGAGCTAATCAATGCGCT,1,4712238
ybiY_ybiW_predicted,2.0,1,0,ACATAAGTGTCCGCACCGTT,1,4704038
ybiY_ybiW_predicted,2.0,1,0,AATAATTCCATTTAGCATTC,1,4695398
ybiY_ybiW_predicted,2.0,1,0,AAGAGCCCATCGTTATAACT,1,4729645
ybiY_ybiW_predicted,2.0,1,0,AACTGGTACGCATTATGGCG,1,4706914
ybiY_ybiW_predicted,2.0,1,0,AACTCCCTCTACGGCATATG,1,4727708
ybiY_ybiW_predicted,2.0,1,0,AAATTATAATATCTCTTACT,1,4714524
